<?xml version="1.0"?>
<!DOCTYPE Section SYSTEM "section.dtd">

<Section index="163" thickness="0.056" alignLocked="true">
<Transform dim="3"
 xcoef=" 3.8437482252837 1.0087321555555 -0.283173160031591 0 0 0"
 ycoef=" -14.1361845823554 0.256781823945181 0.921714045780339 0 0 0">
<Contour name="d012" hidden="false" closed="true" simplified="true" border="1 0.501961 0" fill="1 1 0" mode="13"
 points="9.63906 32.6747,
	9.64168 32.6643,
	9.64955 32.6538,
	9.64955 32.6485,
	9.67839 32.6066,
	9.68626 32.5961,
	9.69413 32.5751,
	9.69413 32.5699,
	9.71248 32.5489,
	9.72297 32.541,
	9.72822 32.541,
	9.7387 32.5305,
	9.7623 32.4886,
	9.77279 32.4781,
	9.79639 32.4361,
	9.80426 32.4256,
	9.82524 32.4151,
	9.86719 32.4073,
	9.90914 32.4178,
	9.9511 32.423,
	9.96159 32.4256,
	9.98257 32.4204,
	10.0245 32.4178,
	10.0455 32.4125,
	10.0665 32.4151,
	10.077 32.4204,
	10.0901 32.4414,
	10.0927 32.4623,
	10.1006 32.4833,
	10.1084 32.5253,
	10.1163 32.5358,
	10.1163 32.541,
	10.1242 32.5489,
	10.1242 32.5541,
	10.1347 32.562,
	10.1294 32.583,
	10.1399 32.6249,
	10.1347 32.6459,
	10.1215 32.6669,
	10.1163 32.6721,
	10.1137 32.6826,
	10.1006 32.7036,
	10.0927 32.7141,
	10.0927 32.7193,
	10.0875 32.7246,
	10.0822 32.7455,
	10.0691 32.7665,
	10.0507 32.7849,
	10.0429 32.8059,
	10.0167 32.8452,
	10.0035 32.8635,
	9.96421 32.8976,
	9.94323 32.9134,
	9.92226 32.9238,
	9.91177 32.9317,
	9.89079 32.9343,
	9.86981 32.9317,
	9.84883 32.937,
	9.80688 32.9343,
	9.76493 32.9238,
	9.74395 32.9107,
	9.72297 32.8924,
	9.70199 32.8793,
	9.68888 32.8583,
	9.68102 32.8373,
	9.66528 32.8163,
	9.6548 32.7954,
	9.64431 32.7534,
	9.63906 32.7324,
	9.63906 32.6905,
	9.63906 32.68,
	9.63906 32.6774,
	"/>
</Transform>

<Transform dim="3"
 xcoef=" 3.8437482252837 1.0087321555555 -0.283173160031591 0 0 0"
 ycoef=" -14.1361845823554 0.256781823945181 0.921714045780339 0 0 0">
<Contour name="d008" hidden="false" closed="true" simplified="true" border="1 0.502 0" fill="1 1 0" mode="13"
 points="19.4105 19.1837,
	19.4237 19.1485,
	19.4281 19.1397,
	19.4369 19.1309,
	19.4545 19.1221,
	19.4633 19.1177,
	19.4765 19.0825,
	19.4919 19.0649,
	19.5029 19.0472,
	19.5205 19.034,
	19.5381 19.0274,
	19.5733 19.0208,
	19.591 19.0164,
	19.6262 19.001,
	19.6438 19.0032,
	19.6526 19.0076,
	19.6702 19.023,
	19.7054 19.0362,
	19.7208 19.0495,
	19.7318 19.0671,
	19.7406 19.0781,
	19.7384 19.1133,
	19.7406 19.1309,
	19.7406 19.1397,
	19.756 19.1507,
	19.7318 19.1859,
	19.7318 19.1903,
	19.7208 19.2079,
	19.7142 19.2233,
	19.712 19.241,
	19.7054 19.2586,
	19.6966 19.2652,
	19.679 19.2696,
	19.6702 19.2718,
	19.6548 19.285,
	19.6438 19.3026,
	19.635 19.3092,
	19.5998 19.3246,
	19.5821 19.3312,
	19.5469 19.329,
	19.4765 19.307,
	19.4413 19.2828,
	19.4237 19.2674,
	19.4171 19.2608,
	19.4127 19.2432,
	19.4105 19.2079,
	19.4105 19.1903,
	19.4105 19.1859,
	"/>
</Transform>

<Transform dim="3"
 xcoef=" 3.8437482252837 1.0087321555555 -0.283173160031591 0 0 0"
 ycoef=" -14.1361845823554 0.256781823945181 0.921714045780339 0 0 0">
<Contour name="d020" hidden="false" closed="true" simplified="true" border="1 0.502 0" fill="1 1 0" mode="13"
 points="41.8225 17.0369,
	41.8338 16.9914,
	41.8424 16.9716,
	41.848 16.9602,
	41.848 16.9488,
	41.8679 16.9034,
	41.8764 16.8807,
	41.9077 16.8409,
	41.9105 16.8295,
	41.9247 16.8097,
	41.9702 16.7727,
	41.9815 16.7614,
	42.027 16.7585,
	42.0383 16.75,
	42.0611 16.7443,
	42.1065 16.7415,
	42.1292 16.7358,
	42.1406 16.7244,
	42.1463 16.7188,
	42.1548 16.696,
	42.1633 16.6847,
	42.169 16.6847,
	42.1917 16.6705,
	42.2144 16.662,
	42.2372 16.6478,
	42.2826 16.6335,
	42.4644 16.6165,
	42.5553 16.6222,
	42.6007 16.625,
	42.6462 16.6335,
	42.6916 16.6506,
	42.7342 16.679,
	42.7797 16.6932,
	42.8024 16.7017,
	42.8138 16.7074,
	42.8337 16.7273,
	42.845 16.7358,
	42.8479 16.7415,
	42.8933 16.7557,
	42.9047 16.7614,
	42.9217 16.7841,
	42.9274 16.7955,
	42.9388 16.8068,
	42.9416 16.8295,
	42.9302 16.8381,
	42.9388 16.8608,
	42.9416 16.8721,
	42.9189 16.8807,
	42.9075 16.8835,
	42.9047 16.8892,
	42.899 16.8892,
	42.8791 16.9119,
	42.8592 16.929,
	42.8365 16.9375,
	42.7939 16.9716,
	42.7712 16.9886,
	42.7627 16.9971,
	42.7513 17,
	42.7286 17.0142,
	42.7115 17.0369,
	42.7002 17.0483,
	42.6547 17.071,
	42.6377 17.0937,
	42.5922 17.1193,
	42.5865 17.1193,
	42.5411 17.1505,
	42.5184 17.1704,
	42.4957 17.1761,
	42.4729 17.1874,
	42.4303 17.2215,
	42.3849 17.2414,
	42.3622 17.2528,
	42.3508 17.2584,
	42.3281 17.2783,
	42.3053 17.2897,
	42.2144 17.3209,
	42.1917 17.3266,
	42.1463 17.3266,
	42.1236 17.3266,
	42.0327 17.3067,
	42.0099 17.2982,
	41.9986 17.2982,
	41.9759 17.2897,
	41.9332 17.2528,
	41.8906 17.2244,
	41.8793 17.2102,
	41.8793 17.2045,
	41.8622 17.1818,
	41.8566 17.1761,
	41.848 17.1533,
	41.848 17.1477,
	41.8424 17.142,
	41.8424 17.1363,
	41.8282 17.1136,
	41.8225 17.1022,
	41.8225 17.0568,
	41.8225 17.0454,
	41.8225 17.0397,
	"/>
</Transform>

<Transform dim="3"
 xcoef=" 3.8437482252837 1.0087321555555 -0.283173160031591 0 0 0"
 ycoef=" -14.1361845823554 0.256781823945181 0.921714045780339 0 0 0">
<Contour name="d011_c11" hidden="false" closed="true" simplified="true" border="1 0 0" fill="1 0 0" mode="11"
 points="9.95747 30.2099,
	10.0442 30.107,
	10.0539 30.0942,
	10.1567 30.0556,
	10.1825 30.046,
	10.2853 30.0428,
	10.311 30.0395,
	10.4139 30.0524,
	10.4396 30.0556,
	10.446 30.0556,
	10.4557 30.0813,
	10.4364 30.1842,
	10.4299 30.2099,
	10.4042 30.2195,
	10.1985 30.2645,
	10.0957 30.287,
	10.0442 30.2967,
	9.99282 30.2452,
	9.96711 30.2195,
	9.96068 30.2131,
	"/>
</Transform>

<Transform dim="3"
 xcoef=" 3.8437482252837 1.0087321555555 -0.283173160031591 0 0 0"
 ycoef=" -14.1361845823554 0.256781823945181 0.921714045780339 0 0 0">
<Contour name="d011_cfa11" hidden="false" closed="false" simplified="false" border="0 0 1" fill="0 0 1" mode="11"
 points="10.4383 30.181,
	10.3809 30.1762,
	10.3067 30.1715,
	10.1704 30.1978,
	10.0341 30.2815,
	"/>
</Transform>

<Transform dim="3"
 xcoef=" 3.8437482252837 1.0087321555555 -0.283173160031591 0 0 0"
 ycoef=" -14.1361845823554 0.256781823945181 0.921714045780339 0 0 0">
<Contour name="d012_c24" hidden="false" closed="true" simplified="true" border="1 0 0" fill="1 0 0" mode="11"
 points="9.54496 32.7839,
	9.57745 32.7697,
	9.64244 32.7473,
	9.65868 32.7412,
	9.66681 32.7372,
	9.67087 32.7351,
	9.68305 32.7494,
	9.72164 32.8143,
	9.73992 32.8468,
	9.77038 32.8712,
	9.78663 32.8834,
	9.79475 32.8895,
	9.85974 32.8976,
	9.8638 32.8976,
	9.86583 32.9057,
	9.84958 33.0357,
	9.7846 33.0479,
	9.7521 33.052,
	9.74398 33.054,
	9.73586 33.052,
	9.60791 32.9565,
	9.5612 32.8265,
	9.54902 32.794,
	9.54496 32.7859,
	"/>
</Transform>

<Transform dim="3"
 xcoef=" 3.8437482252837 1.0087321555555 -0.283173160031591 0 0 0"
 ycoef=" -14.1361845823554 0.256781823945181 0.921714045780339 0 0 0">
<Contour name="d012_cfa24" hidden="false" closed="false" simplified="false" border="0 0 1" fill="0 0 1" mode="11"
 points="9.86371 32.9146,
	9.80513 32.9118,
	9.76607 32.9062,
	9.69633 32.8365,
	9.66286 32.7416,
	"/>
</Transform>

<Transform dim="3"
 xcoef=" 3.8437482252837 1.0087321555555 -0.283173160031591 0 0 0"
 ycoef=" -14.1361845823554 0.256781823945181 0.921714045780339 0 0 0">
<Contour name="d014_c20" hidden="false" closed="true" simplified="true" border="1 0 0" fill="1 0 0" mode="11"
 points="30.6584 25.2626,
	30.745 25.2274,
	30.7667 25.2192,
	30.8506 25.3925,
	30.8533 25.3979,
	30.8506 25.4033,
	30.7639 25.4223,
	30.7423 25.4277,
	30.7315 25.4304,
	30.6936 25.3438,
	30.6746 25.3005,
	30.6665 25.2788,
	30.6611 25.268,
	30.6584 25.2653,
	"/>
</Transform>

<Transform dim="3"
 xcoef=" 3.8437482252837 1.0087321555555 -0.283173160031591 0 0 0"
 ycoef=" -14.1361845823554 0.256781823945181 0.921714045780339 0 0 0">
<Contour name="d014_cfa20" hidden="false" closed="false" simplified="false" border="0 0 1" fill="0 0 1" mode="11"
 points="30.7935 25.4078,
	30.7112 25.2336,
	"/>
</Transform>

<Transform dim="3"
 xcoef=" 3.8437482252837 1.0087321555555 -0.283173160031591 0 0 0"
 ycoef=" -14.1361845823554 0.256781823945181 0.921714045780339 0 0 0">
<Contour name="d002" hidden="false" closed="true" simplified="true" border="1 0.5 0" fill="1 1 0" mode="13"
 points="17.4165 1.77411,
	17.4387 1.73854,
	17.4432 1.72075,
	17.4521 1.71186,
	17.4521 1.70297,
	17.4387 1.68963,
	17.4387 1.54734,
	17.4432 1.51177,
	17.4787 1.44508,
	17.4921 1.42729,
	17.5054 1.39172,
	17.5277 1.36059,
	17.5366 1.34281,
	17.5721 1.32502,
	17.6433 1.31168,
	17.6788 1.31168,
	17.6966 1.31168,
	17.7678 1.26722,
	17.8033 1.2361,
	17.8211 1.22276,
	17.8567 1.21386,
	17.87 1.20497,
	17.8878 1.18719,
	17.91 1.15606,
	17.9767 1.1116,
	17.9945 1.09381,
	18.0034 1.07603,
	18.039 1.0449,
	18.1101 1.00488,
	18.1457 0.982652,
	18.1635 0.964866,
	18.2346 0.96042,
	18.2702 0.969312,
	18.3058 0.991544,
	18.3413 1.00488,
	18.3769 1.00933,
	18.4125 1.02267,
	18.4836 1.03601,
	18.5192 1.04045,
	18.537 1.0449,
	18.5459 1.04935,
	18.5503 1.0449,
	18.6215 1.05824,
	18.7638 1.05379,
	18.8349 1.04935,
	18.9772 1.07158,
	19.0128 1.07603,
	19.0483 1.09381,
	19.1906 1.13828,
	19.2618 1.16495,
	19.2795 1.1694,
	19.2884 1.1694,
	19.2973 1.17829,
	19.3685 1.20052,
	19.404 1.20052,
	19.4752 1.21386,
	19.5107 1.22276,
	19.5285 1.2272,
	19.5374 1.2361,
	19.5552 1.24054,
	19.573 1.25388,
	19.5863 1.28945,
	19.5863 1.36059,
	19.5863 1.39617,
	19.5863 1.41395,
	19.6441 1.47175,
	19.6753 1.49843,
	19.6797 1.50733,
	19.6886 1.50733,
	19.7331 1.57402,
	19.8709 1.68518,
	19.8887 1.69407,
	19.8976 1.69407,
	19.9065 1.70297,
	19.9154 1.70297,
	19.9332 1.72075,
	19.9376 1.79189,
	19.9332 1.80968,
	19.9865 2.09425,
	19.9999 2.16539,
	20.0043 2.18318,
	20.0176 2.20096,
	20.0176 2.20985,
	20.0265 2.21875,
	20.031 2.25432,
	20.0354 2.2721,
	20.0265 2.30768,
	20.0488 2.44996,
	20.0577 2.48553,
	20.0488 2.5211,
	20.0176 2.54778,
	20.0087 2.56557,
	19.991 2.58335,
	19.9509 2.65449,
	19.9332 2.69006,
	19.9243 2.70785,
	19.9243 2.71674,
	19.8798 2.78789,
	19.8665 2.80567,
	19.862 2.82346,
	19.8309 2.85458,
	19.7909 2.92128,
	19.7286 2.98797,
	19.7019 3.01465,
	19.6753 3.05022,
	19.6664 3.06801,
	19.6575 3.07245,
	19.6575 3.08135,
	19.5908 3.12581,
	19.573 3.13026,
	19.5419 3.15249,
	19.5241 3.16138,
	19.493 3.19695,
	19.4796 3.21474,
	19.4441 3.23252,
	19.4352 3.23252,
	19.4263 3.24142,
	19.4174 3.24142,
	19.3462 3.29033,
	19.3373 3.29033,
	19.3018 3.31256,
	19.2306 3.33034,
	19.1951 3.34368,
	19.1595 3.34813,
	19.0883 3.37036,
	19.0172 3.37925,
	18.9994 3.3837,
	18.9638 3.37925,
	18.8927 3.3837,
	18.6081 3.33479,
	18.4658 3.30811,
	18.4303 3.29033,
	18.4125 3.28143,
	18.4036 3.27254,
	18.3947 3.27254,
	18.3236 3.21918,
	18.288 3.21029,
	18.2524 3.17472,
	18.1813 3.14804,
	18.039 3.12136,
	18.0212 3.11692,
	17.9856 3.08579,
	17.959 3.05467,
	17.9234 3.02799,
	17.9056 3.0102,
	17.8834 2.97463,
	17.8745 2.95685,
	17.8567 2.93906,
	17.8434 2.93017,
	17.7455 2.78789,
	17.7189 2.75231,
	17.7011 2.73453,
	17.6877 2.69896,
	17.6788 2.69006,
	17.6788 2.68117,
	17.621 2.61448,
	17.5988 2.58335,
	17.5944 2.56557,
	17.5632 2.53444,
	17.541 2.49887,
	17.5099 2.4633,
	17.4965 2.44551,
	17.4654 2.37437,
	17.4521 2.35659,
	17.4521 2.34769,
	17.4432 2.3388,
	17.4387 2.26766,
	17.4432 2.19652,
	17.4432 2.17873,
	17.4432 2.16984,
	17.4521 2.16539,
	17.4743 2.09425,
	17.461 2.02311,
	17.4521 2.00532,
	17.4521 1.98754,
	17.4432 1.96975,
	17.4387 1.89861,
	17.4298 1.88082,
	17.4298 1.87193,
	17.4209 1.86304,
	17.4165 1.79189,
	17.4165 1.77856,
	"/>
<Contour name="d009" hidden="false" closed="true" simplified="true" border="1 0.502 0" fill="1 1 0" mode="13"
 points="6.28399 18.8737,
	6.29487 18.8302,
	6.30031 18.8248,
	6.30847 18.7812,
	6.33023 18.7377,
	6.33023 18.7323,
	6.34656 18.7105,
	6.35472 18.6996,
	6.36016 18.6779,
	6.37104 18.6561,
	6.38736 18.6343,
	6.39824 18.6126,
	6.41456 18.5908,
	6.43633 18.5718,
	6.45809 18.5582,
	6.46897 18.5582,
	6.48801 18.55,
	6.53154 18.5582,
	6.57506 18.5609,
	6.58595 18.5582,
	6.62675 18.5337,
	6.63763 18.531,
	6.64579 18.5228,
	6.65123 18.501,
	6.66211 18.4793,
	6.68388 18.4684,
	6.69476 18.4657,
	6.7002 18.4657,
	6.72196 18.4521,
	6.74373 18.4466,
	6.76549 18.4466,
	6.78725 18.4548,
	6.79269 18.4602,
	6.83622 18.4711,
	6.87974 18.4711,
	6.9015 18.4738,
	6.91239 18.4738,
	6.93415 18.4847,
	6.94231 18.4929,
	6.94231 18.4983,
	6.95591 18.5201,
	6.96679 18.531,
	6.97223 18.531,
	6.97767 18.5364,
	6.98856 18.5391,
	7.01032 18.5527,
	7.02392 18.5718,
	7.062 18.6017,
	7.07017 18.6235,
	7.07017 18.6289,
	7.07561 18.6343,
	7.08377 18.7214,
	7.08377 18.8084,
	7.09193 18.8955,
	7.11097 18.9825,
	7.11369 19.0261,
	7.11097 19.0478,
	7.10553 19.0587,
	7.10009 19.0641,
	7.08649 19.1077,
	7.06473 19.1294,
	7.05656 19.1512,
	7.04568 19.1621,
	7.0348 19.1648,
	7.02936 19.1648,
	7.01848 19.173,
	7.01304 19.173,
	7.0076 19.1784,
	7.00216 19.1784,
	6.96135 19.2138,
	6.94503 19.2301,
	6.92327 19.2464,
	6.91239 19.2519,
	6.89062 19.2736,
	6.88246 19.2845,
	6.83894 19.2872,
	6.82806 19.2872,
	6.78453 19.3063,
	6.76277 19.3171,
	6.71924 19.3117,
	6.69748 19.3035,
	6.69204 19.3035,
	6.6866 19.2981,
	6.64307 19.2872,
	6.59955 19.2709,
	6.5125 19.2464,
	6.49073 19.2437,
	6.46897 19.2328,
	6.44177 19.1893,
	6.43633 19.1784,
	6.43089 19.1784,
	6.40096 19.1349,
	6.35744 19.1104,
	6.33567 19.0941,
	6.31663 19.0723,
	6.30847 19.0614,
	6.29487 19.0179,
	6.28943 18.9309,
	6.28399 18.8873,
	6.28399 18.8764,
	"/>
<Contour name="d010" hidden="false" closed="true" simplified="true" border="1 0.502 0" fill="1 1 0" mode="13"
 points="5.57437 11.054,
	5.5873 11.0195,
	5.5873 10.985,
	5.5873 10.9764,
	5.59591 10.9678,
	5.60453 10.8989,
	5.60884 10.8816,
	5.63038 10.8472,
	5.63038 10.8386,
	5.64761 10.8213,
	5.65192 10.8127,
	5.66053 10.8127,
	5.67777 10.7955,
	5.695 10.7912,
	5.75962 10.7222,
	5.82855 10.6662,
	5.84578 10.649,
	5.9104 10.6059,
	5.94487 10.5844,
	6.00087 10.5241,
	6.03533 10.5112,
	6.10426 10.4508,
	6.17319 10.4207,
	6.24212 10.4164,
	6.27659 10.425,
	6.40583 10.5198,
	6.44029 10.5327,
	6.45752 10.5327,
	6.52645 10.5887,
	6.53938 10.6059,
	6.55661 10.6145,
	6.57815 10.649,
	6.64708 10.7136,
	6.66862 10.7481,
	6.67293 10.7653,
	6.69877 10.7998,
	6.7117 10.817,
	6.73324 10.886,
	6.72031 11.0238,
	6.72031 11.0583,
	6.70739 11.0755,
	6.70739 11.0927,
	6.72462 11.1272,
	6.75478 11.1617,
	6.76339 11.1703,
	6.76339 11.2047,
	6.75478 11.222,
	6.75047 11.2306,
	6.76339 11.2478,
	6.77201 11.2478,
	6.78063 11.2651,
	6.77632 11.334,
	6.77201 11.3685,
	6.74616 11.4029,
	6.75047 11.4115,
	6.74185 11.4201,
	6.67293 11.4288,
	6.63846 11.4331,
	6.62123 11.4374,
	6.58246 11.502,
	6.57815 11.5322,
	6.58246 11.5882,
	6.54799 11.6571,
	6.53076 11.6916,
	6.52214 11.7088,
	6.45321 11.7519,
	6.42306 11.7863,
	6.38859 11.7949,
	6.35413 11.7906,
	6.34551 11.7863,
	6.32828 11.7906,
	6.25935 11.7734,
	6.22489 11.7734,
	6.15596 11.7519,
	6.0181 11.7476,
	5.94917 11.7131,
	5.93194 11.7045,
	5.89748 11.67,
	5.87594 11.6356,
	5.84147 11.6097,
	5.82855 11.5925,
	5.82424 11.5752,
	5.76824 11.5063,
	5.751 11.4891,
	5.72946 11.4546,
	5.69931 11.4201,
	5.68207 11.3857,
	5.63469 11.3211,
	5.62176 11.2521,
	5.60022 11.1832,
	5.5873 11.1487,
	5.57868 11.1315,
	5.57437 11.0626,
	5.57437 11.0583,
	"/>
<Contour name="d011" hidden="false" closed="true" simplified="true" border="1 0.501961 0" fill="1 1 0" mode="13"
 points="9.97327 30.5147,
	9.97689 30.4857,
	9.99497 30.4279,
	10.004 30.37,
	10.004 30.3556,
	10.0004 30.3411,
	10.0004 30.3122,
	10.0094 30.2832,
	10.0149 30.276,
	10.0167 30.2688,
	10.0239 30.2615,
	10.0239 30.2579,
	10.0528 30.2417,
	10.0673 30.2362,
	10.0818 30.2272,
	10.0908 30.2145,
	10.098 30.2091,
	10.1016 30.2055,
	10.1053 30.2055,
	10.1089 30.2019,
	10.1233 30.2001,
	10.136 30.1892,
	10.1649 30.1766,
	10.2228 30.1657,
	10.2517 30.1621,
	10.3674 30.1603,
	10.3964 30.1621,
	10.4036 30.1639,
	10.4072 30.1675,
	10.4361 30.1729,
	10.4506 30.1784,
	10.4614 30.191,
	10.4759 30.2001,
	10.4831 30.2019,
	10.4904 30.2091,
	10.4958 30.2236,
	10.5067 30.238,
	10.5103 30.238,
	10.5193 30.2525,
	10.5229 30.267,
	10.532 30.2814,
	10.5374 30.3104,
	10.5374 30.3682,
	10.5392 30.3827,
	10.5392 30.3899,
	10.5519 30.4188,
	10.5537 30.4333,
	10.5591 30.4478,
	10.5428 30.5056,
	10.5356 30.5129,
	10.532 30.5165,
	10.5283 30.5309,
	10.5283 30.5382,
	10.5247 30.5454,
	10.5247 30.549,
	10.5175 30.5563,
	10.5048 30.5852,
	10.4976 30.5996,
	10.494 30.6033,
	10.4886 30.6177,
	10.4723 30.6467,
	10.4633 30.6611,
	10.4488 30.6738,
	10.4398 30.6882,
	10.4271 30.7027,
	10.4126 30.7117,
	10.4054 30.719,
	10.3964 30.7334,
	10.3819 30.7425,
	10.324 30.7461,
	10.2951 30.7497,
	10.2879 30.7497,
	10.2806 30.7533,
	10.2517 30.7588,
	10.2445 30.7588,
	10.2372 30.7624,
	10.1794 30.7533,
	10.1505 30.7461,
	10.1215 30.7425,
	10.1071 30.7371,
	10.0601 30.6846,
	10.0492 30.6702,
	10.0366 30.6611,
	10.0275 30.6503,
	10.0275 30.6467,
	10.0239 30.6449,
	10.0239 30.6412,
	10.0112 30.6286,
	9.99316 30.6015,
	9.98412 30.587,
	9.97508 30.5581,
	9.97327 30.5291,
	9.97327 30.5165,
	"/>
<Contour name="d015" hidden="false" closed="true" simplified="true" border="1 0.502 0" fill="1 1 0" mode="13"
 points="14.8395 28.6318,
	14.8415 28.6153,
	14.8415 28.6112,
	14.8498 28.603,
	14.8559 28.5866,
	14.8703 28.5702,
	14.9031 28.5496,
	14.9298 28.5188,
	14.9442 28.5045,
	14.9668 28.4757,
	14.9935 28.447,
	15.0263 28.4326,
	15.0592 28.4285,
	15.092 28.4285,
	15.1249 28.4326,
	15.1413 28.4367,
	15.1495 28.4429,
	15.1578 28.4449,
	15.1619 28.4449,
	15.1947 28.4675,
	15.2091 28.4757,
	15.2235 28.4921,
	15.2337 28.5086,
	15.2378 28.5168,
	15.2419 28.5168,
	15.2563 28.5332,
	15.2645 28.5496,
	15.2974 28.5763,
	15.3076 28.5907,
	15.322 28.6051,
	15.3302 28.6379,
	15.3405 28.6544,
	15.3467 28.6626,
	15.3528 28.679,
	15.3631 28.6954,
	15.3734 28.7283,
	15.3775 28.7365,
	15.3754 28.7529,
	15.3775 28.7693,
	15.3836 28.7858,
	15.3836 28.8022,
	15.3898 28.8186,
	15.3918 28.8268,
	15.3939 28.8309,
	15.3877 28.8638,
	15.3775 28.8802,
	15.3734 28.8843,
	15.3672 28.9008,
	15.3631 28.909,
	15.3487 28.9254,
	15.3426 28.9336,
	15.3384 28.9377,
	15.3384 28.9418,
	15.3261 28.9583,
	15.3076 28.9911,
	15.283 29.0219,
	15.2768 29.0301,
	15.2748 29.0342,
	15.2707 29.0342,
	15.2645 29.0404,
	15.2317 29.0507,
	15.2152 29.0589,
	15.1988 29.0732,
	15.1886 29.0856,
	15.1721 29.0897,
	15.1393 29.0897,
	15.1228 29.0815,
	15.0941 29.0548,
	15.0777 29.0486,
	15.0633 29.0363,
	15.0592 29.0281,
	15.0448 29.0199,
	15.0407 29.0157,
	15.0366 29.0157,
	15.0222 29.0055,
	14.9976 28.9747,
	14.9935 28.9747,
	14.9914 28.9706,
	14.9873 28.9706,
	14.973 28.9603,
	14.9709 28.9521,
	14.9504 28.9213,
	14.938 28.9069,
	14.9298 28.8905,
	14.9257 28.8823,
	14.9114 28.8679,
	14.9011 28.8535,
	14.899 28.8453,
	14.8949 28.8433,
	14.8929 28.8351,
	14.8888 28.8309,
	14.8847 28.8145,
	14.8723 28.8001,
	14.8662 28.796,
	14.858 28.7878,
	14.8518 28.7714,
	14.8395 28.64,
	14.8395 28.6338,
	"/>
</Transform>

<Transform dim="1"
 xcoef=" -3.49122938610076 1 0 0 0 0"
 ycoef=" -0.837474155424023 0 1 0 0 0">
<Contour name="d002_mito02" hidden="false" closed="true" simplified="true" border="0 0.25098 0.501961" fill="0 0.25098 0.501961" mode="11"
 points="15.2297 12.2589,
	15.2575 12.1106,
	15.2622 12.0735,
	15.2807 12.0364,
	15.29 12.0179,
	15.3271 11.9993,
	15.4012 12.004,
	15.4383 12.0179,
	15.4568 12.0318,
	15.4661 12.0457,
	15.4846 12.0596,
	15.4846 12.0688,
	15.5217 12.1013,
	15.5403 12.1384,
	15.5542 12.2125,
	15.5634 12.2311,
	15.5588 12.2357,
	15.5449 12.2172,
	15.5356 12.2079,
	15.5356 12.282,
	15.5264 12.3562,
	15.5264 12.3933,
	15.4939 12.4674,
	15.4615 12.4906,
	15.4429 12.5045,
	15.3688 12.5277,
	15.3317 12.5277,
	15.2946 12.5045,
	15.2622 12.4721,
	15.239 12.3979,
	15.2297 12.3608,
	15.2297 12.2867,
	15.2297 12.2681,
	15.2297 12.2635,
	"/>
</Transform>

<Transform dim="1"
 xcoef=" -3.49122938610076 1 0 0 0 0"
 ycoef=" -0.837474155424023 0 1 0 0 0">
<Contour name="d009_mito03" hidden="false" closed="true" simplified="true" border="0.25098 0.501961 0.501961" fill="0.25098 0.501961 0.501961" mode="11"
 points="8.33871 31.5305,
	8.35269 31.456,
	8.35502 31.4373,
	8.36667 31.4,
	8.37831 31.3814,
	8.39695 31.3651,
	8.39695 31.3604,
	8.40161 31.3558,
	8.40161 31.3465,
	8.41792 31.3301,
	8.42724 31.3232,
	8.44588 31.3162,
	8.46219 31.2999,
	8.47151 31.2929,
	8.50879 31.2789,
	8.54607 31.2766,
	8.58335 31.2882,
	8.58801 31.2882,
	8.59267 31.2929,
	8.59733 31.2929,
	8.61363 31.3092,
	8.61829 31.3138,
	8.63693 31.3185,
	8.64625 31.3208,
	8.65557 31.3301,
	8.66722 31.3465,
	8.67421 31.3558,
	8.69285 31.3674,
	8.69984 31.3767,
	8.70217 31.3954,
	8.71615 31.4327,
	8.73013 31.5072,
	8.73479 31.5259,
	8.73712 31.5631,
	8.74178 31.5818,
	8.73945 31.5841,
	8.73479 31.5818,
	8.72314 31.6563,
	8.71848 31.6936,
	8.71615 31.7122,
	8.7045 31.7309,
	8.70217 31.7402,
	8.66955 31.7752,
	8.66023 31.7938,
	8.65557 31.8124,
	8.65091 31.8218,
	8.61363 31.8544,
	8.595 31.866,
	8.57636 31.8707,
	8.53908 31.8707,
	8.52044 31.866,
	8.51112 31.866,
	8.47384 31.8497,
	8.43656 31.8241,
	8.41792 31.8124,
	8.41093 31.8031,
	8.40627 31.7985,
	8.40627 31.7938,
	8.40161 31.7891,
	8.40161 31.7798,
	8.39462 31.7705,
	8.39462 31.7658,
	8.38996 31.7612,
	8.38996 31.7565,
	8.37831 31.7379,
	8.37133 31.7192,
	8.36667 31.7099,
	8.36434 31.6913,
	8.35735 31.6726,
	8.35269 31.6354,
	8.35269 31.6167,
	8.34337 31.5794,
	8.33871 31.5608,
	8.33871 31.5422,
	8.33871 31.5328,
	"/>
</Transform>

<Transform dim="1"
 xcoef=" -3.49122938610076 1 0 0 0 0"
 ycoef=" -0.837474155424023 0 1 0 0 0">
<Contour name="d015_mito02" hidden="false" closed="true" simplified="true" border="0.501961 1 1" fill="0.501961 1 1" mode="11"
 points="18.7995 39.2545,
	18.8008 39.2438,
	18.8062 39.2331,
	18.8062 39.2304,
	18.8195 39.209,
	18.8289 39.1983,
	18.8503 39.1823,
	18.8556 39.1809,
	18.8583 39.1783,
	18.8797 39.1743,
	18.8904 39.1729,
	18.9332 39.1809,
	18.9385 39.1836,
	18.9412 39.1836,
	18.9506 39.193,
	18.9546 39.1983,
	18.9559 39.2037,
	18.9559 39.2064,
	18.9586 39.209,
	18.9613 39.2304,
	18.9613 39.2358,
	18.964 39.2384,
	18.9693 39.2598,
	18.9706 39.2652,
	18.968 39.2665,
	18.968 39.3093,
	18.9666 39.3307,
	18.9599 39.3414,
	18.9559 39.3468,
	18.9452 39.3535,
	18.9265 39.3735,
	18.9158 39.3789,
	18.9051 39.3815,
	18.8837 39.3829,
	18.873 39.3829,
	18.8623 39.3802,
	18.857 39.3802,
	18.8369 39.3655,
	18.8209 39.3468,
	18.8102 39.3254,
	18.8062 39.3147,
	18.8035 39.312,
	18.8035 39.3066,
	18.8008 39.3013,
	18.7995 39.2585,
	18.7995 39.2558,
	"/>
</Transform>

<Transform dim="1"
 xcoef=" -3.49122938610076 1 0 0 0 0"
 ycoef=" -0.837474155424023 0 1 0 0 0">
<Contour name="d010_mito05" hidden="false" closed="true" simplified="true" border="0.25098 0.501961 0.501961" fill="0.25098 0.501961 0.501961" mode="11"
 points="5.31222 24.0478,
	5.31836 24.0232,
	5.3245 24.0109,
	5.3245 24.0078,
	5.33217 23.9971,
	5.33525 23.994,
	5.33678 23.9879,
	5.34906 23.9771,
	5.35674 23.9679,
	5.36442 23.9556,
	5.38591 23.9372,
	5.38898 23.9311,
	5.38898 23.928,
	5.39819 23.9157,
	5.41048 23.908,
	5.42276 23.9065,
	5.44732 23.8973,
	5.45961 23.8958,
	5.47189 23.9004,
	5.47803 23.905,
	5.48417 23.9065,
	5.48724 23.9065,
	5.49952 23.9142,
	5.51948 23.9372,
	5.52563 23.9434,
	5.53023 23.9556,
	5.53791 23.9679,
	5.55019 23.9802,
	5.55787 24.0048,
	5.56247 24.0109,
	5.56247 24.017,
	5.56554 24.0232,
	5.56861 24.0478,
	5.56861 24.0723,
	5.56094 24.0969,
	5.55633 24.1092,
	5.5548 24.1214,
	5.55326 24.123,
	5.55173 24.1168,
	5.55326 24.1046,
	5.53944 24.1276,
	5.52255 24.1506,
	5.51181 24.1614,
	5.50106 24.169,
	5.47649 24.1783,
	5.47035 24.1798,
	5.46728 24.1829,
	5.44272 24.1875,
	5.43044 24.1905,
	5.40587 24.1905,
	5.3813 24.1813,
	5.37516 24.1798,
	5.37209 24.1767,
	5.36902 24.1767,
	5.35674 24.1675,
	5.33678 24.1445,
	5.3291 24.1337,
	5.32603 24.1307,
	5.31836 24.1061,
	5.31375 24.0815,
	5.31222 24.057,
	5.31222 24.0508,
	5.31222 24.0493,
	"/>
</Transform>

<Transform dim="1"
 xcoef=" -3.49122938610076 1 0 0 0 0"
 ycoef=" -0.837474155424023 0 1 0 0 0">
<Contour name="d011_mito01" hidden="false" closed="true" simplified="true" border="0.25098 0.501961 0.501961" fill="0.25098 0.501961 0.501961" mode="11"
 points="15.7681 43.361,
	15.8037 43.3543,
	15.8127 43.3566,
	15.777 43.3633,
	15.7703 43.3633,
	"/>
<Contour name="d011_mito01" hidden="false" closed="true" simplified="true" border="0.25098 0.501961 0.501961" fill="0.25098 0.501961 0.501961" mode="11"
 points="14.9696 42.4689,
	14.9741 42.4511,
	14.9763 42.4422,
	14.9763 42.4377,
	15.0031 42.402,
	15.0142 42.3886,
	15.0321 42.373,
	15.0499 42.3619,
	15.0588 42.3529,
	15.0767 42.3485,
	15.1124 42.3507,
	15.1302 42.3663,
	15.148 42.3775,
	15.1636 42.3931,
	15.1748 42.4109,
	15.1793 42.4199,
	15.1949 42.4377,
	15.2016 42.4555,
	15.2016 42.4645,
	15.1971 42.4689,
	15.2038 42.5046,
	15.206 42.5135,
	15.2038 42.5314,
	15.1949 42.5492,
	15.1681 42.5827,
	15.148 42.6183,
	15.1124 42.6384,
	15.1034 42.6429,
	15.0856 42.6406,
	15.0677 42.634,
	15.0588 42.6295,
	15.0432 42.6117,
	15.0365 42.6072,
	15.0298 42.5983,
	15.012 42.5871,
	14.9986 42.5737,
	14.9919 42.5671,
	14.9919 42.5626,
	14.9852 42.5537,
	14.9741 42.518,
	14.9696 42.5001,
	14.9696 42.4823,
	14.9696 42.4734,
	14.9696 42.4711,
	"/>
</Transform>

<Transform dim="1"
 xcoef=" -3.49122938610076 1 0 0 0 0"
 ycoef=" -0.837474155424023 0 1 0 0 0">
<Contour name="d004_mito01" hidden="false" closed="true" simplified="true" border="0.25098 0.501961 0.501961" fill="0.25098 0.501961 0.501961" mode="11"
 points="30.5789 15.3317,
	30.5899 15.3023,
	30.6009 15.2436,
	30.6413 15.1885,
	30.6707 15.1701,
	30.7 15.1591,
	30.7588 15.1481,
	30.7882 15.1518,
	30.8028 15.1554,
	30.8579 15.1995,
	30.8799 15.2289,
	30.8946 15.2582,
	30.8983 15.317,
	30.8983 15.3464,
	30.8873 15.3757,
	30.8689 15.4014,
	30.8432 15.4234,
	30.8212 15.4528,
	30.7918 15.4748,
	30.7331 15.4969,
	30.6743 15.4969,
	30.6156 15.4785,
	30.5936 15.4528,
	30.5826 15.3941,
	30.5862 15.3794,
	30.5789 15.35,
	30.5789 15.3353,
	"/>
</Transform>

<Transform dim="1"
 xcoef=" -3.49122938610076 1 0 0 0 0"
 ycoef=" -0.837474155424023 0 1 0 0 0">
<Contour name="d014" hidden="false" closed="true" simplified="true" border="1 0.502 0" fill="1 1 0" mode="13"
 points="31.6816 35.4611,
	31.6807 35.4389,
	31.6777 35.4285,
	31.6813 35.4219,
	31.6829 35.399,
	31.6968 35.3531,
	31.7047 35.3424,
	31.7113 35.3181,
	31.723 35.2925,
	31.7375 35.2771,
	31.7523 35.2533,
	31.7594 35.24,
	31.774 35.2247,
	31.781 35.2116,
	31.8174 35.1872,
	31.8224 35.1858,
	31.8446 35.1402,
	31.8577 35.1198,
	31.863 35.1099,
	31.8663 35.0641,
	31.8629 35.0427,
	31.8487 35.0018,
	31.8394 34.9597,
	31.8385 34.9375,
	31.8421 34.9309,
	31.8784 34.9066,
	31.9176 34.8926,
	31.9384 34.8895,
	31.9628 34.8994,
	31.9737 34.9188,
	31.973 34.9638,
	31.9759 34.9741,
	31.9743 34.997,
	31.9826 35.017,
	32.0119 35.0536,
	32.0479 35.0853,
	32.0613 35.104,
	32.0692 35.1129,
	32.0757 35.1167,
	32.0865 35.1164,
	32.12 35.1489,
	32.1383 35.1661,
	32.1603 35.1767,
	32.1786 35.1938,
	32.1841 35.2035,
	32.2093 35.216,
	32.2108 35.2212,
	32.2211 35.2295,
	32.2226 35.2347,
	32.2427 35.2485,
	32.2525 35.2541,
	32.2579 35.2638,
	32.2644 35.2676,
	32.2753 35.2869,
	32.2911 35.3047,
	32.3048 35.3149,
	32.3308 35.3496,
	32.3388 35.3585,
	32.353 35.3993,
	32.3707 35.4139,
	32.384 35.4324,
	32.387 35.4428,
	32.4047 35.4574,
	32.4144 35.4631,
	32.4253 35.4824,
	32.4332 35.4913,
	32.4347 35.4965,
	32.4468 35.5015,
	32.4472 35.5126,
	32.479 35.5483,
	32.483 35.5528,
	32.4789 35.5764,
	32.4797 35.5986,
	32.4802 35.6097,
	32.4766 35.6163,
	32.4776 35.6384,
	32.478 35.6495,
	32.4664 35.6752,
	32.4618 35.6877,
	32.4575 35.6917,
	32.459 35.6969,
	32.4544 35.7094,
	32.4559 35.7146,
	32.4485 35.7363,
	32.4414 35.7495,
	32.4282 35.798,
	32.4229 35.808,
	32.4244 35.8131,
	32.4208 35.8198,
	32.4223 35.825,
	32.4188 35.8316,
	32.4197 35.8538,
	32.3917 35.898,
	32.3932 35.9032,
	32.3815 35.929,
	32.3467 35.9585,
	32.3311 35.9797,
	32.314 35.9957,
	32.2984 36.017,
	32.2606 36.0362,
	32.2391 36.0366,
	32.2284 36.0369,
	32.2025 36.0218,
	32.1841 36.0047,
	32.1614 35.9915,
	32.1247 35.957,
	32.1088 35.9392,
	32.0896 35.8998,
	32.0528 35.8655,
	32.0513 35.8603,
	32.0287 35.847,
	32.0154 35.8285,
	31.9969 35.8113,
	31.9725 35.8014,
	31.9348 35.773,
	31.9283 35.7692,
	31.9233 35.7706,
	31.9111 35.7657,
	31.9046 35.7619,
	31.8996 35.7633,
	31.8578 35.7303,
	31.8359 35.7198,
	31.8016 35.6846,
	31.7832 35.6675,
	31.7698 35.6489,
	31.7514 35.6317,
	31.7451 35.6279,
	31.709 35.5485,
	31.683 35.4663,
	31.6823 35.4637,
	"/>
</Transform>

<Transform dim="1"
 xcoef=" -1.35122938610076 1 0 0 0 0"
 ycoef=" 1.99252584457598 0 1 0 0 0">
<Contour name="d020_c31" hidden="false" closed="true" simplified="true" border="1 0 0" fill="1 0 0" mode="11"
 points="42.9129 23.0468,
	42.9166 22.988,
	42.9203 22.9586,
	42.9203 22.9439,
	42.9497 22.9366,
	43.0672 22.9256,
	43.126 22.9219,
	43.1553 22.9182,
	43.3904 23.0468,
	43.3096 23.1643,
	43.2876 23.19,
	43.17 23.1386,
	43.1113 23.1129,
	42.9937 23.0945,
	42.935 23.0835,
	42.9203 23.0798,
	42.9129 23.0762,
	42.9129 23.0505,
	"/>
</Transform>

<Transform dim="1"
 xcoef=" -3.49122938610076 1 0 0 0 0"
 ycoef=" -0.837474155424023 0 1 0 0 0">
<Contour name="d020_cfa31" hidden="false" closed="false" simplified="false" border="0 0 1" fill="0 0 1" mode="11"
 points="41.1888 20.2973,
	41.1377 20.2608,
	41.0903 20.2535,
	41.0538 20.2389,
	40.9917 20.2243,
	40.8822 20.2061,
	40.7727 20.2134,
	"/>
</Transform>

<Transform dim="1"
 xcoef=" -1.43122938610076 1 0 0 0 0"
 ycoef=" 2.15252584457598 0 1 0 0 0">
<Contour name="d020_c32" hidden="false" closed="true" simplified="true" border="1 0 0" fill="1 0 0" mode="11"
 points="42.7462 23.8289,
	42.9593 23.6258,
	43.0659 23.5259,
	43.1225 23.6325,
	43.1358 23.6591,
	42.9327 23.8722,
	42.9061 23.8989,
	42.8928 23.9122,
	42.8894 23.9155,
	42.7829 23.8522,
	42.7562 23.8356,
	42.7496 23.8323,
	"/>
</Transform>

<Transform dim="1"
 xcoef=" -3.49122938610076 1 0 0 0 0"
 ycoef=" -0.837474155424023 0 1 0 0 0">
<Contour name="d020_mito05" hidden="false" closed="true" simplified="true" border="1 0 0.502" fill="1 0 0.502" mode="11"
 points="40.304 20.7774,
	40.315 20.7072,
	40.3193 20.6896,
	40.3215 20.6809,
	40.3259 20.6765,
	40.3259 20.6721,
	40.3303 20.6699,
	40.3303 20.6655,
	40.3413 20.6501,
	40.3545 20.615,
	40.372 20.5799,
	40.383 20.5624,
	40.3896 20.5448,
	40.4115 20.5097,
	40.4159 20.5009,
	40.4466 20.4724,
	40.451 20.4724,
	40.4532 20.468,
	40.4708 20.4636,
	40.4883 20.4658,
	40.5059 20.4746,
	40.5212 20.4899,
	40.5388 20.5229,
	40.5498 20.558,
	40.5564 20.5755,
	40.5585 20.6458,
	40.5564 20.6809,
	40.5542 20.6984,
	40.5498 20.7072,
	40.5498 20.7116,
	40.5454 20.716,
	40.5454 20.7248,
	40.5366 20.7423,
	40.5322 20.7599,
	40.5234 20.7774,
	40.5234 20.7818,
	40.519 20.7862,
	40.5147 20.8038,
	40.4949 20.8389,
	40.4686 20.8718,
	40.451 20.8806,
	40.4335 20.885,
	40.4159 20.885,
	40.3808 20.8784,
	40.372 20.8762,
	40.3676 20.8762,
	40.3632 20.8718,
	40.3589 20.8718,
	40.3237 20.8455,
	40.3128 20.8279,
	40.3084 20.8191,
	40.304 20.784,
	40.304 20.7796,
	"/>
</Transform>

<Transform dim="1"
 xcoef=" -3.49122938610076 1 0 0 0 0"
 ycoef=" -0.837474155424023 0 1 0 0 0">
<Contour name="d003" hidden="false" closed="true" simplified="true" border="1 0.502 0.251" fill="1 1 0" mode="13"
 points="40.6265 6.37452,
	40.6257 6.35575,
	40.6334 6.33454,
	40.6363 6.29574,
	40.6642 6.21653,
	40.6907 6.18051,
	40.6882 6.17172,
	40.7356 6.0965,
	40.7745 6.02369,
	40.801 5.98767,
	40.8627 5.9464,
	40.8903 5.91481,
	40.9023 5.8924,
	40.9313 5.86517,
	40.9627 5.84674,
	40.9772 5.83313,
	41.0099 5.81909,
	41.0451 5.81385,
	41.0828 5.81741,
	41.1506 5.79816,
	41.2789 5.73322,
	41.2959 5.7284,
	41.4148 5.64712,
	41.45 5.64187,
	41.4827 5.62784,
	41.4899 5.62104,
	41.5094 5.62502,
	41.5773 5.60574,
	41.593 5.59653,
	41.6621 5.58164,
	41.6931 5.57761,
	41.7003 5.57082,
	41.8373 5.53666,
	41.8518 5.52305,
	41.87 5.52263,
	41.9353 5.49458,
	41.9523 5.48976,
	41.9608 5.48734,
	41.9815 5.49571,
	42.0166 5.4905,
	42.0336 5.48568,
	42.1077 5.48839,
	42.1272 5.49237,
	42.1442 5.48755,
	42.1636 5.49152,
	42.1988 5.48628,
	42.2365 5.48983,
	42.2546 5.48943,
	42.2657 5.49581,
	42.3008 5.49057,
	42.3749 5.4933,
	42.4034 5.48045,
	42.4474 5.61997,
	42.7494 6.75045,
	42.7893 6.89115,
	42.7327 6.94997,
	42.7013 6.9684,
	42.683 6.96883,
	42.6745 6.97125,
	42.6319 6.95009,
	42.6092 6.91854,
	42.5872 6.90577,
	42.5496 6.90219,
	42.5094 6.88984,
	42.4742 6.89509,
	42.4415 6.90912,
	42.4271 6.92273,
	42.2976 6.98324,
	42.2322 7.01132,
	42.1982 7.02095,
	42.168 7.04379,
	42.0286 7.06912,
	41.9582 7.0796,
	41.8225 7.11813,
	41.7861 7.11898,
	41.7776 7.12137,
	41.7666 7.115,
	41.7484 7.11542,
	41.6711 7.08512,
	41.6601 7.07872,
	41.586 7.07601,
	41.5471 7.06806,
	41.4642 7.03457,
	41.4242 7.02221,
	41.3815 7.00106,
	41.3638 6.98708,
	41.2872 6.97558,
	41.2677 6.9716,
	41.1201 6.871,
	41.0944 6.84504,
	41.023 6.80355,
	40.9876 6.77559,
	40.9462 6.75884,
	40.9267 6.75487,
	40.9083 6.72209,
	40.8926 6.65052,
	40.8784 6.61656,
	40.8515 6.5862,
	40.832 6.58223,
	40.8143 6.56824,
	40.8045 6.56627,
	40.7818 6.5347,
	40.7122 6.48321,
	40.7013 6.47681,
	40.6988 6.46801,
	40.6689 6.44326,
	40.6512 6.42928,
	40.6328 6.39651,
	40.6278 6.37891,
	"/>
<Contour name="d005" hidden="false" closed="true" simplified="true" border="1 0.502 0" fill="1 1 0" mode="13"
 points="39.1838 34.0731,
	39.1931 34.0202,
	39.1982 34.0063,
	39.1935 33.9575,
	39.1971 33.9063,
	39.2219 33.8553,
	39.2266 33.8289,
	39.2289 33.8157,
	39.2447 33.7862,
	39.2521 33.7589,
	39.2572 33.7449,
	39.2525 33.6962,
	39.2515 33.6713,
	39.2537 33.6581,
	39.2501 33.6341,
	39.2495 33.6217,
	39.2744 33.5708,
	39.2739 33.5584,
	39.2841 33.5304,
	39.305 33.4868,
	39.3069 33.4612,
	39.3245 33.4061,
	39.3502 33.358,
	39.3612 33.3329,
	39.3692 33.3182,
	39.3787 33.3091,
	39.3867 33.2943,
	39.3961 33.2854,
	39.4128 33.2587,
	39.4311 33.2378,
	39.441 33.2193,
	39.4466 33.2177,
	39.4506 33.2104,
	39.4945 33.1947,
	39.5152 33.1826,
	39.5609 33.1727,
	39.5825 33.1635,
	39.6057 33.16,
	39.6265 33.1479,
	39.6488 33.1415,
	39.6911 33.1201,
	39.7368 33.1103,
	39.7848 33.1091,
	39.808 33.1057,
	39.8329 33.1081,
	39.8574 33.1199,
	39.8808 33.1384,
	39.8945 33.1439,
	39.9151 33.1632,
	39.9693 33.248,
	39.9891 33.2644,
	40.0145 33.2791,
	40.0351 33.2983,
	40.0594 33.3416,
	40.066 33.3649,
	40.0903 33.4081,
	40.0964 33.4189,
	40.1238 33.4299,
	40.176 33.4433,
	40.2256 33.4481,
	40.2729 33.4441,
	40.2846 33.4532,
	40.2863 33.4591,
	40.2935 33.4633,
	40.3001 33.4866,
	40.3033 33.4981,
	40.2994 33.5055,
	40.307 33.5536,
	40.3046 33.5667,
	40.3122 33.6147,
	40.3155 33.6264,
	40.3132 33.6396,
	40.335 33.834,
	40.3388 33.8581,
	40.3931 33.943,
	40.3895 33.9942,
	40.3942 34.0429,
	40.4008 34.0662,
	40.4 34.1166,
	40.3981 34.1422,
	40.3998 34.148,
	40.3877 34.2016,
	40.3803 34.2288,
	40.3823 34.2784,
	40.3713 34.3034,
	40.3546 34.3301,
	40.3467 34.3449,
	40.3436 34.3552,
	40.3348 34.3671,
	40.3292 34.3687,
	40.311 34.3895,
	40.2971 34.4154,
	40.294 34.4257,
	40.2582 34.4704,
	40.2342 34.5243,
	40.2159 34.5451,
	40.2002 34.5966,
	40.1946 34.5981,
	40.1781 34.6249,
	40.1677 34.6528,
	40.1694 34.6587,
	40.1556 34.6845,
	40.1141 34.7089,
	40.0701 34.7245,
	39.8861 34.7579,
	39.8396 34.7648,
	39.8172 34.7712,
	39.7691 34.7724,
	39.7181 34.7523,
	39.6924 34.7471,
	39.6788 34.7415,
	39.661 34.7215,
	39.6376 34.703,
	39.6287 34.6931,
	39.6214 34.6888,
	39.5728 34.6022,
	39.554 34.5574,
	39.539 34.5366,
	39.5374 34.5308,
	39.5257 34.5216,
	39.5135 34.4999,
	39.4929 34.4807,
	39.484 34.4707,
	39.4824 34.4649,
	39.4707 34.4557,
	39.4557 34.4349,
	39.454 34.429,
	39.4396 34.4206,
	39.4268 34.418,
	39.4212 34.4195,
	39.3657 34.3946,
	39.3143 34.384,
	39.2937 34.3648,
	39.2877 34.354,
	39.2977 34.2508,
	39.2518 34.1636,
	39.2396 34.1419,
	39.2041 34.1018,
	39.1953 34.0918,
	39.1879 34.0876,
	39.1846 34.0759,
	"/>
<Contour name="d006" hidden="false" closed="true" simplified="true" border="1 0.502 0" fill="1 1 0" mode="13"
 points="37.9182 28.8049,
	37.919 28.7934,
	37.92 28.7875,
	37.9193 28.7849,
	37.9238 28.7723,
	37.9234 28.7612,
	37.9227 28.7586,
	37.926 28.7463,
	37.927 28.7404,
	37.9263 28.7378,
	37.9296 28.7255,
	37.9362 28.7152,
	37.9386 28.7089,
	37.9383 28.7033,
	37.9416 28.6911,
	37.9482 28.6808,
	37.9519 28.6699,
	37.9518 28.6643,
	37.954 28.658,
	37.9548 28.6465,
	37.9616 28.622,
	37.9649 28.6098,
	37.9657 28.5983,
	37.9671 28.5937,
	37.9664 28.5911,
	37.9768 28.5656,
	37.9805 28.5546,
	37.9814 28.5431,
	37.9831 28.5398,
	37.9829 28.5342,
	37.9941 28.5113,
	37.9938 28.5057,
	37.9997 28.4928,
	38.0024 28.4878,
	38.007 28.485,
	38.0182 28.4621,
	38.0354 28.446,
	38.0379 28.4453,
	38.0543 28.4265,
	38.061 28.4162,
	38.0648 28.4108,
	38.0832 28.3985,
	38.0879 28.3959,
	38.0896 28.3925,
	38.0921 28.3917,
	38.0939 28.3884,
	38.0964 28.3877,
	38.0982 28.3844,
	38.1007 28.3837,
	38.1043 28.3771,
	38.1068 28.3764,
	38.115 28.3669,
	38.133 28.3534,
	38.1347 28.35,
	38.1522 28.3352,
	38.1713 28.3256,
	38.191 28.3186,
	38.2332 28.3137,
	38.2545 28.3119,
	38.2595 28.3105,
	38.2818 28.3125,
	38.2927 28.3123,
	38.303 28.315,
	38.3087 28.3162,
	38.3277 28.3306,
	38.3395 28.3384,
	38.3448 28.3427,
	38.348 28.3445,
	38.3508 28.3494,
	38.3515 28.352,
	38.3567 28.3561,
	38.3689 28.3753,
	38.3742 28.3794,
	38.3797 28.3891,
	38.3804 28.3917,
	38.3837 28.3936,
	38.3891 28.4033,
	38.398 28.4107,
	38.4102 28.4297,
	38.4182 28.4388,
	38.4279 28.4586,
	38.452 28.4955,
	38.4617 28.5152,
	38.4647 28.5257,
	38.4687 28.5302,
	38.4746 28.5511,
	38.475 28.5623,
	38.4667 28.5857,
	38.4633 28.598,
	38.463 28.6206,
	38.4622 28.6321,
	38.4629 28.6348,
	38.4612 28.6381,
	38.4603 28.6496,
	38.461 28.6522,
	38.4575 28.6589,
	38.4517 28.6816,
	38.4506 28.6875,
	38.4424 28.6969,
	38.4382 28.7009,
	38.4331 28.7122,
	38.4296 28.7189,
	38.3946 28.7486,
	38.3863 28.758,
	38.3824 28.7633,
	38.3799 28.764,
	38.378 28.7674,
	38.3601 28.781,
	38.3576 28.7817,
	38.3559 28.785,
	38.3466 28.7904,
	38.3387 28.8012,
	38.3208 28.8147,
	38.3165 28.8187,
	38.2773 28.8341,
	38.2579 28.8424,
	38.2158 28.8473,
	38.1938 28.8465,
	38.1711 28.843,
	38.149 28.8422,
	38.1433 28.8411,
	38.1329 28.8427,
	38.1104 28.8405,
	38.1079 28.8412,
	38.1047 28.8393,
	38.0993 28.8395,
	38.087 28.8345,
	38.065 28.8337,
	38.0438 28.8356,
	38.0214 28.8334,
	38.0102 28.8323,
	38.0041 28.8299,
	37.9609 28.8308,
	37.9497 28.8298,
	37.9374 28.8248,
	37.9367 28.8222,
	37.9249 28.8142,
	37.9196 28.8101,
	37.9185 28.8062,
	"/>
</Transform>

<Transform dim="1"
 xcoef=" -3.49122938610076 1 0 0 0 0"
 ycoef=" -0.837474155424023 0 1 0 0 0">
<Contour name="d004" hidden="false" closed="true" simplified="true" border="1 0.502 0" fill="1 1 0" mode="13"
 points="30.3789 15.329,
	30.3868 15.3133,
	30.3813 15.2786,
	30.3834 15.2418,
	30.3981 15.2061,
	30.41 15.1304,
	30.4208 15.0957,
	30.42 15.0778,
	30.4268 15.0578,
	30.4283 15.0484,
	30.6606 14.9339,
	30.7232 14.9209,
	30.8518 14.9078,
	30.919 14.9117,
	30.9379 14.92,
	30.949 14.9304,
	30.9691 14.9429,
	31.0018 14.9564,
	31.0254 14.9815,
	31.1015 15.1051,
	31.1366 15.127,
	31.1575 15.1574,
	31.1698 15.172,
	31.1745 15.1888,
	31.1846 15.1951,
	31.2111 15.2601,
	31.2299 15.3272,
	31.2355 15.3619,
	31.2364 15.3797,
	31.2195 15.4523,
	31.2116 15.5269,
	31.1845 15.548,
	31.1196 15.5525,
	31.0726 15.6063,
	30.9618 15.6824,
	30.9052 15.7163,
	30.8733 15.7207,
	30.8591 15.7291,
	30.7235 15.7171,
	30.7058 15.713,
	30.6291 15.6756,
	30.5937 15.6673,
	30.576 15.6632,
	30.5684 15.6653,
	30.5073 15.61,
	30.4761 15.587,
	30.4552 15.5566,
	30.4175 15.4224,
	30.408 15.3888,
	30.3909 15.3574,
	30.3824 15.3416,
	30.3801 15.3332,
	"/>
</Transform>

<Transform dim="1"
 xcoef=" -3.49122938610076 1 0 0 0 0"
 ycoef=" -0.837474155424023 0 1 0 0 0">
<Contour name="d017" hidden="false" closed="true" simplified="true" border="1 0.502 0" fill="1 1 0" mode="13"
 points="33.5904 33.0034,
	33.5925 32.9918,
	33.5896 32.9815,
	33.5928 32.9362,
	33.5895 32.915,
	33.5935 32.8916,
	33.5927 32.8697,
	33.5947 32.8581,
	33.6063 32.8327,
	33.6128 32.8086,
	33.6113 32.8035,
	33.639 32.7596,
	33.6624 32.7197,
	33.6702 32.7092,
	33.6885 32.6984,
	33.7007 32.6756,
	33.7077 32.6625,
	33.7088 32.6566,
	33.7137 32.6553,
	33.7751 32.5795,
	33.7844 32.5742,
	33.792 32.5637,
	33.8287 32.5422,
	33.8625 32.5104,
	33.878 32.4894,
	33.9139 32.4654,
	33.9276 32.4476,
	33.9342 32.4235,
	33.9362 32.4118,
	33.9204 32.3277,
	33.9145 32.3072,
	33.9161 32.2846,
	33.9094 32.2421,
	33.9139 32.2297,
	33.9156 32.2071,
	33.9151 32.1961,
	33.9274 32.1732,
	33.945 32.1599,
	33.9839 32.1462,
	34.0051 32.1456,
	34.0278 32.1503,
	34.0702 32.177,
	34.079 32.18,
	34.1022 32.1957,
	34.1075 32.2053,
	34.1513 32.2372,
	34.1622 32.2563,
	34.1675 32.2659,
	34.1857 32.2828,
	34.2048 32.3218,
	34.2139 32.3635,
	34.2104 32.37,
	34.2108 32.381,
	34.1946 32.4272,
	34.1901 32.4396,
	34.1541 32.4636,
	34.1463 32.4741,
	34.1721 32.5555,
	34.168 32.5788,
	34.1722 32.622,
	34.1887 32.6617,
	34.1971 32.6815,
	34.2103 32.6999,
	34.2361 32.7813,
	34.2477 32.8224,
	34.2609 32.8407,
	34.2676 32.8832,
	34.2684 32.9051,
	34.2619 32.9292,
	34.2627 32.9511,
	34.2562 32.9751,
	34.262 32.9956,
	34.2637 33.0395,
	34.241 33.082,
	34.2288 33.1049,
	34.2267 33.1165,
	34.2233 33.1231,
	34.2217 33.1457,
	34.2147 33.1588,
	34.2112 33.1653,
	34.2055 33.2112,
	34.1941 33.256,
	34.192 33.2677,
	34.1759 33.2861,
	34.1564 33.3305,
	34.1204 33.3546,
	34.0419 33.3796,
	34.006 33.4037,
	33.9671 33.4175,
	33.8785 33.4066,
	33.8565 33.4046,
	33.8103 33.3927,
	33.787 33.3855,
	33.7762 33.3664,
	33.7733 33.3562,
	33.6731 33.21,
	33.6424 33.13,
	33.636 33.1263,
	33.6243 33.0853,
	33.6165 33.0764,
	33.6107 33.0559,
	33.6078 33.0456,
	33.5998 33.0367,
	33.594 33.0163,
	33.5911 33.006,
	"/>
</Transform>

<Transform dim="1"
 xcoef=" -3.49122938610076 1 0 0 0 0"
 ycoef=" -0.837474155424023 0 1 0 0 0">
<Contour name="d002_c22_SV68" hidden="false" closed="true" simplified="false" border="1 0 0.501961" fill="1 0 0.501961" mode="11"
 points="14.6794 13.0757,
	14.6794 13.0696,
	14.6855 13.0636,
	14.6915 13.0636,
	14.6975 13.0696,
	14.6975 13.0757,
	14.6915 13.0817,
	14.6855 13.0817,
	"/>
<Contour name="d002_c22_SV69" hidden="false" closed="true" simplified="false" border="1 0 0.501961" fill="1 0 0.501961" mode="11"
 points="14.6629 13.1553,
	14.6629 13.1493,
	14.6689 13.1433,
	14.6749 13.1433,
	14.6809 13.1493,
	14.6809 13.1553,
	14.6749 13.1614,
	14.6689 13.1614,
	"/>
<Contour name="d002_c22_SV70" hidden="false" closed="true" simplified="false" border="1 0 0.501961" fill="1 0 0.501961" mode="11"
 points="14.5847 13.2185,
	14.5847 13.2125,
	14.5907 13.2065,
	14.5967 13.2065,
	14.6028 13.2125,
	14.6028 13.2185,
	14.5967 13.2245,
	14.5907 13.2245,
	"/>
<Contour name="d002_c22_SV71" hidden="false" closed="true" simplified="false" border="1 0 0.501961" fill="1 0 0.501961" mode="11"
 points="14.5937 13.1132,
	14.5937 13.1072,
	14.5998 13.1012,
	14.6058 13.1012,
	14.6118 13.1072,
	14.6118 13.1132,
	14.6058 13.1193,
	14.5998 13.1193,
	"/>
<Contour name="d002_c22_SV72" hidden="false" closed="true" simplified="false" border="1 0 0.501961" fill="1 0 0.501961" mode="11"
 points="14.4719 13.1388,
	14.4719 13.1328,
	14.478 13.1268,
	14.484 13.1268,
	14.49 13.1328,
	14.49 13.1388,
	14.484 13.1448,
	14.478 13.1448,
	"/>
<Contour name="d002_c22_SV73" hidden="false" closed="true" simplified="false" border="1 0 0.501961" fill="1 0 0.501961" mode="11"
 points="14.4163 13.1644,
	14.4163 13.1583,
	14.4223 13.1523,
	14.4283 13.1523,
	14.4344 13.1583,
	14.4344 13.1644,
	14.4283 13.1704,
	14.4223 13.1704,
	"/>
<Contour name="d002_c22_SV74" hidden="false" closed="true" simplified="false" border="1 0 0.501961" fill="1 0 0.501961" mode="11"
 points="14.4569 13.205,
	14.4569 13.1989,
	14.4629 13.1929,
	14.4689 13.1929,
	14.475 13.1989,
	14.475 13.205,
	14.4689 13.211,
	14.4629 13.211,
	"/>
<Contour name="d002_c22_SV75" hidden="false" closed="true" simplified="false" border="1 0 0.501961" fill="1 0 0.501961" mode="11"
 points="14.5005 13.1719,
	14.5005 13.1659,
	14.5065 13.1599,
	14.5125 13.1599,
	14.5186 13.1659,
	14.5186 13.1719,
	14.5125 13.1779,
	14.5065 13.1779,
	"/>
<Contour name="d002_c22_SV76" hidden="false" closed="true" simplified="false" border="1 0 0.501961" fill="1 0 0.501961" mode="11"
 points="14.5065 13.2471,
	14.5065 13.241,
	14.5125 13.235,
	14.5186 13.235,
	14.5246 13.241,
	14.5246 13.2471,
	14.5186 13.2531,
	14.5125 13.2531,
	"/>
<Contour name="d002_c22_SV77" hidden="false" closed="true" simplified="false" border="1 0 0.501961" fill="1 0 0.501961" mode="11"
 points="14.4614 13.2831,
	14.4614 13.2771,
	14.4674 13.2711,
	14.4735 13.2711,
	14.4795 13.2771,
	14.4795 13.2831,
	14.4735 13.2892,
	14.4674 13.2892,
	"/>
<Contour name="d002_c22_SV78" hidden="false" closed="true" simplified="false" border="1 0 0.501961" fill="1 0 0.501961" mode="11"
 points="14.4569 13.3252,
	14.4569 13.3192,
	14.4629 13.3132,
	14.4689 13.3132,
	14.475 13.3192,
	14.475 13.3252,
	14.4689 13.3313,
	14.4629 13.3313,
	"/>
<Contour name="d002_c22_SV79" hidden="false" closed="true" simplified="false" border="1 0 0.501961" fill="1 0 0.501961" mode="11"
 points="14.4013 13.2922,
	14.4013 13.2862,
	14.4073 13.2801,
	14.4133 13.2801,
	14.4193 13.2862,
	14.4193 13.2922,
	14.4133 13.2982,
	14.4073 13.2982,
	"/>
<Contour name="d002_c22_SV80" hidden="false" closed="true" simplified="false" border="1 0 0.501961" fill="1 0 0.501961" mode="11"
 points="14.4088 13.2486,
	14.4088 13.2426,
	14.4148 13.2365,
	14.4208 13.2365,
	14.4268 13.2426,
	14.4268 13.2486,
	14.4208 13.2546,
	14.4148 13.2546,
	"/>
<Contour name="d002_c22_SV81" hidden="false" closed="true" simplified="false" border="1 0 0.501961" fill="1 0 0.501961" mode="11"
 points="14.3592 13.3087,
	14.3592 13.3027,
	14.3652 13.2967,
	14.3712 13.2967,
	14.3772 13.3027,
	14.3772 13.3087,
	14.3712 13.3147,
	14.3652 13.3147,
	"/>
<Contour name="d002_c22_SV82" hidden="false" closed="true" simplified="false" border="1 0 0.501961" fill="1 0 0.501961" mode="11"
 points="14.3532 13.2606,
	14.3532 13.2546,
	14.3592 13.2486,
	14.3652 13.2486,
	14.3712 13.2546,
	14.3712 13.2606,
	14.3652 13.2666,
	14.3592 13.2666,
	"/>
<Contour name="d002_c22_SV83" hidden="false" closed="true" simplified="false" border="1 0 0.501961" fill="1 0 0.501961" mode="11"
 points="14.3156 13.2486,
	14.3156 13.2426,
	14.3216 13.2365,
	14.3276 13.2365,
	14.3336 13.2426,
	14.3336 13.2486,
	14.3276 13.2546,
	14.3216 13.2546,
	"/>
<Contour name="d002_c22_SV84" hidden="false" closed="true" simplified="false" border="1 0 0.501961" fill="1 0 0.501961" mode="11"
 points="14.2945 13.1599,
	14.2945 13.1538,
	14.3005 13.1478,
	14.3066 13.1478,
	14.3126 13.1538,
	14.3126 13.1599,
	14.3066 13.1659,
	14.3005 13.1659,
	"/>
<Contour name="d002_c22_SV85" hidden="false" closed="true" simplified="false" border="1 0 0.501961" fill="1 0 0.501961" mode="11"
 points="14.2449 13.2185,
	14.2449 13.2125,
	14.2509 13.2065,
	14.2569 13.2065,
	14.2629 13.2125,
	14.2629 13.2185,
	14.2569 13.2245,
	14.2509 13.2245,
	"/>
<Contour name="d002_c22_SV86" hidden="false" closed="true" simplified="false" border="1 0 0.501961" fill="1 0 0.501961" mode="11"
 points="14.2028 13.1854,
	14.2028 13.1794,
	14.2088 13.1734,
	14.2148 13.1734,
	14.2208 13.1794,
	14.2208 13.1854,
	14.2148 13.1914,
	14.2088 13.1914,
	"/>
<Contour name="d002_c22_SV87" hidden="false" closed="true" simplified="false" border="1 0 0.501961" fill="1 0 0.501961" mode="11"
 points="14.1667 13.238,
	14.1667 13.232,
	14.1727 13.226,
	14.1787 13.226,
	14.1848 13.232,
	14.1848 13.238,
	14.1787 13.2441,
	14.1727 13.2441,
	"/>
<Contour name="d002_c22_SV88" hidden="false" closed="true" simplified="false" border="1 0 0.501961" fill="1 0 0.501961" mode="11"
 points="14.2915 13.3087,
	14.2915 13.3027,
	14.2975 13.2967,
	14.3035 13.2967,
	14.3096 13.3027,
	14.3096 13.3087,
	14.3035 13.3147,
	14.2975 13.3147,
	"/>
<Contour name="d002_c22_SV89" hidden="false" closed="true" simplified="false" border="1 0 0.501961" fill="1 0 0.501961" mode="11"
 points="14.275 13.3583,
	14.275 13.3523,
	14.281 13.3463,
	14.287 13.3463,
	14.293 13.3523,
	14.293 13.3583,
	14.287 13.3643,
	14.281 13.3643,
	"/>
<Contour name="d002_c22_SV90" hidden="false" closed="true" simplified="false" border="1 0 0.501961" fill="1 0 0.501961" mode="11"
 points="14.2028 13.3613,
	14.2028 13.3553,
	14.2088 13.3493,
	14.2148 13.3493,
	14.2208 13.3553,
	14.2208 13.3613,
	14.2148 13.3673,
	14.2088 13.3673,
	"/>
<Contour name="d002_c22_SV91" hidden="false" closed="true" simplified="false" border="1 0 0.501961" fill="1 0 0.501961" mode="11"
 points="14.1096 13.3508,
	14.1096 13.3448,
	14.1156 13.3388,
	14.1216 13.3388,
	14.1276 13.3448,
	14.1276 13.3508,
	14.1216 13.3568,
	14.1156 13.3568,
	"/>
<Contour name="d002_c22_SV92" hidden="false" closed="true" simplified="false" border="1 0 0.501961" fill="1 0 0.501961" mode="11"
 points="14.1156 13.2862,
	14.1156 13.2801,
	14.1216 13.2741,
	14.1276 13.2741,
	14.1336 13.2801,
	14.1336 13.2862,
	14.1276 13.2922,
	14.1216 13.2922,
	"/>
<Contour name="d002_c22_SV93" hidden="false" closed="true" simplified="false" border="1 0 0.501961" fill="1 0 0.501961" mode="11"
 points="14.0825 13.202,
	14.0825 13.1959,
	14.0885 13.1899,
	14.0945 13.1899,
	14.1006 13.1959,
	14.1006 13.202,
	14.0945 13.208,
	14.0885 13.208,
	"/>
</Transform>

<Transform dim="1"
 xcoef=" -3.49122938610076 1 0 0 0 0"
 ycoef=" -0.837474155424023 0 1 0 0 0">
<Contour name="d010_c10_SV308" hidden="false" closed="true" simplified="false" border="1 0 0.502" fill="1 0 0.502" mode="11"
 points="5.96627 22.6944,
	5.96627 22.6842,
	5.97647 22.674,
	5.98667 22.674,
	5.99687 22.6842,
	5.99687 22.6944,
	5.98667 22.7046,
	5.97647 22.7046,
	"/>
</Transform>

<Transform dim="1"
 xcoef=" -3.49122938610076 1 0 0 0 0"
 ycoef=" -0.837474155424023 0 1 0 0 0">
<Contour name="500nm" hidden="false" closed="false" simplified="true" border="0 0 0" fill="0 0 0" mode="13"
 points="14.6018 10.2332,
	15.1062 10.2288,
	"/>
<Contour name="500nm" hidden="false" closed="true" simplified="true" border="0 0 0" fill="0 0 0" mode="13"
 points="14.6106 10.1828,
	15.1177 10.1828,
	15.1177 10.237,
	14.6106 10.237,
	"/>
</Transform>

<Transform dim="1"
 xcoef=" -3.49122938610076 1 0 0 0 0"
 ycoef=" -0.837474155424023 0 1 0 0 0">
<Contour name="d021" hidden="true" closed="true" simplified="true" border="1 0.501961 0.25098" fill="1 1 0" mode="11"
 points="9.97536 29.8441,
	9.97858 29.8294,
	9.98133 29.822,
	9.98248 29.8183,
	9.9834 29.8165,
	9.98386 29.8147,
	9.98731 29.8073,
	9.99029 29.8,
	9.99443 29.7926,
	9.99535 29.7908,
	9.99604 29.7899,
	9.99718 29.7862,
	9.99787 29.7825,
	9.99764 29.7751,
	9.99696 29.7678,
	9.99581 29.7604,
	9.99535 29.7586,
	9.99558 29.7549,
	9.9965 29.7513,
	9.99696 29.7494,
	9.99718 29.7485,
	10.0025 29.7411,
	10.0082 29.7338,
	10.011 29.7301,
	10.0179 29.7228,
	10.0215 29.7191,
	10.0287 29.7127,
	10.0323 29.7094,
	10.0397 29.7037,
	10.0434 29.7005,
	10.0507 29.6959,
	10.0581 29.6904,
	10.0599 29.6897,
	10.0617 29.6883,
	10.0636 29.6874,
	10.0645 29.6872,
	10.0718 29.6826,
	10.0866 29.6727,
	10.0902 29.6702,
	10.0921 29.6688,
	10.0939 29.6679,
	10.1086 29.6561,
	10.1104 29.6545,
	10.1114 29.6536,
	10.1187 29.6497,
	10.1206 29.6488,
	10.1279 29.647,
	10.1353 29.6456,
	10.15 29.6444,
	10.1573 29.6437,
	10.1591 29.6437,
	10.1738 29.6373,
	10.1886 29.6336,
	10.1904 29.6334,
	10.1941 29.632,
	10.1959 29.6313,
	10.1996 29.6293,
	10.2069 29.6242,
	10.2143 29.6185,
	10.218 29.6159,
	10.2253 29.612,
	10.229 29.6102,
	10.2363 29.6058,
	10.2382 29.6045,
	10.2418 29.6026,
	10.2437 29.6012,
	10.2446 29.6008,
	10.2481 29.5976,
	10.2547 29.5902,
	10.2579 29.5865,
	10.2618 29.5792,
	10.2653 29.5718,
	10.2701 29.5571,
	10.2736 29.5498,
	10.2777 29.5424,
	10.2798 29.5388,
	10.2807 29.5369,
	10.2834 29.5332,
	10.2846 29.5314,
	10.2878 29.528,
	10.2894 29.5264,
	10.2896 29.5259,
	10.2915 29.5252,
	10.2988 29.5211,
	10.3025 29.5192,
	10.3043 29.5183,
	10.308 29.5172,
	10.3089 29.5167,
	10.3092 29.5162,
	10.311 29.5158,
	10.3119 29.5158,
	10.3193 29.5133,
	10.3229 29.5119,
	10.3303 29.5107,
	10.3376 29.5103,
	10.3671 29.5098,
	10.3818 29.5094,
	10.3891 29.5091,
	10.3928 29.5091,
	10.4001 29.5084,
	10.4038 29.5082,
	10.4075 29.5071,
	10.4148 29.5061,
	10.4185 29.5059,
	10.4259 29.5048,
	10.4406 29.5036,
	10.4479 29.5038,
	10.4626 29.5054,
	10.47 29.5071,
	10.4736 29.5075,
	10.481 29.5105,
	10.4819 29.5105,
	10.4966 29.5176,
	10.5113 29.5275,
	10.526 29.5381,
	10.5297 29.5406,
	10.5334 29.5427,
	10.5352 29.5438,
	10.5361 29.5443,
	10.5398 29.5477,
	10.5472 29.5537,
	10.549 29.5551,
	10.5784 29.5831,
	10.5929 29.5973,
	10.6069 29.612,
	10.6087 29.6136,
	10.6096 29.6146,
	10.6113 29.6155,
	10.6142 29.6192,
	10.6161 29.621,
	10.6218 29.6284,
	10.6246 29.632,
	10.6269 29.6357,
	10.6345 29.6504,
	10.6365 29.6541,
	10.6425 29.6688,
	10.6455 29.6761,
	10.6464 29.678,
	10.6498 29.6927,
	10.6517 29.7,
	10.6606 29.7294,
	10.6618 29.7331,
	10.6623 29.7349,
	10.6632 29.7368,
	10.6636 29.7377,
	10.6636 29.7382,
	10.6643 29.7391,
	10.6664 29.7464,
	10.6726 29.7611,
	10.6797 29.7758,
	10.6836 29.7832,
	10.6871 29.7905,
	10.6889 29.7942,
	10.6912 29.7979,
	10.6986 29.8126,
	10.7064 29.8273,
	10.7146 29.842,
	10.7183 29.8494,
	10.7215 29.8567,
	10.7268 29.8714,
	10.7307 29.8861,
	10.7339 29.9008,
	10.7355 29.9082,
	10.7367 29.9155,
	10.7371 29.9192,
	10.7367 29.9339,
	10.7362 29.9412,
	10.7342 29.9559,
	10.733 29.9633,
	10.7263 29.9927,
	10.7252 30.0001,
	10.7247 30.0037,
	10.7245 30.0046,
	10.7298 30.0341,
	10.7321 30.0488,
	10.7328 30.0524,
	10.7335 30.0671,
	10.7337 30.0708,
	10.7328 30.0855,
	10.7316 30.0929,
	10.7309 30.1076,
	10.7293 30.1223,
	10.7286 30.1296,
	10.7263 30.1443,
	10.7252 30.1517,
	10.7227 30.159,
	10.7215 30.1627,
	10.7181 30.1701,
	10.7165 30.1737,
	10.7075 30.1884,
	10.6992 30.2031,
	10.6974 30.2068,
	10.6965 30.2087,
	10.694 30.216,
	10.693 30.2178,
	10.6907 30.2252,
	10.6891 30.2289,
	10.6795 30.2436,
	10.677 30.2472,
	10.6756 30.2491,
	10.6721 30.2528,
	10.6648 30.2592,
	10.6629 30.2606,
	10.6556 30.2647,
	10.6482 30.2677,
	10.6446 30.2691,
	10.6427 30.2695,
	10.6418 30.2698,
	10.6381 30.2691,
	10.6363 30.2688,
	10.6289 30.2663,
	10.6216 30.2652,
	10.6179 30.2647,
	10.6161 30.2645,
	10.6124 30.2652,
	10.6115 30.2652,
	10.6078 30.267,
	10.606 30.2684,
	10.6005 30.2757,
	10.5956 30.2831,
	10.5915 30.2904,
	10.5903 30.2923,
	10.5899 30.2932,
	10.589 30.2941,
	10.5878 30.2978,
	10.5848 30.301,
	10.5775 30.3051,
	10.574 30.3074,
	10.5669 30.3146,
	10.5547 30.3293,
	10.5534 30.3311,
	10.5515 30.3348,
	10.5513 30.3357,
	10.5506 30.3366,
	10.5499 30.3384,
	10.5488 30.3403,
	10.5488 30.3407,
	10.5476 30.3426,
	10.5462 30.3463,
	10.5456 30.3472,
	10.5449 30.349,
	10.5442 30.3499,
	10.5439 30.3509,
	10.5435 30.3513,
	10.5433 30.3522,
	10.5419 30.3541,
	10.5403 30.3577,
	10.5393 30.3596,
	10.5387 30.3605,
	10.538 30.3623,
	10.5375 30.3628,
	10.5373 30.3637,
	10.5368 30.3642,
	10.5366 30.3651,
	10.5318 30.3724,
	10.5304 30.3743,
	10.5263 30.3816,
	10.5246 30.3853,
	10.5237 30.3872,
	10.5237 30.3876,
	10.5233 30.3881,
	10.5228 30.3899,
	10.5221 30.3908,
	10.5217 30.3927,
	10.5214 30.3936,
	10.5203 30.3954,
	10.5173 30.4028,
	10.5155 30.4064,
	10.5155 30.4069,
	10.515 30.4074,
	10.5148 30.4083,
	10.5125 30.412,
	10.5118 30.4138,
	10.5093 30.4175,
	10.5058 30.4212,
	10.504 30.423,
	10.5033 30.4239,
	10.4996 30.4264,
	10.4959 30.4299,
	10.4923 30.4313,
	10.4886 30.4322,
	10.4812 30.4329,
	10.4665 30.4299,
	10.4656 30.4299,
	10.4638 30.429,
	10.4564 30.4276,
	10.4527 30.4267,
	10.4509 30.4264,
	10.45 30.426,
	10.4495 30.426,
	10.4486 30.4253,
	10.4449 30.4244,
	10.4431 30.4237,
	10.4394 30.423,
	10.4357 30.4218,
	10.4321 30.4212,
	10.4174 30.4166,
	10.4164 30.4166,
	10.4091 30.4136,
	10.3944 30.4085,
	10.3939 30.4085,
	10.3935 30.4081,
	10.3898 30.4074,
	10.3861 30.4062,
	10.3714 30.403,
	10.3677 30.4021,
	10.3604 30.3991,
	10.3586 30.3982,
	10.3576 30.3979,
	10.354 30.3954,
	10.3466 30.3915,
	10.3319 30.3849,
	10.3246 30.3816,
	10.3227 30.3807,
	10.3154 30.3789,
	10.308 30.3752,
	10.3043 30.3731,
	10.3007 30.3706,
	10.297 30.3685,
	10.2823 30.3577,
	10.2749 30.3522,
	10.2602 30.338,
	10.2529 30.3309,
	10.2455 30.3242,
	10.2418 30.3205,
	10.2382 30.3173,
	10.2311 30.31,
	10.2239 30.3031,
	10.2223 30.3017,
	10.2152 30.2943,
	10.2118 30.2907,
	10.206 30.2833,
	10.2035 30.2796,
	10.1998 30.2767,
	10.1853 30.2626,
	10.1789 30.2553,
	10.1716 30.2484,
	10.1647 30.241,
	10.1582 30.2337,
	10.1552 30.23,
	10.1412 30.2153,
	10.1341 30.208,
	10.1194 30.1946,
	10.113 30.1875,
	10.11 30.1838,
	10.1049 30.1765,
	10.0937 30.1618,
	10.0923 30.1599,
	10.0902 30.1563,
	10.0891 30.1547,
	10.0888 30.1537,
	10.0884 30.1533,
	10.0877 30.1514,
	10.0852 30.1478,
	10.084 30.1462,
	10.0836 30.1452,
	10.0806 30.1418,
	10.0799 30.1409,
	10.0799 30.1404,
	10.0783 30.1386,
	10.0774 30.1367,
	10.076 30.1349,
	10.0751 30.1331,
	10.0746 30.1322,
	10.0686 30.1248,
	10.0654 30.1211,
	10.0636 30.1195,
	10.0601 30.117,
	10.0528 30.1131,
	10.0519 30.1129,
	10.0484 30.1106,
	10.0447 30.1087,
	10.0429 30.1076,
	10.042 30.1073,
	10.0415 30.1069,
	10.0406 30.1066,
	10.0333 30.1014,
	10.0296 30.0993,
	10.0259 30.0968,
	10.025 30.0959,
	10.0241 30.0954,
	10.0222 30.0936,
	10.0208 30.0919,
	10.019 30.0901,
	10.0172 30.089,
	10.011 30.0818,
	10.0091 30.0782,
	10.0071 30.0708,
	10.0061 30.0671,
	10.0055 30.0598,
	10.0052 30.0451,
	10.0055 30.0304,
	10.0048 30.0157,
	10.0034 30.0083,
	10.0027 30.0046,
	9.99764 29.9899,
	9.99167 29.9752,
	9.98685 29.9605,
	9.98271 29.9458,
	9.98133 29.9422,
	9.98064 29.9348,
	9.9795 29.9054,
	9.97904 29.9017,
	9.97881 29.8944,
	9.97766 29.887,
	9.97605 29.8797,
	9.97536 29.8723,
	9.97536 29.8576,
	9.97536 29.8503,
	9.97536 29.8466,
	9.97536 29.8448,
	9.97536 29.8443,
	"/>
</Transform>

<Transform dim="1"
 xcoef=" -3.49122938610076 1 0 0 0 0"
 ycoef=" -0.837474155424023 0 1 0 0 0">
<Contour name="D023" comment="2019-04-03_zal" hidden="false" closed="true" simplified="true" border="0 0.502 0.753" fill="0 0.502 0.753" mode="11"
 points="10.9846 29.512,
	10.9854 29.4942,
	10.9878 29.4765,
	10.9918 29.4591,
	10.9974 29.442,
	11.0046 29.4253,
	11.0132 29.4091,
	11.0233 29.3936,
	11.0347 29.3789,
	11.0475 29.3649,
	11.0614 29.3519,
	11.0766 29.3399,
	11.0927 29.329,
	11.1098 29.3192,
	11.1278 29.3106,
	11.1464 29.3032,
	11.1657 29.2972,
	11.1855 29.2925,
	11.2056 29.2892,
	11.226 29.2873,
	11.2464 29.2867,
	11.2669 29.2876,
	11.2872 29.2899,
	11.3073 29.2935,
	11.3269 29.2986,
	11.346 29.3049,
	11.3645 29.3126,
	11.3823 29.3215,
	11.3992 29.3316,
	11.4151 29.3428,
	11.4299 29.3551,
	11.4436 29.3683,
	11.456 29.3825,
	11.4671 29.3974,
	11.4768 29.4131,
	11.4851 29.4294,
	11.4918 29.4462,
	11.497 29.4634,
	11.5007 29.4809,
	11.5027 29.4986,
	11.5031 29.5164,
	11.5019 29.5342,
	11.4991 29.5518,
	11.4946 29.5692,
	11.4887 29.5862,
	11.4811 29.6028,
	11.4722 29.6188,
	11.4617 29.6341,
	11.45 29.6487,
	11.4369 29.6624,
	11.4226 29.6752,
	11.4072 29.6869,
	11.3908 29.6976,
	11.3735 29.7071,
	11.3554 29.7154,
	11.3365 29.7224,
	11.3171 29.7281,
	11.2973 29.7324,
	11.2771 29.7354,
	11.2567 29.737,
	11.2362 29.7372,
	11.2157 29.7359,
	11.1955 29.7333,
	11.1755 29.7293,
	11.156 29.7239,
	11.137 29.7172,
	11.1187 29.7093,
	11.1012 29.7001,
	11.0845 29.6897,
	11.0689 29.6782,
	11.0543 29.6657,
	11.0409 29.6522,
	11.0288 29.6378,
	11.0181 29.6227,
	11.0087 29.6069,
	11.0008 29.5904,
	10.9944 29.5735,
	10.9896 29.5562,
	10.9864 29.5386,
	"/>
</Transform>

<Transform dim="1"
 xcoef=" -3.49122938610076 1 0 0 0 0"
 ycoef=" -0.837474155424023 0 1 0 0 0">
<Contour name="D024" comment="2019-04-03_zal" hidden="false" closed="true" simplified="true" border="0 0.502 0.753" fill="0 0.502 0.753" mode="11"
 points="27.3088 33.2554,
	27.3177 33.1595,
	27.3434 33.073,
	27.3836 33.0043,
	27.4342 32.9602,
	27.4903 32.945,
	27.5464 32.9602,
	27.597 33.0043,
	27.6371 33.073,
	27.6629 33.1595,
	27.6718 33.2554,
	27.6629 33.3513,
	27.6371 33.4378,
	27.597 33.5064,
	27.5464 33.5505,
	27.4903 33.5657,
	27.4342 33.5505,
	27.3836 33.5064,
	27.3434 33.4378,
	"/>
</Transform>

<Transform dim="0"
 xcoef=" 0 1 0 0 0 0"
 ycoef=" 0 0 1 0 0 0">
<Contour name="d021_p29" comment="04-04-19 zal" hidden="false" closed="true" simplified="true" border="1 1 0" fill="1 1 0" mode="11"
 points="14.3875 31.1737,
	14.3896 31.1625,
	14.3903 31.1597,
	14.3917 31.1583,
	14.3924 31.1527,
	14.3938 31.1499,
	14.3959 31.1386,
	14.3981 31.133,
	14.3995 31.1302,
	14.3995 31.1288,
	14.4009 31.1281,
	14.403 31.1225,
	14.4037 31.1197,
	14.4072 31.1141,
	14.4086 31.1127,
	14.4107 31.1071,
	14.4177 31.0966,
	14.4254 31.0875,
	14.4352 31.0804,
	14.4408 31.0769,
	14.4415 31.0755,
	14.4429 31.0755,
	14.4478 31.0713,
	14.4506 31.0713,
	14.4513 31.0699,
	14.4738 31.0706,
	14.4766 31.0713,
	14.478 31.0727,
	14.4794 31.0727,
	14.4808 31.0741,
	14.4864 31.0755,
	14.4892 31.0776,
	14.492 31.0783,
	14.4948 31.0804,
	14.5004 31.0825,
	14.5025 31.0853,
	14.5053 31.086,
	14.5074 31.0882,
	14.5088 31.0882,
	14.5144 31.0924,
	14.525 31.0987,
	14.5355 31.1078,
	14.5383 31.1106,
	14.5446 31.1204,
	14.5474 31.1253,
	14.5488 31.1281,
	14.5502 31.1295,
	14.5502 31.1323,
	14.5523 31.1344,
	14.553 31.1372,
	14.5551 31.1393,
	14.5551 31.1407,
	14.5628 31.152,
	14.5677 31.1632,
	14.5698 31.1667,
	14.5719 31.1723,
	14.5733 31.1751,
	14.5733 31.1765,
	14.5747 31.1779,
	14.5747 31.1793,
	14.5761 31.18,
	14.5768 31.1828,
	14.5768 31.1842,
	14.5782 31.1856,
	14.5782 31.1884,
	14.5803 31.194,
	14.5818 31.1954,
	14.5888 31.2179,
	14.5895 31.2207,
	14.5895 31.2221,
	14.5909 31.2235,
	14.593 31.2347,
	14.5944 31.2571,
	14.5944 31.2683,
	14.5944 31.2712,
	14.593 31.274,
	14.593 31.2768,
	14.5909 31.2824,
	14.5895 31.2852,
	14.5888 31.2908,
	14.5846 31.302,
	14.5818 31.3132,
	14.5796 31.3188,
	14.5789 31.3216,
	14.5719 31.3329,
	14.5684 31.3378,
	14.5593 31.3448,
	14.5565 31.3469,
	14.5453 31.349,
	14.5229 31.3483,
	14.5116 31.3462,
	14.5004 31.3455,
	14.4948 31.3448,
	14.4836 31.3413,
	14.4822 31.3399,
	14.4717 31.3364,
	14.4513 31.323,
	14.4499 31.323,
	14.445 31.3188,
	14.4422 31.3181,
	14.4317 31.3104,
	14.4205 31.2999,
	14.4198 31.2971,
	14.417 31.295,
	14.4114 31.2845,
	14.4107 31.2817,
	14.4086 31.2796,
	14.4079 31.2768,
	14.4058 31.274,
	14.4016 31.2634,
	14.4016 31.262,
	14.4002 31.2613,
	14.3938 31.2389,
	14.3931 31.2333,
	14.391 31.2277,
	14.391 31.2249,
	14.3896 31.2221,
	14.3875 31.1996,
	14.3875 31.1772,
	14.3875 31.1744,
	"/>
</Transform>

<Transform dim="0"
 xcoef=" 0 1 0 0 0 0"
 ycoef=" 0 0 1 0 0 0">
<Contour name="d021_p30" comment="04-04-19 zal" hidden="false" closed="true" simplified="true" border="1 1 0" fill="1 1 0" mode="11"
 points="13.4656 31.9765,
	13.4683 31.9711,
	13.4703 31.9684,
	13.471 31.9657,
	13.4804 31.959,
	13.4851 31.9563,
	13.4878 31.9543,
	13.4892 31.9529,
	13.4905 31.9529,
	13.4966 31.9489,
	13.5074 31.9448,
	13.5087 31.9448,
	13.5101 31.9435,
	13.5128 31.9435,
	13.5235 31.9394,
	13.5343 31.9374,
	13.5397 31.9374,
	13.5505 31.9354,
	13.5937 31.9347,
	13.6152 31.9354,
	13.6166 31.9354,
	13.6179 31.9367,
	13.6193 31.9367,
	13.6206 31.9381,
	13.6233 31.9381,
	13.6247 31.9394,
	13.6274 31.9394,
	13.6321 31.9415,
	13.6348 31.9421,
	13.6361 31.9421,
	13.6402 31.9462,
	13.6456 31.9509,
	13.653 31.9583,
	13.6557 31.961,
	13.6557 31.9624,
	13.657 31.9637,
	13.657 31.9651,
	13.6611 31.9691,
	13.6611 31.9705,
	13.6658 31.9758,
	13.6692 31.9799,
	13.6732 31.9853,
	13.684 31.9934,
	13.6948 31.9981,
	13.6975 31.9981,
	13.6982 31.9994,
	13.7009 31.9994,
	13.711 32.0042,
	13.7164 32.0075,
	13.7218 32.0096,
	13.7244 32.0102,
	13.7265 32.0122,
	13.7278 32.0122,
	13.7292 32.0136,
	13.7305 32.0136,
	13.7332 32.0156,
	13.7346 32.0156,
	13.744 32.0257,
	13.7514 32.0365,
	13.7568 32.0473,
	13.7582 32.05,
	13.7582 32.0514,
	13.7609 32.054,
	13.7649 32.0648,
	13.7669 32.0756,
	13.7703 32.0864,
	13.771 32.108,
	13.7689 32.1188,
	13.7689 32.1201,
	13.7676 32.1215,
	13.7635 32.1322,
	13.7521 32.1518,
	13.7521 32.1545,
	13.7507 32.1552,
	13.7507 32.1579,
	13.7494 32.1606,
	13.7487 32.166,
	13.7487 32.1687,
	13.7474 32.1714,
	13.7467 32.1929,
	13.7453 32.2037,
	13.744 32.2051,
	13.742 32.2105,
	13.742 32.2118,
	13.7379 32.2165,
	13.7352 32.2185,
	13.7325 32.2192,
	13.7312 32.2206,
	13.7204 32.2219,
	13.715 32.2219,
	13.7096 32.2206,
	13.7076 32.2199,
	13.7069 32.2185,
	13.7015 32.2179,
	13.7002 32.2179,
	13.6995 32.2165,
	13.6968 32.2165,
	13.686 32.2125,
	13.6752 32.2071,
	13.6698 32.2037,
	13.6671 32.2024,
	13.6665 32.201,
	13.6618 32.199,
	13.651 32.1929,
	13.6334 32.1801,
	13.6233 32.172,
	13.6179 32.168,
	13.6152 32.166,
	13.6125 32.1653,
	13.6119 32.1639,
	13.6105 32.1639,
	13.6085 32.1612,
	13.6058 32.1606,
	13.5964 32.1518,
	13.5943 32.1491,
	13.593 32.1484,
	13.593 32.1471,
	13.5903 32.1444,
	13.5883 32.1437,
	13.5802 32.1349,
	13.5768 32.1309,
	13.5755 32.1289,
	13.5741 32.1282,
	13.5734 32.1255,
	13.5694 32.1208,
	13.5674 32.1188,
	13.5667 32.1161,
	13.56 32.1053,
	13.5579 32.1033,
	13.5579 32.1019,
	13.5559 32.0999,
	13.5559 32.0985,
	13.5525 32.0931,
	13.5505 32.0905,
	13.5505 32.0891,
	13.5492 32.0884,
	13.5492 32.0871,
	13.5478 32.0864,
	13.5478 32.0851,
	13.5444 32.0803,
	13.5431 32.079,
	13.5431 32.0776,
	13.5397 32.0743,
	13.5397 32.0729,
	13.5343 32.0682,
	13.5276 32.0581,
	13.5188 32.0487,
	13.5107 32.0406,
	13.5067 32.0365,
	13.5013 32.0331,
	13.4946 32.0237,
	13.4898 32.0197,
	13.4831 32.0096,
	13.4764 32.0008,
	13.473 31.9961,
	13.4723 31.9934,
	13.4723 31.992,
	13.4683 31.9866,
	13.4662 31.9812,
	13.4656 31.9785,
	13.4656 31.9772,
	"/>
</Transform>

<Transform dim="1"
 xcoef=" 1.13 1 0 0 0 0"
 ycoef=" -0.27 0 1 0 0 0">
<Contour name="d021_cl14_asyn" hidden="false" closed="true" simplified="true" border="0 1 1" fill="1 1 0" mode="11"
 points="14.6004 30.409,
	14.6036 30.3943,
	14.6064 30.3869,
	14.6075 30.3832,
	14.6085 30.3814,
	14.6089 30.3796,
	14.6124 30.3722,
	14.6153 30.3649,
	14.6195 30.3575,
	14.6204 30.3557,
	14.6211 30.3548,
	14.6222 30.3511,
	14.6229 30.3474,
	14.6227 30.34,
	14.622 30.3327,
	14.6209 30.3253,
	14.6204 30.3235,
	14.6206 30.3198,
	14.6216 30.3162,
	14.622 30.3143,
	14.6222 30.3134,
	14.6276 30.306,
	14.6333 30.2987,
	14.6361 30.295,
	14.643 30.2877,
	14.6466 30.284,
	14.6538 30.2776,
	14.6574 30.2743,
	14.6648 30.2686,
	14.6685 30.2654,
	14.6758 30.2608,
	14.6832 30.2553,
	14.685 30.2546,
	14.6868 30.2532,
	14.6887 30.2523,
	14.6896 30.2521,
	14.6969 30.2475,
	14.7117 30.2376,
	14.7153 30.2351,
	14.7172 30.2337,
	14.719 30.2328,
	14.7337 30.221,
	14.7355 30.2194,
	14.7365 30.2185,
	14.7438 30.2146,
	14.7457 30.2137,
	14.753 30.2119,
	14.7604 30.2105,
	14.7751 30.2093,
	14.7824 30.2086,
	14.7842 30.2086,
	14.7989 30.2022,
	14.8137 30.1985,
	14.8155 30.1983,
	14.8192 30.1969,
	14.821 30.1962,
	14.8247 30.1942,
	14.832 30.1891,
	14.8394 30.1834,
	14.8431 30.1808,
	14.8504 30.1769,
	14.8541 30.1751,
	14.8614 30.1707,
	14.8633 30.1694,
	14.8669 30.1675,
	14.8688 30.1661,
	14.8697 30.1657,
	14.8732 30.1625,
	14.8798 30.1551,
	14.883 30.1514,
	14.8869 30.1441,
	14.8904 30.1367,
	14.8952 30.122,
	14.8987 30.1147,
	14.9028 30.1073,
	14.9049 30.1037,
	14.9058 30.1018,
	14.9085 30.0981,
	14.9097 30.0963,
	14.9129 30.0929,
	14.9145 30.0913,
	14.9147 30.0908,
	14.9166 30.0901,
	14.9239 30.086,
	14.9276 30.0841,
	14.9294 30.0832,
	14.9331 30.0821,
	14.934 30.0816,
	14.9343 30.0811,
	14.9361 30.0807,
	14.937 30.0807,
	14.9444 30.0782,
	14.948 30.0768,
	14.9554 30.0756,
	14.9627 30.0752,
	14.9922 30.0747,
	15.0069 30.0743,
	15.0142 30.074,
	15.0179 30.074,
	15.0252 30.0733,
	15.0289 30.0731,
	15.0326 30.072,
	15.0399 30.071,
	15.0436 30.0708,
	15.051 30.0697,
	15.0657 30.0685,
	15.073 30.0687,
	15.0877 30.0703,
	15.0951 30.072,
	15.0987 30.0724,
	15.1061 30.0754,
	15.107 30.0754,
	15.1217 30.0825,
	15.1364 30.0924,
	15.1511 30.103,
	15.1548 30.1055,
	15.1585 30.1076,
	15.1603 30.1087,
	15.1612 30.1092,
	15.1649 30.1126,
	15.1723 30.1186,
	15.1741 30.12,
	15.2035 30.148,
	15.218 30.1622,
	15.232 30.1769,
	15.2338 30.1785,
	15.2347 30.1795,
	15.2364 30.1804,
	15.2393 30.1841,
	15.2412 30.1859,
	15.2469 30.1933,
	15.2497 30.1969,
	15.252 30.2006,
	15.2596 30.2153,
	15.2616 30.219,
	15.2676 30.2337,
	15.2706 30.241,
	15.2715 30.2429,
	15.2749 30.2576,
	15.2768 30.2649,
	15.2857 30.2943,
	15.2869 30.298,
	15.2874 30.2998,
	15.2883 30.3017,
	15.2887 30.3026,
	15.2887 30.3031,
	15.2894 30.304,
	15.2915 30.3113,
	15.2977 30.326,
	15.3048 30.3407,
	15.3087 30.3481,
	15.3122 30.3554,
	15.314 30.3591,
	15.3163 30.3628,
	15.3237 30.3775,
	15.3315 30.3922,
	15.3397 30.4069,
	15.3434 30.4143,
	15.3466 30.4216,
	15.3519 30.4363,
	15.3558 30.451,
	15.359 30.4657,
	15.3606 30.4731,
	15.3618 30.4804,
	15.3622 30.4841,
	15.3618 30.4988,
	15.3613 30.5061,
	15.3593 30.5208,
	15.3581 30.5282,
	15.3514 30.5576,
	15.3503 30.565,
	15.3498 30.5686,
	15.3496 30.5695,
	15.3549 30.599,
	15.3572 30.6137,
	15.3579 30.6173,
	15.3586 30.632,
	15.3588 30.6357,
	15.3579 30.6504,
	15.3567 30.6578,
	15.356 30.6725,
	15.3544 30.6872,
	15.3537 30.6945,
	15.3514 30.7092,
	15.3503 30.7166,
	15.3478 30.7239,
	15.3466 30.7276,
	15.3432 30.735,
	15.3416 30.7386,
	15.3326 30.7533,
	15.3243 30.768,
	15.3225 30.7717,
	15.3216 30.7736,
	15.3191 30.7809,
	15.3181 30.7827,
	15.3158 30.7901,
	15.3142 30.7938,
	15.3046 30.8085,
	15.3021 30.8121,
	15.3007 30.814,
	15.2972 30.8177,
	15.2899 30.8241,
	15.288 30.8255,
	15.2807 30.8296,
	15.2733 30.8326,
	15.2697 30.834,
	15.2678 30.8344,
	15.2669 30.8347,
	15.2632 30.834,
	15.2614 30.8337,
	15.254 30.8312,
	15.2467 30.8301,
	15.243 30.8296,
	15.2412 30.8294,
	15.2375 30.8301,
	15.2366 30.8301,
	15.2329 30.8319,
	15.2311 30.8333,
	15.2256 30.8406,
	15.2207 30.848,
	15.2166 30.8553,
	15.2154 30.8572,
	15.215 30.8581,
	15.2141 30.859,
	15.2129 30.8627,
	15.2099 30.8659,
	15.2026 30.87,
	15.1991 30.8723,
	15.192 30.8795,
	15.1798 30.8942,
	15.1785 30.896,
	15.1766 30.8997,
	15.1764 30.9006,
	15.1757 30.9015,
	15.175 30.9033,
	15.1739 30.9052,
	15.1739 30.9056,
	15.1727 30.9075,
	15.1713 30.9112,
	15.1707 30.9121,
	15.17 30.9139,
	15.1693 30.9148,
	15.169 30.9158,
	15.1686 30.9162,
	15.1684 30.9171,
	15.167 30.919,
	15.1654 30.9226,
	15.1644 30.9245,
	15.1638 30.9254,
	15.1631 30.9272,
	15.1626 30.9277,
	15.1624 30.9286,
	15.1619 30.9291,
	15.1617 30.93,
	15.1569 30.9373,
	15.1555 30.9392,
	15.1514 30.9465,
	15.1497 30.9502,
	15.1488 30.9521,
	15.1488 30.9525,
	15.1484 30.953,
	15.1479 30.9548,
	15.1472 30.9557,
	15.1468 30.9576,
	15.1465 30.9585,
	15.1454 30.9603,
	15.1424 30.9677,
	15.1406 30.9713,
	15.1406 30.9718,
	15.1401 30.9723,
	15.1399 30.9732,
	15.1376 30.9769,
	15.1369 30.9787,
	15.1344 30.9824,
	15.1309 30.9861,
	15.1291 30.9879,
	15.1284 30.9888,
	15.1247 30.9913,
	15.121 30.9948,
	15.1174 30.9962,
	15.1137 30.9971,
	15.1063 30.9978,
	15.0916 30.9948,
	15.0907 30.9948,
	15.0889 30.9939,
	15.0815 30.9925,
	15.0778 30.9916,
	15.076 30.9913,
	15.0751 30.9909,
	15.0746 30.9909,
	15.0737 30.9902,
	15.07 30.9893,
	15.0682 30.9886,
	15.0645 30.9879,
	15.0608 30.9867,
	15.0572 30.9861,
	15.0425 30.9815,
	15.0415 30.9815,
	15.0342 30.9785,
	15.0195 30.9734,
	15.019 30.9734,
	15.0186 30.973,
	15.0149 30.9723,
	15.0112 30.9711,
	14.9965 30.9679,
	14.9928 30.967,
	14.9855 30.964,
	14.9837 30.9631,
	14.9827 30.9628,
	14.9791 30.9603,
	14.9717 30.9564,
	14.957 30.9498,
	14.9497 30.9465,
	14.9478 30.9456,
	14.9405 30.9438,
	14.9331 30.9401,
	14.9294 30.938,
	14.9258 30.9355,
	14.9221 30.9334,
	14.9074 30.9226,
	14.9 30.9171,
	14.8853 30.9029,
	14.878 30.8958,
	14.8706 30.8891,
	14.8669 30.8854,
	14.8633 30.8822,
	14.8562 30.8749,
	14.849 30.868,
	14.8474 30.8666,
	14.8403 30.8592,
	14.8369 30.8556,
	14.8311 30.8482,
	14.8286 30.8445,
	14.8249 30.8416,
	14.8104 30.8275,
	14.804 30.8202,
	14.7967 30.8133,
	14.7898 30.8059,
	14.7833 30.7986,
	14.7803 30.7949,
	14.7663 30.7802,
	14.7592 30.7729,
	14.7445 30.7595,
	14.7381 30.7524,
	14.7351 30.7487,
	14.73 30.7414,
	14.7188 30.7267,
	14.7174 30.7248,
	14.7153 30.7212,
	14.7142 30.7196,
	14.7139 30.7186,
	14.7135 30.7182,
	14.7128 30.7163,
	14.7103 30.7127,
	14.7091 30.7111,
	14.7087 30.7101,
	14.7057 30.7067,
	14.705 30.7058,
	14.705 30.7053,
	14.7034 30.7035,
	14.7025 30.7016,
	14.7011 30.6998,
	14.7002 30.698,
	14.6997 30.6971,
	14.6937 30.6897,
	14.6905 30.686,
	14.6887 30.6844,
	14.6852 30.6819,
	14.6779 30.678,
	14.677 30.6778,
	14.6735 30.6755,
	14.6698 30.6736,
	14.668 30.6725,
	14.6671 30.6722,
	14.6666 30.6718,
	14.6657 30.6715,
	14.6584 30.6663,
	14.6547 30.6642,
	14.651 30.6617,
	14.6501 30.6608,
	14.6492 30.6603,
	14.6473 30.6585,
	14.6459 30.6568,
	14.6441 30.655,
	14.6423 30.6539,
	14.6361 30.6467,
	14.6342 30.6431,
	14.6322 30.6357,
	14.6312 30.632,
	14.6306 30.6247,
	14.6303 30.61,
	14.6306 30.5953,
	14.6299 30.5806,
	14.6285 30.5732,
	14.6278 30.5695,
	14.6227 30.5548,
	14.6167 30.5401,
	14.6119 30.5254,
	14.6078 30.5107,
	14.6064 30.5071,
	14.6057 30.4997,
	14.6046 30.4703,
	14.6041 30.4666,
	14.6039 30.4593,
	14.6027 30.4519,
	14.6011 30.4446,
	14.6004 30.4372,
	14.6004 30.4225,
	14.6004 30.4152,
	14.6004 30.4115,
	14.6004 30.4097,
	14.6004 30.4092,
	"/>
</Transform>

<Transform dim="3"
 xcoef=" 3.8437482252837 1.0087321555555 -0.283173160031591 0 0 0"
 ycoef=" -14.1361845823554 0.256781823945181 0.921714045780339 0 0 0">
<Image mag="0.00254" contrast="1.34505" brightness="-0.54" red="true" green="true" blue="true"
 src="163____z162.0.tif" />
<Contour name="domain1" hidden="false" closed="true" simplified="false" border="1 0 1" fill="1 0 1" mode="11"
 points="0 0,
	18911 0,
	18911 18431,
	0 18431,
	"/>
</Transform>

</Section>