<?xml version="1.0"?>
<!DOCTYPE Section SYSTEM "section.dtd">

<Section index="44" thickness="0.056" alignLocked="false">
<Transform dim="6"
 xcoef=" 1.88401238748609 0.994459677156117 -0.158334686317976 0 0 0"
 ycoef=" -2.59088625647115 -0.00464703286840099 0.937040954608279 0 0 0">
<Contour name="d003" hidden="false" closed="true" simplified="true" border="1 0.502 0.251" fill="1 1 0" mode="13"
 points="23.5598 6.13133,
	23.571 6.1163,
	23.6913 6.09751,
	23.7063 6.09376,
	23.7664 6.09751,
	23.8265 6.09376,
	23.8866 6.06746,
	23.9167 6.04867,
	23.9467 6.0374,
	24.0068 6.03365,
	24.1271 6.0374,
	24.1872 6.02989,
	24.2172 6.02237,
	24.2323 6.01486,
	24.2623 5.98856,
	24.2698 5.98105,
	24.3299 5.96602,
	24.5704 5.94348,
	24.5817 5.93972,
	24.6117 5.94348,
	24.6418 5.93597,
	24.762 5.93221,
	24.777 5.93221,
	24.8371 5.90215,
	24.8972 5.87961,
	24.9574 5.87585,
	25.0776 5.88712,
	25.1978 5.88337,
	25.318 5.8721,
	25.3781 5.8721,
	25.4984 5.83453,
	25.5284 5.81574,
	25.6449 5.77066,
	25.6599 5.75939,
	25.69 5.74812,
	25.705 5.74436,
	25.7087 5.7406,
	25.7388 5.74436,
	25.7989 5.73309,
	26.2798 5.71431,
	26.4 5.71431,
	26.4601 5.71806,
	26.4902 5.71806,
	26.5202 5.72558,
	26.6405 5.73309,
	26.7006 5.7406,
	26.7607 5.75563,
	26.7907 5.75939,
	26.8208 5.77066,
	26.941 5.7932,
	27.0011 5.79696,
	27.0612 5.7932,
	27.1213 5.78193,
	27.1514 5.77442,
	27.1664 5.77442,
	27.1965 5.76315,
	27.2265 5.7669,
	27.2566 5.77817,
	27.2867 5.79696,
	27.2904 5.80447,
	27.2867 5.81199,
	27.2904 5.82701,
	27.2942 5.83453,
	27.2679 5.89464,
	27.2566 5.92469,
	27.2303 5.95099,
	27.2002 5.96978,
	27.189 5.97729,
	27.1326 6.02613,
	27.0725 6.06746,
	27.0462 6.09376,
	27.0199 6.11254,
	26.9598 6.13508,
	26.9034 6.18392,
	26.8734 6.20646,
	26.8659 6.20646,
	26.8508 6.21774,
	26.8358 6.22149,
	26.8208 6.23652,
	26.7607 6.27409,
	26.7306 6.28536,
	26.7156 6.28912,
	26.7006 6.30039,
	26.6855 6.30415,
	26.6555 6.32669,
	26.6442 6.3342,
	26.6292 6.34923,
	26.6142 6.35674,
	26.6066 6.36426,
	26.5916 6.36426,
	26.5616 6.37928,
	26.5315 6.40183,
	26.4714 6.43564,
	26.4564 6.43939,
	26.4489 6.44691,
	26.4413 6.44691,
	26.415 6.46569,
	26.4075 6.46945,
	26.4075 6.47696,
	26.3624 6.5258,
	26.3361 6.5521,
	26.2986 6.61221,
	26.2723 6.63851,
	26.2648 6.64603,
	26.2648 6.65354,
	26.2122 6.70614,
	26.1821 6.72492,
	26.1671 6.73619,
	26.137 6.74371,
	26.0769 6.73995,
	26.0168 6.70614,
	26.0018 6.69862,
	25.9943 6.69862,
	25.9868 6.69111,
	25.8665 6.67984,
	25.7463 6.69111,
	25.6261 6.68735,
	25.3856 6.69111,
	25.3556 6.69487,
	25.3406 6.69862,
	25.2203 6.68735,
	25.1001 6.68735,
	25.04 6.67984,
	25.0099 6.67233,
	25.0024 6.67233,
	24.9949 6.66481,
	24.9799 6.66105,
	24.9498 6.64227,
	24.8296 6.60094,
	24.7094 6.59719,
	24.6493 6.58967,
	24.5291 6.55586,
	24.4689 6.54083,
	24.4539 6.54083,
	24.3938 6.51829,
	24.3638 6.50702,
	24.3036 6.45818,
	24.2736 6.43939,
	24.2586 6.43564,
	24.2285 6.40558,
	24.2135 6.39807,
	24.1984 6.38304,
	24.1684 6.36426,
	24.1083 6.33796,
	24.0782 6.31166,
	24.0519 6.29287,
	23.9918 6.27409,
	23.9317 6.24779,
	23.9167 6.23652,
	23.9092 6.22901,
	23.8491 6.21398,
	23.7889 6.21398,
	23.7739 6.21022,
	23.7138 6.21398,
	23.6837 6.21398,
	23.6687 6.21398,
	23.6387 6.20271,
	23.6086 6.19895,
	23.5786 6.18392,
	23.5598 6.15387,
	23.5598 6.13884,
	23.5598 6.13508,
	"/>
</Transform>

<Transform dim="6"
 xcoef=" 1.88401238748609 0.994459677156117 -0.158334686317976 0 0 0"
 ycoef=" -2.59088625647115 -0.00464703286840099 0.937040954608279 0 0 0">
<Contour name="d004" hidden="false" closed="true" simplified="true" border="1 0.502 0" fill="1 1 0" mode="13"
 points="33.4225 16.4858,
	33.4392 16.4691,
	33.4476 16.4691,
	33.4559 16.4524,
	33.4643 16.4482,
	33.4643 16.4398,
	33.4852 16.4064,
	33.4977 16.3396,
	33.506 16.3062,
	33.5186 16.2937,
	33.5854 16.277,
	33.648 16.2311,
	33.6773 16.2018,
	33.6814 16.135,
	33.6898 16.1183,
	33.7232 16.0891,
	33.7566 16.0724,
	33.79 16.064,
	33.7983 16.0557,
	33.8652 16.0515,
	33.8986 16.039,
	33.9153 16.0306,
	33.9821 16.0181,
	33.9904 16.0097,
	34.0071 16.0097,
	34.0405 15.9972,
	34.0447 15.9889,
	34.0781 15.9805,
	34.1115 15.9805,
	34.1282 15.9763,
	34.1616 15.9847,
	34.2284 15.9889,
	34.2452 15.9889,
	34.2619 15.9972,
	34.2702 15.9972,
	34.2786 16.0056,
	34.4122 15.9847,
	34.479 15.993,
	34.5124 16.0056,
	34.5291 16.0181,
	34.5959 16.0306,
	34.6043 16.0306,
	34.6126 16.039,
	34.621 16.039,
	34.6293 16.0473,
	34.6627 16.0557,
	34.692 16.0807,
	34.7087 16.0933,
	34.7755 16.1141,
	34.8089 16.1267,
	34.8172 16.135,
	34.8506 16.1475,
	34.884 16.1726,
	34.9007 16.1809,
	34.9091 16.1809,
	34.9258 16.1935,
	34.9592 16.206,
	34.9717 16.2144,
	34.9843 16.2311,
	34.9926 16.2311,
	35.0385 16.2937,
	35.0469 16.2937,
	35.1095 16.3438,
	35.1221 16.373,
	35.1513 16.3939,
	35.168 16.4273,
	35.168 16.444,
	35.1889 16.4733,
	35.2181 16.5025,
	35.2557 16.5651,
	35.2682 16.5818,
	35.2724 16.5902,
	35.2682 16.5985,
	35.2891 16.6278,
	35.2891 16.6361,
	35.3016 16.6528,
	35.31 16.7196,
	35.31 16.7864,
	35.31 16.8198,
	35.3225 16.8365,
	35.3267 16.9034,
	35.3267 16.9368,
	35.3225 16.9535,
	35.3308 16.966,
	35.2933 17.0328,
	35.264 17.0996,
	35.2557 17.1163,
	35.2014 17.1831,
	35.1722 17.2124,
	35.1638 17.2207,
	35.1388 17.2875,
	35.1262 17.3042,
	35.1221 17.3209,
	35.1137 17.3293,
	35.1095 17.346,
	35.0845 17.371,
	35.0218 17.4253,
	34.9884 17.4462,
	34.9216 17.4754,
	34.8882 17.4921,
	34.8256 17.5381,
	34.7922 17.5506,
	34.7588 17.5715,
	34.7295 17.6007,
	34.6627 17.6383,
	34.5959 17.6508,
	34.5625 17.6592,
	34.4957 17.6592,
	34.3621 17.6383,
	34.2953 17.6174,
	34.2619 17.6007,
	34.2452 17.5965,
	34.2284 17.584,
	34.0948 17.5464,
	34.028 17.5255,
	33.9946 17.5214,
	33.9612 17.5047,
	33.9445 17.4921,
	33.9111 17.4796,
	33.8944 17.4712,
	33.886 17.4629,
	33.8526 17.4504,
	33.7983 17.4044,
	33.7691 17.371,
	33.7524 17.3669,
	33.694 17.3042,
	33.6814 17.2875,
	33.648 17.2708,
	33.623 17.2374,
	33.6146 17.2207,
	33.5854 17.1873,
	33.5436 17.1205,
	33.5436 17.1121,
	33.5269 17.0954,
	33.5186 17.062,
	33.5186 17.0286,
	33.5102 16.9952,
	33.506 16.9284,
	33.4935 16.8616,
	33.4893 16.8449,
	33.4685 16.8115,
	33.4434 16.7447,
	33.4392 16.611,
	33.4351 16.5776,
	33.4351 16.5609,
	33.4267 16.5526,
	33.4225 16.49,
	"/>
</Transform>

<Transform dim="6"
 xcoef=" 1.88401238748609 0.994459677156117 -0.158334686317976 0 0 0"
 ycoef=" -2.59088625647115 -0.00464703286840099 0.937040954608279 0 0 0">
<Contour name="d012" hidden="false" closed="true" simplified="true" border="1 0.501961 0" fill="1 1 0" mode="13"
 points="13.2265 40.569,
	13.233 40.5342,
	13.2374 40.5168,
	13.2417 40.5081,
	13.2417 40.4994,
	13.2743 40.4298,
	13.2896 40.395,
	13.3352 40.3254,
	13.3679 40.2906,
	13.3853 40.2754,
	13.394 40.2689,
	13.3983 40.2645,
	13.4331 40.2602,
	13.4418 40.2602,
	13.4592 40.2515,
	13.4766 40.2493,
	13.4853 40.2493,
	13.494 40.245,
	13.5288 40.2471,
	13.5462 40.2537,
	13.5636 40.2667,
	13.5723 40.2754,
	13.5897 40.2841,
	13.6245 40.2928,
	13.6593 40.295,
	13.6941 40.3015,
	13.7115 40.308,
	13.7463 40.3341,
	13.7637 40.3407,
	13.7724 40.345,
	13.7768 40.345,
	13.792 40.3581,
	13.8072 40.3755,
	13.8398 40.3994,
	13.8464 40.4081,
	13.8464 40.4124,
	13.8812 40.4385,
	13.8986 40.4494,
	13.929 40.482,
	13.9442 40.4973,
	13.9638 40.5321,
	13.9725 40.5495,
	13.9769 40.5582,
	13.9769 40.5669,
	13.9878 40.6017,
	13.9943 40.6713,
	13.9899 40.7409,
	13.9834 40.7757,
	13.9769 40.7931,
	13.9616 40.8083,
	13.9508 40.8431,
	13.9312 40.8779,
	13.916 40.9127,
	13.9051 40.9301,
	13.8725 40.9627,
	13.8572 40.9801,
	13.8529 40.9845,
	13.8485 40.9845,
	13.8398 40.9932,
	13.8311 40.9975,
	13.8137 41.0149,
	13.7789 41.0389,
	13.7441 41.0454,
	13.7267 41.0497,
	13.6571 41.0432,
	13.6397 41.041,
	13.631 41.041,
	13.5614 41.0084,
	13.544 40.9997,
	13.5092 40.9932,
	13.4918 40.9867,
	13.457 40.9649,
	13.3874 40.9366,
	13.3548 40.904,
	13.3374 40.891,
	13.3113 40.8561,
	13.2896 40.8213,
	13.2787 40.8039,
	13.2526 40.7343,
	13.2461 40.7169,
	13.2417 40.7126,
	13.2352 40.6778,
	13.2308 40.6691,
	13.2308 40.6343,
	13.2265 40.5995,
	13.2265 40.5821,
	13.2265 40.5734,
	13.2265 40.5712,
	"/>
</Transform>

<Transform dim="6"
 xcoef=" 1.88401238748609 0.994459677156117 -0.158334686317976 0 0 0"
 ycoef=" -2.59088625647115 -0.00464703286840099 0.937040954608279 0 0 0">
<Contour name="d005" hidden="false" closed="true" simplified="true" border="1 0.502 0" fill="1 1 0" mode="13"
 points="37.8087 26.0649,
	37.8155 26.0515,
	37.8155 26.0448,
	37.8289 26.0313,
	37.839 26.0078,
	37.8558 25.9809,
	37.8692 25.9675,
	37.8961 25.9507,
	37.9129 25.9238,
	37.9364 25.8969,
	37.9633 25.8868,
	38.0137 25.8364,
	38.0406 25.823,
	38.054 25.8196,
	38.1078 25.7759,
	38.1347 25.7591,
	38.1414 25.7524,
	38.1683 25.7423,
	38.1817 25.739,
	38.2288 25.702,
	38.2422 25.702,
	38.2557 25.6919,
	38.2825 25.6819,
	38.3363 25.6718,
	38.3901 25.655,
	38.4136 25.6348,
	38.4673 25.618,
	38.5211 25.6147,
	38.548 25.6079,
	38.6555 25.6046,
	38.763 25.6079,
	38.7765 25.6147,
	38.8034 25.618,
	38.8302 25.6281,
	38.8437 25.6348,
	38.8504 25.6415,
	38.8571 25.6415,
	38.8806 25.6651,
	38.8874 25.6718,
	38.9008 25.6751,
	38.9075 25.6751,
	38.9277 25.6987,
	38.9378 25.7121,
	38.9478 25.7659,
	38.9714 25.7894,
	38.9915 25.8431,
	38.9983 25.87,
	39.005 25.8835,
	39.005 25.8902,
	39.0117 25.8969,
	39.0117 25.9103,
	39.0352 25.9372,
	39.0688 25.9809,
	39.0856 26.0347,
	39.0957 26.0481,
	39.0991 26.075,
	39.0755 26.1019,
	39.0957 26.1556,
	39.1091 26.1825,
	39.1159 26.196,
	39.1159 26.2027,
	39.136 26.2262,
	39.1461 26.2329,
	39.1562 26.2464,
	39.1797 26.2632,
	39.1965 26.2867,
	39.1965 26.3001,
	39.2167 26.3539,
	39.2234 26.3808,
	39.2267 26.3942,
	39.2267 26.4009,
	39.2335 26.4043,
	39.2603 26.5118,
	39.2671 26.5387,
	39.2704 26.5521,
	39.2771 26.5589,
	39.2973 26.6126,
	39.3275 26.6664,
	39.3275 26.6731,
	39.3376 26.6866,
	39.3443 26.7403,
	39.3477 26.7538,
	39.3578 26.7672,
	39.3611 26.821,
	39.3376 26.8747,
	39.3175 26.8982,
	39.2906 26.9083,
	39.2771 26.9117,
	39.2637 26.9218,
	39.2099 26.9318,
	39.1831 26.9419,
	39.1293 26.952,
	39.1024 26.9621,
	39.089 26.9621,
	39.0352 26.9789,
	39.0083 26.9856,
	38.9546 27.0226,
	38.9277 27.0461,
	38.9075 27.0696,
	38.9042 27.0831,
	38.884 27.1099,
	38.8302 27.1469,
	38.8034 27.157,
	38.7966 27.1637,
	38.7698 27.1738,
	38.6622 27.1805,
	38.6354 27.1771,
	38.6219 27.1771,
	38.5681 27.1402,
	38.5446 27.12,
	38.5177 27.1099,
	38.4909 27.0898,
	38.4371 27.0663,
	38.4102 27.0494,
	38.3565 27.036,
	38.2489 27.0259,
	38.222 27.0192,
	38.1683 26.9957,
	38.1414 26.9789,
	38.1347 26.9789,
	38.1212 26.9688,
	38.1212 26.9621,
	38.0977 26.9386,
	38.0708 26.9285,
	38.0574 26.9218,
	38.0036 26.915,
	37.9532 26.8915,
	37.9432 26.8781,
	37.9331 26.8243,
	37.9297 26.7974,
	37.9096 26.7739,
	37.8827 26.7538,
	37.8659 26.7,
	37.8659 26.6462,
	37.8659 26.6328,
	37.8255 26.5253,
	37.8188 26.4715,
	37.8289 26.4446,
	37.8491 26.3371,
	37.8558 26.2833,
	37.8558 26.2296,
	37.8558 26.2027,
	37.8457 26.1758,
	37.8356 26.122,
	37.8121 26.1019,
	37.8087 26.075,
	37.8087 26.0683,
	"/>
</Transform>

<Transform dim="6"
 xcoef=" 1.88401238748609 0.994459677156117 -0.158334686317976 0 0 0"
 ycoef=" -2.59088625647115 -0.00464703286840099 0.937040954608279 0 0 0">
<Contour name="d006" hidden="false" closed="true" simplified="true" border="1 0.502 0" fill="1 1 0" mode="13"
 points="39.7375 25.9446,
	39.7504 25.9349,
	39.7762 25.922,
	39.7891 25.9156,
	39.7988 25.9027,
	39.8068 25.8946,
	39.8101 25.8946,
	39.8197 25.8817,
	39.8246 25.8688,
	39.8262 25.843,
	39.831 25.8301,
	39.8326 25.8172,
	39.8342 25.8108,
	39.8391 25.8043,
	39.8391 25.8011,
	39.852 25.7898,
	39.8729 25.7656,
	39.8858 25.7608,
	39.9116 25.7576,
	39.9374 25.7576,
	39.9503 25.7559,
	40.0019 25.7592,
	40.0277 25.7592,
	40.0535 25.7559,
	40.06 25.7559,
	40.0729 25.7495,
	40.0841 25.7366,
	40.097 25.7285,
	40.1035 25.7237,
	40.1164 25.7221,
	40.1293 25.7237,
	40.1357 25.7253,
	40.1406 25.7318,
	40.147 25.735,
	40.1503 25.7414,
	40.1632 25.7511,
	40.1873 25.7624,
	40.1906 25.7624,
	40.1938 25.7656,
	40.197 25.7656,
	40.2002 25.7688,
	40.2035 25.7688,
	40.2067 25.7721,
	40.2067 25.7753,
	40.2131 25.7817,
	40.2164 25.7882,
	40.2228 25.7914,
	40.2325 25.8027,
	40.2389 25.8091,
	40.247 25.822,
	40.2679 25.843,
	40.276 25.8559,
	40.276 25.8591,
	40.2825 25.8624,
	40.2937 25.8753,
	40.2986 25.8882,
	40.3066 25.901,
	40.3099 25.9139,
	40.3099 25.9204,
	40.3131 25.922,
	40.3147 25.9285,
	40.326 25.9397,
	40.3308 25.9462,
	40.3308 25.9494,
	40.3486 25.9752,
	40.3518 25.9881,
	40.355 25.9946,
	40.3615 26.001,
	40.3534 26.0139,
	40.3502 26.0268,
	40.3469 26.0333,
	40.3469 26.0365,
	40.3437 26.0397,
	40.3421 26.0526,
	40.3389 26.0591,
	40.3389 26.0623,
	40.3228 26.0865,
	40.3179 26.0994,
	40.3115 26.1058,
	40.3099 26.1123,
	40.3018 26.1252,
	40.3018 26.1284,
	40.2954 26.1348,
	40.2921 26.1381,
	40.2663 26.1413,
	40.2147 26.1413,
	40.1632 26.159,
	40.1503 26.1622,
	40.1374 26.1687,
	40.1341 26.1719,
	40.1212 26.1735,
	40.1083 26.1784,
	40.1019 26.1832,
	40.0761 26.1913,
	40.0503 26.1929,
	40.0374 26.1896,
	40.0309 26.1848,
	40.0245 26.1832,
	40.018 26.1784,
	39.9923 26.1735,
	39.9407 26.1751,
	39.9278 26.1735,
	39.9149 26.1687,
	39.902 26.1606,
	39.8923 26.1477,
	39.8681 26.1284,
	39.8617 26.1155,
	39.8407 26.0913,
	39.831 26.0784,
	39.8278 26.0719,
	39.823 26.0687,
	39.8117 26.0574,
	39.7939 26.0333,
	39.7843 26.0204,
	39.7762 26.0107,
	39.773 26.0058,
	39.7617 25.9929,
	39.7585 25.98,
	39.7375 25.9575,
	39.7375 25.9462,
	"/>
</Transform>

<Transform dim="6"
 xcoef=" 1.88401238748609 0.994459677156117 -0.158334686317976 0 0 0"
 ycoef=" -2.59088625647115 -0.00464703286840099 0.937040954608279 0 0 0">
<Contour name="d014" hidden="false" closed="true" simplified="true" border="1 0.502 0" fill="1 1 0" mode="13"
 points="29.3619 32.0534,
	29.3671 32.0394,
	29.3724 32.0114,
	29.3881 31.9554,
	29.3986 31.8995,
	29.4038 31.8855,
	29.4091 31.8575,
	29.4248 31.8015,
	29.4301 31.7875,
	29.4371 31.7823,
	29.4511 31.7788,
	29.563 31.7753,
	29.6749 31.7631,
	29.7029 31.7613,
	29.7589 31.7631,
	29.7868 31.7613,
	29.8148 31.7631,
	29.8428 31.7701,
	29.8568 31.7753,
	29.8708 31.7753,
	29.9267 31.791,
	29.9407 31.7998,
	29.9477 31.805,
	29.9617 31.8103,
	29.9687 31.8138,
	29.9757 31.8138,
	30.0037 31.826,
	30.0317 31.8435,
	30.0387 31.8488,
	30.0527 31.8523,
	30.0597 31.854,
	30.0632 31.854,
	30.0771 31.8628,
	30.0876 31.8732,
	30.1016 31.8837,
	30.1086 31.889,
	30.1156 31.8907,
	30.1401 31.91,
	30.1489 31.9205,
	30.1541 31.9257,
	30.1611 31.9275,
	30.1751 31.938,
	30.1786 31.9449,
	30.1786 31.9484,
	30.1908 31.9624,
	30.1978 31.9747,
	30.1996 31.9887,
	30.2013 31.9957,
	30.1996 32.0027,
	30.2048 32.0306,
	30.2013 32.0446,
	30.2013 32.0586,
	30.2013 32.0656,
	30.2066 32.0796,
	30.2101 32.1076,
	30.2101 32.1356,
	30.2066 32.1496,
	30.1873 32.1758,
	30.1821 32.1898,
	30.1786 32.1915,
	30.1786 32.195,
	30.1716 32.202,
	30.1716 32.2055,
	30.1593 32.2195,
	30.1314 32.2353,
	30.1174 32.2388,
	30.1051 32.251,
	30.0771 32.265,
	30.0632 32.2685,
	30.0492 32.2772,
	30.0352 32.2895,
	30.0299 32.2965,
	30.0159 32.3035,
	30.0019 32.307,
	29.988 32.3192,
	29.9617 32.3349,
	29.9547 32.3402,
	29.9267 32.3489,
	29.8988 32.3612,
	29.8918 32.3629,
	29.8883 32.3664,
	29.8743 32.3699,
	29.8673 32.3734,
	29.8603 32.3734,
	29.8533 32.3769,
	29.8253 32.3804,
	29.7973 32.3892,
	29.7693 32.4014,
	29.7554 32.4067,
	29.6994 32.4154,
	29.6714 32.4171,
	29.6574 32.4189,
	29.6504 32.4206,
	29.5945 32.4154,
	29.5385 32.4171,
	29.4825 32.4154,
	29.4755 32.4154,
	29.472 32.4154,
	29.458 32.4014,
	29.4353 32.3734,
	29.4283 32.3594,
	29.4266 32.3524,
	29.4108 32.3245,
	29.4056 32.2685,
	29.4038 32.2125,
	29.3951 32.1845,
	29.3811 32.1566,
	29.3759 32.1496,
	29.3636 32.0936,
	29.3619 32.0656,
	29.3619 32.0586,
	29.3619 32.0551,
	"/>
</Transform>

<Transform dim="6"
 xcoef=" 1.88401238748609 0.994459677156117 -0.158334686317976 0 0 0"
 ycoef=" -2.59088625647115 -0.00464703286840099 0.937040954608279 0 0 0">
<Contour name="d008" hidden="false" closed="true" simplified="true" border="1 0.502 0" fill="1 1 0" mode="13"
 points="21.2824 19.5949,
	21.3205 19.501,
	21.3235 19.4776,
	21.3323 19.4541,
	21.3381 19.4071,
	21.3381 19.3836,
	21.3499 19.3367,
	21.3646 19.3132,
	21.3792 19.2985,
	21.3939 19.2516,
	21.4174 19.2046,
	21.4379 19.1811,
	21.4555 19.1342,
	21.4673 19.1107,
	21.4731 19.099,
	21.4731 19.0931,
	21.4937 19.0696,
	21.5084 19.0462,
	21.5172 19.0227,
	21.5377 18.9992,
	21.5612 18.9904,
	21.5847 18.9699,
	21.5935 18.9581,
	21.6169 18.9493,
	21.6287 18.9464,
	21.6404 18.9376,
	21.6639 18.9317,
	21.6756 18.9288,
	21.6874 18.92,
	21.705 18.873,
	21.7255 18.8495,
	21.749 18.8378,
	21.7695 18.8172,
	21.793 18.8084,
	21.8048 18.8055,
	21.8429 18.7674,
	21.8664 18.7615,
	21.8781 18.7615,
	21.8811 18.7556,
	21.8869 18.7556,
	21.8987 18.7468,
	22.0865 18.7321,
	22.11 18.7351,
	22.1217 18.738,
	22.1276 18.738,
	22.1334 18.7439,
	22.1804 18.7439,
	22.2274 18.7556,
	22.2743 18.7586,
	22.2978 18.7615,
	22.3213 18.7586,
	22.3447 18.7439,
	22.3682 18.7439,
	22.3917 18.7527,
	22.4122 18.7703,
	22.4445 18.8172,
	22.4563 18.829,
	22.4651 18.8525,
	22.4739 18.8642,
	22.4974 18.873,
	22.5179 18.8906,
	22.5355 18.9141,
	22.5825 18.9493,
	22.6147 18.9933,
	22.6265 18.9992,
	22.6441 19.0197,
	22.6441 19.0256,
	22.6588 19.0491,
	22.6998 19.0814,
	22.7145 19.1048,
	22.7233 19.1166,
	22.7351 19.1225,
	22.7468 19.1225,
	22.7908 19.143,
	22.8143 19.1635,
	22.8202 19.187,
	22.8172 19.234,
	22.8114 19.2575,
	22.8055 19.2633,
	22.7967 19.2868,
	22.7908 19.2897,
	22.7879 19.3015,
	22.7673 19.322,
	22.7585 19.3338,
	22.7556 19.3455,
	22.7468 19.3572,
	22.7028 19.3778,
	22.6793 19.3836,
	22.6676 19.3866,
	22.6558 19.3954,
	22.6353 19.4864,
	22.6265 19.5098,
	22.6206 19.5128,
	22.6177 19.5245,
	22.6177 19.5304,
	22.6118 19.5362,
	22.603 19.5597,
	22.5883 19.5832,
	22.5678 19.6302,
	22.5267 19.6683,
	22.5091 19.6918,
	22.4885 19.7094,
	22.4504 19.7563,
	22.4064 19.7945,
	22.38 19.818,
	22.2861 19.8268,
	22.2391 19.8238,
	22.1921 19.815,
	22.1452 19.8004,
	22.1217 19.7916,
	22.11 19.7886,
	22.0865 19.7916,
	21.9926 19.8238,
	21.9691 19.8327,
	21.9574 19.8356,
	21.9398 19.8561,
	21.9163 19.8679,
	21.8693 19.8767,
	21.8224 19.8796,
	21.7754 19.8767,
	21.7519 19.8767,
	21.7285 19.8708,
	21.6815 19.8503,
	21.6346 19.8385,
	21.5406 19.8327,
	21.4467 19.818,
	21.4233 19.815,
	21.3998 19.8004,
	21.3616 19.7593,
	21.3499 19.7534,
	21.3235 19.7065,
	21.3176 19.6947,
	21.3117 19.6889,
	21.2971 19.6419,
	21.2912 19.6302,
	21.2853 19.6243,
	21.2824 19.6008,
	21.2824 19.5979,
	"/>
</Transform>

<Transform dim="6"
 xcoef=" 1.88401238748609 0.994459677156117 -0.158334686317976 0 0 0"
 ycoef=" -2.59088625647115 -0.00464703286840099 0.937040954608279 0 0 0">
<Contour name="d015" hidden="false" closed="true" simplified="true" border="1 0.502 0" fill="1 1 0" mode="13"
 points="16.8004 33.5417,
	16.811 33.5079,
	16.8131 33.4741,
	16.8363 33.4424,
	16.849 33.4276,
	16.8532 33.4276,
	16.887 33.4065,
	16.9186 33.377,
	16.9334 33.3643,
	16.9419 33.3622,
	16.9461 33.3558,
	16.9545 33.3516,
	16.9651 33.3347,
	16.982 33.3242,
	16.9862 33.3199,
	17.0031 33.3157,
	17.02 33.3009,
	17.0496 33.2819,
	17.058 33.2756,
	17.0918 33.2671,
	17.1087 33.2566,
	17.1256 33.2503,
	17.134 33.2439,
	17.2016 33.2418,
	17.2185 33.2418,
	17.227 33.2439,
	17.2354 33.2503,
	17.2396 33.2503,
	17.2565 33.2608,
	17.265 33.265,
	17.2692 33.265,
	17.2734 33.2693,
	17.3072 33.2714,
	17.3241 33.2693,
	17.3579 33.2566,
	17.3748 33.2503,
	17.3917 33.2503,
	17.4001 33.246,
	17.417 33.246,
	17.4508 33.2545,
	17.4592 33.2587,
	17.4698 33.2756,
	17.4761 33.284,
	17.4782 33.3009,
	17.4804 33.3094,
	17.4804 33.3136,
	17.4909 33.3305,
	17.5036 33.3643,
	17.512 33.3812,
	17.5162 33.4488,
	17.5162 33.453,
	17.531 33.4678,
	17.5479 33.4762,
	17.5627 33.491,
	17.569 33.4994,
	17.569 33.5332,
	17.5416 33.5987,
	17.5374 33.6071,
	17.5395 33.6409,
	17.5374 33.6747,
	17.531 33.7085,
	17.512 33.7761,
	17.5078 33.7845,
	17.5057 33.8183,
	17.5015 33.8267,
	17.5015 33.831,
	17.4972 33.8352,
	17.4972 33.8394,
	17.4867 33.8563,
	17.4867 33.8647,
	17.4782 33.8816,
	17.474 33.8985,
	17.4719 33.907,
	17.4508 33.9387,
	17.3874 33.9872,
	17.3705 33.9978,
	17.303 34.0105,
	17.2861 34.0105,
	17.2776 34.0126,
	17.2438 34.0105,
	17.1763 34.0252,
	17.1425 34.0252,
	17.1256 34.0231,
	17.1087 34.0168,
	17.0749 34.0105,
	17.0665 34.0105,
	17.0327 33.9999,
	17.0158 33.9936,
	16.9503 33.945,
	16.9229 33.9112,
	16.9102 33.8943,
	16.9018 33.8774,
	16.8975 33.869,
	16.8891 33.8626,
	16.8511 33.7951,
	16.8363 33.7613,
	16.8321 33.7528,
	16.8321 33.7444,
	16.8278 33.7359,
	16.8278 33.7317,
	16.8173 33.7148,
	16.8025 33.681,
	16.8004 33.5459,
	16.8004 33.5438,
	"/>
</Transform>

<Transform dim="6"
 xcoef=" 1.88401238748609 0.994459677156117 -0.158334686317976 0 0 0"
 ycoef=" -2.59088625647115 -0.00464703286840099 0.937040954608279 0 0 0">
<Contour name="d020" hidden="false" closed="true" simplified="true" border="1 0.502 0" fill="1 1 0" mode="13"
 points="42.3696 19.2503,
	42.3959 19.2339,
	42.4024 19.2339,
	42.4155 19.224,
	42.468 19.2208,
	42.4942 19.2175,
	42.5467 19.224,
	42.5729 19.2339,
	42.5959 19.2503,
	42.6221 19.2732,
	42.6319 19.2863,
	42.6582 19.2995,
	42.7073 19.3486,
	42.727 19.3683,
	42.7369 19.3782,
	42.7467 19.4044,
	42.7532 19.4175,
	42.7532 19.4241,
	42.7664 19.4372,
	42.7828 19.4896,
	42.7828 19.4962,
	42.8057 19.5159,
	42.8549 19.5257,
	42.9074 19.5224,
	42.9336 19.5191,
	42.9467 19.5191,
	42.9992 19.5027,
	43.0254 19.4995,
	43.0385 19.4962,
	43.0451 19.4995,
	43.0713 19.4929,
	43.0975 19.4929,
	43.1041 19.4962,
	43.1172 19.4929,
	43.1697 19.506,
	43.1828 19.5093,
	43.1959 19.5191,
	43.209 19.5224,
	43.2221 19.5323,
	43.2352 19.5355,
	43.2844 19.565,
	43.3369 19.5847,
	43.3598 19.6077,
	43.3795 19.6241,
	43.432 19.647,
	43.4549 19.6634,
	43.4976 19.7126,
	43.5172 19.7355,
	43.5205 19.7487,
	43.5303 19.7618,
	43.5336 19.7749,
	43.5533 19.7978,
	43.5664 19.8241,
	43.5861 19.847,
	43.5992 19.8503,
	43.6222 19.8765,
	43.632 19.9028,
	43.6418 19.9159,
	43.6517 19.9224,
	43.6681 19.9487,
	43.6812 20.0011,
	43.6845 20.0536,
	43.6976 20.1061,
	43.7008 20.1192,
	43.7238 20.1421,
	43.7369 20.1552,
	43.7435 20.1684,
	43.7435 20.1749,
	43.7631 20.2011,
	43.773 20.2241,
	43.773 20.2372,
	43.7828 20.2634,
	43.7861 20.2897,
	43.7795 20.3159,
	43.7795 20.329,
	43.773 20.3421,
	43.7467 20.3585,
	43.7107 20.411,
	43.7008 20.4241,
	43.6877 20.4766,
	43.6582 20.529,
	43.609 20.5717,
	43.5828 20.5946,
	43.5566 20.611,
	43.55 20.6176,
	43.5435 20.6176,
	43.5369 20.6241,
	43.432 20.6307,
	43.3795 20.634,
	43.3533 20.6372,
	43.3402 20.6372,
	43.2877 20.6667,
	43.2615 20.6864,
	43.2352 20.6963,
	43.1828 20.6897,
	43.1303 20.6667,
	43.0811 20.6307,
	43.068 20.6274,
	43.0451 20.6012,
	43.0385 20.5946,
	43.0385 20.5881,
	42.9926 20.5389,
	42.9598 20.4962,
	42.9336 20.4766,
	42.9238 20.4667,
	42.9172 20.4635,
	42.9139 20.4503,
	42.8975 20.4274,
	42.8844 20.4208,
	42.8778 20.4143,
	42.8713 20.4143,
	42.8319 20.3618,
	42.8155 20.3454,
	42.7893 20.2962,
	42.7828 20.2831,
	42.7762 20.2766,
	42.7664 20.2503,
	42.7565 20.1979,
	42.7565 20.1716,
	42.7696 20.1192,
	42.7762 20.1061,
	42.7795 20.0798,
	42.7893 20.0536,
	42.7926 20.0011,
	42.786 19.9487,
	42.7795 19.9224,
	42.7696 19.9093,
	42.7598 19.8569,
	42.75 19.8306,
	42.7434 19.7782,
	42.75 19.7519,
	42.75 19.7257,
	42.7598 19.6995,
	42.7631 19.647,
	42.7598 19.6208,
	42.7467 19.5978,
	42.7041 19.5519,
	42.6844 19.529,
	42.6713 19.5159,
	42.645 19.506,
	42.6385 19.506,
	42.6123 19.4864,
	42.5696 19.4404,
	42.5631 19.4404,
	42.5401 19.4208,
	42.527 19.4109,
	42.4745 19.388,
	42.4483 19.3749,
	42.4352 19.3683,
	42.4286 19.3683,
	42.3926 19.3191,
	42.3762 19.2962,
	42.3696 19.2831,
	42.3696 19.2568,
	42.3696 19.2536,
	"/>
</Transform>

<Transform dim="6"
 xcoef=" 1.88401238748609 0.994459677156117 -0.158334686317976 0 0 0"
 ycoef=" -2.59088625647115 -0.00464703286840099 0.937040954608279 0 0 0">
<Contour name="d004_c09" hidden="false" closed="true" simplified="true" border="1 0 0" fill="1 0 0" mode="11"
 points="34.1558 17.6502,
	34.1973 17.5672,
	34.2077 17.5464,
	34.2129 17.5412,
	34.379 17.5801,
	34.462 17.6009,
	34.5036 17.6113,
	34.5062 17.632,
	34.501 17.7151,
	34.501 17.7359,
	34.501 17.7411,
	34.3349 17.7644,
	34.3245 17.7644,
	34.1584 17.6528,
	"/>
</Transform>

<Transform dim="6"
 xcoef=" 1.88401238748609 0.994459677156117 -0.158334686317976 0 0 0"
 ycoef=" -2.59088625647115 -0.00464703286840099 0.937040954608279 0 0 0">
<Contour name="d004_cfa09" hidden="false" closed="false" simplified="false" border="0 0 1" fill="0 0 1" mode="11"
 points="34.5031 17.637,
	34.5031 17.637,
	34.2123 17.5462,
	34.2123 17.5462,
	"/>
</Transform>

<Transform dim="6"
 xcoef=" 1.88401238748609 0.994459677156117 -0.158334686317976 0 0 0"
 ycoef=" -2.59088625647115 -0.00464703286840099 0.937040954608279 0 0 0">
<Contour name="d004_c10" hidden="false" closed="true" simplified="true" border="1 0 0" fill="1 0 0" mode="11"
 points="35.205 16.6349,
	35.3271 16.5929,
	35.3577 16.5852,
	35.3653 16.5814,
	35.4035 16.7036,
	35.4188 16.7647,
	35.4264 16.7952,
	35.4302 16.8105,
	35.434 16.8181,
	35.3997 16.9402,
	35.3806 17.0013,
	35.3691 17.028,
	35.247 16.9555,
	35.2165 16.9364,
	35.2088 16.6921,
	35.205 16.6616,
	35.205 16.6463,
	35.205 16.6387,
	"/>
<Contour name="d004_cfa10" hidden="false" closed="false" simplified="false" border="0 0 1" fill="0 0 1" mode="11"
 points="35.2781 16.6105,
	35.2972 16.9732,
	"/>
</Transform>

<Transform dim="6"
 xcoef=" 1.88401238748609 0.994459677156117 -0.158334686317976 0 0 0"
 ycoef=" -2.59088625647115 -0.00464703286840099 0.937040954608279 0 0 0">
<Contour name="d004_c11" hidden="false" closed="true" simplified="true" border="1 0 0" fill="1 0 0" mode="11"
 points="33.4434 17.0969,
	33.5259 17.0686,
	33.5465 17.0634,
	33.5568 17.0583,
	33.5981 17.0944,
	33.9282 17.4116,
	33.9489 17.4322,
	33.9592 17.4425,
	33.8947 17.5251,
	33.887 17.5354,
	33.7219 17.4787,
	33.6394 17.4503,
	33.5981 17.4348,
	33.5878 17.4322,
	33.5749 17.4142,
	33.5053 17.2491,
	33.4717 17.1666,
	33.4563 17.1253,
	33.4459 17.1047,
	33.4434 17.0995,
	"/>
</Transform>

<Transform dim="6"
 xcoef=" 1.88401238748609 0.994459677156117 -0.158334686317976 0 0 0"
 ycoef=" -2.59088625647115 -0.00464703286840099 0.937040954608279 0 0 0">
<Contour name="d004_cfa11" hidden="false" closed="false" simplified="false" border="0 0 1" fill="0 0 1" mode="11"
 points="33.9391 17.4768,
	33.8127 17.3814,
	33.8127 17.3814,
	33.6683 17.2602,
	33.5316 17.0564,
	"/>
</Transform>

<Transform dim="6"
 xcoef=" 1.88401238748609 0.994459677156117 -0.158334686317976 0 0 0"
 ycoef=" -2.59088625647115 -0.00464703286840099 0.937040954608279 0 0 0">
<Contour name="d005_c06" hidden="false" closed="true" simplified="true" border="1 0 0" fill="1 0 0" mode="11"
 points="38.7763 27.0838,
	38.8647 26.9424,
	38.8735 26.9247,
	39.1563 26.8275,
	39.227 26.8054,
	39.2447 26.8009,
	39.2536 26.7965,
	39.3596 26.9335,
	39.3817 26.9689,
	39.3861 26.9733,
	39.364 27.0086,
	39.3552 27.0263,
	39.0724 27.1191,
	38.931 27.1633,
	38.9221 27.1677,
	38.7807 27.0882,
	"/>
</Transform>

<Transform dim="6"
 xcoef=" 1.88401238748609 0.994459677156117 -0.158334686317976 0 0 0"
 ycoef=" -2.59088625647115 -0.00464703286840099 0.937040954608279 0 0 0">
<Contour name="d005_cfa06" hidden="false" closed="false" simplified="false" border="0 0 1" fill="0 0 1" mode="11"
 points="39.3195 26.8614,
	38.9483 26.9719,
	38.829 27.1089,
	"/>
</Transform>

<Transform dim="6"
 xcoef=" 1.88401238748609 0.994459677156117 -0.158334686317976 0 0 0"
 ycoef=" -2.59088625647115 -0.00464703286840099 0.937040954608279 0 0 0">
<Contour name="d003_c07" hidden="false" closed="true" simplified="true" border="1 0 0" fill="1 0 0" mode="11"
 points="23.2007 6.10502,
	23.2049 6.03798,
	23.3348 5.9416,
	23.3683 5.92065,
	23.4563 6.05474,
	23.4689 6.0715,
	23.4605 6.13854,
	23.4605 6.1553,
	23.3977 6.21396,
	23.3893 6.21815,
	23.2552 6.18882,
	23.2217 6.18044,
	23.2049 6.17625,
	23.2007 6.10921,
	"/>
<Contour name="d003_cfa07" hidden="false" closed="true" simplified="true" border="0 0 1" fill="0 0 1" mode="11"
 points="23.2468 6.06731,
	23.3013 6.00026,
	23.3683 5.96674,
	23.3767 5.96255,
	23.4438 6.0296,
	23.4605 6.04636,
	23.4396 6.1134,
	23.4354 6.13016,
	23.3725 6.16787,
	23.3642 6.17206,
	23.3306 6.16368,
	23.2971 6.16787,
	23.2929 6.15949,
	23.2971 6.15111,
	23.2636 6.13854,
	23.2468 6.13016,
	23.2468 6.09664,
	23.2468 6.07988,
	23.2468 6.0715,
	"/>
</Transform>

<Transform dim="6"
 xcoef=" 1.88401238748609 0.994459677156117 -0.158334686317976 0 0 0"
 ycoef=" -2.59088625647115 -0.00464703286840099 0.937040954608279 0 0 0">
<Contour name="d003_c08" hidden="false" closed="true" simplified="true" border="1 0 0" fill="1 0 0" mode="11"
 points="24.9958 6.60921,
	25.0875 6.60634,
	25.4542 6.61494,
	25.6375 6.6178,
	25.6834 6.6178,
	25.7063 6.6178,
	25.7178 6.62067,
	25.7493 6.71234,
	25.7665 6.75818,
	25.7722 6.7811,
	25.7779 6.79256,
	25.7693 6.80115,
	25.586 6.86131,
	25.4943 6.89283,
	25.4485 6.90715,
	25.4255 6.91575,
	25.4141 6.91861,
	25.0474 6.80688,
	25.0359 6.80115,
	24.9987 6.6178,
	24.9958 6.61207,
	"/>
</Transform>

<Transform dim="6"
 xcoef=" 1.88401238748609 0.994459677156117 -0.158334686317976 0 0 0"
 ycoef=" -2.59088625647115 -0.00464703286840099 0.937040954608279 0 0 0">
<Contour name="d003_cfa08" hidden="false" closed="false" simplified="false" border="0 0 1" fill="0 0 1" mode="11"
 points="25.7462 6.65532,
	25.285 6.66105,
	25.0128 6.64959,
	"/>
</Transform>

<Transform dim="6"
 xcoef=" 1.88401238748609 0.994459677156117 -0.158334686317976 0 0 0"
 ycoef=" -2.59088625647115 -0.00464703286840099 0.937040954608279 0 0 0">
<Contour name="d008_c05" hidden="false" closed="true" simplified="true" border="1 0 0" fill="1 0 0" mode="11"
 points="21.8203 19.8363,
	22.0392 19.7576,
	22.0666 19.7474,
	22.0871 19.7713,
	22.1179 19.826,
	22.135 19.8534,
	22.1384 19.8603,
	22.0837 19.8774,
	21.8647 19.9287,
	21.8374 19.9355,
	21.8305 19.9321,
	21.8237 19.8774,
	21.8203 19.85,
	21.8203 19.8397,
	"/>
<Contour name="d008_cfa05" hidden="false" closed="false" simplified="false" border="0 0 1" fill="0 0 1" mode="11"
 points="21.8194 19.8644,
	22.0897 19.7686,
	"/>
</Transform>

<Transform dim="6"
 xcoef=" 1.88401238748609 0.994459677156117 -0.158334686317976 0 0 0"
 ycoef=" -2.59088625647115 -0.00464703286840099 0.937040954608279 0 0 0">
<Contour name="d009_c08" hidden="false" closed="true" simplified="true" border="1 0 0" fill="1 0 0" mode="11"
 points="3.18891 26.1316,
	3.21486 26.0562,
	3.21958 26.0467,
	3.29505 26.042,
	3.33279 26.0396,
	3.34223 26.0396,
	3.34694 26.0396,
	3.40119 26.1906,
	3.41534 26.2283,
	3.42242 26.2472,
	3.44601 26.2849,
	3.46016 26.3038,
	3.46488 26.3132,
	3.46724 26.3156,
	3.39176 26.3769,
	3.38704 26.3816,
	3.31156 26.3416,
	3.29269 26.3321,
	3.2125 26.1812,
	3.19363 26.1434,
	3.18891 26.134,
	"/>
</Transform>

<Transform dim="6"
 xcoef=" 1.88401238748609 0.994459677156117 -0.158334686317976 0 0 0"
 ycoef=" -2.59088625647115 -0.00464703286840099 0.937040954608279 0 0 0">
<Contour name="d009_cfa08" hidden="false" closed="false" simplified="false" border="0 0 1" fill="0 0 1" mode="11"
 points="3.44668 26.3271,
	3.43294 26.3179,
	3.41692 26.2973,
	3.38717 26.2401,
	3.31392 26.089,
	3.32308 26.0387,
	"/>
</Transform>

<Transform dim="6"
 xcoef=" 1.88401238748609 0.994459677156117 -0.158334686317976 0 0 0"
 ycoef=" -2.59088625647115 -0.00464703286840099 0.937040954608279 0 0 0">
<Contour name="d009_c09" hidden="false" closed="true" simplified="true" border="1 0 0" fill="1 0 0" mode="11"
 points="3.71023 26.4569,
	3.72854 26.3836,
	3.73312 26.3653,
	3.73312 26.3607,
	3.80636 26.3539,
	3.84298 26.3516,
	3.8613 26.3493,
	3.87045 26.3493,
	3.94369 26.2829,
	3.98032 26.2486,
	3.99863 26.2325,
	4.00778 26.2234,
	4.01007 26.2211,
	4.04669 26.2463,
	4.065 26.26,
	4.07416 26.2646,
	4.07874 26.2692,
	4.05585 26.3424,
	4.04211 26.379,
	4.03525 26.3973,
	3.96201 26.4363,
	3.92538 26.4546,
	3.90707 26.4637,
	3.76059 26.4637,
	3.72396 26.4637,
	3.71481 26.4637,
	3.71023 26.4614,
	3.71023 26.4591,
	"/>
</Transform>

<Transform dim="6"
 xcoef=" 1.88401238748609 0.994459677156117 -0.158334686317976 0 0 0"
 ycoef=" -2.59088625647115 -0.00464703286840099 0.937040954608279 0 0 0">
<Contour name="d009_cfa09" hidden="false" closed="false" simplified="false" border="0 0 1" fill="0 0 1" mode="11"
 points="4.03486 26.2355,
	3.93942 26.3394,
	3.89912 26.3797,
	3.86306 26.3861,
	3.72731 26.3819,
	"/>
</Transform>

<Transform dim="6"
 xcoef=" 1.88401238748609 0.994459677156117 -0.158334686317976 0 0 0"
 ycoef=" -2.59088625647115 -0.00464703286840099 0.937040954608279 0 0 0">
<Contour name="d010_c03" hidden="false" closed="true" simplified="true" border="1 0 0" fill="1 0 0" mode="11"
 points="7.27493 19.9879,
	7.38264 19.8016,
	7.43795 19.7084,
	7.46415 19.6618,
	7.46998 19.656,
	7.56313 19.6909,
	7.60971 19.7113,
	7.61553 19.7142,
	7.58933 19.8074,
	7.57478 19.854,
	7.53402 19.9471,
	7.5282 19.9588,
	7.43504 20.0344,
	7.38847 20.0723,
	7.37682 20.081,
	7.28366 19.9966,
	7.27784 19.9908,
	"/>
</Transform>

<Transform dim="6"
 xcoef=" 1.88401238748609 0.994459677156117 -0.158334686317976 0 0 0"
 ycoef=" -2.59088625647115 -0.00464703286840099 0.937040954608279 0 0 0">
<Contour name="d010_cfa03" hidden="false" closed="false" simplified="false" border="0 0 1" fill="0 0 1" mode="11"
 points="7.53362 19.6737,
	7.46208 19.7706,
	7.379 19.9183,
	7.29591 20.0037,
	"/>
</Transform>

<Transform dim="6"
 xcoef=" 1.88401238748609 0.994459677156117 -0.158334686317976 0 0 0"
 ycoef=" -2.59088625647115 -0.00464703286840099 0.937040954608279 0 0 0">
<Contour name="d012_c11" hidden="false" closed="true" simplified="true" border="1 0 0" fill="1 0 0" mode="11"
 points="13.8674 40.8487,
	13.8794 40.7197,
	13.8875 40.6553,
	13.8915 40.623,
	13.8915 40.6069,
	13.9238 40.5989,
	14.0527 40.5908,
	14.0849 40.5868,
	14.101 40.5868,
	14.1091 40.619,
	14.1131 40.6835,
	14.1171 40.7157,
	14.1131 40.7479,
	14.0607 40.8769,
	14.0486 40.9091,
	14.0406 40.9131,
	13.9117 40.8809,
	13.8794 40.8728,
	13.8714 40.8728,
	13.8674 40.8567,
	13.8674 40.8527,
	"/>
</Transform>

<Transform dim="6"
 xcoef=" 1.88401238748609 0.994459677156117 -0.158334686317976 0 0 0"
 ycoef=" -2.59088625647115 -0.00464703286840099 0.937040954608279 0 0 0">
<Contour name="d012_cfa11" hidden="false" closed="false" simplified="false" border="0 0 1" fill="0 0 1" mode="11"
 points="13.9635 40.5964,
	13.9723 40.7286,
	13.9341 40.7992,
	13.9135 40.8815,
	"/>
</Transform>

<Transform dim="6"
 xcoef=" 1.88401238748609 0.994459677156117 -0.158334686317976 0 0 0"
 ycoef=" -2.59088625647115 -0.00464703286840099 0.937040954608279 0 0 0">
<Contour name="d015_c05" hidden="false" closed="true" simplified="true" border="1 0 0" fill="1 0 0" mode="11"
 points="16.7055 33.8083,
	16.7165 33.75,
	16.7238 33.7209,
	16.7274 33.7063,
	16.7311 33.699,
	16.8477 33.6808,
	16.8622 33.6771,
	16.8768 33.6808,
	16.9206 33.7974,
	16.9351 33.8265,
	17.0481 33.9395,
	17.0518 33.9468,
	17.0007 34.0634,
	16.9934 34.078,
	16.9789 34.0816,
	16.8622 34.0634,
	16.7165 33.8302,
	16.7055 33.8156,
	16.7055 33.812,
	"/>
</Transform>

<Transform dim="6"
 xcoef=" 1.88401238748609 0.994459677156117 -0.158334686317976 0 0 0"
 ycoef=" -2.59088625647115 -0.00464703286840099 0.937040954608279 0 0 0">
<Contour name="d015_cfa05" hidden="false" closed="false" simplified="false" border="0 0 1" fill="0 0 1" mode="11"
 points="17.044 33.9787,
	16.9967 33.9495,
	16.9529 33.9095,
	16.8327 33.6799,
	"/>
</Transform>

<Transform dim="6"
 xcoef=" 1.88401238748609 0.994459677156117 -0.158334686317976 0 0 0"
 ycoef=" -2.59088625647115 -0.00464703286840099 0.937040954608279 0 0 0">
<Contour name="d001_c05" hidden="false" closed="true" simplified="true" border="1 0 0" fill="1 0 0" mode="11"
 points="10.2532 6.06627,
	10.3315 6.01733,
	10.3707 5.99286,
	10.3902 5.98062,
	10.4294 6.0002,
	10.449 6.00999,
	10.4539 6.01488,
	10.4539 6.05403,
	10.4539 6.07361,
	10.4441 6.11276,
	10.4074 6.13479,
	10.3682 6.15192,
	10.3291 6.15926,
	10.3095 6.1617,
	10.2703 6.15436,
	10.2605 6.15192,
	10.2532 6.07361,
	10.2532 6.06872,
	"/>
</Transform>

<Transform dim="6"
 xcoef=" 1.88401238748609 0.994459677156117 -0.158334686317976 0 0 0"
 ycoef=" -2.59088625647115 -0.00464703286840099 0.937040954608279 0 0 0">
<Contour name="d001_cfa05" hidden="false" closed="false" simplified="false" border="0 0 1" fill="0 0 1" mode="11"
 points="10.4001 5.98924,
	10.3879 6.02594,
	10.3806 6.04552,
	10.3634 6.06265,
	10.3414 6.07488,
	10.3096 6.08222,
	10.2851 6.08222,
	10.2533 6.07733,
	"/>
</Transform>

<Transform dim="6"
 xcoef=" 1.88401238748609 0.994459677156117 -0.158334686317976 0 0 0"
 ycoef=" -2.59088625647115 -0.00464703286840099 0.937040954608279 0 0 0">
<Contour name="d001" hidden="false" closed="true" simplified="true" border="1 0.5 0" fill="1 1 0.501961" mode="13"
 points="10.1687 5.96612,
	10.1719 5.94033,
	10.1832 5.92743,
	10.2009 5.90164,
	10.2267 5.88391,
	10.2783 5.8565,
	10.2912 5.85167,
	10.317 5.85167,
	10.3299 5.85167,
	10.3363 5.85167,
	10.3589 5.87746,
	10.396 5.92904,
	10.4105 5.95484,
	10.4169 5.98063,
	10.4105 6.00642,
	10.4008 6.03221,
	10.3847 6.05801,
	10.3815 6.06445,
	10.3686 6.07574,
	10.3621 6.08219,
	10.3363 6.09347,
	10.3105 6.09831,
	10.2976 6.09992,
	10.2847 6.09831,
	10.2332 6.07413,
	10.2203 6.06929,
	10.2138 6.06607,
	10.2025 6.05317,
	10.1945 6.04027,
	10.1735 5.98869,
	10.1687 5.97579,
	10.1687 5.96934,
	10.1687 5.96773,
	"/>
<Contour name="d002" hidden="false" closed="true" simplified="true" border="1 0.5 0" fill="1 1 0" mode="13"
 points="8.26453 9.96633,
	8.27096 9.94059,
	8.27096 9.83765,
	8.26774 9.81191,
	8.27739 9.76044,
	8.28061 9.74757,
	8.30313 9.72505,
	8.30956 9.72184,
	8.31278 9.70897,
	8.32243 9.6961,
	8.34173 9.64463,
	8.34817 9.61889,
	8.35139 9.60602,
	8.36747 9.58029,
	8.37712 9.55455,
	8.39321 9.52882,
	8.40929 9.47734,
	8.43181 9.45482,
	8.44468 9.44196,
	8.47685 9.3937,
	8.49937 9.36796,
	8.5058 9.3551,
	8.51867 9.34223,
	8.52832 9.33579,
	8.54762 9.31006,
	8.56049 9.28432,
	8.57336 9.27467,
	8.5991 9.26824,
	8.62483 9.26824,
	8.6377 9.27467,
	8.66344 9.27467,
	8.6763 9.27467,
	8.72778 9.25215,
	8.73743 9.23928,
	8.74386 9.23285,
	8.74708 9.21998,
	8.74708 9.21355,
	8.75351 9.20711,
	8.75351 9.20068,
	8.76638 9.19103,
	8.81785 9.18459,
	8.86933 9.18781,
	8.88219 9.18781,
	8.90793 9.17816,
	8.93367 9.15886,
	8.9401 9.14921,
	8.95297 9.13956,
	9.05591 9.11704,
	9.10739 9.10739,
	9.13312 9.10417,
	9.13956 9.10417,
	9.16207 9.08165,
	9.18781 9.06556,
	9.23928 9.05591,
	9.34223 9.0527,
	9.36796 9.05591,
	9.3744 9.05913,
	9.40013 9.05591,
	9.413 9.04948,
	9.46447 9.04626,
	9.51595 9.04948,
	9.54168 9.0527,
	9.55455 9.05591,
	9.60281 9.09773,
	9.65106 9.12669,
	9.70253 9.14599,
	9.72505 9.16207,
	9.73792 9.17173,
	9.74436 9.17173,
	9.75722 9.18138,
	9.78296 9.18781,
	9.79583 9.18781,
	9.8473 9.21033,
	9.89877 9.23928,
	9.92451 9.25215,
	9.93738 9.25859,
	9.95025 9.27145,
	9.9599 9.29719,
	9.96633 9.34866,
	9.96955 9.36153,
	9.98563 9.38727,
	10.0082 9.40335,
	10.021 9.413,
	10.0468 9.41622,
	10.0596 9.41622,
	10.0725 9.42265,
	10.0982 9.42265,
	10.1111 9.41622,
	10.1368 9.41944,
	10.1497 9.42587,
	10.1626 9.42587,
	10.2108 9.46769,
	10.2237 9.49343,
	10.2366 9.5449,
	10.243 9.57064,
	10.243 9.67358,
	10.2494 9.69932,
	10.2526 9.71219,
	10.2591 9.71862,
	10.2623 9.73149,
	10.2752 9.74436,
	10.3073 9.79261,
	10.3266 9.81835,
	10.3331 9.82478,
	10.3395 9.85052,
	10.3395 9.87625,
	10.3202 9.92773,
	10.3138 9.94059,
	10.3009 9.95025,
	10.2945 9.95668,
	10.2912 9.96955,
	10.2848 9.97598,
	10.2816 9.98885,
	10.2816 9.99528,
	10.2623 10.0178,
	10.2494 10.0435,
	10.2494 10.05,
	10.243 10.0564,
	10.2398 10.0693,
	10.198 10.1111,
	10.1819 10.1336,
	10.1594 10.1561,
	10.1465 10.1594,
	10.14 10.1658,
	10.1336 10.1658,
	10.1304 10.1722,
	10.1175 10.1754,
	10.0982 10.1947,
	10.0918 10.2012,
	10.0661 10.2076,
	10.0532 10.2108,
	10.0275 10.2269,
	9.99207 10.2752,
	9.97598 10.3009,
	9.96955 10.3266,
	9.96633 10.3395,
	9.95668 10.3524,
	9.93094 10.362,
	9.92129 10.3749,
	9.91486 10.3813,
	9.90521 10.4071,
	9.90199 10.4199,
	9.88912 10.4328,
	9.86339 10.4489,
	9.84087 10.4746,
	9.83443 10.4875,
	9.82156 10.4971,
	9.8087 10.5004,
	9.80226 10.5068,
	9.79583 10.5068,
	9.77331 10.5261,
	9.75079 10.5518,
	9.69932 10.5679,
	9.68645 10.5743,
	9.66071 10.5776,
	9.63498 10.5872,
	9.53203 10.5936,
	9.48056 10.5969,
	9.45482 10.6001,
	9.42909 10.6097,
	9.41622 10.6194,
	9.39048 10.6258,
	9.28754 10.6323,
	9.23607 10.6323,
	9.21033 10.6355,
	9.15886 10.629,
	9.05591 10.6323,
	9.03018 10.629,
	8.92723 10.6323,
	8.87576 10.6323,
	8.86289 10.6323,
	8.83716 10.6162,
	8.82107 10.5936,
	8.79855 10.5711,
	8.74708 10.5647,
	8.73421 10.5615,
	8.68596 10.5261,
	8.66022 10.5004,
	8.63448 10.4939,
	8.58301 10.4618,
	8.55728 10.4521,
	8.5058 10.4231,
	8.46076 10.3749,
	8.43503 10.3524,
	8.43181 10.3009,
	8.44146 10.2752,
	8.45111 10.2237,
	8.42859 10.1722,
	8.42216 10.1594,
	8.39964 10.1336,
	8.3739 10.1272,
	8.36104 10.124,
	8.34817 10.1143,
	8.32243 10.1079,
	8.2967 10.0918,
	8.28383 10.0821,
	8.26774 10.0307,
	8.26453 9.9792,
	8.26453 9.96955,
	"/>
<Contour name="d009" hidden="false" closed="true" simplified="true" border="1 0.502 0" fill="1 1 0" mode="13"
 points="3.30471 26.0569,
	3.30993 26.036,
	3.32036 26.0152,
	3.33079 26.0047,
	3.34123 25.9839,
	3.34384 25.9734,
	3.36992 25.9317,
	3.37253 25.9213,
	3.40122 25.8795,
	3.41426 25.8587,
	3.42469 25.8482,
	3.44556 25.8378,
	3.46382 25.8221,
	3.47164 25.8143,
	3.48208 25.8117,
	3.50033 25.7961,
	3.5212 25.7856,
	3.53163 25.7856,
	3.54207 25.7804,
	3.54728 25.7804,
	3.56815 25.7621,
	3.58902 25.7491,
	3.63075 25.7439,
	3.67248 25.7517,
	3.69335 25.7674,
	3.70378 25.7726,
	3.72465 25.7726,
	3.76638 25.7804,
	3.84985 25.783,
	3.89158 25.7934,
	3.90984 25.8117,
	3.92027 25.8326,
	3.93853 25.8482,
	3.94896 25.856,
	3.95679 25.8769,
	3.97504 25.8952,
	3.99591 25.9056,
	4.01417 25.9265,
	4.03764 25.9656,
	4.04547 25.9865,
	4.05068 25.9969,
	4.05068 26.0021,
	4.05851 26.0099,
	4.07155 26.0517,
	4.07677 26.0725,
	4.07416 26.0751,
	4.08981 26.1169,
	4.09763 26.1377,
	4.10024 26.1482,
	4.09242 26.169,
	4.07938 26.1899,
	4.06112 26.2316,
	4.04286 26.2473,
	3.97765 26.3308,
	3.8968 26.4012,
	3.85506 26.4038,
	3.7716 26.4012,
	3.72986 26.3986,
	3.6464 26.3829,
	3.62553 26.3777,
	3.60467 26.3673,
	3.5212 26.3542,
	3.47947 26.349,
	3.4586 26.3464,
	3.45338 26.3464,
	3.43252 26.3334,
	3.41426 26.3151,
	3.40122 26.2942,
	3.39339 26.2838,
	3.38557 26.2629,
	3.37253 26.2421,
	3.36209 26.2342,
	3.32819 26.1508,
	3.31254 26.109,
	3.30471 26.0882,
	3.30471 26.0673,
	3.30471 26.0595,
	"/>
<Contour name="d010" hidden="false" closed="true" simplified="true" border="1 0.502 0" fill="1 1 0" mode="13"
 points="6.60752 19.3992,
	6.61712 19.3838,
	6.63055 19.3685,
	6.64014 19.3531,
	6.65165 19.3224,
	6.65741 19.3148,
	6.65933 19.2841,
	6.66509 19.2534,
	6.667 19.238,
	6.67276 19.2303,
	6.6766 19.215,
	6.6766 19.2073,
	6.68811 19.192,
	6.69195 19.1843,
	6.72073 19.1555,
	6.72456 19.1517,
	6.7284 19.1517,
	6.75718 19.1248,
	6.77253 19.1114,
	6.78788 19.1076,
	6.79556 19.1056,
	6.80323 19.0999,
	6.81858 19.098,
	6.84928 19.1018,
	6.87998 19.1133,
	6.88765 19.1171,
	6.89149 19.121,
	6.89533 19.121,
	6.91068 19.1325,
	6.91835 19.1363,
	6.9337 19.1498,
	6.9644 19.1632,
	6.97975 19.1785,
	7.01045 19.1958,
	7.0258 19.2016,
	7.0565 19.2227,
	7.07185 19.2284,
	7.07953 19.2303,
	7.09487 19.2265,
	7.11022 19.2169,
	7.12366 19.2016,
	7.13133 19.1862,
	7.14092 19.1555,
	7.14284 19.1478,
	7.16395 19.1171,
	7.1793 19.1056,
	7.19465 19.0999,
	7.21 19.098,
	7.21767 19.096,
	7.27907 19.1133,
	7.29442 19.1152,
	7.32512 19.1248,
	7.35582 19.1306,
	7.37117 19.1325,
	7.37884 19.1325,
	7.38268 19.1306,
	7.39803 19.1344,
	7.4057 19.1363,
	7.40954 19.1363,
	7.4153 19.144,
	7.4153 19.1478,
	7.42105 19.1555,
	7.42489 19.1862,
	7.42873 19.2016,
	7.43065 19.2323,
	7.44024 19.263,
	7.446 19.2783,
	7.44792 19.2841,
	7.44792 19.2956,
	7.446 19.3109,
	7.44216 19.3148,
	7.44024 19.3762,
	7.44216 19.3915,
	7.45175 19.4222,
	7.45175 19.4299,
	7.47286 19.4568,
	7.48437 19.4721,
	7.4978 19.4836,
	7.51315 19.4913,
	7.5285 19.5028,
	7.53618 19.5086,
	7.5381 19.5105,
	7.55153 19.5277,
	7.55153 19.5316,
	7.55728 19.5393,
	7.56112 19.5546,
	7.56879 19.57,
	7.57071 19.6007,
	7.56879 19.616,
	7.56496 19.6237,
	7.56304 19.639,
	7.55536 19.6544,
	7.55153 19.6582,
	7.54961 19.6659,
	7.54961 19.6697,
	7.54577 19.6736,
	7.54385 19.6812,
	7.52466 19.7119,
	7.51315 19.7273,
	7.50548 19.735,
	7.50164 19.7388,
	7.49972 19.7465,
	7.49588 19.7503,
	7.49588 19.758,
	7.47094 19.7887,
	7.46327 19.804,
	7.45751 19.8117,
	7.44792 19.8424,
	7.41146 19.9038,
	7.40379 19.9192,
	7.39995 19.9268,
	7.3846 19.9403,
	7.36541 19.971,
	7.33663 19.9978,
	7.33279 20.0017,
	7.33279 20.0055,
	7.32512 20.0132,
	7.30977 20.017,
	7.27907 20.0343,
	7.27523 20.0343,
	7.2714 20.0381,
	7.26756 20.0381,
	7.23686 20.0631,
	7.22151 20.0727,
	7.21 20.088,
	7.20232 20.0938,
	7.14092 20.0918,
	7.11022 20.088,
	7.10255 20.088,
	7.09487 20.0842,
	7.06418 20.0803,
	7.03348 20.0727,
	6.97208 20.065,
	6.94138 20.0592,
	6.92603 20.0554,
	6.91068 20.0458,
	6.903 20.042,
	6.89149 20.0266,
	6.88382 20.0113,
	6.87998 19.9806,
	6.86847 19.9499,
	6.86079 19.9345,
	6.84736 19.9211,
	6.83201 19.9115,
	6.82434 19.9077,
	6.76294 19.9019,
	6.70154 19.8885,
	6.64014 19.852,
	6.62479 19.8367,
	6.61712 19.8213,
	6.62095 19.8136,
	6.6363 19.804,
	6.66509 19.7753,
	6.67276 19.7695,
	6.68043 19.7542,
	6.68043 19.7388,
	6.67084 19.7081,
	6.64398 19.6774,
	6.6363 19.6621,
	6.63439 19.6544,
	6.62287 19.639,
	6.61328 19.6083,
	6.61136 19.5776,
	6.61328 19.5469,
	6.61328 19.5316,
	6.60944 19.5162,
	6.60944 19.4548,
	6.60944 19.4241,
	6.60752 19.4088,
	6.60752 19.4011,
	"/>
<Contour name="d011" hidden="false" closed="true" simplified="true" border="1 0.501961 0" fill="1 1 0" mode="13"
 points="10.8908 36.5629,
	10.8977 36.5261,
	10.9069 36.5099,
	10.9161 36.503,
	10.9346 36.5007,
	10.9714 36.48,
	10.9898 36.4639,
	10.9967 36.4546,
	11.0152 36.4454,
	11.0244 36.4431,
	11.029 36.4385,
	11.0336 36.4385,
	11.0497 36.4224,
	11.0866 36.4086,
	11.1234 36.404,
	11.1603 36.404,
	11.1787 36.4063,
	11.1833 36.4063,
	11.1879 36.4109,
	11.2064 36.4155,
	11.2179 36.4224,
	11.2547 36.4362,
	11.2916 36.4408,
	11.31 36.4431,
	11.3284 36.4408,
	11.3469 36.4431,
	11.3561 36.4477,
	11.3929 36.45,
	11.4298 36.457,
	11.4643 36.4869,
	11.4782 36.4984,
	11.4966 36.5168,
	11.5035 36.5261,
	11.5058 36.5353,
	11.5196 36.5514,
	11.5288 36.556,
	11.5404 36.5929,
	11.5496 36.609,
	11.5519 36.6274,
	11.5588 36.6458,
	11.5588 36.6504,
	11.5657 36.6574,
	11.5749 36.6942,
	11.5772 36.7126,
	11.5772 36.7219,
	11.5496 36.7587,
	11.5427 36.7771,
	11.5288 36.7956,
	11.5127 36.8094,
	11.4805 36.8439,
	11.4713 36.8508,
	11.4667 36.8508,
	11.4321 36.8739,
	11.4137 36.8831,
	11.2663 36.9153,
	11.257 36.9153,
	11.2386 36.9223,
	11.2202 36.9223,
	11.211 36.9223,
	11.2018 36.9153,
	11.1649 36.8992,
	11.1465 36.8923,
	11.128 36.8785,
	11.1188 36.8762,
	11.0843 36.8508,
	11.0658 36.8393,
	11.0474 36.8232,
	11.0359 36.8048,
	11.0175 36.7887,
	10.9967 36.7518,
	10.9829 36.7334,
	10.9783 36.7288,
	10.976 36.7195,
	10.9622 36.7011,
	10.953 36.6919,
	10.9507 36.6827,
	10.9461 36.6804,
	10.9461 36.6712,
	10.9415 36.6689,
	10.9415 36.6597,
	10.923 36.6504,
	10.9069 36.6343,
	10.8954 36.6159,
	10.8908 36.5975,
	10.8908 36.579,
	10.8908 36.5698,
	10.8908 36.5652,
	"/>
<Contour name="d001 smooth20" hidden="false" closed="true" simplified="false" border="1 0.5 0" fill="1 1 0.501961" mode="13"
 points="10.2012 5.93291,
	10.2107 5.92848,
	10.2221 5.92663,
	10.2341 5.92606,
	10.2466 5.92679,
	10.2586 5.9288,
	10.2702 5.93211,
	10.281 5.9367,
	10.2917 5.94162,
	10.3017 5.9471,
	10.3114 5.9529,
	10.3197 5.95927,
	10.3268 5.96588,
	10.3331 5.97386,
	10.3382 5.9824,
	10.3398 5.99103,
	10.3395 6.0003,
	10.3363 6.01077,
	10.3318 6.02085,
	10.3257 6.03028,
	10.3179 6.03713,
	10.3084 6.04205,
	10.297 6.04406,
	10.2849 6.04471,
	10.2725 6.04406,
	10.2604 6.04213,
	10.2488 6.0389,
	10.238 6.03439,
	10.2274 6.02955,
	10.2174 6.02415,
	10.2077 6.01843,
	10.1993 6.01214,
	10.1922 6.00561,
	"/>
</Transform>

<Transform dim="0"
 xcoef=" 0 1 0 0 0 0"
 ycoef=" 0 0 1 0 0 0">
<Contour name="d009_mito01" hidden="false" closed="true" simplified="true" border="0 0.25098 0.501961" fill="0 0.25098 0.501961" mode="11"
 points="6.81728 30.6964,
	6.82194 30.6778,
	6.83126 30.6591,
	6.83825 30.6498,
	6.85689 30.6428,
	6.89417 30.6405,
	6.91281 30.6428,
	6.92213 30.6452,
	6.92679 30.6452,
	6.9431 30.6615,
	6.9431 30.6661,
	6.94776 30.6685,
	6.95009 30.6778,
	6.97339 30.7104,
	6.98038 30.7197,
	6.98271 30.7384,
	7.01066 30.7756,
	7.01765 30.8129,
	7.01998 30.8315,
	7.01765 30.8409,
	7.00367 30.8572,
	6.99669 30.8665,
	6.99669 30.8712,
	6.98038 30.8898,
	6.96174 30.8945,
	6.9431 30.8945,
	6.92679 30.8875,
	6.89883 30.8525,
	6.88718 30.8362,
	6.8732 30.7989,
	6.85689 30.7826,
	6.84757 30.764,
	6.83126 30.7453,
	6.82893 30.736,
	6.82194 30.7244,
	6.81961 30.7057,
	6.81728 30.6987,
	"/>
</Transform>

<Transform dim="0"
 xcoef=" 0 1 0 0 0 0"
 ycoef=" 0 0 1 0 0 0">
<Contour name="d015_mito01" hidden="false" closed="true" simplified="true" border="0.25098 0.501961 0.501961" fill="0.25098 0.501961 0.501961" mode="11"
 points="21.4701 38.7211,
	21.4902 38.6854,
	21.4991 38.6765,
	21.5169 38.6698,
	21.5884 38.6631,
	21.6241 38.6631,
	21.6598 38.6787,
	21.6687 38.6809,
	21.6732 38.6809,
	21.6754 38.6854,
	21.6933 38.6899,
	21.6955 38.6943,
	21.7312 38.7077,
	21.7402 38.71,
	21.7446 38.7144,
	21.7491 38.7144,
	21.767 38.7301,
	21.7714 38.7301,
	21.8049 38.7658,
	21.8094 38.8015,
	21.8094 38.8372,
	21.8094 38.8551,
	21.7937 38.9265,
	21.7893 38.9444,
	21.7759 38.96,
	21.758 38.9957,
	21.7513 39.0024,
	21.7424 39.0046,
	21.7067 38.9957,
	21.6888 38.9823,
	21.6531 38.9778,
	21.6174 38.9667,
	21.5995 38.9555,
	21.5906 38.951,
	21.5817 38.9421,
	21.575 38.9377,
	21.546 38.9042,
	21.5326 38.8908,
	21.5192 38.8729,
	21.5102 38.8662,
	21.5058 38.8573,
	21.5013 38.8528,
	21.5013 38.8439,
	21.4969 38.835,
	21.4969 38.8305,
	21.4857 38.8126,
	21.479 38.8037,
	21.4723 38.768,
	21.4701 38.7323,
	21.4701 38.7234,
	"/>
</Transform>

<Transform dim="0"
 xcoef=" 0 1 0 0 0 0"
 ycoef=" 0 0 1 0 0 0">
<Contour name="d010_mito01" hidden="false" closed="true" simplified="true" border="0.25098 0.501961 0.501961" fill="0.25098 0.501961 0.501961" mode="11"
 points="8.78665 23.9188,
	8.79279 23.8942,
	8.79586 23.8819,
	8.802 23.8697,
	8.81121 23.8589,
	8.83424 23.8436,
	8.84653 23.8389,
	8.87109 23.8359,
	8.92022 23.8405,
	8.93097 23.8482,
	8.93404 23.8482,
	8.95707 23.8681,
	8.96935 23.8773,
	8.98624 23.8988,
	8.99545 23.908,
	9.00313 23.9203,
	9.00774 23.9326,
	9.01848 23.9418,
	9.02462 23.9464,
	9.02616 23.9495,
	9.02462 23.9556,
	9.0277 23.9802,
	9.02155 24.0048,
	9.01541 24.017,
	9.01388 24.0232,
	8.99699 24.0478,
	8.98931 24.06,
	8.97703 24.0677,
	8.96475 24.0723,
	8.91562 24.0769,
	8.89105 24.0692,
	8.87877 24.0677,
	8.86649 24.0616,
	8.86035 24.057,
	8.8542 24.0554,
	8.82964 24.0385,
	8.81889 24.0293,
	8.80354 24.0063,
	8.80047 24.0002,
	8.79893 23.9879,
	8.79126 23.9633,
	8.78665 23.9387,
	8.78665 23.9265,
	8.78665 23.9203,
	"/>
</Transform>

<Transform dim="0"
 xcoef=" 0 1 0 0 0 0"
 ycoef=" 0 0 1 0 0 0">
<Contour name="d012_mito02" hidden="false" closed="true" simplified="true" border="0.501961 1 1" fill="0.501961 1 1" mode="11"
 points="18.7935 46.0683,
	18.7964 46.0446,
	18.8053 46.0209,
	18.8172 46.012,
	18.8646 46.0031,
	18.8883 46.0031,
	18.9357 46.0209,
	18.9771 46.0653,
	18.989 46.0772,
	19.0068 46.1246,
	18.9979 46.172,
	19.0008 46.1957,
	18.9949 46.2194,
	18.9919 46.2312,
	18.9712 46.2549,
	18.9475 46.2638,
	18.9001 46.2608,
	18.8764 46.252,
	18.8527 46.2342,
	18.8468 46.2223,
	18.8409 46.2164,
	18.8231 46.169,
	18.8112 46.1453,
	18.8024 46.1335,
	18.7964 46.1098,
	18.7964 46.0861,
	18.7935 46.0742,
	18.7935 46.0712,
	"/>
</Transform>

<Transform dim="0"
 xcoef=" 0 1 0 0 0 0"
 ycoef=" 0 0 1 0 0 0">
<Contour name="d011_mito01" hidden="false" closed="true" simplified="true" border="0.25098 0.501961 0.501961" fill="0.25098 0.501961 0.501961" mode="11"
 points="15.8766 41.9922,
	15.8844 41.9508,
	15.8973 41.93,
	15.9155 41.9093,
	15.9258 41.9067,
	15.9466 41.8938,
	15.988 41.8912,
	16.0295 41.8938,
	16.0502 41.8989,
	16.0917 41.9249,
	16.1124 41.943,
	16.1228 41.9534,
	16.1305 41.9741,
	16.1331 41.9844,
	16.1409 41.9948,
	16.1435 42.0052,
	16.1409 42.0466,
	16.1331 42.0674,
	16.1331 42.0777,
	16.1176 42.1192,
	16.1046 42.1399,
	16.0865 42.158,
	16.0658 42.1658,
	16.0243 42.1658,
	16.0036 42.158,
	15.9828 42.1399,
	15.9414 42.114,
	15.9284 42.0984,
	15.9103 42.0803,
	15.8973 42.0648,
	15.8896 42.0544,
	15.8818 42.0129,
	15.8766 42.0026,
	15.8766 41.9948,
	"/>
</Transform>

<Transform dim="0"
 xcoef=" 0 1 0 0 0 0"
 ycoef=" 0 0 1 0 0 0">
<Contour name="d008_mito01" hidden="false" closed="true" simplified="true" border="0.25098 0.501961 0.501961" fill="0.25098 0.501961 0.501961" mode="11"
 points="24.1107 23.4789,
	24.1267 23.4628,
	24.1635 23.449,
	24.2003 23.4467,
	24.237 23.4261,
	24.2462 23.4238,
	24.2554 23.4261,
	24.2623 23.4352,
	24.2784 23.4444,
	24.283 23.449,
	24.2876 23.449,
	24.3036 23.4628,
	24.3266 23.4973,
	24.3358 23.5156,
	24.3404 23.534,
	24.3404 23.5386,
	24.345 23.5432,
	24.3519 23.58,
	24.3588 23.5984,
	24.3611 23.6351,
	24.3634 23.6535,
	24.3611 23.6627,
	24.3542 23.6719,
	24.3496 23.6742,
	24.3496 23.6788,
	24.345 23.6834,
	24.3266 23.6879,
	24.3174 23.6925,
	24.299 23.6925,
	24.2807 23.6857,
	24.2715 23.6811,
	24.237 23.6489,
	24.2186 23.6351,
	24.2071 23.6167,
	24.198 23.6075,
	24.1934 23.6075,
	24.1888 23.6029,
	24.1842 23.6029,
	24.1819 23.5984,
	24.1773 23.5984,
	24.1681 23.5892,
	24.1589 23.5708,
	24.1543 23.5616,
	24.1244 23.5271,
	24.1153 23.5088,
	24.1107 23.4996,
	24.1107 23.4812,
	"/>
</Transform>

<Transform dim="0"
 xcoef=" 0 1 0 0 0 0"
 ycoef=" 0 0 1 0 0 0">
<Contour name="d004_mito01" hidden="false" closed="true" simplified="true" border="0.25098 0.501961 0.501961" fill="0.25098 0.501961 0.501961" mode="11"
 points="35.1609 20.5885,
	35.167 20.5763,
	35.167 20.5701,
	35.1854 20.5487,
	35.1945 20.5243,
	35.2068 20.5121,
	35.2312 20.4998,
	35.2801 20.4968,
	35.329 20.5059,
	35.3352 20.5059,
	35.3413 20.5121,
	35.3535 20.5121,
	35.3627 20.5212,
	35.3688 20.5212,
	35.4116 20.5579,
	35.436 20.5732,
	35.4574 20.5946,
	35.4574 20.6007,
	35.4758 20.619,
	35.4972 20.6435,
	35.5125 20.6649,
	35.5247 20.7138,
	35.5308 20.7383,
	35.5308 20.7627,
	35.5216 20.7872,
	35.5216 20.7994,
	35.5155 20.8116,
	35.4911 20.83,
	35.4452 20.8514,
	35.4207 20.8605,
	35.4085 20.8667,
	35.3963 20.8667,
	35.3841 20.8728,
	35.3596 20.8728,
	35.3352 20.8636,
	35.3138 20.8422,
	35.3015 20.8391,
	35.2771 20.8239,
	35.2648 20.8178,
	35.222 20.7688,
	35.2037 20.7444,
	35.1976 20.7322,
	35.1915 20.7291,
	35.1915 20.7169,
	35.1701 20.668,
	35.1609 20.619,
	35.1609 20.5946,
	35.1609 20.5915,
	"/>
</Transform>

<Transform dim="0"
 xcoef=" 0 1 0 0 0 0"
 ycoef=" 0 0 1 0 0 0">
<Contour name="d005_mito02" hidden="false" closed="true" simplified="true" border="0 1 1" fill="0 1 1" mode="11"
 points="41.6179 31.0073,
	41.6406 30.977,
	41.652 30.9467,
	41.6557 30.9316,
	"/>
</Transform>

</Section>