<?xml version="1.0"?>
<!DOCTYPE Section SYSTEM "section.dtd">

<Section index="148" thickness="0.056" alignLocked="true">
<Transform dim="3"
 xcoef=" 4.3004582051042 1.20129471444213 -0.34888904186085 0 0 0"
 ycoef=" -11.2630970872169 0.16644501089458 0.945155745660235 0 0 0">
<Contour name="d001" hidden="false" closed="true" simplified="true" border="1 0.5 0" fill="1 1 0.501961" mode="13"
 points="12.3242 0.780476,
	12.365 0.649716,
	12.3691 0.633371,
	12.3814 0.617026,
	12.3977 0.608853,
	12.4059 0.608853,
	12.4222 0.596594,
	12.4549 0.600681,
	12.4713 0.608853,
	12.4876 0.608853,
	12.5203 0.629285,
	12.5367 0.641543,
	12.5367 0.657888,
	12.5653 0.690579,
	12.5693 0.706924,
	12.5653 0.772304,
	12.5612 0.804994,
	12.5448 0.821339,
	12.5407 0.837684,
	12.5081 0.866288,
	12.4754 0.87446,
	12.41 0.87446,
	12.3773 0.866288,
	12.3446 0.849943,
	12.3283 0.837684,
	12.3242 0.804994,
	12.3242 0.788649,
	12.3242 0.784563,
	"/>
<Contour name="d001 smooth20" hidden="false" closed="true" simplified="false" border="1 0.5 0" fill="1 1 0.501961" mode="13"
 points="12.3579 0.714483,
	12.3677 0.706923,
	12.3783 0.699977,
	12.3889 0.693847,
	12.401 0.689353,
	12.4133 0.685675,
	12.4253 0.685266,
	12.4372 0.686492,
	12.4482 0.688535,
	12.459 0.691396,
	12.4682 0.695686,
	12.4758 0.700386,
	12.4801 0.705085,
	12.4807 0.715913,
	12.4795 0.726742,
	12.4768 0.737775,
	12.4731 0.747582,
	12.469 0.756572,
	12.4641 0.76597,
	12.4576 0.775164,
	12.4502 0.78395,
	12.4404 0.791714,
	12.4298 0.798865,
	12.4192 0.805198,
	12.4071 0.809898,
	12.3949 0.81378,
	12.3828 0.814393,
	12.371 0.813371,
	"/>
</Transform>

<Transform dim="3"
 xcoef=" 4.3004582051042 1.20129471444213 -0.34888904186085 0 0 0"
 ycoef=" -11.2630970872169 0.16644501089458 0.945155745660235 0 0 0">
<Contour name="d003" hidden="false" closed="true" simplified="true" border="1 0.502 0.251" fill="1 1 0" mode="13"
 points="44.5378 6.55331,
	44.5469 6.51672,
	44.5515 6.49843,
	44.5835 6.46642,
	44.5927 6.46642,
	44.6613 6.41611,
	44.7344 6.38867,
	44.8808 6.3841,
	45.4661 6.40696,
	45.5393 6.41154,
	45.832 6.47099,
	45.9051 6.47556,
	45.9417 6.47556,
	45.96 6.48013,
	45.96 6.48928,
	45.9783 6.48471,
	46.0103 6.45727,
	46.0835 6.42983,
	46.1018 6.41611,
	46.1201 6.41154,
	46.1933 6.4344,
	46.2298 6.45727,
	46.2481 6.46184,
	46.2801 6.48928,
	46.2939 6.52587,
	46.2984 6.54416,
	46.2939 6.56245,
	46.2801 6.58074,
	46.2527 6.65391,
	46.2436 6.67221,
	46.2481 6.70879,
	46.2664 6.7408,
	46.2847 6.74995,
	46.2939 6.7591,
	46.303 6.7591,
	46.3122 6.76824,
	46.3487 6.77739,
	46.367 6.78196,
	46.4356 6.83227,
	46.4676 6.85513,
	46.4859 6.85971,
	46.5179 6.89172,
	46.5408 6.96489,
	46.5408 7.03806,
	46.5408 7.05635,
	46.5134 7.08836,
	46.5134 7.09751,
	46.4859 7.13409,
	46.4494 7.16611,
	46.4173 7.1844,
	46.3945 7.21641,
	46.3259 7.25757,
	46.1795 7.28501,
	46.1064 7.28958,
	45.96 7.27129,
	45.8137 7.26214,
	45.7771 7.26214,
	45.7405 7.253,
	45.7222 7.253,
	45.5759 7.19354,
	45.5576 7.1844,
	45.5484 7.17525,
	45.4021 7.14781,
	45.3289 7.12952,
	45.2923 7.1158,
	45.2558 7.08836,
	45.1094 7.05635,
	45.0728 7.04263,
	45.0363 7.01519,
	45.0271 7.00605,
	44.9539 6.97403,
	44.9448 6.97403,
	44.9356 6.96489,
	44.8991 6.95117,
	44.8899 6.95117,
	44.8305 6.89172,
	44.8122 6.878,
	44.7756 6.86428,
	44.7619 6.85513,
	44.7299 6.81855,
	44.6613 6.76824,
	44.5972 6.70879,
	44.5469 6.63562,
	44.5378 6.56245,
	44.5378 6.55788,
	"/>
</Transform>

<Transform dim="3"
 xcoef=" 4.3004582051042 1.20129471444213 -0.34888904186085 0 0 0"
 ycoef=" -11.2630970872169 0.16644501089458 0.945155745660235 0 0 0">
<Contour name="d004" hidden="false" closed="true" simplified="true" border="1 0.502 0" fill="1 1 0" mode="13"
 points="33.5109 12.6521,
	33.5234 12.5186,
	33.5276 12.4519,
	33.5318 12.4186,
	33.5526 12.3518,
	33.561 12.3185,
	33.5651 12.3018,
	33.5651 12.2934,
	33.5735 12.2851,
	33.586 12.2184,
	33.6027 12.185,
	33.611 12.1767,
	33.6235 12.1433,
	33.6318 12.1266,
	33.661 12.0975,
	33.6986 12.0307,
	33.7319 12.0099,
	33.7486 11.9932,
	33.7653 11.9598,
	33.7778 11.9515,
	33.7903 11.9348,
	33.8237 11.9223,
	33.8862 11.8639,
	33.9196 11.8514,
	34.053 11.8389,
	34.1865 11.8347,
	34.2532 11.8431,
	34.2865 11.8556,
	34.3032 11.8598,
	34.3366 11.889,
	34.3449 11.889,
	34.3741 11.9098,
	34.3908 11.9223,
	34.4075 11.9265,
	34.4367 11.9557,
	34.4742 12.0182,
	34.4867 12.0516,
	34.4909 12.0849,
	34.4909 12.1016,
	34.4992 12.11,
	34.4992 12.1266,
	34.5076 12.1433,
	34.5076 12.1767,
	34.5076 12.185,
	34.5201 12.2017,
	34.5451 12.2684,
	34.5993 12.3268,
	34.6285 12.3602,
	34.6619 12.3769,
	34.7286 12.4311,
	34.7453 12.4644,
	34.7578 12.4811,
	34.7578 12.4894,
	34.7786 12.5228,
	34.7786 12.5311,
	34.7995 12.5645,
	34.8203 12.6312,
	34.8537 12.8981,
	34.8996 13.0316,
	34.9538 13.165,
	34.983 13.2317,
	35.0038 13.2651,
	35.0205 13.3318,
	35.0789 13.3944,
	35.0914 13.411,
	35.0955 13.4277,
	35.1206 13.4611,
	35.1289 13.4694,
	35.1498 13.5361,
	35.1623 13.6029,
	35.1539 13.6362,
	35.1081 13.6988,
	35.0914 13.7113,
	35.0247 13.7155,
	34.9913 13.7155,
	34.9246 13.6904,
	34.9079 13.6821,
	34.8996 13.6738,
	34.8912 13.6738,
	34.8829 13.6654,
	34.8162 13.6362,
	34.7494 13.6237,
	34.7161 13.6195,
	34.6994 13.6195,
	34.6327 13.5987,
	34.5993 13.5945,
	34.5826 13.5904,
	34.5659 13.5945,
	34.5326 13.6154,
	34.4659 13.6362,
	34.4325 13.6487,
	34.37 13.7071,
	34.3032 13.7196,
	34.2365 13.7196,
	34.2031 13.7155,
	34.1364 13.6904,
	34.1197 13.6821,
	34.1114 13.6738,
	34.1031 13.6738,
	34.0947 13.6654,
	34.0864 13.6654,
	34.078 13.6571,
	34.0697 13.6571,
	34.0072 13.6112,
	33.9863 13.5862,
	33.9529 13.5528,
	33.8862 13.5111,
	33.832 13.4486,
	33.8153 13.4402,
	33.7861 13.411,
	33.7653 13.3777,
	33.7361 13.3568,
	33.7069 13.3235,
	33.6652 13.2567,
	33.6485 13.2234,
	33.6444 13.19,
	33.6318 13.1567,
	33.6277 13.0899,
	33.6152 13.0232,
	33.5985 12.9899,
	33.5818 12.9231,
	33.5443 12.8564,
	33.5276 12.8231,
	33.5151 12.7563,
	33.5109 12.6896,
	33.5109 12.6562,
	"/>
</Transform>

<Transform dim="3"
 xcoef=" 4.3004582051042 1.20129471444213 -0.34888904186085 0 0 0"
 ycoef=" -11.2630970872169 0.16644501089458 0.945155745660235 0 0 0">
<Contour name="d012" hidden="false" closed="true" simplified="true" border="1 0.501961 0" fill="1 1 0" mode="13"
 points="9.88398 35.7567,
	9.89228 35.6903,
	9.92966 35.5574,
	9.93381 35.5242,
	9.95458 35.4909,
	10.0003 35.437,
	10.021 35.412,
	10.0501 35.3954,
	10.0667 35.3871,
	10.075 35.3871,
	10.1373 35.3414,
	10.2038 35.3207,
	10.2702 35.3207,
	10.3034 35.3248,
	10.32 35.3331,
	10.3865 35.3373,
	10.4156 35.3497,
	10.4488 35.3705,
	10.4737 35.3913,
	10.4903 35.4037,
	10.4986 35.4203,
	10.5069 35.4203,
	10.5152 35.4287,
	10.5277 35.4619,
	10.5484 35.4909,
	10.5568 35.5076,
	10.5568 35.5408,
	10.5775 35.6072,
	10.5775 35.6155,
	10.5692 35.6238,
	10.5692 35.6571,
	10.5651 35.6737,
	10.5484 35.682,
	10.5443 35.6986,
	10.5609 35.8315,
	10.5651 35.8979,
	10.5692 35.9312,
	10.5235 35.9976,
	10.4654 36.0516,
	10.4654 36.0682,
	10.4197 36.1305,
	10.3948 36.1637,
	10.3948 36.172,
	10.3657 36.2011,
	10.2328 36.2302,
	10.1664 36.2302,
	10.1332 36.2302,
	10.0667 36.2094,
	10.0335 36.1969,
	10.0169 36.1845,
	9.9961 36.1513,
	9.95042 36.0973,
	9.92966 36.0308,
	9.92135 36.0142,
	9.92135 35.9976,
	9.90059 35.9312,
	9.88813 35.7983,
	9.88398 35.765,
	9.88398 35.7609,
	"/>
</Transform>

<Transform dim="3"
 xcoef=" 4.3004582051042 1.20129471444213 -0.34888904186085 0 0 0"
 ycoef=" -11.2630970872169 0.16644501089458 0.945155745660235 0 0 0">
<Contour name="d005" hidden="false" closed="true" simplified="true" border="1 0.502 0" fill="1 1 0" mode="13"
 points="37.6775 31.9255,
	37.6859 31.7922,
	37.6942 31.7256,
	37.7234 31.5923,
	37.7359 31.559,
	37.74 31.5423,
	37.74 31.534,
	37.7525 31.5173,
	37.7567 31.5007,
	37.7942 31.434,
	37.8358 31.3757,
	37.8358 31.3674,
	37.865 31.3382,
	37.8983 31.3174,
	37.9316 31.2883,
	37.9483 31.2758,
	37.9566 31.2674,
	37.9649 31.2674,
	37.9733 31.2591,
	37.9816 31.2591,
	37.9983 31.2466,
	38.0649 31.23,
	38.0982 31.2175,
	38.1149 31.2091,
	38.1482 31.205,
	38.1649 31.2008,
	38.1732 31.2008,
	38.1815 31.1925,
	38.3148 31.18,
	38.4481 31.1925,
	38.4647 31.2008,
	38.4814 31.2008,
	38.6147 31.2633,
	38.6813 31.2841,
	38.748 31.2924,
	38.7646 31.2966,
	38.773 31.3049,
	38.7813 31.3049,
	38.798 31.3216,
	38.8021 31.3299,
	38.8188 31.3341,
	38.8479 31.3591,
	38.8688 31.4257,
	38.8771 31.4924,
	38.8813 31.7589,
	38.8854 31.8922,
	38.8896 31.9589,
	38.8938 31.9922,
	38.9062 32.0255,
	38.9271 32.0546,
	38.9562 32.088,
	38.9687 32.1046,
	38.9729 32.1171,
	38.9854 32.1338,
	38.9895 32.1504,
	38.9562 32.2837,
	38.9562 32.2921,
	38.9312 32.3254,
	38.9146 32.3587,
	38.9021 32.4253,
	38.8813 32.492,
	38.8688 32.5253,
	38.8729 32.542,
	38.8063 32.5961,
	38.7938 32.6294,
	38.773 32.6586,
	38.7438 32.6877,
	38.6563 32.8169,
	38.648 32.8294,
	38.6189 32.8627,
	38.6147 32.8793,
	38.5605 32.9418,
	38.5231 33.0751,
	38.5189 33.0918,
	38.5064 33.1084,
	38.4731 33.1126,
	38.4564 33.1084,
	38.4398 33.0959,
	38.4314 33.0793,
	38.3648 33.0251,
	38.2981 32.9918,
	38.2648 32.9751,
	38.1982 32.9668,
	38.1315 32.971,
	38.0982 32.9751,
	38.0816 32.9835,
	38.0149 32.9876,
	37.9483 32.9751,
	37.915 32.9585,
	37.8983 32.9543,
	37.865 32.9335,
	37.8483 32.9293,
	37.8316 32.9168,
	37.8025 32.8502,
	37.79 32.8335,
	37.7692 32.7669,
	37.7567 32.7002,
	37.7442 32.567,
	37.7317 32.5003,
	37.7234 32.4837,
	37.7234 32.417,
	37.7234 32.3837,
	37.7234 32.367,
	37.715 32.3504,
	37.7109 32.317,
	37.6984 32.2837,
	37.6859 32.1504,
	37.6775 32.0838,
	37.6775 31.9505,
	37.6775 31.9339,
	37.6775 31.9297,
	"/>
</Transform>

<Transform dim="3"
 xcoef=" 4.3004582051042 1.20129471444213 -0.34888904186085 0 0 0"
 ycoef=" -11.2630970872169 0.16644501089458 0.945155745660235 0 0 0">
<Contour name="d006" hidden="false" closed="true" simplified="true" border="1 0.502 0" fill="1 1 0" mode="13"
 points="38.1894 26.8135,
	38.2055 26.7705,
	38.227 26.7275,
	38.2351 26.7059,
	38.2485 26.6871,
	38.2673 26.671,
	38.2727 26.6603,
	38.2781 26.6549,
	38.2781 26.6495,
	38.2942 26.628,
	38.313 26.6172,
	38.3345 26.5984,
	38.3399 26.5877,
	38.3614 26.5715,
	38.3829 26.5635,
	38.3937 26.5608,
	38.399 26.5554,
	38.4044 26.5554,
	38.4098 26.55,
	38.4152 26.55,
	38.4205 26.5447,
	38.4259 26.5447,
	38.4313 26.5393,
	38.442 26.5366,
	38.4474 26.5366,
	38.4582 26.5285,
	38.4797 26.5232,
	38.5227 26.5232,
	38.5657 26.5312,
	38.6517 26.5662,
	38.6732 26.5769,
	38.7109 26.6146,
	38.7324 26.628,
	38.7458 26.6468,
	38.7539 26.6576,
	38.7539 26.6629,
	38.7592 26.6656,
	38.7619 26.6764,
	38.7754 26.6979,
	38.7807 26.7194,
	38.7942 26.7409,
	38.7996 26.7624,
	38.8049 26.8484,
	38.8023 26.8699,
	38.8103 26.9559,
	38.7861 26.9989,
	38.77 27.0205,
	38.7539 27.0366,
	38.7377 27.0796,
	38.7243 27.1011,
	38.7243 27.1065,
	38.7189 27.1118,
	38.7189 27.1172,
	38.7055 27.1387,
	38.7001 27.1495,
	38.6947 27.1549,
	38.6894 27.1764,
	38.6867 27.1871,
	38.6678 27.2059,
	38.6463 27.2167,
	38.6033 27.2194,
	38.5603 27.2086,
	38.5173 27.2059,
	38.4743 27.2086,
	38.3883 27.1979,
	38.3453 27.1844,
	38.3345 27.1737,
	38.313 27.1629,
	38.27 27.1334,
	38.2539 27.1145,
	38.2324 27.0957,
	38.2243 27.0769,
	38.2189 27.0715,
	38.2055 27.0285,
	38.2001 27.0178,
	38.1947 26.9748,
	38.1894 26.9533,
	38.1894 26.8672,
	38.1894 26.8242,
	38.1894 26.8162,
	"/>
</Transform>

<Transform dim="3"
 xcoef=" 4.3004582051042 1.20129471444213 -0.34888904186085 0 0 0"
 ycoef=" -11.2630970872169 0.16644501089458 0.945155745660235 0 0 0">
<Contour name="d014" hidden="false" closed="true" simplified="true" border="1 0.502 0" fill="1 1 0" mode="13"
 points="29.7884 31.6947,
	29.7941 31.6493,
	29.8055 31.6038,
	29.8111 31.5811,
	29.8537 31.5413,
	29.8736 31.5243,
	29.885 31.5186,
	29.8907 31.5186,
	29.9134 31.5044,
	29.9589 31.4902,
	30.0043 31.4589,
	30.0498 31.4391,
	30.0611 31.4362,
	30.0668 31.4305,
	30.0725 31.4305,
	30.0952 31.4163,
	30.1066 31.405,
	30.1521 31.3851,
	30.1975 31.3737,
	30.2089 31.3652,
	30.2117 31.3595,
	30.2174 31.3595,
	30.2288 31.3481,
	30.2714 31.3226,
	30.2827 31.3197,
	30.3026 31.3027,
	30.3112 31.297,
	30.3481 31.2601,
	30.368 31.243,
	30.4021 31.2004,
	30.4248 31.1777,
	30.439 31.1549,
	30.4504 31.1464,
	30.4561 31.1407,
	30.4674 31.1379,
	30.51 31.1123,
	30.5214 31.1095,
	30.5271 31.1095,
	30.547 31.1265,
	30.5612 31.1464,
	30.5498 31.1919,
	30.5498 31.1976,
	30.5328 31.2203,
	30.5271 31.226,
	30.5242 31.2373,
	30.5072 31.2601,
	30.4873 31.2771,
	30.4731 31.2998,
	30.4674 31.3055,
	30.4674 31.3112,
	30.4248 31.3481,
	30.4134 31.3709,
	30.3708 31.4135,
	30.3538 31.4362,
	30.3481 31.4391,
	30.3566 31.4447,
	30.3651 31.4561,
	30.3651 31.4788,
	30.3708 31.5016,
	30.368 31.5925,
	30.368 31.6152,
	30.3708 31.6209,
	30.3623 31.6436,
	30.3623 31.6493,
	30.3992 31.6919,
	30.4134 31.7146,
	30.4191 31.7374,
	30.4447 31.7828,
	30.4561 31.8055,
	30.4674 31.8169,
	30.4788 31.8396,
	30.4816 31.8624,
	30.5015 31.8823,
	30.51 31.8936,
	30.5186 31.9391,
	30.5214 31.9618,
	30.5214 31.9732,
	30.5129 31.9845,
	30.5356 32.03,
	30.5384 32.0357,
	30.5214 32.0811,
	30.5186 32.0925,
	30.4901 32.138,
	30.4788 32.1607,
	30.4475 32.2033,
	30.4333 32.2232,
	30.422 32.2345,
	30.3765 32.2601,
	30.331 32.2686,
	30.2856 32.2658,
	30.1947 32.2374,
	30.1719 32.2317,
	30.1265 32.2061,
	30.0839 32.1749,
	30.0611 32.1578,
	30.0413 32.1351,
	30.0299 32.1237,
	30.0072 32.1124,
	30.0015 32.1124,
	29.9589 32.0754,
	29.9163 32.047,
	29.8964 32.03,
	29.8736 32.0073,
	29.8623 31.9959,
	29.8395 31.9817,
	29.8111 31.9391,
	29.7941 31.9164,
	29.7884 31.8254,
	29.7884 31.7345,
	29.7884 31.7118,
	29.7884 31.7004,
	29.7884 31.6976,
	"/>
</Transform>

<Transform dim="3"
 xcoef=" 4.3004582051042 1.20129471444213 -0.34888904186085 0 0 0"
 ycoef=" -11.2630970872169 0.16644501089458 0.945155745660235 0 0 0">
<Contour name="d008" hidden="false" closed="true" simplified="true" border="1 0.502 0" fill="1 1 0" mode="13"
 points="20.9013 20.7281,
	20.9054 20.7198,
	20.9054 20.7031,
	20.92 20.6363,
	20.9284 20.6029,
	20.9326 20.5946,
	20.9367 20.5904,
	20.9409 20.5737,
	20.9722 20.507,
	20.9868 20.4945,
	21.0097 20.4611,
	21.0264 20.4527,
	21.0536 20.4256,
	21.0619 20.4173,
	21.0661 20.4173,
	21.0702 20.4131,
	21.0869 20.4068,
	21.1036 20.3964,
	21.1057 20.3922,
	21.1099 20.3922,
	21.1141 20.3881,
	21.1224 20.386,
	21.1391 20.3735,
	21.1558 20.3672,
	21.2225 20.361,
	21.2559 20.361,
	21.2893 20.3714,
	21.2976 20.3735,
	21.3122 20.3881,
	21.3206 20.4027,
	21.3352 20.4173,
	21.3456 20.434,
	21.3477 20.4423,
	21.354 20.4507,
	21.3561 20.459,
	21.3602 20.4632,
	21.3665 20.4966,
	21.3727 20.5132,
	21.3727 20.5466,
	21.3748 20.555,
	21.3707 20.5591,
	21.3936 20.6259,
	21.3999 20.6593,
	21.4019 20.6927,
	21.3999 20.726,
	21.3936 20.7594,
	21.3832 20.7761,
	21.3686 20.8095,
	21.3581 20.8241,
	21.354 20.8408,
	21.3498 20.8449,
	21.3498 20.8491,
	21.3352 20.8637,
	21.331 20.8679,
	21.331 20.8721,
	21.3206 20.8888,
	21.306 20.9054,
	21.2392 20.9409,
	21.2225 20.9472,
	21.1892 20.9513,
	21.1224 20.9492,
	21.0556 20.9242,
	21.0223 20.9096,
	21.0056 20.9054,
	20.9889 20.8971,
	20.9409 20.8408,
	20.918 20.8116,
	20.9117 20.8032,
	20.9054 20.7698,
	20.9013 20.7532,
	20.9013 20.7365,
	20.9013 20.7302,
	"/>
</Transform>

<Transform dim="3"
 xcoef=" 4.3004582051042 1.20129471444213 -0.34888904186085 0 0 0"
 ycoef=" -11.2630970872169 0.16644501089458 0.945155745660235 0 0 0">
<Contour name="d017" hidden="false" closed="true" simplified="true" border="1 0.502 0" fill="1 1 0" mode="13"
 points="32.6043 29.8896,
	32.6112 29.834,
	32.6321 29.7783,
	32.6425 29.6671,
	32.6495 29.6115,
	32.6738 29.5594,
	32.6842 29.5316,
	32.6842 29.5246,
	32.6981 29.5107,
	32.7259 29.4968,
	32.7711 29.4516,
	32.7989 29.4447,
	32.8267 29.4447,
	32.8545 29.4516,
	32.9658 29.4481,
	33.0214 29.4516,
	33.0283 29.4516,
	33.0422 29.462,
	33.0457 29.469,
	33.0596 29.4725,
	33.1152 29.5037,
	33.1291 29.5072,
	33.157 29.5281,
	33.1778 29.5524,
	33.1778 29.5594,
	33.1882 29.5733,
	33.1987 29.5802,
	33.216 29.6045,
	33.223 29.6185,
	33.223 29.6254,
	33.2299 29.6324,
	33.2334 29.6463,
	33.2578 29.6706,
	33.2682 29.6845,
	33.2682 29.6914,
	33.2786 29.7054,
	33.2821 29.7193,
	33.296 29.7262,
	33.3203 29.7505,
	33.3273 29.754,
	33.3273 29.761,
	33.3551 29.7888,
	33.3655 29.7992,
	33.3794 29.8027,
	33.3864 29.8096,
	33.3933 29.8096,
	33.4176 29.834,
	33.4281 29.8618,
	33.4524 29.8826,
	33.4594 29.9104,
	33.4559 29.966,
	33.4455 29.9799,
	33.4489 29.9939,
	33.442 30.0495,
	33.4385 30.0773,
	33.435 30.0912,
	33.4107 30.119,
	33.3968 30.1468,
	33.3725 30.1746,
	33.3447 30.192,
	33.3238 30.2198,
	33.296 30.2441,
	33.2404 30.2719,
	33.1848 30.2928,
	33.157 30.3032,
	33.1013 30.3136,
	33.0457 30.3171,
	33.0179 30.3206,
	32.9623 30.3102,
	32.9484 30.3102,
	32.9206 30.2928,
	32.9136 30.2928,
	32.8963 30.2754,
	32.8406 30.2545,
	32.8267 30.2545,
	32.7989 30.2406,
	32.7711 30.2337,
	32.719 30.185,
	32.7051 30.1781,
	32.6842 30.1503,
	32.6529 30.0947,
	32.646 30.0668,
	32.639 30.0599,
	32.6356 30.046,
	32.6182 30.0182,
	32.6112 30.0043,
	32.6043 29.9487,
	32.6043 29.8931,
	"/>
</Transform>

<Transform dim="3"
 xcoef=" 4.3004582051042 1.20129471444213 -0.34888904186085 0 0 0"
 ycoef=" -11.2630970872169 0.16644501089458 0.945155745660235 0 0 0">
<Contour name="d020" hidden="false" closed="true" simplified="true" border="1 0.502 0" fill="1 1 0" mode="13"
 points="41.7552 22.2676,
	41.7761 22.1561,
	41.7935 22.1004,
	41.7935 22.0934,
	41.804 22.0795,
	41.8074 22.0655,
	41.8074 22.0586,
	41.8144 22.0516,
	41.8144 22.0446,
	41.8214 22.0377,
	41.8214 22.0307,
	41.8458 22.0063,
	41.8841 21.9506,
	41.9363 21.9192,
	41.9607 21.9018,
	41.9747 21.8879,
	42.0025 21.8739,
	42.0165 21.86,
	42.0234 21.86,
	42.0617 21.8112,
	42.0757 21.7973,
	42.0966 21.7799,
	42.1314 21.7276,
	42.1593 21.7102,
	42.2115 21.6579,
	42.323 21.6196,
	42.3788 21.6092,
	42.4345 21.6057,
	42.4902 21.6126,
	42.546 21.6301,
	42.6017 21.6544,
	42.654 21.6858,
	42.6818 21.6928,
	42.6958 21.6963,
	42.7027 21.7032,
	42.7306 21.7067,
	42.7585 21.7172,
	42.7829 21.7381,
	42.8038 21.7938,
	42.8212 21.9053,
	42.8386 21.9297,
	42.8456 21.9854,
	42.8456 21.9993,
	42.8386 22.0133,
	42.8386 22.0272,
	42.8282 22.0342,
	42.8107 22.062,
	42.8038 22.076,
	42.7968 22.0829,
	42.7689 22.0899,
	42.7411 22.1038,
	42.7271 22.1108,
	42.7202 22.1178,
	42.7132 22.1456,
	42.7097 22.1596,
	42.7202 22.2153,
	42.7202 22.2711,
	42.7132 22.2989,
	42.6784 22.3547,
	42.6296 22.4034,
	42.6017 22.4278,
	42.546 22.4627,
	42.5181 22.4766,
	42.4902 22.4975,
	42.4659 22.5254,
	42.4519 22.5323,
	42.424 22.5602,
	42.4066 22.5881,
	42.3509 22.6194,
	42.337 22.6229,
	42.323 22.6334,
	42.2952 22.6334,
	42.2812 22.6334,
	42.2743 22.6264,
	42.2464 22.6264,
	42.1906 22.6125,
	42.1349 22.609,
	42.0792 22.6194,
	42.0652 22.6264,
	42.0095 22.6334,
	41.9538 22.6194,
	41.9259 22.609,
	41.898 22.5881,
	41.8841 22.5741,
	41.8667 22.5463,
	41.8423 22.5184,
	41.8109 22.4627,
	41.8005 22.4348,
	41.79 22.4209,
	41.79 22.4139,
	41.7726 22.386,
	41.7622 22.3721,
	41.7552 22.3163,
	41.7552 22.2885,
	41.7552 22.2745,
	41.7552 22.2711,
	"/>
</Transform>

<Transform dim="3"
 xcoef=" 4.3004582051042 1.20129471444213 -0.34888904186085 0 0 0"
 ycoef=" -11.2630970872169 0.16644501089458 0.945155745660235 0 0 0">
<Contour name="d004_c41" hidden="false" closed="true" simplified="true" border="1 0 0" fill="1 0 0" mode="11"
 points="33.7483 11.8321,
	33.8071 11.7648,
	33.8323 11.7312,
	33.8491 11.7144,
	33.9836 11.6808,
	34.0172 11.6724,
	34.034 11.6682,
	34.0424 11.664,
	34.3113 11.7312,
	34.4458 11.7648,
	34.4584 11.7732,
	34.3827 11.9077,
	34.3449 11.9749,
	34.3365 11.9833,
	34.2021 11.9539,
	34.1348 11.9371,
	34.118 11.9329,
	33.9836 11.9623,
	33.9163 11.9791,
	33.8827 11.9833,
	33.8659 11.9875,
	33.8575 11.9917,
	33.7693 11.8615,
	33.7567 11.8447,
	33.7525 11.8363,
	"/>
</Transform>

<Transform dim="3"
 xcoef=" 4.3004582051042 1.20129471444213 -0.34888904186085 0 0 0"
 ycoef=" -11.2630970872169 0.16644501089458 0.945155745660235 0 0 0">
<Contour name="d004_cfa41" hidden="false" closed="false" simplified="false" border="0 0 1" fill="0 0 1" mode="11"
 points="34.3752 11.923,
	34.245 11.8684,
	34.1315 11.86,
	34.0349 11.86,
	33.9467 11.8852,
	33.829 11.9524,
	"/>
</Transform>

<Transform dim="3"
 xcoef=" 4.3004582051042 1.20129471444213 -0.34888904186085 0 0 0"
 ycoef=" -11.2630970872169 0.16644501089458 0.945155745660235 0 0 0">
<Contour name="d005_c15" hidden="false" closed="true" simplified="true" border="1 0 0" fill="1 0 0" mode="11"
 points="38.0264 32.9158,
	38.0849 32.9084,
	38.2019 32.9048,
	38.2604 32.9011,
	38.2896 32.9121,
	38.4066 32.9852,
	38.4358 33.0035,
	38.4431 33.0108,
	38.3335 33.1241,
	38.0995 33.0803,
	38.041 33.073,
	38.0264 33.0656,
	38.0264 32.9487,
	38.0264 32.9194,
	"/>
</Transform>

<Transform dim="3"
 xcoef=" 4.3004582051042 1.20129471444213 -0.34888904186085 0 0 0"
 ycoef=" -11.2630970872169 0.16644501089458 0.945155745660235 0 0 0">
<Contour name="d005_cfa15" hidden="false" closed="false" simplified="false" border="0 0 1" fill="0 0 1" mode="11"
 points="38.4133 33.0302,
	38.2414 32.9352,
	38.0221 32.9535,
	"/>
</Transform>

<Transform dim="3"
 xcoef=" 4.3004582051042 1.20129471444213 -0.34888904186085 0 0 0"
 ycoef=" -11.2630970872169 0.16644501089458 0.945155745660235 0 0 0">
<Contour name="d009_c24" hidden="false" closed="true" simplified="true" border="1 0 0" fill="1 0 0" mode="11"
 points="7.51998 20.3703,
	7.72219 20.3039,
	7.8233 20.3419,
	7.87386 20.3577,
	7.89914 20.3671,
	7.92441 20.3829,
	8.0192 20.484,
	8.04132 20.5093,
	8.05396 20.522,
	8.05712 20.5251,
	7.95601 20.6167,
	7.94337 20.6294,
	7.74115 20.563,
	7.64004 20.5283,
	7.58949 20.5125,
	7.57685 20.5062,
	7.53578 20.405,
	7.52314 20.3798,
	7.51998 20.3735,
	"/>
</Transform>

<Transform dim="3"
 xcoef=" 4.3004582051042 1.20129471444213 -0.34888904186085 0 0 0"
 ycoef=" -11.2630970872169 0.16644501089458 0.945155745660235 0 0 0">
<Contour name="d009_cfa24" hidden="false" closed="false" simplified="false" border="0 0 1" fill="0 0 1" mode="11"
 points="7.97136 20.5948,
	7.94608 20.5538,
	7.89869 20.5064,
	7.84181 20.4716,
	7.75018 20.4369,
	7.66487 20.4337,
	7.56692 20.4716,
	"/>
</Transform>

<Transform dim="3"
 xcoef=" 4.3004582051042 1.20129471444213 -0.34888904186085 0 0 0"
 ycoef=" -11.2630970872169 0.16644501089458 0.945155745660235 0 0 0">
<Contour name="d009_c25" hidden="false" closed="true" simplified="true" border="1 0 0" fill="1 0 0" mode="11"
 points="7.94786 21.0985,
	8.00201 20.8319,
	8.00617 20.8152,
	8.06866 20.7736,
	8.09782 20.7569,
	8.15197 20.8236,
	8.17696 20.8569,
	8.18529 20.8735,
	8.19362 21.0068,
	8.18946 21.0402,
	8.09782 21.1735,
	8.07282 21.2068,
	8.06033 21.2234,
	8.05616 21.2276,
	7.99784 21.161,
	7.96452 21.1276,
	7.95202 21.111,
	7.94786 21.1026,
	"/>
</Transform>

<Transform dim="3"
 xcoef=" 4.3004582051042 1.20129471444213 -0.34888904186085 0 0 0"
 ycoef=" -11.2630970872169 0.16644501089458 0.945155745660235 0 0 0">
<Contour name="d009_cfa25" hidden="false" closed="false" simplified="false" border="0 0 1" fill="0 0 1" mode="11"
 points="8.03641 20.7985,
	8.05711 20.844,
	8.0778 20.8771,
	8.0778 20.9226,
	8.06125 20.9888,
	8.024 21.0757,
	7.97433 21.142,
	"/>
</Transform>

<Transform dim="3"
 xcoef=" 4.3004582051042 1.20129471444213 -0.34888904186085 0 0 0"
 ycoef=" -11.2630970872169 0.16644501089458 0.945155745660235 0 0 0">
<Contour name="d012_c21" hidden="false" closed="true" simplified="true" border="1 0 0" fill="1 0 0" mode="11"
 points="10.1434 35.2604,
	10.2679 35.2196,
	10.2835 35.2157,
	10.2913 35.2137,
	10.2952 35.2118,
	10.4197 35.2643,
	10.4353 35.274,
	10.4664 35.3052,
	10.482 35.3208,
	10.4411 35.383,
	10.4314 35.3986,
	10.4275 35.4025,
	10.1784 35.3869,
	10.1628 35.385,
	10.1434 35.2624,
	"/>
</Transform>

<Transform dim="3"
 xcoef=" 4.3004582051042 1.20129471444213 -0.34888904186085 0 0 0"
 ycoef=" -11.2630970872169 0.16644501089458 0.945155745660235 0 0 0">
<Contour name="d012_cfa21" hidden="false" closed="false" simplified="false" border="0 0 1" fill="0 0 1" mode="11"
 points="10.4358 35.3882,
	10.3954 35.3588,
	10.3514 35.3514,
	10.2779 35.3478,
	10.1494 35.3588,
	"/>
</Transform>

<Transform dim="3"
 xcoef=" 4.3004582051042 1.20129471444213 -0.34888904186085 0 0 0"
 ycoef=" -11.2630970872169 0.16644501089458 0.945155745660235 0 0 0">
<Contour name="d012_c22" hidden="false" closed="true" simplified="true" border="1 0 0" fill="1 0 0" mode="11"
 points="9.73551 35.8635,
	9.76417 35.6597,
	9.77053 35.6088,
	9.77372 35.6024,
	9.87559 35.6247,
	9.92653 35.6375,
	9.952 35.6438,
	9.96473 35.647,
	9.9711 35.647,
	9.97429 35.6534,
	9.95518 35.7553,
	9.98702 35.959,
	9.99339 35.9845,
	9.99339 35.9908,
	9.89151 36.0195,
	9.84057 36.0322,
	9.82784 36.0354,
	9.77053 35.9335,
	9.74188 35.8826,
	9.73551 35.8699,
	9.73551 35.8667,
	"/>
</Transform>

<Transform dim="3"
 xcoef=" 4.3004582051042 1.20129471444213 -0.34888904186085 0 0 0"
 ycoef=" -11.2630970872169 0.16644501089458 0.945155745660235 0 0 0">
<Contour name="d012_cfa22" hidden="false" closed="false" simplified="false" border="0 0 1" fill="0 0 1" mode="11"
 points="9.93664 36.0033,
	9.92183 35.9322,
	9.91295 35.8345,
	9.91295 35.7516,
	9.93368 35.642,
	"/>
</Transform>

<Transform dim="3"
 xcoef=" 4.3004582051042 1.20129471444213 -0.34888904186085 0 0 0"
 ycoef=" -11.2630970872169 0.16644501089458 0.945155745660235 0 0 0">
<Contour name="d014_c18" hidden="false" closed="true" simplified="true" border="1 0 0" fill="1 0 0" mode="11"
 points="29.856 31.431,
	30.174 31.2521,
	30.2137 31.2273,
	30.2237 31.2223,
	30.3032 31.2869,
	30.3429 31.3217,
	30.3628 31.3366,
	30.3677 31.3416,
	30.0498 31.5503,
	30.01 31.5751,
	29.9901 31.59,
	29.9802 31.595,
	29.861 31.436,
	"/>
</Transform>

<Transform dim="3"
 xcoef=" 4.3004582051042 1.20129471444213 -0.34888904186085 0 0 0"
 ycoef=" -11.2630970872169 0.16644501089458 0.945155745660235 0 0 0">
<Contour name="d014_cfa18" hidden="false" closed="false" simplified="false" border="0 0 1" fill="0 0 1" mode="11"
 points="30.3391 31.3163,
	29.9416 31.5548,
	"/>
</Transform>

<Transform dim="3"
 xcoef=" 4.3004582051042 1.20129471444213 -0.34888904186085 0 0 0"
 ycoef=" -11.2630970872169 0.16644501089458 0.945155745660235 0 0 0">
<Contour name="d002" hidden="false" closed="true" simplified="true" border="1 0.5 0" fill="1 1 0" mode="13"
 points="17.3498 4.26409,
	17.3587 4.2463,
	17.372 4.17516,
	17.3809 4.13959,
	17.3809 4.10402,
	17.372 4.06844,
	17.3765 3.9973,
	17.4254 3.85502,
	17.4521 3.78388,
	17.4787 3.7572,
	17.501 3.72163,
	17.5321 3.6905,
	17.5499 3.68161,
	17.5721 3.64604,
	17.5855 3.61047,
	17.6121 3.5749,
	17.6121 3.55711,
	17.6344 3.52154,
	17.6922 3.46374,
	17.7277 3.43706,
	17.8611 3.35258,
	17.8967 3.3259,
	17.9679 3.29477,
	17.9812 3.28588,
	17.999 3.26809,
	18.0701 3.22363,
	18.1057 3.21029,
	18.1413 3.20585,
	18.1768 3.18806,
	18.3191 3.15694,
	18.3547 3.15249,
	18.3725 3.16138,
	18.4392 3.17027,
	18.4436 3.16583,
	18.5148 3.17027,
	18.5859 3.16583,
	18.6215 3.16583,
	18.6259 3.17027,
	18.6304 3.16583,
	18.7015 3.17472,
	18.7193 3.17917,
	18.7282 3.17917,
	18.7371 3.18806,
	18.8794 3.20585,
	18.9505 3.21474,
	19.0928 3.25476,
	19.1639 3.27699,
	19.1995 3.28588,
	19.2173 3.29033,
	19.2262 3.29922,
	19.2973 3.30811,
	19.3685 3.33034,
	19.404 3.34813,
	19.4752 3.39704,
	19.5463 3.41483,
	19.6842 3.49931,
	19.7197 3.51709,
	19.7553 3.54822,
	19.7553 3.55711,
	19.8131 3.61936,
	19.822 3.62825,
	19.8353 3.66382,
	19.8353 3.67272,
	19.8665 3.69939,
	19.8798 3.71718,
	19.8887 3.75275,
	19.8931 3.77054,
	19.9109 3.77943,
	19.9332 3.81055,
	19.9465 3.84613,
	19.9509 3.86391,
	19.9509 3.8728,
	19.9732 3.90837,
	19.9821 3.94395,
	20.0354 4.0062,
	20.0443 4.04177,
	20.0754 4.07289,
	20.0932 4.10402,
	20.1021 4.11291,
	20.1021 4.1218,
	20.111 4.13069,
	20.1155 4.14848,
	20.1288 4.16627,
	20.1377 4.20184,
	20.1377 4.21962,
	20.1466 4.22851,
	20.1733 4.3708,
	20.1733 4.51308,
	20.1777 4.58423,
	20.1688 4.72651,
	20.1599 4.7354,
	20.1599 4.7443,
	20.1466 4.76208,
	20.1466 4.77987,
	20.1377 4.79765,
	20.1244 4.86879,
	20.1155 4.88658,
	20.1155 4.90437,
	20.0977 4.93994,
	20.0799 5.01108,
	20.0577 5.04665,
	20.0443 5.08222,
	20.0399 5.10001,
	20.0132 5.13113,
	19.9776 5.15336,
	19.9509 5.18449,
	19.9376 5.20227,
	19.902 5.21561,
	19.8353 5.27342,
	19.7998 5.30009,
	19.7642 5.31343,
	19.6931 5.3579,
	19.6619 5.38902,
	19.5908 5.42459,
	19.5241 5.4824,
	19.4529 5.52241,
	19.4174 5.53131,
	19.3996 5.53131,
	19.3284 5.55354,
	19.3107 5.55354,
	19.1684 5.61579,
	19.1506 5.62468,
	19.115 5.62913,
	19.0794 5.64247,
	18.9372 5.65581,
	18.866 5.66914,
	18.7949 5.67359,
	18.7237 5.6647,
	18.6882 5.65581,
	18.6704 5.65581,
	18.5992 5.62468,
	18.5815 5.62468,
	18.5103 5.598,
	18.4747 5.59356,
	18.4036 5.56688,
	18.3325 5.52686,
	18.3147 5.51352,
	18.3058 5.50463,
	18.2702 5.49129,
	18.2035 5.43349,
	18.1679 5.40681,
	18.1324 5.37124,
	18.1012 5.34456,
	18.0835 5.32677,
	18.0123 5.27786,
	17.9456 5.22006,
	17.91 5.20672,
	17.8745 5.18449,
	17.8167 5.12668,
	17.7856 5.10445,
	17.7767 5.08667,
	17.7678 5.08222,
	17.7633 5.06444,
	17.7366 5.03331,
	17.7189 5.02442,
	17.6877 4.99329,
	17.6477 4.92215,
	17.6344 4.88658,
	17.6121 4.85546,
	17.5499 4.79321,
	17.501 4.72206,
	17.4876 4.68649,
	17.4832 4.65092,
	17.4699 4.63314,
	17.4432 4.56199,
	17.4254 4.54421,
	17.3987 4.47307,
	17.3854 4.40192,
	17.3587 4.33078,
	17.3498 4.29521,
	17.3498 4.27742,
	17.3498 4.26853,
	"/>
<Contour name="d009" hidden="false" closed="true" simplified="true" border="1 0.502 0" fill="1 1 0" mode="13"
 points="7.33948 20.7317,
	7.34764 20.6882,
	7.36124 20.6447,
	7.37212 20.6338,
	7.38573 20.612,
	7.42381 20.5685,
	7.42925 20.5576,
	7.45101 20.5386,
	7.46462 20.525,
	7.47006 20.525,
	7.48638 20.5032,
	7.49998 20.4896,
	7.50542 20.4896,
	7.52446 20.4733,
	7.56799 20.4488,
	7.58703 20.4325,
	7.59791 20.4243,
	7.64144 20.4107,
	7.72849 20.408,
	7.77201 20.4162,
	7.79378 20.4243,
	7.79922 20.4298,
	7.8101 20.4298,
	7.81554 20.4352,
	7.81826 20.4325,
	7.86179 20.4515,
	7.88355 20.4624,
	7.89443 20.4651,
	7.91619 20.4787,
	7.92707 20.4869,
	7.93795 20.5087,
	7.97332 20.5522,
	7.97604 20.5631,
	7.9842 20.5739,
	7.9978 20.6175,
	8.0114 20.7045,
	8.01956 20.7263,
	8.02229 20.7372,
	8.05221 20.778,
	8.05221 20.7834,
	8.06853 20.8052,
	8.09029 20.8242,
	8.10118 20.8433,
	8.10662 20.865,
	8.11206 20.8759,
	8.10934 20.9194,
	8.10662 20.9303,
	8.09845 20.9412,
	8.09573 20.9629,
	8.09573 20.9738,
	8.08213 21.0174,
	8.07669 21.0391,
	8.07125 21.0418,
	8.07125 21.0473,
	8.04677 21.0908,
	8.04133 21.1017,
	8.00596 21.137,
	7.99236 21.1588,
	7.94884 21.1887,
	7.93251 21.2078,
	7.91347 21.2214,
	7.89171 21.2241,
	7.86995 21.2323,
	7.86451 21.2377,
	7.82098 21.2459,
	7.80194 21.2595,
	7.75841 21.2703,
	7.73665 21.2649,
	7.72577 21.2622,
	7.72033 21.2622,
	7.71489 21.2567,
	7.67136 21.2377,
	7.66048 21.2295,
	7.63872 21.2214,
	7.62784 21.2159,
	7.6224 21.2105,
	7.61695 21.2105,
	7.60607 21.1996,
	7.60063 21.1996,
	7.58159 21.1833,
	7.55983 21.1724,
	7.53806 21.167,
	7.49454 21.137,
	7.47278 21.1262,
	7.45101 21.1098,
	7.42925 21.1017,
	7.39389 21.0663,
	7.37212 21.0527,
	7.35852 21.031,
	7.35308 21.0092,
	7.36124 20.9221,
	7.35852 20.8786,
	7.35036 20.8351,
	7.34492 20.8133,
	7.3422 20.7698,
	7.33948 20.748,
	7.33948 20.7372,
	7.33948 20.7344,
	"/>
<Contour name="d010" hidden="false" closed="true" simplified="true" border="1 0.502 0" fill="1 1 0" mode="13"
 points="6.24839 12.9793,
	6.26045 12.8828,
	6.27251 12.8345,
	6.29664 12.7863,
	6.30568 12.7742,
	6.31473 12.7501,
	6.32981 12.726,
	6.35393 12.7018,
	6.38409 12.6566,
	6.42028 12.6144,
	6.43837 12.5963,
	6.4444 12.5842,
	6.45043 12.5812,
	6.45043 12.5752,
	6.47154 12.5541,
	6.47757 12.548,
	6.48361 12.548,
	6.50472 12.5269,
	6.52884 12.5179,
	6.5409 12.5149,
	6.54693 12.5088,
	6.559 12.5058,
	6.58011 12.4877,
	6.59217 12.4787,
	6.64042 12.4666,
	6.73692 12.4576,
	6.83342 12.4546,
	6.92992 12.4636,
	6.97817 12.4757,
	7.00229 12.4787,
	7.05054 12.4938,
	7.07467 12.4998,
	7.09879 12.5119,
	7.12292 12.5179,
	7.13498 12.5179,
	7.15911 12.5299,
	7.25561 12.5631,
	7.30386 12.5782,
	7.40036 12.5993,
	7.42448 12.6023,
	7.43654 12.6053,
	7.46067 12.6204,
	7.48178 12.6415,
	7.5059 12.6536,
	7.51194 12.6536,
	7.53606 12.6687,
	7.55717 12.6898,
	7.57828 12.7049,
	7.59034 12.7109,
	7.60844 12.735,
	7.61748 12.7591,
	7.6205 12.7833,
	7.62351 12.7953,
	7.63256 12.8044,
	7.63558 12.8285,
	7.65669 12.8767,
	7.65669 12.8888,
	7.67176 12.9371,
	7.67478 12.9612,
	7.68081 12.9672,
	7.68383 12.9793,
	7.69287 12.9913,
	7.6989 13.0155,
	7.6989 13.0215,
	7.70795 13.0305,
	7.71398 13.0788,
	7.71398 13.1753,
	7.71097 13.1994,
	7.69589 13.2477,
	7.69287 13.2959,
	7.68684 13.308,
	7.68684 13.3321,
	7.67478 13.3804,
	7.6597 13.4769,
	7.65065 13.4859,
	7.62653 13.4889,
	7.57828 13.4859,
	7.53003 13.4889,
	7.5059 13.4919,
	7.45765 13.513,
	7.43353 13.5221,
	7.4094 13.5372,
	7.39734 13.5462,
	7.34909 13.5613,
	7.32497 13.5734,
	7.30084 13.5794,
	7.29481 13.5854,
	7.28878 13.5854,
	7.26465 13.6005,
	7.24053 13.6095,
	7.14403 13.6216,
	7.04753 13.6186,
	6.99928 13.6216,
	6.95103 13.6307,
	6.90278 13.6276,
	6.87865 13.6216,
	6.8304 13.6186,
	6.80628 13.6156,
	6.70978 13.5824,
	6.61328 13.5553,
	6.56503 13.5462,
	6.55297 13.5462,
	6.45646 13.513,
	6.45043 13.513,
	6.42631 13.4919,
	6.40218 13.4799,
	6.38409 13.4588,
	6.37806 13.4467,
	6.35393 13.4256,
	6.34187 13.4165,
	6.31473 13.3713,
	6.29362 13.3231,
	6.28156 13.2989,
	6.27553 13.2929,
	6.26346 13.2446,
	6.24839 13.0516,
	6.24839 13.0034,
	6.24839 12.9823,
	"/>
<Contour name="d011" hidden="false" closed="true" simplified="true" border="1 0.501961 0" fill="1 1 0" mode="13"
 points="10.6738 32.7925,
	10.6767 32.769,
	10.6826 32.7455,
	10.6929 32.722,
	10.6973 32.7102,
	10.7061 32.7,
	10.712 32.6941,
	10.712 32.6912,
	10.7149 32.6882,
	10.7149 32.6853,
	10.7237 32.6735,
	10.7311 32.6647,
	10.7472 32.6412,
	10.7531 32.6383,
	10.7634 32.628,
	10.7634 32.6251,
	10.7737 32.6148,
	10.7766 32.6104,
	10.7884 32.603,
	10.7913 32.603,
	10.8133 32.5839,
	10.8177 32.5795,
	10.8295 32.5766,
	10.8412 32.5707,
	10.8471 32.5692,
	10.8589 32.5619,
	10.8618 32.5619,
	10.8736 32.5546,
	10.8971 32.5472,
	10.9206 32.5428,
	10.9441 32.5457,
	10.9558 32.5472,
	10.9676 32.5516,
	10.9705 32.5516,
	10.994 32.5663,
	11.0057 32.5736,
	11.0175 32.5781,
	11.0278 32.5883,
	11.0322 32.5942,
	11.0351 32.5971,
	11.0351 32.6001,
	11.0439 32.6074,
	11.0542 32.6309,
	11.0601 32.6412,
	11.0601 32.6471,
	11.063 32.653,
	11.066 32.6765,
	11.0674 32.6882,
	11.0645 32.7117,
	11.063 32.7176,
	11.063 32.7205,
	11.0601 32.7235,
	11.0601 32.7264,
	11.0572 32.7279,
	11.0366 32.8219,
	11.0307 32.8454,
	11.0072 32.8924,
	11.0043 32.9041,
	11.0013 32.91,
	11.0013 32.9129,
	10.9969 32.9188,
	10.994 32.9306,
	10.9881 32.9423,
	10.9881 32.9453,
	10.9852 32.9482,
	10.9852 32.9511,
	10.9808 32.957,
	10.9705 32.9805,
	10.9543 33.004,
	10.9323 33.0187,
	10.9088 33.029,
	10.8971 33.0349,
	10.8736 33.0378,
	10.8618 33.0378,
	10.8383 33.0319,
	10.8354 33.029,
	10.8236 33.026,
	10.8001 33.0158,
	10.7942 33.0143,
	10.7913 33.0114,
	10.7884 33.0114,
	10.7766 33.0011,
	10.7649 32.9937,
	10.759 32.9879,
	10.7531 32.9849,
	10.7502 32.982,
	10.7472 32.982,
	10.7281 32.9599,
	10.7164 32.9482,
	10.7105 32.9364,
	10.7105 32.9335,
	10.7017 32.9218,
	10.6929 32.8983,
	10.6899 32.8953,
	10.6753 32.8483,
	10.6738 32.8013,
	10.6738 32.7954,
	10.6738 32.794,
	"/>
<Contour name="d015" hidden="false" closed="true" simplified="true" border="1 0.502 0" fill="1 1 0" mode="13"
 points="15.5914 31.3875,
	15.5995 31.304,
	15.5968 31.3014,
	15.6076 31.2798,
	15.6076 31.269,
	15.6157 31.2475,
	15.6237 31.2044,
	15.6237 31.1936,
	15.6372 31.1505,
	15.6426 31.129,
	15.6561 31.1101,
	15.6641 31.0994,
	15.6641 31.094,
	15.6803 31.0751,
	15.6884 31.067,
	15.7315 31.0536,
	15.7422 31.0509,
	15.7449 31.0455,
	15.788 31.0374,
	15.8096 31.0347,
	15.8527 31.0401,
	15.8742 31.0428,
	15.9173 31.059,
	15.9389 31.0643,
	15.9496 31.067,
	15.955 31.067,
	15.9577 31.0724,
	15.9631 31.0724,
	15.9739 31.094,
	15.9927 31.1128,
	16.0143 31.1263,
	16.0224 31.1478,
	16.0277 31.1909,
	16.0466 31.2771,
	16.0385 31.2879,
	16.0331 31.2933,
	16.0331 31.3364,
	16.0277 31.3795,
	16.0277 31.401,
	16.0224 31.4118,
	16.0197 31.4549,
	16.0035 31.498,
	16.0008 31.5087,
	15.9712 31.5518,
	15.9631 31.5734,
	15.9416 31.5922,
	15.92 31.6057,
	15.9092 31.6138,
	15.9038 31.6138,
	15.8985 31.6192,
	15.8554 31.6299,
	15.8123 31.6326,
	15.7692 31.6219,
	15.7476 31.6138,
	15.7261 31.6003,
	15.7045 31.5922,
	15.683 31.5788,
	15.6453 31.5411,
	15.6264 31.5195,
	15.6076 31.4764,
	15.5968 31.4549,
	15.5914 31.4333,
	15.5914 31.3902,
	"/>
</Transform>

<Transform dim="1"
 xcoef=" -2.78893854240342 1 0 0 0 0"
 ycoef=" -1.03202150589983 0 1 0 0 0">
<Contour name="d002_mito02" hidden="false" closed="true" simplified="true" border="0 0 1" fill="0 0 1" mode="11"
 points="12.9571 12.924,
	12.9902 12.8818,
	13.0143 12.8607,
	13.0384 12.8577,
	13.0625 12.8607,
	13.0746 12.8637,
	13.0927 12.8818,
	13.1047 12.8938,
	13.1258 12.9059,
	13.1499 12.93,
	13.165 12.9541,
	13.1891 12.9691,
	13.2011 12.9812,
	13.2011 12.9872,
	13.2192 13.0083,
	13.2222 13.0204,
	13.2312 13.0324,
	13.2373 13.0384,
	13.2463 13.0625,
	13.2493 13.0746,
	13.2523 13.0776,
	13.2463 13.0866,
	13.2403 13.0806,
	13.2493 13.1288,
	13.2553 13.1529,
	13.2523 13.2011,
	13.2403 13.2493,
	13.2342 13.2734,
	13.2282 13.2855,
	13.2282 13.2915,
	13.2132 13.3156,
	13.2071 13.3186,
	13.2071 13.3246,
	13.1981 13.3337,
	13.174 13.3397,
	13.1619 13.3397,
	13.1499 13.3337,
	13.1258 13.3306,
	13.0806 13.2975,
	13.0475 13.2523,
	13.0324 13.2342,
	13.0143 13.2101,
	13.0113 13.1981,
	13.0023 13.186,
	12.9993 13.174,
	12.9902 13.1619,
	12.9752 13.1137,
	12.9661 13.0896,
	12.9661 13.0414,
	12.9661 13.0173,
	12.9571 12.9691,
	12.9571 12.945,
	12.9571 12.933,
	12.9571 12.927,
	"/>
</Transform>

<Transform dim="1"
 xcoef=" -2.78893854240342 1 0 0 0 0"
 ycoef=" -1.03202150589983 0 1 0 0 0">
<Contour name="d009_mito03" hidden="false" closed="true" simplified="true" border="0.25098 0.501961 0.501961" fill="0.25098 0.501961 0.501961" mode="11"
 points="9.15883 30.6638,
	9.16582 30.6265,
	9.17747 30.5892,
	9.19145 30.5729,
	9.19844 30.5636,
	9.20077 30.5543,
	9.21708 30.5356,
	9.2264 30.531,
	9.23572 30.531,
	9.273 30.5193,
	9.31027 30.5193,
	9.34755 30.5403,
	9.35454 30.5589,
	9.36852 30.5729,
	9.38017 30.5916,
	9.38716 30.6102,
	9.40114 30.6288,
	9.40813 30.6661,
	9.41512 30.6848,
	9.42677 30.7034,
	9.43143 30.7127,
	9.43842 30.7873,
	9.44075 30.8059,
	9.43842 30.8246,
	9.43376 30.8339,
	9.43143 30.8525,
	9.40813 30.8898,
	9.39648 30.9084,
	9.37784 30.9178,
	9.3592 30.9224,
	9.32192 30.9201,
	9.28465 30.9131,
	9.27533 30.9108,
	9.25669 30.8991,
	9.25203 30.8898,
	9.21941 30.8618,
	9.19844 30.8269,
	9.18912 30.8176,
	9.17048 30.7803,
	9.15883 30.7057,
	9.15883 30.6685,
	9.15883 30.6661,
	"/>
</Transform>

<Transform dim="1"
 xcoef=" -2.78893854240342 1 0 0 0 0"
 ycoef=" -1.03202150589983 0 1 0 0 0">
<Contour name="d010_mito04" hidden="false" closed="true" simplified="true" border="0.501961 1 1" fill="0.501961 1 1" mode="11"
 points="6.63259 23.125,
	6.64027 23.1005,
	6.64334 23.0943,
	6.64948 23.0897,
	6.65255 23.0897,
	6.67712 23.0759,
	6.70168 23.0682,
	6.71396 23.0667,
	6.72011 23.0667,
	6.72164 23.0651,
	6.74621 23.0667,
	6.79534 23.082,
	6.80148 23.0851,
	6.80455 23.0851,
	6.81069 23.0897,
	6.81376 23.0897,
	6.83679 23.1081,
	6.84754 23.1173,
	6.85368 23.1204,
	6.85982 23.1266,
	6.87364 23.1511,
	6.88439 23.1757,
	6.88592 23.2003,
	6.88592 23.2125,
	6.87517 23.2371,
	6.86596 23.2494,
	6.85368 23.2601,
	6.8414 23.2663,
	6.83679 23.2709,
	6.83525 23.2724,
	6.83372 23.2693,
	6.83986 23.2571,
	6.83833 23.2555,
	6.81376 23.2678,
	6.7892 23.2755,
	6.76463 23.277,
	6.74006 23.2693,
	6.72778 23.2632,
	6.72164 23.2617,
	6.70936 23.254,
	6.69708 23.2494,
	6.68479 23.2417,
	6.64487 23.1972,
	6.63413 23.1726,
	6.63259 23.1481,
	6.63259 23.1358,
	6.63259 23.1296,
	6.63259 23.1266,
	"/>
</Transform>

<Transform dim="1"
 xcoef=" -2.78893854240342 1 0 0 0 0"
 ycoef=" -1.03202150589983 0 1 0 0 0">
<Contour name="d012_mito04" hidden="false" closed="true" simplified="true" border="0.25098 0.501961 0.501961" fill="0.25098 0.501961 0.501961" mode="11"
 points="15.5556 45.538,
	15.5674 45.4906,
	15.5763 45.4788,
	15.5822 45.4728,
	15.5881 45.4728,
	15.6118 45.458,
	15.6237 45.4491,
	15.6474 45.4462,
	15.6711 45.4521,
	15.7185 45.4788,
	15.7392 45.4995,
	15.7511 45.5232,
	15.7511 45.5291,
	15.757 45.5351,
	15.757 45.5469,
	15.7896 45.5943,
	15.8014 45.618,
	15.8103 45.6654,
	15.8133 45.7128,
	15.8103 45.7602,
	15.8074 45.7839,
	15.8074 45.7898,
	15.7926 45.8135,
	15.7689 45.8313,
	15.757 45.8372,
	15.7511 45.8431,
	15.7274 45.8402,
	15.7037 45.8313,
	15.6563 45.8017,
	15.6355 45.7839,
	15.6267 45.772,
	15.6267 45.7661,
	15.6118 45.7424,
	15.6 45.7306,
	15.5941 45.7069,
	15.5733 45.6595,
	15.5585 45.6121,
	15.5556 45.5647,
	15.5556 45.541,
	"/>
</Transform>

<Transform dim="1"
 xcoef=" -2.78893854240342 1 0 0 0 0"
 ycoef=" -1.03202150589983 0 1 0 0 0">
<Contour name="d011_mito01" hidden="false" closed="true" simplified="true" border="0.25098 0.501961 0.501961" fill="0.25098 0.501961 0.501961" mode="11"
 points="15.2216 42.3619,
	15.2328 42.3262,
	15.2439 42.3083,
	15.2618 42.2972,
	15.2796 42.2994,
	15.2885 42.2994,
	15.3242 42.3262,
	15.3331 42.3306,
	15.3421 42.3396,
	15.3488 42.3574,
	15.3465 42.3752,
	15.3443 42.3842,
	15.3599 42.4555,
	15.3577 42.4734,
	15.351 42.4823,
	15.3465 42.4868,
	15.3421 42.5046,
	15.3265 42.5224,
	15.3175 42.5291,
	15.2997 42.5358,
	15.2908 42.5381,
	15.2551 42.5314,
	15.2462 42.5224,
	15.2306 42.4868,
	15.2261 42.4689,
	15.2216 42.3975,
	15.2216 42.3641,
	"/>
</Transform>

<Transform dim="1"
 xcoef=" -2.78893854240342 1 0 0 0 0"
 ycoef=" -1.03202150589983 0 1 0 0 0">
<Contour name="d008_mito02" hidden="false" closed="true" simplified="true" border="0.501961 1 1" fill="0.501961 1 1" mode="11"
 points="19.8542 28.8083,
	19.8574 28.7833,
	19.8699 28.7583,
	19.8761 28.7489,
	19.9231 28.7051,
	19.9731 28.702,
	19.9856 28.7051,
	20.0107 28.7239,
	20.0232 28.7333,
	20.0294 28.7395,
	20.0294 28.7458,
	20.0419 28.7552,
	20.0513 28.7802,
	20.0513 28.7927,
	20.0513 28.799,
	20.0607 28.8115,
	20.0638 28.8615,
	20.0513 28.9116,
	20.0451 28.9366,
	20.0294 28.9616,
	19.9825 28.9961,
	19.97 29.0023,
	19.9199 28.9929,
	19.9074 28.9898,
	19.8824 28.9679,
	19.8699 28.9585,
	19.8574 28.9335,
	19.8542 28.8334,
	19.8542 28.8115,
	"/>
</Transform>

<Transform dim="1"
 xcoef=" -2.78893854240342 1 0 0 0 0"
 ycoef=" -1.03202150589983 0 1 0 0 0">
<Contour name="d004_mito01" hidden="false" closed="true" simplified="true" border="0.25098 0.501961 0.501961" fill="0.25098 0.501961 0.501961" mode="11"
 points="27.5214 18.5699,
	27.5293 18.5487,
	27.5293 18.5434,
	27.5479 18.5275,
	27.5584 18.5249,
	27.569 18.5169,
	27.6114 18.509,
	27.6325 18.5037,
	27.6749 18.5064,
	27.7172 18.5196,
	27.7384 18.5275,
	27.7595 18.5461,
	27.7939 18.5805,
	27.7992 18.591,
	27.8045 18.5963,
	27.8045 18.6016,
	27.8125 18.6122,
	27.8151 18.6228,
	27.8336 18.6387,
	27.8389 18.6492,
	27.8495 18.6572,
	27.868 18.7419,
	27.8707 18.7524,
	27.8733 18.7577,
	27.868 18.8001,
	27.8574 18.8186,
	27.8522 18.8239,
	27.8522 18.8292,
	27.8363 18.8477,
	27.8151 18.8662,
	27.7939 18.8768,
	27.7886 18.8821,
	27.7781 18.8847,
	27.7675 18.8927,
	27.7463 18.8953,
	27.7251 18.8927,
	27.6828 18.8768,
	27.6616 18.8662,
	27.6511 18.8636,
	27.6405 18.8556,
	27.6352 18.8556,
	27.6167 18.8371,
	27.6061 18.8265,
	27.5849 18.8133,
	27.5664 18.7948,
	27.5637 18.7842,
	27.5479 18.763,
	27.532 18.7472,
	27.524 18.6625,
	27.5214 18.5778,
	27.5214 18.5725,
	"/>
</Transform>

<Transform dim="1"
 xcoef=" -2.78893854240342 1 0 0 0 0"
 ycoef=" -1.03202150589983 0 1 0 0 0">
<Contour name="d006_mito02" hidden="false" closed="true" simplified="true" border="0 1 1" fill="0 1 1" mode="11"
 points="35.4276 32.5132,
	35.4288 32.4741,
	35.4313 32.4545,
	35.4362 32.4349,
	35.4398 32.4251,
	35.4521 32.4055,
	35.4619 32.3957,
	35.4815 32.3822,
	35.4913 32.3786,
	35.5011 32.3773,
	35.5109 32.381,
	35.5158 32.3822,
	35.5255 32.3883,
	35.5304 32.3896,
	35.5476 32.403,
	35.5672 32.4202,
	35.5758 32.43,
	35.5819 32.4386,
	35.5868 32.4435,
	35.6002 32.463,
	35.6113 32.4826,
	35.6125 32.4875,
	35.6235 32.5071,
	35.637 32.5463,
	35.6407 32.5659,
	35.6419 32.6051,
	35.6407 32.6247,
	35.6345 32.6443,
	35.6309 32.6541,
	35.6284 32.659,
	35.6186 32.6688,
	35.6162 32.6712,
	35.6137 32.6712,
	35.5941 32.6884,
	35.5745 32.6969,
	35.5647 32.6994,
	35.5598 32.7006,
	35.5574 32.7006,
	35.5549 32.703,
	35.5353 32.7043,
	35.5304 32.7055,
	35.5109 32.7018,
	35.4913 32.6957,
	35.4815 32.6896,
	35.4643 32.6712,
	35.4411 32.632,
	35.4313 32.5928,
	35.4276 32.5537,
	35.4276 32.5145,
	"/>
</Transform>

<Transform dim="1"
 xcoef=" -2.78893854240342 1 0 0 0 0"
 ycoef=" -1.03202150589983 0 1 0 0 0">
<Contour name="d003_mito10" hidden="false" closed="true" simplified="true" border="0.501961 0.501961 0.25098" fill="0.501961 0.501961 0.25098" mode="11"
 points="35.367 11.6233,
	35.4127 11.589,
	35.4356 11.5833,
	35.447 11.5719,
	35.4699 11.5719,
	35.5099 11.6176,
	35.5613 11.7033,
	35.567 11.709,
	35.527 11.7547,
	35.5156 11.7661,
	35.4699 11.7661,
	35.4356 11.7261,
	35.3899 11.6919,
	35.3784 11.669,
	35.367 11.6576,
	35.367 11.6347,
	35.367 11.629,
	"/>
</Transform>

<Transform dim="1"
 xcoef=" -2.78893854240342 1 0 0 0 0"
 ycoef=" -1.03202150589983 0 1 0 0 0">
<Contour name="d020_c28" hidden="false" closed="true" simplified="true" border="1 0 0" fill="1 0 0" mode="11"
 points="37.3073 26.9092,
	37.3859 26.8552,
	37.4252 26.8306,
	37.4302 26.8257,
	37.5235 26.9829,
	37.5334 27.0026,
	37.5186 27.1598,
	37.5137 27.1991,
	37.5088 27.209,
	37.4302 27.2237,
	37.3908 27.2286,
	37.381 27.2335,
	37.3712 27.2286,
	37.3073 26.9141,
	"/>
</Transform>

<Transform dim="1"
 xcoef=" -2.78893854240342 1 0 0 0 0"
 ycoef=" -1.03202150589983 0 1 0 0 0">
<Contour name="d020_cfa28" hidden="false" closed="false" simplified="false" border="0 0 1" fill="0 0 1" mode="11"
 points="37.3798 27.2253,
	37.3748 27.2056,
	37.3896 27.1761,
	37.424 27.1515,
	37.4387 27.1122,
	37.424 27.0238,
	37.3798 26.9943,
	37.3404 26.8764,
	"/>
</Transform>

<Transform dim="1"
 xcoef=" -2.78893854240342 1 0 0 0 0"
 ycoef=" -1.03202150589983 0 1 0 0 0">
<Contour name="d020_mito05" hidden="false" closed="true" simplified="true" border="1 0 0.502" fill="1 0 0.502" mode="11"
 points="36.6985 27.3224,
	36.7062 27.2729,
	36.7217 27.2234,
	36.7263 27.211,
	36.7279 27.2049,
	36.7325 27.1987,
	36.7371 27.1863,
	36.7542 27.1615,
	36.8006 27.1151,
	36.8253 27.0997,
	36.8501 27.0873,
	36.8748 27.0796,
	36.8872 27.0749,
	36.8996 27.0734,
	36.9119 27.0687,
	36.9614 27.061,
	36.9862 27.0595,
	37.0109 27.061,
	37.0357 27.0718,
	37.0465 27.0811,
	37.0589 27.0935,
	37.062 27.0997,
	37.0681 27.1059,
	37.0759 27.1182,
	37.0805 27.1306,
	37.0836 27.1368,
	37.0836 27.143,
	37.0991 27.1925,
	37.1037 27.2172,
	37.1053 27.2296,
	37.1084 27.2358,
	37.1161 27.2853,
	37.1207 27.3348,
	37.1207 27.3843,
	37.1161 27.4338,
	37.1053 27.4833,
	37.1022 27.4956,
	37.0991 27.5018,
	37.0991 27.508,
	37.0836 27.5575,
	37.0821 27.5699,
	37.0465 27.6689,
	37.0341 27.6936,
	37.0186 27.7184,
	36.9954 27.7416,
	36.9831 27.7508,
	36.9769 27.7555,
	36.9645 27.7586,
	36.9583 27.7617,
	36.9336 27.7632,
	36.9088 27.7586,
	36.8841 27.7477,
	36.8717 27.7385,
	36.8609 27.7323,
	36.8485 27.723,
	36.8361 27.7106,
	36.8269 27.6998,
	36.8145 27.689,
	36.7959 27.6658,
	36.7743 27.641,
	36.7588 27.6163,
	36.7371 27.5668,
	36.7232 27.5173,
	36.717 27.4925,
	36.7031 27.3936,
	36.7 27.3874,
	36.6985 27.3379,
	36.6985 27.3255,
	36.6985 27.3239,
	"/>
</Transform>

<Transform dim="1"
 xcoef=" -2.78893854240342 1 0 0 0 0"
 ycoef=" -1.03202150589983 0 1 0 0 0">
<Contour name="d021" hidden="true" closed="true" simplified="true" border="1 0.501961 0.25098" fill="1 1 0" mode="11"
 points="10.9974 29.571,
	10.9997 29.5618,
	11 29.5607,
	11.0006 29.5561,
	11.0007 29.5549,
	11.0001 29.5365,
	10.9998 29.5273,
	10.9997 29.525,
	10.9997 29.5239,
	11.0012 29.5147,
	11.0014 29.5135,
	11.0027 29.5089,
	11.0034 29.5066,
	11.0037 29.5055,
	11.0052 29.5032,
	11.006 29.5009,
	11.0063 29.5004,
	11.0069 29.5,
	11.0069 29.4989,
	11.007 29.4986,
	11.0085 29.4963,
	11.0093 29.494,
	11.0099 29.4928,
	11.0102 29.4922,
	11.0104 29.492,
	11.025 29.4736,
	11.0268 29.4713,
	11.036 29.4623,
	11.0372 29.4613,
	11.0556 29.4472,
	11.0579 29.4454,
	11.0671 29.4368,
	11.0694 29.4347,
	11.0878 29.4198,
	11.0889 29.4188,
	11.0895 29.4184,
	11.0981 29.4092,
	11.1024 29.4046,
	11.1045 29.4023,
	11.1083 29.3977,
	11.1115 29.3931,
	11.1132 29.3908,
	11.114 29.3897,
	11.1184 29.3805,
	11.119 29.3793,
	11.1216 29.3701,
	11.1219 29.369,
	11.1228 29.3644,
	11.1232 29.3598,
	11.1233 29.3586,
	11.1233 29.358,
	11.125 29.3488,
	11.1257 29.3442,
	11.126 29.3419,
	11.1265 29.3396,
	11.1269 29.335,
	11.1269 29.3344,
	11.1286 29.3252,
	11.1308 29.316,
	11.1314 29.3137,
	11.1323 29.3114,
	11.1325 29.3109,
	11.1354 29.3063,
	11.1362 29.3051,
	11.1434 29.2959,
	11.1438 29.2953,
	11.1482 29.2907,
	11.1504 29.2886,
	11.1515 29.2876,
	11.1607 29.2827,
	11.1653 29.2804,
	11.1677 29.2793,
	11.1723 29.2782,
	11.1815 29.2772,
	11.1907 29.2764,
	11.1953 29.276,
	11.1999 29.2758,
	11.2045 29.2754,
	11.2137 29.274,
	11.2142 29.2738,
	11.2326 29.2727,
	11.2349 29.2726,
	11.2441 29.2728,
	11.2464 29.273,
	11.251 29.2736,
	11.2522 29.2736,
	11.2528 29.2736,
	11.2551 29.2745,
	11.2597 29.2748,
	11.2608 29.2749,
	11.2792 29.2787,
	11.2815 29.2792,
	11.3183 29.2898,
	11.3229 29.2912,
	11.3321 29.2948,
	11.3333 29.2953,
	11.3379 29.2968,
	11.339 29.2972,
	11.3413 29.2986,
	11.3416 29.2988,
	11.3439 29.2991,
	11.3442 29.2991,
	11.3454 29.2999,
	11.3459 29.3004,
	11.3462 29.3007,
	11.3485 29.3013,
	11.3491 29.3015,
	11.3537 29.3041,
	11.356 29.3053,
	11.3572 29.306,
	11.3577 29.3064,
	11.358 29.3066,
	11.3603 29.3072,
	11.3615 29.3077,
	11.3707 29.3127,
	11.3891 29.3199,
	11.3937 29.3217,
	11.4121 29.3295,
	11.4213 29.3337,
	11.4259 29.336,
	11.4305 29.3383,
	11.4316 29.3389,
	11.4322 29.3394,
	11.4334 29.3401,
	11.4426 29.3437,
	11.461 29.3526,
	11.4633 29.3537,
	11.4644 29.3543,
	11.465 29.3548,
	11.4656 29.3552,
	11.4667 29.3552,
	11.4669 29.3552,
	11.468 29.356,
	11.4681 29.3562,
	11.4693 29.3564,
	11.4694 29.3564,
	11.4717 29.3582,
	11.4729 29.359,
	11.474 29.3597,
	11.4763 29.3606,
	11.4855 29.3664,
	11.4901 29.3695,
	11.4913 29.3702,
	11.4919 29.3706,
	11.493 29.3709,
	11.5114 29.3856,
	11.5137 29.3874,
	11.5178 29.392,
	11.5188 29.3931,
	11.5257 29.4023,
	11.5274 29.4046,
	11.5334 29.4138,
	11.5382 29.423,
	11.5389 29.4242,
	11.5547 29.461,
	11.5587 29.4702,
	11.5607 29.4748,
	11.5617 29.4771,
	11.5712 29.4955,
	11.5724 29.4978,
	11.5827 29.5162,
	11.584 29.5185,
	11.5883 29.5277,
	11.5924 29.5369,
	11.5935 29.5392,
	11.597 29.5484,
	11.5978 29.5507,
	11.6068 29.5691,
	11.6116 29.5783,
	11.6128 29.5806,
	11.6134 29.5817,
	11.6203 29.5909,
	11.6236 29.5955,
	11.6252 29.5978,
	11.6263 29.599,
	11.6272 29.6002,
	11.6333 29.6094,
	11.6388 29.6186,
	11.6402 29.6209,
	11.6462 29.6301,
	11.6491 29.6347,
	11.6505 29.637,
	11.654 29.6416,
	11.6585 29.6462,
	11.6591 29.6467,
	11.6658 29.6559,
	11.6692 29.6605,
	11.6709 29.6628,
	11.6732 29.6649,
	11.675 29.6672,
	11.6772 29.6692,
	11.6778 29.6697,
	11.6779 29.6699,
	11.6779 29.6705,
	11.6801 29.6727,
	11.6811 29.6738,
	11.6842 29.6784,
	11.688 29.683,
	11.6911 29.6876,
	11.6919 29.6888,
	11.6942 29.6911,
	11.6957 29.6934,
	11.6959 29.6937,
	11.7048 29.7029,
	11.7059 29.704,
	11.7082 29.706,
	11.7093 29.7071,
	11.7103 29.7083,
	11.7166 29.7175,
	11.7197 29.7221,
	11.7205 29.7232,
	11.7228 29.725,
	11.7234 29.7254,
	11.728 29.73,
	11.7326 29.7344,
	11.7349 29.7365,
	11.736 29.7375,
	11.7452 29.7435,
	11.7464 29.7442,
	11.7556 29.7508,
	11.7567 29.7517,
	11.7659 29.7602,
	11.7671 29.7613,
	11.771 29.7659,
	11.7755 29.77,
	11.7767 29.771,
	11.7773 29.7715,
	11.7796 29.7731,
	11.7836 29.7777,
	11.7856 29.78,
	11.7862 29.7806,
	11.7866 29.7812,
	11.7966 29.7996,
	11.7991 29.8042,
	11.8014 29.8088,
	11.8019 29.8099,
	11.8024 29.8122,
	11.803 29.8134,
	11.8032 29.8137,
	11.8029 29.8229,
	11.8029 29.824,
	11.8029 29.8243,
	11.8014 29.8289,
	11.8003 29.8312,
	11.7998 29.8324,
	11.798 29.8347,
	11.7888 29.8413,
	11.7842 29.8445,
	11.7819 29.8461,
	11.7807 29.8469,
	11.7623 29.8532,
	11.76 29.854,
	11.7554 29.8552,
	11.7531 29.8556,
	11.7347 29.8569,
	11.7301 29.857,
	11.729 29.857,
	11.7284 29.857,
	11.7261 29.8564,
	11.7215 29.8545,
	11.7209 29.8542,
	11.7206 29.8541,
	11.7114 29.8529,
	11.7091 29.8526,
	11.7068 29.8521,
	11.7045 29.8518,
	11.6999 29.8515,
	11.6953 29.8507,
	11.693 29.8502,
	11.6919 29.8499,
	11.6896 29.8498,
	11.689 29.8498,
	11.6844 29.8481,
	11.6832 29.8477,
	11.6786 29.8469,
	11.6602 29.8394,
	11.6556 29.8376,
	11.651 29.836,
	11.6487 29.8353,
	11.6476 29.8349,
	11.643 29.8342,
	11.6407 29.8339,
	11.6395 29.8338,
	11.6392 29.8338,
	11.6369 29.8329,
	11.6364 29.8327,
	11.618 29.8304,
	11.6157 29.8301,
	11.5973 29.8304,
	11.595 29.8305,
	11.5904 29.8311,
	11.5858 29.8319,
	11.5846 29.8321,
	11.5823 29.8326,
	11.5817 29.8328,
	11.5806 29.8328,
	11.5803 29.8328,
	11.5711 29.8376,
	11.5688 29.8388,
	11.5596 29.8431,
	11.5573 29.8445,
	11.5567 29.8449,
	11.5544 29.8455,
	11.5538 29.8457,
	11.5527 29.8465,
	11.5504 29.8472,
	11.5501 29.8472,
	11.5478 29.8489,
	11.5472 29.8493,
	11.5449 29.8505,
	11.5357 29.859,
	11.5334 29.8612,
	11.5323 29.8622,
	11.5317 29.8627,
	11.5271 29.8659,
	11.5259 29.8665,
	11.5167 29.8707,
	11.5162 29.871,
	11.5116 29.872,
	11.511 29.872,
	11.5018 29.8749,
	11.4972 29.8766,
	11.4949 29.8774,
	11.4937 29.8779,
	11.4935 29.8779,
	11.4929 29.8784,
	11.4923 29.8786,
	11.4912 29.8789,
	11.4906 29.8792,
	11.49 29.8792,
	11.4889 29.8797,
	11.4886 29.8797,
	11.4884 29.8797,
	11.4883 29.8799,
	11.4877 29.8799,
	11.4854 29.8808,
	11.4848 29.8812,
	11.4843 29.8812,
	11.4797 29.8838,
	11.4786 29.8843,
	11.4783 29.8845,
	11.4777 29.8846,
	11.4754 29.8859,
	11.4748 29.8862,
	11.4745 29.8863,
	11.4743 29.8865,
	11.4731 29.8868,
	11.472 29.8875,
	11.4708 29.8884,
	11.4702 29.8889,
	11.4699 29.889,
	11.4688 29.8901,
	11.4685 29.8903,
	11.4682 29.8904,
	11.4676 29.8908,
	11.4653 29.8917,
	11.4642 29.8922,
	11.4636 29.8924,
	11.4635 29.8925,
	11.4543 29.8962,
	11.4531 29.8967,
	11.4439 29.8993,
	11.4416 29.8999,
	11.4232 29.9035,
	11.4221 29.9038,
	11.4037 29.9064,
	11.4014 29.9068,
	11.3968 29.9078,
	11.3956 29.9081,
	11.3933 29.9092,
	11.3927 29.9095,
	11.3743 29.9104,
	11.372 29.9105,
	11.3352 29.9105,
	11.3306 29.9105,
	11.3214 29.9102,
	11.3191 29.9101,
	11.3099 29.9081,
	11.3088 29.9078,
	11.2996 29.9052,
	11.2973 29.9046,
	11.2961 29.9043,
	11.2955 29.9042,
	11.2932 29.9027,
	11.2909 29.9021,
	11.2904 29.9019,
	11.2892 29.9019,
	11.2869 29.9003,
	11.2866 29.9001,
	11.2843 29.8997,
	11.2838 29.8996,
	11.2815 29.8984,
	11.2722 29.8922,
	11.2711 29.8914,
	11.2619 29.8837,
	11.2607 29.8827,
	11.2527 29.8735,
	11.2489 29.8689,
	11.2471 29.8666,
	11.2439 29.862,
	11.2424 29.8597,
	11.2418 29.8586,
	11.2415 29.858,
	11.2413 29.8577,
	11.2367 29.8537,
	11.2344 29.8515,
	11.2339 29.8509,
	11.2322 29.8486,
	11.223 29.8394,
	11.2219 29.8382,
	11.2127 29.8308,
	11.2115 29.8298,
	11.2069 29.8252,
	11.2058 29.8242,
	11.1873 29.8086,
	11.1689 29.7936,
	11.1597 29.7853,
	11.1508 29.7761,
	11.1487 29.7738,
	11.1408 29.7646,
	11.1242 29.7462,
	11.1221 29.7439,
	11.1211 29.7428,
	11.1027 29.7247,
	11.1004 29.7224,
	11.096 29.7178,
	11.0922 29.7132,
	11.0913 29.712,
	11.0887 29.7074,
	11.0856 29.7028,
	11.0848 29.7017,
	11.0825 29.6971,
	11.0819 29.6959,
	11.0804 29.6936,
	11.0785 29.6913,
	11.078 29.6907,
	11.0766 29.6884,
	11.072 29.6839,
	11.0715 29.6833,
	11.0669 29.6801,
	11.0577 29.6748,
	11.0554 29.6735,
	11.0508 29.6712,
	11.0416 29.6656,
	11.0393 29.6641,
	11.0387 29.6636,
	11.0375 29.6633,
	11.0364 29.6624,
	11.0352 29.6613,
	11.0341 29.6605,
	11.0329 29.6599,
	11.0324 29.6595,
	11.028 29.655,
	11.0258 29.6529,
	11.0247 29.6518,
	11.0187 29.6426,
	11.016 29.638,
	11.0154 29.6369,
	11.0144 29.6346,
	11.0137 29.6323,
	11.0122 29.63,
	11.0122 29.6294,
	11.0121 29.6291,
	11.0112 29.628,
	11.0104 29.6257,
	11.0099 29.6245,
	11.0049 29.6153,
	11.0026 29.6107,
	11.002 29.6096,
	11.0006 29.605,
	11.0004 29.6044,
	10.9987 29.5952,
	10.9985 29.594,
	10.9978 29.5917,
	10.9977 29.5912,
	10.9974 29.582,
	10.9974 29.5728,
	10.9974 29.5716,
	10.9974 29.5711,
	"/>
</Transform>

<Transform dim="1"
 xcoef=" -2.78893854240342 1 0 0 0 0"
 ycoef=" -1.03202150589983 0 1 0 0 0">
<Contour name="D023" comment="2019-04-03_zal" hidden="false" closed="true" simplified="true" border="0 0.502 0.753" fill="0 0.502 0.753" mode="11"
 points="12.4685 29.5774,
	12.4703 29.5513,
	12.4759 29.5257,
	12.485 29.501,
	12.4976 29.4777,
	12.5133 29.4562,
	12.532 29.437,
	12.5532 29.4203,
	12.5766 29.4064,
	12.6017 29.3957,
	12.6281 29.3883,
	12.6554 29.3843,
	12.6829 29.3839,
	12.7103 29.387,
	12.737 29.3935,
	12.7625 29.4035,
	12.7864 29.4165,
	12.8082 29.4325,
	12.8275 29.4512,
	12.844 29.4721,
	12.8574 29.495,
	12.8674 29.5194,
	12.8738 29.5448,
	12.8766 29.5708,
	12.8757 29.597,
	12.8711 29.6228,
	12.8628 29.6477,
	12.8511 29.6714,
	12.8361 29.6933,
	12.8182 29.7132,
	12.7976 29.7306,
	12.7747 29.7451,
	12.7499 29.7567,
	12.7238 29.7649,
	12.6967 29.7697,
	12.6692 29.7711,
	12.6417 29.7689,
	12.6148 29.7632,
	12.589 29.7541,
	12.5646 29.7418,
	12.5423 29.7265,
	12.5223 29.7084,
	12.5051 29.688,
	12.4909 29.6656,
	12.48 29.6416,
	12.4727 29.6164,
	"/>
</Transform>

<Transform dim="1"
 xcoef=" -2.78893854240342 1 0 0 0 0"
 ycoef=" -1.03202150589983 0 1 0 0 0">
<Contour name="D024" comment="2019-04-03_zal" hidden="false" closed="true" simplified="true" border="0 0.502 0.753" fill="0 0.502 0.753" mode="11"
 points="26.3944 36.0572,
	26.4025 36.0032,
	26.426 35.9544,
	26.4627 35.9157,
	26.5089 35.8908,
	26.5601 35.8823,
	26.6114 35.8908,
	26.6576 35.9157,
	26.6943 35.9544,
	26.7178 36.0032,
	26.7259 36.0572,
	26.7178 36.1113,
	26.6943 36.1601,
	26.6576 36.1988,
	26.6114 36.2237,
	26.5601 36.2322,
	26.5089 36.2237,
	26.4627 36.1988,
	26.426 36.1601,
	"/>
</Transform>

<Transform dim="0"
 xcoef=" 0 1 0 0 0 0"
 ycoef=" 0 0 1 0 0 0">
<Contour name="d021_cfa25" hidden="false" closed="false" simplified="false" border="0 1 0" fill="0 1 0" mode="11"
 points="13.1283 30.2898,
	13.135 30.3266,
	13.1865 30.4431,
	13.2226 30.5034,
	13.2601 30.5502,
	"/>
</Transform>

<Transform dim="0"
 xcoef=" 0 1 0 0 0 0"
 ycoef=" 0 0 1 0 0 0">
<Contour name="d021_c25" hidden="false" closed="true" simplified="true" border="1 0 0" fill="1 0.502 0" mode="11"
 points="13.0435 30.3394,
	13.0442 30.3341,
	13.0442 30.3327,
	13.0455 30.332,
	13.0462 30.3267,
	13.0529 30.3167,
	13.0616 30.3079,
	13.0663 30.3046,
	13.0683 30.3019,
	13.0783 30.2952,
	13.0824 30.2926,
	13.0844 30.2912,
	13.0857 30.2912,
	13.087 30.2899,
	13.1085 30.2832,
	13.1192 30.2805,
	13.1299 30.2798,
	13.1352 30.2785,
	13.1459 30.2785,
	13.1473 30.2785,
	13.1479 30.2798,
	13.1533 30.2812,
	13.1566 30.2845,
	13.1566 30.2859,
	13.1633 30.2952,
	13.1667 30.3006,
	13.1707 30.3106,
	13.172 30.316,
	13.172 30.3173,
	13.1781 30.3274,
	13.1794 30.3287,
	13.1794 30.3314,
	13.1975 30.3742,
	13.2062 30.3956,
	13.2082 30.401,
	13.2082 30.4023,
	13.2095 30.4037,
	13.2095 30.405,
	13.2109 30.405,
	13.2135 30.4104,
	13.2156 30.4124,
	13.2156 30.4137,
	13.2196 30.4191,
	13.2216 30.4211,
	13.2216 30.4224,
	13.2249 30.4278,
	13.2336 30.4371,
	13.237 30.4411,
	13.243 30.4519,
	13.2463 30.4559,
	13.2483 30.4606,
	13.2611 30.4806,
	13.2664 30.4913,
	13.2698 30.5021,
	13.2711 30.5074,
	13.2724 30.5101,
	13.2731 30.5315,
	13.2711 30.5422,
	13.2637 30.5529,
	13.2591 30.5576,
	13.2396 30.571,
	13.2289 30.577,
	13.2263 30.5797,
	13.2236 30.581,
	13.2222 30.581,
	13.2209 30.5824,
	13.2196 30.5824,
	13.2182 30.5837,
	13.2075 30.5877,
	13.2022 30.5897,
	13.1915 30.5918,
	13.1807 30.5918,
	13.1781 30.5918,
	13.1754 30.5904,
	13.1741 30.5904,
	13.1714 30.5877,
	13.17 30.5877,
	13.1687 30.5864,
	13.1674 30.5864,
	13.166 30.5851,
	13.1633 30.5844,
	13.1533 30.5777,
	13.1506 30.5757,
	13.1493 30.5743,
	13.1479 30.5743,
	13.1386 30.5656,
	13.1339 30.5616,
	13.1326 30.5596,
	13.1299 30.5576,
	13.1225 30.5482,
	13.1178 30.5436,
	13.1105 30.5335,
	13.1064 30.5302,
	13.1058 30.5275,
	13.1044 30.5268,
	13.1044 30.5255,
	13.0897 30.5041,
	13.0877 30.4994,
	13.0864 30.4987,
	13.0864 30.4974,
	13.0844 30.4947,
	13.0837 30.492,
	13.0824 30.4907,
	13.0817 30.488,
	13.0757 30.4773,
	13.0736 30.4746,
	13.0736 30.4733,
	13.0716 30.4706,
	13.0716 30.4693,
	13.0696 30.4673,
	13.0656 30.4572,
	13.0643 30.4545,
	13.0643 30.4532,
	13.0629 30.4525,
	13.0623 30.4472,
	13.0609 30.4445,
	13.0596 30.4438,
	13.0522 30.4231,
	13.0516 30.4204,
	13.0502 30.4197,
	13.0455 30.399,
	13.0435 30.3561,
	13.0435 30.3454,
	13.0435 30.3401,
	"/>
</Transform>

<Transform dim="0"
 xcoef=" 0 1 0 0 0 0"
 ycoef=" 0 0 1 0 0 0">
<Contour name="d021_p25" comment="04-04-19 zal" hidden="false" closed="true" simplified="true" border="1 1 0" fill="1 1 0" mode="11"
 points="13.0828 30.2504,
	13.0844 30.2441,
	13.0852 30.2409,
	13.0899 30.2354,
	13.0899 30.2339,
	13.0954 30.2284,
	13.0985 30.2252,
	13.1016 30.2237,
	13.1032 30.2221,
	13.1063 30.2213,
	13.1126 30.2174,
	13.1158 30.2166,
	13.1165 30.215,
	13.1291 30.2119,
	13.1542 30.2119,
	13.1605 30.2119,
	13.173 30.2158,
	13.1762 30.2158,
	13.1777 30.2174,
	13.1809 30.2174,
	13.1872 30.2198,
	13.1903 30.2205,
	13.1919 30.2221,
	13.1981 30.2237,
	13.1997 30.2252,
	13.2123 30.2307,
	13.2233 30.2378,
	13.2295 30.2417,
	13.2327 30.2441,
	13.2358 30.2449,
	13.2484 30.2519,
	13.2491 30.2535,
	13.2546 30.2558,
	13.2578 30.2574,
	13.2609 30.2606,
	13.2845 30.2755,
	13.2962 30.2825,
	13.3017 30.2864,
	13.3049 30.2896,
	13.308 30.2912,
	13.3111 30.2943,
	13.3143 30.2951,
	13.3166 30.2974,
	13.3182 30.2974,
	13.3229 30.3014,
	13.3245 30.3014,
	13.33 30.3061,
	13.3331 30.3069,
	13.3457 30.3155,
	13.348 30.3178,
	13.3496 30.3178,
	13.3543 30.3233,
	13.3661 30.3343,
	13.377 30.3429,
	13.3982 30.3641,
	13.4092 30.3743,
	13.4116 30.3759,
	13.4131 30.379,
	13.4147 30.3798,
	13.4155 30.3822,
	13.4241 30.3924,
	13.4241 30.3939,
	13.4265 30.3963,
	13.4265 30.3979,
	13.4312 30.4034,
	13.4398 30.4285,
	13.4429 30.441,
	13.4429 30.4661,
	13.4429 30.4724,
	13.4429 30.4755,
	13.4414 30.4771,
	13.4406 30.4834,
	13.4375 30.4897,
	13.4375 30.4912,
	13.4359 30.4928,
	13.4304 30.5054,
	13.4155 30.5289,
	13.4069 30.5391,
	13.3959 30.5517,
	13.3849 30.5611,
	13.3794 30.565,
	13.3763 30.5681,
	13.3747 30.5681,
	13.3723 30.5713,
	13.3708 30.5713,
	13.3645 30.5768,
	13.3629 30.5783,
	13.3598 30.5791,
	13.348 30.5877,
	13.3417 30.5909,
	13.3386 30.5932,
	13.337 30.5932,
	13.3245 30.6019,
	13.3119 30.6081,
	13.2994 30.6121,
	13.2868 30.6144,
	13.2617 30.6105,
	13.2554 30.6097,
	13.2523 30.6081,
	13.2491 30.6081,
	13.246 30.6066,
	13.2429 30.6066,
	13.2413 30.605,
	13.2382 30.6042,
	13.2256 30.5972,
	13.2193 30.594,
	13.2162 30.5925,
	13.2154 30.5909,
	13.2138 30.5909,
	13.2123 30.5893,
	13.2107 30.5893,
	13.2005 30.5807,
	13.1958 30.576,
	13.1942 30.5728,
	13.1911 30.5705,
	13.1895 30.5673,
	13.1879 30.5658,
	13.1879 30.5642,
	13.1621 30.5148,
	13.1589 30.5109,
	13.1566 30.5046,
	13.155 30.503,
	13.1534 30.4967,
	13.1519 30.4936,
	13.1519 30.492,
	13.1503 30.4912,
	13.1495 30.4881,
	13.1456 30.4818,
	13.1432 30.4787,
	13.1432 30.4755,
	13.1417 30.4724,
	13.1417 30.4708,
	13.1401 30.4701,
	13.1393 30.4669,
	13.1377 30.4653,
	13.1362 30.4591,
	13.1307 30.4465,
	13.1275 30.4402,
	13.1275 30.4387,
	13.126 30.4371,
	13.1095 30.3869,
	13.1095 30.3853,
	13.1079 30.3837,
	13.1048 30.3712,
	13.1032 30.3696,
	13.0954 30.3445,
	13.0914 30.332,
	13.0914 30.3288,
	13.0899 30.3257,
	13.0899 30.3225,
	13.0875 30.3163,
	13.0828 30.2912,
	13.0828 30.266,
	13.0828 30.2535,
	13.0828 30.2511,
	"/>
</Transform>

<Transform dim="0"
 xcoef=" 0 1 0 0 0 0"
 ycoef=" 0 0 1 0 0 0">
<Contour name="d021_p27" comment="04-04-19 zal" hidden="false" closed="true" simplified="true" border="1 1 0" fill="1 1 0" mode="11"
 points="14.2521 29.9221,
	14.2528 29.9004,
	14.2528 29.895,
	14.2562 29.8848,
	14.2569 29.8793,
	14.2589 29.8746,
	14.2589 29.8732,
	14.2603 29.8725,
	14.2609 29.8671,
	14.2691 29.846,
	14.2759 29.8365,
	14.28 29.8324,
	14.2895 29.827,
	14.2949 29.8249,
	14.3058 29.8249,
	14.3112 29.8256,
	14.314 29.8277,
	14.3153 29.8277,
	14.3255 29.8351,
	14.3364 29.8413,
	14.3378 29.8426,
	14.3391 29.8426,
	14.3479 29.8501,
	14.3581 29.8569,
	14.3663 29.8664,
	14.369 29.8678,
	14.3711 29.8705,
	14.3711 29.8718,
	14.3724 29.8718,
	14.3792 29.882,
	14.3813 29.8848,
	14.3813 29.8861,
	14.3826 29.8875,
	14.3826 29.8888,
	14.3894 29.899,
	14.3928 29.9045,
	14.3942 29.9058,
	14.3942 29.9072,
	14.3969 29.9092,
	14.3969 29.9106,
	14.4044 29.9215,
	14.4118 29.931,
	14.4152 29.9357,
	14.4152 29.9371,
	14.418 29.9391,
	14.4186 29.9412,
	14.4248 29.9507,
	14.4316 29.9724,
	14.4384 29.9833,
	14.4404 29.9881,
	14.4404 29.9894,
	14.4418 29.9908,
	14.4418 29.9935,
	14.4431 29.9949,
	14.4431 29.9976,
	14.4452 30.003,
	14.4458 30.0058,
	14.4472 30.0071,
	14.4499 30.018,
	14.4499 30.0397,
	14.4499 30.0452,
	14.4485 30.0506,
	14.4485 30.052,
	14.4472 30.0533,
	14.4472 30.0547,
	14.4458 30.0561,
	14.4424 30.0669,
	14.4404 30.0724,
	14.4316 30.0819,
	14.4288 30.0832,
	14.4275 30.0846,
	14.4261 30.0846,
	14.4152 30.0907,
	14.4098 30.0914,
	14.4084 30.0928,
	14.3867 30.0962,
	14.3813 30.0955,
	14.3785 30.0955,
	14.3772 30.0941,
	14.3745 30.0941,
	14.3731 30.0928,
	14.3717 30.0928,
	14.3704 30.0914,
	14.3677 30.0914,
	14.3622 30.0887,
	14.352 30.086,
	14.3473 30.0839,
	14.3445 30.0832,
	14.3439 30.0819,
	14.3425 30.0819,
	14.3371 30.0778,
	14.3282 30.069,
	14.3235 30.0642,
	14.3208 30.0615,
	14.3146 30.0513,
	14.3133 30.0493,
	14.3133 30.0465,
	14.3112 30.0445,
	14.3112 30.0431,
	14.3085 30.0404,
	14.3085 30.0391,
	14.3072 30.0384,
	14.3058 30.0329,
	14.3031 30.0282,
	14.3031 30.0255,
	14.3017 30.0241,
	14.301 30.0187,
	14.2963 30.0085,
	14.2936 30.003,
	14.2929 30.0003,
	14.2908 29.9976,
	14.2868 29.9867,
	14.2827 29.9813,
	14.2827 29.9799,
	14.2793 29.9765,
	14.2793 29.9752,
	14.2745 29.9704,
	14.2732 29.9677,
	14.2718 29.9663,
	14.2718 29.965,
	14.2705 29.9643,
	14.2705 29.9629,
	14.2691 29.9616,
	14.2691 29.9602,
	14.2657 29.9555,
	14.2657 29.9541,
	14.2596 29.9432,
	14.2589 29.9405,
	14.2575 29.9398,
	14.2541 29.9289,
	14.2528 29.9235,
	14.2528 29.9228,
	"/>
</Transform>

<Transform dim="1"
 xcoef=" 0 1 0 0 0 0"
 ycoef=" 0 0 1 0 0 0">
<Contour name="d021_cl11_syn" hidden="false" closed="true" simplified="true" border="1 1 0" fill="1 1 0" mode="11"
 points="13.7881 30.6028,
	13.7904 30.5936,
	13.7907 30.5925,
	13.7913 30.5879,
	13.7914 30.5867,
	13.7908 30.5683,
	13.7905 30.5591,
	13.7904 30.5568,
	13.7904 30.5557,
	13.7919 30.5465,
	13.7921 30.5453,
	13.7934 30.5407,
	13.7941 30.5384,
	13.7944 30.5373,
	13.7959 30.535,
	13.7967 30.5327,
	13.797 30.5322,
	13.7976 30.5318,
	13.7976 30.5307,
	13.7977 30.5304,
	13.7992 30.5281,
	13.8 30.5258,
	13.8006 30.5246,
	13.8009 30.524,
	13.8011 30.5238,
	13.8157 30.5054,
	13.8175 30.5031,
	13.8267 30.4941,
	13.8279 30.4931,
	13.8463 30.479,
	13.8486 30.4772,
	13.8578 30.4686,
	13.8601 30.4665,
	13.8785 30.4516,
	13.8796 30.4506,
	13.8802 30.4502,
	13.8888 30.441,
	13.8931 30.4364,
	13.8952 30.4341,
	13.899 30.4295,
	13.9022 30.4249,
	13.9039 30.4226,
	13.9047 30.4215,
	13.9091 30.4123,
	13.9097 30.4111,
	13.9123 30.4019,
	13.9126 30.4008,
	13.9135 30.3962,
	13.9139 30.3916,
	13.914 30.3904,
	13.914 30.3898,
	13.9157 30.3806,
	13.9164 30.376,
	13.9167 30.3737,
	13.9172 30.3714,
	13.9176 30.3668,
	13.9176 30.3662,
	13.9193 30.357,
	13.9215 30.3478,
	13.9221 30.3455,
	13.923 30.3432,
	13.9232 30.3427,
	13.9261 30.3381,
	13.9269 30.3369,
	13.9341 30.3277,
	13.9345 30.3271,
	13.9389 30.3225,
	13.9411 30.3204,
	13.9422 30.3194,
	13.9514 30.3145,
	13.956 30.3122,
	13.9584 30.3111,
	13.963 30.31,
	13.9722 30.309,
	13.9814 30.3082,
	13.986 30.3078,
	13.9906 30.3076,
	13.9952 30.3072,
	14.0044 30.3058,
	14.0049 30.3056,
	14.0233 30.3045,
	14.0256 30.3044,
	14.0348 30.3046,
	14.0371 30.3048,
	14.0417 30.3054,
	14.0429 30.3054,
	14.0435 30.3054,
	14.0458 30.3063,
	14.0504 30.3066,
	14.0515 30.3067,
	14.0699 30.3105,
	14.0722 30.311,
	14.109 30.3216,
	14.1136 30.323,
	14.1228 30.3266,
	14.124 30.3271,
	14.1286 30.3286,
	14.1297 30.329,
	14.132 30.3304,
	14.1323 30.3306,
	14.1346 30.3309,
	14.1349 30.3309,
	14.1361 30.3317,
	14.1366 30.3322,
	14.1369 30.3325,
	14.1392 30.3331,
	14.1398 30.3333,
	14.1444 30.3359,
	14.1467 30.3371,
	14.1479 30.3378,
	14.1484 30.3382,
	14.1487 30.3384,
	14.151 30.339,
	14.1522 30.3395,
	14.1614 30.3445,
	14.1798 30.3517,
	14.1844 30.3535,
	14.2028 30.3613,
	14.212 30.3655,
	14.2166 30.3678,
	14.2212 30.3701,
	14.2223 30.3707,
	14.2229 30.3712,
	14.2241 30.3719,
	14.2333 30.3755,
	14.2517 30.3844,
	14.254 30.3855,
	14.2551 30.3861,
	14.2557 30.3866,
	14.2563 30.387,
	14.2574 30.387,
	14.2576 30.387,
	14.2587 30.3878,
	14.2588 30.388,
	14.26 30.3882,
	14.2601 30.3882,
	14.2624 30.39,
	14.2636 30.3908,
	14.2647 30.3915,
	14.267 30.3924,
	14.2762 30.3982,
	14.2808 30.4013,
	14.282 30.402,
	14.2826 30.4024,
	14.2837 30.4027,
	14.3021 30.4174,
	14.3044 30.4192,
	14.3085 30.4238,
	14.3095 30.4249,
	14.3164 30.4341,
	14.3181 30.4364,
	14.3241 30.4456,
	14.3289 30.4548,
	14.3296 30.456,
	14.3454 30.4928,
	14.3494 30.502,
	14.3514 30.5066,
	14.3524 30.5089,
	14.3619 30.5273,
	14.3631 30.5296,
	14.3734 30.548,
	14.3747 30.5503,
	14.379 30.5595,
	14.3831 30.5687,
	14.3842 30.571,
	14.3877 30.5802,
	14.3885 30.5825,
	14.3975 30.6009,
	14.4023 30.6101,
	14.4035 30.6124,
	14.4041 30.6135,
	14.411 30.6227,
	14.4143 30.6273,
	14.4159 30.6296,
	14.417 30.6308,
	14.4179 30.632,
	14.424 30.6412,
	14.4295 30.6504,
	14.4309 30.6527,
	14.4369 30.6619,
	14.4398 30.6665,
	14.4412 30.6688,
	14.4447 30.6734,
	14.4492 30.678,
	14.4498 30.6785,
	14.4565 30.6877,
	14.4599 30.6923,
	14.4616 30.6946,
	14.4639 30.6967,
	14.4657 30.699,
	14.4679 30.701,
	14.4685 30.7015,
	14.4686 30.7017,
	14.4686 30.7023,
	14.4708 30.7045,
	14.4718 30.7056,
	14.4749 30.7102,
	14.4787 30.7148,
	14.4818 30.7194,
	14.4826 30.7206,
	14.4849 30.7229,
	14.4864 30.7252,
	14.4866 30.7255,
	14.4955 30.7347,
	14.4966 30.7358,
	14.4989 30.7378,
	14.5 30.7389,
	14.501 30.7401,
	14.5073 30.7493,
	14.5104 30.7539,
	14.5112 30.755,
	14.5135 30.7568,
	14.5141 30.7572,
	14.5187 30.7618,
	14.5233 30.7662,
	14.5256 30.7683,
	14.5267 30.7693,
	14.5359 30.7753,
	14.5371 30.776,
	14.5463 30.7826,
	14.5474 30.7835,
	14.5566 30.792,
	14.5578 30.7931,
	14.5617 30.7977,
	14.5662 30.8018,
	14.5674 30.8028,
	14.568 30.8033,
	14.5703 30.8049,
	14.5743 30.8095,
	14.5763 30.8118,
	14.5769 30.8124,
	14.5773 30.813,
	14.5873 30.8314,
	14.5898 30.836,
	14.5921 30.8406,
	14.5926 30.8417,
	14.5931 30.844,
	14.5937 30.8452,
	14.5939 30.8455,
	14.5936 30.8547,
	14.5936 30.8558,
	14.5936 30.8561,
	14.5921 30.8607,
	14.591 30.863,
	14.5905 30.8642,
	14.5887 30.8665,
	14.5795 30.8731,
	14.5749 30.8763,
	14.5726 30.8779,
	14.5714 30.8787,
	14.553 30.885,
	14.5507 30.8858,
	14.5461 30.887,
	14.5438 30.8874,
	14.5254 30.8887,
	14.5208 30.8888,
	14.5197 30.8888,
	14.5191 30.8888,
	14.5168 30.8882,
	14.5122 30.8863,
	14.5116 30.886,
	14.5113 30.8859,
	14.5021 30.8847,
	14.4998 30.8844,
	14.4975 30.8839,
	14.4952 30.8836,
	14.4906 30.8833,
	14.486 30.8825,
	14.4837 30.882,
	14.4826 30.8817,
	14.4803 30.8816,
	14.4797 30.8816,
	14.4751 30.8799,
	14.4739 30.8795,
	14.4693 30.8787,
	14.4509 30.8712,
	14.4463 30.8694,
	14.4417 30.8678,
	14.4394 30.8671,
	14.4383 30.8667,
	14.4337 30.866,
	14.4314 30.8657,
	14.4302 30.8656,
	14.4299 30.8656,
	14.4276 30.8647,
	14.4271 30.8645,
	14.4087 30.8622,
	14.4064 30.8619,
	14.388 30.8622,
	14.3857 30.8623,
	14.3811 30.8629,
	14.3765 30.8637,
	14.3753 30.8639,
	14.373 30.8644,
	14.3724 30.8646,
	14.3713 30.8646,
	14.371 30.8646,
	14.3618 30.8694,
	14.3595 30.8706,
	14.3503 30.8749,
	14.348 30.8763,
	14.3474 30.8767,
	14.3451 30.8773,
	14.3445 30.8775,
	14.3434 30.8783,
	14.3411 30.879,
	14.3408 30.879,
	14.3385 30.8807,
	14.3379 30.8811,
	14.3356 30.8823,
	14.3264 30.8908,
	14.3241 30.893,
	14.323 30.894,
	14.3224 30.8945,
	14.3178 30.8977,
	14.3166 30.8983,
	14.3074 30.9025,
	14.3069 30.9028,
	14.3023 30.9038,
	14.3017 30.9038,
	14.2925 30.9067,
	14.2879 30.9084,
	14.2856 30.9092,
	14.2844 30.9097,
	14.2842 30.9097,
	14.2836 30.9102,
	14.283 30.9104,
	14.2819 30.9107,
	14.2813 30.911,
	14.2807 30.911,
	14.2796 30.9115,
	14.2793 30.9115,
	14.2791 30.9115,
	14.279 30.9117,
	14.2784 30.9117,
	14.2761 30.9126,
	14.2755 30.913,
	14.275 30.913,
	14.2704 30.9156,
	14.2693 30.9161,
	14.269 30.9163,
	14.2684 30.9164,
	14.2661 30.9177,
	14.2655 30.918,
	14.2652 30.9181,
	14.265 30.9183,
	14.2638 30.9186,
	14.2627 30.9193,
	14.2615 30.9202,
	14.2609 30.9207,
	14.2606 30.9208,
	14.2595 30.9219,
	14.2592 30.9221,
	14.2589 30.9222,
	14.2583 30.9226,
	14.256 30.9235,
	14.2549 30.924,
	14.2543 30.9242,
	14.2542 30.9243,
	14.245 30.928,
	14.2438 30.9285,
	14.2346 30.9311,
	14.2323 30.9317,
	14.2139 30.9353,
	14.2128 30.9356,
	14.1944 30.9382,
	14.1921 30.9386,
	14.1875 30.9396,
	14.1863 30.9399,
	14.184 30.941,
	14.1834 30.9413,
	14.165 30.9422,
	14.1627 30.9423,
	14.1259 30.9423,
	14.1213 30.9423,
	14.1121 30.942,
	14.1098 30.9419,
	14.1006 30.9399,
	14.0995 30.9396,
	14.0903 30.937,
	14.088 30.9364,
	14.0868 30.9361,
	14.0862 30.936,
	14.0839 30.9345,
	14.0816 30.9339,
	14.0811 30.9337,
	14.0799 30.9337,
	14.0776 30.9321,
	14.0773 30.9319,
	14.075 30.9315,
	14.0745 30.9314,
	14.0722 30.9302,
	14.0629 30.924,
	14.0618 30.9232,
	14.0526 30.9155,
	14.0514 30.9145,
	14.0434 30.9053,
	14.0396 30.9007,
	14.0378 30.8984,
	14.0346 30.8938,
	14.0331 30.8915,
	14.0325 30.8904,
	14.0322 30.8898,
	14.032 30.8895,
	14.0274 30.8855,
	14.0251 30.8833,
	14.0246 30.8827,
	14.0229 30.8804,
	14.0137 30.8712,
	14.0126 30.87,
	14.0034 30.8626,
	14.0022 30.8616,
	13.9976 30.857,
	13.9965 30.856,
	13.978 30.8404,
	13.9596 30.8254,
	13.9504 30.8171,
	13.9415 30.8079,
	13.9394 30.8056,
	13.9315 30.7964,
	13.9149 30.778,
	13.9128 30.7757,
	13.9118 30.7746,
	13.8934 30.7565,
	13.8911 30.7542,
	13.8867 30.7496,
	13.8829 30.745,
	13.882 30.7438,
	13.8794 30.7392,
	13.8763 30.7346,
	13.8755 30.7335,
	13.8732 30.7289,
	13.8726 30.7277,
	13.8711 30.7254,
	13.8692 30.7231,
	13.8687 30.7225,
	13.8673 30.7202,
	13.8627 30.7157,
	13.8622 30.7151,
	13.8576 30.7119,
	13.8484 30.7066,
	13.8461 30.7053,
	13.8415 30.703,
	13.8323 30.6974,
	13.83 30.6959,
	13.8294 30.6954,
	13.8282 30.6951,
	13.8271 30.6942,
	13.8259 30.6931,
	13.8248 30.6923,
	13.8236 30.6917,
	13.8231 30.6913,
	13.8187 30.6868,
	13.8165 30.6847,
	13.8154 30.6836,
	13.8094 30.6744,
	13.8067 30.6698,
	13.8061 30.6687,
	13.8051 30.6664,
	13.8044 30.6641,
	13.8029 30.6618,
	13.8029 30.6612,
	13.8028 30.6609,
	13.8019 30.6598,
	13.8011 30.6575,
	13.8006 30.6563,
	13.7956 30.6471,
	13.7933 30.6425,
	13.7927 30.6414,
	13.7913 30.6368,
	13.7911 30.6362,
	13.7894 30.627,
	13.7892 30.6258,
	13.7885 30.6235,
	13.7884 30.623,
	13.7881 30.6138,
	13.7881 30.6046,
	13.7881 30.6034,
	13.7881 30.6029,
	"/>
</Transform>

<Transform dim="1"
 xcoef=" 0.03 1 0 0 0 0"
 ycoef=" 0.02 0 1 0 0 0">
<Contour name="d021_o26" hidden="false" closed="true" simplified="false" border="1 0 0" fill="1 0 0" mode="-13"
 points="14.4436 30.7874,
	14.4693 30.7874,
	14.4565 30.811,
	"/>
</Transform>

<Transform dim="3"
 xcoef=" 4.3004582051042 1.20129471444213 -0.34888904186085 0 0 0"
 ycoef=" -11.2630970872169 0.16644501089458 0.945155745660235 0 0 0">
<Image mag="0.00254" contrast="1.21551" brightness="-0.39" red="true" green="true" blue="true"
 src="148____z147.0.tif" />
<Contour name="domain1" hidden="false" closed="true" simplified="false" border="1 0 1" fill="1 0 1" mode="11"
 points="0 0,
	18911 0,
	18911 18431,
	0 18431,
	"/>
</Transform>

</Section>