<?xml version="1.0"?>
<!DOCTYPE Section SYSTEM "section.dtd">

<Section index="201" thickness="0.056" alignLocked="true">
<Transform dim="3"
 xcoef=" 6.21922359863751 1.07849936863681 -0.404919448463559 0 0 0"
 ycoef=" -17.2484439697859 0.328559021086709 0.982764309635981 0 0 0">
<Image mag="0.00254" contrast="1.55133" brightness="-0.51" red="true" green="true" blue="true"
 src="201____z200.0.tif" />
<Contour name="domain1" hidden="false" closed="true" simplified="false" border="1 0 1" fill="1 0 1" mode="11"
 points="0 0,
	18911 0,
	18911 18431,
	0 18431,
	"/>
</Transform>

<Transform dim="3"
 xcoef=" 6.21922359863751 1.07849936863681 -0.404919448463559 0 0 0"
 ycoef=" -17.2484439697859 0.328559021086709 0.982764309635981 0 0 0">
<Contour name="d004" hidden="false" closed="true" simplified="true" border="1 0.502 0" fill="1 1 0" mode="13"
 points="35.0305 7.19595,
	35.0428 7.14696,
	35.0428 7.09796,
	35.0458 7.07347,
	35.0581 7.04897,
	35.0826 7.02754,
	35.0948 7.02447,
	35.1009 7.01835,
	35.1132 7.01529,
	35.1591 6.97548,
	35.1805 6.95098,
	35.1928 6.92649,
	35.2326 6.87749,
	35.2449 6.85606,
	35.2693 6.83462,
	35.3183 6.82544,
	35.3673 6.82544,
	35.3796 6.82544,
	35.3918 6.81931,
	35.4408 6.81625,
	35.4898 6.82544,
	35.5878 6.8285,
	35.6123 6.8285,
	35.6613 6.84381,
	35.6674 6.84381,
	35.6735 6.84993,
	35.6797 6.84993,
	35.6858 6.85912,
	35.7103 6.87137,
	35.7164 6.87137,
	35.7225 6.87749,
	35.7287 6.87749,
	35.7532 6.8928,
	35.7654 6.89893,
	35.8113 6.93873,
	35.8358 6.95098,
	35.842 6.95711,
	35.8542 6.95711,
	35.8665 6.96323,
	35.8695 6.98773,
	35.8848 7.00916,
	35.8971 7.02141,
	35.9001 7.03366,
	35.894 7.05816,
	35.8787 7.08265,
	35.8726 7.08878,
	35.8756 7.10103,
	35.8756 7.10715,
	35.891 7.13165,
	35.9032 7.18064,
	35.9032 7.22963,
	35.8971 7.25413,
	35.8971 7.26026,
	35.8848 7.26944,
	35.8971 7.31844,
	35.8971 7.32456,
	35.8848 7.33681,
	35.8695 7.3613,
	35.8481 7.38274,
	35.8328 7.43173,
	35.8297 7.48073,
	35.8175 7.50522,
	35.8113 7.52972,
	35.8022 7.54197,
	35.7777 7.55116,
	35.6797 7.55422,
	35.6307 7.54503,
	35.5817 7.54197,
	35.4837 7.55728,
	35.4347 7.5634,
	35.4102 7.56034,
	35.398 7.56034,
	35.3735 7.55116,
	35.349 7.53585,
	35.303 7.49604,
	35.2785 7.48685,
	35.2295 7.45011,
	35.205 7.43173,
	35.1928 7.42561,
	35.1805 7.41336,
	35.1591 7.36437,
	35.153 7.35518,
	35.1407 7.34906,
	35.0979 7.30619,
	35.0764 7.29088,
	35.0519 7.26944,
	35.0458 7.25719,
	35.0397 7.25107,
	35.0305 7.22657,
	35.0305 7.20208,
	35.0305 7.19901,
	"/>
</Transform>

<Transform dim="3"
 xcoef=" 6.21922359863751 1.07849936863681 -0.404919448463559 0 0 0"
 ycoef=" -17.2484439697859 0.328559021086709 0.982764309635981 0 0 0">
<Contour name="d011" hidden="false" closed="true" simplified="true" border="1 0.501961 0" fill="1 1 0" mode="13"
 points="10.0701 30.5762,
	10.0777 30.5159,
	10.0777 30.5083,
	10.0852 30.5008,
	10.0852 30.4933,
	10.0965 30.4782,
	10.1041 30.448,
	10.1229 30.4216,
	10.1833 30.365,
	10.2097 30.3424,
	10.27 30.3273,
	10.3304 30.3009,
	10.3605 30.2934,
	10.3756 30.2858,
	10.436 30.2934,
	10.4963 30.316,
	10.5567 30.3273,
	10.6774 30.3386,
	10.6924 30.3386,
	10.7528 30.365,
	10.7754 30.3952,
	10.7792 30.4027,
	10.7867 30.4027,
	10.7943 30.4103,
	10.8094 30.414,
	10.8244 30.4254,
	10.8433 30.448,
	10.8622 30.4782,
	10.8697 30.4933,
	10.8584 30.5536,
	10.8395 30.6102,
	10.8358 30.6403,
	10.8395 30.6554,
	10.8358 30.6705,
	10.8094 30.6931,
	10.7943 30.7233,
	10.7905 30.7384,
	10.7641 30.7648,
	10.7603 30.7799,
	10.749 30.795,
	10.749 30.8025,
	10.7339 30.8176,
	10.7038 30.8327,
	10.6887 30.844,
	10.6736 30.8742,
	10.6585 30.8893,
	10.6283 30.9006,
	10.5076 30.9081,
	10.4473 30.9081,
	10.4171 30.9044,
	10.402 30.9044,
	10.3719 30.893,
	10.2512 30.8817,
	10.221 30.878,
	10.1908 30.8666,
	10.1342 30.8252,
	10.1154 30.7987,
	10.1041 30.7686,
	10.1003 30.7535,
	10.089 30.7422,
	10.0852 30.7271,
	10.0777 30.7195,
	10.0701 30.6592,
	10.0701 30.5989,
	10.0701 30.5838,
	10.0701 30.58,
	"/>
<Contour name="d012" hidden="false" closed="true" simplified="true" border="1 0.501961 0" fill="1 1 0" mode="13"
 points="9.01786 32.2772,
	9.0518 32.1565,
	9.08197 32.0962,
	9.09329 32.0811,
	9.09706 32.0207,
	9.10083 32.0057,
	9.11215 31.9943,
	9.12346 31.9642,
	9.12723 31.9491,
	9.14232 31.934,
	9.16495 31.9151,
	9.19135 31.8548,
	9.22152 31.8322,
	9.23661 31.802,
	9.27809 31.7454,
	9.3045 31.7152,
	9.33467 31.6964,
	9.36484 31.6851,
	9.37993 31.6775,
	9.4101 31.6775,
	9.44027 31.6587,
	9.47045 31.6511,
	9.48553 31.6436,
	9.49308 31.6436,
	9.50816 31.6285,
	9.53833 31.6134,
	9.59868 31.5983,
	9.62885 31.587,
	9.64394 31.5832,
	9.65148 31.5832,
	9.66657 31.5719,
	9.69674 31.5644,
	9.70428 31.5682,
	9.71937 31.5644,
	9.77972 31.5757,
	9.7948 31.587,
	9.85515 31.5983,
	9.91549 31.5946,
	9.94567 31.5983,
	9.97584 31.5946,
	10.0362 31.5719,
	10.0664 31.5606,
	10.0739 31.5606,
	10.0777 31.5531,
	10.138 31.5455,
	10.1682 31.5493,
	10.1757 31.5493,
	10.1908 31.5606,
	10.221 31.5682,
	10.2512 31.587,
	10.2625 31.5983,
	10.2927 31.6021,
	10.3077 31.6134,
	10.3681 31.6247,
	10.3983 31.636,
	10.4209 31.6624,
	10.4322 31.6738,
	10.4284 31.6813,
	10.4435 31.6813,
	10.4699 31.7002,
	10.5001 31.7115,
	10.5152 31.7266,
	10.5453 31.7379,
	10.5642 31.7643,
	10.5755 31.7794,
	10.5868 31.8095,
	10.5906 31.8246,
	10.6019 31.8359,
	10.617 31.8397,
	10.6396 31.8623,
	10.6547 31.8737,
	10.6585 31.8887,
	10.6849 31.9151,
	10.7 31.9302,
	10.7113 31.9604,
	10.7339 31.9906,
	10.7339 31.9981,
	10.7452 32.0132,
	10.7566 32.0735,
	10.7566 32.0886,
	10.783 32.1113,
	10.8169 32.1716,
	10.8131 32.232,
	10.8131 32.247,
	10.8018 32.2772,
	10.798 32.3074,
	10.7792 32.3677,
	10.7716 32.3979,
	10.7679 32.413,
	10.7566 32.4281,
	10.749 32.4884,
	10.7415 32.4922,
	10.7377 32.5525,
	10.7302 32.5827,
	10.7302 32.6129,
	10.7113 32.6732,
	10.7 32.7034,
	10.651 32.7562,
	10.6434 32.7637,
	10.6359 32.7939,
	10.6283 32.809,
	10.5981 32.8241,
	10.5717 32.8467,
	10.5642 32.8505,
	10.5642 32.858,
	10.5453 32.8882,
	10.5189 32.9146,
	10.5039 32.9222,
	10.4888 32.9372,
	10.4284 32.9636,
	10.4133 32.9636,
	10.3832 32.9787,
	10.3228 33.0315,
	10.2927 33.0542,
	10.2625 33.0617,
	10.2323 33.0806,
	10.2097 33.107,
	10.1493 33.1371,
	9.90795 33.1409,
	9.78726 33.1522,
	9.66657 33.156,
	9.60622 33.1522,
	9.54588 33.1409,
	9.5157 33.1334,
	9.48553 33.1183,
	9.47045 33.1145,
	9.44027 33.0919,
	9.42142 33.0655,
	9.39501 33.0428,
	9.34976 32.9825,
	9.31958 32.9674,
	9.28941 32.9448,
	9.27432 32.9372,
	9.26678 32.9259,
	9.23661 32.9033,
	9.20643 32.892,
	9.18381 32.8618,
	9.17249 32.8316,
	9.14232 32.809,
	9.11969 32.7788,
	9.0782 32.6581,
	9.06311 32.5978,
	9.0518 32.5827,
	9.0518 32.5752,
	9.04426 32.5676,
	9.01786 32.3262,
	9.01786 32.2961,
	9.01786 32.281,
	"/>
</Transform>

<Transform dim="3"
 xcoef=" 6.21922359863751 1.07849936863681 -0.404919448463559 0 0 0"
 ycoef=" -17.2484439697859 0.328559021086709 0.982764309635981 0 0 0">
<Contour name="d005" hidden="false" closed="true" simplified="true" border="1 0.502 0" fill="1 1 0" mode="13"
 points="40.7536 30.6998,
	40.7604 30.6725,
	40.7638 30.618,
	40.7706 30.6044,
	40.774 30.5498,
	40.7672 30.4953,
	40.7706 30.4408,
	40.7842 30.4135,
	40.8047 30.3863,
	40.8081 30.359,
	40.8183 30.3317,
	40.8217 30.3249,
	40.7877 30.2704,
	40.7877 30.2636,
	40.8013 30.2533,
	40.8081 30.2261,
	40.8217 30.1988,
	40.8354 30.1852,
	40.8626 30.175,
	40.8763 30.1647,
	40.8933 30.1375,
	40.9172 30.1136,
	40.9444 30.0966,
	40.9512 30.0829,
	40.9581 30.0761,
	40.9581 30.0693,
	40.9785 30.0454,
	41.0058 30.0318,
	41.0194 30.0216,
	41.0194 30.0148,
	41.0398 29.9875,
	41.091 29.9568,
	41.1353 29.9057,
	41.1591 29.8887,
	41.1966 29.8376,
	41.2205 29.8205,
	41.2341 29.8137,
	41.2546 29.7864,
	41.3057 29.7489,
	41.3329 29.7387,
	41.3398 29.7319,
	41.367 29.7217,
	41.3943 29.7012,
	41.4011 29.6944,
	41.5102 29.6842,
	41.6192 29.691,
	41.6737 29.6978,
	41.701 29.6978,
	41.7555 29.7115,
	41.8101 29.7319,
	41.8373 29.7421,
	41.8646 29.7455,
	41.8919 29.7558,
	41.8987 29.7626,
	41.9123 29.766,
	41.9362 29.7933,
	41.9498 29.8035,
	41.9771 29.8069,
	42.0043 29.8035,
	42.018 29.7967,
	42.0248 29.7967,
	42.0384 29.7864,
	42.0929 29.7762,
	42.1202 29.7728,
	42.1747 29.7762,
	42.202 29.7864,
	42.2156 29.7967,
	42.2429 29.8069,
	42.2565 29.8137,
	42.2633 29.8205,
	42.2667 29.8341,
	42.2872 29.8478,
	42.3145 29.8546,
	42.3281 29.8546,
	42.3554 29.8648,
	42.3656 29.875,
	42.3792 29.8785,
	42.386 29.8853,
	42.3928 29.8853,
	42.4201 29.9091,
	42.4269 29.9364,
	42.4303 29.95,
	42.4303 29.9568,
	42.4406 29.9705,
	42.444 30.025,
	42.4372 30.0795,
	42.4337 30.1068,
	42.4372 30.1136,
	42.4337 30.1409,
	42.4406 30.1681,
	42.4474 30.1818,
	42.461 30.1886,
	42.4712 30.2022,
	42.4746 30.2159,
	42.4815 30.2227,
	42.4815 30.2295,
	42.4917 30.2431,
	42.4917 30.2499,
	42.5019 30.2636,
	42.5019 30.3181,
	42.4712 30.4272,
	42.4678 30.4544,
	42.4678 30.468,
	42.4576 30.4953,
	42.4542 30.5226,
	42.4474 30.5294,
	42.444 30.543,
	42.4269 30.5669,
	42.4201 30.5737,
	42.4201 30.5805,
	42.3997 30.6044,
	42.3894 30.618,
	42.3758 30.6214,
	42.3656 30.6316,
	42.3656 30.6385,
	42.3588 30.6453,
	42.3588 30.6725,
	42.3383 30.6964,
	42.3111 30.7066,
	42.3008 30.7339,
	42.3111 30.7611,
	42.3213 30.7748,
	42.3281 30.802,
	42.3213 30.8293,
	42.2974 30.8463,
	42.2429 30.8634,
	42.2293 30.8702,
	42.1986 30.9247,
	42.1815 30.9793,
	42.1543 31.0031,
	42.1509 31.0099,
	42.1236 31.0133,
	42.0691 31.0065,
	41.96 31.0099,
	41.9328 31.0133,
	41.9259 31.0133,
	41.8987 31.0304,
	41.8441 31.0474,
	41.8169 31.0576,
	41.7896 31.061,
	41.7624 31.0713,
	41.7351 31.0883,
	41.7078 31.0985,
	41.6806 31.119,
	41.6737 31.1258,
	41.6192 31.1394,
	41.6056 31.1497,
	41.5783 31.1599,
	41.5715 31.1599,
	41.5442 31.1803,
	41.5306 31.194,
	41.517 31.2008,
	41.4897 31.2042,
	41.4352 31.228,
	41.4079 31.2451,
	41.3875 31.2655,
	41.3329 31.286,
	41.3057 31.2996,
	41.2784 31.3064,
	41.2716 31.3064,
	41.2648 31.3132,
	41.2102 31.3235,
	41.183 31.3303,
	41.1285 31.3303,
	41.0194 31.3132,
	40.9649 31.3064,
	40.9376 31.303,
	40.9103 31.3064,
	40.8831 31.303,
	40.8694 31.303,
	40.8422 31.2894,
	40.8183 31.2655,
	40.7979 31.211,
	40.7945 31.1837,
	40.7774 31.1292,
	40.757 31.0202,
	40.7536 30.9111,
	40.7604 30.802,
	40.7604 30.7748,
	40.7536 30.7475,
	40.7536 30.7202,
	40.7536 30.7066,
	40.7536 30.7032,
	"/>
</Transform>

<Transform dim="3"
 xcoef=" 6.21922359863751 1.07849936863681 -0.404919448463559 0 0 0"
 ycoef=" -17.2484439697859 0.328559021086709 0.982764309635981 0 0 0">
<Contour name="d006" hidden="false" closed="true" simplified="true" border="1 0.502 0" fill="1 1 0" mode="13"
 points="39.8321 23.5612,
	39.8354 23.5346,
	39.8387 23.5213,
	39.8454 23.5147,
	39.8553 23.4615,
	39.8553 23.4549,
	39.8653 23.4416,
	39.8819 23.3884,
	39.9118 23.3386,
	39.9251 23.3121,
	39.9251 23.3054,
	39.9317 23.3021,
	39.9351 23.2888,
	39.955 23.2622,
	39.9683 23.2523,
	39.9948 23.2423,
	40.0214 23.2224,
	40.0247 23.2091,
	40.0613 23.1593,
	40.0679 23.1526,
	40.0779 23.1294,
	40.0812 23.1161,
	40.1078 23.0962,
	40.1144 23.0895,
	40.1377 23.0796,
	40.1642 23.063,
	40.1775 23.0563,
	40.1908 23.043,
	40.2174 23.0264,
	40.224 23.0198,
	40.2506 23.0098,
	40.2771 22.9866,
	40.2938 22.9633,
	40.3203 22.9534,
	40.4266 22.9434,
	40.6392 22.9467,
	40.6525 22.95,
	40.679 22.9467,
	40.6923 22.9434,
	40.7189 22.9467,
	40.7255 22.95,
	40.8318 22.9434,
	41.0444 22.95,
	41.0975 22.9534,
	41.1506 22.9633,
	41.1772 22.9766,
	41.1905 22.9799,
	41.2171 22.9965,
	41.227 23.0098,
	41.2536 23.0198,
	41.2669 23.0297,
	41.3001 23.0796,
	41.3034 23.0862,
	41.3101 23.0862,
	41.3333 23.1061,
	41.3433 23.1327,
	41.3433 23.1393,
	41.3499 23.146,
	41.3499 23.1526,
	41.3698 23.1792,
	41.3732 23.2058,
	41.3732 23.2191,
	41.3831 23.2456,
	41.3865 23.2988,
	41.3831 23.3519,
	41.3798 23.3785,
	41.3765 23.3918,
	41.3798 23.4183,
	41.4761 23.6309,
	41.5027 23.684,
	41.5127 23.7106,
	41.5293 23.7372,
	41.5392 23.7637,
	41.5259 23.7903,
	41.5027 23.8102,
	41.4795 23.8368,
	41.4662 23.8501,
	41.4396 23.8634,
	41.4263 23.8734,
	41.3997 23.8833,
	41.3732 23.8999,
	41.3532 23.9198,
	41.3067 23.973,
	41.2702 24.0228,
	41.2204 24.066,
	41.1938 24.0892,
	41.1407 24.1125,
	41.134 24.1125,
	41.1208 24.1258,
	41.0676 24.149,
	41.0543 24.1557,
	41.0012 24.159,
	40.9746 24.159,
	40.9613 24.1557,
	40.9547 24.1557,
	40.9414 24.1457,
	40.9348 24.1391,
	40.9281 24.1391,
	40.9148 24.1291,
	40.8883 24.1191,
	40.875 24.1158,
	40.8484 24.1258,
	40.7953 24.1191,
	40.7421 24.1025,
	40.7156 24.0892,
	40.689 24.0826,
	40.6624 24.0693,
	40.6192 24.0295,
	40.5927 24.0195,
	40.5661 23.9929,
	40.5561 23.9796,
	40.503 23.963,
	40.4499 23.9697,
	40.4366 23.9697,
	40.4233 23.9796,
	40.3701 23.9962,
	40.3436 24.0029,
	40.2904 23.9996,
	40.1842 23.963,
	40.1709 23.9597,
	40.1443 23.9431,
	40.1277 23.9165,
	40.0878 23.88,
	40.0447 23.8368,
	40.0214 23.8102,
	39.9948 23.797,
	39.9683 23.7903,
	39.955 23.787,
	39.9483 23.7837,
	39.9218 23.787,
	39.9085 23.7903,
	39.8819 23.7837,
	39.8587 23.7637,
	39.8487 23.7372,
	39.8454 23.7239,
	39.8354 23.7106,
	39.8321 23.6575,
	39.8354 23.6309,
	39.8321 23.5778,
	39.8321 23.5645,
	"/>
</Transform>

<Transform dim="3"
 xcoef=" 6.21922359863751 1.07849936863681 -0.404919448463559 0 0 0"
 ycoef=" -17.2484439697859 0.328559021086709 0.982764309635981 0 0 0">
<Contour name="d014" hidden="false" closed="true" simplified="true" border="1 0.502 0" fill="1 1 0" mode="13"
 points="32.6521 28.6528,
	32.6589 28.6255,
	32.6691 28.6119,
	32.6759 28.5846,
	32.6794 28.571,
	32.6998 28.5505,
	32.7135 28.5403,
	32.7237 28.513,
	32.7407 28.4892,
	32.7475 28.4755,
	32.7748 28.4585,
	32.7987 28.4346,
	32.8055 28.421,
	32.8328 28.4039,
	32.8601 28.3971,
	32.8737 28.3937,
	32.8805 28.3937,
	32.8942 28.3835,
	33.0033 28.3562,
	33.1124 28.3528,
	33.2215 28.3426,
	33.3306 28.3255,
	33.3851 28.3221,
	33.4124 28.3221,
	33.426 28.3289,
	33.4669 28.3801,
	33.5181 28.4142,
	33.5419 28.4414,
	33.5488 28.4551,
	33.5624 28.4653,
	33.5692 28.4721,
	33.576 28.4721,
	33.5897 28.4824,
	33.5965 28.4892,
	33.5965 28.496,
	33.6135 28.5199,
	33.6204 28.5335,
	33.634 28.5403,
	33.6408 28.5471,
	33.6476 28.5471,
	33.6715 28.5642,
	33.6954 28.5915,
	33.7226 28.6085,
	33.7499 28.6153,
	33.7738 28.6392,
	33.784 28.6528,
	33.784 28.6596,
	33.7942 28.6733,
	33.7942 28.6801,
	33.8011 28.6869,
	33.8113 28.7415,
	33.8113 28.7483,
	33.8181 28.7551,
	33.842 28.8642,
	33.8488 28.8915,
	33.8488 28.8983,
	33.8624 28.9085,
	33.8727 28.9358,
	33.8761 28.9494,
	33.8692 28.9597,
	33.8931 28.9801,
	33.8829 29.0074,
	33.8829 29.021,
	33.8658 29.0483,
	33.842 29.0722,
	33.8249 29.0995,
	33.8045 29.1199,
	33.7772 29.1336,
	33.7226 29.1506,
	33.709 29.1608,
	33.6954 29.1642,
	33.692 29.1711,
	33.6374 29.1915,
	33.6238 29.1915,
	33.5692 29.2086,
	33.5556 29.2154,
	33.5488 29.2154,
	33.5419 29.2222,
	33.5283 29.2256,
	33.4192 29.3006,
	33.3681 29.3245,
	33.3135 29.3279,
	33.2862 29.3245,
	33.259 29.3143,
	33.2044 29.2836,
	33.1771 29.2767,
	33.1226 29.2392,
	33.0953 29.212,
	33.068 29.2017,
	33.0169 29.1574,
	32.9623 29.1336,
	32.9487 29.1336,
	32.8942 29.1097,
	32.8396 29.079,
	32.8123 29.0688,
	32.7032 29.0585,
	32.6759 29.0483,
	32.6589 29.021,
	32.6521 28.9938,
	32.6555 28.9392,
	32.6657 28.8847,
	32.6555 28.7756,
	32.6521 28.6665,
	32.6521 28.6562,
	"/>
</Transform>

<Transform dim="3"
 xcoef=" 6.21922359863751 1.07849936863681 -0.404919448463559 0 0 0"
 ycoef=" -17.2484439697859 0.328559021086709 0.982764309635981 0 0 0">
<Contour name="d017" hidden="false" closed="true" simplified="true" border="1 0.502 0" fill="1 1 0" mode="13"
 points="33.5953 26.5211,
	33.6026 26.5115,
	33.641 26.4947,
	33.6602 26.4875,
	33.6698 26.4803,
	33.6746 26.4707,
	33.6939 26.4586,
	33.7131 26.4514,
	33.7323 26.437,
	33.7371 26.4298,
	33.7732 26.3986,
	33.79 26.3601,
	33.7972 26.3505,
	33.8164 26.3457,
	33.8308 26.3337,
	33.8356 26.3289,
	33.8741 26.3121,
	33.9125 26.3121,
	33.9894 26.3193,
	34.0086 26.3265,
	34.0279 26.3289,
	34.0471 26.3361,
	34.0663 26.3385,
	34.0759 26.3409,
	34.0807 26.3385,
	34.1 26.3457,
	34.2537 26.3481,
	34.2922 26.3481,
	34.3306 26.3553,
	34.3499 26.3697,
	34.3619 26.389,
	34.3787 26.4034,
	34.3883 26.413,
	34.4003 26.4322,
	34.4099 26.4418,
	34.4099 26.4466,
	34.4292 26.4586,
	34.446 26.4779,
	34.4532 26.4875,
	34.4532 26.4923,
	34.47 26.5091,
	34.47 26.5283,
	34.4724 26.5379,
	34.4724 26.5427,
	34.4868 26.5572,
	34.4988 26.5956,
	34.5012 26.6052,
	34.5565 26.6821,
	34.5685 26.7013,
	34.5733 26.711,
	34.5733 26.7302,
	34.5757 26.7398,
	34.5661 26.7422,
	34.5589 26.759,
	34.5493 26.7686,
	34.5493 26.7734,
	34.5421 26.7806,
	34.5349 26.7999,
	34.5277 26.8095,
	34.5085 26.8215,
	34.4988 26.8311,
	34.482 26.8383,
	34.4772 26.8335,
	34.4388 26.8239,
	34.3619 26.8263,
	34.3234 26.8335,
	34.3042 26.8335,
	34.2658 26.8407,
	34.2465 26.8407,
	34.2369 26.8431,
	34.2177 26.8407,
	34.1985 26.8335,
	34.1889 26.8359,
	34.112 26.8191,
	34.0927 26.8143,
	34.0831 26.8095,
	34.0639 26.8071,
	34.0447 26.7999,
	34.0351 26.7951,
	34.0255 26.7854,
	34.0062 26.7758,
	34.0014 26.7758,
	33.9918 26.7686,
	33.9726 26.7614,
	33.963 26.759,
	33.9462 26.7422,
	33.9414 26.735,
	33.9245 26.7182,
	33.8861 26.6965,
	33.8717 26.6797,
	33.8332 26.6581,
	33.8164 26.6413,
	33.7996 26.6293,
	33.7948 26.6293,
	33.7756 26.6148,
	33.7563 26.6076,
	33.7467 26.6076,
	33.7275 26.598,
	33.7083 26.5932,
	33.6891 26.5836,
	33.6794 26.5764,
	33.6602 26.5716,
	33.641 26.5596,
	33.6026 26.5427,
	33.5953 26.5355,
	33.5953 26.5259,
	33.5953 26.5235,
	"/>
</Transform>

<Transform dim="3"
 xcoef=" 6.21922359863751 1.07849936863681 -0.404919448463559 0 0 0"
 ycoef=" -17.2484439697859 0.328559021086709 0.982764309635981 0 0 0">
<Contour name="d020" hidden="false" closed="true" simplified="true" border="1 0.502 0" fill="1 1 0" mode="13"
 points="44.1111 20.0082,
	44.1566 19.9173,
	44.1736 19.8719,
	44.1849 19.8492,
	44.1849 19.6674,
	44.1906 19.5765,
	44.1963 19.5311,
	44.1906 19.4857,
	44.1849 19.463,
	44.1566 19.4175,
	44.1509 19.3721,
	44.1509 19.3607,
	44.1736 19.3437,
	44.1849 19.3437,
	44.2077 19.3267,
	44.2531 19.3267,
	44.2645 19.3323,
	44.3042 19.3039,
	44.3496 19.2926,
	44.3951 19.2926,
	44.4405 19.2755,
	44.5314 19.2699,
	44.6223 19.2528,
	44.645 19.2528,
	44.7358 19.2187,
	44.7813 19.2131,
	44.8267 19.2187,
	44.8324 19.2415,
	44.821 19.2869,
	44.8324 19.3323,
	44.8892 19.4175,
	44.9233 19.463,
	44.9517 19.5538,
	44.9119 19.7356,
	44.9005 19.7583,
	44.8778 19.7753,
	44.8665 19.7867,
	44.8437 19.7924,
	44.7983 19.8208,
	44.7529 19.8378,
	44.7415 19.8492,
	44.6961 19.8548,
	44.6507 19.8832,
	44.6279 19.8889,
	44.6166 19.9003,
	44.6052 19.9003,
	44.5598 19.9287,
	44.5484 19.94,
	44.5371 19.94,
	44.5257 19.9514,
	44.503 19.9571,
	44.4916 19.9571,
	44.4803 19.9684,
	44.4689 19.9684,
	44.4235 20.0082,
	44.3326 20.0479,
	44.2417 20.0706,
	44.1963 20.0763,
	44.1509 20.0706,
	44.1282 20.0593,
	44.1111 20.0366,
	44.1111 20.0139,
	"/>
</Transform>

<Transform dim="3"
 xcoef=" 6.21922359863751 1.07849936863681 -0.404919448463559 0 0 0"
 ycoef=" -17.2484439697859 0.328559021086709 0.982764309635981 0 0 0">
<Contour name="d004_c52" hidden="false" closed="true" simplified="true" border="1 0 0" fill="1 0 0" mode="11"
 points="34.9521 7.11491,
	34.9923 7.00782,
	35.0023 6.98105,
	35.0056 6.9777,
	35.1127 7.03794,
	35.1261 7.04798,
	35.1261 7.10153,
	35.1261 7.11491,
	35.086 7.22201,
	35.0826 7.2287,
	35.0291 7.20193,
	35.0023 7.18854,
	34.9889 7.1785,
	34.9554 7.12495,
	34.9521 7.11826,
	"/>
<Contour name="d004_cfa52" hidden="false" closed="false" simplified="false" border="0 0 1" fill="0 0 1" mode="11"
 points="35.0483 7.21041,
	35.0684 7.07654,
	35.1119 7.03638,
	"/>
</Transform>

<Transform dim="3"
 xcoef=" 6.21922359863751 1.07849936863681 -0.404919448463559 0 0 0"
 ycoef=" -17.2484439697859 0.328559021086709 0.982764309635981 0 0 0">
<Contour name="d005_c20" hidden="false" closed="true" simplified="true" border="1 0 0" fill="1 0 0" mode="11"
 points="41.4454 31.1575,
	41.9404 30.91,
	41.9714 30.8945,
	41.9868 30.8868,
	42.0719 31.0105,
	42.1145 31.0724,
	42.1338 31.1034,
	42.1029 31.1188,
	41.6078 31.2967,
	41.5459 31.3199,
	41.4686 31.1962,
	41.4492 31.1652,
	41.4492 31.1614,
	"/>
</Transform>

<Transform dim="3"
 xcoef=" 6.21922359863751 1.07849936863681 -0.404919448463559 0 0 0"
 ycoef=" -17.2484439697859 0.328559021086709 0.982764309635981 0 0 0">
<Contour name="d005_cfa20" hidden="false" closed="false" simplified="false" border="0 0 1" fill="0 0 1" mode="11"
 points="42.0611 30.9895,
	41.9296 30.9817,
	41.4616 31.1867,
	"/>
</Transform>

<Transform dim="3"
 xcoef=" 6.21922359863751 1.07849936863681 -0.404919448463559 0 0 0"
 ycoef=" -17.2484439697859 0.328559021086709 0.982764309635981 0 0 0">
<Contour name="d005_c21" hidden="false" closed="true" simplified="true" border="1 0 0" fill="1 0 0" mode="11"
 points="40.5558 30.3801,
	40.8033 30.3763,
	40.8652 30.3763,
	40.873 30.3801,
	40.8614 30.6276,
	40.8536 30.7514,
	40.8652 30.9989,
	40.873 31.1227,
	40.8768 31.1536,
	40.8768 31.1614,
	40.8614 31.1691,
	40.7376 31.1885,
	40.6757 31.2001,
	40.6022 30.705,
	40.5674 30.4575,
	40.5597 30.3956,
	40.5558 30.384,
	"/>
</Transform>

<Transform dim="3"
 xcoef=" 6.21922359863751 1.07849936863681 -0.404919448463559 0 0 0"
 ycoef=" -17.2484439697859 0.328559021086709 0.982764309635981 0 0 0">
<Contour name="d005_cfa21" hidden="false" closed="false" simplified="false" border="0 0 1" fill="0 0 1" mode="11"
 points="40.8234 30.3707,
	40.7847 30.4519,
	40.7886 30.4944,
	40.7809 30.6221,
	40.7693 30.9547,
	40.8118 31.1713,
	"/>
</Transform>

<Transform dim="3"
 xcoef=" 6.21922359863751 1.07849936863681 -0.404919448463559 0 0 0"
 ycoef=" -17.2484439697859 0.328559021086709 0.982764309635981 0 0 0">
<Contour name="d006_c17" hidden="false" closed="true" simplified="true" border="1 0 0" fill="1 0 0" mode="11"
 points="39.7155 23.6571,
	39.7394 23.4021,
	39.7473 23.3384,
	39.7513 23.3224,
	39.8788 23.3543,
	39.9426 23.3742,
	39.9585 23.3782,
	39.9665 23.3822,
	39.8868 23.6372,
	39.8788 23.6691,
	39.8669 23.681,
	39.7394 23.681,
	39.7234 23.681,
	39.7155 23.6771,
	39.7155 23.6611,
	"/>
</Transform>

<Transform dim="3"
 xcoef=" 6.21922359863751 1.07849936863681 -0.404919448463559 0 0 0"
 ycoef=" -17.2484439697859 0.328559021086709 0.982764309635981 0 0 0">
<Contour name="d006_cfa17" hidden="false" closed="false" simplified="false" border="0 0 1" fill="0 0 1" mode="11"
 points="39.8443 23.6805,
	39.8603 23.553,
	39.924 23.3697,
	"/>
</Transform>

<Transform dim="3"
 xcoef=" 6.21922359863751 1.07849936863681 -0.404919448463559 0 0 0"
 ycoef=" -17.2484439697859 0.328559021086709 0.982764309635981 0 0 0">
<Contour name="d008_c21" hidden="false" closed="true" simplified="true" border="1 0 0" fill="1 0 0" mode="11"
 points="18.933 21.3481,
	19.0837 21.1512,
	19.1207 21.102,
	19.1391 21.0773,
	19.1484 21.065,
	19.2468 21.0804,
	19.296 21.0866,
	19.2991 21.1112,
	19.2899 21.1604,
	19.2622 21.2589,
	19.2406 21.3081,
	19.1791 21.4065,
	19.173 21.4188,
	19.1607 21.4281,
	19.0622 21.4527,
	19.013 21.465,
	19.0068 21.4681,
	18.9453 21.3696,
	18.9391 21.3573,
	18.9361 21.3512,
	"/>
</Transform>

<Transform dim="3"
 xcoef=" 6.21922359863751 1.07849936863681 -0.404919448463559 0 0 0"
 ycoef=" -17.2484439697859 0.328559021086709 0.982764309635981 0 0 0">
<Contour name="d008_cfa21" hidden="false" closed="false" simplified="false" border="0 0 1" fill="0 0 1" mode="11"
 points="19.1905 21.0695,
	19.1628 21.1311,
	19.1198 21.1988,
	19.0613 21.288,
	18.9536 21.3741,
	"/>
</Transform>

<Transform dim="3"
 xcoef=" 6.21922359863751 1.07849936863681 -0.404919448463559 0 0 0"
 ycoef=" -17.2484439697859 0.328559021086709 0.982764309635981 0 0 0">
<Contour name="d008_c22" hidden="false" closed="true" simplified="true" border="1 0 0" fill="1 0 0" mode="11"
 points="18.4038 21.465,
	18.4223 21.3665,
	18.4284 21.3173,
	18.4284 21.305,
	18.45 21.2896,
	18.4992 21.2681,
	18.5115 21.2619,
	18.61 21.2681,
	18.6346 21.2712,
	18.6407 21.2712,
	18.6438 21.3696,
	18.6592 21.4681,
	18.6684 21.5173,
	18.7176 21.5357,
	18.8161 21.545,
	18.8653 21.5819,
	18.8715 21.588,
	18.7946 21.6865,
	18.6961 21.6957,
	18.5977 21.6957,
	18.4992 21.665,
	18.4869 21.6619,
	18.4469 21.6127,
	18.4284 21.5634,
	18.4038 21.4681,
	"/>
</Transform>

<Transform dim="3"
 xcoef=" 6.21922359863751 1.07849936863681 -0.404919448463559 0 0 0"
 ycoef=" -17.2484439697859 0.328559021086709 0.982764309635981 0 0 0">
<Contour name="d008_cfa22" hidden="false" closed="false" simplified="false" border="0 0 1" fill="0 0 1" mode="11"
 points="18.8213 21.5495,
	18.8121 21.5556,
	18.7967 21.5679,
	18.7721 21.5741,
	18.7106 21.5895,
	18.6952 21.5926,
	18.6491 21.5926,
	18.6306 21.5772,
	18.6121 21.5679,
	18.5814 21.5403,
	18.5752 21.491,
	18.5752 21.4357,
	18.6091 21.3649,
	18.606 21.2664,
	"/>
</Transform>

<Transform dim="3"
 xcoef=" 6.21922359863751 1.07849936863681 -0.404919448463559 0 0 0"
 ycoef=" -17.2484439697859 0.328559021086709 0.982764309635981 0 0 0">
<Contour name="d009_c31" hidden="false" closed="true" simplified="true" border="1 0 0" fill="1 0 0" mode="11"
 points="7.12941 19.2731,
	7.25884 19.0364,
	7.29212 18.9773,
	7.30691 18.9477,
	7.36607 18.944,
	7.4844 18.9477,
	7.51399 18.9477,
	7.52138 18.9514,
	7.52508 19.0697,
	7.52508 19.0845,
	7.47701 19.2028,
	7.46222 19.2324,
	7.45482 19.2472,
	7.33649 19.347,
	7.27733 19.3988,
	7.15899 19.299,
	7.13311 19.2768,
	"/>
</Transform>

<Transform dim="3"
 xcoef=" 6.21922359863751 1.07849936863681 -0.404919448463559 0 0 0"
 ycoef=" -17.2484439697859 0.328559021086709 0.982764309635981 0 0 0">
<Contour name="d009_cfa31" hidden="false" closed="false" simplified="false" border="0 0 1" fill="0 0 1" mode="11"
 points="7.37385 18.9379,
	7.31468 19.0896,
	7.17786 19.3151,
	"/>
</Transform>

<Transform dim="3"
 xcoef=" 6.21922359863751 1.07849936863681 -0.404919448463559 0 0 0"
 ycoef=" -17.2484439697859 0.328559021086709 0.982764309635981 0 0 0">
<Contour name="d009_c32" hidden="false" closed="true" simplified="true" border="1 0 0" fill="1 0 0" mode="11"
 points="6.96671 18.3967,
	7.02218 18.2784,
	7.04806 18.2192,
	7.06285 18.1896,
	7.18118 18.2562,
	7.21076 18.2747,
	7.32909 18.3782,
	7.38826 18.43,
	7.41784 18.4559,
	7.44003 18.5742,
	7.44743 18.6038,
	7.32909 18.6814,
	7.3143 18.6925,
	7.07764 18.4928,
	7.01848 18.4448,
	6.98889 18.4189,
	6.9741 18.4078,
	6.96671 18.4004,
	"/>
</Transform>

<Transform dim="3"
 xcoef=" 6.21922359863751 1.07849936863681 -0.404919448463559 0 0 0"
 ycoef=" -17.2484439697859 0.328559021086709 0.982764309635981 0 0 0">
<Contour name="d009_cfa32" hidden="false" closed="false" simplified="false" border="0 0 1" fill="0 0 1" mode="11"
 points="7.34796 18.6643,
	7.31099 18.6236,
	7.20745 18.4498,
	6.98927 18.3426,
	"/>
</Transform>

<Transform dim="3"
 xcoef=" 6.21922359863751 1.07849936863681 -0.404919448463559 0 0 0"
 ycoef=" -17.2484439697859 0.328559021086709 0.982764309635981 0 0 0">
<Contour name="d011_c14" hidden="false" closed="true" simplified="true" border="1 0 0" fill="1 0 0" mode="11"
 points="10.6432 30.8127,
	10.7453 30.5948,
	10.7725 30.5404,
	10.7862 30.5131,
	10.793 30.4995,
	10.9019 30.5336,
	10.9564 30.5506,
	10.97 30.554,
	10.9768 30.6629,
	10.9802 30.6902,
	10.9768 30.7174,
	10.9292 30.8264,
	10.9189 30.84,
	10.8645 30.8706,
	10.8372 30.8876,
	10.8236 30.8945,
	10.7147 30.8468,
	10.6602 30.8264,
	10.6466 30.8196,
	10.6432 30.8161,
	"/>
</Transform>

<Transform dim="3"
 xcoef=" 6.21922359863751 1.07849936863681 -0.404919448463559 0 0 0"
 ycoef=" -17.2484439697859 0.328559021086709 0.982764309635981 0 0 0">
<Contour name="d011_cfa14" hidden="false" closed="false" simplified="false" border="0 0 1" fill="0 0 1" mode="11"
 points="10.8386 30.5111,
	10.665 30.8278,
	"/>
</Transform>

<Transform dim="3"
 xcoef=" 6.21922359863751 1.07849936863681 -0.404919448463559 0 0 0"
 ycoef=" -17.2484439697859 0.328559021086709 0.982764309635981 0 0 0">
<Contour name="d011_c15" hidden="false" closed="true" simplified="true" border="1 0 0" fill="1 0 0" mode="11"
 points="9.88391 30.5029,
	10.0235 30.285,
	10.0473 30.2612,
	10.1563 30.2067,
	10.2108 30.1795,
	10.238 30.1658,
	10.2516 30.159,
	10.3095 30.268,
	10.3367 30.3225,
	10.3435 30.3361,
	10.347 30.3429,
	10.3367 30.3531,
	10.2823 30.3701,
	10.255 30.3769,
	10.1835 30.4859,
	10.1733 30.4995,
	10.1631 30.6085,
	10.1631 30.6221,
	10.1359 30.6255,
	10.0269 30.6187,
	9.97243 30.6153,
	9.9452 30.6119,
	9.91455 30.5574,
	9.90093 30.5302,
	9.89072 30.5165,
	9.88732 30.5063,
	"/>
</Transform>

<Transform dim="3"
 xcoef=" 6.21922359863751 1.07849936863681 -0.404919448463559 0 0 0"
 ycoef=" -17.2484439697859 0.328559021086709 0.982764309635981 0 0 0">
<Contour name="d011_cfa15" hidden="false" closed="false" simplified="false" border="0 0 1" fill="0 0 1" mode="11"
 points="10.3416 30.3136,
	10.2871 30.3341,
	10.1986 30.3681,
	10.1373 30.4192,
	10.0964 30.4805,
	10.0964 30.5554,
	10.0964 30.6201,
	"/>
</Transform>

<Transform dim="3"
 xcoef=" 6.21922359863751 1.07849936863681 -0.404919448463559 0 0 0"
 ycoef=" -17.2484439697859 0.328559021086709 0.982764309635981 0 0 0">
<Contour name="d012_c29" hidden="false" closed="true" simplified="true" border="1 0 0" fill="1 0 0" mode="11"
 points="8.85538 32.414,
	8.89634 32.1955,
	8.90659 32.1409,
	9.0841 31.7039,
	9.09776 31.6766,
	9.108 31.6663,
	9.32648 31.5844,
	9.34014 31.5776,
	9.40159 31.6868,
	9.41865 31.7141,
	9.31283 31.8234,
	9.23772 31.9326,
	9.20359 31.9872,
	9.1831 32.0145,
	9.11824 32.233,
	9.12165 32.4515,
	9.11824 32.4788,
	9.009 32.4891,
	8.95438 32.4925,
	8.94072 32.4959,
	8.92707 32.4925,
	8.87245 32.4379,
	8.85879 32.4242,
	8.85538 32.4174,
	"/>
</Transform>

<Transform dim="3"
 xcoef=" 6.21922359863751 1.07849936863681 -0.404919448463559 0 0 0"
 ycoef=" -17.2484439697859 0.328559021086709 0.982764309635981 0 0 0">
<Contour name="d012_cfa29" hidden="false" closed="false" simplified="false" border="0 0 1" fill="0 0 1" mode="11"
 points="9.41202 31.6882,
	9.27205 31.777,
	9.14915 31.975,
	9.11502 32.1047,
	9.05698 32.289,
	9.06722 32.4768,
	"/>
</Transform>

<Transform dim="3"
 xcoef=" 6.21922359863751 1.07849936863681 -0.404919448463559 0 0 0"
 ycoef=" -17.2484439697859 0.328559021086709 0.982764309635981 0 0 0">
<Contour name="d012_c31" hidden="false" closed="true" simplified="true" border="1 0 0" fill="1 0 0" mode="11"
 points="8.91392 32.699,
	8.9256 32.6931,
	9.1124 32.6639,
	9.12407 32.661,
	9.17369 32.7544,
	9.19996 32.8011,
	9.21456 32.8216,
	9.30796 32.8916,
	9.35466 32.9237,
	9.37801 32.9412,
	9.38093 32.9442,
	9.28752 33.02,
	9.26417 33.0405,
	9.2525 33.0492,
	9.24666 33.0521,
	9.15326 33.0346,
	9.10656 33.0259,
	9.09489 33.023,
	9.0044 32.9296,
	8.9577 32.8829,
	8.93435 32.8595,
	8.92852 32.8537,
	8.91976 32.7603,
	8.91392 32.7136,
	8.91392 32.7019,
	"/>
</Transform>

<Transform dim="3"
 xcoef=" 6.21922359863751 1.07849936863681 -0.404919448463559 0 0 0"
 ycoef=" -17.2484439697859 0.328559021086709 0.982764309635981 0 0 0">
<Contour name="d012_cfa31" hidden="false" closed="false" simplified="false" border="0 0 1" fill="0 0 1" mode="11"
 points="9.34911 32.9597,
	9.28489 32.913,
	9.21484 32.8634,
	9.14771 32.7759,
	9.10685 32.662,
	"/>
</Transform>

<Transform dim="3"
 xcoef=" 6.21922359863751 1.07849936863681 -0.404919448463559 0 0 0"
 ycoef=" -17.2484439697859 0.328559021086709 0.982764309635981 0 0 0">
<Contour name="d012_c32" hidden="false" closed="true" simplified="true" border="1 0 0" fill="1 0 0" mode="11"
 points="9.96468 33.1076,
	10.1515 33.0405,
	10.2449 33.0054,
	10.2916 32.9879,
	10.385 33.0667,
	10.4083 33.0872,
	10.42 33.0988,
	10.3646 33.1922,
	10.3529 33.2156,
	10.3441 33.2273,
	10.2507 33.2623,
	10.239 33.2681,
	10.1456 33.274,
	10.0989 33.2769,
	10.0756 33.2798,
	9.98219 33.2711,
	9.97052 33.2681,
	9.9676 33.1747,
	9.96468 33.128,
	9.96468 33.1164,
	9.96468 33.1105,
	"/>
</Transform>

<Transform dim="3"
 xcoef=" 6.21922359863751 1.07849936863681 -0.404919448463559 0 0 0"
 ycoef=" -17.2484439697859 0.328559021086709 0.982764309635981 0 0 0">
<Contour name="d012_cfa32" hidden="false" closed="false" simplified="false" border="0 0 1" fill="0 0 1" mode="11"
 points="10.3298 33.0123,
	10.2889 33.0356,
	10.2627 33.0444,
	10.1518 33.1174,
	9.96205 33.129,
	"/>
</Transform>

<Transform dim="3"
 xcoef=" 6.21922359863751 1.07849936863681 -0.404919448463559 0 0 0"
 ycoef=" -17.2484439697859 0.328559021086709 0.982764309635981 0 0 0">
<Contour name="d015_c17" hidden="false" closed="true" simplified="true" border="1 0 0" fill="1 0 0" mode="11"
 points="15.248 29.7839,
	15.374 29.6086,
	15.4397 29.5209,
	15.4699 29.4771,
	15.4753 29.4716,
	15.563 29.5018,
	15.5849 29.51,
	15.5931 29.5182,
	15.552 29.6935,
	15.5466 29.7154,
	15.5438 29.7264,
	15.3685 29.8852,
	15.3466 29.9044,
	15.3439 29.9071,
	15.2754 29.8195,
	15.259 29.7976,
	15.2507 29.7866,
	"/>
</Transform>

<Transform dim="3"
 xcoef=" 6.21922359863751 1.07849936863681 -0.404919448463559 0 0 0"
 ycoef=" -17.2484439697859 0.328559021086709 0.982764309635981 0 0 0">
<Contour name="d015_cfa17" hidden="false" closed="false" simplified="false" border="0 0 1" fill="0 0 1" mode="11"
 points="15.524 29.4844,
	15.5103 29.5228,
	15.4473 29.6324,
	15.3843 29.731,
	15.2775 29.8104,
	"/>
</Transform>

<Transform dim="3"
 xcoef=" 6.21922359863751 1.07849936863681 -0.404919448463559 0 0 0"
 ycoef=" -17.2484439697859 0.328559021086709 0.982764309635981 0 0 0">
<Contour name="d002" hidden="false" closed="true" simplified="true" border="1 0.5 0" fill="1 1 0" mode="13"
 points="21.2016 1.04157,
	21.2198 0.983506,
	21.227 0.968989,
	21.2343 0.961731,
	21.2379 0.903664,
	21.2379 0.889147,
	21.2307 0.874631,
	21.2307 0.845597,
	21.2415 0.816564,
	21.267 0.798418,
	21.2742 0.79116,
	21.3323 0.769385,
	21.3577 0.74398,
	21.3686 0.729464,
	21.3976 0.725835,
	21.4266 0.711318,
	21.5428 0.70043,
	21.6589 0.696801,
	21.775 0.711318,
	21.8041 0.714947,
	21.8331 0.725835,
	21.8912 0.733093,
	21.9202 0.736722,
	21.9492 0.74761,
	21.9565 0.74761,
	21.9601 0.754868,
	21.9746 0.758497,
	21.9855 0.773014,
	21.9892 0.787531,
	22.0109 0.812935,
	22.04 0.871002,
	22.0509 0.885518,
	22.0617 1.00165,
	22.0654 1.05972,
	22.0545 1.17585,
	22.0509 1.19037,
	22.04 1.20489,
	22.0327 1.23392,
	22.0218 1.24844,
	21.9964 1.26658,
	21.9783 1.28473,
	21.9783 1.29199,
	21.9638 1.29924,
	21.9492 1.31376,
	21.8912 1.35368,
	21.8658 1.3682,
	21.8367 1.3936,
	21.8077 1.41175,
	21.7787 1.41538,
	21.7496 1.41175,
	21.6916 1.41901,
	21.6335 1.41901,
	21.5754 1.41175,
	21.5464 1.40449,
	21.5319 1.39723,
	21.5246 1.39723,
	21.4956 1.37909,
	21.4375 1.35731,
	21.423 1.34279,
	21.3831 1.28473,
	21.3541 1.25932,
	21.3069 1.20851,
	21.2924 1.20126,
	21.2742 1.17222,
	21.267 1.16496,
	21.2633 1.15045,
	21.2561 1.14319,
	21.2561 1.13593,
	21.2307 1.11053,
	21.2125 1.08149,
	21.2016 1.06698,
	21.2016 1.05246,
	21.2016 1.0452,
	"/>
<Contour name="d008" hidden="false" closed="true" simplified="true" border="1 0.502 0" fill="1 1 0" mode="13"
 points="18.5692 21.4297,
	18.5743 21.4026,
	18.5777 21.3891,
	18.5811 21.3823,
	18.5811 21.3789,
	18.5844 21.3756,
	18.5878 21.3637,
	18.5912 21.3603,
	18.5946 21.3468,
	18.5963 21.3198,
	18.5963 21.3063,
	18.5929 21.2927,
	18.5946 21.2792,
	18.598 21.2724,
	18.5996 21.2589,
	18.5996 21.2555,
	18.6098 21.2437,
	18.6132 21.2386,
	18.6385 21.22,
	18.6504 21.2099,
	18.6639 21.2065,
	18.6757 21.1964,
	18.6825 21.1913,
	18.6859 21.1845,
	18.7129 21.1693,
	18.74 21.1473,
	18.7619 21.1254,
	18.7687 21.1186,
	18.7805 21.1101,
	18.7856 21.1051,
	18.8127 21.0949,
	18.8245 21.0814,
	18.8329 21.073,
	18.8363 21.073,
	18.8499 21.0645,
	18.8532 21.0645,
	18.8803 21.0459,
	18.8938 21.0358,
	18.8972 21.0324,
	18.9242 21.0273,
	18.9378 21.0222,
	18.9513 21.0205,
	18.958 21.0205,
	18.9716 21.0155,
	19.0257 21.0138,
	19.0527 21.0138,
	19.0662 21.0138,
	19.0933 21.0087,
	19.1474 21.0104,
	19.1508 21.0138,
	19.1542 21.0138,
	19.1575 21.0172,
	19.1846 21.0273,
	19.1913 21.029,
	19.2049 21.0408,
	19.2133 21.0679,
	19.2116 21.0949,
	19.2116 21.0983,
	19.1998 21.1118,
	19.1981 21.1186,
	19.188 21.1321,
	19.188 21.1456,
	19.1829 21.1592,
	19.1643 21.1845,
	19.1575 21.1913,
	19.1558 21.1981,
	19.1525 21.2014,
	19.1508 21.2082,
	19.1457 21.215,
	19.1389 21.242,
	19.1254 21.2538,
	19.1102 21.2792,
	19.1017 21.2927,
	19.0984 21.2978,
	19.0747 21.3198,
	19.0679 21.3232,
	19.0646 21.3232,
	19.0612 21.3265,
	19.0476 21.3316,
	19.0358 21.3418,
	19.0324 21.3485,
	19.0257 21.3536,
	19.0121 21.357,
	19.0088 21.357,
	18.9834 21.3789,
	18.9699 21.3891,
	18.9428 21.4009,
	18.9192 21.4246,
	18.9056 21.4364,
	18.9023 21.4499,
	18.9023 21.4567,
	18.8955 21.4702,
	18.8921 21.4973,
	18.8887 21.504,
	18.8651 21.5311,
	18.8532 21.5429,
	18.8448 21.5565,
	18.8211 21.5801,
	18.8144 21.5869,
	18.7873 21.6021,
	18.7805 21.6055,
	18.7264 21.6139,
	18.7129 21.6156,
	18.6859 21.6139,
	18.6723 21.6139,
	18.6588 21.6106,
	18.6318 21.6089,
	18.6182 21.6038,
	18.5963 21.5784,
	18.5844 21.5666,
	18.5726 21.5412,
	18.5692 21.433,
	18.5692 21.4314,
	"/>
<Contour name="d009" hidden="false" closed="true" simplified="true" border="1 0.502 0" fill="1 1 0" mode="13"
 points="6.30371 18.7478,
	6.31879 18.6673,
	6.32633 18.6271,
	6.33136 18.6171,
	6.33387 18.597,
	6.34141 18.5768,
	6.35398 18.5567,
	6.35901 18.5467,
	6.35901 18.5366,
	6.36655 18.5165,
	6.37911 18.4361,
	6.37911 18.426,
	6.38917 18.4059,
	6.40928 18.3934,
	6.41933 18.3833,
	6.42436 18.3733,
	6.44446 18.3557,
	6.44949 18.3456,
	6.44949 18.3406,
	6.45703 18.3305,
	6.45954 18.3205,
	6.47211 18.3004,
	6.47965 18.2928,
	6.47965 18.2878,
	6.48971 18.2777,
	6.49473 18.2677,
	6.50479 18.2652,
	6.50981 18.2602,
	6.52992 18.2551,
	6.53998 18.2501,
	6.56008 18.2476,
	6.64051 18.2526,
	6.72094 18.2451,
	6.731 18.2426,
	6.7511 18.2451,
	6.79132 18.2426,
	6.83153 18.2451,
	6.85164 18.2501,
	6.8617 18.2501,
	6.90191 18.2627,
	6.94213 18.2878,
	6.96223 18.2979,
	6.98234 18.3004,
	7.00245 18.3079,
	7.01753 18.323,
	7.02256 18.3305,
	7.04266 18.3481,
	7.04769 18.3481,
	7.05272 18.3532,
	7.09293 18.3632,
	7.11304 18.3733,
	7.12309 18.3808,
	7.13315 18.3833,
	7.15325 18.3959,
	7.16331 18.3984,
	7.17085 18.4059,
	7.17588 18.4059,
	7.21358 18.4386,
	7.22363 18.4562,
	7.24374 18.4713,
	7.2739 18.509,
	7.27893 18.514,
	7.29401 18.5542,
	7.31914 18.5894,
	7.3292 18.6095,
	7.33171 18.6196,
	7.3493 18.6347,
	7.36187 18.6548,
	7.3669 18.6648,
	7.38449 18.6799,
	7.40209 18.7,
	7.41214 18.7201,
	7.41214 18.7402,
	7.41717 18.7603,
	7.41968 18.7704,
	7.43225 18.7905,
	7.43979 18.8307,
	7.4423 18.8709,
	7.43727 18.891,
	7.42471 18.9111,
	7.41717 18.9212,
	7.41717 18.9262,
	7.40209 18.9438,
	7.39455 18.9513,
	7.387 18.9715,
	7.38449 18.9916,
	7.38198 18.9966,
	7.387 19.0066,
	7.37192 19.0469,
	7.37192 19.0519,
	7.36438 19.0619,
	7.35684 19.082,
	7.35182 19.0871,
	7.3493 19.0971,
	7.33674 19.1147,
	7.33171 19.1348,
	7.28395 19.2102,
	7.26636 19.2504,
	7.25882 19.2605,
	7.24877 19.2655,
	7.23368 19.2856,
	7.22614 19.2957,
	7.22614 19.3007,
	7.20855 19.3183,
	7.18844 19.3309,
	7.15325 19.3686,
	7.13315 19.3811,
	7.12309 19.3912,
	7.11053 19.4088,
	7.09042 19.4239,
	7.07031 19.4314,
	7.0502 19.444,
	7.00999 19.4515,
	6.99993 19.454,
	6.98988 19.4515,
	6.98737 19.454,
	6.90694 19.439,
	6.82651 19.4188,
	6.8064 19.4113,
	6.79635 19.4063,
	6.79132 19.4013,
	6.77121 19.3962,
	6.7511 19.3862,
	6.71089 19.3786,
	6.69078 19.3761,
	6.68073 19.3711,
	6.66062 19.3686,
	6.64051 19.361,
	6.60281 19.3384,
	6.5827 19.3233,
	6.5626 19.3133,
	6.52489 19.2756,
	6.51484 19.268,
	6.50479 19.2655,
	6.43692 19.1901,
	6.42436 19.17,
	6.40676 19.1524,
	6.38163 19.1122,
	6.37157 19.1022,
	6.36655 19.082,
	6.36655 19.072,
	6.34895 19.0318,
	6.34393 19.0217,
	6.34393 19.0117,
	6.33387 18.9916,
	6.31628 18.9111,
	6.31125 18.8307,
	6.30371 18.7905,
	6.30371 18.7503,
	"/>
<Contour name="d010" hidden="false" closed="true" simplified="true" border="1 0.502 0" fill="1 1 0" mode="13"
 points="4.82312 11.3149,
	4.82875 11.2924,
	4.83156 11.2811,
	4.84563 11.2615,
	4.86252 11.1714,
	4.86252 11.1601,
	4.90473 11.1208,
	4.92724 11.1011,
	4.97226 11.0982,
	4.99477 11.0982,
	5.00603 11.0982,
	5.01728 11.1039,
	5.06231 11.1095,
	5.15235 11.1067,
	5.19738 11.1095,
	5.21989 11.1179,
	5.23114 11.1264,
	5.23677 11.1264,
	5.25928 11.1489,
	5.27054 11.1545,
	5.28461 11.177,
	5.29024 11.1995,
	5.30431 11.2192,
	5.30993 11.2418,
	5.30712 11.2643,
	5.30712 11.2755,
	5.30712 11.2811,
	5.29868 11.2896,
	5.30712 11.3346,
	5.31275 11.3571,
	5.30993 11.3796,
	5.30993 11.3909,
	5.29586 11.4359,
	5.29024 11.4584,
	5.2621 11.5035,
	5.25084 11.5147,
	5.23959 11.5203,
	5.22552 11.5428,
	5.21989 11.5541,
	5.19738 11.5738,
	5.10733 11.5879,
	5.06231 11.5822,
	5.01728 11.5682,
	4.98633 11.5231,
	4.94975 11.4809,
	4.87377 11.4106,
	4.83156 11.3684,
	4.82312 11.3459,
	4.82312 11.3234,
	4.82312 11.3177,
	"/>
<Contour name="d015" hidden="false" closed="true" simplified="true" border="1 0.502 0" fill="1 1 0" mode="13"
 points="14.592 29.5106,
	14.6019 29.4578,
	14.6085 29.4314,
	14.6118 29.4182,
	14.6349 29.3952,
	14.6481 29.3919,
	14.658 29.3655,
	14.6613 29.3391,
	14.6778 29.2863,
	14.6844 29.2599,
	14.7075 29.2071,
	14.7537 29.1576,
	14.7669 29.1444,
	14.79 29.1312,
	14.8031 29.1246,
	14.8559 29.118,
	14.9087 29.1048,
	14.9351 29.1015,
	14.9483 29.0883,
	14.9747 29.0751,
	14.9879 29.0718,
	14.9945 29.0718,
	15.0209 29.0553,
	15.0737 29.0553,
	15.1265 29.0652,
	15.232 29.0619,
	15.2584 29.0652,
	15.3112 29.1081,
	15.3244 29.1147,
	15.3739 29.1609,
	15.3772 29.1741,
	15.3937 29.1972,
	15.4102 29.25,
	15.4168 29.2632,
	15.43 29.2731,
	15.4366 29.2863,
	15.4366 29.2929,
	15.4894 29.3259,
	15.5059 29.3523,
	15.5092 29.3787,
	15.5323 29.4314,
	15.5422 29.4842,
	15.5422 29.4974,
	15.5389 29.504,
	15.5422 29.5073,
	15.5356 29.5337,
	15.5224 29.5436,
	15.5059 29.5964,
	15.4729 29.6492,
	15.4531 29.6756,
	15.4399 29.6855,
	15.4036 29.7383,
	15.3772 29.7581,
	15.3574 29.7844,
	15.3343 29.8042,
	15.3277 29.8042,
	15.3013 29.8207,
	15.2947 29.8273,
	15.2914 29.8405,
	15.2419 29.8867,
	15.2188 29.9032,
	15.2122 29.9098,
	15.1858 29.9164,
	15.1726 29.9197,
	15.1529 29.9395,
	15.1001 29.9494,
	15.0473 29.9461,
	14.9945 29.9362,
	14.9813 29.9296,
	14.9285 29.9263,
	14.9021 29.923,
	14.8757 29.9263,
	14.8691 29.9263,
	14.8163 29.8966,
	14.79 29.8834,
	14.7834 29.8834,
	14.7339 29.8405,
	14.7075 29.8207,
	14.6943 29.8141,
	14.6613 29.7614,
	14.6382 29.735,
	14.625 29.7218,
	14.6019 29.669,
	14.592 29.6162,
	14.592 29.5139,
	"/>
</Transform>

<Transform dim="1"
 xcoef=" -3.6791785487893 1 0 0 0 0"
 ycoef=" -1.37251469618691 0 1 0 0 0">
<Contour name="d009_mito03" hidden="false" closed="true" simplified="true" border="0.25098 0.501961 0.501961" fill="0.25098 0.501961 0.501961" mode="11"
 points="8.821 31.0669,
	8.82799 31.0482,
	8.83032 31.0389,
	8.84196 31.0226,
	8.84895 31.0156,
	8.85128 31.0063,
	8.88623 30.983,
	8.89555 30.976,
	8.90021 30.969,
	8.90953 30.962,
	8.92817 30.955,
	8.93749 30.955,
	8.94681 30.9504,
	8.96545 30.948,
	9.00273 30.9504,
	9.01205 30.9504,
	9.02137 30.955,
	9.04001 30.9574,
	9.04933 30.9597,
	9.0633 30.976,
	9.06796 30.983,
	9.07728 30.9923,
	9.15184 31.0156,
	9.18679 31.0436,
	9.2031 31.0552,
	9.21475 31.0715,
	9.21941 31.0808,
	9.23805 31.0972,
	9.2497 31.1135,
	9.25436 31.1321,
	9.25902 31.1414,
	9.25902 31.1461,
	9.26834 31.1531,
	9.28698 31.2276,
	9.28931 31.2369,
	9.29163 31.2416,
	9.28698 31.2509,
	9.28232 31.2556,
	9.28232 31.2742,
	9.28931 31.3115,
	9.29396 31.3301,
	9.29396 31.3395,
	9.28931 31.3441,
	9.273 31.3814,
	9.26135 31.3977,
	9.25436 31.407,
	9.25203 31.414,
	9.23805 31.4303,
	9.22174 31.442,
	9.2031 31.449,
	9.19378 31.4536,
	9.1565 31.4536,
	9.11922 31.4466,
	9.10058 31.442,
	9.09592 31.4373,
	9.05865 31.421,
	9.02137 31.4,
	9.00506 31.3861,
	8.99341 31.3698,
	8.97477 31.3604,
	8.95846 31.3418,
	8.94914 31.3232,
	8.94914 31.3185,
	8.93516 31.2999,
	8.91885 31.2626,
	8.90953 31.2439,
	8.90021 31.2067,
	8.87691 31.1694,
	8.87225 31.1601,
	8.85361 31.1461,
	8.84895 31.1368,
	8.83963 31.1274,
	8.82333 31.0902,
	8.821 31.0715,
	8.821 31.0692,
	"/>
</Transform>

<Transform dim="1"
 xcoef=" -3.6791785487893 1 0 0 0 0"
 ycoef=" -1.37251469618691 0 1 0 0 0">
<Contour name="d009_mito04" hidden="false" closed="true" simplified="true" border="0.501961 1 1" fill="0.501961 1 1" mode="11"
 points="8.85594 30.6918,
	8.8606 30.6731,
	8.8606 30.6638,
	8.86992 30.6452,
	8.8839 30.6288,
	8.90254 30.6102,
	8.91186 30.6032,
	8.94914 30.5962,
	8.98642 30.5939,
	8.99574 30.5939,
	8.99807 30.5962,
	9.0004 30.5939,
	9.03768 30.5986,
	9.05632 30.6055,
	9.12621 30.6591,
	9.1565 30.6941,
	9.16582 30.7034,
	9.17514 30.722,
	9.17747 30.7314,
	9.19145 30.7477,
	9.19145 30.757,
	9.18446 30.7756,
	9.17747 30.8502,
	9.17747 30.8548,
	9.17281 30.8595,
	9.17281 30.8688,
	9.15184 30.9061,
	9.11922 30.9364,
	9.1099 30.9411,
	9.10524 30.9457,
	9.06796 30.9504,
	9.03069 30.9387,
	9.02137 30.9341,
	9.00273 30.9154,
	8.98642 30.9014,
	8.9771 30.8945,
	8.95147 30.8572,
	8.93283 30.8502,
	8.91652 30.8362,
	8.90021 30.8176,
	8.89555 30.8082,
	8.87924 30.7896,
	8.86992 30.771,
	8.86526 30.7616,
	8.86526 30.757,
	8.8606 30.7523,
	8.85594 30.7151,
	8.85594 30.6964,
	8.85594 30.6941,
	"/>
</Transform>

<Transform dim="1"
 xcoef=" -3.6791785487893 1 0 0 0 0"
 ycoef=" -1.37251469618691 0 1 0 0 0">
<Contour name="d015_mito02" hidden="false" closed="true" simplified="true" border="0.501961 1 1" fill="0.501961 1 1" mode="11"
 points="19.1191 38.3411,
	19.1258 38.2983,
	19.1311 38.2769,
	19.1351 38.2716,
	19.1378 38.2609,
	19.1405 38.2555,
	19.1405 38.2502,
	19.1498 38.2288,
	19.1512 38.2235,
	19.1565 38.2181,
	19.1632 38.2074,
	19.1659 38.2021,
	19.1766 38.1954,
	19.1819 38.1914,
	19.2033 38.1847,
	19.2247 38.1753,
	19.2341 38.1686,
	19.2394 38.1646,
	19.2608 38.1579,
	19.2715 38.1539,
	19.2822 38.1526,
	19.3036 38.1566,
	19.309 38.1593,
	19.3197 38.1606,
	19.325 38.1646,
	19.3464 38.1713,
	19.3571 38.178,
	19.3625 38.1833,
	19.3825 38.1954,
	19.3905 38.2168,
	19.3919 38.2275,
	19.3905 38.2489,
	19.3879 38.2515,
	19.3879 38.2622,
	19.3892 38.2676,
	19.3865 38.2783,
	19.3852 38.2997,
	19.3812 38.3104,
	19.3812 38.3157,
	19.3785 38.3211,
	19.3785 38.3264,
	19.3758 38.3291,
	19.3758 38.3318,
	19.3732 38.3344,
	19.3705 38.3451,
	19.3651 38.3558,
	19.3571 38.3652,
	19.3531 38.3679,
	19.3464 38.3772,
	19.3371 38.3853,
	19.3264 38.3906,
	19.3157 38.3933,
	19.305 38.3933,
	19.2836 38.3973,
	19.2729 38.4,
	19.2675 38.4026,
	19.2648 38.4053,
	19.2221 38.42,
	19.2007 38.4214,
	19.1793 38.42,
	19.1686 38.4174,
	19.1579 38.412,
	19.1472 38.4013,
	19.1418 38.396,
	19.1311 38.3893,
	19.1231 38.3813,
	19.1191 38.3599,
	19.1191 38.3492,
	19.1191 38.3438,
	19.1191 38.3425,
	"/>
</Transform>

<Transform dim="1"
 xcoef=" -3.6791785487893 1 0 0 0 0"
 ycoef=" -1.37251469618691 0 1 0 0 0">
<Contour name="d010_mito05" hidden="false" closed="true" simplified="true" border="0.25098 0.501961 0.501961" fill="0.25098 0.501961 0.501961" mode="11"
 points="4.96523 24.7724,
	4.96984 24.7601,
	4.97137 24.754,
	4.98212 24.7433,
	4.98366 24.7402,
	4.9898 24.7386,
	5.00208 24.7294,
	5.00822 24.7264,
	5.01129 24.7233,
	5.03586 24.7141,
	5.06042 24.7125,
	5.08499 24.7141,
	5.09727 24.7187,
	5.10955 24.7294,
	5.11262 24.7294,
	5.12337 24.7371,
	5.12951 24.7386,
	5.14947 24.7571,
	5.16175 24.7694,
	5.1725 24.7786,
	5.18632 24.8031,
	5.19092 24.8154,
	5.19553 24.84,
	5.19707 24.8507,
	5.1986 24.8461,
	5.20014 24.8523,
	5.19553 24.8753,
	5.19246 24.8876,
	5.19246 24.8937,
	5.18939 24.8999,
	5.17711 24.9106,
	5.16175 24.9336,
	5.14026 24.9536,
	5.12951 24.9628,
	5.12337 24.9689,
	5.11109 24.9736,
	5.10495 24.9751,
	5.08038 24.9689,
	5.06963 24.9582,
	5.06196 24.9505,
	5.05735 24.9382,
	5.042 24.9137,
	5.03739 24.9091,
	5.03125 24.9075,
	5.02818 24.9045,
	5.0159 24.8999,
	5.00976 24.8983,
	5.00054 24.8891,
	4.98673 24.8645,
	4.98212 24.8523,
	4.98059 24.8461,
	4.97598 24.84,
	4.97137 24.8154,
	4.96677 24.8031,
	4.96523 24.7786,
	4.96523 24.774,
	"/>
</Transform>

<Transform dim="1"
 xcoef=" -3.6791785487893 1 0 0 0 0"
 ycoef=" -1.37251469618691 0 1 0 0 0">
<Contour name="d012_mito05" hidden="false" closed="true" simplified="true" border="0.501961 1 1" fill="0.501961 1 1" mode="11"
 points="16.0651 42.8511,
	16.0799 42.8037,
	16.0829 42.78,
	16.0918 42.7563,
	16.1006 42.7445,
	16.1066 42.7445,
	16.1273 42.7267,
	16.1392 42.703,
	16.1599 42.6823,
	16.2073 42.6526,
	16.2103 42.6467,
	16.2577 42.6319,
	16.2814 42.623,
	16.3761 42.6082,
	16.3998 42.5875,
	16.4443 42.5578,
	16.465 42.543,
	16.4858 42.5193,
	16.5035 42.5045,
	16.5154 42.4927,
	16.5391 42.4808,
	16.5598 42.463,
	16.5717 42.4512,
	16.5776 42.4453,
	16.5776 42.4393,
	16.6013 42.4216,
	16.625 42.4097,
	16.6694 42.3653,
	16.6753 42.3594,
	16.6872 42.3594,
	16.7346 42.3327,
	16.782 42.3386,
	16.8294 42.3594,
	16.8412 42.3682,
	16.8531 42.3919,
	16.8561 42.4156,
	16.8679 42.4393,
	16.8709 42.4453,
	16.8679 42.4482,
	16.8916 42.469,
	16.8946 42.4927,
	16.8857 42.5164,
	16.8857 42.5282,
	16.8768 42.5519,
	16.8501 42.5993,
	16.8294 42.623,
	16.8057 42.6349,
	16.7109 42.6645,
	16.699 42.6734,
	16.6961 42.6704,
	16.6724 42.6823,
	16.6605 42.6852,
	16.6131 42.7178,
	16.5894 42.7385,
	16.542 42.7622,
	16.5302 42.7682,
	16.5065 42.7889,
	16.4591 42.8126,
	16.3643 42.8452,
	16.3524 42.8482,
	16.305 42.8807,
	16.2814 42.8985,
	16.2577 42.9222,
	16.2458 42.9311,
	16.1984 42.943,
	16.151 42.9489,
	16.1273 42.9489,
	16.1036 42.943,
	16.0918 42.937,
	16.0769 42.9133,
	16.0681 42.8896,
	16.0651 42.8659,
	16.0651 42.8541,
	"/>
<Contour name="d012_mito05" hidden="false" closed="true" simplified="true" border="0.501961 1 1" fill="0.501961 1 1" mode="11"
 points="15.523 42.2201,
	15.5348 42.1727,
	15.5378 42.149,
	15.5556 42.1016,
	15.5793 42.0542,
	15.5852 42.0483,
	15.5911 42.0483,
	15.6148 42.0335,
	15.6385 42.0246,
	15.6444 42.0187,
	15.6681 42.0157,
	15.6918 42.0187,
	15.7037 42.0216,
	15.7274 42.0394,
	15.7511 42.0453,
	15.7748 42.0602,
	15.7866 42.0631,
	15.8311 42.0957,
	15.8518 42.1164,
	15.8607 42.1283,
	15.8696 42.152,
	15.8844 42.1757,
	15.8992 42.2231,
	15.8992 42.229,
	15.9081 42.2409,
	15.9199 42.2883,
	15.9288 42.312,
	15.9288 42.3179,
	15.9199 42.3297,
	15.9377 42.3771,
	15.9407 42.4008,
	15.9407 42.4127,
	15.9259 42.4364,
	15.9259 42.4423,
	15.9199 42.4482,
	15.8992 42.4956,
	15.8725 42.5401,
	15.8637 42.5519,
	15.8518 42.5578,
	15.8459 42.5578,
	15.8222 42.5727,
	15.7985 42.5786,
	15.7748 42.5904,
	15.7274 42.5875,
	15.7155 42.5815,
	15.7037 42.5815,
	15.6563 42.5608,
	15.6326 42.546,
	15.6178 42.5253,
	15.597 42.5045,
	15.5822 42.4808,
	15.5763 42.469,
	15.5763 42.4571,
	15.5615 42.4334,
	15.5556 42.4275,
	15.5408 42.3801,
	15.5348 42.3682,
	15.523 42.2734,
	15.523 42.2261,
	15.523 42.2231,
	"/>
</Transform>

<Transform dim="1"
 xcoef=" -3.6791785487893 1 0 0 0 0"
 ycoef=" -1.37251469618691 0 1 0 0 0">
<Contour name="d011_mito01" hidden="false" closed="true" simplified="true" border="0.25098 0.501961 0.501961" fill="0.25098 0.501961 0.501961" mode="11"
 points="15.9576 40.7873,
	15.9643 40.7694,
	15.9822 40.7538,
	15.9933 40.7427,
	15.9978 40.7427,
	16.0067 40.7338,
	16.0424 40.7204,
	16.0602 40.7204,
	16.0781 40.7248,
	16.087 40.7338,
	16.0914 40.7405,
	16.1004 40.7449,
	16.1271 40.7806,
	16.1427 40.7962,
	16.1405 40.8007,
	16.1517 40.8185,
	16.1561 40.8274,
	16.1494 40.8453,
	16.145 40.8475,
	16.1383 40.8653,
	16.136 40.8743,
	16.1071 40.9055,
	16.0914 40.9233,
	16.087 40.9278,
	16.0691 40.93,
	16.0513 40.9256,
	16.0424 40.9233,
	16.0067 40.8921,
	15.9911 40.8765,
	15.9844 40.8587,
	15.9688 40.8408,
	15.9621 40.8319,
	15.9576 40.7962,
	15.9576 40.7895,
	"/>
</Transform>

<Transform dim="1"
 xcoef=" -3.6791785487893 1 0 0 0 0"
 ycoef=" -1.37251469618691 0 1 0 0 0">
<Contour name="d005_mito04" hidden="false" closed="true" simplified="true" border="0 0.501961 0.25098" fill="0 0.501961 0.25098" mode="11"
 points="41.4704 32.2592,
	41.473 32.2379,
	41.477 32.2273,
	41.477 32.222,
	41.4797 32.2167,
	41.4837 32.1741,
	41.4863 32.1529,
	41.489 32.1422,
	41.5036 32.125,
	41.5076 32.1197,
	41.5116 32.117,
	41.5169 32.1117,
	41.5182 32.109,
	41.5209 32.109,
	41.5249 32.105,
	41.5302 32.1037,
	41.5395 32.0971,
	41.5501 32.0931,
	41.5528 32.0904,
	41.574 32.0851,
	41.5953 32.0878,
	41.6059 32.0904,
	41.6112 32.0904,
	41.6139 32.0931,
	41.6352 32.0997,
	41.6458 32.1037,
	41.6484 32.1064,
	41.6538 32.1064,
	41.6963 32.121,
	41.7069 32.1263,
	41.7175 32.129,
	41.7601 32.1489,
	41.7999 32.1768,
	41.8172 32.1954,
	41.8252 32.2034,
	41.8292 32.2074,
	41.8385 32.2286,
	41.8504 32.2499,
	41.8544 32.2605,
	41.8571 32.2658,
	41.8597 32.2871,
	41.8611 32.2977,
	41.8597 32.319,
	41.8571 32.3296,
	41.8571 32.3349,
	41.8478 32.3562,
	41.8411 32.3668,
	41.8411 32.3695,
	41.8265 32.3907,
	41.8159 32.4,
	41.7946 32.4146,
	41.7734 32.4239,
	41.7627 32.4266,
	41.7574 32.4279,
	41.7547 32.4306,
	41.7122 32.4505,
	41.691 32.4651,
	41.6883 32.4651,
	41.6777 32.4731,
	41.6564 32.4837,
	41.6511 32.4837,
	41.6484 32.4864,
	41.6272 32.4904,
	41.6059 32.4917,
	41.6006 32.4904,
	41.598 32.4917,
	41.5873 32.4891,
	41.582 32.4877,
	41.5767 32.4837,
	41.5714 32.4824,
	41.5501 32.4678,
	41.5289 32.4505,
	41.5142 32.4293,
	41.5049 32.408,
	41.4983 32.3655,
	41.4943 32.3442,
	41.493 32.3389,
	41.4863 32.3283,
	41.4837 32.3176,
	41.4744 32.2964,
	41.4744 32.2911,
	41.4717 32.2857,
	41.4704 32.2645,
	41.4704 32.2605,
	"/>
</Transform>

<Transform dim="1"
 xcoef=" -3.6791785487893 1 0 0 0 0"
 ycoef=" -1.37251469618691 0 1 0 0 0">
<Contour name="d006_mito02" hidden="false" closed="true" simplified="true" border="0 1 1" fill="0 1 1" mode="11"
 points="38.1789 25.7103,
	38.1863 25.6809,
	38.19 25.6662,
	38.2028 25.6368,
	38.2046 25.6295,
	38.2083 25.6258,
	38.2083 25.6221,
	38.212 25.6185,
	38.212 25.6148,
	38.2157 25.613,
	38.2212 25.5983,
	38.223 25.5928,
	38.2432 25.5707,
	38.2542 25.556,
	38.2634 25.5505,
	38.2634 25.5469,
	38.2689 25.5414,
	38.2726 25.5414,
	38.2799 25.534,
	38.2836 25.534,
	38.2964 25.523,
	38.3258 25.5065,
	38.3552 25.4955,
	38.3699 25.49,
	38.3772 25.49,
	38.3846 25.4863,
	38.4139 25.4808,
	38.4286 25.4753,
	38.4433 25.4734,
	38.4506 25.4716,
	38.4653 25.4753,
	38.4782 25.4826,
	38.4855 25.4881,
	38.4947 25.5028,
	38.4947 25.5322,
	38.4929 25.5469,
	38.491 25.5542,
	38.4818 25.5689,
	38.4763 25.5762,
	38.4763 25.5799,
	38.4561 25.6093,
	38.4451 25.624,
	38.4433 25.6313,
	38.4396 25.635,
	38.4396 25.6387,
	38.436 25.6423,
	38.4323 25.657,
	38.4286 25.6644,
	38.4286 25.6717,
	38.4176 25.7011,
	38.4103 25.7158,
	38.4066 25.7231,
	38.4029 25.7268,
	38.4029 25.7304,
	38.3992 25.7341,
	38.3992 25.7378,
	38.3809 25.7653,
	38.3533 25.7929,
	38.346 25.7984,
	38.3423 25.7984,
	38.3387 25.802,
	38.3093 25.8112,
	38.2946 25.8167,
	38.2799 25.8186,
	38.2652 25.8167,
	38.2579 25.8167,
	38.2285 25.8075,
	38.2138 25.7984,
	38.201 25.7855,
	38.1918 25.7727,
	38.1863 25.758,
	38.1826 25.7506,
	38.1789 25.7213,
	38.1789 25.7139,
	38.1789 25.7121,
	"/>
</Transform>

<Transform dim="1"
 xcoef=" -3.6791785487893 1 0 0 0 0"
 ycoef=" -1.37251469618691 0 1 0 0 0">
<Contour name="d004_mito01" hidden="false" closed="true" simplified="true" border="0.25098 0.501961 0.501961" fill="0.25098 0.501961 0.501961" mode="11"
 points="28.5109 12.6772,
	28.5204 12.6468,
	28.5299 12.6316,
	28.5433 12.6182,
	28.5509 12.6106,
	28.5813 12.5954,
	28.6118 12.584,
	28.6422 12.5783,
	28.6574 12.5764,
	28.6726 12.5783,
	28.6879 12.5764,
	28.7031 12.5821,
	28.7335 12.5859,
	28.7487 12.5954,
	28.764 12.5992,
	28.7792 12.6068,
	28.7868 12.6106,
	28.7906 12.6106,
	28.8172 12.6335,
	28.8477 12.6544,
	28.8667 12.7153,
	28.8724 12.7305,
	28.8724 12.7609,
	28.8686 12.7914,
	28.8667 12.8066,
	28.861 12.8218,
	28.8515 12.837,
	28.8458 12.8447,
	28.8306 12.8504,
	28.7697 12.8637,
	28.7621 12.8694,
	28.7468 12.8713,
	28.7316 12.8694,
	28.7164 12.8637,
	28.7126 12.8599,
	28.6822 12.8485,
	28.6517 12.8313,
	28.6365 12.8275,
	28.6232 12.8161,
	28.608 12.8104,
	28.5471 12.7609,
	28.5318 12.7495,
	28.5242 12.7438,
	28.5109 12.7134,
	28.5109 12.6829,
	28.5109 12.6791,
	"/>
</Transform>

<Transform dim="1"
 xcoef=" -3.6791785487893 1 0 0 0 0"
 ycoef=" -1.37251469618691 0 1 0 0 0">
<Contour name="d014_mito03" hidden="false" closed="true" simplified="true" border="0 0 1" fill="0 0 1" mode="11"
 points="34.2684 32.9341,
	34.2818 32.9072,
	34.3088 32.8836,
	34.3189 32.8701,
	34.3728 32.8364,
	34.3795 32.8297,
	34.3863 32.8297,
	34.4941 32.7455,
	34.5446 32.7118,
	34.5514 32.705,
	34.5581 32.705,
	34.5716 32.6949,
	34.5985 32.6983,
	34.6525 32.7185,
	34.703 32.7488,
	34.7165 32.759,
	34.7198 32.8129,
	34.7165 32.8668,
	34.7165 32.8937,
	34.7064 32.9207,
	34.703 32.9341,
	34.6828 32.9611,
	34.676 32.9746,
	34.6693 32.9813,
	34.6693 32.9881,
	34.6491 33.015,
	34.6356 33.0285,
	34.5312 33.0891,
	34.5177 33.0992,
	34.4099 33.1026,
	34.356 33.1026,
	34.329 33.0992,
	34.3054 33.0757,
	34.2684 33.0285,
	34.2684 32.9746,
	34.2684 32.9476,
	34.2684 32.9375,
	"/>
</Transform>

<Transform dim="1"
 xcoef=" -3.6791785487893 1 0 0 0 0"
 ycoef=" -1.37251469618691 0 1 0 0 0">
<Contour name="d020_c40" hidden="false" closed="true" simplified="true" border="1 0 0" fill="1 0 0" mode="11"
 points="40.0031 21.5168,
	40.0217 21.3982,
	40.0291 21.3686,
	40.0328 21.3538,
	40.1513 21.3871,
	40.1661 21.3945,
	40.1847 21.5131,
	40.2106 21.6316,
	40.2551 21.7502,
	40.2291 21.7687,
	40.1698 21.7946,
	40.1402 21.8095,
	40.1328 21.8132,
	40.1143 21.7872,
	40.0142 21.5501,
	40.0031 21.5205,
	"/>
</Transform>

<Transform dim="1"
 xcoef=" -3.6791785487893 1 0 0 0 0"
 ycoef=" -1.37251469618691 0 1 0 0 0">
<Contour name="d020_cfa40" hidden="false" closed="false" simplified="false" border="0 0 1" fill="0 0 1" mode="11"
 points="40.2024 21.7846,
	40.2098 21.7216,
	40.1394 21.5216,
	40.0764 21.366,
	"/>
</Transform>

<Transform dim="1"
 xcoef=" -3.6791785487893 1 0 0 0 0"
 ycoef=" -1.37251469618691 0 1 0 0 0">
<Contour name="d020_mito06" hidden="false" closed="true" simplified="true" border="1 1 0" fill="1 1 0" mode="11"
 points="40.2591 21.1783,
	40.2605 21.1674,
	40.2687 21.1455,
	40.2755 21.1346,
	40.2933 21.1182,
	40.2987 21.1141,
	40.3015 21.1141,
	40.3042 21.1114,
	40.3151 21.1087,
	40.3206 21.1046,
	40.326 21.1032,
	40.3479 21.0909,
	40.367 21.0732,
	40.3779 21.0636,
	40.3807 21.0609,
	40.3807 21.0581,
	40.3998 21.0377,
	40.4203 21.0199,
	40.4421 21.0131,
	40.464 21.0158,
	40.4694 21.0158,
	40.4722 21.0185,
	40.4776 21.0199,
	40.4831 21.024,
	40.4885 21.0254,
	40.4995 21.0336,
	40.5049 21.0377,
	40.5077 21.0431,
	40.5131 21.0486,
	40.52 21.0595,
	40.5227 21.0609,
	40.5227 21.0636,
	40.5268 21.0691,
	40.5459 21.1128,
	40.5514 21.1237,
	40.5555 21.1291,
	40.5555 21.1319,
	40.5582 21.1346,
	40.5609 21.1455,
	40.5677 21.1565,
	40.5759 21.1783,
	40.58 21.2002,
	40.5828 21.2056,
	40.5841 21.2275,
	40.5787 21.2493,
	40.5705 21.2602,
	40.5486 21.2753,
	40.5268 21.2821,
	40.4831 21.2862,
	40.4612 21.2862,
	40.4394 21.2835,
	40.4285 21.2835,
	40.4175 21.2794,
	40.4066 21.278,
	40.4012 21.2753,
	40.3984 21.2753,
	40.3957 21.2725,
	40.3848 21.2684,
	40.3793 21.2643,
	40.3766 21.2616,
	40.3547 21.2575,
	40.3438 21.2548,
	40.3383 21.2534,
	40.3356 21.2534,
	40.3342 21.2507,
	40.3288 21.2507,
	40.3179 21.2439,
	40.3069 21.2398,
	40.3015 21.2384,
	40.2987 21.2357,
	40.296 21.2357,
	40.2742 21.2193,
	40.2673 21.2097,
	40.2632 21.1988,
	40.2605 21.1933,
	40.2591 21.1824,
	40.2591 21.1797,
	"/>
</Transform>

<Transform dim="1"
 xcoef=" -3.6791785487893 1 0 0 0 0"
 ycoef=" -1.37251469618691 0 1 0 0 0">
<Contour name="d002_PR75" hidden="false" closed="true" simplified="false" border="0 0 1" fill="0 0 1" mode="9"
 points="15.3091 10.7434,
	15.2887 10.7231,
	15.3091 10.7027,
	15.3295 10.7231,
	"/>
</Transform>

<Transform dim="1"
 xcoef=" -3.6791785487893 1 0 0 0 0"
 ycoef=" -1.37251469618691 0 1 0 0 0">
<Contour name="d021" hidden="true" closed="true" simplified="true" border="1 0.501961 0.25098" fill="1 1 0" mode="11"
 points="9.33561 28.8584,
	9.33976 28.849,
	9.34005 28.8485,
	9.34078 28.8461,
	9.34973 28.8275,
	9.35431 28.8182,
	9.3546 28.8176,
	9.35533 28.8153,
	9.35889 28.806,
	9.36086 28.8013,
	9.36144 28.8001,
	9.36239 28.7978,
	9.36253 28.7972,
	9.3629 28.7966,
	9.36523 28.7943,
	9.36755 28.7929,
	9.36872 28.7924,
	9.37105 28.7915,
	9.37338 28.7905,
	9.3757 28.7897,
	9.37687 28.7894,
	9.38153 28.789,
	9.38269 28.7889,
	9.392 28.7895,
	9.40132 28.7904,
	9.40365 28.7906,
	9.40481 28.7907,
	9.41413 28.7904,
	9.41878 28.79,
	9.43741 28.7881,
	9.44207 28.7875,
	9.4444 28.7873,
	9.44498 28.7872,
	9.46361 28.7888,
	9.47292 28.7896,
	9.4735 28.7897,
	9.47816 28.7912,
	9.47874 28.7913,
	9.49737 28.8002,
	9.50203 28.8025,
	9.53929 28.8214,
	9.54161 28.8225,
	9.54394 28.8234,
	9.54452 28.8237,
	9.54511 28.8239,
	9.54569 28.8242,
	9.56432 28.8307,
	9.56665 28.8316,
	9.56781 28.8319,
	9.56839 28.8322,
	9.57771 28.8326,
	9.58003 28.8327,
	9.58469 28.8327,
	9.58935 28.8329,
	9.59866 28.8327,
	9.60332 28.8327,
	9.64058 28.8308,
	9.64989 28.8303,
	9.65455 28.8301,
	9.66386 28.8292,
	9.66852 28.8287,
	9.67085 28.8286,
	9.67318 28.8283,
	9.67434 28.8282,
	9.67492 28.8282,
	9.67551 28.8281,
	9.68482 28.8274,
	9.68948 28.8271,
	9.69181 28.8269,
	9.69413 28.8265,
	9.6953 28.8263,
	9.70461 28.8236,
	9.70927 28.8226,
	9.71858 28.8211,
	9.72324 28.8204,
	9.72557 28.8199,
	9.72673 28.8196,
	9.73605 28.8196,
	9.73838 28.8196,
	9.757 28.8185,
	9.75933 28.8184,
	9.7605 28.8183,
	9.76981 28.8167,
	9.77447 28.8158,
	9.77505 28.8156,
	9.78437 28.8148,
	9.78902 28.8143,
	9.79368 28.8141,
	9.80299 28.8139,
	9.80765 28.8137,
	9.81697 28.8135,
	9.82162 28.8135,
	9.82628 28.813,
	9.83094 28.8124,
	9.83326 28.8122,
	9.84258 28.8109,
	9.84724 28.8103,
	9.85189 28.8096,
	9.87052 28.8058,
	9.87518 28.8048,
	9.87751 28.8043,
	9.87984 28.8039,
	9.88216 28.8031,
	9.89148 28.8004,
	9.90079 28.798,
	9.90545 28.7966,
	9.91476 28.7945,
	9.91709 28.7941,
	9.91942 28.7935,
	9.92175 28.7928,
	9.92641 28.7909,
	9.93106 28.7901,
	9.94038 28.7888,
	9.94504 28.7878,
	9.94736 28.7872,
	9.98462 28.7842,
	9.98928 28.7838,
	9.99044 28.7838,
	9.99976 28.7823,
	10.0044 28.7815,
	10.0091 28.7809,
	10.0463 28.7773,
	10.051 28.7769,
	10.0556 28.7766,
	10.0568 28.7765,
	10.0661 28.7772,
	10.0708 28.7777,
	10.0754 28.7777,
	10.0778 28.7777,
	10.0789 28.7777,
	10.0795 28.7777,
	10.0842 28.7786,
	10.0888 28.7793,
	10.0935 28.7802,
	10.0958 28.7806,
	10.0964 28.7808,
	10.0987 28.781,
	10.1034 28.782,
	10.1045 28.7822,
	10.1139 28.783,
	10.1232 28.7863,
	10.1278 28.7878,
	10.1302 28.7885,
	10.1348 28.7902,
	10.1395 28.7923,
	10.1441 28.7945,
	10.1534 28.7986,
	10.1558 28.7997,
	10.1651 28.8037,
	10.1662 28.8042,
	10.1674 28.8046,
	10.1721 28.8065,
	10.1744 28.8075,
	10.1791 28.8097,
	10.1977 28.8193,
	10.2163 28.8314,
	10.2256 28.8372,
	10.228 28.8387,
	10.2285 28.8391,
	10.2296 28.8396,
	10.2308 28.8405,
	10.2354 28.8445,
	10.2366 28.8456,
	10.2389 28.8474,
	10.2436 28.8517,
	10.2482 28.8562,
	10.2501 28.8585,
	10.2521 28.8608,
	10.254 28.8632,
	10.255 28.8643,
	10.2616 28.8736,
	10.2621 28.8742,
	10.2629 28.8754,
	10.2648 28.8777,
	10.2652 28.8782,
	10.2697 28.8829,
	10.2719 28.8852,
	10.2739 28.8875,
	10.2761 28.8898,
	10.2785 28.8919,
	10.2808 28.8939,
	10.2819 28.895,
	10.2825 28.8956,
	10.2872 28.8985,
	10.2895 28.9,
	10.2898 28.9002,
	10.2901 28.9005,
	10.2994 28.9025,
	10.3041 28.9036,
	10.3134 28.9049,
	10.3157 28.9053,
	10.318 28.9058,
	10.3227 28.9075,
	10.3274 28.9097,
	10.3285 28.9103,
	10.3308 28.9113,
	10.332 28.912,
	10.3366 28.9166,
	10.3408 28.9212,
	10.3568 28.9399,
	10.3589 28.9422,
	10.3608 28.9445,
	10.3617 28.9457,
	10.371 28.9543,
	10.3722 28.9553,
	10.3744 28.9576,
	10.3755 28.9588,
	10.3779 28.9607,
	10.379 28.9618,
	10.3813 28.9637,
	10.386 28.9682,
	10.3906 28.9729,
	10.3948 28.9775,
	10.3957 28.9787,
	10.3962 28.9793,
	10.3963 28.9796,
	10.3966 28.9798,
	10.3982 28.9821,
	10.399 28.9833,
	10.401 28.9856,
	10.4059 28.9949,
	10.4062 28.9955,
	10.4065 28.9961,
	10.4089 29.0008,
	10.41 29.0031,
	10.4106 29.0042,
	10.411 29.0048,
	10.4143 29.0141,
	10.4151 29.0165,
	10.4161 29.0188,
	10.4206 29.0374,
	10.4228 29.0467,
	10.4238 29.0514,
	10.4241 29.052,
	10.427 29.0706,
	10.4284 29.0799,
	10.4291 29.0846,
	10.4294 29.0869,
	10.4302 29.0916,
	10.4315 29.1009,
	10.4321 29.1055,
	10.4325 29.1079,
	10.4329 29.1125,
	10.4332 29.1149,
	10.4333 29.116,
	10.4331 29.1207,
	10.4324 29.13,
	10.4323 29.1312,
	10.4313 29.1358,
	10.4308 29.1381,
	10.4283 29.1475,
	10.4281 29.148,
	10.4242 29.1574,
	10.4232 29.1597,
	10.4226 29.1608,
	10.4177 29.1795,
	10.4164 29.1841,
	10.4158 29.1865,
	10.4156 29.1876,
	10.4149 29.19,
	10.4145 29.1911,
	10.414 29.1923,
	10.4125 29.1969,
	10.4108 29.2016,
	10.4104 29.2028,
	10.4067 29.2074,
	10.4057 29.2086,
	10.4048 29.2097,
	10.4003 29.2144,
	10.398 29.2167,
	10.3968 29.2179,
	10.3945 29.2198,
	10.3939 29.2203,
	10.3846 29.226,
	10.3835 29.2267,
	10.3829 29.227,
	10.3817 29.2279,
	10.3814 29.2281,
	10.3813 29.2282,
	10.3766 29.23,
	10.3673 29.234,
	10.3487 29.2397,
	10.344 29.241,
	10.3347 29.2441,
	10.3335 29.2445,
	10.333 29.2445,
	10.3283 29.2471,
	10.3271 29.2477,
	10.3248 29.2494,
	10.3202 29.2525,
	10.3196 29.2528,
	10.3193 29.253,
	10.3146 29.257,
	10.3135 29.258,
	10.3088 29.2626,
	10.3076 29.2636,
	10.303 29.2669,
	10.3018 29.2679,
	10.2925 29.2767,
	10.2878 29.2806,
	10.2855 29.2827,
	10.2809 29.2851,
	10.2715 29.2894,
	10.2692 29.2904,
	10.2599 29.295,
	10.2576 29.296,
	10.2574 29.2962,
	10.2481 29.299,
	10.2435 29.3006,
	10.2388 29.3025,
	10.2376 29.303,
	10.233 29.3045,
	10.2306 29.3054,
	10.2295 29.3057,
	10.2248 29.3066,
	10.2225 29.307,
	10.2132 29.3064,
	10.2109 29.3062,
	10.2097 29.3061,
	10.2085 29.3063,
	10.2062 29.3065,
	10.2056 29.3065,
	10.201 29.3085,
	10.1986 29.3094,
	10.1963 29.3112,
	10.1953 29.3123,
	10.1944 29.3134,
	10.1938 29.314,
	10.1919 29.3163,
	10.1902 29.3187,
	10.1893 29.3198,
	10.1852 29.3245,
	10.1831 29.3266,
	10.1807 29.3281,
	10.1801 29.3284,
	10.1761 29.3331,
	10.1756 29.3337,
	10.1745 29.3348,
	10.1715 29.3395,
	10.1682 29.3441,
	10.1668 29.3465,
	10.1663 29.3471,
	10.1663 29.3472,
	10.1657 29.3478,
	10.1653 29.3484,
	10.165 29.3487,
	10.1647 29.3492,
	10.1644 29.3495,
	10.1616 29.3542,
	10.1602 29.3565,
	10.1596 29.3577,
	10.1593 29.358,
	10.158 29.3603,
	10.1573 29.3615,
	10.1569 29.362,
	10.1557 29.3629,
	10.1546 29.3639,
	10.1499 29.3675,
	10.1453 29.3709,
	10.143 29.3725,
	10.1383 29.374,
	10.136 29.3746,
	10.1336 29.3757,
	10.1313 29.3767,
	10.1307 29.377,
	10.1284 29.3777,
	10.1272 29.3781,
	10.1226 29.3789,
	10.1203 29.3789,
	10.1016 29.3785,
	10.097 29.3784,
	10.0946 29.3784,
	10.0923 29.3786,
	10.0912 29.3788,
	10.0888 29.3788,
	10.0882 29.3788,
	10.0836 29.3797,
	10.0813 29.38,
	10.0801 29.3802,
	10.0778 29.3813,
	10.0754 29.3823,
	10.0753 29.3824,
	10.0741 29.3828,
	10.0718 29.3837,
	10.0706 29.3843,
	10.0613 29.3882,
	10.0567 29.3902,
	10.0555 29.3907,
	10.0549 29.3909,
	10.0537 29.3915,
	10.0515 29.393,
	10.0492 29.3941,
	10.048 29.3946,
	10.0457 29.3961,
	10.041 29.3992,
	10.0404 29.3997,
	10.0358 29.4042,
	10.0337 29.4065,
	10.0258 29.4158,
	10.0239 29.4181,
	10.0234 29.4187,
	10.022 29.4211,
	10.0208 29.4234,
	10.0134 29.4327,
	10.0115 29.435,
	10.0094 29.4374,
	10.0089 29.4379,
	10.0086 29.4381,
	10.0086 29.4387,
	9.99932 29.4475,
	9.99816 29.4486,
	9.99757 29.4492,
	9.98826 29.4569,
	9.98593 29.4589,
	9.98477 29.4598,
	9.9836 29.4608,
	9.98244 29.4617,
	9.98186 29.4622,
	9.98156 29.4625,
	9.98098 29.4628,
	9.9804 29.4633,
	9.97574 29.4657,
	9.97109 29.4681,
	9.96876 29.4693,
	9.96643 29.4706,
	9.9641 29.4713,
	9.96294 29.4716,
	9.96235 29.4719,
	9.96119 29.4727,
	9.9609 29.4729,
	9.95857 29.4736,
	9.95799 29.4739,
	9.95741 29.474,
	9.95508 29.4742,
	9.95479 29.4742,
	9.95013 29.4754,
	9.94896 29.4758,
	9.9478 29.476,
	9.94314 29.4773,
	9.94198 29.4777,
	9.9414 29.478,
	9.94111 29.4781,
	9.94096 29.4781,
	9.94082 29.4783,
	9.9315 29.4801,
	9.92917 29.4806,
	9.92452 29.4812,
	9.91986 29.4821,
	9.91753 29.4825,
	9.9152 29.4827,
	9.90589 29.4853,
	9.90123 29.4867,
	9.8989 29.4875,
	9.89657 29.4882,
	9.88726 29.492,
	9.88493 29.493,
	9.8826 29.4942,
	9.88144 29.4947,
	9.87911 29.4954,
	9.87445 29.4974,
	9.86979 29.4996,
	9.86514 29.5021,
	9.86281 29.5028,
	9.86164 29.5033,
	9.85699 29.5059,
	9.85233 29.5081,
	9.84767 29.5101,
	9.84534 29.5111,
	9.84505 29.5112,
	9.83574 29.5122,
	9.83341 29.5125,
	9.83108 29.5133,
	9.82177 29.5144,
	9.82119 29.5145,
	9.81653 29.5141,
	9.81536 29.5139,
	9.81071 29.5123,
	9.80838 29.5115,
	9.80721 29.5112,
	9.80663 29.5111,
	9.80547 29.5105,
	9.80081 29.5089,
	9.79965 29.5087,
	9.79732 29.5079,
	9.79674 29.5077,
	9.79441 29.5072,
	9.79324 29.5069,
	9.78859 29.5061,
	9.78829 29.5061,
	9.78713 29.5058,
	9.78597 29.5053,
	9.78364 29.5045,
	9.78247 29.5041,
	9.78014 29.5035,
	9.77782 29.5031,
	9.77665 29.503,
	9.77199 29.5015,
	9.77083 29.501,
	9.77025 29.501,
	9.76792 29.4997,
	9.76734 29.4995,
	9.76705 29.4994,
	9.76588 29.4991,
	9.76123 29.4978,
	9.76006 29.4975,
	9.75948 29.4974,
	9.75831 29.4969,
	9.75599 29.4962,
	9.75366 29.4952,
	9.75133 29.4941,
	9.75016 29.4935,
	9.74958 29.4932,
	9.74842 29.4924,
	9.7391 29.4874,
	9.72048 29.4804,
	9.71582 29.4786,
	9.7065 29.4754,
	9.69719 29.472,
	9.69603 29.4715,
	9.6937 29.4707,
	9.68904 29.4689,
	9.68788 29.4684,
	9.67856 29.4639,
	9.6774 29.4633,
	9.67274 29.4605,
	9.67158 29.4598,
	9.65295 29.4466,
	9.65062 29.445,
	9.64945 29.4442,
	9.64713 29.4423,
	9.64596 29.4414,
	9.6448 29.4404,
	9.64422 29.4399,
	9.64363 29.4395,
	9.63432 29.4306,
	9.62973 29.426,
	9.62078 29.4167,
	9.61198 29.4074,
	9.60761 29.4028,
	9.6055 29.4005,
	9.60441 29.3993,
	9.60252 29.397,
	9.60165 29.3958,
	9.60121 29.3952,
	9.60005 29.3941,
	9.59946 29.3937,
	9.59714 29.3916,
	9.59597 29.3906,
	9.59364 29.3883,
	9.58949 29.3837,
	9.58731 29.3813,
	9.57807 29.372,
	9.57363 29.3674,
	9.57247 29.3662,
	9.57043 29.3639,
	9.56577 29.3604,
	9.56461 29.3596,
	9.56344 29.3586,
	9.55442 29.3493,
	9.55209 29.347,
	9.551 29.3458,
	9.54925 29.3435,
	9.5419 29.3342,
	9.54089 29.333,
	9.54009 29.3318,
	9.53754 29.3272,
	9.53536 29.3225,
	9.53485 29.3214,
	9.53456 29.3208,
	9.53259 29.3185,
	9.53179 29.3173,
	9.52983 29.315,
	9.5291 29.3139,
	9.52706 29.3115,
	9.52524 29.3092,
	9.52429 29.3081,
	9.52379 29.3075,
	9.52349 29.3073,
	9.52335 29.307,
	9.51942 29.3025,
	9.51716 29.3002,
	9.5152 29.2979,
	9.51425 29.2967,
	9.51316 29.2956,
	9.51302 29.2955,
	9.51302 29.2954,
	9.51272 29.2952,
	9.51272 29.295,
	9.51163 29.2939,
	9.50967 29.2916,
	9.5093 29.291,
	9.50836 29.2899,
	9.50785 29.2893,
	9.50785 29.2891,
	9.50574 29.2868,
	9.50196 29.2822,
	9.49854 29.2776,
	9.49708 29.2752,
	9.49643 29.2741,
	9.49562 29.2729,
	9.49526 29.2723,
	9.49519 29.272,
	9.49431 29.2709,
	9.49024 29.2662,
	9.4882 29.2639,
	9.48631 29.2616,
	9.48405 29.2592,
	9.48347 29.2587,
	9.47649 29.2494,
	9.47467 29.2471,
	9.46688 29.2378,
	9.46302 29.2331,
	9.46113 29.2308,
	9.45255 29.2215,
	9.45145 29.2203,
	9.44956 29.218,
	9.43123 29.1994,
	9.42679 29.1948,
	9.4257 29.1936,
	9.42511 29.193,
	9.42424 29.1918,
	9.42373 29.1913,
	9.42293 29.1901,
	9.4043 29.1715,
	9.40314 29.1703,
	9.40132 29.168,
	9.40103 29.1677,
	9.40037 29.1665,
	9.39433 29.1572,
	9.39302 29.155,
	9.39062 29.1503,
	9.38946 29.148,
	9.38771 29.1433,
	9.38735 29.1421,
	9.38669 29.1375,
	9.38633 29.1352,
	9.38618 29.134,
	9.38589 29.1328,
	9.38516 29.1282,
	9.38465 29.1189,
	9.38465 29.1177,
	9.38444 29.1154,
	9.38429 29.1142,
	9.38429 29.1049,
	9.38429 29.1026,
	9.3832 29.0839,
	9.38284 29.0793,
	9.38203 29.0746,
	9.38167 29.0723,
	9.38145 29.0537,
	9.38145 29.049,
	9.38131 29.0467,
	9.38138 29.0455,
	9.38196 29.0432,
	9.38218 29.0409,
	9.38225 29.0385,
	9.38429 29.0292,
	9.38473 29.0269,
	9.38502 29.0257,
	9.38524 29.0234,
	9.38582 29.0048,
	9.38582 29.0024,
	9.38604 28.9978,
	9.38611 28.9954,
	9.38691 28.9861,
	9.38757 28.9768,
	9.38931 28.9582,
	9.38946 28.9535,
	9.38953 28.9512,
	9.38946 28.9489,
	9.38902 28.9465,
	9.3888 28.9454,
	9.38866 28.9448,
	9.38866 28.9442,
	9.38706 28.9396,
	9.38633 28.9372,
	9.38538 28.9349,
	9.37439 28.9163,
	9.3717 28.9116,
	9.36304 28.9023,
	9.36079 28.9,
	9.35868 28.8976,
	9.34936 28.8899,
	9.34878 28.8896,
	9.34762 28.8885,
	9.34732 28.8884,
	9.34296 28.8837,
	9.34187 28.8826,
	9.33867 28.8779,
	9.33699 28.8756,
	9.33612 28.8663,
	9.3359 28.864,
	9.33568 28.8628,
	9.33561 28.8605,
	9.33561 28.8593,
	9.33561 28.8587,
	9.33561 28.8584,
	"/>
</Transform>

<Transform dim="1"
 xcoef=" -3.6791785487893 1 0 0 0 0"
 ycoef=" -1.37251469618691 0 1 0 0 0">
<Contour name="D023" comment="2019-04-03_zal" hidden="false" closed="true" simplified="true" border="0 0.502 0.753" fill="0 0.502 0.753" mode="11"
 points="8.78893 28.2975,
	8.78955 28.2823,
	8.79143 28.2672,
	8.79454 28.2521,
	8.79889 28.2372,
	8.80446 28.2225,
	8.81122 28.208,
	8.81916 28.1939,
	8.82824 28.1801,
	8.83845 28.1667,
	8.84974 28.1537,
	8.86208 28.1412,
	8.87542 28.1293,
	8.88972 28.1179,
	8.90494 28.1071,
	8.92101 28.0969,
	8.9379 28.0874,
	8.95553 28.0786,
	8.97386 28.0706,
	8.99282 28.0633,
	9.01234 28.0568,
	9.03237 28.0511,
	9.05283 28.0462,
	9.07366 28.0422,
	9.09478 28.039,
	9.11613 28.0367,
	9.13763 28.0353,
	9.15921 28.0347,
	9.1808 28.0351,
	9.20233 28.0363,
	9.22372 28.0384,
	9.2449 28.0413,
	9.26581 28.0451,
	9.28637 28.0498,
	9.30651 28.0553,
	9.32617 28.0616,
	9.34527 28.0687,
	9.36376 28.0765,
	9.38158 28.0851,
	9.39865 28.0945,
	9.41494 28.1045,
	9.43037 28.1151,
	9.44491 28.1264,
	9.4585 28.1382,
	9.47109 28.1505,
	9.48264 28.1634,
	9.49312 28.1767,
	9.50249 28.1904,
	9.51072 28.2045,
	9.51778 28.2189,
	9.52365 28.2335,
	9.5283 28.2484,
	9.53173 28.2634,
	9.53391 28.2785,
	9.53485 28.2937,
	9.53453 28.3089,
	9.53297 28.3241,
	9.53017 28.3392,
	9.52613 28.3541,
	9.52086 28.3689,
	9.5144 28.3834,
	9.50675 28.3976,
	9.49795 28.4115,
	9.48802 28.425,
	9.477 28.4381,
	9.46492 28.4507,
	9.45182 28.4628,
	9.43776 28.4744,
	9.42276 28.4853,
	9.4069 28.4957,
	9.39021 28.5053,
	9.37276 28.5143,
	9.3546 28.5225,
	9.33579 28.53,
	9.3164 28.5367,
	9.2965 28.5426,
	9.27614 28.5477,
	9.2554 28.5519,
	9.23434 28.5553,
	9.21304 28.5578,
	9.19158 28.5595,
	9.17001 28.5602,
	9.14841 28.5601,
	9.12686 28.5591,
	9.10543 28.5573,
	9.08419 28.5545,
	9.0632 28.5509,
	9.04255 28.5465,
	9.0223 28.5412,
	9.00252 28.5351,
	8.98327 28.5282,
	8.96462 28.5205,
	8.94663 28.5121,
	8.92936 28.503,
	8.91287 28.4931,
	8.89722 28.4827,
	8.88245 28.4716,
	8.86863 28.4599,
	8.85578 28.4476,
	8.84396 28.4349,
	8.83321 28.4217,
	8.82356 28.4081,
	8.81504 28.3941,
	8.80769 28.3798,
	8.80152 28.3652,
	8.79656 28.3504,
	8.79283 28.3354,
	8.79034 28.3203,
	"/>
</Transform>

<Transform dim="1"
 xcoef=" -3.6791785487893 1 0 0 0 0"
 ycoef=" -1.37251469618691 0 1 0 0 0">
<Contour name="D024" comment="2019-04-03_zal" hidden="false" closed="true" simplified="true" border="0 0.502 0.753" fill="0 0.502 0.753" mode="11"
 points="26.2372 30.7865,
	26.2416 30.7276,
	26.2547 30.6704,
	26.2762 30.6167,
	26.3053 30.5679,
	26.3413 30.5257,
	26.383 30.4911,
	26.4292 30.4653,
	26.4786 30.449,
	26.5297 30.4426,
	26.581 30.4464,
	26.6309 30.4603,
	26.6781 30.4838,
	26.721 30.5163,
	26.7585 30.5567,
	26.7894 30.6039,
	26.8129 30.6566,
	26.8281 30.713,
	26.8347 30.7717,
	26.8325 30.8308,
	26.8215 30.8885,
	26.8021 30.9433,
	26.7748 30.9934,
	26.7405 31.0374,
	26.7001 31.074,
	26.6549 31.1021,
	26.6062 31.1208,
	26.5554 31.1297,
	26.504 31.1284,
	26.4536 31.117,
	26.4056 31.0959,
	26.3615 31.0656,
	26.3225 31.027,
	26.2898 30.9814,
	26.2645 30.93,
	26.2471 30.8743,
	"/>
</Transform>

<Transform dim="1"
 xcoef=" -3.6791785487893 1 0 0 0 0"
 ycoef=" -1.37251469618691 0 1 0 0 0">
<Contour name="D021" hidden="false" closed="true" simplified="false" border="0 0 1" fill="0 0 1" mode="11"
 points="9.88004 29.0122,
	9.88004 28.969,
	9.92323 28.969,
	9.92323 28.9258,
	9.96642 28.9258,
	9.96642 28.969,
	10.0096 28.969,
	10.0096 29.0122,
	9.96642 29.0122,
	9.96642 29.0554,
	9.92323 29.0554,
	9.92323 29.0122,
	"/>
</Transform>

<Transform dim="0"
 xcoef=" 0 1 0 0 0 0"
 ycoef=" 0 0 1 0 0 0">
<Contour name="d021_p35b" comment="04-04-19 zal" hidden="false" closed="true" simplified="true" border="1 1 0" fill="1 1 0" mode="11"
 points="13.7883 31.5032,
	13.7911 31.4983,
	13.7988 31.4893,
	13.8036 31.4858,
	13.8064 31.483,
	13.812 31.481,
	13.8231 31.4803,
	13.8342 31.4817,
	13.8398 31.483,
	13.8426 31.4837,
	13.844 31.4837,
	13.8454 31.4851,
	13.8565 31.49,
	13.8669 31.4969,
	13.8697 31.4983,
	13.8704 31.4997,
	13.8732 31.5004,
	13.8739 31.5018,
	13.8753 31.5018,
	13.8794 31.5067,
	13.8829 31.5102,
	13.9017 31.5303,
	13.9045 31.5324,
	13.9045 31.5338,
	13.9059 31.5338,
	13.9149 31.5435,
	13.917 31.5463,
	13.9274 31.5533,
	13.9281 31.5547,
	13.9309 31.5554,
	13.9316 31.5567,
	13.9344 31.5567,
	13.9358 31.5574,
	13.9358 31.5588,
	13.9385 31.5616,
	13.9413 31.5623,
	13.9629 31.5769,
	13.9636 31.5783,
	13.965 31.5783,
	13.9663 31.5797,
	13.9677 31.5797,
	13.99 31.5943,
	13.9928 31.5971,
	13.9942 31.5971,
	13.9997 31.6019,
	14.0053 31.6054,
	14.0067 31.6068,
	14.0095 31.6075,
	14.0122 31.6103,
	14.015 31.6103,
	14.0199 31.6152,
	14.0255 31.6186,
	14.0282 31.6214,
	14.031 31.6221,
	14.0421 31.6305,
	14.0477 31.6346,
	14.0505 31.6374,
	14.0533 31.6388,
	14.0588 31.6437,
	14.0644 31.6471,
	14.0672 31.6485,
	14.07 31.6513,
	14.0755 31.6548,
	14.0776 31.6576,
	14.0804 31.659,
	14.0853 31.6638,
	14.0957 31.6715,
	14.0992 31.6763,
	14.1082 31.6847,
	14.1117 31.6896,
	14.1131 31.6923,
	14.1145 31.6937,
	14.1165 31.6993,
	14.1172 31.7021,
	14.1186 31.7035,
	14.1207 31.7146,
	14.1221 31.7201,
	14.1242 31.7229,
	14.1263 31.7243,
	14.1311 31.7354,
	14.1339 31.741,
	14.1353 31.7438,
	14.1367 31.7452,
	14.1367 31.7466,
	14.143 31.7577,
	14.1478 31.7799,
	14.1485 31.8244,
	14.1457 31.8356,
	14.1457 31.8384,
	14.1444 31.8397,
	14.1444 31.8425,
	14.1423 31.8481,
	14.1353 31.8578,
	14.1353 31.8592,
	14.1304 31.8634,
	14.1277 31.8641,
	14.1263 31.8655,
	14.1207 31.8676,
	14.1179 31.8683,
	14.1124 31.8717,
	14.111 31.8717,
	14.1096 31.8731,
	14.104 31.8738,
	14.1012 31.8752,
	14.079 31.8752,
	14.0679 31.8745,
	14.0623 31.8731,
	14.0609 31.8717,
	14.0581 31.871,
	14.0526 31.8676,
	14.0477 31.8655,
	14.0449 31.8641,
	14.0435 31.8627,
	14.038 31.8613,
	14.0373 31.8599,
	14.0317 31.8578,
	14.0213 31.8502,
	14.0122 31.8425,
	14.0018 31.8335,
	13.9907 31.8231,
	13.9803 31.814,
	13.9754 31.8092,
	13.974 31.8064,
	13.9712 31.8043,
	13.9705 31.8015,
	13.9615 31.7932,
	13.9524 31.7827,
	13.949 31.7793,
	13.9448 31.7744,
	13.9434 31.7716,
	13.9406 31.7695,
	13.9378 31.764,
	13.9337 31.7584,
	13.9323 31.7556,
	13.9295 31.7528,
	13.9281 31.75,
	13.9267 31.7487,
	13.926 31.7459,
	13.9232 31.7431,
	13.9218 31.7403,
	13.9205 31.7389,
	13.9198 31.7361,
	13.917 31.7334,
	13.9156 31.732,
	13.9149 31.7292,
	13.9128 31.7271,
	13.9107 31.7222,
	13.9072 31.7167,
	13.9059 31.7153,
	13.9045 31.7097,
	13.9017 31.7042,
	13.9003 31.7028,
	13.8982 31.6972,
	13.8913 31.6861,
	13.8794 31.6638,
	13.8773 31.661,
	13.876 31.6597,
	13.8711 31.6492,
	13.8648 31.6388,
	13.8502 31.6165,
	13.837 31.5964,
	13.8349 31.5915,
	13.8328 31.5887,
	13.8328 31.5873,
	13.8245 31.5769,
	13.8238 31.5741,
	13.8203 31.57,
	13.8169 31.5644,
	13.8148 31.5609,
	13.8085 31.5512,
	13.805 31.5463,
	13.8029 31.5442,
	13.8029 31.5428,
	13.8016 31.5414,
	13.8009 31.5387,
	13.7995 31.538,
	13.7988 31.5352,
	13.7953 31.5317,
	13.7939 31.5268,
	13.7911 31.5213,
	13.7883 31.5102,
	13.7883 31.5046,
	13.7883 31.5039,
	"/>
</Transform>

<Transform dim="1"
 xcoef=" 1.2 1 0 0 0 0"
 ycoef=" -0.14 0 1 0 0 0">
<Contour name="d021_cl20_asyn" hidden="false" closed="true" simplified="true" border="0 1 1" fill="1 1 0" mode="11"
 points="14.2086 30.095,
	14.2128 30.0856,
	14.2131 30.0851,
	14.2138 30.0827,
	14.2228 30.0641,
	14.2273 30.0548,
	14.2276 30.0542,
	14.2284 30.0519,
	14.2319 30.0426,
	14.2339 30.0379,
	14.2345 30.0367,
	14.2354 30.0344,
	14.2356 30.0338,
	14.2359 30.0332,
	14.2383 30.0309,
	14.2406 30.0295,
	14.2418 30.029,
	14.2441 30.0281,
	14.2464 30.0271,
	14.2487 30.0263,
	14.2499 30.026,
	14.2546 30.0256,
	14.2557 30.0255,
	14.265 30.0261,
	14.2744 30.027,
	14.2767 30.0272,
	14.2778 30.0273,
	14.2872 30.027,
	14.2918 30.0266,
	14.3104 30.0247,
	14.3151 30.0241,
	14.3174 30.0239,
	14.318 30.0238,
	14.3366 30.0254,
	14.346 30.0262,
	14.3465 30.0263,
	14.3512 30.0278,
	14.3518 30.0279,
	14.3704 30.0368,
	14.3751 30.0391,
	14.4123 30.058,
	14.4146 30.0591,
	14.417 30.06,
	14.4176 30.0603,
	14.4181 30.0605,
	14.4187 30.0608,
	14.4374 30.0673,
	14.4397 30.0682,
	14.4408 30.0685,
	14.4414 30.0688,
	14.4507 30.0692,
	14.4531 30.0693,
	14.4577 30.0693,
	14.4624 30.0695,
	14.4717 30.0693,
	14.4764 30.0693,
	14.5136 30.0674,
	14.5229 30.0669,
	14.5276 30.0667,
	14.5369 30.0658,
	14.5416 30.0653,
	14.5439 30.0652,
	14.5462 30.0649,
	14.5474 30.0648,
	14.548 30.0648,
	14.5485 30.0647,
	14.5579 30.064,
	14.5625 30.0637,
	14.5648 30.0635,
	14.5672 30.0631,
	14.5683 30.0629,
	14.5776 30.0602,
	14.5823 30.0592,
	14.5916 30.0577,
	14.5963 30.057,
	14.5986 30.0565,
	14.5998 30.0562,
	14.6091 30.0562,
	14.6114 30.0562,
	14.63 30.0551,
	14.6324 30.055,
	14.6335 30.0549,
	14.6428 30.0533,
	14.6475 30.0524,
	14.6481 30.0522,
	14.6574 30.0514,
	14.6621 30.0509,
	14.6667 30.0507,
	14.676 30.0505,
	14.6807 30.0503,
	14.69 30.0501,
	14.6947 30.0501,
	14.6993 30.0496,
	14.704 30.049,
	14.7063 30.0488,
	14.7156 30.0475,
	14.7203 30.0469,
	14.7249 30.0462,
	14.7436 30.0424,
	14.7482 30.0414,
	14.7505 30.0409,
	14.7529 30.0405,
	14.7552 30.0397,
	14.7645 30.037,
	14.7738 30.0346,
	14.7785 30.0332,
	14.7878 30.0311,
	14.7901 30.0307,
	14.7925 30.0301,
	14.7948 30.0294,
	14.7994 30.0275,
	14.8041 30.0267,
	14.8134 30.0254,
	14.8181 30.0244,
	14.8204 30.0238,
	14.8577 30.0208,
	14.8623 30.0204,
	14.8635 30.0204,
	14.8728 30.0189,
	14.8774 30.0181,
	14.8821 30.0175,
	14.9193 30.0139,
	14.924 30.0135,
	14.9286 30.0132,
	14.9298 30.0131,
	14.9391 30.0138,
	14.9438 30.0143,
	14.9484 30.0143,
	14.9508 30.0143,
	14.9519 30.0143,
	14.9525 30.0143,
	14.9572 30.0152,
	14.9618 30.0159,
	14.9665 30.0168,
	14.9688 30.0172,
	14.9694 30.0174,
	14.9717 30.0176,
	14.9764 30.0186,
	14.9775 30.0188,
	14.9869 30.0196,
	14.9962 30.0229,
	15.0008 30.0244,
	15.0032 30.0251,
	15.0078 30.0268,
	15.0125 30.0289,
	15.0171 30.0311,
	15.0264 30.0352,
	15.0288 30.0363,
	15.0381 30.0403,
	15.0392 30.0408,
	15.0404 30.0412,
	15.0451 30.0431,
	15.0474 30.0441,
	15.0521 30.0463,
	15.0707 30.0559,
	15.0893 30.068,
	15.0986 30.0738,
	15.101 30.0753,
	15.1015 30.0757,
	15.1026 30.0762,
	15.1038 30.0771,
	15.1084 30.0811,
	15.1096 30.0822,
	15.1119 30.084,
	15.1166 30.0883,
	15.1212 30.0928,
	15.1231 30.0951,
	15.1251 30.0974,
	15.127 30.0998,
	15.128 30.1009,
	15.1346 30.1102,
	15.1351 30.1108,
	15.1359 30.112,
	15.1378 30.1143,
	15.1382 30.1148,
	15.1427 30.1195,
	15.1449 30.1218,
	15.1469 30.1241,
	15.1491 30.1264,
	15.1515 30.1285,
	15.1538 30.1305,
	15.1549 30.1316,
	15.1555 30.1322,
	15.1602 30.1351,
	15.1625 30.1366,
	15.1628 30.1368,
	15.1631 30.1371,
	15.1724 30.1391,
	15.1771 30.1402,
	15.1864 30.1415,
	15.1887 30.1419,
	15.191 30.1424,
	15.1957 30.1441,
	15.2004 30.1463,
	15.2015 30.1469,
	15.2038 30.1479,
	15.205 30.1486,
	15.2096 30.1532,
	15.2138 30.1578,
	15.2298 30.1765,
	15.2319 30.1788,
	15.2338 30.1811,
	15.2347 30.1823,
	15.244 30.1909,
	15.2452 30.1919,
	15.2474 30.1942,
	15.2485 30.1954,
	15.2509 30.1973,
	15.252 30.1984,
	15.2543 30.2003,
	15.259 30.2048,
	15.2636 30.2095,
	15.2678 30.2141,
	15.2687 30.2153,
	15.2692 30.2159,
	15.2693 30.2162,
	15.2696 30.2164,
	15.2712 30.2187,
	15.272 30.2199,
	15.274 30.2222,
	15.2789 30.2315,
	15.2792 30.2321,
	15.2795 30.2327,
	15.2819 30.2374,
	15.283 30.2397,
	15.2836 30.2408,
	15.284 30.2414,
	15.2873 30.2507,
	15.2881 30.2531,
	15.2891 30.2554,
	15.2936 30.274,
	15.2958 30.2833,
	15.2968 30.288,
	15.2971 30.2886,
	15.3 30.3072,
	15.3014 30.3165,
	15.3021 30.3212,
	15.3024 30.3235,
	15.3032 30.3282,
	15.3045 30.3375,
	15.3051 30.3421,
	15.3055 30.3445,
	15.3059 30.3491,
	15.3062 30.3515,
	15.3063 30.3526,
	15.3061 30.3573,
	15.3054 30.3666,
	15.3053 30.3678,
	15.3043 30.3724,
	15.3038 30.3747,
	15.3013 30.3841,
	15.3011 30.3846,
	15.2972 30.394,
	15.2962 30.3963,
	15.2956 30.3974,
	15.2907 30.4161,
	15.2894 30.4207,
	15.2888 30.4231,
	15.2886 30.4242,
	15.2879 30.4266,
	15.2875 30.4277,
	15.287 30.4289,
	15.2855 30.4335,
	15.2838 30.4382,
	15.2834 30.4394,
	15.2797 30.444,
	15.2787 30.4452,
	15.2778 30.4463,
	15.2733 30.451,
	15.271 30.4533,
	15.2698 30.4545,
	15.2675 30.4564,
	15.2669 30.4569,
	15.2576 30.4626,
	15.2565 30.4633,
	15.2559 30.4636,
	15.2547 30.4645,
	15.2544 30.4647,
	15.2543 30.4648,
	15.2496 30.4666,
	15.2403 30.4706,
	15.2217 30.4763,
	15.217 30.4776,
	15.2077 30.4807,
	15.2065 30.4811,
	15.206 30.4811,
	15.2013 30.4837,
	15.2001 30.4843,
	15.1978 30.486,
	15.1932 30.4891,
	15.1926 30.4894,
	15.1923 30.4896,
	15.1876 30.4936,
	15.1865 30.4946,
	15.1818 30.4992,
	15.1806 30.5002,
	15.176 30.5035,
	15.1748 30.5045,
	15.1655 30.5133,
	15.1608 30.5172,
	15.1585 30.5193,
	15.1539 30.5217,
	15.1445 30.526,
	15.1422 30.527,
	15.1329 30.5316,
	15.1306 30.5326,
	15.1304 30.5328,
	15.1211 30.5356,
	15.1165 30.5372,
	15.1118 30.5391,
	15.1106 30.5396,
	15.106 30.5411,
	15.1036 30.542,
	15.1025 30.5423,
	15.0978 30.5432,
	15.0955 30.5436,
	15.0862 30.543,
	15.0839 30.5428,
	15.0827 30.5427,
	15.0815 30.5429,
	15.0792 30.5431,
	15.0786 30.5431,
	15.074 30.5451,
	15.0716 30.546,
	15.0693 30.5478,
	15.0683 30.5489,
	15.0674 30.55,
	15.0668 30.5506,
	15.0649 30.5529,
	15.0632 30.5553,
	15.0623 30.5564,
	15.0582 30.5611,
	15.0561 30.5632,
	15.0537 30.5647,
	15.0531 30.565,
	15.0491 30.5697,
	15.0486 30.5703,
	15.0475 30.5714,
	15.0445 30.5761,
	15.0412 30.5807,
	15.0398 30.5831,
	15.0393 30.5837,
	15.0393 30.5838,
	15.0387 30.5844,
	15.0383 30.585,
	15.038 30.5853,
	15.0377 30.5858,
	15.0374 30.5861,
	15.0346 30.5908,
	15.0332 30.5931,
	15.0326 30.5943,
	15.0323 30.5946,
	15.031 30.5969,
	15.0303 30.5981,
	15.0299 30.5986,
	15.0287 30.5995,
	15.0276 30.6005,
	15.0229 30.6041,
	15.0183 30.6075,
	15.016 30.6091,
	15.0113 30.6106,
	15.009 30.6112,
	15.0066 30.6123,
	15.0043 30.6133,
	15.0037 30.6136,
	15.0014 30.6143,
	15.0002 30.6147,
	14.9956 30.6155,
	14.9933 30.6155,
	14.9746 30.6151,
	14.97 30.615,
	14.9676 30.615,
	14.9653 30.6152,
	14.9642 30.6154,
	14.9618 30.6154,
	14.9612 30.6154,
	14.9566 30.6163,
	14.9543 30.6166,
	14.9531 30.6168,
	14.9508 30.6179,
	14.9484 30.6189,
	14.9483 30.619,
	14.9471 30.6194,
	14.9448 30.6203,
	14.9436 30.6209,
	14.9343 30.6248,
	14.9297 30.6268,
	14.9285 30.6273,
	14.9279 30.6275,
	14.9267 30.6281,
	14.9245 30.6296,
	14.9222 30.6307,
	14.921 30.6312,
	14.9187 30.6327,
	14.914 30.6358,
	14.9134 30.6363,
	14.9088 30.6408,
	14.9067 30.6431,
	14.8988 30.6524,
	14.8969 30.6547,
	14.8964 30.6553,
	14.895 30.6577,
	14.8938 30.66,
	14.8864 30.6693,
	14.8845 30.6716,
	14.8824 30.674,
	14.8819 30.6745,
	14.8816 30.6747,
	14.8816 30.6753,
	14.8724 30.6841,
	14.8712 30.6852,
	14.8706 30.6858,
	14.8613 30.6935,
	14.859 30.6955,
	14.8578 30.6964,
	14.8566 30.6974,
	14.8555 30.6983,
	14.8549 30.6988,
	14.8546 30.6991,
	14.854 30.6994,
	14.8534 30.6999,
	14.8488 30.7023,
	14.8441 30.7047,
	14.8418 30.7059,
	14.8395 30.7072,
	14.8371 30.7079,
	14.836 30.7082,
	14.8354 30.7085,
	14.8342 30.7093,
	14.8339 30.7095,
	14.8316 30.7102,
	14.831 30.7105,
	14.8304 30.7106,
	14.8281 30.7108,
	14.8278 30.7108,
	14.8232 30.712,
	14.822 30.7124,
	14.8208 30.7126,
	14.8162 30.7139,
	14.815 30.7143,
	14.8144 30.7146,
	14.8141 30.7147,
	14.814 30.7147,
	14.8139 30.7149,
	14.8045 30.7167,
	14.8022 30.7172,
	14.7976 30.7178,
	14.7929 30.7187,
	14.7906 30.7191,
	14.7882 30.7193,
	14.7789 30.7219,
	14.7743 30.7233,
	14.7719 30.7241,
	14.7696 30.7248,
	14.7603 30.7286,
	14.758 30.7296,
	14.7556 30.7308,
	14.7545 30.7313,
	14.7521 30.732,
	14.7475 30.734,
	14.7428 30.7362,
	14.7382 30.7387,
	14.7358 30.7394,
	14.7347 30.7399,
	14.73 30.7425,
	14.7254 30.7447,
	14.7207 30.7467,
	14.7184 30.7477,
	14.7181 30.7478,
	14.7088 30.7488,
	14.7064 30.7491,
	14.7041 30.7499,
	14.6948 30.751,
	14.6942 30.7511,
	14.6896 30.7507,
	14.6884 30.7505,
	14.6837 30.7489,
	14.6814 30.7481,
	14.6802 30.7478,
	14.6797 30.7477,
	14.6785 30.7471,
	14.6738 30.7455,
	14.6727 30.7453,
	14.6704 30.7445,
	14.6698 30.7443,
	14.6674 30.7438,
	14.6663 30.7435,
	14.6616 30.7427,
	14.6613 30.7427,
	14.6602 30.7424,
	14.659 30.7419,
	14.6567 30.7411,
	14.6555 30.7407,
	14.6532 30.7401,
	14.6509 30.7397,
	14.6497 30.7396,
	14.645 30.7381,
	14.6439 30.7376,
	14.6433 30.7376,
	14.641 30.7363,
	14.6404 30.7361,
	14.6401 30.736,
	14.6389 30.7357,
	14.6343 30.7344,
	14.6331 30.7341,
	14.6325 30.734,
	14.6313 30.7335,
	14.629 30.7328,
	14.6267 30.7318,
	14.6244 30.7307,
	14.6232 30.7301,
	14.6226 30.7298,
	14.6215 30.729,
	14.6121 30.724,
	14.5935 30.717,
	14.5889 30.7152,
	14.5795 30.712,
	14.5702 30.7086,
	14.5691 30.7081,
	14.5667 30.7073,
	14.5621 30.7055,
	14.5609 30.705,
	14.5516 30.7005,
	14.5504 30.6999,
	14.5458 30.6971,
	14.5446 30.6964,
	14.526 30.6832,
	14.5237 30.6816,
	14.5225 30.6808,
	14.5202 30.6789,
	14.519 30.678,
	14.5178 30.677,
	14.5173 30.6765,
	14.5167 30.6761,
	14.5074 30.6672,
	14.5028 30.6626,
	14.4938 30.6533,
	14.485 30.644,
	14.4806 30.6394,
	14.4785 30.6371,
	14.4774 30.6359,
	14.4756 30.6336,
	14.4747 30.6324,
	14.4742 30.6318,
	14.4731 30.6307,
	14.4725 30.6303,
	14.4702 30.6282,
	14.469 30.6272,
	14.4667 30.6249,
	14.4625 30.6203,
	14.4603 30.6179,
	14.4511 30.6086,
	14.4467 30.604,
	14.4455 30.6028,
	14.4435 30.6005,
	14.4388 30.597,
	14.4376 30.5962,
	14.4365 30.5952,
	14.4275 30.5859,
	14.4251 30.5836,
	14.424 30.5824,
	14.4223 30.5801,
	14.4149 30.5708,
	14.4139 30.5696,
	14.4131 30.5684,
	14.4106 30.5638,
	14.4084 30.5591,
	14.4079 30.558,
	14.4076 30.5574,
	14.4056 30.5551,
	14.4048 30.5539,
	14.4029 30.5516,
	14.4021 30.5505,
	14.4001 30.5481,
	14.3983 30.5458,
	14.3973 30.5447,
	14.3968 30.5441,
	14.3965 30.5439,
	14.3964 30.5436,
	14.3925 30.5391,
	14.3902 30.5368,
	14.3882 30.5345,
	14.3873 30.5333,
	14.3862 30.5322,
	14.3861 30.5321,
	14.3861 30.532,
	14.3858 30.5318,
	14.3858 30.5316,
	14.3847 30.5305,
	14.3827 30.5282,
	14.3823 30.5276,
	14.3814 30.5265,
	14.3809 30.5259,
	14.3809 30.5257,
	14.3788 30.5234,
	14.375 30.5188,
	14.3716 30.5142,
	14.3701 30.5118,
	14.3695 30.5107,
	14.3687 30.5095,
	14.3683 30.5089,
	14.3682 30.5086,
	14.3673 30.5075,
	14.3633 30.5028,
	14.3612 30.5005,
	14.3593 30.4982,
	14.3571 30.4958,
	14.3565 30.4953,
	14.3495 30.486,
	14.3477 30.4837,
	14.3399 30.4744,
	14.3361 30.4697,
	14.3342 30.4674,
	14.3256 30.4581,
	14.3245 30.4569,
	14.3226 30.4546,
	14.3043 30.436,
	14.2998 30.4314,
	14.2987 30.4302,
	14.2981 30.4296,
	14.2973 30.4284,
	14.2968 30.4279,
	14.296 30.4267,
	14.2773 30.4081,
	14.2762 30.4069,
	14.2744 30.4046,
	14.2741 30.4043,
	14.2734 30.4031,
	14.2674 30.3938,
	14.2661 30.3916,
	14.2637 30.3869,
	14.2625 30.3846,
	14.2607 30.3799,
	14.2604 30.3787,
	14.2597 30.3741,
	14.2594 30.3718,
	14.2592 30.3706,
	14.2589 30.3694,
	14.2582 30.3648,
	14.2577 30.3555,
	14.2577 30.3543,
	14.2575 30.352,
	14.2573 30.3508,
	14.2573 30.3415,
	14.2573 30.3392,
	14.2562 30.3205,
	14.2559 30.3159,
	14.2551 30.3112,
	14.2547 30.3089,
	14.2545 30.2903,
	14.2545 30.2856,
	14.2543 30.2833,
	14.2544 30.2821,
	14.255 30.2798,
	14.2552 30.2775,
	14.2553 30.2751,
	14.2573 30.2658,
	14.2578 30.2635,
	14.2581 30.2623,
	14.2583 30.26,
	14.2589 30.2414,
	14.2589 30.239,
	14.2591 30.2344,
	14.2591 30.232,
	14.2599 30.2227,
	14.2606 30.2134,
	14.2623 30.1948,
	14.2625 30.1901,
	14.2626 30.1878,
	14.2625 30.1855,
	14.2621 30.1831,
	14.2618 30.182,
	14.2617 30.1814,
	14.2617 30.1808,
	14.2601 30.1762,
	14.2594 30.1738,
	14.2584 30.1715,
	14.2474 30.1529,
	14.2447 30.1482,
	14.2361 30.1389,
	14.2338 30.1366,
	14.2317 30.1342,
	14.2224 30.1265,
	14.2218 30.1262,
	14.2207 30.1251,
	14.2204 30.125,
	14.216 30.1203,
	14.2149 30.1192,
	14.2117 30.1145,
	14.21 30.1122,
	14.2092 30.1029,
	14.2089 30.1006,
	14.2087 30.0994,
	14.2086 30.0971,
	14.2086 30.0959,
	14.2086 30.0953,
	14.2086 30.095,
	"/>
</Transform>

</Section>