<?xml version="1.0"?>
<!DOCTYPE Section SYSTEM "section.dtd">

<Section index="168" thickness="0.052" alignLocked="true">
<Transform dim="1"
 xcoef=" 10.78 1 0 0 0 0"
 ycoef=" 13.24 0 1 0 0 0">
<Image mag="0.00201646" contrast="1.1025" brightness="-0.54" red="true" green="true" blue="true"
 src="168.tif_1.bmp" />
<Contour name="domain1" hidden="false" closed="true" simplified="false" border="1 0 1" fill="1 0 1" mode="11"
 points="0 0,
	16383 0,
	16383 16383,
	0 16383,
	"/>
</Transform>

<Transform dim="1"
 xcoef=" 10.78 1 0 0 0 0"
 ycoef=" 13.24 0 1 0 0 0">
<Contour name="D058" hidden="false" closed="true" simplified="true" border="0 0 1" fill="0 0 1" mode="11"
 points="15.8253 23.566,
	15.8275 23.5463,
	15.834 23.5274,
	15.8445 23.5101,
	15.8586 23.495,
	15.8758 23.4826,
	15.8953 23.4736,
	15.9164 23.4683,
	15.9383 23.4668,
	15.9601 23.4693,
	15.9809 23.4755,
	15.9999 23.4854,
	16.0164 23.4985,
	16.0296 23.5142,
	16.0391 23.532,
	16.0446 23.5512,
	16.0457 23.5709,
	16.0424 23.5904,
	16.0349 23.609,
	16.0234 23.6259,
	16.0085 23.6403,
	15.9907 23.6519,
	15.9707 23.66,
	15.9493 23.6644,
	15.9273 23.6649,
	15.9057 23.6615,
	15.8853 23.6542,
	15.8668 23.6435,
	15.8511 23.6297,
	15.8388 23.6134,
	15.8302 23.5952,
	"/>
<Contour name="D057" hidden="false" closed="true" simplified="true" border="0 0 1" fill="0 0 1" mode="11"
 points="16.6608 22.694,
	16.662 22.6769,
	16.6654 22.6602,
	16.671 22.6441,
	16.6787 22.629,
	16.6883 22.6153,
	16.6996 22.6032,
	16.7125 22.5929,
	16.7266 22.5847,
	16.7416 22.5787,
	16.7573 22.5751,
	16.7733 22.5739,
	16.7893 22.5751,
	16.805 22.5787,
	16.82 22.5847,
	16.8341 22.5929,
	16.847 22.6032,
	16.8583 22.6153,
	16.8679 22.629,
	16.8756 22.6441,
	16.8812 22.6602,
	16.8846 22.6769,
	16.8858 22.694,
	16.8846 22.7111,
	16.8812 22.7279,
	16.8756 22.7439,
	16.8679 22.759,
	16.8583 22.7727,
	16.847 22.7848,
	16.8341 22.7951,
	16.82 22.8033,
	16.805 22.8093,
	16.7893 22.8129,
	16.7733 22.8142,
	16.7573 22.8129,
	16.7416 22.8093,
	16.7266 22.8033,
	16.7125 22.7951,
	16.6996 22.7848,
	16.6883 22.7727,
	16.6787 22.759,
	16.671 22.7439,
	16.6654 22.7279,
	16.662 22.7111,
	"/>
</Transform>

<Transform dim="1"
 xcoef=" 10.78 1 0 0 0 0"
 ycoef=" 13.24 0 1 0 0 0">
<Contour name="D046" hidden="false" closed="true" simplified="true" border="0 0 1" fill="0 0 1" mode="11"
 points="23.7768 16.4237,
	23.7776 16.409,
	23.7801 16.3945,
	23.7841 16.3805,
	23.7897 16.3673,
	23.7967 16.3551,
	23.8051 16.344,
	23.8146 16.3342,
	23.8251 16.3261,
	23.8364 16.3195,
	23.8484 16.3148,
	23.8608 16.3119,
	23.8734 16.311,
	23.886 16.3119,
	23.8984 16.3148,
	23.9104 16.3195,
	23.9217 16.3261,
	23.9322 16.3342,
	23.9417 16.344,
	23.95 16.3551,
	23.957 16.3673,
	23.9626 16.3805,
	23.9667 16.3945,
	23.9692 16.409,
	23.97 16.4237,
	23.9692 16.4384,
	23.9667 16.4528,
	23.9626 16.4668,
	23.957 16.48,
	23.95 16.4923,
	23.9417 16.5034,
	23.9322 16.5131,
	23.9217 16.5213,
	23.9104 16.5278,
	23.8984 16.5325,
	23.886 16.5354,
	23.8734 16.5364,
	23.8608 16.5354,
	23.8484 16.5325,
	23.8364 16.5278,
	23.8251 16.5213,
	23.8146 16.5131,
	23.8051 16.5034,
	23.7967 16.4923,
	23.7897 16.48,
	23.7841 16.4668,
	23.7801 16.4528,
	23.7776 16.4384,
	"/>
</Transform>

<Transform dim="0"
 xcoef=" 0 1 0 0 0 0"
 ycoef=" 0 0 1 0 0 0">
<Contour name="D059 sym cand 1" hidden="false" closed="true" simplified="false" border="0 1 1" fill="0 1 1" mode="11"
 points="4.19389 7.80562,
	4.20425 7.79526,
	4.16281 7.75382,
	4.17317 7.74346,
	4.21461 7.7849,
	4.22497 7.77454,
	4.22497 7.80562,
	"/>
</Transform>

<Transform dim="0"
 xcoef=" 0 1 0 0 0 0"
 ycoef=" 0 0 1 0 0 0">
<Contour name="D045_ASPINY_NOCANDIDATES" hidden="false" closed="true" simplified="true" border="0 0 1" fill="0 0 1" mode="11"
 points="2.54828 8.11491,
	2.5493 8.10216,
	2.55235 8.08966,
	2.55737 8.07762,
	2.56427 8.06628,
	2.57292 8.05584,
	2.58316 8.0465,
	2.59479 8.03844,
	2.6076 8.03181,
	2.62136 8.02672,
	2.6358 8.02327,
	2.65065 8.02153,
	2.66565 8.02153,
	2.6805 8.02327,
	2.69494 8.02672,
	2.7087 8.03181,
	2.72151 8.03844,
	2.73314 8.0465,
	2.74338 8.05584,
	2.75203 8.06628,
	2.75893 8.07762,
	2.76395 8.08966,
	2.767 8.10216,
	2.76802 8.11491,
	2.767 8.12765,
	2.76395 8.14016,
	2.75893 8.1522,
	2.75203 8.16354,
	2.74338 8.17397,
	2.73314 8.18331,
	2.72151 8.19137,
	2.7087 8.19801,
	2.69494 8.2031,
	2.6805 8.20654,
	2.66565 8.20828,
	2.65065 8.20828,
	2.6358 8.20654,
	2.62136 8.2031,
	2.6076 8.19801,
	2.59479 8.19137,
	2.58316 8.18331,
	2.57292 8.17397,
	2.56427 8.16354,
	2.55737 8.1522,
	2.55235 8.14016,
	2.5493 8.12765,
	"/>
</Transform>

<Transform dim="0"
 xcoef=" 0 1 0 0 0 0"
 ycoef=" 0 0 1 0 0 0">
<Contour name="D019" hidden="false" closed="true" simplified="true" border="0 0 1" fill="0 0 1" mode="11"
 points="3.2705 5.26547,
	3.27171 5.25109,
	3.2753 5.23703,
	3.28119 5.22361,
	3.28926 5.21112,
	3.29932 5.19984,
	3.31115 5.19004,
	3.32449 5.18191,
	3.33903 5.17565,
	3.35445 5.1714,
	3.37041 5.16925,
	3.38654 5.16925,
	3.4025 5.1714,
	3.41792 5.17565,
	3.43246 5.18191,
	3.4458 5.19004,
	3.45763 5.19984,
	3.46769 5.21112,
	3.47576 5.22361,
	3.48166 5.23703,
	3.48525 5.25109,
	3.48645 5.26547,
	3.48525 5.27985,
	3.48166 5.29391,
	3.47576 5.30734,
	3.46769 5.31983,
	3.45763 5.3311,
	3.4458 5.34091,
	3.43246 5.34904,
	3.41792 5.35529,
	3.4025 5.35954,
	3.38654 5.36169,
	3.37041 5.36169,
	3.35445 5.35954,
	3.33903 5.35529,
	3.32449 5.34904,
	3.31115 5.34091,
	3.29932 5.3311,
	3.28926 5.31983,
	3.28119 5.30734,
	3.2753 5.29391,
	"/>
</Transform>

<Transform dim="0"
 xcoef=" 0 1 0 0 0 0"
 ycoef=" 0 0 1 0 0 0">
<Contour name="D037" hidden="false" closed="true" simplified="true" border="0 0 1" fill="0 0 1" mode="11"
 points="10.4445 0.702397,
	10.4467 0.687781,
	10.4533 0.673636,
	10.4642 0.660415,
	10.4788 0.648543,
	10.4968 0.638402,
	10.5177 0.630318,
	10.5406 0.624551,
	10.5649 0.621285,
	10.5899 0.620627,
	10.6146 0.622597,
	10.6383 0.627131,
	10.6603 0.634085,
	10.6798 0.643234,
	10.6962 0.654285,
	10.709 0.666882,
	10.7177 0.680621,
	10.7222 0.69506,
	10.7222 0.709734,
	10.7177 0.724172,
	10.709 0.737911,
	10.6962 0.750508,
	10.6798 0.761559,
	10.6603 0.770708,
	10.6383 0.777662,
	10.6146 0.782197,
	10.5899 0.784166,
	10.5649 0.783508,
	10.5406 0.780243,
	10.5177 0.774475,
	10.4968 0.766391,
	10.4788 0.75625,
	10.4642 0.744379,
	10.4533 0.731157,
	"/>
</Transform>

<Transform dim="0"
 xcoef=" 0 1 0 0 0 0"
 ycoef=" 0 0 1 0 0 0">
<Contour name="D020" hidden="false" closed="true" simplified="true" border="0 0 1" fill="0 0 1" mode="11"
 points="9.61785 6.10565,
	9.61966 6.08005,
	9.62504 6.05525,
	9.63382 6.03202,
	9.64573 6.0111,
	9.66038 5.99312,
	9.67734 5.97867,
	9.69605 5.96818,
	9.71595 5.96199,
	9.73641 5.96028,
	9.75679 5.96312,
	9.77645 5.97041,
	9.79478 5.98193,
	9.8112 5.99731,
	9.82521 6.01607,
	9.83637 6.03764,
	9.84432 6.06133,
	9.84882 6.0864,
	9.84972 6.11208,
	9.84701 6.13755,
	9.84076 6.16203,
	9.83117 6.18475,
	9.81854 6.20499,
	9.80326 6.22213,
	9.78582 6.23563,
	9.76675 6.24507,
	9.74665 6.25016,
	9.72615 6.25073,
	9.70589 6.24676,
	9.68651 6.23839,
	9.6686 6.22587,
	9.65274 6.20959,
	9.6394 6.19007,
	9.62902 6.1679,
	9.62192 6.1438,
	"/>
</Transform>

<Transform dim="0"
 xcoef=" 0 1 0 0 0 0"
 ycoef=" 0 0 1 0 0 0">
<Contour name="D022" hidden="false" closed="true" simplified="true" border="0 0 1" fill="0 0 1" mode="11"
 points="17.9908 4.64565,
	17.9981 4.60338,
	18.0195 4.56525,
	18.0528 4.53499,
	18.0947 4.51556,
	18.1412 4.50886,
	18.1877 4.51556,
	18.2297 4.53499,
	18.263 4.56525,
	18.2844 4.60338,
	18.2917 4.64565,
	18.2844 4.68793,
	18.263 4.72606,
	18.2297 4.75632,
	18.1877 4.77575,
	18.1412 4.78245,
	18.0947 4.77575,
	18.0528 4.75632,
	18.0195 4.72606,
	"/>
</Transform>

</Section>