<?xml version="1.0"?>
<!DOCTYPE Section SYSTEM "section.dtd">

<Section index="177" thickness="0.052" alignLocked="true">
<Transform dim="1"
 xcoef=" 10.7506652172591 1 0 0 0 0"
 ycoef=" 13.3307316771571 0 1 0 0 0">
<Image mag="0.00201646" contrast="1.4071" brightness="-0.555" red="true" green="true" blue="true"
 src="177.tif_1.bmp" />
<Contour name="domain1" hidden="false" closed="true" simplified="false" border="1 0 1" fill="1 0 1" mode="11"
 points="0 0,
	16383 0,
	16383 16383,
	0 16383,
	"/>
</Transform>

<Transform dim="1"
 xcoef=" 10.7506652172591 1 0 0 0 0"
 ycoef=" 13.3307316771571 0 1 0 0 0">
<Contour name="D058" hidden="false" closed="true" simplified="true" border="0 0 1" fill="0 0 1" mode="11"
 points="16.3204 23.3612,
	16.3217 23.3441,
	16.3253 23.3274,
	16.3314 23.3114,
	16.3397 23.2966,
	16.35 23.2833,
	16.3621 23.2718,
	16.3757 23.2623,
	16.3905 23.2551,
	16.4062 23.2503,
	16.4225 23.248,
	16.4388 23.2483,
	16.4549 23.2512,
	16.4705 23.2566,
	16.485 23.2645,
	16.4983 23.2745,
	16.51 23.2865,
	16.5198 23.3002,
	16.5275 23.3153,
	16.533 23.3315,
	16.5361 23.3483,
	16.5367 23.3655,
	16.5349 23.3825,
	16.5306 23.3991,
	16.5239 23.4148,
	16.5151 23.4292,
	16.5044 23.4421,
	16.4919 23.4532,
	16.4779 23.4621,
	16.4628 23.4688,
	16.4469 23.473,
	16.4306 23.4746,
	16.4143 23.4736,
	16.3983 23.4701,
	16.383 23.464,
	16.3687 23.4556,
	16.3558 23.4451,
	16.3446 23.4326,
	16.3353 23.4185,
	16.3281 23.4031,
	16.3232 23.3867,
	"/>
</Transform>

<Transform dim="1"
 xcoef=" 10.7506652172591 1 0 0 0 0"
 ycoef=" 13.3307316771571 0 1 0 0 0">
<Contour name="D057" hidden="false" closed="true" simplified="true" border="0 0 1" fill="0 0 1" mode="11"
 points="16.5184 22.9721,
	16.519 22.9627,
	16.521 22.9534,
	16.5243 22.9442,
	16.5288 22.9354,
	16.5345 22.927,
	16.5414 22.9191,
	16.5494 22.9117,
	16.5583 22.9049,
	16.5682 22.8989,
	16.5788 22.8936,
	16.5901 22.8892,
	16.602 22.8856,
	16.6143 22.883,
	16.6269 22.8813,
	16.6397 22.8806,
	16.6525 22.8808,
	16.6652 22.882,
	16.6777 22.8842,
	16.6898 22.8873,
	16.7014 22.8913,
	16.7124 22.8961,
	16.7227 22.9018,
	16.7321 22.9082,
	16.7406 22.9153,
	16.748 22.923,
	16.7543 22.9312,
	16.7594 22.9398,
	16.7633 22.9488,
	16.766 22.958,
	16.7673 22.9674,
	16.7673 22.9768,
	16.766 22.9862,
	16.7633 22.9954,
	16.7594 23.0044,
	16.7543 23.013,
	16.748 23.0212,
	16.7406 23.0289,
	16.7321 23.036,
	16.7227 23.0424,
	16.7124 23.048,
	16.7014 23.0529,
	16.6898 23.0569,
	16.6777 23.06,
	16.6652 23.0621,
	16.6525 23.0633,
	16.6397 23.0636,
	16.6269 23.0629,
	16.6143 23.0612,
	16.602 23.0585,
	16.5901 23.055,
	16.5788 23.0505,
	16.5682 23.0453,
	16.5583 23.0393,
	16.5494 23.0325,
	16.5414 23.0251,
	16.5345 23.0172,
	16.5288 23.0087,
	16.5243 22.9999,
	16.521 22.9908,
	"/>
</Transform>

<Transform dim="1"
 xcoef=" 9.35999999999999 1 0 0 0 0"
 ycoef=" 8.74000000000001 0 1 0 0 0">
<Contour name="d057_o0#" hidden="false" closed="true" simplified="false" border="1 0 0" fill="1 0 0" mode="-13"
 points="14.9925 18.4754,
	15.0234 18.4754,
	15.008 18.5037,
	"/>
</Transform>

<Transform dim="1"
 xcoef=" 9.35999999999999 1 0 0 0 0"
 ycoef=" 8.74000000000001 0 1 0 0 0">
<Contour name="D046" hidden="false" closed="true" simplified="true" border="0 0 1" fill="0 0 1" mode="11"
 points="22.463 11.9155,
	22.4678 11.8965,
	22.4819 11.8785,
	22.5046 11.8623,
	22.5348 11.8488,
	22.5709 11.8386,
	22.6112 11.8323,
	22.6536 11.8302,
	22.696 11.8323,
	22.7362 11.8386,
	22.7724 11.8488,
	22.8026 11.8623,
	22.8253 11.8785,
	22.8393 11.8965,
	22.8441 11.9155,
	22.8393 11.9345,
	22.8253 11.9526,
	22.8026 11.9688,
	22.7724 11.9823,
	22.7362 11.9924,
	22.696 11.9988,
	22.6536 12.0009,
	22.6112 11.9988,
	22.5709 11.9924,
	22.5348 11.9823,
	22.5046 11.9688,
	22.4819 11.9526,
	"/>
</Transform>

<Transform dim="0"
 xcoef=" 0 1 0 0 0 0"
 ycoef=" 0 0 1 0 0 0">
<Contour name="D058_ax01" hidden="false" closed="true" simplified="false" border="0 1 1" fill="0 1 1" mode="11"
 points="4.65852 8.19043,
	4.67333 8.17562,
	4.61408 8.11636,
	4.62889 8.10155,
	4.68815 8.1608,
	4.70296 8.14599,
	4.70296 8.19043,
	"/>
</Transform>

<Transform dim="0"
 xcoef=" 0 1 0 0 0 0"
 ycoef=" 0 0 1 0 0 0">
<Contour name="D045_ASPINY_NOCANDIDATES" hidden="false" closed="true" simplified="true" border="0 0 1" fill="0 0 1" mode="11"
 points="2.70063 8.26621,
	2.70154 8.2522,
	2.70425 8.23843,
	2.70872 8.22512,
	2.71487 8.2125,
	2.7226 8.20078,
	2.73178 8.19015,
	2.74225 8.18081,
	2.75384 8.17289,
	2.76636 8.16654,
	2.7796 8.16185,
	2.79333 8.15892,
	2.80732 8.15778,
	2.82134 8.15847,
	2.83516 8.16095,
	2.84854 8.1652,
	2.86126 8.17115,
	2.8731 8.17869,
	2.88387 8.18769,
	2.89339 8.19801,
	2.90149 8.20948,
	2.90805 8.22189,
	2.91294 8.23505,
	2.9161 8.24873,
	2.91746 8.2627,
	2.917 8.27673,
	2.91474 8.29059,
	2.91071 8.30403,
	2.90497 8.31685,
	2.89762 8.32881,
	2.88879 8.33972,
	2.87863 8.34941,
	2.8673 8.3577,
	2.85499 8.36445,
	2.84192 8.36956,
	2.82829 8.37294,
	2.81434 8.37452,
	2.8003 8.3743,
	2.78641 8.37226,
	2.7729 8.36844,
	2.76 8.36291,
	2.74792 8.35576,
	2.73686 8.34711,
	2.72702 8.3371,
	2.71854 8.32591,
	2.71159 8.31371,
	2.70627 8.30072,
	2.70267 8.28715,
	"/>
</Transform>

<Transform dim="0"
 xcoef=" 0 1 0 0 0 0"
 ycoef=" 0 0 1 0 0 0">
<Contour name="D019" hidden="false" closed="true" simplified="true" border="0 0 1" fill="0 0 1" mode="11"
 points="3.25442 5.49636,
	3.25529 5.48196,
	3.25788 5.46775,
	3.26217 5.45391,
	3.2681 5.44065,
	3.27558 5.42812,
	3.28452 5.41649,
	3.2948 5.40593,
	3.30628 5.39657,
	3.31881 5.38853,
	3.33222 5.38193,
	3.34634 5.37684,
	3.36098 5.37334,
	3.37594 5.37148,
	3.39103 5.37127,
	3.40604 5.37272,
	3.42078 5.37582,
	3.43504 5.38051,
	3.44865 5.38674,
	3.46142 5.39443,
	3.47318 5.40347,
	3.48377 5.41375,
	3.49306 5.42512,
	3.50091 5.43744,
	3.50723 5.45054,
	3.51194 5.46424,
	3.51496 5.47838,
	3.51626 5.49275,
	3.51583 5.50717,
	3.51366 5.52145,
	3.50979 5.53539,
	3.50427 5.54882,
	3.49717 5.56155,
	3.48858 5.57341,
	3.47863 5.58425,
	3.46743 5.59393,
	3.45515 5.60231,
	3.44194 5.60928,
	3.42798 5.61475,
	3.41345 5.61865,
	3.39856 5.62093,
	3.38348 5.62155,
	3.36843 5.62051,
	3.35361 5.61783,
	3.3392 5.61353,
	3.32541 5.60767,
	3.31242 5.60034,
	3.30039 5.59163,
	3.2895 5.58165,
	3.27987 5.57054,
	3.27165 5.55844,
	3.26493 5.54552,
	3.25982 5.53195,
	3.25637 5.5179,
	"/>
</Transform>

<Transform dim="0"
 xcoef=" 0 1 0 0 0 0"
 ycoef=" 0 0 1 0 0 0">
<Contour name="D037" hidden="false" closed="true" simplified="true" border="0 0 1" fill="0 0 1" mode="11"
 points="10.0285 0.248403,
	10.0302 0.234155,
	10.0351 0.220327,
	10.0432 0.207329,
	10.0542 0.195546,
	10.0678 0.185325,
	10.0835 0.176969,
	10.101 0.170724,
	10.1196 0.166775,
	10.1389 0.165239,
	10.1582 0.166162,
	10.1771 0.169515,
	10.1949 0.175201,
	10.2111 0.18305,
	10.2253 0.192832,
	10.2369 0.204255,
	10.2458 0.216984,
	10.2515 0.230642,
	10.254 0.244825,
	10.2532 0.259113,
	10.249 0.273085,
	10.2417 0.286327,
	10.2314 0.298449,
	10.2185 0.309091,
	10.2032 0.317939,
	10.1862 0.324731,
	10.1678 0.329268,
	10.1486 0.331414,
	10.1292 0.331106,
	10.1102 0.328354,
	10.0921 0.323238,
	10.0754 0.31591,
	10.0607 0.306587,
	10.0484 0.295544,
	10.0388 0.283107,
	10.0322 0.269645,
	"/>
</Transform>

<Transform dim="0"
 xcoef=" 0 1 0 0 0 0"
 ycoef=" 0 0 1 0 0 0">
<Contour name="D020" hidden="false" closed="true" simplified="true" border="0 0 1" fill="0 0 1" mode="11"
 points="9.53978 5.95281,
	9.54082 5.93609,
	9.54392 5.91958,
	9.54904 5.90347,
	9.55613 5.88798,
	9.56509 5.87328,
	9.57581 5.85957,
	9.58816 5.84701,
	9.602 5.83576,
	9.61713 5.82595,
	9.63339 5.81771,
	9.65057 5.81114,
	9.66846 5.80632,
	9.68683 5.80331,
	9.70546 5.80215,
	9.72411 5.80285,
	9.74257 5.8054,
	9.7606 5.80977,
	9.77797 5.81591,
	9.79448 5.82374,
	9.80992 5.83317,
	9.82409 5.84407,
	9.83683 5.85632,
	9.84797 5.86975,
	9.85739 5.88422,
	9.86495 5.89953,
	9.87057 5.9155,
	9.87418 5.93193,
	9.87574 5.94862,
	9.87522 5.96537,
	9.87263 5.98195,
	9.86801 5.99818,
	9.86141 6.01384,
	9.8529 6.02876,
	9.84261 6.04273,
	9.83065 6.05559,
	9.81717 6.06719,
	9.80234 6.07737,
	9.78635 6.08601,
	9.76938 6.093,
	9.75165 6.09827,
	9.73338 6.10173,
	9.7148 6.10336,
	9.69612 6.10313,
	9.67759 6.10104,
	9.65944 6.09712,
	9.64188 6.09141,
	9.62514 6.084,
	9.60941 6.07496,
	9.59491 6.06441,
	9.58179 6.05249,
	9.57024 6.03933,
	9.56038 6.02511,
	9.55234 6.00999,
	9.54623 5.99417,
	9.54211 5.97783,
	"/>
</Transform>

<Transform dim="0"
 xcoef=" 0 1 0 0 0 0"
 ycoef=" 0 0 1 0 0 0">
<Contour name="D022" hidden="false" closed="true" simplified="true" border="0 0 1" fill="0 0 1" mode="11"
 points="18.0527 4.04128,
	18.0582 4.00039,
	18.0743 3.96297,
	18.0995 3.93219,
	18.1318 3.91066,
	18.1684 3.90021,
	18.2062 3.90172,
	18.242 3.91506,
	18.2727 3.93911,
	18.2958 3.97182,
	18.3093 4.01042,
	18.3121 4.05164,
	18.3039 4.09198,
	18.2854 4.12803,
	18.2581 4.15671,
	18.2245 4.17561,
	18.1873 4.18312,
	18.1497 4.1786,
	18.1149 4.16243,
	18.0859 4.136,
	18.065 4.10153,
	"/>
</Transform>

</Section>