<?xml version="1.0"?>
<!DOCTYPE Section SYSTEM "section.dtd">

<Section index="157" thickness="0.052" alignLocked="true">
<Transform dim="1"
 xcoef=" 0.33942397650412 1 0 0 0 0"
 ycoef=" 0.940859729870098 0 1 0 0 0">
<Contour name="D052 " hidden="false" closed="true" simplified="true" border="0 0 1" fill="0 0 1" mode="13"
 points="6.1606 -0.884038,
	6.16234 -0.900198,
	6.16752 -0.915839,
	6.17597 -0.930458,
	6.18742 -0.943585,
	6.20149 -0.954798,
	6.21774 -0.963736,
	6.23564 -0.970113,
	6.25463 -0.973724,
	6.27408 -0.974452,
	6.29337 -0.972274,
	6.31189 -0.96726,
	6.32904 -0.959571,
	6.34426 -0.949455,
	6.35707 -0.937235,
	6.36706 -0.923307,
	6.3739 -0.908115,
	6.37737 -0.892151,
	6.37737 -0.875925,
	6.3739 -0.85996,
	6.36706 -0.844769,
	6.35707 -0.83084,
	6.34426 -0.818621,
	6.32904 -0.808504,
	6.31189 -0.800815,
	6.29337 -0.795801,
	6.27408 -0.793623,
	6.25463 -0.794351,
	6.23564 -0.797962,
	6.21774 -0.804339,
	6.20149 -0.813278,
	6.18742 -0.824491,
	6.17597 -0.837618,
	6.16752 -0.852236,
	"/>
</Transform>

<Transform dim="1"
 xcoef=" 0.33942397650412 1 0 0 0 0"
 ycoef=" 0.940859729870098 0 1 0 0 0">
<Contour name="D054" hidden="false" closed="true" simplified="true" border="0 0 1" fill="0 0 1" mode="13"
 points="1.52137 0.530169,
	1.52189 0.521983,
	1.52342 0.513885,
	1.52596 0.505963,
	1.52948 0.498302,
	1.53393 0.490984,
	1.53928 0.484088,
	1.54546 0.477689,
	1.55241 0.471855,
	1.56005 0.46665,
	1.5683 0.462129,
	1.57707 0.458342,
	1.58627 0.455328,
	1.59579 0.453121,
	1.60555 0.451744,
	1.61541 0.451213,
	1.6253 0.451532,
	1.63509 0.452698,
	1.64468 0.4547,
	1.65397 0.457514,
	1.66286 0.461112,
	1.67124 0.465454,
	1.67905 0.470493,
	1.68617 0.476175,
	1.69255 0.482439,
	1.69811 0.489217,
	1.7028 0.496437,
	1.70655 0.50402,
	1.70934 0.511885,
	1.71113 0.519947,
	1.7119 0.528119,
	1.71164 0.536313,
	1.71036 0.544441,
	1.70807 0.552416,
	1.70479 0.56015,
	1.70057 0.567561,
	1.69544 0.57457,
	1.68946 0.5811,
	1.6827 0.587081,
	1.67522 0.592449,
	1.66712 0.597146,
	1.65847 0.601121,
	1.64937 0.604331,
	1.63991 0.606742,
	1.63021 0.608329,
	1.62036 0.609072,
	1.61047 0.608966,
	1.60065 0.60801,
	1.591 0.606216,
	1.58162 0.603602,
	1.57263 0.600197,
	1.5641 0.596037,
	1.55615 0.591168,
	1.54884 0.585641,
	1.54227 0.579516,
	1.5365 0.57286,
	1.53159 0.565743,
	1.5276 0.558244,
	1.52457 0.550441,
	1.52253 0.54242,
	"/>
</Transform>

<Transform dim="1"
 xcoef=" 0.33942397650412 1 0 0 0 0"
 ycoef=" 0.940859729870098 0 1 0 0 0">
<Contour name="D019" hidden="false" closed="true" simplified="true" border="0 0 1" fill="0 0 1" mode="13"
 points="4.04171 5.40794,
	4.04403 5.39144,
	4.0509 5.37551,
	4.06208 5.36068,
	4.0772 5.34746,
	4.09574 5.3363,
	4.11708 5.32758,
	4.14047 5.3216,
	4.16514 5.31855,
	4.19023 5.31855,
	4.21489 5.3216,
	4.23829 5.32758,
	4.25962 5.3363,
	4.27816 5.34746,
	4.29328 5.36068,
	4.30447 5.37551,
	4.31133 5.39144,
	4.31365 5.40794,
	4.31133 5.42443,
	4.30447 5.44036,
	4.29328 5.45519,
	4.27816 5.46841,
	4.25962 5.47957,
	4.23829 5.48829,
	4.21489 5.49428,
	4.19023 5.49732,
	4.16514 5.49732,
	4.14047 5.49428,
	4.11708 5.48829,
	4.09574 5.47957,
	4.0772 5.46841,
	4.06208 5.45519,
	4.0509 5.44036,
	4.04403 5.42443,
	"/>
</Transform>

<Transform dim="1"
 xcoef=" 0.33942397650412 1 0 0 0 0"
 ycoef=" 0.940859729870098 0 1 0 0 0">
<Contour name="D023" hidden="false" closed="true" simplified="true" border="0 0 1" fill="0 0 1" mode="13"
 points="8.03467 1.72143,
	8.03727 1.70007,
	8.04496 1.67948,
	8.05747 1.66041,
	8.07436 1.64355,
	8.09499 1.62949,
	8.11864 1.61877,
	8.14445 1.61175,
	8.17148 1.6087,
	8.19876 1.60972,
	8.2253 1.61477,
	8.25014 1.62369,
	8.27238 1.63613,
	8.29123 1.65166,
	8.30599 1.66971,
	8.31614 1.68963,
	8.32131 1.7107,
	8.32131 1.73216,
	8.31614 1.75323,
	8.30599 1.77315,
	8.29123 1.7912,
	8.27238 1.80673,
	8.25014 1.81917,
	8.2253 1.82809,
	8.19876 1.83315,
	8.17148 1.83417,
	8.14445 1.83111,
	8.11864 1.8241,
	8.09499 1.81337,
	8.07436 1.79932,
	8.05747 1.78245,
	8.04496 1.76338,
	"/>
</Transform>

<Transform dim="1"
 xcoef=" 0.33942397650412 1 0 0 0 0"
 ycoef=" 0.940859729870098 0 1 0 0 0">
<Contour name="D021" hidden="false" closed="true" simplified="true" border="0 0 1" fill="0 0 1" mode="13"
 points="6.2041 7.78594,
	6.20523 7.76984,
	6.20862 7.75404,
	6.21419 7.7388,
	6.22185 7.7244,
	6.23147 7.7111,
	6.24286 7.69914,
	6.25583 7.68873,
	6.27015 7.68005,
	6.28556 7.67326,
	6.30179 7.66848,
	6.31854 7.6658,
	6.33552 7.66526,
	6.35242 7.66687,
	6.36895 7.67061,
	6.3848 7.67641,
	6.3997 7.68416,
	6.41337 7.69373,
	6.42558 7.70494,
	6.43611 7.7176,
	6.44477 7.73148,
	6.4514 7.74633,
	6.45589 7.76189,
	6.45815 7.77787,
	6.45815 7.794,
	6.45589 7.80999,
	6.4514 7.82554,
	6.44477 7.84039,
	6.43611 7.85427,
	6.42558 7.86693,
	6.41337 7.87814,
	6.3997 7.88771,
	6.3848 7.89546,
	6.36895 7.90126,
	6.35242 7.905,
	6.33552 7.90662,
	6.31854 7.90608,
	6.30179 7.90339,
	6.28556 7.89861,
	6.27015 7.89183,
	6.25583 7.88315,
	6.24286 7.87273,
	6.23147 7.86077,
	6.22185 7.84747,
	6.21419 7.83307,
	6.20862 7.81784,
	"/>
</Transform>

<Transform dim="1"
 xcoef=" 0.33942397650412 1 0 0 0 0"
 ycoef=" 0.940859729870098 0 1 0 0 0">
<Contour name="D025" hidden="false" closed="true" simplified="true" border="0 0 1" fill="0 0 1" mode="13"
 points="4.23029 4.726,
	4.2307 4.71565,
	4.23193 4.7054,
	4.23397 4.69534,
	4.2368 4.68557,
	4.24039 4.67619,
	4.24471 4.66728,
	4.24972 4.65893,
	4.25536 4.65121,
	4.2616 4.6442,
	4.26836 4.63796,
	4.27558 4.63257,
	4.2832 4.62805,
	4.29113 4.62447,
	4.29932 4.62185,
	4.30768 4.62021,
	4.31612 4.61958,
	4.32458 4.61996,
	4.33296 4.62135,
	4.3412 4.62372,
	4.34921 4.62707,
	4.35691 4.63135,
	4.36424 4.63653,
	4.37112 4.64256,
	4.37749 4.64939,
	4.38329 4.65693,
	4.38846 4.66514,
	4.39295 4.67392,
	4.39673 4.68319,
	4.39975 4.69287,
	4.40199 4.70286,
	4.40343 4.71307,
	4.40405 4.72341,
	4.40384 4.73377,
	4.40281 4.74406,
	4.40097 4.75417,
	4.39834 4.76402,
	4.39493 4.77351,
	4.39079 4.78255,
	4.38595 4.79105,
	4.38046 4.79893,
	4.37437 4.80612,
	4.36774 4.81256,
	4.36063 4.81817,
	4.3531 4.82291,
	4.34523 4.82673,
	4.3371 4.82959,
	4.32878 4.83147,
	4.32035 4.83236,
	4.31189 4.83223,
	4.30348 4.8311,
	4.2952 4.82897,
	4.28713 4.82586,
	4.27934 4.82181,
	4.27191 4.81685,
	4.26491 4.81102,
	4.25841 4.80439,
	4.25246 4.79702,
	4.24713 4.78898,
	4.24246 4.78033,
	4.2385 4.77117,
	4.23529 4.76159,
	4.23285 4.75166,
	4.23121 4.7415,
	"/>
</Transform>

<Transform dim="1"
 xcoef=" 0.33942397650412 1 0 0 0 0"
 ycoef=" 0.940859729870098 0 1 0 0 0">
<Contour name="D028" hidden="false" closed="true" simplified="true" border="0 0 1" fill="0 0 1" mode="13"
 points="6.74515 6.65208,
	6.74546 6.64511,
	6.74639 6.63819,
	6.74795 6.63137,
	6.7501 6.62471,
	6.75285 6.61826,
	6.75616 6.61206,
	6.76001 6.60616,
	6.76438 6.6006,
	6.76923 6.59543,
	6.77453 6.59069,
	6.78023 6.58641,
	6.78629 6.58262,
	6.79267 6.57935,
	6.79931 6.57662,
	6.80618 6.57447,
	6.81321 6.57289,
	6.82036 6.57191,
	6.82757 6.57154,
	6.83478 6.57176,
	6.84195 6.57259,
	6.84902 6.57402,
	6.85593 6.57603,
	6.86264 6.57861,
	6.86909 6.58175,
	6.87523 6.58541,
	6.88103 6.58957,
	6.88643 6.59421,
	6.89139 6.59927,
	6.89588 6.60474,
	6.89987 6.61055,
	6.90332 6.61668,
	6.90621 6.62308,
	6.90851 6.62969,
	6.91022 6.63647,
	6.91131 6.64337,
	6.91178 6.65034,
	6.91162 6.65731,
	6.91084 6.66425,
	6.90944 6.6711,
	6.90744 6.6778,
	6.90484 6.68431,
	6.90166 6.69058,
	6.89794 6.69656,
	6.8937 6.7022,
	6.88897 6.70747,
	6.88378 6.71233,
	6.87818 6.71673,
	6.8722 6.72065,
	6.8659 6.72405,
	6.85931 6.72691,
	6.8525 6.72921,
	6.8455 6.73093,
	6.83838 6.73206,
	6.83118 6.73259,
	6.82396 6.73251,
	6.81678 6.73183,
	6.80968 6.73055,
	6.80272 6.72869,
	6.79596 6.72625,
	6.78944 6.72325,
	6.78322 6.71971,
	6.77733 6.71567,
	6.77183 6.71116,
	6.76675 6.70619,
	6.76214 6.70083,
	6.75802 6.69509,
	6.75443 6.68904,
	6.7514 6.6827,
	6.74895 6.67614,
	6.74709 6.6694,
	6.74585 6.66252,
	"/>
</Transform>

<Transform dim="1"
 xcoef=" 0.33942397650412 1 0 0 0 0"
 ycoef=" 0.940859729870098 0 1 0 0 0">
<Contour name="D041_oblique" hidden="false" closed="true" simplified="true" border="0 0 1" fill="0 0 1" mode="13"
 points="5.07308 -0.38653,
	5.07415 -0.401348,
	5.07734 -0.415858,
	5.08259 -0.429756,
	5.08979 -0.442755,
	5.09878 -0.454582,
	5.10938 -0.464993,
	5.12137 -0.473769,
	5.13449 -0.480728,
	5.14848 -0.485725,
	5.16305 -0.488656,
	5.17788 -0.489461,
	5.19268 -0.488121,
	5.20713 -0.484666,
	5.22093 -0.479167,
	5.2338 -0.471738,
	5.24546 -0.462535,
	5.25568 -0.451749,
	5.26424 -0.439605,
	5.27096 -0.426355,
	5.2757 -0.412276,
	5.27837 -0.397661,
	5.27891 -0.382813,
	5.2773 -0.368043,
	5.27358 -0.353659,
	5.26784 -0.339958,
	5.26018 -0.327228,
	5.25077 -0.315733,
	5.2398 -0.305712,
	5.2275 -0.297375,
	5.21413 -0.290894,
	5.19997 -0.286405,
	5.18531 -0.284002,
	5.17045 -0.283733,
	5.15571 -0.285606,
	5.1414 -0.289581,
	5.1278 -0.295575,
	5.11521 -0.303463,
	5.10389 -0.313081,
	5.09407 -0.324229,
	5.08596 -0.336674,
	5.07972 -0.350158,
	5.07549 -0.364399,
	"/>
</Transform>

<Transform dim="1"
 xcoef=" 0.33942397650412 1 0 0 0 0"
 ycoef=" 0.940859729870098 0 1 0 0 0">
<Contour name="D043" hidden="false" closed="true" simplified="true" border="0 0 1" fill="0 0 1" mode="13"
 points="0.867917 8.6378,
	0.869306 8.62472,
	0.87344 8.61197,
	0.880216 8.59985,
	0.889468 8.58867,
	0.900967 8.57869,
	0.914432 8.57018,
	0.92953 8.56332,
	0.945889 8.5583,
	0.963106 8.55524,
	0.980759 8.55421,
	0.998411 8.55524,
	1.01563 8.5583,
	1.03199 8.56332,
	1.04709 8.57018,
	1.06055 8.57869,
	1.07205 8.58867,
	1.0813 8.59985,
	1.08808 8.61197,
	1.09221 8.62472,
	1.0936 8.6378,
	1.09221 8.65087,
	1.08808 8.66363,
	1.0813 8.67575,
	1.07205 8.68693,
	1.06055 8.6969,
	1.04709 8.70542,
	1.03199 8.71228,
	1.01563 8.71729,
	0.998411 8.72036,
	0.980759 8.72139,
	0.963106 8.72036,
	0.945889 8.71729,
	0.92953 8.71228,
	0.914432 8.70542,
	0.900967 8.6969,
	0.889468 8.68693,
	0.880216 8.67575,
	0.87344 8.66363,
	"/>
</Transform>

<Transform dim="1"
 xcoef=" 0.33942397650412 1 0 0 0 0"
 ycoef=" 0.940859729870098 0 1 0 0 0">
<Contour name="D044" hidden="false" closed="true" simplified="true" border="0 0 1" fill="0 0 1" mode="13"
 points="-0.937396 6.45732,
	-0.93588 6.44177,
	-0.93138 6.4267,
	-0.924036 6.41259,
	-0.914077 6.39988,
	-0.901815 6.38896,
	-0.887633 6.38018,
	-0.871974 6.37381,
	-0.855327 6.37005,
	-0.838212 6.36901,
	-0.821165 6.37074,
	-0.804717 6.37517,
	-0.789383 6.38216,
	-0.775642 6.39151,
	-0.763922 6.40291,
	-0.754591 6.41601,
	-0.74794 6.4304,
	-0.744176 6.44563,
	-0.743417 6.46123,
	-0.745687 6.4767,
	-0.750915 6.49157,
	-0.758938 6.50537,
	-0.769505 6.51767,
	-0.782285 6.52808,
	-0.79688 6.53629,
	-0.812833 6.54202,
	-0.829647 6.54511,
	-0.846795 6.54546,
	-0.863742 6.54305,
	-0.879958 6.53796,
	-0.894937 6.53035,
	-0.908211 6.52047,
	-0.919365 6.5086,
	-0.928051 6.49514,
	-0.933996 6.4805,
	"/>
</Transform>

<Transform dim="1"
 xcoef=" 0.33942397650412 1 0 0 0 0"
 ycoef=" 0.940859729870098 0 1 0 0 0">
<Contour name="D045_ASPINY_NOCANDIDATES" hidden="false" closed="true" simplified="true" border="0 0 1" fill="0 0 1" mode="13"
 points="2.81208 8.3455,
	2.81323 8.33289,
	2.81667 8.32056,
	2.82231 8.30878,
	2.83003 8.29779,
	2.83967 8.28785,
	2.85101 8.27916,
	2.86381 8.27192,
	2.87779 8.26629,
	2.89264 8.26238,
	2.90804 8.26029,
	2.92365 8.26005,
	2.93914 8.26168,
	2.95415 8.26514,
	2.96838 8.27036,
	2.9815 8.27721,
	2.99323 8.28555,
	3.00332 8.2952,
	3.01154 8.30594,
	3.01771 8.31755,
	3.02171 8.32977,
	3.02344 8.34234,
	3.02286 8.35497,
	3.01999 8.36739,
	3.01489 8.37934,
	3.00767 8.39055,
	2.9985 8.40078,
	2.98756 8.4098,
	2.9751 8.41741,
	2.96139 8.42346,
	2.94672 8.42781,
	2.93143 8.43036,
	2.91584 8.43106,
	2.90029 8.4299,
	2.88513 8.42689,
	2.87067 8.42211,
	2.85725 8.41565,
	2.84514 8.40767,
	2.83462 8.39832,
	2.82592 8.38783,
	2.81922 8.37641,
	2.81467 8.36432,
	"/>
</Transform>

<Transform dim="1"
 xcoef=" 0.33942397650412 1 0 0 0 0"
 ycoef=" 0.940859729870098 0 1 0 0 0">
<Contour name="D046" hidden="false" closed="true" simplified="true" border="0 0 1" fill="0 0 1" mode="13"
 points="13.0501 3.21011,
	13.0513 3.19703,
	13.0549 3.18435,
	13.0607 3.17242,
	13.0687 3.16161,
	13.0785 3.15224,
	13.0899 3.14457,
	13.1025 3.13884,
	13.1159 3.13522,
	13.1299 3.13381,
	13.1439 3.13466,
	13.1575 3.13773,
	13.1704 3.14295,
	13.1821 3.15015,
	13.1923 3.15912,
	13.2008 3.1696,
	13.2071 3.18128,
	13.2113 3.19381,
	13.2131 3.20682,
	13.2125 3.21993,
	13.2095 3.23275,
	13.2042 3.2449,
	13.1968 3.25602,
	13.1874 3.26578,
	13.1764 3.2739,
	13.1641 3.28013,
	13.1508 3.28429,
	13.1369 3.28626,
	13.1229 3.28598,
	13.1091 3.28346,
	13.096 3.27876,
	13.084 3.27204,
	13.0734 3.26349,
	13.0645 3.25335,
	13.0575 3.24195,
	13.0528 3.22959,
	"/>
</Transform>

<Transform dim="1"
 xcoef=" 0.33942397650412 1 0 0 0 0"
 ycoef=" 0.940859729870098 0 1 0 0 0">
<Contour name="D047" hidden="false" closed="true" simplified="true" border="0 0 1" fill="0 0 1" mode="13"
 points="3.32148 7.53432,
	3.32294 7.4665,
	3.32725 7.40185,
	3.33421 7.3434,
	3.3435 7.29387,
	3.35468 7.25559,
	3.36722 7.23034,
	3.38055 7.2193,
	3.39403 7.22299,
	3.40704 7.24124,
	3.41897 7.2732,
	3.42927 7.31736,
	3.43744 7.37167,
	3.44311 7.43358,
	3.44601 7.50021,
	3.44601 7.56843,
	3.44311 7.63505,
	3.43744 7.69696,
	3.42927 7.75127,
	3.41897 7.79543,
	3.40704 7.82739,
	3.39403 7.84564,
	3.38055 7.84933,
	3.36722 7.8383,
	3.35468 7.81305,
	3.3435 7.77476,
	3.33421 7.72524,
	3.32725 7.66678,
	"/>
</Transform>

<Transform dim="1"
 xcoef=" 0.33942397650412 1 0 0 0 0"
 ycoef=" 0.940859729870098 0 1 0 0 0">
<Contour name="D034" hidden="false" closed="true" simplified="true" border="0 0 1" fill="0 0 1" mode="13"
 points="9.63277 3.64454,
	9.63413 3.63006,
	9.63817 3.61586,
	9.64483 3.60218,
	9.65397 3.5893,
	9.66543 3.57744,
	9.679 3.56684,
	9.69441 3.55768,
	9.7114 3.55014,
	9.72962 3.54436,
	9.74876 3.54044,
	9.76845 3.53847,
	9.78832 3.53847,
	9.80801 3.54044,
	9.82715 3.54436,
	9.84538 3.55014,
	9.86236 3.55768,
	9.87778 3.56684,
	9.89134 3.57744,
	9.9028 3.5893,
	9.91195 3.60218,
	9.9186 3.61586,
	9.92265 3.63006,
	9.924 3.64454,
	9.92265 3.65902,
	9.9186 3.67323,
	9.91195 3.6869,
	9.9028 3.69979,
	9.89134 3.71164,
	9.87778 3.72225,
	9.86236 3.7314,
	9.84538 3.73894,
	9.82715 3.74473,
	9.80801 3.74864,
	9.78832 3.75062,
	9.76845 3.75062,
	9.74876 3.74864,
	9.72962 3.74473,
	9.7114 3.73894,
	9.69441 3.7314,
	9.679 3.72225,
	9.66543 3.71164,
	9.65397 3.69979,
	9.64483 3.6869,
	9.63817 3.67323,
	9.63413 3.65902,
	"/>
</Transform>

<Transform dim="1"
 xcoef=" 0.33942397650412 1 0 0 0 0"
 ycoef=" 0.940859729870098 0 1 0 0 0">
<Contour name="D035" hidden="false" closed="true" simplified="true" border="0 0 1" fill="0 0 1" mode="13"
 points="7.66282 2.85415,
	7.66332 2.84461,
	7.66482 2.8352,
	7.66728 2.82607,
	7.67068 2.81733,
	7.67497 2.80913,
	7.68009 2.80156,
	7.68596 2.79475,
	7.6925 2.78879,
	7.69962 2.78377,
	7.70721 2.77975,
	7.71516 2.7768,
	7.72337 2.77495,
	7.73171 2.77423,
	7.74007 2.77466,
	7.74832 2.77623,
	7.75635 2.77891,
	7.76404 2.78267,
	7.77129 2.78745,
	7.77798 2.79318,
	7.78403 2.79979,
	7.78934 2.80717,
	7.79384 2.81523,
	7.79747 2.82384,
	7.80017 2.83289,
	7.80191 2.84224,
	7.80266 2.85176,
	7.80241 2.86132,
	7.80117 2.87077,
	7.79894 2.87998,
	7.79577 2.88883,
	7.7917 2.89718,
	7.78678 2.90491,
	7.78109 2.91192,
	7.77471 2.9181,
	7.76773 2.92337,
	7.76025 2.92765,
	7.75237 2.93087,
	7.74422 2.933,
	7.7359 2.934,
	7.72753 2.93386,
	7.71924 2.93257,
	7.71115 2.93017,
	7.70336 2.92667,
	7.69599 2.92214,
	7.68915 2.91664,
	7.68294 2.91024,
	7.67743 2.90304,
	7.67272 2.89515,
	7.66887 2.88666,
	7.66593 2.87771,
	7.66395 2.86842,
	"/>
</Transform>

<Transform dim="1"
 xcoef=" 0.33942397650412 1 0 0 0 0"
 ycoef=" 0.940859729870098 0 1 0 0 0">
<Contour name="D039" hidden="false" closed="true" simplified="true" border="0 0 1" fill="0 0 1" mode="13"
 points="7.93705 0.795297,
	7.93804 0.783528,
	7.94101 0.771952,
	7.9459 0.76076,
	7.95264 0.750135,
	7.9611 0.740251,
	7.97117 0.731271,
	7.98266 0.723343,
	7.99539 0.716596,
	8.00915 0.711141,
	8.02372 0.707068,
	8.03886 0.704444,
	8.05431 0.703311,
	8.06982 0.703689,
	8.08515 0.705571,
	8.10003 0.708927,
	8.11423 0.713701,
	8.1275 0.719814,
	8.13964 0.727167,
	8.15044 0.735639,
	8.15972 0.74509,
	8.16734 0.755365,
	8.17317 0.766297,
	8.1771 0.777704,
	8.17909 0.7894,
	8.17909 0.801193,
	8.1771 0.81289,
	8.17317 0.824297,
	8.16734 0.835228,
	8.15972 0.845504,
	8.15044 0.854955,
	8.13964 0.863427,
	8.1275 0.87078,
	8.11423 0.876893,
	8.10003 0.881667,
	8.08515 0.885022,
	8.06982 0.886904,
	8.05431 0.887282,
	8.03886 0.88615,
	8.02372 0.883526,
	8.00915 0.879453,
	7.99539 0.873998,
	7.98266 0.867251,
	7.97117 0.859323,
	7.9611 0.850343,
	7.95264 0.840459,
	7.9459 0.829834,
	7.94101 0.818641,
	7.93804 0.807066,
	"/>
</Transform>

<Transform dim="1"
 xcoef=" 0.33942397650412 1 0 0 0 0"
 ycoef=" 0.940859729870098 0 1 0 0 0">
<Contour name="D049" hidden="false" closed="true" simplified="true" border="0 0 1" fill="0 0 1" mode="13"
 points="10.8168 0.483013,
	10.8175 0.471305,
	10.8197 0.459774,
	10.8232 0.448595,
	10.8282 0.437939,
	10.8344 0.427965,
	10.8419 0.418826,
	10.8504 0.41066,
	10.8598 0.403591,
	10.8701 0.397726,
	10.881 0.393153,
	10.8924 0.389943,
	10.9041 0.388144,
	10.9159 0.387783,
	10.9277 0.388865,
	10.9393 0.391374,
	10.9505 0.395273,
	10.9611 0.400502,
	10.9709 0.406981,
	10.9799 0.414613,
	10.9879 0.423282,
	10.9948 0.432857,
	11.0004 0.443192,
	11.0046 0.45413,
	11.0075 0.465506,
	11.009 0.477148,
	11.009 0.488878,
	11.0075 0.50052,
	11.0046 0.511896,
	11.0004 0.522834,
	10.9948 0.533169,
	10.9879 0.542743,
	10.9799 0.551412,
	10.9709 0.559045,
	10.9611 0.565524,
	10.9505 0.570753,
	10.9393 0.574651,
	10.9277 0.577161,
	10.9159 0.578243,
	10.9041 0.577882,
	10.8924 0.576083,
	10.881 0.572873,
	10.8701 0.5683,
	10.8598 0.562435,
	10.8504 0.555366,
	10.8419 0.5472,
	10.8344 0.538061,
	10.8282 0.528087,
	10.8232 0.51743,
	10.8197 0.506252,
	"/>
</Transform>

<Transform dim="1"
 xcoef=" 0.33942397650412 1 0 0 0 0"
 ycoef=" 0.940859729870098 0 1 0 0 0">
<Contour name="D055" hidden="false" closed="true" simplified="true" border="0 0 1" fill="0 0 1" mode="13"
 points="1.03397 3.45463,
	1.03533 3.44018,
	1.03939 3.42616,
	1.04602 3.41297,
	1.05503 3.40102,
	1.06615 3.39066,
	1.07905 3.38218,
	1.09335 3.37585,
	1.10862 3.37185,
	1.12443 3.37029,
	1.14029 3.37122,
	1.15574 3.37463,
	1.17032 3.38039,
	1.18361 3.38835,
	1.19521 3.39827,
	1.20477 3.40986,
	1.21201 3.42277,
	1.21673 3.43662,
	1.21878 3.451,
	1.21809 3.46549,
	1.2147 3.47966,
	1.2087 3.49309,
	1.20026 3.50538,
	1.18964 3.51617,
	1.17715 3.52515,
	1.16317 3.53204,
	1.14809 3.53664,
	1.13238 3.53881,
	1.11649 3.5385,
	1.10089 3.53571,
	1.08605 3.53052,
	1.0724 3.52309,
	1.06034 3.51363,
	1.05024 3.50244,
	1.0424 3.48982,
	1.03703 3.47617,
	"/>
</Transform>

<Transform dim="1"
 xcoef=" 0.33942397650412 1 0 0 0 0"
 ycoef=" 0.940859729870098 0 1 0 0 0">
<Contour name="d046_o34" hidden="false" closed="true" simplified="false" border="1 0 0" fill="1 0 0" mode="-13"
 points="13.1428 3.07354,
	13.167 3.07354,
	13.1549 3.09568,
	"/>
</Transform>

<Transform dim="1"
 xcoef=" 0.33942397650412 1 0 0 0 0"
 ycoef=" 0.940859729870098 0 1 0 0 0">
<Contour name="D057" hidden="false" closed="true" simplified="true" border="0 0 1" fill="0 0 1" mode="11"
 points="6.36362 9.42082,
	6.36623 9.40222,
	6.37397 9.3844,
	6.38651 9.36813,
	6.40331 9.35408,
	6.42366 9.34285,
	6.44671 9.33492,
	6.47148 9.33063,
	6.49692 9.33015,
	6.52196 9.3335,
	6.54553 9.34054,
	6.56664 9.35099,
	6.58441 9.36438,
	6.59806 9.38016,
	6.60704 9.39766,
	6.61096 9.41614,
	6.60965 9.43482,
	6.60317 9.45291,
	6.59179 9.46964,
	6.57599 9.4843,
	6.55645 9.49628,
	6.53399 9.50507,
	6.50956 9.5103,
	6.48418 9.51175,
	6.45894 9.50934,
	6.43491 9.5032,
	6.41309 9.49357,
	6.39441 9.48087,
	6.37967 9.46562,
	6.36948 9.44848,
	"/>
</Transform>

<Transform dim="1"
 xcoef=" 0.33942397650412 1 0 0 0 0"
 ycoef=" 0.940859729870098 0 1 0 0 0">
<Contour name="D058" hidden="false" closed="true" simplified="true" border="0 0 1" fill="0 0 1" mode="11"
 points="5.19533 10.873,
	5.19729 10.8529,
	5.20308 10.8335,
	5.21249 10.8156,
	5.22515 10.7999,
	5.24057 10.7871,
	5.25817 10.7775,
	5.27726 10.7716,
	5.29712 10.7697,
	5.31697 10.7716,
	5.33607 10.7775,
	5.35367 10.7871,
	5.36909 10.7999,
	5.38175 10.8156,
	5.39115 10.8335,
	5.39695 10.8529,
	5.3989 10.873,
	5.39695 10.8932,
	5.39115 10.9126,
	5.38175 10.9305,
	5.36909 10.9461,
	5.35367 10.959,
	5.33607 10.9685,
	5.31697 10.9744,
	5.29712 10.9764,
	5.27726 10.9744,
	5.25817 10.9685,
	5.24057 10.959,
	5.22515 10.9461,
	5.21249 10.9305,
	5.20308 10.9126,
	"/>
</Transform>

<Transform dim="1"
 xcoef=" 0.33942397650412 1 0 0 0 0"
 ycoef=" 0.940859729870098 0 1 0 0 0">
<Contour name="D058_ax01" hidden="false" closed="true" simplified="false" border="0 1 1" fill="0 1 1" mode="11"
 points="4.23985 7.82142,
	4.2557 7.80556,
	4.19228 7.74214,
	4.20813 7.72628,
	4.27156 7.7897,
	4.28742 7.77385,
	4.28742 7.82142,
	"/>
</Transform>

<Transform dim="1"
 xcoef=" 0.33942397650412 1 0 0 0 0"
 ycoef=" 0.940859729870098 0 1 0 0 0">
<Contour name="d046_p32" hidden="false" closed="true" simplified="true" border="1 1 0" fill="1 1 0" mode="11"
 points="14.4858 3.25388,
	14.488 3.24802,
	14.488 3.24509,
	14.4894 3.24363,
	14.4909 3.23777,
	14.4967 3.22606,
	14.4982 3.22459,
	14.4982 3.22313,
	14.5063 3.21288,
	14.5158 3.20336,
	14.5246 3.19237,
	14.5348 3.18359,
	14.5458 3.1726,
	14.5517 3.16821,
	14.5568 3.16235,
	14.5604 3.15869,
	14.5802 3.14039,
	14.5853 3.13599,
	14.5963 3.12501,
	14.5978 3.12282,
	14.6088 3.11256,
	14.619 3.10378,
	14.6381 3.08254,
	14.6439 3.07669,
	14.6454 3.07376,
	14.6505 3.06937,
	14.6593 3.05838,
	14.6622 3.05619,
	14.6637 3.05326,
	14.6754 3.04227,
	14.6805 3.03715,
	14.6857 3.03349,
	14.6878 3.03056,
	14.6893 3.03056,
	14.6908 3.02909,
	14.7025 3.02617,
	14.7142 3.02543,
	14.7171 3.02543,
	14.723 3.02909,
	14.7347 3.04008,
	14.742 3.05106,
	14.745 3.05619,
	14.7464 3.05765,
	14.7486 3.06351,
	14.7501 3.06497,
	14.7501 3.06644,
	14.7523 3.06937,
	14.753 3.07229,
	14.7545 3.07376,
	14.7552 3.07669,
	14.7567 3.07815,
	14.7618 3.08987,
	14.7684 3.10085,
	14.7735 3.10671,
	14.7823 3.11549,
	14.7874 3.12135,
	14.7918 3.12574,
	14.794 3.12867,
	14.7962 3.13014,
	14.8021 3.13599,
	14.8233 3.15137,
	14.8343 3.15796,
	14.8401 3.16089,
	14.8431 3.16235,
	14.8445 3.16235,
	14.8672 3.17627,
	14.8731 3.18139,
	14.8775 3.18578,
	14.8819 3.19164,
	14.8841 3.19457,
	14.8848 3.1975,
	14.887 3.20043,
	14.887 3.20336,
	14.8885 3.20482,
	14.8892 3.21654,
	14.8892 3.22239,
	14.8892 3.22386,
	14.8877 3.22532,
	14.8848 3.23704,
	14.8826 3.23997,
	14.8819 3.2429,
	14.8746 3.25388,
	14.8658 3.2634,
	14.8541 3.27218,
	14.8489 3.27658,
	14.8475 3.27804,
	14.846 3.27804,
	14.8343 3.28463,
	14.8314 3.2861,
	14.8299 3.28756,
	14.827 3.28829,
	14.824 3.29049,
	14.8123 3.29561,
	14.8109 3.29561,
	14.8094 3.29708,
	14.7977 3.30074,
	14.7918 3.30294,
	14.7889 3.30367,
	14.7874 3.30367,
	14.786 3.30513,
	14.783 3.30513,
	14.7713 3.30879,
	14.7479 3.31319,
	14.7245 3.31612,
	14.7215 3.31612,
	14.7186 3.31758,
	14.7127 3.31831,
	14.7105 3.32051,
	14.7076 3.32051,
	14.6959 3.32417,
	14.6725 3.32637,
	14.5788 3.32637,
	14.567 3.32637,
	14.5553 3.32417,
	14.5495 3.32344,
	14.5465 3.32197,
	14.5407 3.32124,
	14.5392 3.31978,
	14.5275 3.31612,
	14.5246 3.31392,
	14.5136 3.30879,
	14.5019 3.3022,
	14.4967 3.29708,
	14.4967 3.29561,
	14.4938 3.29268,
	14.4938 3.29122,
	14.4902 3.28536,
	14.4865 3.27365,
	14.4858 3.26193,
	14.4858 3.25608,
	14.4858 3.25461,
	"/>
</Transform>

<Transform dim="1"
 xcoef=" 0.33942397650412 1 0 0 0 0"
 ycoef=" 0.940859729870098 0 1 0 0 0">
<Contour name="d046" hidden="false" closed="true" simplified="true" border="1 1 0" fill="1 1 0" mode="11"
 points="12.8372 3.3352,
	12.8382 3.33247,
	12.8382 3.33111,
	12.8406 3.32565,
	12.8417 3.32292,
	12.8437 3.32019,
	12.8444 3.31882,
	12.8471 3.31609,
	12.858 3.30995,
	12.869 3.30654,
	12.8717 3.30619,
	12.8744 3.30517,
	12.8799 3.30449,
	12.8826 3.30415,
	12.8853 3.30312,
	12.8908 3.29971,
	12.8963 3.29698,
	12.9014 3.29152,
	12.9041 3.28879,
	12.9051 3.28606,
	12.9089 3.2806,
	12.9109 3.27787,
	12.9123 3.2765,
	12.9147 3.27104,
	12.9219 3.26012,
	12.9256 3.25466,
	12.9283 3.2492,
	12.9304 3.24374,
	12.9318 3.24101,
	12.9372 3.23657,
	12.94 3.23453,
	12.9505 3.22361,
	12.9556 3.21815,
	12.958 3.21542,
	12.9594 3.21405,
	12.9655 3.20313,
	12.9686 3.19767,
	12.9703 3.19494,
	12.9751 3.18948,
	12.983 3.17856,
	12.9918 3.16764,
	12.9966 3.16218,
	13.0399 3.11952,
	13.0451 3.11406,
	13.0669 3.0946,
	13.0867 3.07276,
	13.0911 3.0673,
	13.0932 3.06457,
	13.0942 3.06184,
	13.0945 3.06048,
	13.0949 3.05979,
	13.0959 3.05877,
	13.1014 3.05843,
	13.1123 3.05672,
	13.115 3.05604,
	13.1259 3.05502,
	13.1696 3.05331,
	13.1915 3.05229,
	13.2133 3.05194,
	13.216 3.0516,
	13.2174 3.0516,
	13.2177 3.0516,
	13.2287 3.0574,
	13.2396 3.06252,
	13.2451 3.06355,
	13.2478 3.06423,
	13.2915 3.06662,
	13.3133 3.06901,
	13.316 3.06935,
	13.3379 3.07652,
	13.3433 3.07959,
	13.3543 3.08334,
	13.3652 3.08914,
	13.3761 3.09631,
	13.3816 3.10109,
	13.3867 3.10655,
	13.3908 3.11201,
	13.4007 3.12259,
	13.4116 3.13112,
	13.4334 3.14648,
	13.4389 3.14818,
	13.4498 3.15535,
	13.4607 3.15774,
	13.4662 3.15979,
	13.4717 3.16354,
	13.4826 3.17378,
	13.488 3.1789,
	13.4973 3.18982,
	13.502 3.19528,
	13.5048 3.19801,
	13.5061 3.19938,
	13.5068 3.20006,
	13.5072 3.20142,
	13.529 3.22292,
	13.5399 3.23282,
	13.5454 3.23692,
	13.5508 3.24169,
	13.5536 3.24374,
	13.5549 3.24476,
	13.5556 3.24476,
	13.5665 3.2533,
	13.5884 3.26797,
	13.6102 3.28333,
	13.6157 3.28777,
	13.6211 3.29323,
	13.6249 3.29869,
	13.6321 3.32053,
	13.6331 3.33145,
	13.6338 3.33691,
	13.6327 3.35875,
	13.6324 3.36421,
	13.63 3.37513,
	13.629 3.38059,
	13.6235 3.39151,
	13.6222 3.39424,
	13.6133 3.40516,
	13.6112 3.40789,
	13.6102 3.40926,
	13.6092 3.41199,
	13.5713 3.45567,
	13.5614 3.46659,
	13.5508 3.47683,
	13.5454 3.48093,
	13.5345 3.49117,
	13.5239 3.50209,
	13.514 3.51301,
	13.4969 3.53485,
	13.4915 3.54577,
	13.4887 3.55123,
	13.4843 3.56215,
	13.4771 3.58399,
	13.472 3.59491,
	13.4686 3.60037,
	13.4665 3.6031,
	13.4614 3.60857,
	13.4505 3.61539,
	13.445 3.6188,
	13.4232 3.62972,
	13.4123 3.63484,
	13.4095 3.63621,
	13.4041 3.63791,
	13.3986 3.6403,
	13.3768 3.64679,
	13.3713 3.64849,
	13.3604 3.65054,
	13.3549 3.65122,
	13.3495 3.65122,
	13.344 3.65361,
	13.3222 3.65737,
	13.3113 3.65976,
	13.3099 3.6601,
	13.3092 3.6601,
	13.3065 3.66215,
	13.301 3.66351,
	13.2983 3.66419,
	13.2874 3.66931,
	13.2819 3.67102,
	13.271 3.67272,
	13.2655 3.67443,
	13.2642 3.67511,
	13.2205 3.67921,
	13.1986 3.67921,
	13.1877 3.67784,
	13.1823 3.67682,
	13.1809 3.67682,
	13.1782 3.67546,
	13.1563 3.67068,
	13.1454 3.66863,
	13.1399 3.66692,
	13.1386 3.6659,
	13.1379 3.66522,
	13.1352 3.66488,
	13.1338 3.66488,
	13.1324 3.66385,
	13.1317 3.66317,
	13.1263 3.6618,
	13.1236 3.66112,
	13.1181 3.65805,
	13.1154 3.65668,
	13.1044 3.65395,
	13.0935 3.65191,
	13.0908 3.65122,
	13.0799 3.65054,
	13.058 3.64645,
	13.0526 3.64542,
	13.0307 3.64372,
	13.0089 3.63996,
	12.998 3.63826,
	12.987 3.63553,
	12.9761 3.63211,
	12.9707 3.63007,
	12.9652 3.62699,
	12.9625 3.62529,
	12.9406 3.61471,
	12.9352 3.61198,
	12.9133 3.59901,
	12.9079 3.59594,
	12.8969 3.58843,
	12.886 3.5799,
	12.8806 3.57512,
	12.8754 3.56966,
	12.8727 3.56693,
	12.8683 3.56147,
	12.8645 3.55601,
	12.8618 3.55055,
	12.8574 3.53963,
	12.855 3.53417,
	12.8539 3.53144,
	12.8529 3.53007,
	12.8519 3.52461,
	12.8495 3.51915,
	12.8478 3.51369,
	12.8461 3.50277,
	12.8451 3.49731,
	12.8447 3.49458,
	12.8454 3.48366,
	12.8454 3.47274,
	12.8481 3.4509,
	12.8488 3.42905,
	12.8478 3.41813,
	12.8461 3.40721,
	12.8454 3.39629,
	12.8437 3.38537,
	12.8427 3.38264,
	12.8423 3.37718,
	12.8423 3.37445,
	12.8396 3.36353,
	12.8376 3.35261,
	12.8372 3.34169,
	12.8372 3.33623,
	12.8372 3.33554,
	"/>
</Transform>

<Transform dim="1"
 xcoef=" 0.33942397650412 1 0 0 0 0"
 ycoef=" 0.940859729870098 0 1 0 0 0">
<Contour name="d046_p35" hidden="false" closed="true" simplified="true" border="1 1 0" fill="1 1 0" mode="11"
 points="12.6467 3.58842,
	12.6517 3.56555,
	12.6524 3.56269,
	12.6524 3.56126,
	12.6538 3.55983,
	12.6545 3.55411,
	12.6581 3.54267,
	12.6631 3.53124,
	12.6646 3.52981,
	12.6646 3.52838,
	12.6688 3.52266,
	12.671 3.52051,
	12.6767 3.5198,
	12.6824 3.52051,
	12.6853 3.52123,
	12.6967 3.52909,
	12.701 3.53338,
	12.7103 3.5441,
	12.7117 3.54696,
	12.7132 3.54768,
	12.7132 3.54911,
	12.7146 3.55054,
	12.7146 3.55197,
	12.7182 3.55625,
	12.721 3.56197,
	12.7232 3.56483,
	12.7239 3.56769,
	12.7275 3.57341,
	12.7317 3.58485,
	12.7368 3.60772,
	12.7375 3.6306,
	12.7375 3.64203,
	12.7389 3.65347,
	12.741 3.65919,
	12.7418 3.66491,
	12.7439 3.67063,
	12.7439 3.67634,
	12.7418 3.68206,
	12.7375 3.68778,
	12.7267 3.69422,
	12.7153 3.69779,
	12.7096 3.69779,
	12.7089 3.69707,
	12.6974 3.6985,
	12.6917 3.69779,
	12.681 3.68993,
	12.676 3.68492,
	12.6638 3.66276,
	12.6624 3.66133,
	12.6624 3.6599,
	12.6603 3.65704,
	12.6595 3.65419,
	12.6581 3.65276,
	12.6545 3.64132,
	12.6531 3.63989,
	12.6495 3.62845,
	12.6474 3.61701,
	12.6467 3.59414,
	12.6467 3.58914,
	"/>
</Transform>

<Transform dim="1"
 xcoef=" -0.0505760234958798 1 0 0 0 0"
 ycoef=" 0.259720904029232 0 1 0 0 0">
<Contour name="d046_p33" hidden="false" closed="true" simplified="true" border="1 1 0" fill="1 1 0" mode="11"
 points="11.5843 3.02152,
	11.5874 3.01844,
	11.5874 3.01229,
	11.6012 2.98766,
	11.6135 2.97689,
	11.6197 2.97535,
	11.6443 2.96149,
	11.6936 2.95226,
	11.7059 2.95226,
	11.7182 2.94764,
	11.7675 2.94302,
	11.7798 2.94456,
	11.8044 2.9538,
	11.8106 2.95534,
	11.8167 2.95995,
	11.829 2.96457,
	11.8414 2.97227,
	11.8475 2.97535,
	11.8598 2.98766,
	11.8629 2.98766,
	11.8752 2.99843,
	11.8875 3.00613,
	11.9122 3.02922,
	11.9352 3.04923,
	11.946 3.06154,
	11.9706 3.07694,
	11.983 3.08463,
	12.0045 3.10772,
	12.0153 3.12003,
	12.0199 3.12619,
	12.023 3.1385,
	12.0261 3.14466,
	12.0261 3.16929,
	12.0245 3.17545,
	12.0245 3.17853,
	12.0214 3.1816,
	12.0199 3.18776,
	12.0076 3.197,
	11.983 3.197,
	11.9768 3.19392,
	11.9706 3.19392,
	11.9583 3.1893,
	11.9522 3.18468,
	11.946 3.18314,
	11.9399 3.17853,
	11.9276 3.17391,
	11.9152 3.17237,
	11.9029 3.16775,
	11.8783 3.16313,
	11.866 3.16159,
	11.8537 3.15698,
	11.829 3.15544,
	11.8044 3.15082,
	11.7552 3.14928,
	11.749 3.14928,
	11.7367 3.1539,
	11.6874 3.16005,
	11.6751 3.15698,
	11.6259 3.12311,
	11.6135 3.11388,
	11.6089 3.10772,
	11.6058 3.10464,
	11.6043 3.09848,
	11.6012 3.09541,
	11.5997 3.08309,
	11.5951 3.07078,
	11.592 3.06462,
	11.5889 3.06154,
	11.5843 3.03692,
	11.5843 3.0246,
	11.5843 3.02306,
	"/>
</Transform>

<Transform dim="1"
 xcoef=" -0.0505760234958798 1 0 0 0 0"
 ycoef=" 0.259720904029232 0 1 0 0 0">
<Contour name="d046_checked" hidden="false" closed="true" simplified="false" border="0 1 0" fill="0 1 0" mode="-13"
 points="12.7561 2.40606,
	12.7618 2.39815,
	12.7561 2.39024,
	12.7595 2.39024,
	12.764 2.39702,
	12.7686 2.39024,
	12.7719 2.39024,
	12.7663 2.39815,
	12.7719 2.40606,
	12.7686 2.40606,
	12.764 2.39928,
	12.7595 2.40606,
	"/>
</Transform>

<Transform dim="1"
 xcoef=" -0.0505760234958798 1 0 0 0 0"
 ycoef=" 0.209720904029232 0 1 0 0 0">
<Contour name="d046_p34" hidden="false" closed="true" simplified="true" border="1 1 0" fill="1 1 0" mode="11"
 points="12.608 2.21172,
	12.6083 2.21073,
	12.6085 2.21023,
	12.6119 2.20624,
	12.6126 2.20524,
	12.6166 2.20125,
	12.6186 2.19937,
	12.6226 2.19613,
	12.6236 2.19538,
	12.6276 2.19389,
	12.6296 2.19314,
	12.6316 2.19201,
	12.6336 2.19064,
	12.6346 2.19002,
	12.6426 2.18802,
	12.6745 2.18116,
	12.6905 2.17779,
	12.7064 2.17405,
	12.7104 2.17305,
	12.7184 2.17143,
	12.7264 2.16944,
	12.7344 2.16657,
	12.7384 2.16507,
	12.7464 2.16158,
	12.7543 2.15771,
	12.7623 2.15123,
	12.7663 2.14811,
	12.7743 2.14237,
	12.7763 2.14087,
	12.7843 2.13563,
	12.7863 2.13439,
	12.7873 2.13376,
	12.8032 2.12752,
	12.8072 2.1259,
	12.8092 2.12515,
	12.8172 2.12291,
	12.8192 2.12241,
	12.8202 2.12216,
	12.8362 2.12141,
	12.8402 2.12129,
	12.8422 2.12116,
	12.8581 2.12166,
	12.8661 2.12191,
	12.8681 2.12204,
	12.8701 2.12241,
	12.8741 2.12503,
	12.8781 2.1279,
	12.8786 2.12827,
	12.8828 2.13626,
	12.8849 2.14025,
	12.8859 2.14224,
	12.8871 2.14624,
	12.8879 2.15023,
	12.8886 2.15422,
	12.8888 2.15821,
	12.8883 2.1622,
	12.8882 2.16619,
	12.8881 2.16719,
	12.8874 2.16919,
	12.8873 2.17019,
	12.8872 2.17068,
	12.8857 2.17268,
	12.8778 2.18054,
	12.8738 2.18441,
	12.8659 2.19127,
	12.8619 2.19439,
	12.8539 2.19975,
	12.8499 2.20262,
	12.8479 2.20399,
	12.8439 2.20611,
	12.8419 2.20711,
	12.8339 2.21272,
	12.8259 2.21858,
	12.822 2.22133,
	12.82 2.22258,
	12.816 2.22545,
	12.8141 2.22707,
	12.8126 2.22906,
	12.8113 2.23106,
	12.8092 2.23505,
	12.8057 2.24303,
	12.8049 2.24503,
	12.8044 2.24603,
	12.8032 2.25002,
	12.8029 2.25102,
	12.8021 2.25501,
	12.8014 2.26299,
	12.8011 2.26499,
	12.8024 2.27297,
	12.8027 2.27497,
	12.8034 2.27696,
	12.8104 2.29293,
	12.8121 2.29692,
	12.8131 2.29892,
	12.8136 2.29992,
	12.8142 2.30191,
	12.8145 2.30291,
	12.8201 2.31089,
	12.8216 2.31289,
	12.8222 2.31389,
	12.8242 2.31588,
	12.8252 2.31688,
	12.8254 2.31738,
	12.8294 2.32112,
	12.8299 2.32162,
	12.8301 2.32174,
	12.8221 2.32237,
	12.8141 2.32274,
	12.7981 2.32287,
	12.7822 2.32324,
	12.7502 2.32449,
	12.7343 2.32536,
	12.7183 2.32698,
	12.7143 2.32736,
	12.7063 2.32848,
	12.7053 2.32861,
	12.7048 2.32873,
	12.7047 2.32848,
	12.7058 2.32449,
	12.7063 2.32249,
	12.7066 2.3215,
	12.7073 2.3205,
	12.7084 2.31651,
	12.7099 2.31451,
	12.7103 2.31401,
	12.7112 2.31002,
	12.7117 2.30603,
	12.7123 2.30403,
	12.7132 2.30204,
	12.7134 2.30154,
	12.7134 2.29355,
	12.7127 2.28956,
	12.7123 2.28757,
	12.7099 2.27958,
	12.7073 2.27559,
	12.7067 2.27459,
	12.7028 2.27073,
	12.7008 2.26873,
	12.7 2.26773,
	12.684 2.25975,
	12.68 2.25775,
	12.678 2.25676,
	12.67 2.25414,
	12.666 2.25289,
	12.662 2.25139,
	12.658 2.25027,
	12.656 2.24977,
	12.6481 2.24628,
	12.6441 2.24453,
	12.6401 2.24253,
	12.6241 2.23131,
	12.6161 2.22569,
	12.6123 2.22258,
	12.6098 2.21858,
	12.6091 2.21759,
	12.6083 2.2136,
	12.6081 2.2126,
	12.608 2.2121,
	12.608 2.21185,
	"/>
</Transform>

<Transform dim="1"
 xcoef=" -0.0505760234958798 1 0 0 0 0"
 ycoef=" 0.259720904029232 0 1 0 0 0">
<Contour name="d046_cfa32" hidden="false" closed="false" simplified="false" border="0 1 0" fill="0 1 0" mode="11"
 points="14.3375 2.37682,
	14.3574 2.44064,
	14.4661 2.51643,
	"/>
<Contour name="d046_c32" hidden="false" closed="true" simplified="true" border="1 0 0" fill="1 0 0" mode="11"
 points="14.3075 2.41034,
	14.3314 2.37843,
	14.3344 2.37444,
	14.3982 2.34453,
	14.4142 2.33655,
	14.4461 2.34951,
	14.4541 2.3545,
	14.479 2.38641,
	14.486 2.41832,
	14.49 2.43428,
	14.474 2.4981,
	14.472 2.50608,
	14.4431 2.53799,
	14.4411 2.53899,
	14.4092 2.53301,
	14.3933 2.53001,
	14.3773 2.52503,
	14.3454 2.50907,
	14.3294 2.50109,
	14.3185 2.48514,
	14.3125 2.47716,
	14.3095 2.47317,
	14.3085 2.44126,
	14.3075 2.4253,
	14.3075 2.41733,
	14.3075 2.41334,
	14.3075 2.41134,
	"/>
</Transform>

<Transform dim="1"
 xcoef=" -0.0505760234958798 1 0 0 0 0"
 ycoef=" 0.259720904029232 0 1 0 0 0">
<Contour name="d046_cfa33" hidden="false" closed="false" simplified="false" border="0 1 0" fill="0 1 0" mode="11"
 points="11.9192 3.16001,
	11.84 3.1397,
	11.7181 3.14579,
	"/>
</Transform>

<Transform dim="1"
 xcoef=" -0.0505760234958798 1 0 0 0 0"
 ycoef=" 0.259720904029232 0 1 0 0 0">
<Contour name="d046_c33" hidden="false" closed="true" simplified="true" border="1 0 0" fill="1 0 0" mode="11"
 points="11.7113 3.1033,
	11.7438 3.07689,
	11.7519 3.07079,
	11.756 3.06978,
	11.821 3.07993,
	11.8535 3.08501,
	11.886 3.10635,
	11.9185 3.13276,
	11.9226 3.1358,
	11.9185 3.16831,
	11.9063 3.20082,
	11.9033 3.20894,
	11.9012 3.21301,
	11.8687 3.23535,
	11.8525 3.24043,
	11.82 3.24754,
	11.8118 3.24958,
	11.7793 3.24754,
	11.7631 3.24653,
	11.761 3.24653,
	11.7448 3.23434,
	11.7367 3.22824,
	11.7326 3.22418,
	11.7245 3.20793,
	11.7224 3.1998,
	11.7194 3.16729,
	11.7143 3.13479,
	11.7123 3.11854,
	11.7123 3.11041,
	11.7113 3.10635,
	11.7113 3.10431,
	"/>
</Transform>

<Transform dim="1"
 xcoef=" -0.0505760234958798 1 0 0 0 0"
 ycoef=" 0.259720904029232 0 1 0 0 0">
<Contour name="D037" hidden="false" closed="true" simplified="true" border="0 0 1" fill="0 0 1" mode="11"
 points="10.6837 0.204512,
	10.6869 0.188777,
	10.6964 0.173729,
	10.7119 0.160026,
	10.7325 0.148268,
	10.7575 0.138968,
	10.7857 0.132533,
	10.8158 0.129243,
	10.8467 0.129243,
	10.8769 0.132533,
	10.9051 0.138968,
	10.93 0.148268,
	10.9507 0.160026,
	10.9661 0.173729,
	10.9756 0.188777,
	10.9789 0.204512,
	10.9756 0.220248,
	10.9661 0.235296,
	10.9507 0.248998,
	10.93 0.260756,
	10.9051 0.270057,
	10.8769 0.276492,
	10.8467 0.279782,
	10.8158 0.279782,
	10.7857 0.276492,
	10.7575 0.270057,
	10.7325 0.260756,
	10.7119 0.248998,
	10.6964 0.235296,
	10.6869 0.220248,
	"/>
</Transform>

<Transform dim="1"
 xcoef=" -0.0505760234958798 1 0 0 0 0"
 ycoef=" 0.259720904029232 0 1 0 0 0">
<Contour name="D020" hidden="false" closed="true" simplified="true" border="0 0 1" fill="0 0 1" mode="11"
 points="9.61691 5.76124,
	9.61762 5.74769,
	9.61974 5.73431,
	9.62325 5.72129,
	9.62809 5.70878,
	9.63421 5.69696,
	9.64152 5.68598,
	9.64994 5.67598,
	9.65934 5.66709,
	9.66962 5.65943,
	9.68062 5.65309,
	9.69222 5.64817,
	9.70425 5.64471,
	9.71657 5.64278,
	9.72901 5.64239,
	9.74141 5.64356,
	9.7536 5.64625,
	9.76544 5.65045,
	9.77676 5.65609,
	9.78741 5.6631,
	9.79727 5.67139,
	9.80619 5.68085,
	9.81407 5.69136,
	9.8208 5.70278,
	9.82629 5.71496,
	9.83047 5.72774,
	9.83329 5.74097,
	9.83471 5.75445,
	9.83471 5.76803,
	9.83329 5.78152,
	9.83047 5.79474,
	9.82629 5.80752,
	9.8208 5.81971,
	9.81407 5.83113,
	9.80619 5.84164,
	9.79727 5.8511,
	9.78741 5.85939,
	9.77676 5.8664,
	9.76544 5.87204,
	9.7536 5.87623,
	9.74141 5.87893,
	9.72901 5.88009,
	9.71657 5.8797,
	9.70425 5.87777,
	9.69222 5.87432,
	9.68062 5.86939,
	9.66962 5.86306,
	9.65934 5.85539,
	9.64994 5.8465,
	9.64152 5.8365,
	9.63421 5.82552,
	9.62809 5.8137,
	9.62325 5.8012,
	9.61974 5.78817,
	"/>
</Transform>

<Transform dim="1"
 xcoef=" -0.0505760234958798 1 0 0 0 0"
 ycoef=" 0.259720904029232 0 1 0 0 0">
<Contour name="D022" hidden="false" closed="true" simplified="true" border="0 0 1" fill="0 0 1" mode="11"
 points="17.4599 4.2926,
	17.4611 4.27644,
	17.4646 4.26057,
	17.4705 4.24524,
	17.4785 4.23072,
	17.4886 4.21727,
	17.5006 4.2051,
	17.5143 4.19442,
	17.5295 4.18543,
	17.5458 4.17827,
	17.563 4.17307,
	17.5809 4.16991,
	17.5991 4.16885,
	17.6172 4.16991,
	17.6351 4.17307,
	17.6524 4.17827,
	17.6687 4.18543,
	17.6838 4.19442,
	17.6975 4.2051,
	17.7095 4.21727,
	17.7196 4.23072,
	17.7277 4.24524,
	17.7335 4.26057,
	17.7371 4.27644,
	17.7383 4.2926,
	17.7371 4.30875,
	17.7335 4.32462,
	17.7277 4.33995,
	17.7196 4.35447,
	17.7095 4.36793,
	17.6975 4.38009,
	17.6838 4.39077,
	17.6687 4.39976,
	17.6524 4.40692,
	17.6351 4.41212,
	17.6172 4.41528,
	17.5991 4.41634,
	17.5809 4.41528,
	17.563 4.41212,
	17.5458 4.40692,
	17.5295 4.39976,
	17.5143 4.39077,
	17.5006 4.38009,
	17.4886 4.36793,
	17.4785 4.35447,
	17.4705 4.33995,
	17.4646 4.32462,
	17.4611 4.30875,
	"/>
</Transform>

<Transform dim="1"
 xcoef=" -0.0505760234958798 1 0 0 0 0"
 ycoef=" 0.259720904029232 0 1 0 0 0">
<Contour name="D033" hidden="false" closed="true" simplified="true" border="0 0 1" fill="0 0 1" mode="11"
 points="10.6415 2.53438,
	10.6425 2.52465,
	10.6456 2.51526,
	10.6507 2.50651,
	10.6575 2.49872,
	10.6659 2.49213,
	10.6756 2.48699,
	10.6861 2.48346,
	10.6973 2.48167,
	10.7086 2.48167,
	10.7198 2.48346,
	10.7304 2.48699,
	10.74 2.49213,
	10.7484 2.49872,
	10.7553 2.50651,
	10.7603 2.51526,
	10.7634 2.52465,
	10.7645 2.53438,
	10.7634 2.54411,
	10.7603 2.55351,
	10.7553 2.56225,
	10.7484 2.57005,
	10.74 2.57663,
	10.7304 2.58177,
	10.7198 2.5853,
	10.7086 2.5871,
	10.6973 2.5871,
	10.6861 2.5853,
	10.6756 2.58177,
	10.6659 2.57663,
	10.6575 2.57005,
	10.6507 2.56225,
	10.6456 2.55351,
	10.6425 2.54411,
	"/>
</Transform>

<Transform dim="1"
 xcoef=" 0.166757004657194 1 0 0 0 0"
 ycoef=" 0.146707729389634 0 1 0 0 0">
<Contour name="d020_p17" hidden="false" closed="true" simplified="true" border="1 1 0" fill="1 1 0" mode="11"
 points="11.2607 6.14134,
	11.261 6.13854,
	11.2617 6.13784,
	11.2624 6.13505,
	11.2624 6.13435,
	11.2631 6.13365,
	11.2635 6.13085,
	11.2666 6.11967,
	11.267 6.11687,
	11.2677 6.11547,
	11.268 6.11268,
	11.2701 6.10708,
	11.2729 6.10149,
	11.2736 6.10114,
	11.2736 6.10044,
	11.2782 6.09555,
	11.281 6.09345,
	11.2824 6.09275,
	11.2827 6.09205,
	11.2841 6.09171,
	11.2897 6.08856,
	11.2925 6.08716,
	11.2981 6.08611,
	11.3093 6.08541,
	11.3316 6.08541,
	11.354 6.08646,
	11.3596 6.08751,
	11.3624 6.08786,
	11.3638 6.08856,
	11.375 6.09101,
	11.3757 6.09171,
	11.3813 6.0938,
	11.3841 6.09485,
	11.3855 6.0959,
	11.3869 6.09625,
	11.3883 6.0973,
	11.3911 6.09835,
	11.3967 6.10184,
	11.398 6.10254,
	11.4022 6.10708,
	11.4057 6.11268,
	11.4061 6.11407,
	11.4068 6.11477,
	11.4078 6.12037,
	11.4082 6.13155,
	11.4075 6.13435,
	11.4075 6.13574,
	11.4061 6.13854,
	11.4057 6.13994,
	11.405 6.14064,
	11.4047 6.14204,
	11.4029 6.14483,
	11.3942 6.15497,
	11.3897 6.15986,
	11.3872 6.16196,
	11.3858 6.16301,
	11.3851 6.16301,
	11.3799 6.16685,
	11.3743 6.17,
	11.3729 6.1707,
	11.3722 6.17139,
	11.3708 6.17174,
	11.3683 6.17384,
	11.3631 6.17699,
	11.3617 6.17734,
	11.3603 6.17839,
	11.3589 6.17873,
	11.3575 6.17978,
	11.3561 6.18013,
	11.3558 6.18083,
	11.353 6.18153,
	11.3502 6.18293,
	11.3488 6.18398,
	11.3474 6.18433,
	11.346 6.18538,
	11.3446 6.18572,
	11.3439 6.18642,
	11.333 6.19062,
	11.3274 6.19167,
	11.3163 6.19202,
	11.3107 6.19097,
	11.3093 6.19097,
	11.3037 6.18852,
	11.2984 6.18538,
	11.2977 6.18538,
	11.2949 6.18363,
	11.2921 6.18258,
	11.2907 6.18153,
	11.2893 6.18118,
	11.2838 6.17804,
	11.2831 6.17804,
	11.2803 6.17629,
	11.2796 6.17559,
	11.2789 6.17559,
	11.2761 6.17349,
	11.2747 6.17279,
	11.2691 6.16755,
	11.267 6.1651,
	11.267 6.1644,
	11.2652 6.16161,
	11.2645 6.16091,
	11.2642 6.15951,
	11.2642 6.15881,
	11.261 6.15357,
	11.2607 6.14238,
	11.2607 6.14169,
	"/>
</Transform>

<Transform dim="1"
 xcoef=" 0.166757004657194 1 0 0 0 0"
 ycoef=" 0.146707729389634 0 1 0 0 0">
<Contour name="d020" hidden="false" closed="true" simplified="true" border="1 1 0" fill="1 1 0" mode="11"
 points="9.42091 5.53602,
	9.42591 5.51466,
	9.42825 5.50932,
	9.43425 5.49864,
	9.43559 5.49597,
	9.43626 5.49464,
	9.43893 5.49197,
	9.4426 5.48663,
	9.44693 5.48129,
	9.45761 5.47195,
	9.46028 5.46928,
	9.46295 5.46828,
	9.46829 5.46461,
	9.47096 5.4626,
	9.4763 5.4596,
	9.47897 5.45793,
	9.48431 5.45593,
	9.48698 5.45493,
	9.48965 5.45326,
	9.49499 5.45126,
	9.49632 5.45092,
	9.49899 5.44892,
	9.50166 5.44792,
	9.503 5.44759,
	9.51367 5.44058,
	9.52435 5.43557,
	9.52969 5.43324,
	9.54037 5.42723,
	9.54304 5.42556,
	9.54437 5.4249,
	9.54504 5.4249,
	9.54771 5.42289,
	9.54905 5.42256,
	9.54971 5.42256,
	9.55105 5.42123,
	9.55639 5.41889,
	9.57774 5.40588,
	9.58308 5.40287,
	9.58842 5.40054,
	9.59109 5.39887,
	9.59243 5.39787,
	9.59376 5.39787,
	9.60444 5.39086,
	9.61512 5.38552,
	9.62046 5.38285,
	9.6258 5.37951,
	9.62846 5.37851,
	9.6298 5.37851,
	9.63247 5.37684,
	9.64315 5.37284,
	9.64582 5.37184,
	9.64849 5.37017,
	9.65116 5.3695,
	9.6565 5.36717,
	9.65916 5.3665,
	9.66183 5.36516,
	9.66317 5.3645,
	9.66384 5.3645,
	9.66517 5.36316,
	9.67051 5.36183,
	9.67185 5.36149,
	9.67318 5.36049,
	9.69454 5.35382,
	9.71589 5.34915,
	9.72657 5.34648,
	9.73191 5.34548,
	9.73458 5.34481,
	9.73591 5.34381,
	9.74125 5.34281,
	9.74259 5.34281,
	9.74526 5.34181,
	9.74659 5.34114,
	9.75193 5.34114,
	9.76261 5.33947,
	9.77329 5.33947,
	9.77863 5.33947,
	9.78931 5.34114,
	9.79998 5.34114,
	9.80532 5.34147,
	9.816 5.34381,
	9.82134 5.34548,
	9.82668 5.34648,
	9.82935 5.34648,
	9.83469 5.34781,
	9.84537 5.35215,
	9.85605 5.35382,
	9.85871 5.35482,
	9.86939 5.35582,
	9.87006 5.35582,
	9.8714 5.35682,
	9.88207 5.35849,
	9.89275 5.36083,
	9.89409 5.36183,
	9.90476 5.36516,
	9.90743 5.36583,
	9.90877 5.36683,
	9.93013 5.37384,
	9.9328 5.37451,
	9.93413 5.37451,
	9.9368 5.37618,
	9.94748 5.37851,
	9.95282 5.37951,
	9.9635 5.38285,
	9.96883 5.38452,
	9.97017 5.38485,
	9.97084 5.38485,
	9.97184 5.38619,
	9.97718 5.38685,
	9.97985 5.38719,
	9.98252 5.38919,
	9.98519 5.38986,
	9.98786 5.39186,
	9.99319 5.39386,
	9.99453 5.3942,
	9.9952 5.3942,
	9.99653 5.39553,
	9.9992 5.39653,
	10.0005 5.39753,
	10.0019 5.39787,
	10.0025 5.39787,
	10.0035 5.3992,
	10.0142 5.40421,
	10.0169 5.40588,
	10.0196 5.40821,
	10.0249 5.41188,
	10.0262 5.41288,
	10.0269 5.41355,
	10.0282 5.41355,
	10.0389 5.42189,
	10.0442 5.42623,
	10.0493 5.43124,
	10.0576 5.44191,
	10.0666 5.45259,
	10.0709 5.45793,
	10.0733 5.4606,
	10.0766 5.46594,
	10.0783 5.46861,
	10.0786 5.46995,
	10.081 5.47261,
	10.0826 5.47528,
	10.085 5.48062,
	10.086 5.48329,
	10.088 5.48596,
	10.0883 5.4873,
	10.0883 5.48796,
	10.0903 5.49063,
	10.0906 5.49197,
	10.0906 5.49264,
	10.0946 5.49798,
	10.0956 5.50065,
	10.0966 5.50198,
	10.0983 5.50732,
	10.0993 5.50999,
	10.0996 5.51132,
	10.1013 5.51399,
	10.1137 5.55671,
	10.114 5.56205,
	10.1163 5.57272,
	10.1193 5.61544,
	10.1197 5.62611,
	10.1187 5.63145,
	10.114 5.64213,
	10.1117 5.64747,
	10.1103 5.65014,
	10.1097 5.65281,
	10.108 5.65548,
	10.1077 5.65815,
	10.1073 5.65948,
	10.1073 5.66015,
	10.106 5.66149,
	10.103 5.67216,
	10.098 5.68284,
	10.0953 5.68818,
	10.093 5.69085,
	10.0893 5.69619,
	10.0836 5.70687,
	10.0786 5.71755,
	10.0776 5.72022,
	10.0706 5.7309,
	10.0689 5.73356,
	10.0683 5.7349,
	10.0583 5.74558,
	10.0569 5.74691,
	10.0463 5.75325,
	10.0409 5.75692,
	10.0392 5.75859,
	10.0379 5.75893,
	10.0369 5.75993,
	10.0356 5.76026,
	10.0302 5.7646,
	10.0289 5.76527,
	10.0239 5.77027,
	10.0186 5.77461,
	10.0095 5.78529,
	10.0055 5.79063,
	10.0045 5.79196,
	10.0032 5.79263,
	9.9982 5.79763,
	9.99286 5.79997,
	9.98752 5.80097,
	9.94481 5.80131,
	9.92345 5.80097,
	9.92078 5.80097,
	9.9101 5.80331,
	9.90476 5.80397,
	9.89409 5.80631,
	9.88341 5.80765,
	9.87807 5.80865,
	9.8754 5.80931,
	9.87473 5.80998,
	9.83202 5.81232,
	9.82668 5.81232,
	9.80532 5.80998,
	9.79998 5.80898,
	9.75727 5.80664,
	9.73591 5.80664,
	9.72524 5.80664,
	9.71456 5.80498,
	9.70922 5.80364,
	9.70655 5.80297,
	9.66384 5.8003,
	9.65316 5.7993,
	9.64248 5.79763,
	9.63981 5.79697,
	9.63714 5.79563,
	9.6318 5.79496,
	9.62646 5.7933,
	9.61578 5.78862,
	9.61311 5.78796,
	9.60244 5.78095,
	9.59977 5.77928,
	9.59843 5.77795,
	9.59776 5.77728,
	9.59643 5.77695,
	9.58609 5.76627,
	9.58075 5.76093,
	9.57374 5.75025,
	9.57007 5.74491,
	9.56807 5.74224,
	9.56673 5.73957,
	9.56606 5.73824,
	9.55605 5.72756,
	9.55071 5.72255,
	9.54604 5.71721,
	9.54437 5.71454,
	9.53903 5.70954,
	9.53636 5.70687,
	9.53436 5.7042,
	9.52902 5.7012,
	9.51835 5.69386,
	9.50767 5.68551,
	9.50233 5.68117,
	9.48097 5.66149,
	9.47029 5.65181,
	9.46495 5.6468,
	9.4466 5.62545,
	9.44293 5.62011,
	9.43692 5.60943,
	9.43392 5.60409,
	9.42992 5.59341,
	9.42758 5.58807,
	9.42391 5.5774,
	9.42224 5.57206,
	9.42091 5.5507,
	9.42091 5.54002,
	9.42091 5.53735,
	9.42091 5.53635,
	"/>
</Transform>

<Transform dim="1"
 xcoef=" 10.3863949419383 1 0 0 0 0"
 ycoef=" 13.4027273818058 0 1 0 0 0">
<Image mag="0.00201646" contrast="1.4071" brightness="-0.495" red="true" green="true" blue="true"
 src="157.tif_1.bmp" />
<Contour name="domain1" hidden="false" closed="true" simplified="false" border="1 0 1" fill="1 0 1" mode="11"
 points="0 0,
	16383 0,
	16383 16383,
	0 16383,
	"/>
</Transform>

</Section>