<?xml version="1.0"?>
<!DOCTYPE Section SYSTEM "section.dtd">

<Section index="94" thickness="0.052" alignLocked="true">
<Transform dim="1"
 xcoef=" 0.332906357756479 1 0 0 0 0"
 ycoef=" 0.581947555488784 0 1 0 0 0">
<Contour name="D054" hidden="false" closed="true" simplified="true" border="0 0 1" fill="0 0 1" mode="13"
 points="2.31151 1.65458,
	2.31326 1.63121,
	2.31846 1.60858,
	2.32695 1.58744,
	2.33845 1.56845,
	2.35258 1.55223,
	2.36891 1.5393,
	2.38689 1.53007,
	2.40596 1.52485,
	2.4255 1.5238,
	2.44488 1.52695,
	2.46349 1.5342,
	2.48071 1.54532,
	2.496 1.55996,
	2.50887 1.57763,
	2.5189 1.59778,
	2.52577 1.61976,
	2.52927 1.64285,
	2.52927 1.66632,
	2.52577 1.68941,
	2.5189 1.71139,
	2.50887 1.73154,
	2.496 1.74921,
	2.48071 1.76385,
	2.46349 1.77497,
	2.44488 1.78222,
	2.4255 1.78537,
	2.40596 1.78432,
	2.38689 1.7791,
	2.36891 1.76987,
	2.35258 1.75694,
	2.33845 1.74072,
	2.32695 1.72173,
	2.31846 1.70059,
	"/>
</Transform>

<Transform dim="1"
 xcoef=" 0.332906357756479 1 0 0 0 0"
 ycoef=" 0.581947555488784 0 1 0 0 0">
<Contour name="D055" hidden="false" closed="true" simplified="true" border="0 0 1" fill="0 0 1" mode="13"
 points="1.13003 2.48404,
	1.13305 2.45731,
	1.14191 2.43212,
	1.15612 2.40995,
	1.17484 2.39209,
	1.19699 2.37957,
	1.22128 2.37313,
	1.24629 2.37313,
	1.27057 2.37957,
	1.29272 2.39209,
	1.31144 2.40995,
	1.32565 2.43212,
	1.33452 2.45731,
	1.33753 2.48404,
	1.33452 2.51078,
	1.32565 2.53597,
	1.31144 2.55814,
	1.29272 2.576,
	1.27057 2.58852,
	1.24629 2.59496,
	1.22128 2.59496,
	1.19699 2.58852,
	1.17484 2.576,
	1.15612 2.55814,
	1.14191 2.53597,
	1.13305 2.51078,
	"/>
</Transform>

<Transform dim="1"
 xcoef=" 0.332906357756479 1 0 0 0 0"
 ycoef=" 0.581947555488784 0 1 0 0 0">
<Contour name="D019" hidden="false" closed="true" simplified="true" border="0 0 1" fill="0 0 1" mode="13"
 points="5.25354 4.75054,
	5.25505 4.73285,
	5.25952 4.71574,
	5.2668 4.69978,
	5.27666 4.68551,
	5.28877 4.67338,
	5.30272 4.66381,
	5.31806 4.6571,
	5.33428 4.65349,
	5.35084 4.65308,
	5.3672 4.6559,
	5.38281 4.66185,
	5.39716 4.67073,
	5.40976 4.68226,
	5.42022 4.69604,
	5.42817 4.71162,
	5.43336 4.72849,
	5.43562 4.74609,
	5.43487 4.76384,
	5.43113 4.78115,
	5.42453 4.79744,
	5.41528 4.81219,
	5.4037 4.82489,
	5.39017 4.83514,
	5.37513 4.84259,
	5.35908 4.84699,
	5.34256 4.8482,
	5.3261 4.84618,
	5.31025 4.841,
	5.29554 4.83283,
	5.28246 4.82193,
	5.27143 4.80868,
	5.26282 4.7935,
	5.25692 4.77689,
	"/>
</Transform>

<Transform dim="1"
 xcoef=" 0.332906357756479 1 0 0 0 0"
 ycoef=" 0.581947555488784 0 1 0 0 0">
<Contour name="D023" hidden="false" closed="true" simplified="true" border="0 0 1" fill="0 0 1" mode="13"
 points="8.2743 2.82968,
	8.27688 2.8085,
	8.2845 2.78831,
	8.29681 2.77005,
	8.31323 2.75459,
	8.333 2.74263,
	8.35518 2.73474,
	8.37874 2.7313,
	8.40258 2.73245,
	8.42559 2.73815,
	8.44668 2.74813,
	8.46488 2.76192,
	8.47933 2.77888,
	8.48935 2.79822,
	8.49449 2.81903,
	8.49449 2.84033,
	8.48935 2.86114,
	8.47933 2.88048,
	8.46488 2.89744,
	8.44668 2.91123,
	8.42559 2.92121,
	8.40258 2.92691,
	8.37874 2.92806,
	8.35518 2.92461,
	8.333 2.91673,
	8.31323 2.90477,
	8.29681 2.88931,
	8.2845 2.87105,
	"/>
</Transform>

<Transform dim="1"
 xcoef=" 0.332906357756479 1 0 0 0 0"
 ycoef=" 0.581947555488784 0 1 0 0 0">
<Contour name="D021" hidden="false" closed="true" simplified="true" border="0 0 1" fill="0 0 1" mode="13"
 points="5.7468 6.87391,
	5.74802 6.85687,
	5.75166 6.84021,
	5.75761 6.82432,
	5.76577 6.80957,
	5.77592 6.79628,
	5.78785 6.78478,
	5.80128 6.77531,
	5.8159 6.7681,
	5.83139 6.76332,
	5.84737 6.76106,
	5.86349 6.76138,
	5.87939 6.76428,
	5.89469 6.76969,
	5.90904 6.77748,
	5.92212 6.78747,
	5.93364 6.79945,
	5.94331 6.81313,
	5.95093 6.8282,
	5.95632 6.84431,
	5.95935 6.86111,
	5.95996 6.87819,
	5.95813 6.89518,
	5.95391 6.91168,
	5.94739 6.92732,
	5.93872 6.94173,
	5.92809 6.9546,
	5.91576 6.96562,
	5.902 6.97454,
	5.88713 6.98115,
	5.87149 6.98532,
	5.85544 6.98693,
	5.83934 6.98596,
	5.82356 6.98243,
	5.80846 6.97641,
	5.7944 6.96805,
	5.78168 6.95754,
	5.77061 6.94511,
	5.76143 6.93105,
	5.75435 6.91569,
	5.74954 6.89937,
	"/>
</Transform>

<Transform dim="1"
 xcoef=" 0.332906357756479 1 0 0 0 0"
 ycoef=" 0.581947555488784 0 1 0 0 0">
<Contour name="D025" hidden="false" closed="true" simplified="true" border="0 0 1" fill="0 0 1" mode="13"
 points="3.62483 4.15282,
	3.62675 4.13877,
	3.63243 4.12518,
	3.64169 4.11251,
	3.65422 4.10117,
	3.66962 4.09154,
	3.68736 4.08394,
	3.70686 4.07861,
	3.72749 4.07574,
	3.74854 4.07542,
	3.76934 4.07766,
	3.78918 4.08238,
	3.80742 4.08944,
	3.82345 4.09859,
	3.83675 4.10953,
	3.84686 4.12191,
	3.85346 4.13531,
	3.85633 4.14929,
	3.85537 4.16338,
	3.85061 4.17713,
	3.84222 4.19007,
	3.83047 4.20178,
	3.81575 4.21187,
	3.79854 4.22,
	3.77942 4.22592,
	3.75902 4.22942,
	3.738 4.23038,
	3.71708 4.22878,
	3.69693 4.22466,
	3.67823 4.21817,
	3.66159 4.20952,
	3.64757 4.19899,
	3.63663 4.18693,
	3.62913 4.17375,
	"/>
</Transform>

<Transform dim="1"
 xcoef=" 0.332906357756479 1 0 0 0 0"
 ycoef=" 0.581947555488784 0 1 0 0 0">
<Contour name="D028" hidden="false" closed="true" simplified="true" border="0 0 1" fill="0 0 1" mode="13"
 points="7.20479 7.34931,
	7.20529 7.33987,
	7.20677 7.33055,
	7.20921 7.32149,
	7.21258 7.31281,
	7.21684 7.30462,
	7.22192 7.29703,
	7.22776 7.29015,
	7.23428 7.28408,
	7.24139 7.27888,
	7.249 7.27463,
	7.257 7.2714,
	7.26528 7.26922,
	7.27373 7.26812,
	7.28224 7.26812,
	7.2907 7.26922,
	7.29898 7.2714,
	7.30698 7.27463,
	7.31459 7.27888,
	7.3217 7.28408,
	7.32822 7.29015,
	7.33406 7.29703,
	7.33914 7.30462,
	7.3434 7.31281,
	7.34677 7.32149,
	7.34921 7.33055,
	7.35069 7.33987,
	7.35118 7.34931,
	7.35069 7.35875,
	7.34921 7.36806,
	7.34677 7.37712,
	7.3434 7.38581,
	7.33914 7.394,
	7.33406 7.40158,
	7.32822 7.40846,
	7.3217 7.41454,
	7.31459 7.41974,
	7.30698 7.42398,
	7.29898 7.42722,
	7.2907 7.4294,
	7.28224 7.4305,
	7.27373 7.4305,
	7.26528 7.4294,
	7.257 7.42722,
	7.249 7.42398,
	7.24139 7.41974,
	7.23428 7.41454,
	7.22776 7.40846,
	7.22192 7.40158,
	7.21684 7.394,
	7.21258 7.38581,
	7.20921 7.37712,
	7.20677 7.36806,
	"/>
</Transform>

<Transform dim="1"
 xcoef=" 0.332906357756479 1 0 0 0 0"
 ycoef=" 0.581947555488784 0 1 0 0 0">
<Contour name="D030_oblique" hidden="false" closed="true" simplified="true" border="0 0 1" fill="0 0 1" mode="13"
 points="9.86339 6.82307,
	9.86495 6.81221,
	9.8696 6.80172,
	9.87717 6.79193,
	9.88742 6.78317,
	9.9 6.77573,
	9.9145 6.76986,
	9.93044 6.76575,
	9.9473 6.76353,
	9.96451 6.76328,
	9.98151 6.76501,
	9.99773 6.76866,
	10.0126 6.77411,
	10.0257 6.78118,
	10.0366 6.78963,
	10.0449 6.79919,
	10.0503 6.80954,
	10.0526 6.82034,
	10.0518 6.83123,
	10.0479 6.84184,
	10.0411 6.85184,
	10.0315 6.86088,
	10.0194 6.86868,
	10.0054 6.87496,
	9.98975 6.87953,
	9.97307 6.88223,
	9.9559 6.88297,
	9.93879 6.88174,
	9.92232 6.87856,
	9.90704 6.87354,
	9.89344 6.86686,
	9.88198 6.85873,
	9.87303 6.84942,
	9.8669 6.83923,
	"/>
</Transform>

<Transform dim="1"
 xcoef=" 0.332906357756479 1 0 0 0 0"
 ycoef=" 0.581947555488784 0 1 0 0 0">
<Contour name="D032" hidden="false" closed="true" simplified="true" border="0 0 1" fill="0 0 1" mode="13"
 points="5.45227 1.82613,
	5.45417 1.7649,
	5.45979 1.70653,
	5.46886 1.65375,
	5.48097 1.60903,
	5.49553 1.57446,
	5.51188 1.55167,
	5.52925 1.5417,
	5.54682 1.54504,
	5.56378 1.56151,
	5.57932 1.59037,
	5.59274 1.63024,
	5.60339 1.67928,
	5.61078 1.73518,
	5.61456 1.79533,
	5.61456 1.85693,
	5.61078 1.91708,
	5.60339 1.97298,
	5.59274 2.02202,
	5.57932 2.06189,
	5.56378 2.09075,
	5.54682 2.10722,
	5.52925 2.11056,
	5.51188 2.10059,
	5.49553 2.0778,
	5.48097 2.04323,
	5.46886 1.99851,
	5.45979 1.94573,
	"/>
</Transform>

<Transform dim="1"
 xcoef=" 0.332906357756479 1 0 0 0 0"
 ycoef=" 0.581947555488784 0 1 0 0 0">
<Contour name="D041_oblique" hidden="false" closed="true" simplified="true" border="0 0 1" fill="0 0 1" mode="13"
 points="9.12578 0.727285,
	9.12654 0.714452,
	9.12881 0.701786,
	9.13256 0.689453,
	9.13775 0.677613,
	9.1443 0.66642,
	9.15213 0.656021,
	9.16113 0.646551,
	9.1712 0.638133,
	9.1822 0.630878,
	9.19398 0.624879,
	9.20639 0.620216,
	9.21928 0.616948,
	9.23246 0.615119,
	9.24578 0.614752,
	9.25905 0.615852,
	9.27211 0.618404,
	9.28478 0.622376,
	9.2969 0.627716,
	9.3083 0.634354,
	9.31885 0.642203,
	9.32841 0.651162,
	9.33684 0.661113,
	9.34404 0.671926,
	9.34992 0.683461,
	9.3544 0.695568,
	9.35741 0.708088,
	9.35893 0.720858,
	9.35893 0.733712,
	9.35741 0.746483,
	9.3544 0.759003,
	9.34992 0.771109,
	9.34404 0.782644,
	9.33684 0.793458,
	9.32841 0.803409,
	9.31885 0.812367,
	9.3083 0.820216,
	9.2969 0.826854,
	9.28478 0.832194,
	9.27211 0.836166,
	9.25905 0.838719,
	9.24578 0.839819,
	9.23246 0.839452,
	9.21928 0.837622,
	9.20639 0.834355,
	9.19398 0.829691,
	9.1822 0.823693,
	9.1712 0.816437,
	9.16113 0.80802,
	9.15213 0.798549,
	9.1443 0.78815,
	9.13775 0.776958,
	9.13256 0.765118,
	9.12881 0.752784,
	"/>
</Transform>

<Transform dim="1"
 xcoef=" 0.332906357756479 1 0 0 0 0"
 ycoef=" 0.581947555488784 0 1 0 0 0">
<Contour name="D043" hidden="false" closed="true" simplified="true" border="0 0 1" fill="0 0 1" mode="13"
 points="1.53046 8.36405,
	1.53184 8.34462,
	1.53591 8.32592,
	1.54254 8.30864,
	1.55146 8.29343,
	1.56236 8.28084,
	1.57481 8.27136,
	1.58837 8.26533,
	1.60252 8.26298,
	1.61673 8.26439,
	1.63048 8.26952,
	1.64326 8.27817,
	1.65458 8.29001,
	1.66404 8.30462,
	1.67126 8.32144,
	1.67599 8.33985,
	1.67805 8.35916,
	1.67736 8.37866,
	1.67395 8.3976,
	1.66795 8.4153,
	1.65957 8.43109,
	1.64913 8.44438,
	1.63702 8.45468,
	1.6237 8.4616,
	1.60965 8.46488,
	1.5954 8.46441,
	1.58148 8.4602,
	1.56842 8.45241,
	1.55669 8.44132,
	1.54673 8.42735,
	1.53892 8.41103,
	1.53355 8.39296,
	"/>
</Transform>

<Transform dim="1"
 xcoef=" 0.332906357756479 1 0 0 0 0"
 ycoef=" 0.581947555488784 0 1 0 0 0">
<Contour name="D044" hidden="false" closed="true" simplified="true" border="0 0 1" fill="0 0 1" mode="13"
 points="3.44481 8.21785,
	3.44684 8.1986,
	3.45278 8.18071,
	3.46221 8.16546,
	3.47447 8.15394,
	3.48867 8.14696,
	3.50381 8.14501,
	3.51882 8.14824,
	3.53262 8.15642,
	3.54424 8.16896,
	3.55286 8.18498,
	3.55785 8.20334,
	3.55887 8.22272,
	3.55583 8.24176,
	3.54897 8.2591,
	3.53876 8.27351,
	3.52593 8.28396,
	3.5114 8.28972,
	3.49619 8.29037,
	3.48138 8.28586,
	3.46804 8.27653,
	3.4571 8.26302,
	3.44934 8.2463,
	"/>
</Transform>

<Transform dim="1"
 xcoef=" 0.332906357756479 1 0 0 0 0"
 ycoef=" 0.581947555488784 0 1 0 0 0">
<Contour name="D045_ASPINY_NOCANDIDATES" hidden="false" closed="true" simplified="true" border="0 0 1" fill="0 0 1" mode="13"
 points="3.1716 8.82323,
	3.17356 8.80365,
	3.17934 8.78502,
	3.18868 8.76823,
	3.20111 8.75411,
	3.21603 8.74334,
	3.23272 8.73643,
	3.25037 8.73373,
	3.26814 8.73535,
	3.28515 8.74123,
	3.30058 8.75108,
	3.3137 8.76442,
	3.32385 8.78061,
	3.33056 8.79887,
	3.33349 8.8183,
	3.33251 8.83797,
	3.32766 8.85692,
	3.31918 8.87425,
	3.30747 8.8891,
	3.29311 8.90077,
	3.27679 8.90868,
	3.2593 8.91246,
	3.24148 8.91192,
	3.2242 8.90708,
	3.2083 8.89819,
	3.19454 8.88566,
	3.18359 8.87012,
	3.17599 8.8523,
	"/>
</Transform>

<Transform dim="1"
 xcoef=" 0.332906357756479 1 0 0 0 0"
 ycoef=" 0.581947555488784 0 1 0 0 0">
<Contour name="D046" hidden="false" closed="true" simplified="true" border="0 0 1" fill="0 0 1" mode="13"
 points="12.5744 2.37662,
	12.5764 2.36264,
	12.5821 2.34914,
	12.5915 2.33658,
	12.6042 2.32538,
	12.6198 2.31592,
	12.6377 2.30853,
	12.6573 2.30346,
	12.678 2.30088,
	12.6991 2.30088,
	12.7198 2.30346,
	12.7394 2.30853,
	12.7573 2.31592,
	12.7729 2.32538,
	12.7855 2.33658,
	12.7949 2.34914,
	12.8007 2.36264,
	12.8026 2.37662,
	12.8007 2.3906,
	12.7949 2.4041,
	12.7855 2.41666,
	12.7729 2.42786,
	12.7573 2.43732,
	12.7394 2.44471,
	12.7198 2.44978,
	12.6991 2.45236,
	12.678 2.45236,
	12.6573 2.44978,
	12.6377 2.44471,
	12.6198 2.43732,
	12.6042 2.42786,
	12.5915 2.41666,
	12.5821 2.4041,
	12.5764 2.3906,
	"/>
</Transform>

<Transform dim="1"
 xcoef=" 0.332906357756479 1 0 0 0 0"
 ycoef=" 0.581947555488784 0 1 0 0 0">
<Contour name="D047" hidden="false" closed="true" simplified="true" border="0 0 1" fill="0 0 1" mode="13"
 points="4.46768 2.81563,
	4.46852 2.79895,
	4.47103 2.78249,
	4.47517 2.76645,
	4.4809 2.75104,
	4.48813 2.73646,
	4.49678 2.72289,
	4.50674 2.71051,
	4.51787 2.69948,
	4.53004 2.68993,
	4.54309 2.68199,
	4.55685 2.67576,
	4.57115 2.67132,
	4.5858 2.66873,
	4.60062 2.66803,
	4.61542 2.66921,
	4.63 2.67226,
	4.64418 2.67715,
	4.65778 2.68382,
	4.67063 2.69217,
	4.68255 2.7021,
	4.6934 2.71349,
	4.70304 2.72618,
	4.71135 2.74002,
	4.71821 2.75482,
	4.72355 2.77041,
	4.72728 2.78657,
	4.72938 2.80311,
	4.7298 2.8198,
	4.72854 2.83645,
	4.72562 2.85282,
	4.72108 2.86872,
	4.71497 2.88394,
	4.70737 2.89829,
	4.69838 2.91157,
	4.68812 2.92363,
	4.67671 2.93431,
	4.66431 2.94346,
	4.65106 2.95098,
	4.63715 2.95677,
	4.62275 2.96075,
	4.60803 2.96287,
	4.5932 2.96311,
	4.57844 2.96146,
	4.56394 2.95794,
	4.54989 2.9526,
	4.53646 2.9455,
	4.52383 2.93674,
	4.51216 2.92644,
	4.5016 2.91471,
	4.49228 2.90171,
	4.48433 2.88762,
	4.47784 2.8726,
	4.4729 2.85685,
	4.46957 2.84057,
	"/>
</Transform>

<Transform dim="1"
 xcoef=" 0.332906357756479 1 0 0 0 0"
 ycoef=" 0.581947555488784 0 1 0 0 0">
<Contour name="D034" hidden="false" closed="true" simplified="true" border="0 0 1" fill="0 0 1" mode="13"
 points="9.44324 2.91069,
	9.44452 2.89624,
	9.44833 2.88221,
	9.45454 2.86903,
	9.46299 2.85708,
	9.47341 2.84671,
	9.48551 2.83824,
	9.49891 2.83191,
	9.51324 2.8279,
	9.52805 2.82634,
	9.54292 2.82728,
	9.55741 2.83068,
	9.57108 2.83645,
	9.58354 2.84441,
	9.59441 2.85433,
	9.60338 2.86591,
	9.61017 2.87882,
	9.61459 2.89267,
	9.61651 2.90706,
	9.61587 2.92155,
	9.61269 2.93572,
	9.60706 2.94915,
	9.59915 2.96144,
	9.5892 2.97224,
	9.57749 2.98121,
	9.56437 2.9881,
	9.55024 2.9927,
	9.53551 2.99488,
	9.52061 2.99456,
	9.50599 2.99177,
	9.49207 2.98658,
	9.47927 2.97915,
	9.46797 2.9697,
	9.4585 2.9585,
	9.45114 2.94588,
	9.44611 2.93223,
	"/>
</Transform>

<Transform dim="1"
 xcoef=" 0.332906357756479 1 0 0 0 0"
 ycoef=" 0.581947555488784 0 1 0 0 0">
<Contour name="D035" hidden="false" closed="true" simplified="true" border="0 0 1" fill="0 0 1" mode="13"
 points="6.77666 3.01236,
	6.77732 3.00103,
	6.77927 2.98992,
	6.78247 2.97923,
	6.78688 2.96918,
	6.7924 2.95994,
	6.79893 2.95171,
	6.80634 2.94463,
	6.8145 2.93884,
	6.82324 2.93444,
	6.83241 2.93154,
	6.84182 2.93017,
	6.8513 2.93036,
	6.86067 2.93212,
	6.86974 2.93541,
	6.87836 2.94016,
	6.88634 2.94628,
	6.89354 2.95366,
	6.89983 2.96216,
	6.90508 2.97162,
	6.9092 2.98185,
	6.91209 2.99267,
	6.91372 3.00385,
	6.91405 3.0152,
	6.91307 3.0265,
	6.9108 3.03753,
	6.90729 3.04807,
	6.90259 3.05794,
	6.89681 3.06694,
	6.89005 3.0749,
	6.88244 3.08167,
	6.87412 3.08712,
	6.86525 3.09115,
	6.85601 3.09368,
	6.84656 3.09466,
	6.83709 3.09407,
	6.82778 3.09193,
	6.81881 3.08827,
	6.81034 3.08316,
	6.80253 3.07671,
	6.79555 3.06904,
	6.78951 3.06028,
	6.78453 3.05061,
	6.78072 3.04022,
	6.77813 3.02929,
	"/>
</Transform>

<Transform dim="1"
 xcoef=" 0.332906357756479 1 0 0 0 0"
 ycoef=" 0.581947555488784 0 1 0 0 0">
<Contour name="D036" hidden="false" closed="true" simplified="true" border="0 0 1" fill="0 0 1" mode="13"
 points="14.4951 0.793864,
	14.4963 0.768466,
	14.5 0.74376,
	14.5059 0.720422,
	14.5141 0.699087,
	14.5242 0.680337,
	14.5359 0.664684,
	14.549 0.652554,
	14.5631 0.644279,
	14.5778 0.640084,
	14.5927 0.640084,
	14.6074 0.644279,
	14.6215 0.652554,
	14.6346 0.664684,
	14.6464 0.680337,
	14.6565 0.699087,
	14.6646 0.720422,
	14.6706 0.74376,
	14.6743 0.768466,
	14.6755 0.793864,
	14.6743 0.819261,
	14.6706 0.843967,
	14.6646 0.867305,
	14.6565 0.88864,
	14.6464 0.90739,
	14.6346 0.923043,
	14.6215 0.935173,
	14.6074 0.943448,
	14.5927 0.947643,
	14.5778 0.947643,
	14.5631 0.943448,
	14.549 0.935173,
	14.5359 0.923043,
	14.5242 0.90739,
	14.5141 0.88864,
	14.5059 0.867305,
	14.5 0.843967,
	"/>
</Transform>

<Transform dim="1"
 xcoef=" 0.332906357756479 1 0 0 0 0"
 ycoef=" 0.581947555488784 0 1 0 0 0">
<Contour name="D039" hidden="false" closed="true" simplified="true" border="0 0 1" fill="0 0 1" mode="13"
 points="9.70254 2.2771,
	9.70437 2.25247,
	9.70977 2.22891,
	9.71851 2.20746,
	9.73021 2.18906,
	9.74436 2.1745,
	9.76033 2.16443,
	9.77743 2.15928,
	9.79491 2.15928,
	9.81202 2.16443,
	9.82799 2.1745,
	9.84213 2.18906,
	9.85383 2.20746,
	9.86257 2.22891,
	9.86797 2.25247,
	9.8698 2.2771,
	9.86797 2.30173,
	9.86257 2.32529,
	9.85383 2.34674,
	9.84213 2.36515,
	9.82799 2.3797,
	9.81202 2.38978,
	9.79491 2.39493,
	9.77743 2.39493,
	9.76033 2.38978,
	9.74436 2.3797,
	9.73021 2.36515,
	9.71851 2.34674,
	9.70977 2.32529,
	9.70437 2.30173,
	"/>
</Transform>

<Transform dim="1"
 xcoef=" 0.332906357756479 1 0 0 0 0"
 ycoef=" 0.581947555488784 0 1 0 0 0">
<Contour name="D049" hidden="false" closed="true" simplified="true" border="0 0 1" fill="0 0 1" mode="13"
 points="9.87554 3.10322,
	9.87653 3.08812,
	9.87949 3.07322,
	9.88436 3.05875,
	9.8911 3.0449,
	9.89959 3.03187,
	9.90973 3.01984,
	9.92136 3.00898,
	9.93433 2.99945,
	9.94846 2.99137,
	9.96354 2.98486,
	9.97936 2.98001,
	9.99571 2.9769,
	10.0123 2.97555,
	10.029 2.976,
	10.0456 2.97824,
	10.0617 2.98222,
	10.0772 2.98791,
	10.0918 2.99522,
	10.1054 3.00404,
	10.1177 3.01426,
	10.1286 3.02572,
	10.1379 3.03827,
	10.1455 3.05173,
	10.1514 3.06592,
	10.1553 3.08063,
	10.1573 3.09566,
	10.1573 3.11079,
	10.1553 3.12582,
	10.1514 3.14053,
	10.1455 3.15471,
	10.1379 3.16817,
	10.1286 3.18073,
	10.1177 3.19219,
	10.1054 3.2024,
	10.0918 3.21123,
	10.0772 3.21853,
	10.0617 3.22422,
	10.0456 3.22821,
	10.029 3.23044,
	10.0123 3.23089,
	9.99571 3.22955,
	9.97936 3.22643,
	9.96354 3.22158,
	9.94846 3.21508,
	9.93433 3.207,
	9.92136 3.19746,
	9.90973 3.1866,
	9.89959 3.17458,
	9.8911 3.16155,
	9.88436 3.1477,
	9.87949 3.13322,
	9.87653 3.11833,
	"/>
</Transform>

<Transform dim="1"
 xcoef=" 0.332906357756479 1 0 0 0 0"
 ycoef=" 0.581947555488784 0 1 0 0 0">
<Contour name="D049_ax03" hidden="false" closed="true" simplified="false" border="0 1 1" fill="0 1 1" mode="11"
 points="10.8155 0.322284,
	10.8236 0.314209,
	10.7913 0.281909,
	10.7994 0.273834,
	10.8317 0.306134,
	10.8398 0.298059,
	10.8398 0.322284,
	"/>
</Transform>

<Transform dim="1"
 xcoef=" 0.332906357756479 1 0 0 0 0"
 ycoef=" 0.581947555488784 0 1 0 0 0">
<Contour name="D020_ax01" hidden="false" closed="true" simplified="false" border="0 1 1" fill="0 1 1" mode="11"
 points="12.1949 7.52301,
	12.2034 7.51451,
	12.1694 7.4805,
	12.1779 7.472,
	12.2119 7.50601,
	12.2204 7.49751,
	12.2204 7.52301,
	"/>
</Transform>

<Transform dim="1"
 xcoef=" 0.332906357756479 1 0 0 0 0"
 ycoef=" 0.581947555488784 0 1 0 0 0">
<Contour name="D057" hidden="false" closed="true" simplified="true" border="0 0 1" fill="0 0 1" mode="11"
 points="7.75509 9.71209,
	7.75564 9.70305,
	7.75728 9.6941,
	7.76 9.6853,
	7.76377 9.67673,
	7.76857 9.66846,
	7.77435 9.66058,
	7.78105 9.65314,
	7.78863 9.64621,
	7.79702 9.63985,
	7.80614 9.63412,
	7.81591 9.62906,
	7.82626 9.62472,
	7.83709 9.62114,
	7.8483 9.61835,
	7.85981 9.61636,
	7.8715 9.61521,
	7.88329 9.61489,
	7.89506 9.61542,
	7.90671 9.61678,
	7.91816 9.61897,
	7.92928 9.62197,
	7.94 9.62574,
	7.95021 9.63026,
	7.95983 9.63549,
	7.96877 9.64139,
	7.97696 9.64789,
	7.98433 9.65496,
	7.99081 9.66251,
	7.99635 9.6705,
	8.00089 9.67884,
	8.0044 9.68748,
	8.00686 9.69632,
	8.00822 9.70531,
	8.0085 9.71435,
	8.00768 9.72337,
	8.00576 9.7323,
	8.00278 9.74105,
	7.99875 9.74955,
	7.9937 9.75772,
	7.98769 9.7655,
	7.98076 9.77282,
	7.97297 9.77961,
	7.96439 9.78582,
	7.9551 9.79139,
	7.94517 9.79627,
	7.9347 9.80042,
	7.92376 9.80381,
	7.91247 9.8064,
	7.90091 9.80818,
	7.88918 9.80913,
	7.87739 9.80923,
	7.86564 9.80849,
	7.85402 9.80692,
	7.84265 9.80453,
	7.83162 9.80134,
	7.82102 9.79738,
	7.81095 9.79267,
	7.80149 9.78727,
	7.79273 9.78122,
	7.78474 9.77457,
	7.77759 9.76738,
	7.77134 9.75971,
	7.76605 9.75162,
	7.76176 9.7432,
	7.75851 9.7345,
	7.75632 9.72562,
	"/>
</Transform>

<Transform dim="1"
 xcoef=" 0.332906357756479 1 0 0 0 0"
 ycoef=" 0.581947555488784 0 1 0 0 0">
<Contour name="D058_ax01" hidden="false" closed="true" simplified="false" border="0 1 1" fill="0 1 1" mode="11"
 points="2.44238 3.60983,
	2.45973 3.59247,
	2.39032 3.52306,
	2.40767 3.50571,
	2.47708 3.57512,
	2.49444 3.55777,
	2.49444 3.60983,
	"/>
</Transform>

<Transform dim="1"
 xcoef=" 0.332906357756479 1 0 0 0 0"
 ycoef=" 0.581947555488784 0 1 0 0 0">
<Contour name="D046_ax01" hidden="false" closed="true" simplified="false" border="0 1 1" fill="0 1 1" mode="-11"
 points="11.454 3.59796,
	11.4628 3.58911,
	11.4274 3.55371,
	11.4363 3.54486,
	11.4717 3.58026,
	11.4805 3.57141,
	11.4805 3.59796,
	"/>
</Transform>

<Transform dim="1"
 xcoef=" 0.332906357756479 1 0 0 0 0"
 ycoef=" 0.581947555488784 0 1 0 0 0">
<Contour name="d046_p18" hidden="false" closed="true" simplified="true" border="1 1 0" fill="1 1 0" mode="11"
 points="12.2925 1.78105,
	12.2943 1.77629,
	12.2943 1.7751,
	12.3003 1.76559,
	12.3014 1.76381,
	12.3056 1.75964,
	12.311 1.75072,
	12.3127 1.74834,
	12.3139 1.74715,
	12.3145 1.74478,
	12.3205 1.73586,
	12.33 1.71742,
	12.3312 1.71623,
	12.3312 1.71504,
	12.333 1.71266,
	12.3336 1.71028,
	12.3389 1.70077,
	12.3401 1.69839,
	12.3413 1.6972,
	12.3413 1.69601,
	12.3443 1.69126,
	12.346 1.68888,
	12.346 1.68769,
	12.3567 1.66866,
	12.3579 1.66628,
	12.3591 1.66509,
	12.3591 1.6639,
	12.3603 1.66271,
	12.3692 1.64428,
	12.3698 1.6419,
	12.3716 1.63952,
	12.3716 1.63833,
	12.3734 1.63595,
	12.374 1.63357,
	12.374 1.63238,
	12.3758 1.63,
	12.3758 1.62881,
	12.3776 1.62644,
	12.3859 1.608,
	12.39 1.59849,
	12.3912 1.58897,
	12.3906 1.56994,
	12.3912 1.56043,
	12.3978 1.5414,
	12.4019 1.53188,
	12.4049 1.52712,
	12.4091 1.52356,
	12.4186 1.52058,
	12.4281 1.52058,
	12.4329 1.52058,
	12.4352 1.52058,
	12.44 1.52237,
	12.4424 1.52296,
	12.4436 1.52415,
	12.4459 1.52475,
	12.4507 1.52831,
	12.4531 1.52891,
	12.4614 1.53545,
	12.4691 1.54318,
	12.4739 1.54675,
	12.4816 1.55389,
	12.49 1.56281,
	12.4947 1.56756,
	12.5036 1.57529,
	12.5078 1.58005,
	12.5108 1.58481,
	12.5149 1.58838,
	12.528 1.60741,
	12.531 1.61097,
	12.5346 1.61573,
	12.5357 1.61692,
	12.5357 1.61811,
	12.5375 1.62049,
	12.5387 1.62168,
	12.5387 1.62287,
	12.5399 1.62346,
	12.5405 1.62584,
	12.5423 1.62822,
	12.5429 1.6306,
	12.5447 1.63298,
	12.5453 1.63536,
	12.547 1.63773,
	12.5506 1.64725,
	12.5524 1.65676,
	12.5536 1.66152,
	12.5536 1.6639,
	12.5572 1.67341,
	12.5589 1.67817,
	12.5595 1.68055,
	12.5607 1.68174,
	12.5649 1.69126,
	12.5673 1.69601,
	12.5685 1.69839,
	12.5696 1.69958,
	12.5696 1.70077,
	12.5762 1.71028,
	12.578 1.71207,
	12.578 1.71326,
	12.5899 1.73169,
	12.5988 1.75072,
	12.6012 1.75548,
	12.6029 1.75786,
	12.6047 1.76262,
	12.6077 1.76737,
	12.6101 1.77035,
	12.6101 1.77154,
	12.6136 1.7757,
	12.616 1.77748,
	12.6172 1.77927,
	12.6345 1.79413,
	12.6416 1.80246,
	12.6446 1.80603,
	12.6452 1.80841,
	12.6487 1.81257,
	12.6487 1.81376,
	12.6499 1.81495,
	12.6499 1.81614,
	12.6511 1.81673,
	12.6541 1.82625,
	12.6553 1.82863,
	12.6559 1.84765,
	12.6559 1.85003,
	12.6547 1.85122,
	12.6535 1.85598,
	12.6505 1.86014,
	12.6422 1.86906,
	12.6327 1.8756,
	12.6303 1.87739,
	12.6291 1.87739,
	12.6267 1.87917,
	12.6172 1.88215,
	12.6125 1.88274,
	12.6077 1.88452,
	12.5982 1.88512,
	12.5887 1.8869,
	12.5506 1.8875,
	12.5316 1.8875,
	12.5126 1.88869,
	12.4935 1.89166,
	12.4745 1.89701,
	12.4555 1.8982,
	12.4364 1.8982,
	12.4269 1.8982,
	12.4222 1.8982,
	12.4126 1.89642,
	12.4031 1.89642,
	12.3936 1.89463,
	12.3841 1.89166,
	12.3793 1.89047,
	12.377 1.88988,
	12.3758 1.88869,
	12.3746 1.88869,
	12.374 1.8875,
	12.3645 1.88334,
	12.3633 1.88215,
	12.3621 1.88215,
	12.3532 1.87501,
	12.3484 1.87144,
	12.3407 1.86371,
	12.3336 1.85479,
	12.3336 1.8536,
	12.3324 1.85301,
	12.3294 1.84349,
	12.3282 1.8423,
	12.3258 1.83279,
	12.3252 1.83041,
	12.324 1.82922,
	12.3234 1.82684,
	12.3199 1.82208,
	12.3104 1.81435,
	12.308 1.81316,
	12.3068 1.81197,
	12.3056 1.81197,
	12.2979 1.80424,
	12.2937 1.79473,
	12.2925 1.78521,
	12.2925 1.78284,
	12.2925 1.78165,
	"/>
</Transform>

<Transform dim="1"
 xcoef=" 0.332906357756479 1 0 0 0 0"
 ycoef=" 0.581947555488784 0 1 0 0 0">
<Contour name="d046" hidden="false" closed="true" simplified="true" border="1 1 0" fill="1 1 0" mode="11"
 points="12.2052 2.37278,
	12.2413 2.34516,
	12.2503 2.3384,
	12.2864 2.31979,
	12.3045 2.31134,
	12.3135 2.30796,
	12.3315 2.2995,
	12.3496 2.29386,
	12.3676 2.28654,
	12.3698 2.28541,
	12.371 2.28541,
	12.38 2.28034,
	12.398 2.27413,
	12.4341 2.25835,
	12.4521 2.25102,
	12.4882 2.23355,
	12.5063 2.22453,
	12.5153 2.22002,
	12.5333 2.21382,
	12.5423 2.21326,
	12.5604 2.21438,
	12.5694 2.21438,
	12.5874 2.21664,
	12.5964 2.2172,
	12.6055 2.21607,
	12.6145 2.21382,
	12.6325 2.21213,
	12.6506 2.21213,
	12.6686 2.21382,
	12.6731 2.21438,
	12.6821 2.2172,
	12.7002 2.22566,
	12.7362 2.24595,
	12.7408 2.24877,
	12.7498 2.25215,
	12.752 2.25328,
	12.7881 2.25497,
	12.7971 2.25722,
	12.8016 2.25779,
	12.8061 2.25948,
	12.8073 2.26061,
	12.8163 2.26455,
	12.8208 2.26681,
	12.8388 2.27977,
	12.8479 2.28484,
	12.8659 2.29217,
	12.8749 2.29612,
	12.893 2.30119,
	12.902 2.30288,
	12.92 2.30796,
	12.929 2.31134,
	12.9313 2.3119,
	12.9324 2.3119,
	12.9369 2.31585,
	12.9392 2.32036,
	12.9397 2.32261,
	12.9386 2.33163,
	12.938 2.33614,
	12.9364 2.34065,
	12.9358 2.34516,
	12.9358 2.34741,
	12.9352 2.34854,
	12.9364 2.35305,
	12.9369 2.35531,
	12.9442 2.36376,
	12.9465 2.36602,
	12.9645 2.37504,
	12.9736 2.38011,
	12.991 2.39476,
	12.9955 2.39927,
	13.0001 2.40829,
	13.0029 2.41224,
	13.004 2.41675,
	13.0034 2.42126,
	12.9927 2.4393,
	12.9899 2.44832,
	12.9871 2.46635,
	12.9865 2.48439,
	12.986 2.49341,
	12.986 2.49792,
	12.9837 2.50694,
	12.9837 2.50807,
	12.9815 2.51032,
	12.9764 2.51934,
	12.973 2.52385,
	12.9719 2.5261,
	12.9696 2.5278,
	12.9679 2.53231,
	12.9533 2.55034,
	12.9465 2.5588,
	12.9454 2.56331,
	12.9414 2.57233,
	12.9397 2.57684,
	12.9386 2.57796,
	12.938 2.58247,
	12.9397 2.59149,
	12.9403 2.59375,
	12.9448 2.59826,
	12.9493 2.60164,
	12.9538 2.60389,
	12.9628 2.61066,
	12.9668 2.6146,
	12.9696 2.61911,
	12.9713 2.62137,
	12.9741 2.63039,
	12.9747 2.63941,
	12.9724 2.64843,
	12.9679 2.65745,
	12.9595 2.66646,
	12.955 2.66928,
	12.9504 2.67097,
	12.9459 2.67436,
	12.9437 2.67605,
	12.942 2.6845,
	12.9431 2.68901,
	12.9437 2.69127,
	12.9471 2.69578,
	12.9493 2.70367,
	12.9499 2.70818,
	12.9499 2.71043,
	12.9516 2.71494,
	12.951 2.71945,
	12.9527 2.72847,
	12.9533 2.73749,
	12.9533 2.742,
	12.9493 2.75102,
	12.9471 2.75496,
	12.9426 2.75891,
	12.9335 2.76286,
	12.9245 2.76567,
	12.9155 2.7668,
	12.8975 2.76624,
	12.8952 2.76511,
	12.8862 2.76342,
	12.8772 2.76286,
	12.8591 2.76398,
	12.8546 2.76455,
	12.8456 2.76849,
	12.8366 2.77526,
	12.8185 2.78315,
	12.814 2.7854,
	12.805 2.7916,
	12.7966 2.80006,
	12.7825 2.8181,
	12.774 2.82712,
	12.7656 2.83444,
	12.761 2.83895,
	12.7594 2.84121,
	12.7548 2.8429,
	12.7458 2.84459,
	12.7278 2.84515,
	12.7188 2.84572,
	12.7098 2.84515,
	12.7052 2.84346,
	12.7007 2.8429,
	12.6917 2.84008,
	12.6872 2.83839,
	12.6827 2.83557,
	12.6647 2.82881,
	12.6466 2.82373,
	12.6376 2.82035,
	12.6331 2.81866,
	12.6151 2.81641,
	12.597 2.81866,
	12.579 2.8181,
	12.5609 2.81584,
	12.5429 2.80964,
	12.5384 2.80795,
	12.5204 2.79837,
	12.5113 2.79329,
	12.5068 2.7916,
	12.4978 2.7854,
	12.4798 2.77018,
	12.4758 2.7668,
	12.4713 2.76455,
	12.4533 2.76004,
	12.4352 2.75778,
	12.4262 2.75609,
	12.4172 2.75553,
	12.3811 2.75835,
	12.3631 2.75891,
	12.345 2.75722,
	12.3405 2.7544,
	12.3253 2.73693,
	12.2892 2.70198,
	12.2847 2.69803,
	12.2757 2.69183,
	12.2735 2.68958,
	12.2644 2.68507,
	12.2554 2.68225,
	12.2509 2.68056,
	12.2487 2.67999,
	12.2481 2.67999,
	12.2458 2.67887,
	12.2346 2.66195,
	12.2295 2.65463,
	12.2295 2.6535,
	12.2284 2.65237,
	12.2284 2.65124,
	12.2272 2.65012,
	12.2205 2.63208,
	12.2176 2.62306,
	12.2176 2.62081,
	12.2165 2.61855,
	12.2165 2.6163,
	12.2148 2.61179,
	12.2131 2.60277,
	12.2126 2.59826,
	12.2114 2.596,
	12.2114 2.59375,
	12.2103 2.59149,
	12.2103 2.58924,
	12.2092 2.58698,
	12.2052 2.55091,
	12.2052 2.53287,
	12.203 2.49679,
	12.2019 2.47875,
	12.2019 2.46974,
	12.2007 2.46523,
	12.1996 2.42915,
	12.1985 2.42013,
	12.1985 2.41111,
	12.2036 2.37504,
	"/>
</Transform>

<Transform dim="1"
 xcoef=" 0.332906357756479 1 0 0 0 0"
 ycoef=" 0.581947555488784 0 1 0 0 0">
<Contour name="d046_p19_branched" hidden="false" closed="true" simplified="true" border="1 1 0" fill="1 1 0" mode="11"
 points="12.0728 2.41267,
	12.076 2.40635,
	12.0771 2.40319,
	12.0799 2.40003,
	12.0811 2.39845,
	12.0937 2.39135,
	12.1 2.3878,
	12.1032 2.38582,
	12.1095 2.3803,
	12.1221 2.37359,
	12.1253 2.3724,
	12.1379 2.37201,
	12.1442 2.37161,
	12.1506 2.3724,
	12.1569 2.37438,
	12.1695 2.37635,
	12.1758 2.37674,
	12.179 2.37714,
	12.1916 2.37595,
	12.1979 2.37556,
	12.1995 2.37556,
	12.2054 2.37201,
	12.2058 2.37516,
	12.2035 2.40043,
	12.2019 2.41306,
	12.2015 2.41622,
	12.2058 2.46674,
	12.2094 2.51727,
	12.2114 2.54254,
	12.2121 2.55517,
	12.222 2.60569,
	12.2248 2.61833,
	12.226 2.62464,
	12.2457 2.67517,
	12.2469 2.67833,
	12.2477 2.67991,
	12.2461 2.6803,
	12.2335 2.67833,
	12.2303 2.67793,
	12.224 2.67833,
	12.2177 2.67951,
	12.205 2.68504,
	12.2019 2.68662,
	12.1892 2.6878,
	12.1766 2.68741,
	12.1735 2.68741,
	12.1719 2.68741,
	12.1592 2.68109,
	12.1529 2.67754,
	12.1498 2.67596,
	12.1435 2.67043,
	12.1403 2.66767,
	12.1352 2.66135,
	12.1221 2.63609,
	12.1158 2.62346,
	12.1131 2.61714,
	12.1115 2.61398,
	12.1111 2.61083,
	12.1107 2.60925,
	12.0992 2.59662,
	12.0937 2.5903,
	12.0902 2.58398,
	12.0846 2.57135,
	12.0803 2.55872,
	12.0795 2.55556,
	12.0779 2.5524,
	12.0764 2.53977,
	12.0756 2.53346,
	12.0748 2.48293,
	12.0732 2.4324,
	12.0728 2.41977,
	12.0728 2.41345,
	12.0728 2.41306,
	"/>
</Transform>

<Transform dim="1"
 xcoef=" 0.332906357756479 1 0 0 0 0"
 ycoef=" 0.581947555488784 0 1 0 0 0">
<Contour name="d046_p20" hidden="false" closed="true" simplified="true" border="1 1 0" fill="1 1 0" mode="11"
 points="12.6035 3.45024,
	12.6079 3.43619,
	12.6114 3.42917,
	12.6122 3.42566,
	12.6122 3.4239,
	12.6149 3.42039,
	12.6149 3.41863,
	12.6193 3.41161,
	12.621 3.40985,
	12.621 3.4081,
	12.6324 3.39581,
	12.6377 3.38878,
	12.6403 3.38615,
	12.6403 3.38439,
	12.6509 3.3721,
	12.6561 3.36508,
	12.6605 3.35981,
	12.6667 3.35279,
	12.6702 3.34928,
	12.6746 3.34313,
	12.686 3.33084,
	12.6913 3.32382,
	12.6983 3.31153,
	12.6992 3.30801,
	12.7009 3.30626,
	12.7071 3.29221,
	12.7079 3.2887,
	12.7097 3.28694,
	12.7106 3.28343,
	12.7132 3.27992,
	12.7141 3.27641,
	12.7141 3.27465,
	12.7167 3.27114,
	12.722 3.25709,
	12.7237 3.25007,
	12.7255 3.24832,
	12.7273 3.24129,
	12.7343 3.22725,
	12.7387 3.22022,
	12.7492 3.20969,
	12.7562 3.20705,
	12.7843 3.20705,
	12.7984 3.20881,
	12.8054 3.21232,
	12.8107 3.21759,
	12.8203 3.23163,
	12.8256 3.24568,
	12.8291 3.25973,
	12.8308 3.31592,
	12.837 3.32996,
	12.837 3.33172,
	12.8387 3.33347,
	12.8396 3.33699,
	12.8423 3.3405,
	12.8431 3.34401,
	12.8449 3.34576,
	12.851 3.35981,
	12.8519 3.36332,
	12.8607 3.37649,
	12.8721 3.40459,
	12.8739 3.41161,
	12.8747 3.4397,
	12.8712 3.45375,
	12.8642 3.4678,
	12.8616 3.47131,
	12.8616 3.47306,
	12.8519 3.48448,
	12.8466 3.48974,
	12.8387 3.50379,
	12.8352 3.51784,
	12.8326 3.54593,
	12.83 3.55998,
	12.8221 3.57315,
	12.8177 3.57929,
	12.8107 3.58456,
	12.7966 3.58895,
	12.7949 3.59071,
	12.7808 3.59334,
	12.7527 3.59422,
	12.7457 3.59334,
	12.7316 3.58719,
	12.7176 3.57754,
	12.7114 3.57315,
	12.7079 3.57315,
	12.7044 3.57139,
	12.6904 3.56876,
	12.6834 3.567,
	12.6816 3.567,
	12.6798 3.56525,
	12.6728 3.56349,
	12.6667 3.55998,
	12.6632 3.55734,
	12.6614 3.55734,
	12.6579 3.55383,
	12.6509 3.54944,
	12.6395 3.53715,
	12.6324 3.53013,
	12.6272 3.52311,
	12.6272 3.52135,
	12.6254 3.52047,
	12.6254 3.51872,
	12.621 3.51169,
	12.6184 3.50818,
	12.6175 3.50467,
	12.6158 3.50379,
	12.6105 3.49062,
	12.607 3.4836,
	12.6035 3.46955,
	12.6035 3.45551,
	12.6035 3.45199,
	12.6035 3.45112,
	"/>
</Transform>

<Transform dim="1"
 xcoef=" 0.332906357756479 1 0 0 0 0"
 ycoef=" 0.581947555488784 0 1 0 0 0">
<Contour name="d046_p17" hidden="false" closed="true" simplified="true" border="1 1 0" fill="1 1 0" mode="11"
 points="11.0156 2.51331,
	11.0201 2.4891,
	11.0217 2.477,
	11.0262 2.47094,
	11.0277 2.45884,
	11.0307 2.45581,
	11.0322 2.44976,
	11.0595 2.40285,
	11.0701 2.38016,
	11.0716 2.3741,
	11.0761 2.36805,
	11.0852 2.34384,
	11.0988 2.31963,
	11.1155 2.29542,
	11.1215 2.28937,
	11.1245 2.28786,
	11.1245 2.28483,
	11.1366 2.27424,
	11.1488 2.2697,
	11.173 2.27121,
	11.176 2.27121,
	11.179 2.27424,
	11.1851 2.27575,
	11.1881 2.27878,
	11.1941 2.27878,
	11.2047 2.28786,
	11.2123 2.29996,
	11.2123 2.30299,
	11.2153 2.30601,
	11.2259 2.35443,
	11.2305 2.37864,
	11.2335 2.39075,
	11.2365 2.39377,
	11.238 2.40588,
	11.2395 2.41193,
	11.2426 2.41496,
	11.2501 2.43917,
	11.2501 2.44219,
	11.2532 2.44522,
	11.2607 2.49364,
	11.2607 2.54206,
	11.2577 2.56627,
	11.2562 2.57838,
	11.2562 2.58443,
	11.2486 2.60864,
	11.2426 2.62074,
	11.2411 2.6268,
	11.2229 2.64495,
	11.2199 2.64798,
	11.1957 2.65252,
	11.1472 2.64798,
	11.1351 2.64647,
	11.123 2.64041,
	11.1109 2.63739,
	11.1049 2.63285,
	11.1018 2.62982,
	11.0958 2.62982,
	11.0943 2.6268,
	11.0913 2.6268,
	11.0882 2.62377,
	11.0852 2.62377,
	11.0792 2.61923,
	11.0731 2.61772,
	11.0519 2.59956,
	11.0428 2.59048,
	11.0368 2.57989,
	11.0338 2.57686,
	11.0338 2.57384,
	11.0307 2.57081,
	11.0307 2.56778,
	11.0262 2.56325,
	11.0262 2.56022,
	11.0217 2.55417,
	11.0186 2.54206,
	11.0186 2.53601,
	11.0156 2.52996,
	11.0156 2.51785,
	11.0156 2.51482,
	"/>
</Transform>

<Transform dim="1"
 xcoef=" 0.13290635775648 1 0 0 0 0"
 ycoef=" 0.366364445941584 0 1 0 0 0">
<Contour name="d046_p19_branched" hidden="false" closed="true" simplified="true" border="1 1 0" fill="1 1 0" mode="11"
 points="10.8438 2.74436,
	10.8479 2.73345,
	10.856 2.72254,
	10.867 2.71708,
	10.8888 2.71572,
	10.9106 2.71981,
	10.9161 2.7239,
	10.927 2.72799,
	10.9488 2.74163,
	10.9529 2.74709,
	10.9542 2.75254,
	10.9583 2.758,
	10.9611 2.77982,
	10.9611 2.79074,
	10.9515 2.81256,
	10.9502 2.81802,
	10.9379 2.83847,
	10.9352 2.83984,
	10.9338 2.84529,
	10.927 2.85621,
	10.9188 2.86439,
	10.9133 2.86848,
	10.9024 2.87121,
	10.8915 2.87121,
	10.886 2.86985,
	10.8779 2.86166,
	10.8642 2.83984,
	10.8588 2.82893,
	10.8465 2.78528,
	10.8438 2.76346,
	10.8438 2.75254,
	10.8438 2.74709,
	10.8438 2.74572,
	"/>
</Transform>

<Transform dim="1"
 xcoef=" 0.13290635775648 1 0 0 0 0"
 ycoef=" 0.366364445941584 0 1 0 0 0">
<Contour name="d046_o19_branched" hidden="false" closed="true" simplified="false" border="1 0 0" fill="1 0 0" mode="-13"
 points="12.1339 2.24963,
	12.1588 2.24963,
	12.1463 2.27247,
	"/>
</Transform>

<Transform dim="1"
 xcoef=" 0.13290635775648 1 0 0 0 0"
 ycoef=" 0.366364445941584 0 1 0 0 0">
<Contour name="d046_checked" hidden="false" closed="true" simplified="false" border="0 1 0" fill="0 1 0" mode="-13"
 points="12.1395 2.26596,
	12.1462 2.25654,
	12.1395 2.24711,
	12.1435 2.24711,
	12.1489 2.25519,
	12.1543 2.24711,
	12.1583 2.24711,
	12.1516 2.25654,
	12.1583 2.26596,
	12.1543 2.26596,
	12.1489 2.25788,
	12.1435 2.26596,
	"/>
</Transform>

<Transform dim="1"
 xcoef=" 0.13290635775648 1 0 0 0 0"
 ycoef=" 0.366364445941584 0 1 0 0 0">
<Contour name="d046_p23" hidden="false" closed="true" simplified="true" border="1 1 0" fill="1 1 0" mode="11"
 points="13.0008 3.40445,
	13.0045 3.39466,
	13.0045 3.38976,
	13.0106 3.37997,
	13.0118 3.37507,
	13.0143 3.37262,
	13.0143 3.37017,
	13.0326 3.35181,
	13.0522 3.34324,
	13.0718 3.33712,
	13.0743 3.33712,
	13.0792 3.33345,
	13.089 3.32977,
	13.0987 3.32365,
	13.1012 3.32365,
	13.1771 3.27346,
	13.1795 3.27101,
	13.182 3.27101,
	13.1906 3.26367,
	13.193 3.26122,
	13.1979 3.26,
	13.2052 3.25388,
	13.2248 3.24286,
	13.2297 3.24041,
	13.2322 3.23796,
	13.2346 3.23796,
	13.2444 3.23184,
	13.2493 3.22817,
	13.2518 3.22572,
	13.2542 3.22572,
	13.2726 3.21225,
	13.2824 3.20736,
	13.2873 3.20491,
	13.2897 3.20246,
	13.2922 3.20246,
	13.2958 3.19879,
	13.3056 3.19511,
	13.3105 3.19267,
	13.313 3.19267,
	13.3166 3.18899,
	13.3215 3.18777,
	13.324 3.18532,
	13.3289 3.18532,
	13.3338 3.18287,
	13.3362 3.18287,
	13.3375 3.18042,
	13.3424 3.1792,
	13.3448 3.1792,
	13.3473 3.17675,
	13.3668 3.17063,
	13.3717 3.16941,
	13.3766 3.16573,
	13.3864 3.16206,
	13.406 3.14982,
	13.4256 3.14003,
	13.4354 3.13513,
	13.4403 3.13268,
	13.4427 3.13268,
	13.4623 3.12166,
	13.5003 3.10575,
	13.5101 3.10208,
	13.515 3.10085,
	13.5174 3.0984,
	13.5223 3.0984,
	13.5321 3.09473,
	13.5346 3.09228,
	13.5395 3.09228,
	13.5492 3.08861,
	13.5541 3.08616,
	13.5737 3.08616,
	13.6129 3.09473,
	13.6325 3.10085,
	13.6374 3.10208,
	13.6423 3.10575,
	13.6447 3.10575,
	13.6619 3.11799,
	13.6766 3.13513,
	13.6802 3.14003,
	13.6827 3.14247,
	13.6827 3.14492,
	13.6851 3.14615,
	13.6864 3.15104,
	13.6888 3.15349,
	13.69 3.15839,
	13.6925 3.16084,
	13.7145 3.23919,
	13.7182 3.24898,
	13.7182 3.25388,
	13.7219 3.26367,
	13.7219 3.26857,
	13.7255 3.27836,
	13.7255 3.28326,
	13.7292 3.29305,
	13.7329 3.31264,
	13.7353 3.31753,
	13.7353 3.32733,
	13.739 3.34691,
	13.7414 3.35671,
	13.7414 3.39588,
	13.7378 3.41547,
	13.7316 3.49381,
	13.7243 3.53299,
	13.7182 3.55258,
	13.7145 3.56237,
	13.7145 3.56727,
	13.7108 3.57216,
	13.6986 3.61134,
	13.6949 3.62113,
	13.6937 3.63092,
	13.6912 3.63582,
	13.6912 3.64072,
	13.6888 3.64561,
	13.6802 3.68479,
	13.6741 3.70437,
	13.6717 3.71417,
	13.6631 3.73375,
	13.6594 3.74355,
	13.6582 3.75334,
	13.6545 3.76313,
	13.6545 3.76558,
	13.6521 3.76803,
	13.6484 3.77783,
	13.646 3.78272,
	13.646 3.78517,
	13.6423 3.79007,
	13.6288 3.82924,
	13.6227 3.84883,
	13.619 3.85372,
	13.619 3.85617,
	13.6129 3.86597,
	13.6105 3.87086,
	13.6056 3.87576,
	13.5921 3.89167,
	13.5823 3.90024,
	13.5725 3.90636,
	13.5627 3.90881,
	13.5235 3.91126,
	13.5039 3.91249,
	13.4648 3.91004,
	13.4256 3.90147,
	13.4207 3.90024,
	13.4183 3.90024,
	13.4158 3.89779,
	13.3766 3.88555,
	13.357 3.88066,
	13.3473 3.87698,
	13.3277 3.87454,
	13.3081 3.86841,
	13.2885 3.86474,
	13.2689 3.8574,
	13.264 3.8574,
	13.2444 3.85128,
	13.2395 3.8476,
	13.2199 3.84026,
	13.2016 3.83046,
	13.1991 3.82802,
	13.1967 3.82802,
	13.1869 3.8219,
	13.1844 3.8219,
	13.1661 3.80721,
	13.1502 3.79374,
	13.1416 3.78517,
	13.1232 3.77415,
	13.1061 3.75824,
	13.0975 3.75089,
	13.0938 3.74844,
	13.0779 3.73008,
	13.0706 3.72274,
	13.0632 3.71294,
	13.0596 3.70805,
	13.0583 3.70315,
	13.0522 3.69458,
	13.0486 3.68968,
	13.0486 3.68724,
	13.0424 3.67744,
	13.0363 3.65786,
	13.0277 3.63827,
	13.0216 3.6297,
	13.0155 3.61011,
	13.0167 3.53176,
	13.0179 3.49259,
	13.0155 3.473,
	13.0155 3.46811,
	13.0131 3.46321,
	13.0131 3.45831,
	13.0045 3.43873,
	13.0008 3.41914,
	13.0008 3.40935,
	13.0008 3.40567,
	"/>
</Transform>

<Transform dim="1"
 xcoef=" 0.13290635775648 1 0 0 0 0"
 ycoef=" 0.366364445941584 0 1 0 0 0">
<Contour name="d046_p23" hidden="false" closed="true" simplified="true" border="1 1 0" fill="1 1 0" mode="11"
 points="13.2628 3.5587,
	13.2628 3.59787,
	13.2652 3.60277,
	13.2652 3.61256,
	13.2677 3.63215,
	13.2775 3.65051,
	13.2873 3.6603,
	13.2946 3.6652,
	13.2995 3.6701,
	13.302 3.6701,
	13.3118 3.67744,
	13.3142 3.67744,
	13.3154 3.67989,
	13.3252 3.68356,
	13.3301 3.68724,
	13.3326 3.68724,
	13.3375 3.68724,
	13.357 3.68846,
	13.3668 3.68601,
	13.3766 3.68601,
	13.3962 3.67989,
	13.4011 3.67989,
	13.4403 3.6652,
	13.4427 3.66275,
	13.4452 3.66275,
	13.455 3.65663,
	13.4648 3.65296,
	13.4672 3.65051,
	13.4721 3.64929,
	13.4746 3.64684,
	13.477 3.64684,
	13.4868 3.64072,
	13.4954 3.63704,
	13.5052 3.6297,
	13.5076 3.6297,
	13.5101 3.62725,
	13.5125 3.62725,
	13.5137 3.6248,
	13.5223 3.61746,
	13.5382 3.59909,
	13.5517 3.57951,
	13.5627 3.55992,
	13.5688 3.54033,
	13.5774 3.50116,
	13.5774 3.49137,
	13.5774 3.47178,
	13.575 3.45219,
	13.5676 3.43261,
	13.5615 3.42281,
	13.5615 3.42036,
	13.559 3.41792,
	13.5554 3.41302,
	13.5407 3.39588,
	13.5309 3.38976,
	13.526 3.38854,
	13.5235 3.38609,
	13.5137 3.37874,
	13.5039 3.37507,
	13.4991 3.3714,
	13.4966 3.3714,
	13.4917 3.37017,
	13.4525 3.37017,
	13.4329 3.37385,
	13.4232 3.37752,
	13.4036 3.38241,
	13.3987 3.38609,
	13.3962 3.38609,
	13.3864 3.39221,
	13.384 3.39221,
	13.3742 3.39588,
	13.3693 3.39955,
	13.3497 3.41179,
	13.3473 3.41179,
	13.346 3.41424,
	13.3362 3.42281,
	13.3228 3.43873,
	13.3069 3.45831,
	13.3069 3.46076,
	13.3044 3.46199,
	13.3044 3.46443,
	13.2995 3.47056,
	13.2946 3.48035,
	13.2873 3.48892,
	13.286 3.49381,
	13.2824 3.49871,
	13.2714 3.5183,
	13.2714 3.5232,
	13.2677 3.52809,
	13.2665 3.53789,
	13.2628 3.55747,
	"/>
</Transform>

<Transform dim="1"
 xcoef=" 3.16610041281139 1 0 0 0 0"
 ycoef=" 8.00971565923664 0 1 0 0 0">
<Image mag="0.00201646" contrast="1.4071" brightness="-0.78" red="true" green="true" blue="true"
 src="094.tif_1.bmp" />
<Contour name="domain1" hidden="false" closed="true" simplified="false" border="1 0 1" fill="1 0 1" mode="11"
 points="0 0,
	12287 0,
	12287 12287,
	0 12287,
	"/>
</Transform>

<Transform dim="1"
 xcoef=" 0.13290635775648 1 0 0 0 0"
 ycoef=" 0.366364445941584 0 1 0 0 0">
<Contour name="D046_ax01" hidden="false" closed="true" simplified="false" border="0 1 1" fill="0 1 1" mode="-11"
 points="9.68529 6.33228,
	9.69911 6.31846,
	9.64381 6.26315,
	9.65763 6.24932,
	9.71294 6.30463,
	9.72677 6.2908,
	9.72677 6.33228,
	"/>
</Transform>

<Transform dim="1"
 xcoef=" 0.13290635775648 1 0 0 0 0"
 ycoef=" 0.366364445941584 0 1 0 0 0">
<Contour name="D046_ax01" hidden="false" closed="true" simplified="false" border="0 1 1" fill="0 1 1" mode="-11"
 points="8.17714 5.84525,
	8.19099 5.83139,
	8.13556 5.77595,
	8.14942 5.7621,
	8.20485 5.81753,
	8.21871 5.80367,
	8.21871 5.84525,
	"/>
</Transform>

<Transform dim="1"
 xcoef=" 0.13290635775648 1 0 0 0 0"
 ycoef=" 0.366364445941584 0 1 0 0 0">
<Contour name="D046 ax01??" hidden="false" closed="true" simplified="false" border="1 1 0" fill="1 1 0" mode="11"
 points="7.43558 5.87037,
	7.41093 5.87037,
	7.41093 5.88269,
	7.42326 5.89502,
	7.46024 5.90735,
	7.43558 5.91967,
	7.42326 5.94433,
	7.3986 5.91967,
	7.38628 5.89502,
	7.38628 5.87037,
	7.36162 5.87037,
	7.3986 5.84571,
	"/>
</Transform>

<Transform dim="1"
 xcoef=" 0.13290635775648 1 0 0 0 0"
 ycoef=" 0.366364445941584 0 1 0 0 0">
<Contour name="D037" hidden="false" closed="true" simplified="true" border="0 0 1" fill="0 0 1" mode="11"
 points="13.2645 0.572841,
	13.2662 0.557052,
	13.271 0.541632,
	13.2791 0.526945,
	13.29 0.513333,
	13.3036 0.501116,
	13.3196 0.49058,
	13.3376 0.481972,
	13.3572 0.475494,
	13.3779 0.471298,
	13.3992 0.469482,
	13.4206 0.470089,
	13.4416 0.473104,
	13.4618 0.478456,
	13.4806 0.486021,
	13.4977 0.495621,
	13.5125 0.507031,
	13.5249 0.519984,
	13.5344 0.534175,
	13.5409 0.549273,
	13.5441 0.564923,
	13.5441 0.580759,
	13.5409 0.596409,
	13.5344 0.611507,
	13.5249 0.625698,
	13.5125 0.63865,
	13.4977 0.65006,
	13.4806 0.65966,
	13.4618 0.667225,
	13.4416 0.672578,
	13.4206 0.675593,
	13.3992 0.6762,
	13.3779 0.674384,
	13.3572 0.670187,
	13.3376 0.66371,
	13.3196 0.655102,
	13.3036 0.644566,
	13.29 0.632349,
	13.2791 0.618737,
	13.271 0.604049,
	13.2662 0.58863,
	"/>
</Transform>

<Transform dim="1"
 xcoef=" 0.13290635775648 1 0 0 0 0"
 ycoef=" 0.366364445941584 0 1 0 0 0">
<Contour name="D020" hidden="false" closed="true" simplified="true" border="0 0 1" fill="0 0 1" mode="11"
 points="10.3422 6.65542,
	10.3441 6.63627,
	10.3496 6.61768,
	10.3588 6.60021,
	10.3711 6.58438,
	10.3864 6.57064,
	10.4042 6.55941,
	10.4238 6.55101,
	10.4448 6.54571,
	10.4666 6.54364,
	10.4884 6.54488,
	10.5096 6.54939,
	10.5297 6.55703,
	10.5479 6.56758,
	10.5639 6.58073,
	10.577 6.59608,
	10.587 6.61319,
	10.5935 6.63155,
	10.5963 6.65061,
	10.5954 6.66981,
	10.5907 6.68859,
	10.5824 6.70639,
	10.5708 6.72268,
	10.5562 6.73699,
	10.5391 6.74888,
	10.5198 6.75801,
	10.4991 6.76411,
	10.4775 6.76699,
	10.4556 6.76658,
	10.4342 6.76288,
	10.4138 6.756,
	10.395 6.74615,
	10.3784 6.73362,
	10.3646 6.71878,
	10.3538 6.70206,
	10.3464 6.68397,
	"/>
</Transform>

<Transform dim="1"
 xcoef=" 0.13290635775648 1 0 0 0 0"
 ycoef=" 0.366364445941584 0 1 0 0 0">
<Contour name="D060_large" hidden="false" closed="true" simplified="true" border="0 0 1" fill="0 0 1" mode="11"
 points="2.7528 1.50999,
	2.7542 1.4928,
	2.75837 1.47627,
	2.76514 1.46104,
	2.77425 1.44769,
	2.78534 1.43673,
	2.79801 1.42859,
	2.81175 1.42357,
	2.82603 1.42188,
	2.84032 1.42357,
	2.85406 1.42859,
	2.86672 1.43673,
	2.87782 1.44769,
	2.88693 1.46104,
	2.8937 1.47627,
	2.89787 1.4928,
	2.89927 1.50999,
	2.89787 1.52719,
	2.8937 1.54372,
	2.88693 1.55895,
	2.87782 1.5723,
	2.86672 1.58326,
	2.85406 1.5914,
	2.84032 1.59642,
	2.82603 1.59811,
	2.81175 1.59642,
	2.79801 1.5914,
	2.78534 1.58326,
	2.77425 1.5723,
	2.76514 1.55895,
	2.75837 1.54372,
	"/>
</Transform>

<Transform dim="1"
 xcoef=" 0.13290635775648 1 0 0 0 0"
 ycoef=" 0.366364445941584 0 1 0 0 0">
<Contour name="D022" hidden="false" closed="true" simplified="true" border="0 0 1" fill="0 0 1" mode="11"
 points="15.9214 4.78834,
	15.9223 4.77527,
	15.925 4.76243,
	15.9294 4.75003,
	15.9355 4.73829,
	15.9432 4.7274,
	15.9523 4.71756,
	15.9626 4.70892,
	15.9741 4.70165,
	15.9864 4.69586,
	15.9995 4.69165,
	16.013 4.6891,
	16.0267 4.68824,
	16.0405 4.6891,
	16.054 4.69165,
	16.067 4.69586,
	16.0794 4.70165,
	16.0908 4.70892,
	16.1012 4.71756,
	16.1103 4.7274,
	16.1179 4.73829,
	16.124 4.75003,
	16.1284 4.76243,
	16.1311 4.77527,
	16.132 4.78834,
	16.1311 4.8014,
	16.1284 4.81424,
	16.124 4.82664,
	16.1179 4.83838,
	16.1103 4.84927,
	16.1012 4.85911,
	16.0908 4.86775,
	16.0794 4.87502,
	16.067 4.88081,
	16.054 4.88502,
	16.0405 4.88757,
	16.0267 4.88843,
	16.013 4.88757,
	15.9995 4.88502,
	15.9864 4.88081,
	15.9741 4.87502,
	15.9626 4.86775,
	15.9523 4.85911,
	15.9432 4.84927,
	15.9355 4.83838,
	15.9294 4.82664,
	15.925 4.81424,
	15.9223 4.8014,
	"/>
</Transform>

<Transform dim="1"
 xcoef=" 0.13290635775648 1 0 0 0 0"
 ycoef=" 0.366364445941584 0 1 0 0 0">
<Contour name="D033" hidden="false" closed="true" simplified="true" border="0 0 1" fill="0 0 1" mode="11"
 points="10.4001 2.54762,
	10.4008 2.53787,
	10.4029 2.5283,
	10.4062 2.5191,
	10.4109 2.51044,
	10.4167 2.5025,
	10.4236 2.49541,
	10.4314 2.48931,
	10.44 2.48433,
	10.4492 2.48055,
	10.4589 2.47804,
	10.4688 2.47687,
	10.4788 2.47703,
	10.4886 2.47855,
	10.4982 2.48137,
	10.5073 2.48546,
	10.5157 2.49074,
	10.5233 2.49709,
	10.5299 2.50441,
	10.5354 2.51255,
	10.5398 2.52136,
	10.5428 2.53066,
	10.5445 2.54029,
	10.5449 2.55006,
	10.5439 2.55979,
	10.5415 2.56928,
	10.5378 2.57836,
	10.5328 2.58685,
	10.5267 2.5946,
	10.5196 2.60145,
	10.5116 2.60728,
	10.5028 2.61197,
	10.4935 2.61544,
	10.4837 2.61761,
	10.4738 2.61845,
	10.4638 2.61795,
	10.454 2.6161,
	10.4445 2.61295,
	10.4356 2.60856,
	10.4274 2.60301,
	10.42 2.5964,
	10.4137 2.58886,
	10.4084 2.58054,
	10.4044 2.57159,
	10.4017 2.56219,
	"/>
</Transform>

<Transform dim="1"
 xcoef=" 0.0418411109158151 1 0 0 0 0"
 ycoef=" -0.1 0 1 0 0 0">
<Contour name="d020" hidden="false" closed="true" simplified="true" border="1 1 0" fill="1 1 0" mode="11"
 points="10.0471 5.93299,
	10.0493 5.92689,
	10.0509 5.92537,
	10.0509 5.92384,
	10.0524 5.92232,
	10.0524 5.92079,
	10.057 5.9147,
	10.06 5.9086,
	10.0699 5.89717,
	10.0798 5.88879,
	10.0821 5.88574,
	10.0852 5.88422,
	10.0958 5.87355,
	10.1065 5.86593,
	10.1187 5.85602,
	10.1416 5.84155,
	10.1446 5.84078,
	10.1568 5.83164,
	10.1797 5.81716,
	10.204 5.80268,
	10.2101 5.79887,
	10.2223 5.7943,
	10.2284 5.79202,
	10.2406 5.79049,
	10.2467 5.78821,
	10.2955 5.7844,
	10.3199 5.78363,
	10.3321 5.78363,
	10.3381 5.7844,
	10.3412 5.7844,
	10.3656 5.79278,
	10.3717 5.79583,
	10.3732 5.79583,
	10.3762 5.79811,
	10.3778 5.79964,
	10.3793 5.79964,
	10.3801 5.80116,
	10.3816 5.80116,
	10.393 5.80802,
	10.4052 5.81716,
	10.4166 5.82478,
	10.4212 5.82935,
	10.4243 5.83164,
	10.4258 5.83164,
	10.4319 5.83621,
	10.4349 5.8385,
	10.4364 5.84002,
	10.438 5.84002,
	10.4494 5.84993,
	10.4608 5.85831,
	10.4669 5.86212,
	10.4768 5.87431,
	10.4806 5.88041,
	10.486 5.88574,
	10.4997 5.90708,
	10.5066 5.91927,
	10.5119 5.93146,
	10.5157 5.93756,
	10.5332 5.98633,
	10.5363 5.99852,
	10.5386 6.0229,
	10.5393 6.0351,
	10.5424 6.04729,
	10.5439 6.05948,
	10.5439 6.06253,
	10.5439 6.06405,
	10.5454 6.06558,
	10.5454 6.07167,
	10.55 6.09606,
	10.5523 6.12044,
	10.5546 6.13263,
	10.5553 6.15702,
	10.5546 6.16921,
	10.5507 6.1814,
	10.5492 6.1875,
	10.5462 6.19359,
	10.5439 6.19664,
	10.5401 6.20883,
	10.534 6.22026,
	10.534 6.22179,
	10.5325 6.22331,
	10.5287 6.2355,
	10.5256 6.2416,
	10.5241 6.24465,
	10.5226 6.24541,
	10.5226 6.24693,
	10.5058 6.27056,
	10.5027 6.27284,
	10.5012 6.27513,
	10.4982 6.27741,
	10.4966 6.28046,
	10.4852 6.29189,
	10.4837 6.29494,
	10.4806 6.29799,
	10.4791 6.30027,
	10.4692 6.31094,
	10.4646 6.31628,
	10.4616 6.31856,
	10.4608 6.32009,
	10.4593 6.32009,
	10.4563 6.32237,
	10.4547 6.3239,
	10.4517 6.3239,
	10.4395 6.32771,
	10.4334 6.32923,
	10.4273 6.32923,
	10.4151 6.33152,
	10.4121 6.33304,
	10.3877 6.33609,
	10.3389 6.33837,
	10.3267 6.33837,
	10.3206 6.33761,
	10.3145 6.33533,
	10.3084 6.33456,
	10.3054 6.3338,
	10.3039 6.33228,
	10.2978 6.33075,
	10.2856 6.32466,
	10.2825 6.32237,
	10.281 6.32085,
	10.2795 6.32085,
	10.2764 6.31856,
	10.2749 6.31704,
	10.2688 6.31475,
	10.2627 6.31094,
	10.2597 6.31018,
	10.2566 6.30789,
	10.2536 6.30713,
	10.2528 6.30561,
	10.2498 6.30485,
	10.2467 6.30256,
	10.2345 6.29723,
	10.2238 6.29113,
	10.2117 6.28351,
	10.2086 6.28199,
	10.2056 6.27894,
	10.204 6.27894,
	10.1812 6.26217,
	10.1766 6.25836,
	10.1644 6.24693,
	10.1598 6.24236,
	10.1537 6.23703,
	10.1507 6.23474,
	10.1339 6.21036,
	10.1255 6.19816,
	10.1187 6.1875,
	10.1179 6.18445,
	10.1141 6.17835,
	10.1126 6.17683,
	10.1118 6.17378,
	10.108 6.16768,
	10.108 6.16616,
	10.1057 6.16311,
	10.1019 6.15092,
	10.1019 6.1494,
	10.1004 6.14787,
	10.0981 6.14178,
	10.0966 6.14025,
	10.0943 6.13416,
	10.0943 6.13263,
	10.0928 6.13111,
	10.0905 6.12501,
	10.0867 6.11892,
	10.0859 6.11587,
	10.0836 6.11282,
	10.0829 6.10977,
	10.0806 6.10749,
	10.0707 6.08386,
	10.0676 6.07167,
	10.0661 6.05948,
	10.0646 6.05338,
	10.0638 6.029,
	10.0661 6.00462,
	10.0661 5.99242,
	10.0646 5.98633,
	10.0638 5.98328,
	10.0623 5.98175,
	10.0608 5.97566,
	10.0554 5.96423,
	10.0486 5.95204,
	10.0471 5.93984,
	10.0471 5.93375,
	"/>
</Transform>

<Transform dim="1"
 xcoef=" 0.0418411109158151 1 0 0 0 0"
 ycoef=" -0.1 0 1 0 0 0">
<Contour name="d020_p06" hidden="false" closed="true" simplified="true" border="1 1 0" fill="1 1 0" mode="11"
 points="10.5745 5.09204,
	10.5793 5.08363,
	10.5877 5.07522,
	10.6057 5.06681,
	10.6249 5.06441,
	10.6441 5.06561,
	10.6634 5.07402,
	10.673 5.07762,
	10.7102 5.10044,
	10.7186 5.10765,
	10.727 5.11246,
	10.7366 5.11966,
	10.7438 5.12807,
	10.7811 5.1581,
	10.7895 5.16291,
	10.7991 5.17012,
	10.8147 5.18813,
	10.8207 5.19774,
	10.8255 5.21696,
	10.8255 5.2554,
	10.8231 5.26501,
	10.8183 5.27342,
	10.8111 5.28303,
	10.8039 5.29024,
	10.7847 5.30345,
	10.7655 5.30946,
	10.7607 5.31306,
	10.7511 5.31547,
	10.7414 5.31547,
	10.7318 5.30946,
	10.727 5.30826,
	10.7186 5.30105,
	10.715 5.29625,
	10.7126 5.29384,
	10.7066 5.27462,
	10.7054 5.26982,
	10.7054 5.26742,
	10.7018 5.26261,
	10.7006 5.25781,
	10.6946 5.2482,
	10.6922 5.24339,
	10.673 5.22657,
	10.6646 5.22177,
	10.6477 5.20615,
	10.6381 5.19654,
	10.6309 5.18693,
	10.6177 5.17132,
	10.6021 5.1521,
	10.5889 5.13408,
	10.5817 5.12447,
	10.5769 5.11486,
	10.5745 5.10525,
	10.5745 5.09564,
	10.5745 5.09324,
	"/>
</Transform>

<Transform dim="1"
 xcoef=" 0.0418411109158151 1 0 0 0 0"
 ycoef=" -0.1 0 1 0 0 0">
<Contour name="d020_p06" hidden="false" closed="true" simplified="true" border="1 1 0" fill="1 1 0" mode="11"
 points="11.0335 5.40725,
	11.0348 5.40466,
	11.0348 5.40401,
	11.0399 5.39947,
	11.0412 5.39849,
	11.0464 5.39752,
	11.0568 5.39687,
	11.062 5.3972,
	11.0646 5.3972,
	11.075 5.40141,
	11.0802 5.40401,
	11.0905 5.41439,
	11.1081 5.43515,
	11.1165 5.44553,
	11.1207 5.45072,
	11.1308 5.46012,
	11.1334 5.46175,
	11.1386 5.46369,
	11.1489 5.46434,
	11.1541 5.46337,
	11.1593 5.46175,
	11.1606 5.46142,
	11.171 5.45396,
	11.1814 5.44585,
	11.1914 5.43645,
	11.2018 5.42834,
	11.207 5.42542,
	11.2122 5.42347,
	11.2174 5.41925,
	11.2278 5.41763,
	11.2381 5.41666,
	11.2485 5.41633,
	11.2693 5.41698,
	11.2719 5.41731,
	11.2926 5.42866,
	11.2952 5.43028,
	11.2978 5.43288,
	11.303 5.43547,
	11.3134 5.44164,
	11.316 5.44196,
	11.3186 5.44326,
	11.3238 5.44423,
	11.3264 5.44488,
	11.329 5.44488,
	11.3316 5.44553,
	11.3328 5.44553,
	11.338 5.44812,
	11.3432 5.45137,
	11.3484 5.45558,
	11.3536 5.46045,
	11.3581 5.46531,
	11.3617 5.4705,
	11.3633 5.4731,
	11.3676 5.48348,
	11.3692 5.48867,
	11.3711 5.49905,
	11.3714 5.50943,
	11.3711 5.51981,
	11.3702 5.525,
	11.3669 5.53538,
	11.3663 5.53797,
	11.3617 5.54835,
	11.3611 5.55354,
	11.3598 5.55873,
	11.3556 5.56911,
	11.3536 5.5743,
	11.353 5.5769,
	11.352 5.5782,
	11.3491 5.58858,
	11.3494 5.59895,
	11.3507 5.60414,
	11.3517 5.60674,
	11.352 5.61712,
	11.3513 5.62231,
	11.3507 5.6249,
	11.3478 5.63009,
	11.3455 5.63269,
	11.3403 5.63626,
	11.3303 5.64566,
	11.3105 5.6661,
	11.2897 5.68459,
	11.2845 5.68945,
	11.2793 5.69367,
	11.2741 5.69691,
	11.2715 5.69886,
	11.2612 5.7047,
	11.256 5.70859,
	11.2492 5.71897,
	11.2449 5.72416,
	11.243 5.72676,
	11.2404 5.72935,
	11.2281 5.75011,
	11.2219 5.76049,
	11.219 5.76568,
	11.2154 5.77087,
	11.2112 5.77606,
	11.2086 5.77833,
	11.2073 5.77963,
	11.1969 5.78579,
	11.1943 5.78774,
	11.1917 5.78904,
	11.1892 5.78968,
	11.1879 5.79033,
	11.1671 5.79163,
	11.1619 5.79196,
	11.1567 5.79163,
	11.1515 5.78904,
	11.1489 5.78774,
	11.1463 5.78579,
	11.1389 5.77541,
	11.1379 5.77411,
	11.135 5.76374,
	11.1334 5.74298,
	11.1324 5.72222,
	11.1321 5.71703,
	11.1301 5.70665,
	11.1272 5.69627,
	11.1181 5.67551,
	11.1168 5.67291,
	11.1132 5.66772,
	11.1071 5.64696,
	11.1068 5.64437,
	11.1077 5.62361,
	11.1074 5.61323,
	11.1061 5.60804,
	11.1058 5.60674,
	11.1019 5.60155,
	11.0925 5.59117,
	11.0876 5.5863,
	11.0857 5.58371,
	11.0798 5.57333,
	11.0769 5.56814,
	11.075 5.56295,
	11.0763 5.52143,
	11.075 5.50067,
	11.0737 5.49029,
	11.0708 5.47991,
	11.0665 5.46953,
	11.0617 5.45915,
	11.0516 5.45007,
	11.049 5.4478,
	11.0416 5.43742,
	11.0357 5.42704,
	11.0348 5.42444,
	11.0335 5.41406,
	11.0335 5.40887,
	11.0335 5.40758,
	"/>
</Transform>

</Section>