<?xml version="1.0"?>
<!DOCTYPE Section SYSTEM "section.dtd">

<Section index="14" thickness="0.052" alignLocked="true">
<Transform dim="3"
 xcoef=" 0.296912862569657 1.25456401399526 0 0 0 0"
 ycoef=" 0.200207692611867 0 1.25456401399526 0 0 0">
<Contour name="D019" hidden="false" closed="true" simplified="true" border="0 0 1" fill="0 0 1" mode="13"
 points="9.76494 5.63645,
	9.7672 5.59915,
	9.77391 5.56281,
	9.78492 5.52832,
	9.79993 5.49656,
	9.81858 5.46833,
	9.84039 5.44435,
	9.86481 5.42521,
	9.89122 5.41141,
	9.91896 5.4033,
	9.94733 5.40107,
	9.9756 5.40478,
	10.0031 5.41434,
	10.0291 5.42951,
	10.0529 5.44991,
	10.0739 5.47501,
	10.0917 5.50419,
	10.1058 5.53672,
	10.1157 5.57175,
	10.1213 5.60843,
	10.1225 5.6458,
	10.1191 5.68295,
	10.1113 5.71892,
	10.0992 5.7528,
	10.0833 5.78375,
	10.0638 5.81098,
	10.0413 5.8338,
	10.0163 5.85164,
	9.98948 5.86405,
	9.96152 5.87071,
	9.93311 5.87145,
	9.90497 5.86626,
	9.87781 5.85527,
	9.85231 5.83875,
	9.82912 5.81712,
	9.80883 5.79094,
	9.79195 5.76085,
	9.7789 5.72762,
	9.77001 5.69209,
	"/>
</Transform>

<Transform dim="3"
 xcoef=" 0.296912862569657 1.25456401399526 0 0 0 0"
 ycoef=" 0.200207692611867 0 1.25456401399526 0 0 0">
<Contour name="D021" hidden="false" closed="true" simplified="true" border="0 0 1" fill="0 0 1" mode="13"
 points="8.02628 7.28153,
	8.02775 7.25579,
	8.03212 7.23034,
	8.03937 7.20547,
	8.04939 7.18146,
	8.06208 7.15858,
	8.0773 7.1371,
	8.09487 7.11725,
	8.11459 7.09927,
	8.13624 7.08335,
	8.15958 7.06967,
	8.18434 7.0584,
	8.21023 7.04966,
	8.23697 7.04354,
	8.26426 7.04012,
	8.29177 7.03943,
	8.31921 7.04149,
	8.34626 7.04626,
	8.37262 7.05371,
	8.39798 7.06373,
	8.42206 7.07622,
	8.44459 7.09104,
	8.4653 7.10801,
	8.48398 7.12696,
	8.50039 7.14765,
	8.51437 7.16986,
	8.52574 7.19334,
	8.53439 7.21781,
	8.54021 7.24301,
	8.54313 7.26864,
	8.54313 7.29442,
	8.54021 7.32006,
	8.53439 7.34525,
	8.52574 7.36973,
	8.51437 7.3932,
	8.50039 7.41542,
	8.48398 7.43611,
	8.4653 7.45505,
	8.44459 7.47203,
	8.42206 7.48685,
	8.39798 7.49934,
	8.37262 7.50936,
	8.34626 7.5168,
	8.31921 7.52158,
	8.29177 7.52364,
	8.26426 7.52295,
	8.23697 7.51953,
	8.21023 7.51341,
	8.18434 7.50467,
	8.15958 7.49339,
	8.13624 7.47972,
	8.11459 7.4638,
	8.09487 7.44581,
	8.0773 7.42597,
	8.06208 7.40448,
	8.04939 7.38161,
	8.03937 7.3576,
	8.03212 7.33273,
	8.02775 7.30728,
	"/>
</Transform>

<Transform dim="3"
 xcoef=" 0.296912862569657 1.25456401399526 0 0 0 0"
 ycoef=" 0.200207692611867 0 1.25456401399526 0 0 0">
<Contour name="D023" hidden="false" closed="true" simplified="true" border="0 0 1" fill="0 0 1" mode="13"
 points="9.70147 6.61513,
	9.70198 6.593,
	9.70351 6.57094,
	9.70605 6.54904,
	9.70959 6.52736,
	9.71412 6.50598,
	9.71963 6.48497,
	9.7261 6.46441,
	9.7335 6.44436,
	9.74181 6.42489,
	9.75101 6.40608,
	9.76105 6.38797,
	9.77191 6.37065,
	9.78354 6.35416,
	9.79592 6.33856,
	9.80899 6.3239,
	9.82272 6.31024,
	9.83704 6.29762,
	9.85193 6.28609,
	9.86732 6.27568,
	9.88316 6.26643,
	9.8994 6.25836,
	9.91599 6.25152,
	9.93286 6.24592,
	9.94996 6.24158,
	9.96723 6.23852,
	9.98461 6.23674,
	10.002 6.23626,
	10.0195 6.23706,
	10.0368 6.23916,
	10.0541 6.24255,
	10.0711 6.2472,
	10.0879 6.25312,
	10.1044 6.26027,
	10.1206 6.26863,
	10.1363 6.27817,
	10.1516 6.28887,
	10.1663 6.30068,
	10.1805 6.31356,
	10.1941 6.32747,
	10.207 6.34237,
	10.2192 6.3582,
	10.2306 6.3749,
	10.2413 6.39243,
	10.2511 6.41072,
	10.2601 6.4297,
	10.2682 6.44932,
	10.2753 6.4695,
	10.2816 6.49018,
	10.2868 6.51129,
	10.2911 6.53275,
	10.2944 6.5545,
	10.2967 6.57645,
	10.298 6.59853,
	10.2982 6.62067,
	10.2975 6.64279,
	10.2957 6.66482,
	10.2929 6.68668,
	10.2891 6.70829,
	10.2843 6.72958,
	10.2786 6.75049,
	10.2719 6.77093,
	10.2642 6.79084,
	10.2557 6.81015,
	10.2463 6.82879,
	10.236 6.8467,
	10.225 6.86382,
	10.2132 6.8801,
	10.2006 6.89547,
	10.1874 6.90988,
	10.1735 6.92328,
	10.159 6.93563,
	10.144 6.94689,
	10.1285 6.95701,
	10.1125 6.96597,
	10.0962 6.97373,
	10.0795 6.98026,
	10.0626 6.98555,
	10.0455 6.98957,
	10.0282 6.99232,
	10.0108 6.99377,
	9.99333 6.99393,
	9.97591 6.9928,
	9.95858 6.99038,
	9.94138 6.98668,
	9.92439 6.9817,
	9.90766 6.97548,
	9.89124 6.96802,
	9.87519 6.95936,
	9.85956 6.94953,
	9.84442 6.93855,
	9.82981 6.92647,
	9.81577 6.91332,
	9.80237 6.89916,
	9.78964 6.88403,
	9.77763 6.86797,
	9.76638 6.85106,
	9.75592 6.83334,
	9.7463 6.81487,
	9.73755 6.79572,
	9.72969 6.77596,
	9.72275 6.75564,
	9.71676 6.73485,
	9.71173 6.71364,
	9.70769 6.6921,
	9.70465 6.6703,
	9.70262 6.64831,
	"/>
</Transform>

<Transform dim="3"
 xcoef=" 0.296912862569657 1.25456401399526 0 0 0 0"
 ycoef=" 0.200207692611867 0 1.25456401399526 0 0 0">
<Contour name="D025" hidden="false" closed="true" simplified="true" border="0 0 1" fill="0 0 1" mode="13"
 points="5.78017 5.64748,
	5.78293 5.61375,
	5.79111 5.58132,
	5.80439 5.55143,
	5.82226 5.52523,
	5.84404 5.50373,
	5.86888 5.48775,
	5.89584 5.47791,
	5.92387 5.47459,
	5.9519 5.47791,
	5.97886 5.48775,
	6.0037 5.50373,
	6.02548 5.52523,
	6.04335 5.55143,
	6.05663 5.58132,
	6.06481 5.61375,
	6.06757 5.64748,
	6.06481 5.6812,
	6.05663 5.71364,
	6.04335 5.74353,
	6.02548 5.76972,
	6.0037 5.79123,
	5.97886 5.8072,
	5.9519 5.81704,
	5.92387 5.82036,
	5.89584 5.81704,
	5.86888 5.8072,
	5.84404 5.79123,
	5.82226 5.76972,
	5.80439 5.74353,
	5.79111 5.71364,
	"/>
</Transform>

<Transform dim="3"
 xcoef=" 0.296912862569657 1.25456401399526 0 0 0 0"
 ycoef=" 0.200207692611867 0 1.25456401399526 0 0 0">
<Contour name="D026_edge" hidden="false" closed="true" simplified="true" border="0 0 1" fill="0 0 1" mode="13"
 points="0.0600277 5.59567,
	0.0614849 5.5712,
	0.0658446 5.54693,
	0.0730713 5.52306,
	0.0831058 5.49978,
	0.0958663 5.47728,
	0.111248 5.45575,
	0.129127 5.43537,
	0.149355 5.41629,
	0.171768 5.39868,
	0.196183 5.38268,
	0.2224 5.36841,
	0.250206 5.35601,
	0.279372 5.34556,
	0.309662 5.33715,
	0.340827 5.33086,
	0.372613 5.32672,
	0.40476 5.32479,
	0.437006 5.32507,
	0.469088 5.32755,
	0.500743 5.33223,
	0.531713 5.33906,
	0.561744 5.34798,
	0.590593 5.35893,
	0.618022 5.37181,
	0.643808 5.38652,
	0.667741 5.40294,
	0.689624 5.42093,
	0.70928 5.44035,
	0.726547 5.46103,
	0.741284 5.48282,
	0.753372 5.50553,
	0.762712 5.52898,
	0.769226 5.55296,
	0.772863 5.5773,
	0.773592 5.60179,
	0.771407 5.62623,
	0.766326 5.65042,
	0.758391 5.67416,
	0.747666 5.69726,
	0.73424 5.71953,
	0.718221 5.74079,
	0.699741 5.76086,
	0.67895 5.77959,
	0.656019 5.79681,
	0.631134 5.81239,
	0.604499 5.8262,
	0.576331 5.83812,
	0.546861 5.84807,
	0.516329 5.85595,
	0.484985 5.86171,
	0.453084 5.8653,
	0.420887 5.86668,
	0.388658 5.86585,
	0.356658 5.86281,
	0.325151 5.8576,
	0.294392 5.85024,
	0.264634 5.8408,
	0.236118 5.82936,
	0.209079 5.81601,
	0.183737 5.80086,
	0.160299 5.78404,
	0.138957 5.76568,
	0.119884 5.74593,
	0.103237 5.72495,
	0.0891513 5.70291,
	0.0777421 5.68,
	0.0691027 5.6564,
	0.0633036 5.63231,
	"/>
</Transform>

<Transform dim="3"
 xcoef=" 0.296912862569657 1.25456401399526 0 0 0 0"
 ycoef=" 0.200207692611867 0 1.25456401399526 0 0 0">
<Contour name="D028" hidden="false" closed="true" simplified="true" border="0 0 1" fill="0 0 1" mode="13"
 points="13.8263 10.1302,
	13.8284 10.0997,
	13.8349 10.0708,
	13.8452 10.0449,
	13.859 10.0233,
	13.8755 10.007,
	13.8939 9.99685,
	13.9133 9.99342,
	13.9326 9.99685,
	13.951 10.007,
	13.9675 10.0233,
	13.9813 10.0449,
	13.9917 10.0708,
	13.9981 10.0997,
	14.0003 10.1302,
	13.9981 10.1606,
	13.9917 10.1895,
	13.9813 10.2154,
	13.9675 10.2371,
	13.951 10.2533,
	13.9326 10.2635,
	13.9133 10.2669,
	13.8939 10.2635,
	13.8755 10.2533,
	13.859 10.2371,
	13.8452 10.2154,
	13.8349 10.1895,
	"/>
</Transform>

<Transform dim="3"
 xcoef=" 0.296912862569657 1.25456401399526 0 0 0 0"
 ycoef=" 0.200207692611867 0 1.25456401399526 0 0 0">
<Contour name="D029_edge" hidden="false" closed="true" simplified="true" border="0 0 1" fill="0 0 1" mode="13"
 points="10.6913 12.7686,
	10.695 12.7433,
	10.7059 12.7193,
	10.7235 12.6975,
	10.747 12.679,
	10.7753 12.6648,
	10.807 12.6554,
	10.8407 12.6513,
	10.8749 12.6526,
	10.9078 12.6594,
	10.938 12.6713,
	10.964 12.6878,
	10.9847 12.708,
	10.999 12.7311,
	11.0064 12.7559,
	11.0064 12.7813,
	10.999 12.8061,
	10.9847 12.8292,
	10.964 12.8494,
	10.938 12.8659,
	10.9078 12.8778,
	10.8749 12.8846,
	10.8407 12.8859,
	10.807 12.8818,
	10.7753 12.8724,
	10.747 12.8582,
	10.7235 12.8397,
	10.7059 12.8179,
	"/>
<Contour name="D030_oblique" hidden="false" closed="true" simplified="true" border="0 0 1" fill="0 0 1" mode="13"
 points="10.4839 4.19303,
	10.4845 4.17665,
	10.4861 4.16037,
	10.4889 4.14428,
	10.4926 4.12846,
	10.4975 4.11302,
	10.5033 4.09803,
	10.5102 4.08359,
	10.5179 4.06977,
	10.5266 4.05666,
	10.5362 4.04433,
	10.5465 4.03286,
	10.5575 4.0223,
	10.5693 4.01272,
	10.5816 4.00417,
	10.5945 3.9967,
	10.6078 3.99036,
	10.6216 3.98518,
	10.6356 3.98119,
	10.6499 3.97841,
	10.6643 3.97686,
	10.6787 3.97655,
	10.6932 3.97748,
	10.7075 3.97964,
	10.7217 3.98303,
	10.7356 3.98762,
	10.7491 3.99339,
	10.7622 4.0003,
	10.7749 4.00831,
	10.7869 4.01738,
	10.7983 4.02746,
	10.809 4.03848,
	10.819 4.0504,
	10.8281 4.06312,
	10.8363 4.0766,
	10.8436 4.09074,
	10.85 4.10546,
	10.8553 4.12069,
	10.8596 4.13633,
	10.8629 4.15229,
	10.8651 4.16849,
	10.8662 4.18483,
	10.8662 4.20122,
	10.8651 4.21756,
	10.8629 4.23376,
	10.8596 4.24972,
	10.8553 4.26536,
	10.85 4.28059,
	10.8436 4.29531,
	10.8363 4.30945,
	10.8281 4.32293,
	10.819 4.33565,
	10.809 4.34757,
	10.7983 4.35859,
	10.7869 4.36867,
	10.7749 4.37774,
	10.7622 4.38575,
	10.7491 4.39266,
	10.7356 4.39843,
	10.7217 4.40302,
	10.7075 4.40641,
	10.6932 4.40857,
	10.6787 4.4095,
	10.6643 4.40919,
	10.6499 4.40764,
	10.6356 4.40486,
	10.6216 4.40087,
	10.6078 4.39569,
	10.5945 4.38935,
	10.5816 4.38188,
	10.5693 4.37333,
	10.5575 4.36375,
	10.5465 4.35319,
	10.5362 4.34172,
	10.5266 4.32939,
	10.5179 4.31628,
	10.5102 4.30246,
	10.5033 4.28802,
	10.4975 4.27303,
	10.4926 4.25759,
	10.4889 4.24177,
	10.4861 4.22568,
	"/>
</Transform>

<Transform dim="3"
 xcoef=" 0.296912862569657 1.25456401399526 0 0 0 0"
 ycoef=" 0.200207692611867 0 1.25456401399526 0 0 0">
<Contour name="D032" hidden="false" closed="true" simplified="true" border="0 0 1" fill="0 0 1" mode="13"
 points="6.53544 6.8913,
	6.53619 6.87189,
	6.53842 6.85257,
	6.54213 6.83343,
	6.5473 6.81458,
	6.55391 6.79611,
	6.56191 6.77809,
	6.57128 6.76063,
	6.58197 6.74381,
	6.59392 6.7277,
	6.60707 6.71239,
	6.62137 6.69795,
	6.63675 6.68446,
	6.65312 6.67197,
	6.67041 6.66055,
	6.68853 6.65026,
	6.7074 6.64114,
	6.72692 6.63323,
	6.747 6.62659,
	6.76754 6.62123,
	6.78845 6.61719,
	6.80961 6.61449,
	6.83093 6.61314,
	6.8523 6.61314,
	6.87362 6.61449,
	6.89478 6.61719,
	6.91568 6.62123,
	6.93623 6.62659,
	6.95631 6.63323,
	6.97583 6.64114,
	6.9947 6.65026,
	7.01282 6.66055,
	7.03011 6.67197,
	7.04648 6.68446,
	7.06185 6.69795,
	7.07615 6.71239,
	7.08931 6.7277,
	7.10126 6.74381,
	7.11195 6.76063,
	7.12131 6.77809,
	7.12932 6.79611,
	7.13592 6.81458,
	7.14109 6.83343,
	7.1448 6.85257,
	7.14704 6.87189,
	7.14778 6.8913,
	7.14704 6.91072,
	7.1448 6.93004,
	7.14109 6.94917,
	7.13592 6.96802,
	7.12932 6.9865,
	7.12131 7.00451,
	7.11195 7.02197,
	7.10126 7.0388,
	7.08931 7.05491,
	7.07615 7.07021,
	7.06185 7.08465,
	7.04648 7.09815,
	7.03011 7.11064,
	7.01282 7.12205,
	6.9947 7.13235,
	6.97583 7.14147,
	6.95631 7.14937,
	6.93623 7.15602,
	6.91568 7.16137,
	6.89478 7.16541,
	6.87362 7.16812,
	6.8523 7.16947,
	6.83093 7.16947,
	6.80961 7.16812,
	6.78845 7.16541,
	6.76754 7.16137,
	6.747 7.15602,
	6.72692 7.14937,
	6.7074 7.14147,
	6.68853 7.13235,
	6.67041 7.12205,
	6.65312 7.11064,
	6.63675 7.09815,
	6.62137 7.08465,
	6.60707 7.07021,
	6.59392 7.05491,
	6.58197 7.0388,
	6.57128 7.02197,
	6.56191 7.00451,
	6.55391 6.9865,
	6.5473 6.96802,
	6.54213 6.94917,
	6.53842 6.93004,
	"/>
</Transform>

<Transform dim="3"
 xcoef=" 0.296912862569657 1.25456401399526 0 0 0 0"
 ycoef=" 0.200207692611867 0 1.25456401399526 0 0 0">
<Contour name="D031_oblique" hidden="false" closed="true" simplified="true" border="0 0 1" fill="0 0 1" mode="13"
 points="10.9009 7.42631,
	10.9032 7.4145,
	10.9101 7.403,
	10.9214 7.39211,
	10.9368 7.3821,
	10.9559 7.37323,
	10.9783 7.36574,
	11.0033 7.35982,
	11.0302 7.35562,
	11.0585 7.35325,
	11.0873 7.35277,
	11.116 7.3542,
	11.1437 7.3575,
	11.1698 7.36257,
	11.1935 7.3693,
	11.2143 7.37751,
	11.2316 7.38697,
	11.245 7.39746,
	11.2542 7.40869,
	11.2588 7.42038,
	11.2588 7.43223,
	11.2542 7.44392,
	11.245 7.45515,
	11.2316 7.46564,
	11.2143 7.47511,
	11.1935 7.48331,
	11.1698 7.49004,
	11.1437 7.49512,
	11.116 7.49841,
	11.0873 7.49984,
	11.0585 7.49936,
	11.0302 7.49699,
	11.0033 7.49279,
	10.9783 7.48687,
	10.9559 7.47938,
	10.9368 7.47052,
	10.9214 7.46051,
	10.9101 7.44961,
	"/>
</Transform>

<Transform dim="3"
 xcoef=" 0.296912862569657 1.25456401399526 0 0 0 0"
 ycoef=" 0.200207692611867 0 1.25456401399526 0 0 0">
<Contour name="D034" hidden="false" closed="true" simplified="true" border="0 0 1" fill="0 0 1" mode="13"
 points="10.4658 3.17782,
	10.4663 3.16166,
	10.4677 3.14555,
	10.47 3.12955,
	10.4731 3.11369,
	10.4772 3.09805,
	10.4822 3.08265,
	10.4881 3.06755,
	10.4947 3.05281,
	10.5023 3.03846,
	10.5106 3.02456,
	10.5197 3.01114,
	10.5295 2.99825,
	10.5401 2.98593,
	10.5513 2.97422,
	10.5632 2.96316,
	10.5757 2.95278,
	10.5888 2.94311,
	10.6024 2.93419,
	10.6165 2.92604,
	10.631 2.91869,
	10.646 2.91216,
	10.6612 2.90648,
	10.6768 2.90166,
	10.6926 2.89771,
	10.7086 2.89465,
	10.7248 2.8925,
	10.7411 2.89125,
	10.7574 2.8909,
	10.7737 2.89147,
	10.7899 2.89295,
	10.806 2.89533,
	10.822 2.89861,
	10.8378 2.90278,
	10.8533 2.90782,
	10.8685 2.91372,
	10.8833 2.92045,
	10.8977 2.928,
	10.9117 2.93635,
	10.9252 2.94546,
	10.9381 2.95531,
	10.9504 2.96586,
	10.9622 2.97709,
	10.9733 2.98896,
	10.9836 3.00142,
	10.9933 3.01445,
	11.0022 3.02799,
	11.0103 3.04201,
	11.0177 3.05646,
	11.0241 3.0713,
	11.0298 3.08647,
	11.0345 3.10194,
	11.0384 3.11764,
	11.0414 3.13354,
	11.0434 3.14957,
	11.0446 3.1657,
	11.0448 3.18187,
	11.0441 3.19802,
	11.0425 3.21411,
	11.04 3.23008,
	11.0366 3.24589,
	11.0322 3.26148,
	11.0271 3.2768,
	11.021 3.29181,
	11.0141 3.30646,
	11.0064 3.3207,
	10.9979 3.33449,
	10.9886 3.34778,
	10.9785 3.36053,
	10.9678 3.3727,
	10.9564 3.38425,
	10.9443 3.39515,
	10.9317 3.40535,
	10.9185 3.41484,
	10.9048 3.42357,
	10.8906 3.43152,
	10.8759 3.43867,
	10.8609 3.44499,
	10.8456 3.45046,
	10.8299 3.45506,
	10.814 3.45878,
	10.798 3.46162,
	10.7818 3.46355,
	10.7655 3.46457,
	10.7492 3.46469,
	10.7329 3.46389,
	10.7167 3.46218,
	10.7006 3.45958,
	10.6847 3.45607,
	10.669 3.45169,
	10.6535 3.44643,
	10.6384 3.44033,
	10.6237 3.43338,
	10.6094 3.42563,
	10.5955 3.41709,
	10.5822 3.40779,
	10.5694 3.39777,
	10.5572 3.38704,
	10.5456 3.37565,
	10.5347 3.36363,
	10.5245 3.35102,
	10.515 3.33786,
	10.5063 3.32419,
	10.4984 3.31006,
	10.4913 3.29551,
	10.485 3.28059,
	10.4796 3.26533,
	10.4751 3.24981,
	10.4714 3.23405,
	10.4687 3.21811,
	10.4669 3.20205,
	"/>
</Transform>

<Transform dim="3"
 xcoef=" 0.296912862569657 1.25456401399526 0 0 0 0"
 ycoef=" 0.200207692611867 0 1.25456401399526 0 0 0">
<Contour name="D035" hidden="false" closed="true" simplified="true" border="0 0 1" fill="0 0 1" mode="13"
 points="7.18261 4.19286,
	7.18416 4.16907,
	7.18882 4.14553,
	7.19652 4.12247,
	7.20719 4.10014,
	7.22073 4.07875,
	7.23698 4.05854,
	7.2558 4.0397,
	7.27697 4.02244,
	7.30029 4.00693,
	7.32551 3.99332,
	7.35238 3.98176,
	7.38063 3.97237,
	7.40995 3.96524,
	7.44005 3.96044,
	7.47063 3.95803,
	7.50136 3.95803,
	7.53194 3.96044,
	7.56204 3.96524,
	7.59137 3.97237,
	7.61961 3.98176,
	7.64648 3.99332,
	7.6717 4.00693,
	7.69502 4.02244,
	7.7162 4.0397,
	7.73501 4.05854,
	7.75127 4.07875,
	7.7648 4.10014,
	7.77547 4.12247,
	7.78318 4.14553,
	7.78783 4.16907,
	7.78939 4.19286,
	7.78783 4.21665,
	7.78318 4.24019,
	7.77547 4.26325,
	7.7648 4.28558,
	7.75127 4.30697,
	7.73501 4.32718,
	7.7162 4.34602,
	7.69502 4.36328,
	7.6717 4.37879,
	7.64648 4.3924,
	7.61961 4.40396,
	7.59137 4.41335,
	7.56204 4.42048,
	7.53194 4.42528,
	7.50136 4.42769,
	7.47063 4.42769,
	7.44005 4.42528,
	7.40995 4.42048,
	7.38063 4.41335,
	7.35238 4.40396,
	7.32551 4.3924,
	7.30029 4.37879,
	7.27697 4.36328,
	7.2558 4.34602,
	7.23698 4.32718,
	7.22073 4.30697,
	7.20719 4.28558,
	7.19652 4.26325,
	7.18882 4.24019,
	7.18416 4.21665,
	"/>
</Transform>

<Transform dim="3"
 xcoef=" 0.296912862569657 1.25456401399526 0 0 0 0"
 ycoef=" 0.200207692611867 0 1.25456401399526 0 0 0">
<Contour name="D036" hidden="false" closed="true" simplified="true" border="0 0 1" fill="0 0 1" mode="13"
 points="17.7945 6.58756,
	17.7974 6.55122,
	17.8059 6.51605,
	17.8197 6.48318,
	17.8385 6.45366,
	17.8616 6.42845,
	17.8882 6.40835,
	17.9176 6.39401,
	17.9487 6.38589,
	17.9806 6.38425,
	18.0122 6.38915,
	18.0426 6.40042,
	18.0707 6.41771,
	18.0957 6.44046,
	18.1167 6.46794,
	18.1331 6.49926,
	18.1443 6.53342,
	18.15 6.56932,
	18.15 6.60581,
	18.1443 6.6417,
	18.1331 6.67586,
	18.1167 6.70719,
	18.0957 6.73466,
	18.0707 6.75741,
	18.0426 6.7747,
	18.0122 6.78597,
	17.9806 6.79087,
	17.9487 6.78924,
	17.9176 6.78112,
	17.8882 6.76678,
	17.8616 6.74668,
	17.8385 6.72146,
	17.8197 6.69194,
	17.8059 6.65907,
	"/>
</Transform>

<Transform dim="3"
 xcoef=" 0.296912862569657 1.25456401399526 0 0 0 0"
 ycoef=" 0.200207692611867 0 1.25456401399526 0 0 0">
<Contour name="D040_edge" hidden="false" closed="true" simplified="true" border="0 0 1" fill="0 0 1" mode="13"
 points="6.36141 4.18686,
	6.36337 4.15362,
	6.3692 4.1209,
	6.37882 4.08925,
	6.39207 4.05917,
	6.40873 4.03114,
	6.42855 4.00562,
	6.45119 3.98301,
	6.4763 3.96369,
	6.50347 3.94796,
	6.53227 3.93607,
	6.56222 3.92821,
	6.59286 3.92452,
	6.62368 3.92505,
	6.65419 3.92979,
	6.6839 3.93867,
	6.71233 3.95154,
	6.73903 3.9682,
	6.76356 3.98837,
	6.78552 4.01174,
	6.80458 4.03793,
	6.82041 4.06651,
	6.83277 4.09703,
	6.84146 4.129,
	6.84633 4.1619,
	6.8473 4.1952,
	6.84437 4.22836,
	6.83758 4.26086,
	6.82704 4.29217,
	6.81292 4.32178,
	6.79544 4.34922,
	6.77488 4.37405,
	6.75159 4.39587,
	6.72592 4.41432,
	6.6983 4.42911,
	6.66918 4.44001,
	6.639 4.44683,
	6.60828 4.44947,
	6.57749 4.44789,
	6.54713 4.4421,
	6.51769 4.43221,
	6.48966 4.41837,
	6.46346 4.40081,
	6.43954 4.3798,
	6.41827 4.35569,
	6.39999 4.32886,
	6.385 4.29975,
	6.37355 4.26882,
	6.36581 4.23657,
	"/>
</Transform>

<Transform dim="3"
 xcoef=" 0.296912862569657 1.25456401399526 0 0 0 0"
 ycoef=" 0.200207692611867 0 1.25456401399526 0 0 0">
<Contour name="D041_oblique" hidden="false" closed="true" simplified="true" border="0 0 1" fill="0 0 1" mode="13"
 points="23.3257 3.76726,
	23.3277 3.74154,
	23.3339 3.71637,
	23.344 3.69232,
	23.3578 3.66989,
	23.375 3.6496,
	23.3953 3.63187,
	23.4182 3.61709,
	23.4432 3.60559,
	23.4697 3.59762,
	23.4973 3.59335,
	23.5252 3.59288,
	23.5529 3.5962,
	23.5797 3.60326,
	23.6052 3.6139,
	23.6286 3.62788,
	23.6496 3.64491,
	23.6676 3.6646,
	23.6823 3.68654,
	23.6934 3.71023,
	23.7005 3.73517,
	23.7036 3.76081,
	23.7026 3.78659,
	23.6975 3.81195,
	23.6883 3.83633,
	23.6754 3.85921,
	23.659 3.88008,
	23.6395 3.89849,
	23.6172 3.91404,
	23.5927 3.92638,
	23.5664 3.93525,
	23.5391 3.94046,
	23.5112 3.94189,
	23.4834 3.93951,
	23.4563 3.93337,
	23.4304 3.92361,
	23.4064 3.91044,
	23.3848 3.89414,
	23.366 3.87508,
	23.3504 3.85366,
	23.3384 3.83036,
	23.3303 3.80568,
	"/>
</Transform>

<Transform dim="3"
 xcoef=" 0.296912862569657 1.25456401399526 0 0 0 0"
 ycoef=" 0.200207692611867 0 1.25456401399526 0 0 0">
<Contour name="D042_edge" hidden="false" closed="true" simplified="true" border="0 0 1" fill="0 0 1" mode="13"
 points="7.23623 5.42485,
	7.24723 5.31682,
	7.27915 5.21936,
	7.32887 5.14202,
	7.39152 5.09237,
	7.46097 5.07526,
	7.53042 5.09237,
	7.59307 5.14202,
	7.64279 5.21936,
	7.67471 5.31682,
	7.68571 5.42485,
	7.67471 5.53288,
	7.64279 5.63034,
	7.59307 5.70768,
	7.53042 5.75734,
	7.46097 5.77445,
	7.39152 5.75734,
	7.32887 5.70768,
	7.27915 5.63034,
	"/>
</Transform>

<Transform dim="3"
 xcoef=" 0.296912862569657 1.25456401399526 0 0 0 0"
 ycoef=" 0.200207692611867 0 1.25456401399526 0 0 0">
<Contour name="D043" hidden="false" closed="true" simplified="true" border="0 0 1" fill="0 0 1" mode="13"
 points="3.70449 10.7237,
	3.70614 10.6973,
	3.71108 10.6712,
	3.71924 10.6457,
	3.73055 10.6211,
	3.74487 10.5976,
	3.76204 10.5755,
	3.78187 10.5551,
	3.80414 10.5365,
	3.82861 10.5201,
	3.855 10.5059,
	3.88301 10.4941,
	3.91234 10.4849,
	3.94266 10.4783,
	3.97362 10.4745,
	4.00489 10.4734,
	4.03612 10.4752,
	4.06695 10.4797,
	4.09705 10.4869,
	4.12608 10.4968,
	4.15372 10.5092,
	4.17965 10.524,
	4.2036 10.541,
	4.22528 10.56,
	4.24447 10.5809,
	4.26094 10.6033,
	4.27452 10.6271,
	4.28505 10.652,
	4.29242 10.6777,
	4.29654 10.7039,
	4.29736 10.7303,
	4.29489 10.7566,
	4.28914 10.7825,
	4.28018 10.8079,
	4.2681 10.8322,
	4.25306 10.8554,
	4.2352 10.8771,
	4.21474 10.8971,
	4.19189 10.9151,
	4.16692 10.931,
	4.14009 10.9446,
	4.11172 10.9558,
	4.08212 10.9643,
	4.05161 10.9702,
	4.02053 10.9733,
	3.98924 10.9737,
	3.95808 10.9712,
	3.9274 10.9661,
	3.89753 10.9582,
	3.86882 10.9476,
	3.84158 10.9346,
	3.81612 10.9193,
	3.79272 10.9018,
	3.77163 10.8822,
	3.75311 10.861,
	3.73734 10.8381,
	3.72451 10.814,
	3.71476 10.7889,
	3.7082 10.7631,
	"/>
</Transform>

<Transform dim="3"
 xcoef=" 0.296912862569657 1.25456401399526 0 0 0 0"
 ycoef=" 0.200207692611867 0 1.25456401399526 0 0 0">
<Contour name="D047" hidden="false" closed="true" simplified="true" border="0 0 1" fill="0 0 1" mode="13"
 points="8.08793 0.741528,
	8.08987 0.714373,
	8.09564 0.687655,
	8.10516 0.661804,
	8.11827 0.637236,
	8.13476 0.614345,
	8.15437 0.593501,
	8.17679 0.575039,
	8.20164 0.559256,
	8.22853 0.546406,
	8.25703 0.536695,
	8.28668 0.53028,
	8.317 0.527264,
	8.3475 0.527696,
	8.3777 0.531568,
	8.4071 0.538819,
	8.43524 0.549331,
	8.46166 0.562936,
	8.48594 0.579414,
	8.50768 0.598501,
	8.52654 0.61989,
	8.54221 0.643235,
	8.55444 0.668163,
	8.56304 0.69427,
	8.56786 0.721138,
	8.56883 0.748334,
	8.56593 0.775421,
	8.55921 0.801962,
	8.54877 0.827531,
	8.53479 0.851716,
	8.51749 0.874128,
	8.49715 0.894407,
	8.47409 0.912225,
	8.44869 0.927297,
	8.42136 0.93938,
	8.39253 0.94828,
	8.36267 0.953852,
	8.33225 0.956009,
	8.30178 0.954714,
	8.27174 0.949989,
	8.2426 0.94191,
	8.21485 0.930607,
	8.18893 0.916261,
	8.16525 0.899104,
	8.1442 0.879411,
	8.12611 0.8575,
	8.11128 0.833723,
	8.09994 0.808462,
	8.09228 0.782124,
	"/>
</Transform>

<Transform dim="3"
 xcoef=" 0.296912862569657 1.25456401399526 0 0 0 0"
 ycoef=" 0.200207692611867 0 1.25456401399526 0 0 0">
<Contour name="D048_oblique" hidden="false" closed="true" simplified="true" border="0 0 1" fill="0 0 1" mode="13"
 points="16.3265 5.24837,
	16.3278 5.22835,
	16.332 5.2087,
	16.3387 5.18978,
	16.3481 5.17192,
	16.3598 5.15545,
	16.3737 5.14068,
	16.3894 5.12787,
	16.4068 5.11726,
	16.4255 5.10904,
	16.4452 5.10336,
	16.4654 5.10032,
	16.4859 5.09998,
	16.5063 5.10235,
	16.5261 5.10738,
	16.5451 5.11498,
	16.5628 5.12501,
	16.579 5.13729,
	16.5934 5.15159,
	16.6056 5.16766,
	16.6156 5.1852,
	16.623 5.20389,
	16.6278 5.22339,
	16.6299 5.24335,
	16.6292 5.2634,
	16.6258 5.28317,
	16.6196 5.30231,
	16.6109 5.32047,
	16.5998 5.33731,
	16.5864 5.35253,
	16.5711 5.36585,
	16.5541 5.37703,
	16.5357 5.38587,
	16.5163 5.3922,
	16.4961 5.3959,
	16.4757 5.39692,
	16.4552 5.39523,
	16.4352 5.39086,
	16.416 5.38389,
	16.3979 5.37445,
	16.3813 5.36271,
	16.3665 5.34889,
	16.3537 5.33324,
	16.3431 5.31604,
	16.335 5.29761,
	16.3296 5.27827,
	"/>
</Transform>

<Transform dim="3"
 xcoef=" 0.296912862569657 1.25456401399526 0 0 0 0"
 ycoef=" 0.200207692611867 0 1.25456401399526 0 0 0">
<Contour name="D049" hidden="false" closed="true" simplified="true" border="0 0 1" fill="0 0 1" mode="13"
 points="8.25569 11.5299,
	8.25937 11.4709,
	8.27029 11.4137,
	8.28814 11.3598,
	8.31242 11.3107,
	8.34241 11.268,
	8.37726 11.2328,
	8.41597 11.2062,
	8.45742 11.1889,
	8.50042 11.1814,
	8.54373 11.1839,
	8.5861 11.1963,
	8.62633 11.2184,
	8.66324 11.2494,
	8.69578 11.2885,
	8.72301 11.3345,
	8.74415 11.3862,
	8.75859 11.442,
	8.76592 11.5003,
	8.76592 11.5595,
	8.75859 11.6178,
	8.74415 11.6736,
	8.72301 11.7252,
	8.69578 11.7712,
	8.66324 11.8103,
	8.62633 11.8414,
	8.5861 11.8634,
	8.54373 11.8759,
	8.50042 11.8784,
	8.45742 11.8709,
	8.41597 11.8536,
	8.37726 11.8269,
	8.34241 11.7917,
	8.31242 11.749,
	8.28814 11.7,
	8.27029 11.6461,
	8.25937 11.5888,
	"/>
</Transform>

<Transform dim="1"
 xcoef=" 0.15614503337328 1 0 0 0 0"
 ycoef=" 0.0767617386333529 0 1 0 0 0">
<Contour name="D049 ax01" hidden="false" closed="true" simplified="false" border="0 1 1" fill="0 1 1" mode="-9"
 points="7.60116 6.28727,
	7.61418 6.27425,
	7.56211 6.22217,
	7.57512 6.20915,
	7.6272 6.26123,
	7.64022 6.24821,
	7.64022 6.28727,
	"/>
</Transform>

<Transform dim="1"
 xcoef=" 0.15614503337328 1 0 0 0 0"
 ycoef=" 0.0767617386333529 0 1 0 0 0">
<Contour name="D051 edge" hidden="false" closed="true" simplified="true" border="0 0 1" fill="0 0 1" mode="13"
 points="9.80379 1.5787,
	9.80838 1.55056,
	9.82182 1.52443,
	9.84315 1.50215,
	9.87087 1.48531,
	9.903 1.47511,
	9.93725 1.47226,
	9.9712 1.47699,
	10.0024 1.48894,
	10.0287 1.50726,
	10.0482 1.53067,
	10.0595 1.55748,
	10.0618 1.58581,
	10.0549 1.61363,
	10.0394 1.63896,
	10.0163 1.66002,
	9.9873 1.67529,
	9.95442 1.6837,
	9.92001 1.68465,
	9.88652 1.67807,
	9.85633 1.66443,
	9.83158 1.64469,
	9.81403 1.62027,
	"/>
</Transform>

<Transform dim="1"
 xcoef=" 0.15614503337328 1 0 0 0 0"
 ycoef=" 0.0767617386333529 0 1 0 0 0">
<Contour name="D053_edge" hidden="false" closed="true" simplified="true" border="0 0 1" fill="0 0 1" mode="13"
 points="15.5736 2.48329,
	15.5755 2.46675,
	15.581 2.45069,
	15.5901 2.43557,
	15.6024 2.42182,
	15.6176 2.40983,
	15.6353 2.39996,
	15.6549 2.39249,
	15.6759 2.38763,
	15.6977 2.38552,
	15.7197 2.38623,
	15.7412 2.38973,
	15.7616 2.39591,
	15.7803 2.40462,
	15.7968 2.41558,
	15.8106 2.4285,
	15.8213 2.44299,
	15.8286 2.45864,
	15.8324 2.47499,
	15.8324 2.49159,
	15.8286 2.50795,
	15.8213 2.5236,
	15.8106 2.53809,
	15.7968 2.551,
	15.7803 2.56197,
	15.7616 2.57067,
	15.7412 2.57686,
	15.7197 2.58036,
	15.6977 2.58106,
	15.6759 2.57895,
	15.6549 2.57409,
	15.6353 2.56662,
	15.6176 2.55675,
	15.6024 2.54477,
	15.5901 2.53102,
	15.581 2.51589,
	15.5755 2.49983,
	"/>
</Transform>

<Transform dim="1"
 xcoef=" 0.15614503337328 1 0 0 0 0"
 ycoef=" 0.0767617386333529 0 1 0 0 0">
<Contour name="D055" hidden="false" closed="true" simplified="true" border="0 0 1" fill="0 0 1" mode="13"
 points="1.33945 2.18652,
	1.34491 2.1585,
	1.36073 2.13321,
	1.38538 2.11315,
	1.41644 2.10027,
	1.45087 2.09583,
	1.4853 2.10027,
	1.51637 2.11315,
	1.54102 2.13321,
	1.55684 2.1585,
	1.5623 2.18652,
	1.55684 2.21455,
	1.54102 2.23983,
	1.51637 2.25989,
	1.4853 2.27278,
	1.45087 2.27721,
	1.41644 2.27278,
	1.38538 2.25989,
	1.36073 2.23983,
	"/>
</Transform>

<Transform dim="1"
 xcoef=" 0.15614503337328 1 0 0 0 0"
 ycoef=" 0.0767617386333529 0 1 0 0 0">
<Contour name="D033" hidden="false" closed="true" simplified="true" border="0 0 1" fill="0 0 1" mode="13"
 points="11.14 3.44677,
	11.1407 3.43907,
	11.1428 3.43157,
	11.1462 3.42447,
	11.1509 3.41797,
	11.1566 3.41223,
	11.1634 3.40741,
	11.1709 3.40363,
	11.1791 3.40101,
	11.1875 3.3996,
	11.1962 3.39944,
	11.2047 3.40054,
	11.213 3.40287,
	11.2207 3.40636,
	11.2276 3.41093,
	11.2337 3.41645,
	11.2386 3.42278,
	11.2424 3.42975,
	11.2448 3.43716,
	11.2459 3.44484,
	11.2455 3.45256,
	11.2438 3.46013,
	11.2407 3.46735,
	11.2363 3.47402,
	11.2308 3.47996,
	11.2242 3.48502,
	11.2169 3.48907,
	11.2089 3.49199,
	11.2005 3.49371,
	11.1919 3.49418,
	11.1833 3.4934,
	11.1749 3.49137,
	11.1671 3.48816,
	11.1599 3.48385,
	11.1536 3.47855,
	11.1484 3.47241,
	11.1443 3.46559,
	11.1416 3.45826,
	"/>
</Transform>

<Transform dim="1"
 xcoef=" 0.15614503337328 1 0 0 0 0"
 ycoef=" 0.0767617386333529 0 1 0 0 0">
<Contour name="D039" hidden="false" closed="true" simplified="true" border="0 0 1" fill="0 0 1" mode="13"
 points="11.5152 2.85963,
	11.5169 2.84106,
	11.522 2.82307,
	11.5303 2.80622,
	11.5416 2.79104,
	11.5555 2.778,
	11.5715 2.76752,
	11.5893 2.75991,
	11.6081 2.75542,
	11.6275 2.75418,
	11.6468 2.75624,
	11.6655 2.76153,
	11.6829 2.76988,
	11.6984 2.78104,
	11.7117 2.79465,
	11.7223 2.8103,
	11.7298 2.82748,
	11.7341 2.84567,
	11.7349 2.8643,
	11.7324 2.88278,
	11.7264 2.90053,
	11.7173 2.91701,
	11.7054 2.9317,
	11.6909 2.94413,
	11.6744 2.95393,
	11.6563 2.96078,
	11.6372 2.96447,
	11.6178 2.96488,
	11.5986 2.962,
	11.5802 2.95593,
	11.5633 2.94684,
	11.5482 2.93504,
	11.5356 2.92087,
	11.5258 2.9048,
	11.519 2.88731,
	"/>
</Transform>

<Transform dim="1"
 xcoef=" 0.15614503337328 1 0 0 0 0"
 ycoef=" 0.0767617386333529 0 1 0 0 0">
<Contour name="D020_ax01" hidden="false" closed="true" simplified="false" border="0 1 1" fill="0 1 1" mode="11"
 points="9.97786 8.19781,
	9.98756 8.18812,
	9.94879 8.14935,
	9.95848 8.13966,
	9.99725 8.17843,
	10.0069 8.16874,
	10.0069 8.19781,
	"/>
</Transform>

<Transform dim="1"
 xcoef=" 0.15614503337328 1 0 0 0 0"
 ycoef=" 0.0767617386333529 0 1 0 0 0">
<Contour name="D046" hidden="false" closed="true" simplified="true" border="0 0 1" fill="0 0 1" mode="13"
 points="11.0664 1.51259,
	11.0668 1.50173,
	11.0682 1.49098,
	11.0705 1.48043,
	11.0737 1.4702,
	11.0777 1.46037,
	11.0826 1.45105,
	11.0882 1.44231,
	11.0946 1.43426,
	11.1016 1.42696,
	11.1092 1.42048,
	11.1173 1.4149,
	11.1259 1.41025,
	11.1348 1.40659,
	11.144 1.40395,
	11.1533 1.40235,
	11.1628 1.40182,
	11.1723 1.40235,
	11.1816 1.40395,
	11.1908 1.40659,
	11.1997 1.41025,
	11.2083 1.4149,
	11.2164 1.42048,
	11.224 1.42696,
	11.231 1.43426,
	11.2374 1.44231,
	11.243 1.45105,
	11.2479 1.46037,
	11.2519 1.4702,
	11.2551 1.48043,
	11.2574 1.49098,
	11.2588 1.50173,
	11.2593 1.51259,
	11.2588 1.52344,
	11.2574 1.5342,
	11.2551 1.54474,
	11.2519 1.55498,
	11.2479 1.5648,
	11.243 1.57413,
	11.2374 1.58286,
	11.231 1.59091,
	11.224 1.59821,
	11.2164 1.60469,
	11.2083 1.61028,
	11.1997 1.61492,
	11.1908 1.61859,
	11.1816 1.62123,
	11.1723 1.62282,
	11.1628 1.62336,
	11.1533 1.62282,
	11.144 1.62123,
	11.1348 1.61859,
	11.1259 1.61492,
	11.1173 1.61028,
	11.1092 1.60469,
	11.1016 1.59821,
	11.0946 1.59091,
	11.0882 1.58286,
	11.0826 1.57413,
	11.0777 1.5648,
	11.0737 1.55498,
	11.0705 1.54474,
	11.0682 1.5342,
	"/>
</Transform>

<Transform dim="1"
 xcoef=" 0.0862685725015534 1 0 0 0 0"
 ycoef=" -0.870132151104134 0 1 0 0 0">
<Contour name="d046" hidden="false" closed="true" simplified="true" border="1 1 0" fill="1 1 0" mode="11"
 points="10.6028 0.54437,
	10.6075 0.534923,
	10.6099 0.5302,
	10.6114 0.527838,
	10.612 0.526657,
	10.6164 0.521934,
	10.6188 0.519572,
	10.6282 0.513668,
	10.6329 0.511011,
	10.6353 0.509535,
	10.64 0.507468,
	10.6424 0.506287,
	10.6471 0.505107,
	10.6518 0.50245,
	10.6613 0.499793,
	10.666 0.497726,
	10.6849 0.491527,
	10.6943 0.48828,
	10.6967 0.487689,
	10.7014 0.485327,
	10.7038 0.484442,
	10.7085 0.481785,
	10.7132 0.479718,
	10.7179 0.477062,
	10.7203 0.47529,
	10.7298 0.466139,
	10.7345 0.461711,
	10.7386 0.456987,
	10.7398 0.455806,
	10.7451 0.44636,
	10.7498 0.436913,
	10.7649 0.418019,
	10.7681 0.413296,
	10.7731 0.403849,
	10.7755 0.399126,
	10.7811 0.389679,
	10.7823 0.387317,
	10.7894 0.377871,
	10.7956 0.368424,
	10.7991 0.3637,
	10.8021 0.358977,
	10.8186 0.340083,
	10.8257 0.330637,
	10.8319 0.32119,
	10.836 0.316467,
	10.8452 0.297573,
	10.8467 0.288126,
	10.8472 0.285765,
	10.8478 0.276318,
	10.8478 0.266871,
	10.8478 0.262148,
	10.8499 0.252701,
	10.854 0.243254,
	10.8564 0.238531,
	10.8629 0.229084,
	10.8644 0.226722,
	10.8818 0.207829,
	10.8909 0.198382,
	10.8954 0.193659,
	10.9001 0.189526,
	10.9013 0.188345,
	10.9202 0.178898,
	10.9249 0.176536,
	10.9296 0.174765,
	10.932 0.173289,
	10.9414 0.171518,
	10.9461 0.170632,
	10.9509 0.170337,
	10.9603 0.170927,
	10.965 0.171813,
	10.9698 0.173289,
	10.9887 0.184507,
	10.9934 0.18805,
	10.9981 0.191002,
	11.0075 0.199563,
	11.0099 0.201629,
	11.0164 0.211076,
	11.0196 0.215799,
	11.0273 0.225246,
	11.0341 0.234693,
	11.0495 0.253587,
	11.063 0.27248,
	11.0701 0.281927,
	11.0884 0.30082,
	11.0979 0.310267,
	11.105 0.319714,
	11.1109 0.329161,
	11.1327 0.366948,
	11.1333 0.368129,
	11.1357 0.37049,
	11.138 0.372262,
	11.1466 0.381708,
	11.1593 0.400602,
	11.1631 0.405325,
	11.1649 0.407687,
	11.1743 0.416248,
	11.1838 0.423628,
	11.1932 0.428942,
	11.2027 0.435732,
	11.2213 0.452559,
	11.2295 0.462006,
	11.2334 0.466729,
	11.2354 0.469091,
	11.2381 0.473814,
	11.2532 0.492708,
	11.2558 0.497431,
	11.2626 0.506878,
	11.2706 0.516325,
	11.2895 0.534628,
	11.2942 0.539056,
	11.3036 0.546436,
	11.3084 0.549684,
	11.3107 0.55116,
	11.3296 0.568872,
	11.3476 0.587471,
	11.3565 0.596917,
	11.3588 0.599279,
	11.3777 0.614335,
	11.3825 0.617582,
	11.3872 0.62142,
	11.3966 0.627619,
	11.4344 0.65655,
	11.4391 0.659207,
	11.4415 0.659502,
	11.4427 0.659797,
	11.445 0.661273,
	11.4462 0.661864,
	11.4468 0.661864,
	11.448 0.663045,
	11.4527 0.665702,
	11.4622 0.672491,
	11.4669 0.676624,
	11.4858 0.695223,
	11.4952 0.704374,
	11.4997 0.709098,
	11.507 0.718544,
	11.5103 0.723268,
	11.5129 0.727991,
	11.5171 0.737438,
	11.518 0.742161,
	11.5186 0.744523,
	11.5191 0.763417,
	11.5197 0.76814,
	11.5203 0.770502,
	11.5253 0.779948,
	11.5333 0.789395,
	11.5428 0.797366,
	11.5451 0.799432,
	11.5484 0.804156,
	11.5507 0.808879,
	11.5519 0.811241,
	11.5534 0.815964,
	11.5543 0.820688,
	11.5546 0.825411,
	11.5543 0.830134,
	11.5543 0.832496,
	11.5534 0.834858,
	11.5531 0.837219,
	11.5519 0.839581,
	11.5498 0.849028,
	11.5425 0.867921,
	11.5401 0.872645,
	11.5342 0.882092,
	11.5313 0.886815,
	11.5245 0.896262,
	11.5171 0.905708,
	11.5156 0.90807,
	11.4985 0.926964,
	11.4893 0.935525,
	11.4799 0.94261,
	11.4752 0.946152,
	11.4657 0.952057,
	11.461 0.955009,
	11.4589 0.956485,
	11.4566 0.95737,
	11.4554 0.95737,
	11.453 0.958256,
	11.4518 0.958551,
	11.4512 0.958551,
	11.4507 0.959142,
	11.4459 0.960027,
	11.4436 0.960618,
	11.4424 0.961208,
	11.4377 0.961503,
	11.4282 0.963275,
	11.4188 0.963865,
	11.4141 0.964751,
	11.4117 0.964751,
	11.4105 0.964751,
	11.4099 0.965341,
	11.4005 0.967408,
	11.391 0.970064,
	11.3863 0.97095,
	11.3674 0.971541,
	11.358 0.971836,
	11.3532 0.972721,
	11.3343 0.981283,
	11.3296 0.983939,
	11.3249 0.986006,
	11.3225 0.986892,
	11.3178 0.987777,
	11.3155 0.988368,
	11.2966 0.988663,
	11.2871 0.988958,
	11.2824 0.988958,
	11.2812 0.989548,
	11.2623 0.989548,
	11.2529 0.989548,
	11.2434 0.988663,
	11.2411 0.988368,
	11.2363 0.986596,
	11.2316 0.983939,
	11.2269 0.980692,
	11.2245 0.979216,
	11.2242 0.978626,
	11.2236 0.978626,
	11.2189 0.974788,
	11.2095 0.968884,
	11.2083 0.968293,
	11.1988 0.960323,
	11.1941 0.95678,
	11.1929 0.955894,
	11.1906 0.955009,
	11.1811 0.94999,
	11.1788 0.949104,
	11.1693 0.943791,
	11.1646 0.940839,
	11.1552 0.93641,
	11.1504 0.934934,
	11.1457 0.934049,
	11.1363 0.933458,
	11.1268 0.933458,
	11.1221 0.934344,
	11.1197 0.934639,
	11.1103 0.938477,
	11.1079 0.939363,
	11.0985 0.940248,
	11.0937 0.940248,
	11.089 0.939658,
	11.0843 0.937886,
	11.0654 0.925783,
	11.0607 0.921355,
	11.0571 0.916631,
	11.0509 0.907184,
	11.0456 0.897738,
	11.0424 0.893014,
	11.0382 0.888291,
	11.0335 0.885044,
	11.0312 0.883272,
	11.0264 0.880615,
	11.0217 0.879139,
	11.017 0.878254,
	11.0075 0.877663,
	11.0052 0.877368,
	11.004 0.877368,
	11.0028 0.876778,
	10.9981 0.875892,
	10.9887 0.870578,
	10.9792 0.864084,
	10.9745 0.860246,
	10.9701 0.855818,
	10.9662 0.851094,
	10.963 0.846371,
	10.9585 0.841648,
	10.9562 0.839581,
	10.9467 0.836924,
	10.942 0.835448,
	10.9396 0.834858,
	10.9391 0.834562,
	10.9385 0.834858,
	10.9373 0.833677,
	10.9349 0.832496,
	10.9337 0.832201,
	10.932 0.829839,
	10.9314 0.828658,
	10.9125 0.813307,
	10.8936 0.799137,
	10.8889 0.795004,
	10.8844 0.790281,
	10.8827 0.787919,
	10.8644 0.769026,
	10.8455 0.751313,
	10.8266 0.73301,
	10.818 0.723563,
	10.8106 0.714116,
	10.8041 0.704669,
	10.8015 0.699946,
	10.8006 0.697584,
	10.7991 0.695223,
	10.7979 0.690499,
	10.7974 0.689319,
	10.7971 0.686957,
	10.7903 0.67751,
	10.7823 0.668063,
	10.7779 0.663635,
	10.7755 0.661569,
	10.7708 0.658912,
	10.7661 0.656845,
	10.7283 0.646808,
	10.7236 0.645332,
	10.7141 0.641199,
	10.7047 0.63559,
	10.7023 0.634409,
	10.6834 0.619353,
	10.6787 0.61522,
	10.6763 0.613449,
	10.6669 0.609021,
	10.6621 0.606364,
	10.6527 0.603117,
	10.6433 0.60046,
	10.6385 0.598984,
	10.6362 0.598393,
	10.6267 0.592194,
	10.622 0.588356,
	10.6196 0.586585,
	10.6173 0.584223,
	10.6161 0.581862,
	10.6126 0.577138,
	10.6114 0.575957,
	10.6066 0.566511,
	10.6046 0.561787,
	10.604 0.559426,
	10.6037 0.554702,
	10.6028 0.549979,
	10.6028 0.545255,
	10.6028 0.544665,
	"/>
</Transform>

<Transform dim="1"
 xcoef=" 0.0862685725015534 1 0 0 0 0"
 ycoef=" -0.870132151104134 0 1 0 0 0">
<Contour name="d046_p02" hidden="false" closed="true" simplified="true" border="1 1 0" fill="1 1 0" mode="11"
 points="11.4611 0.409023,
	11.4619 0.402613,
	11.4619 0.399408,
	11.4631 0.392999,
	11.4643 0.380179,
	11.4643 0.376974,
	11.4655 0.370565,
	11.4675 0.364155,
	11.4703 0.357745,
	11.4775 0.345326,
	11.4775 0.344525,
	11.4823 0.338115,
	11.4851 0.33491,
	11.4863 0.334109,
	11.4895 0.331305,
	11.4911 0.329702,
	11.4971 0.325296,
	11.4999 0.323693,
	11.5031 0.320889,
	11.5043 0.319687,
	11.5051 0.319687,
	11.5179 0.311675,
	11.5212 0.309672,
	11.5276 0.306867,
	11.5308 0.305666,
	11.5324 0.305265,
	11.5332 0.304464,
	11.5364 0.303262,
	11.538 0.302861,
	11.5388 0.30206,
	11.5644 0.294449,
	11.566 0.294449,
	11.5676 0.293647,
	11.5708 0.293247,
	11.574 0.292045,
	11.5772 0.291644,
	11.5804 0.290442,
	11.5836 0.290042,
	11.5965 0.286036,
	11.5997 0.284433,
	11.6005 0.284433,
	11.6013 0.283632,
	11.6141 0.278825,
	11.6269 0.275219,
	11.6333 0.274418,
	11.6349 0.273617,
	11.6606 0.273216,
	11.6734 0.272816,
	11.6862 0.271614,
	11.699 0.271614,
	11.7054 0.271213,
	11.7311 0.272415,
	11.7439 0.273216,
	11.7567 0.276421,
	11.7631 0.278024,
	11.7663 0.278424,
	11.7679 0.279225,
	11.7743 0.280427,
	11.7807 0.282831,
	11.7823 0.283632,
	11.784 0.283632,
	11.7904 0.286436,
	11.792 0.286837,
	11.7928 0.287638,
	11.7992 0.289641,
	11.8 0.289641,
	11.8008 0.290442,
	11.8024 0.290843,
	11.8148 0.299656,
	11.8156 0.299656,
	11.816 0.300458,
	11.8168 0.300458,
	11.8296 0.310072,
	11.836 0.314479,
	11.8376 0.316082,
	11.8408 0.318085,
	11.8432 0.320488,
	11.8472 0.326898,
	11.8484 0.3285,
	11.8489 0.330103,
	11.8497 0.330904,
	11.8509 0.334109,
	11.8517 0.335711,
	11.8517 0.336513,
	11.8525 0.337314,
	11.8545 0.343724,
	11.8557 0.346929,
	11.8557 0.348531,
	11.8565 0.349332,
	11.8577 0.355742,
	11.8585 0.368561,
	11.8585 0.381381,
	11.8585 0.387791,
	11.8585 0.390996,
	11.8577 0.394201,
	11.8569 0.40702,
	11.8545 0.41984,
	11.8541 0.423044,
	11.8533 0.423846,
	11.8529 0.427051,
	11.848 0.43987,
	11.8456 0.44628,
	11.844 0.449485,
	11.8432 0.451087,
	11.8432 0.451888,
	11.842 0.453491,
	11.8416 0.455093,
	11.8404 0.456696,
	11.8404 0.457497,
	11.832 0.470316,
	11.8296 0.473521,
	11.8264 0.476726,
	11.8216 0.481934,
	11.8092 0.490748,
	11.8076 0.491148,
	11.8044 0.493552,
	11.798 0.497157,
	11.7964 0.497959,
	11.7956 0.497959,
	11.7948 0.49876,
	11.7819 0.501965,
	11.7307 0.503968,
	11.705 0.503968,
	11.6794 0.501163,
	11.673 0.500362,
	11.6714 0.499561,
	11.6682 0.499561,
	11.6618 0.498359,
	11.6586 0.497558,
	11.6554 0.497558,
	11.6522 0.496757,
	11.6265 0.496356,
	11.6009 0.499962,
	11.5881 0.501163,
	11.5752 0.501564,
	11.5624 0.501163,
	11.5496 0.499962,
	11.5368 0.499561,
	11.524 0.498359,
	11.5175 0.497959,
	11.5143 0.497959,
	11.5127 0.497157,
	11.4999 0.495154,
	11.4967 0.494754,
	11.4903 0.491148,
	11.4851 0.487142,
	11.4799 0.481934,
	11.4759 0.475925,
	11.4751 0.474723,
	11.4723 0.471518,
	11.4683 0.46591,
	11.4663 0.462705,
	11.4659 0.461102,
	11.4651 0.460301,
	11.4635 0.453891,
	11.4619 0.441072,
	11.4611 0.415433,
	11.4611 0.409424,
	"/>
</Transform>

<Transform dim="1"
 xcoef=" 0.0862685725015534 1 0 0 0 0"
 ycoef=" -0.870132151104134 0 1 0 0 0">
<Contour name="d046_p04" hidden="false" closed="true" simplified="true" border="1 1 0" fill="1 1 0" mode="11"
 points="9.70432 1.42723,
	9.70515 1.4006,
	9.70931 1.37397,
	9.72263 1.32071,
	9.72762 1.29408,
	9.73345 1.24081,
	9.73428 1.23416,
	9.73678 1.2275,
	9.73761 1.22084,
	9.7401 1.21418,
	9.74094 1.21086,
	9.7426 1.20919,
	9.74676 1.19588,
	9.75009 1.18922,
	9.75009 1.18755,
	9.75508 1.1809,
	9.76174 1.1759,
	9.7684 1.17341,
	9.78171 1.17091,
	9.78837 1.16925,
	9.7917 1.16841,
	9.79337 1.16841,
	9.79503 1.16675,
	9.80835 1.16508,
	9.82166 1.16508,
	9.82832 1.16592,
	9.84163 1.17174,
	9.84247 1.17341,
	9.84413 1.17341,
	9.85079 1.17923,
	9.86077 1.19171,
	9.86577 1.19671,
	9.87242 1.20087,
	9.88491 1.20503,
	9.89157 1.20669,
	9.9182 1.20753,
	9.92485 1.20753,
	9.92818 1.20669,
	9.93151 1.2042,
	9.93484 1.20337,
	9.93817 1.20087,
	9.93983 1.20087,
	9.94067 1.1992,
	9.94399 1.19837,
	9.94732 1.19588,
	9.95398 1.19338,
	9.96064 1.18922,
	9.97395 1.18422,
	10.0006 1.18006,
	10.0139 1.1784,
	10.0405 1.17923,
	10.0938 1.1784,
	10.1204 1.18755,
	10.1337 1.19255,
	10.1604 1.19671,
	10.167 1.19837,
	10.1795 1.20586,
	10.1887 1.21835,
	10.1928 1.225,
	10.1978 1.23832,
	10.1986 1.25163,
	10.1986 1.25829,
	10.1945 1.27161,
	10.192 1.28492,
	10.192 1.29824,
	10.1945 1.31155,
	10.1953 1.31488,
	10.197 1.31655,
	10.2011 1.32986,
	10.2011 1.33152,
	10.2028 1.33319,
	10.2053 1.3465,
	10.2061 1.35982,
	10.2061 1.36315,
	10.2036 1.36981,
	10.2011 1.37314,
	10.1953 1.38562,
	10.192 1.38895,
	10.1828 1.4006,
	10.1778 1.40642,
	10.1745 1.41308,
	10.172 1.41641,
	10.1662 1.44304,
	10.162 1.45636,
	10.1604 1.45802,
	10.1595 1.46135,
	10.1579 1.46301,
	10.1579 1.46468,
	10.1479 1.47716,
	10.1412 1.48382,
	10.1379 1.48631,
	10.1346 1.48715,
	10.1337 1.48881,
	10.1071 1.49713,
	10.0938 1.50046,
	10.0805 1.50213,
	10.0788 1.50213,
	10.0771 1.50379,
	10.0638 1.50379,
	10.0372 1.49713,
	10.0239 1.49713,
	9.99726 1.50296,
	9.97062 1.51211,
	9.95731 1.51627,
	9.94399 1.51711,
	9.91736 1.52293,
	9.89073 1.53042,
	9.87742 1.53625,
	9.87409 1.53708,
	9.87076 1.53958,
	9.8641 1.54207,
	9.85745 1.54623,
	9.85079 1.55206,
	9.84912 1.55206,
	9.83747 1.56537,
	9.82915 1.57869,
	9.82499 1.58535,
	9.82249 1.58868,
	9.82083 1.59034,
	9.81916 1.59034,
	9.81833 1.592,
	9.80502 1.5945,
	9.80169 1.59367,
	9.79836 1.59117,
	9.77173 1.59034,
	9.7684 1.58951,
	9.76674 1.58951,
	9.76507 1.58784,
	9.75176 1.58285,
	9.7451 1.57869,
	9.73178 1.56621,
	9.72929 1.56288,
	9.72929 1.56121,
	9.72762 1.56038,
	9.72679 1.55705,
	9.72429 1.55372,
	9.72346 1.55039,
	9.7218 1.54873,
	9.72013 1.54207,
	9.71847 1.54041,
	9.71764 1.53375,
	9.71764 1.53209,
	9.71597 1.53125,
	9.71098 1.50462,
	9.70931 1.49797,
	9.70848 1.48465,
	9.70682 1.47799,
	9.70515 1.45136,
	9.70432 1.43805,
	9.70432 1.43139,
	9.70432 1.42806,
	"/>
</Transform>

<Transform dim="1"
 xcoef=" 0.0862685725015534 1 0 0 0 0"
 ycoef=" -0.870132151104134 0 1 0 0 0">
<Contour name="d046_p05" hidden="false" closed="true" simplified="true" border="1 1 0" fill="1 1 0" mode="11"
 points="12.1748 1.26319,
	12.1758 1.25212,
	12.1761 1.24659,
	12.1779 1.24106,
	12.1803 1.23553,
	12.1803 1.23483,
	12.181 1.23449,
	12.181 1.2338,
	12.1817 1.23311,
	12.1817 1.23241,
	12.1824 1.23207,
	12.1824 1.23138,
	12.1869 1.22654,
	12.1893 1.22481,
	12.1938 1.22031,
	12.1962 1.21824,
	12.2014 1.2127,
	12.2069 1.20959,
	12.2176 1.20233,
	12.2201 1.20129,
	12.2211 1.20025,
	12.2225 1.19991,
	12.2232 1.19922,
	12.2259 1.19818,
	12.2273 1.19749,
	12.228 1.19749,
	12.2294 1.19645,
	12.2301 1.19645,
	12.2315 1.19541,
	12.2322 1.19541,
	12.2349 1.19368,
	12.246 1.18919,
	12.2488 1.18781,
	12.2494 1.18781,
	12.2501 1.18711,
	12.2529 1.18642,
	12.2533 1.18573,
	12.256 1.18469,
	12.2612 1.18124,
	12.2626 1.18089,
	12.264 1.17985,
	12.2667 1.17916,
	12.2674 1.17847,
	12.2688 1.17812,
	12.2695 1.17743,
	12.275 1.17501,
	12.2858 1.16637,
	12.2909 1.16118,
	12.2916 1.1598,
	12.2944 1.15738,
	12.2979 1.15254,
	12.3003 1.147,
	12.301 1.14562,
	12.3017 1.14493,
	12.3017 1.14424,
	12.3034 1.14147,
	12.3131 1.11934,
	12.3162 1.11381,
	12.3179 1.11139,
	12.3203 1.10931,
	12.3259 1.10724,
	12.3314 1.1062,
	12.3369 1.10585,
	12.3425 1.1062,
	12.3452 1.10724,
	12.3466 1.10758,
	12.3518 1.11208,
	12.3539 1.11484,
	12.3566 1.12003,
	12.3577 1.12141,
	12.3591 1.12695,
	12.3598 1.13248,
	12.3598 1.13801,
	12.3573 1.14908,
	12.3566 1.15046,
	12.3566 1.15115,
	12.356 1.15184,
	12.3539 1.15738,
	12.3528 1.16014,
	12.3521 1.16083,
	12.3515 1.1636,
	12.3508 1.16429,
	12.3463 1.17536,
	12.34 1.19749,
	12.3383 1.20302,
	12.3373 1.20579,
	12.3369 1.20717,
	12.3359 1.20821,
	12.3359 1.2089,
	12.3352 1.20959,
	12.3349 1.21097,
	12.3311 1.21651,
	12.3293 1.21927,
	12.3259 1.22377,
	12.3231 1.22619,
	12.3214 1.22826,
	12.319 1.22999,
	12.3138 1.23518,
	12.3082 1.23864,
	12.3058 1.24002,
	12.3051 1.24071,
	12.3044 1.24071,
	12.302 1.24244,
	12.3013 1.24313,
	12.3006 1.24313,
	12.2999 1.24383,
	12.2972 1.24486,
	12.292 1.24832,
	12.2864 1.25282,
	12.2809 1.25627,
	12.2764 1.26008,
	12.266 1.26872,
	12.2553 1.27633,
	12.2453 1.28325,
	12.2349 1.29189,
	12.2297 1.29535,
	12.2242 1.29708,
	12.2131 1.29846,
	12.2021 1.29915,
	12.1965 1.29881,
	12.191 1.29569,
	12.1882 1.29431,
	12.1831 1.28982,
	12.181 1.28809,
	12.1789 1.28567,
	12.1779 1.28428,
	12.1779 1.28359,
	12.1772 1.28325,
	12.1765 1.28048,
	12.1765 1.2791,
	12.1758 1.2784,
	12.1754 1.27287,
	12.1748 1.27011,
	12.1748 1.26457,
	12.1748 1.26354,
	"/>
</Transform>

<Transform dim="1"
 xcoef=" 0.236666171879197 1 0 0 0 0"
 ycoef=" 0.159583481096586 0 1 0 0 0">
<Image mag="0.00201646" contrast="1.4071" brightness="-0.585" red="true" green="true" blue="true"
 src="014____z13.0.tif" />
<Contour name="domain1" hidden="false" closed="true" simplified="false" border="1 0 1" fill="1 0 1" mode="11"
 points="0 0,
	9551 0,
	9551 5063,
	0 5063,
	"/>
</Transform>

<Transform dim="1"
 xcoef=" 0.114204636813907 1 0 0 0 0"
 ycoef=" -0.121445627533044 0 1 0 0 0">
<Contour name="d046_p37" hidden="false" closed="true" simplified="true" border="1 1 0" fill="1 1 0" mode="11"
 points="12.3476 1.30786,
	12.3627 1.27444,
	12.367 1.27013,
	12.3789 1.25503,
	12.381 1.25287,
	12.381 1.25072,
	12.3951 1.23994,
	12.4101 1.22484,
	12.4242 1.21298,
	12.4306 1.20867,
	12.4328 1.20651,
	12.4349 1.20651,
	12.4393 1.20328,
	12.4565 1.19789,
	12.4651 1.19573,
	12.4824 1.19573,
	12.4996 1.19896,
	12.5039 1.19896,
	12.5083 1.20112,
	12.5126 1.20112,
	12.5212 1.20436,
	12.5287 1.21082,
	12.5363 1.21406,
	12.5363 1.21622,
	12.5385 1.21622,
	12.5546 1.22808,
	12.5633 1.23455,
	12.5676 1.2367,
	12.5697 1.2367,
	12.5719 1.23886,
	12.574 1.23886,
	12.5805 1.24425,
	12.5848 1.24748,
	12.5924 1.26366,
	12.5934 1.28091,
	12.5902 1.28953,
	12.5902 1.29169,
	12.5751 1.30571,
	12.5708 1.31002,
	12.5535 1.31541,
	12.5363 1.31649,
	12.5018 1.32296,
	12.4975 1.32511,
	12.4953 1.32511,
	12.4867 1.33051,
	12.4781 1.33805,
	12.4651 1.34991,
	12.4576 1.35638,
	12.4554 1.35638,
	12.4468 1.36177,
	12.4296 1.36501,
	12.4123 1.36393,
	12.3951 1.35962,
	12.3864 1.3553,
	12.3778 1.35315,
	12.3713 1.34668,
	12.3627 1.33805,
	12.3573 1.33051,
	12.3541 1.32619,
	12.353 1.32188,
	12.3498 1.31757,
	12.3476 1.30894,
	"/>
</Transform>

<Transform dim="1"
 xcoef=" 0.114204636813907 1 0 0 0 0"
 ycoef=" -0.121445627533044 0 1 0 0 0">
<Contour name="d046_cfa02" hidden="false" closed="false" simplified="false" border="0 1 0" fill="0 1 0" mode="11"
 points="11.8012 1.22318,
	11.5299 1.21524,
	"/>
</Transform>

<Transform dim="1"
 xcoef=" 0.114204636813907 1 0 0 0 0"
 ycoef=" -0.121445627533044 0 1 0 0 0">
<Contour name="d046_c02" hidden="false" closed="true" simplified="true" border="1 0 0" fill="1 0 0" mode="11"
 points="11.5279 1.20097,
	11.5449 1.19092,
	11.5533 1.18563,
	11.5872 1.17929,
	11.6041 1.17664,
	11.6718 1.174,
	11.7056 1.1777,
	11.7395 1.18246,
	11.7733 1.19145,
	11.7902 1.19727,
	11.7971 1.2052,
	11.8003 1.20943,
	11.8013 1.21155,
	11.8029 1.22001,
	11.8034 1.22424,
	11.8008 1.24116,
	11.7992 1.25808,
	11.7934 1.26654,
	11.7765 1.27765,
	11.768 1.28294,
	11.7511 1.28981,
	11.7342 1.29563,
	11.7257 1.29827,
	11.7215 1.29986,
	11.7194 1.30092,
	11.6855 1.30198,
	11.6686 1.3025,
	11.6348 1.29933,
	11.6178 1.29774,
	11.6094 1.29669,
	11.5755 1.28664,
	11.5671 1.284,
	11.5501 1.27077,
	11.5422 1.2639,
	11.5359 1.25544,
	11.5327 1.25121,
	11.5316 1.25015,
	11.5295 1.24169,
	11.5285 1.20784,
	11.5279 1.20361,
	11.5279 1.2015,
	"/>
</Transform>

<Transform dim="1"
 xcoef=" 0.114204636813907 1 0 0 0 0"
 ycoef=" -0.121445627533044 0 1 0 0 0">
<Contour name="D046 ax01??" hidden="false" closed="true" simplified="false" border="1 1 0" fill="1 1 0" mode="11"
 points="8.76842 6.67263,
	8.74534 6.67263,
	8.74534 6.68417,
	8.75688 6.69571,
	8.79149 6.70725,
	8.76842 6.71878,
	8.75688 6.74186,
	8.73381 6.71878,
	8.72227 6.69571,
	8.72227 6.67263,
	8.69919 6.67263,
	8.73381 6.64956,
	"/>
</Transform>

<Transform dim="1"
 xcoef=" 0.114204636813907 1 0 0 0 0"
 ycoef=" -0.121445627533044 0 1 0 0 0">
<Contour name="D037" hidden="false" closed="true" simplified="true" border="0 0 1" fill="0 0 1" mode="11"
 points="15.9664 1.4205,
	15.9685 1.40476,
	15.9746 1.38966,
	15.9845 1.37582,
	15.9978 1.36382,
	16.014 1.35413,
	16.0323 1.34716,
	16.0521 1.3432,
	16.0725 1.34239,
	16.0926 1.34479,
	16.1118 1.35029,
	16.1291 1.35866,
	16.1439 1.36956,
	16.1556 1.38255,
	16.1636 1.39709,
	16.1677 1.41259,
	16.1677 1.42841,
	16.1636 1.44391,
	16.1556 1.45845,
	16.1439 1.47144,
	16.1291 1.48235,
	16.1118 1.49072,
	16.0926 1.49621,
	16.0725 1.49861,
	16.0521 1.49781,
	16.0323 1.49384,
	16.014 1.48687,
	15.9978 1.47718,
	15.9845 1.46518,
	15.9746 1.45134,
	15.9685 1.43624,
	"/>
</Transform>

<Transform dim="1"
 xcoef=" 0.114204636813907 1 0 0 0 0"
 ycoef=" -0.121445627533044 0 1 0 0 0">
<Contour name="D020" hidden="false" closed="true" simplified="true" border="0 0 1" fill="0 0 1" mode="11"
 points="10.5015 6.92516,
	10.5031 6.91136,
	10.5078 6.89788,
	10.5157 6.88504,
	10.5264 6.87314,
	10.5397 6.86246,
	10.5553 6.85325,
	10.5729 6.84572,
	10.592 6.84006,
	10.6122 6.83639,
	10.633 6.8348,
	10.6539 6.83533,
	10.6744 6.83797,
	10.6941 6.84265,
	10.7125 6.84926,
	10.7292 6.85765,
	10.7437 6.86763,
	10.7557 6.87895,
	10.765 6.89136,
	10.7713 6.90456,
	10.7745 6.91824,
	10.7745 6.93208,
	10.7713 6.94576,
	10.765 6.95896,
	10.7557 6.97137,
	10.7437 6.98269,
	10.7292 6.99266,
	10.7125 7.00106,
	10.6941 7.00767,
	10.6744 7.01235,
	10.6539 7.01499,
	10.633 7.01552,
	10.6122 7.01393,
	10.592 7.01026,
	10.5729 7.0046,
	10.5553 6.99707,
	10.5397 6.98786,
	10.5264 6.97718,
	10.5157 6.96528,
	10.5078 6.95244,
	10.5031 6.93896,
	"/>
</Transform>

<Transform dim="1"
 xcoef=" 0.114204636813907 1 0 0 0 0"
 ycoef=" -0.121445627533044 0 1 0 0 0">
<Contour name="D060_large" hidden="false" closed="true" simplified="true" border="0 0 1" fill="0 0 1" mode="11"
 points="2.82825 4.66447,
	2.83477 4.64904,
	2.85369 4.63512,
	2.88315 4.62407,
	2.92027 4.61698,
	2.96142 4.61453,
	3.00258 4.61698,
	3.0397 4.62407,
	3.06916 4.63512,
	3.08808 4.64904,
	3.09459 4.66447,
	3.08808 4.6799,
	3.06916 4.69382,
	3.0397 4.70487,
	3.00258 4.71197,
	2.96142 4.71441,
	2.92027 4.71197,
	2.88315 4.70487,
	2.85369 4.69382,
	"/>
</Transform>

<Transform dim="1"
 xcoef=" 0.114204636813907 1 0 0 0 0"
 ycoef=" -0.121445627533044 0 1 0 0 0">
<Contour name="D022" hidden="false" closed="true" simplified="true" border="0 0 1" fill="0 0 1" mode="11"
 points="14.2616 6.80173,
	14.262 6.79133,
	14.2633 6.78101,
	14.2653 6.77084,
	14.2682 6.76092,
	14.2718 6.75131,
	14.2762 6.74209,
	14.2813 6.73333,
	14.287 6.7251,
	14.2935 6.71746,
	14.3004 6.71047,
	14.3079 6.70418,
	14.3159 6.69865,
	14.3243 6.69391,
	14.3331 6.69001,
	14.3421 6.68696,
	14.3513 6.68481,
	14.3607 6.68355,
	14.3701 6.68321,
	14.3795 6.68378,
	14.3888 6.68526,
	14.398 6.68764,
	14.4069 6.6909,
	14.4156 6.69502,
	14.4239 6.69996,
	14.4318 6.70569,
	14.4391 6.71215,
	14.446 6.71931,
	14.4522 6.7271,
	14.4578 6.73547,
	14.4628 6.74436,
	14.467 6.75368,
	14.4704 6.76337,
	14.4731 6.77337,
	14.4749 6.78358,
	14.4759 6.79393,
	14.4761 6.80434,
	14.4755 6.81473,
	14.4741 6.82502,
	14.4718 6.83513,
	14.4688 6.84498,
	14.465 6.8545,
	14.4604 6.86361,
	14.4551 6.87224,
	14.4492 6.88033,
	14.4426 6.88782,
	14.4355 6.89464,
	14.4279 6.90074,
	14.4198 6.90608,
	14.4113 6.91061,
	14.4025 6.9143,
	14.3934 6.91712,
	14.3842 6.91906,
	14.3748 6.92009,
	14.3654 6.9202,
	14.356 6.9194,
	14.3467 6.91769,
	14.3375 6.91509,
	14.3287 6.91161,
	14.3201 6.90729,
	14.3119 6.90215,
	14.3041 6.89623,
	14.2969 6.88959,
	14.2902 6.88226,
	14.2841 6.87432,
	14.2786 6.86582,
	14.2739 6.85682,
	14.2699 6.84739,
	14.2666 6.83762,
	14.2642 6.82756,
	14.2625 6.81731,
	"/>
</Transform>

<Transform dim="1"
 xcoef=" -0.0376023976023976 1 0 0 0 0"
 ycoef=" 0 0 1 0 0 0">
<Contour name="d020" hidden="false" closed="true" simplified="true" border="1 1 0" fill="1 1 0" mode="11"
 points="10.2253 6.97979,
	10.2285 6.97614,
	10.2293 6.97523,
	10.2329 6.97261,
	10.2347 6.97147,
	10.2357 6.97102,
	10.2393 6.96771,
	10.2429 6.9652,
	10.2448 6.96395,
	10.2466 6.96247,
	10.2475 6.96179,
	10.2496 6.95814,
	10.2518 6.95449,
	10.2525 6.95358,
	10.2535 6.94994,
	10.2541 6.94811,
	10.2553 6.94629,
	10.2558 6.94264,
	10.2559 6.94082,
	10.2561 6.93991,
	10.2576 6.93626,
	10.2614 6.92897,
	10.2632 6.92533,
	10.2639 6.9235,
	10.2717 6.90892,
	10.2736 6.90527,
	10.2753 6.90163,
	10.2815 6.88704,
	10.2829 6.8834,
	10.2846 6.87975,
	10.2867 6.87611,
	10.2873 6.87519,
	10.2895 6.8679,
	10.2948 6.85332,
	10.2963 6.84967,
	10.2997 6.84238,
	10.3017 6.83873,
	10.3028 6.83691,
	10.3044 6.83327,
	10.3047 6.83235,
	10.3058 6.83053,
	10.3064 6.82962,
	10.3073 6.82905,
	10.3083 6.82734,
	10.3101 6.82369,
	10.3128 6.82005,
	10.3142 6.81823,
	10.3145 6.81731,
	10.3146 6.81686,
	10.3171 6.81321,
	10.3199 6.80957,
	10.3213 6.80774,
	10.3285 6.80057,
	10.3322 6.79692,
	10.3395 6.79008,
	10.3537 6.77561,
	10.3555 6.77379,
	10.3628 6.76752,
	10.3665 6.76433,
	10.3683 6.76274,
	10.3692 6.76194,
	10.3696 6.76148,
	10.3715 6.76035,
	10.3724 6.76,
	10.3726 6.76,
	10.3763 6.75704,
	10.3781 6.75567,
	10.3799 6.75465,
	10.3816 6.75283,
	10.3821 6.75248,
	10.383 6.75226,
	10.3903 6.74645,
	10.3921 6.74496,
	10.393 6.74428,
	10.4003 6.74063,
	10.4039 6.7387,
	10.4058 6.73756,
	10.4067 6.73699,
	10.4071 6.73676,
	10.409 6.73505,
	10.4108 6.73391,
	10.4112 6.73357,
	10.4117 6.73346,
	10.4135 6.73232,
	10.4137 6.73209,
	10.4142 6.73198,
	10.4147 6.73163,
	10.4156 6.73141,
	10.416 6.73106,
	10.4178 6.73038,
	10.4183 6.73027,
	10.4191 6.7297,
	10.4209 6.72901,
	10.4211 6.72878,
	10.4214 6.72878,
	10.4218 6.72844,
	10.4227 6.72822,
	10.4232 6.72787,
	10.425 6.7273,
	10.4252 6.72708,
	10.4262 6.72685,
	10.4271 6.72628,
	10.4289 6.72559,
	10.4298 6.72525,
	10.43 6.72502,
	10.4305 6.72491,
	10.4309 6.72457,
	10.4319 6.72434,
	10.4323 6.724,
	10.4332 6.72377,
	10.4337 6.72366,
	10.4341 6.72332,
	10.435 6.72309,
	10.4355 6.72275,
	10.4373 6.72229,
	10.4378 6.72195,
	10.4451 6.72001,
	10.4455 6.7199,
	10.446 6.71956,
	10.4464 6.71956,
	10.4467 6.71933,
	10.4503 6.71864,
	10.454 6.71762,
	10.4558 6.71716,
	10.4594 6.71659,
	10.4631 6.71557,
	10.4635 6.71534,
	10.4644 6.71523,
	10.4654 6.71488,
	10.4672 6.71454,
	10.469 6.71397,
	10.4708 6.71363,
	10.4717 6.71329,
	10.4754 6.71261,
	10.4772 6.71215,
	10.4918 6.71044,
	10.4954 6.7101,
	10.5027 6.7101,
	10.5064 6.70999,
	10.51 6.7101,
	10.5173 6.71078,
	10.521 6.71124,
	10.5214 6.71124,
	10.5216 6.71124,
	10.5219 6.71147,
	10.5228 6.71158,
	10.5237 6.71192,
	10.5255 6.71215,
	10.5264 6.71249,
	10.5282 6.71261,
	10.5292 6.71295,
	10.5301 6.71306,
	10.5305 6.71306,
	10.5314 6.7134,
	10.5323 6.71352,
	10.536 6.71511,
	10.5396 6.71705,
	10.5415 6.71785,
	10.5451 6.71853,
	10.5488 6.71739,
	10.5497 6.71705,
	10.5505 6.71637,
	10.5514 6.71614,
	10.5516 6.71614,
	10.5525 6.71545,
	10.553 6.71511,
	10.5539 6.71488,
	10.5543 6.71454,
	10.5546 6.71431,
	10.555 6.71431,
	10.5559 6.71375,
	10.5564 6.7134,
	10.5637 6.71181,
	10.5655 6.71135,
	10.5673 6.71124,
	10.5819 6.71181,
	10.5856 6.71192,
	10.5892 6.71238,
	10.5965 6.71409,
	10.6001 6.715,
	10.6038 6.71568,
	10.6074 6.71671,
	10.6093 6.71728,
	10.6129 6.71887,
	10.6147 6.71978,
	10.6184 6.72206,
	10.6193 6.72263,
	10.6339 6.73437,
	10.6375 6.73722,
	10.6393 6.7387,
	10.6412 6.73995,
	10.6448 6.74177,
	10.6484 6.74291,
	10.6503 6.74348,
	10.6512 6.74394,
	10.6658 6.74451,
	10.6694 6.74462,
	10.6712 6.74474,
	10.6749 6.74576,
	10.6758 6.74599,
	10.6794 6.74758,
	10.6813 6.7485,
	10.6822 6.74895,
	10.6826 6.74918,
	10.6863 6.75283,
	10.6872 6.75374,
	10.6914 6.76103,
	10.6924 6.76285,
	10.6928 6.76376,
	10.6928 6.76422,
	10.6938 6.76604,
	10.6944 6.76695,
	10.6946 6.76787,
	10.6957 6.76969,
	10.6962 6.7706,
	10.6962 6.77106,
	10.6964 6.77151,
	10.6969 6.77197,
	10.6976 6.77379,
	10.6996 6.77744,
	10.703 6.78473,
	10.7048 6.78837,
	10.7069 6.79202,
	10.7075 6.79293,
	10.7107 6.79658,
	10.7115 6.79749,
	10.7187 6.80216,
	10.7224 6.80341,
	10.7242 6.80421,
	10.7315 6.80809,
	10.7333 6.80911,
	10.737 6.81241,
	10.7403 6.81595,
	10.7419 6.81777,
	10.7431 6.81959,
	10.7436 6.8205,
	10.7447 6.82415,
	10.7451 6.82506,
	10.7458 6.82597,
	10.7483 6.83327,
	10.7489 6.83509,
	10.7494 6.83691,
	10.7504 6.8442,
	10.7507 6.84511,
	10.7502 6.85241,
	10.7501 6.85423,
	10.7501 6.85514,
	10.7495 6.85696,
	10.7493 6.85788,
	10.7493 6.85833,
	10.7481 6.86015,
	10.7475 6.86198,
	10.747 6.86289,
	10.7468 6.86334,
	10.7468 6.86699,
	10.7469 6.86881,
	10.7476 6.87246,
	10.7497 6.87975,
	10.7508 6.8834,
	10.751 6.88522,
	10.7504 6.88704,
	10.7503 6.88887,
	10.7453 6.90345,
	10.7405 6.91803,
	10.7396 6.91986,
	10.7389 6.92077,
	10.7386 6.92122,
	10.7338 6.93581,
	10.7315 6.9431,
	10.7305 6.94675,
	10.7275 6.96133,
	10.7267 6.96498,
	10.7254 6.96862,
	10.7214 6.98321,
	10.7211 6.98366,
	10.7207 6.98731,
	10.7205 6.98913,
	10.7162 7.00372,
	10.7152 7.00736,
	10.7141 7.01465,
	10.7134 7.0183,
	10.7091 7.03288,
	10.7069 7.04018,
	10.7062 7.042,
	10.7053 7.04382,
	10.7048 7.04473,
	10.7042 7.04564,
	10.7036 7.04747,
	10.7034 7.04838,
	10.6956 7.06296,
	10.6919 7.07025,
	10.6909 7.07208,
	10.6886 7.07572,
	10.688 7.07663,
	10.6874 7.07846,
	10.6872 7.07937,
	10.6835 7.08666,
	10.6818 7.09031,
	10.6789 7.0976,
	10.6784 7.09851,
	10.6763 7.1058,
	10.6736 7.11309,
	10.6698 7.12039,
	10.6676 7.12403,
	10.658 7.13862,
	10.6569 7.14044,
	10.6562 7.14135,
	10.6554 7.14317,
	10.6548 7.145,
	10.654 7.14682,
	10.652 7.15047,
	10.649 7.15776,
	10.6475 7.1614,
	10.6472 7.16232,
	10.6442 7.16596,
	10.641 7.16961,
	10.6396 7.17143,
	10.6391 7.17177,
	10.6245 7.1777,
	10.6172 7.18066,
	10.6154 7.18134,
	10.6118 7.18214,
	10.6081 7.18339,
	10.6008 7.18396,
	10.5972 7.18408,
	10.5826 7.18385,
	10.568 7.18317,
	10.5607 7.18282,
	10.5571 7.18248,
	10.5552 7.18225,
	10.5261 7.18203,
	10.5115 7.1818,
	10.5042 7.1818,
	10.4969 7.18157,
	10.4933 7.18089,
	10.4641 7.17827,
	10.4495 7.17473,
	10.4422 7.17291,
	10.4404 7.17246,
	10.4395 7.17223,
	10.4358 7.17063,
	10.434 7.16972,
	10.4322 7.16904,
	10.4176 7.16596,
	10.414 7.16516,
	10.4103 7.16414,
	10.4085 7.16357,
	10.4049 7.16289,
	10.4012 7.16243,
	10.3976 7.16083,
	10.3957 7.16004,
	10.3812 7.15582,
	10.3793 7.15537,
	10.3784 7.15491,
	10.3748 7.15457,
	10.3729 7.15309,
	10.372 7.15252,
	10.3647 7.15035,
	10.3629 7.14967,
	10.3556 7.14488,
	10.3538 7.14374,
	10.3502 7.14078,
	10.3483 7.1393,
	10.341 7.13235,
	10.3338 7.12688,
	10.3265 7.12175,
	10.3228 7.11913,
	10.321 7.11845,
	10.3201 7.11788,
	10.3128 7.11207,
	10.311 7.1107,
	10.3091 7.10956,
	10.303 7.10238,
	10.3014 7.10056,
	10.2989 7.09692,
	10.2976 7.09509,
	10.2967 7.09327,
	10.2942 7.08962,
	10.2935 7.08871,
	10.2926 7.08689,
	10.2911 7.08324,
	10.2902 7.08142,
	10.2899 7.08051,
	10.2898 7.0796,
	10.2886 7.07777,
	10.2881 7.07595,
	10.2878 7.07504,
	10.2868 7.07322,
	10.2862 7.07231,
	10.2858 7.07196,
	10.2856 7.07151,
	10.2856 7.07105,
	10.2853 7.0706,
	10.2844 7.06991,
	10.2841 7.06957,
	10.2831 7.06592,
	10.2813 7.06228,
	10.2774 7.05499,
	10.2753 7.05134,
	10.2735 7.04769,
	10.273 7.04678,
	10.2721 7.04599,
	10.2715 7.04507,
	10.2701 7.04143,
	10.2681 7.03778,
	10.2639 7.03049,
	10.2629 7.02867,
	10.2598 7.02502,
	10.2581 7.02331,
	10.2508 7.01716,
	10.2472 7.0142,
	10.2453 7.01272,
	10.238 7.00554,
	10.2344 7.00189,
	10.231 6.99825,
	10.2305 6.99779,
	10.228 6.99414,
	10.2268 6.99232,
	10.2264 6.99187,
	10.2259 6.98822,
	10.2256 6.98731,
	10.2253 6.98002,
	10.2253 6.9799,
	"/>
</Transform>

</Section>