<?xml version="1.0"?>
<!DOCTYPE Section SYSTEM "section.dtd">

<Section index="127" thickness="0.052" alignLocked="true">
<Transform dim="1"
 xcoef=" 0.290096953341576 1 0 0 0 0"
 ycoef=" 0.78421803565705 0 1 0 0 0">
<Contour name="D052 " hidden="false" closed="true" simplified="true" border="0 0 1" fill="0 0 1" mode="13"
 points="5.56854 -0.493804,
	5.57049 -0.524477,
	5.57629 -0.554219,
	5.58575 -0.582124,
	5.59859 -0.607347,
	5.61443 -0.629119,
	5.63277 -0.646779,
	5.65307 -0.659792,
	5.6747 -0.667761,
	5.697 -0.670445,
	5.71931 -0.667761,
	5.74094 -0.659792,
	5.76124 -0.646779,
	5.77958 -0.629119,
	5.79541 -0.607347,
	5.80826 -0.582124,
	5.81772 -0.554219,
	5.82352 -0.524477,
	5.82547 -0.493804,
	5.82352 -0.463131,
	5.81772 -0.433389,
	5.80826 -0.405484,
	5.79541 -0.380262,
	5.77958 -0.358489,
	5.76124 -0.340829,
	5.74094 -0.327816,
	5.71931 -0.319847,
	5.697 -0.317163,
	5.6747 -0.319847,
	5.65307 -0.327816,
	5.63277 -0.340829,
	5.61443 -0.358489,
	5.59859 -0.380262,
	5.58575 -0.405484,
	5.57629 -0.433389,
	5.57049 -0.463131,
	"/>
</Transform>

<Transform dim="1"
 xcoef=" 0.290096953341576 1 0 0 0 0"
 ycoef=" 0.78421803565705 0 1 0 0 0">
<Contour name="D054" hidden="false" closed="true" simplified="true" border="0 0 1" fill="0 0 1" mode="13"
 points="1.77848 1.24624,
	1.78001 1.22674,
	1.78458 1.20771,
	1.79207 1.18964,
	1.80229 1.17295,
	1.815 1.15808,
	1.82988 1.14537,
	1.84656 1.13515,
	1.86463 1.12766,
	1.88366 1.12309,
	1.90316 1.12156,
	1.92267 1.12309,
	1.94169 1.12766,
	1.95977 1.13515,
	1.97645 1.14537,
	1.99133 1.15808,
	2.00404 1.17295,
	2.01426 1.18964,
	2.02175 1.20771,
	2.02631 1.22674,
	2.02785 1.24624,
	2.02631 1.26575,
	2.02175 1.28477,
	2.01426 1.30285,
	2.00404 1.31953,
	1.99133 1.33441,
	1.97645 1.34711,
	1.95977 1.35734,
	1.94169 1.36482,
	1.92267 1.36939,
	1.90316 1.37093,
	1.88366 1.36939,
	1.86463 1.36482,
	1.84656 1.35734,
	1.82988 1.34711,
	1.815 1.33441,
	1.80229 1.31953,
	1.79207 1.30285,
	1.78458 1.28477,
	"/>
</Transform>

<Transform dim="1"
 xcoef=" 0.290096953341576 1 0 0 0 0"
 ycoef=" 0.78421803565705 0 1 0 0 0">
<Contour name="D019" hidden="false" closed="true" simplified="true" border="0 0 1" fill="0 0 1" mode="13"
 points="4.5407 4.85351,
	4.5419 4.83696,
	4.54549 4.82066,
	4.5514 4.80487,
	4.55955 4.7898,
	4.56982 4.77571,
	4.58205 4.76279,
	4.59605 4.75125,
	4.61161 4.74126,
	4.6285 4.73297,
	4.64646 4.72651,
	4.66522 4.72198,
	4.6845 4.71943,
	4.70399 4.71892,
	4.72341 4.72045,
	4.74246 4.724,
	4.76086 4.72951,
	4.77832 4.7369,
	4.79457 4.74605,
	4.80939 4.75684,
	4.82253 4.76909,
	4.83379 4.78262,
	4.84302 4.79723,
	4.85007 4.81269,
	4.85482 4.82876,
	4.85722 4.84522,
	4.85722 4.86179,
	4.85482 4.87825,
	4.85007 4.89432,
	4.84302 4.90978,
	4.83379 4.92439,
	4.82253 4.93792,
	4.80939 4.95017,
	4.79457 4.96096,
	4.77832 4.97011,
	4.76086 4.9775,
	4.74246 4.98301,
	4.72341 4.98656,
	4.70399 4.98809,
	4.6845 4.98758,
	4.66522 4.98504,
	4.64646 4.9805,
	4.6285 4.97404,
	4.61161 4.96575,
	4.59605 4.95576,
	4.58205 4.94422,
	4.56982 4.9313,
	4.55955 4.91721,
	4.5514 4.90215,
	4.54549 4.88635,
	"/>
</Transform>

<Transform dim="1"
 xcoef=" 0.290096953341576 1 0 0 0 0"
 ycoef=" 0.78421803565705 0 1 0 0 0">
<Contour name="D023" hidden="false" closed="true" simplified="true" border="0 0 1" fill="0 0 1" mode="13"
 points="7.92523 2.04121,
	7.92724 2.01982,
	7.93322 1.99903,
	7.943 1.97943,
	7.9563 1.96155,
	7.97276 1.9459,
	7.9919 1.93292,
	8.01321 1.92298,
	8.03607 1.91635,
	8.05985 1.91321,
	8.08389 1.91366,
	8.1075 1.91768,
	8.13003 1.92516,
	8.15085 1.9359,
	8.16938 1.94958,
	8.18508 1.96583,
	8.19754 1.98419,
	8.20639 2.00414,
	8.21138 2.02514,
	8.21239 2.04658,
	8.20938 2.06788,
	8.20243 2.08843,
	8.19174 2.10765,
	8.17761 2.12502,
	8.16044 2.14003,
	8.14069 2.15228,
	8.11894 2.16142,
	8.09579 2.1672,
	8.07188 2.16944,
	8.04789 2.16809,
	8.02448 2.16319,
	8.00232 2.15487,
	7.98202 2.14337,
	7.96416 2.12901,
	7.94923 2.11219,
	7.93765 2.09338,
	7.92974 2.07311,
	"/>
</Transform>

<Transform dim="1"
 xcoef=" 0.290096953341576 1 0 0 0 0"
 ycoef=" 0.78421803565705 0 1 0 0 0">
<Contour name="D021" hidden="false" closed="true" simplified="true" border="0 0 1" fill="0 0 1" mode="13"
 points="5.97031 7.49435,
	5.97145 7.47753,
	5.97484 7.46106,
	5.98042 7.44524,
	5.98807 7.43041,
	5.99764 7.41684,
	6.00894 7.40482,
	6.02175 7.39458,
	6.03582 7.38633,
	6.05085 7.38022,
	6.06655 7.37639,
	6.08262 7.3749,
	6.09873 7.37579,
	6.11455 7.37905,
	6.12978 7.38459,
	6.14411 7.39232,
	6.15726 7.40208,
	6.16896 7.41368,
	6.17899 7.42689,
	6.18713 7.44143,
	6.19324 7.45703,
	6.19719 7.47337,
	6.19889 7.49013,
	6.19832 7.50697,
	6.19549 7.52356,
	6.19045 7.53958,
	6.18331 7.55468,
	6.1742 7.56859,
	6.16331 7.58103,
	6.15085 7.59173,
	6.13708 7.6005,
	6.12226 7.60715,
	6.10669 7.61156,
	6.09069 7.61364,
	6.07456 7.61334,
	6.05864 7.61068,
	6.04323 7.6057,
	6.02864 7.5985,
	6.01518 7.58923,
	6.00309 7.57807,
	5.99262 7.56524,
	5.98399 7.55101,
	5.97736 7.53564,
	5.97287 7.51946,
	"/>
</Transform>

<Transform dim="1"
 xcoef=" 0.290096953341576 1 0 0 0 0"
 ycoef=" 0.78421803565705 0 1 0 0 0">
<Contour name="D025" hidden="false" closed="true" simplified="true" border="0 0 1" fill="0 0 1" mode="13"
 points="3.90832 4.34947,
	3.90876 4.33989,
	3.9101 4.33041,
	3.91231 4.32114,
	3.91536 4.31219,
	3.91923 4.30366,
	3.92387 4.29563,
	3.92924 4.28821,
	3.93526 4.28147,
	3.94187 4.27548,
	3.94901 4.27032,
	3.95658 4.26605,
	3.96451 4.2627,
	3.97271 4.26031,
	3.98108 4.25893,
	3.98953 4.25855,
	3.99797 4.25918,
	4.00631 4.26082,
	4.01445 4.26344,
	4.02229 4.26703,
	4.02977 4.27153,
	4.03678 4.2769,
	4.04325 4.28309,
	4.04911 4.29,
	4.0543 4.29759,
	4.05875 4.30575,
	4.06243 4.3144,
	4.06527 4.32343,
	4.06726 4.33276,
	4.06838 4.34228,
	4.0686 4.35187,
	4.06793 4.36144,
	4.06638 4.37087,
	4.06395 4.38007,
	4.06069 4.38893,
	4.05662 4.39734,
	4.0518 4.40522,
	4.04626 4.41248,
	4.04009 4.41904,
	4.03333 4.42483,
	4.02608 4.42977,
	4.01841 4.43382,
	4.01041 4.43693,
	4.00216 4.43907,
	3.99376 4.44021,
	3.9853 4.44033,
	3.97687 4.43945,
	3.96858 4.43756,
	3.96051 4.43469,
	3.95274 4.43087,
	3.94538 4.42615,
	3.9385 4.42057,
	3.93217 4.41419,
	3.92647 4.4071,
	3.92146 4.39937,
	3.9172 4.39107,
	3.91373 4.38232,
	3.91109 4.3732,
	3.90932 4.36381,
	"/>
</Transform>

<Transform dim="1"
 xcoef=" 0.290096953341576 1 0 0 0 0"
 ycoef=" 0.78421803565705 0 1 0 0 0">
<Contour name="D028" hidden="false" closed="true" simplified="true" border="0 0 1" fill="0 0 1" mode="13"
 points="6.49861 7.1548,
	6.49901 7.14604,
	6.50022 7.13736,
	6.50221 7.12884,
	6.50497 7.12054,
	6.50848 7.11255,
	6.51271 7.10494,
	6.51762 7.09778,
	6.52316 7.09112,
	6.52928 7.08503,
	6.53594 7.07956,
	6.54307 7.07476,
	6.5506 7.07068,
	6.55848 7.06735,
	6.56662 7.0648,
	6.57496 7.06305,
	6.58343 7.06212,
	6.59194 7.06201,
	6.60043 7.06274,
	6.60881 7.06428,
	6.61701 7.06664,
	6.62496 7.06978,
	6.63258 7.07367,
	6.63982 7.0783,
	6.6466 7.0836,
	6.65286 7.08954,
	6.65855 7.09606,
	6.66362 7.10311,
	6.66802 7.11061,
	6.67171 7.11851,
	6.67467 7.12674,
	6.67686 7.13521,
	6.67826 7.14386,
	6.67886 7.15261,
	6.67866 7.16138,
	6.67766 7.17009,
	6.67586 7.17866,
	6.67329 7.18702,
	6.66996 7.19509,
	6.66591 7.2028,
	6.66117 7.21009,
	6.65578 7.21688,
	6.6498 7.22311,
	6.64327 7.22874,
	6.63625 7.23371,
	6.62881 7.23797,
	6.62102 7.2415,
	6.61293 7.24425,
	6.60463 7.2462,
	6.59619 7.24733,
	6.58768 7.24764,
	6.57919 7.24713,
	6.57077 7.24579,
	6.56252 7.24363,
	6.5545 7.24069,
	6.54679 7.23698,
	6.53945 7.23253,
	6.53255 7.22739,
	6.52615 7.22161,
	6.52031 7.21523,
	6.51508 7.20831,
	6.51051 7.20091,
	6.50664 7.1931,
	6.5035 7.18495,
	6.50111 7.17653,
	6.49952 7.16792,
	"/>
</Transform>

<Transform dim="1"
 xcoef=" 0.290096953341576 1 0 0 0 0"
 ycoef=" 0.78421803565705 0 1 0 0 0">
<Contour name="D032" hidden="false" closed="true" simplified="true" border="0 0 1" fill="0 0 1" mode="13"
 points="4.5671 -0.126852,
	4.56848 -0.141798,
	4.57259 -0.156277,
	4.57928 -0.169837,
	4.58836 -0.182053,
	4.59954 -0.192545,
	4.61247 -0.200985,
	4.62675 -0.207108,
	4.64193 -0.210724,
	4.65753 -0.211719,
	4.67308 -0.210062,
	4.68807 -0.205806,
	4.70205 -0.199083,
	4.71458 -0.190103,
	4.72527 -0.179147,
	4.73378 -0.166557,
	4.73984 -0.152726,
	4.74327 -0.138087,
	4.74396 -0.123097,
	4.74189 -0.108224,
	4.73713 -0.0939336,
	4.72981 -0.0806713,
	4.72018 -0.068852,
	4.70853 -0.0588448,
	4.69522 -0.0509624,
	4.68067 -0.0454511,
	4.66534 -0.0424832,
	4.64971 -0.0421512,
	4.63426 -0.0444657,
	4.61947 -0.0493543,
	4.60581 -0.0566642,
	4.59371 -0.066167,
	4.58354 -0.0775659,
	4.57562 -0.0905048,
	4.5702 -0.104579,
	"/>
</Transform>

<Transform dim="1"
 xcoef=" 0.290096953341576 1 0 0 0 0"
 ycoef=" 0.78421803565705 0 1 0 0 0">
<Contour name="D041_oblique" hidden="false" closed="true" simplified="true" border="0 0 1" fill="0 0 1" mode="13"
 points="7.46062 0.498475,
	7.46216 0.484405,
	7.46673 0.47071,
	7.47423 0.457752,
	7.48443 0.445876,
	7.49709 0.435398,
	7.51185 0.426597,
	7.52833 0.419705,
	7.54609 0.414907,
	7.56466 0.41233,
	7.58354 0.412042,
	7.60223 0.414051,
	7.62023 0.418304,
	7.63708 0.424687,
	7.65231 0.433031,
	7.66552 0.443114,
	7.67637 0.454668,
	7.68457 0.467387,
	7.68989 0.480932,
	7.69219 0.494943,
	7.69142 0.509048,
	7.6876 0.522872,
	7.68082 0.536047,
	7.67126 0.548224,
	7.65919 0.559079,
	7.64492 0.568324,
	7.62883 0.575712,
	7.61135 0.581047,
	7.59294 0.584189,
	7.57409 0.585052,
	7.5553 0.583615,
	7.53708 0.579915,
	7.5199 0.57405,
	7.50423 0.566178,
	7.49048 0.556506,
	7.47901 0.545292,
	7.47013 0.532834,
	7.46407 0.519462,
	"/>
</Transform>

<Transform dim="1"
 xcoef=" 0.290096953341576 1 0 0 0 0"
 ycoef=" 0.78421803565705 0 1 0 0 0">
<Contour name="D043" hidden="false" closed="true" simplified="true" border="0 0 1" fill="0 0 1" mode="13"
 points="1.11719 8.51172,
	1.1179 8.49917,
	1.12002 8.48685,
	1.12351 8.475,
	1.12831 8.46383,
	1.13432 8.45355,
	1.14144 8.44436,
	1.14952 8.43642,
	1.15843 8.42988,
	1.168 8.42487,
	1.17804 8.42148,
	1.18837 8.41976,
	1.19879 8.41976,
	1.20912 8.42148,
	1.21916 8.42487,
	1.22873 8.42988,
	1.23764 8.43642,
	1.24572 8.44436,
	1.25284 8.45355,
	1.25885 8.46383,
	1.26365 8.475,
	1.26714 8.48685,
	1.26926 8.49917,
	1.26998 8.51172,
	1.26926 8.52427,
	1.26714 8.53659,
	1.26365 8.54844,
	1.25885 8.55961,
	1.25284 8.56989,
	1.24572 8.57908,
	1.23764 8.58702,
	1.22873 8.59356,
	1.21916 8.59857,
	1.20912 8.60197,
	1.19879 8.60368,
	1.18837 8.60368,
	1.17804 8.60197,
	1.168 8.59857,
	1.15843 8.59356,
	1.14952 8.58702,
	1.14144 8.57908,
	1.13432 8.56989,
	1.12831 8.55961,
	1.12351 8.54844,
	1.12002 8.53659,
	1.1179 8.52427,
	"/>
</Transform>

<Transform dim="1"
 xcoef=" 0.290096953341576 1 0 0 0 0"
 ycoef=" 0.78421803565705 0 1 0 0 0">
<Contour name="D044" hidden="false" closed="true" simplified="true" border="0 0 1" fill="0 0 1" mode="13"
 points="1.54015 7.46352,
	1.54345 7.44837,
	1.55318 7.43391,
	1.56891 7.42078,
	1.58993 7.40959,
	1.61529 7.40083,
	1.64384 7.3949,
	1.67429 7.39208,
	1.70526 7.39249,
	1.73537 7.3961,
	1.76323 7.40277,
	1.78761 7.41217,
	1.80739 7.4239,
	1.82167 7.43742,
	1.82983 7.45212,
	1.83148 7.46733,
	1.82655 7.48238,
	1.81526 7.49657,
	1.79813 7.50926,
	1.77593 7.51989,
	1.74966 7.52797,
	1.72051 7.53314,
	1.6898 7.53516,
	1.65891 7.53395,
	1.62924 7.52955,
	1.60213 7.52217,
	1.57881 7.51213,
	1.56033 7.4999,
	1.54753 7.48603,
	"/>
</Transform>

<Transform dim="1"
 xcoef=" 0.290096953341576 1 0 0 0 0"
 ycoef=" 0.78421803565705 0 1 0 0 0">
<Contour name="D045_ASPINY_NOCANDIDATES" hidden="false" closed="true" simplified="true" border="0 0 1" fill="0 0 1" mode="13"
 points="2.77813 8.52319,
	2.77911 8.50607,
	2.78206 8.48918,
	2.78694 8.47273,
	2.79367 8.45693,
	2.80218 8.44201,
	2.81235 8.42813,
	2.82405 8.4155,
	2.83712 8.40428,
	2.8514 8.3946,
	2.8667 8.3866,
	2.88283 8.38038,
	2.89956 8.37602,
	2.91668 8.37358,
	2.93398 8.37309,
	2.95122 8.37456,
	2.96817 8.37796,
	2.98463 8.38326,
	3.00036 8.39038,
	3.01518 8.39924,
	3.02888 8.4097,
	3.04129 8.42165,
	3.05224 8.43493,
	3.06159 8.44935,
	3.06922 8.46474,
	3.07504 8.48088,
	3.07896 8.49758,
	3.08093 8.51462,
	3.08093 8.53176,
	3.07896 8.54879,
	3.07504 8.56549,
	3.06922 8.58164,
	3.06159 8.59703,
	3.05224 8.61145,
	3.04129 8.62472,
	3.02888 8.63667,
	3.01518 8.64714,
	3.00036 8.65599,
	2.98463 8.66312,
	2.96817 8.66841,
	2.95122 8.67182,
	2.93398 8.67329,
	2.91668 8.6728,
	2.89956 8.67036,
	2.88283 8.666,
	2.8667 8.65978,
	2.8514 8.65178,
	2.83712 8.6421,
	2.82405 8.63087,
	2.81235 8.61824,
	2.80218 8.60437,
	2.79367 8.58944,
	2.78694 8.57365,
	2.78206 8.5572,
	"/>
</Transform>

<Transform dim="1"
 xcoef=" 0.290096953341576 1 0 0 0 0"
 ycoef=" 0.78421803565705 0 1 0 0 0">
<Contour name="D046" hidden="false" closed="true" simplified="true" border="0 0 1" fill="0 0 1" mode="13"
 points="12.4469 3.20662,
	12.4484 3.19262,
	12.4529 3.17899,
	12.4602 3.16607,
	12.4702 3.1542,
	12.4827 3.14369,
	12.4972 3.13481,
	12.5134 3.12779,
	12.5309 3.12281,
	12.5492 3.12,
	12.5679 3.11944,
	12.5865 3.12113,
	12.6045 3.12504,
	12.6214 3.13105,
	12.6368 3.13903,
	12.6503 3.14876,
	12.6616 3.15998,
	12.6703 3.17242,
	12.6762 3.18574,
	12.6792 3.19959,
	12.6792 3.21364,
	12.6762 3.2275,
	12.6703 3.24081,
	12.6616 3.25325,
	12.6503 3.26447,
	12.6368 3.2742,
	12.6214 3.28218,
	12.6045 3.2882,
	12.5865 3.2921,
	12.5679 3.29379,
	12.5492 3.29323,
	12.5309 3.29042,
	12.5134 3.28544,
	12.4972 3.27842,
	12.4827 3.26954,
	12.4702 3.25903,
	12.4602 3.24716,
	12.4529 3.23424,
	"/>
</Transform>

<Transform dim="1"
 xcoef=" 0.290096953341576 1 0 0 0 0"
 ycoef=" 0.78421803565705 0 1 0 0 0">
<Contour name="D047" hidden="false" closed="true" simplified="true" border="0 0 1" fill="0 0 1" mode="13"
 points="3.37284 5.66142,
	3.37454 5.61053,
	3.37957 5.56144,
	3.38775 5.51584,
	3.39881 5.47536,
	3.41235 5.4414,
	3.4279 5.41516,
	3.44491 5.39755,
	3.46278 5.3892,
	3.48089 5.3904,
	3.49861 5.40111,
	3.51531 5.42094,
	3.5304 5.44921,
	3.54336 5.48492,
	3.55373 5.52682,
	3.56115 5.57345,
	3.56536 5.62316,
	3.56621 5.67421,
	3.56367 5.72481,
	3.55783 5.77319,
	3.54889 5.81765,
	3.53718 5.85663,
	3.52309 5.88876,
	3.50712 5.91292,
	3.48984 5.92825,
	3.47185 5.93423,
	3.45377 5.93064,
	3.43626 5.9176,
	3.41991 5.89558,
	3.4053 5.86535,
	3.39295 5.82796,
	3.38328 5.78474,
	3.37664 5.73718,
	"/>
</Transform>

<Transform dim="1"
 xcoef=" 0.290096953341576 1 0 0 0 0"
 ycoef=" 0.78421803565705 0 1 0 0 0">
<Contour name="D034" hidden="false" closed="true" simplified="true" border="0 0 1" fill="0 0 1" mode="13"
 points="9.60504 3.40069,
	9.60627 3.38214,
	9.60992 3.36412,
	9.6159 3.34715,
	9.62402 3.33172,
	9.63406 3.31828,
	9.64572 3.30721,
	9.65867 3.29882,
	9.67254 3.29337,
	9.68693 3.291,
	9.70142 3.29179,
	9.7156 3.29572,
	9.72906 3.30266,
	9.74141 3.31242,
	9.7523 3.32473,
	9.76141 3.33922,
	9.76848 3.35547,
	9.77332 3.37303,
	9.77577 3.39138,
	9.77577 3.41001,
	9.77332 3.42836,
	9.76848 3.44592,
	9.76141 3.46217,
	9.7523 3.47666,
	9.74141 3.48896,
	9.72906 3.49873,
	9.7156 3.50567,
	9.70142 3.50959,
	9.68693 3.51039,
	9.67254 3.50802,
	9.65867 3.50257,
	9.64572 3.49418,
	9.63406 3.48311,
	9.62402 3.46967,
	9.6159 3.45424,
	9.60992 3.43727,
	9.60627 3.41925,
	"/>
</Transform>

<Transform dim="1"
 xcoef=" 0.290096953341576 1 0 0 0 0"
 ycoef=" 0.78421803565705 0 1 0 0 0">
<Contour name="D035" hidden="false" closed="true" simplified="true" border="0 0 1" fill="0 0 1" mode="13"
 points="7.0078 2.9048,
	7.00859 2.89488,
	7.01094 2.8852,
	7.0148 2.87603,
	7.02006 2.86758,
	7.02659 2.86007,
	7.03423 2.85369,
	7.04278 2.8486,
	7.05203 2.84493,
	7.06175 2.84277,
	7.07168 2.84217,
	7.08159 2.84316,
	7.09121 2.84571,
	7.10031 2.84974,
	7.10865 2.85517,
	7.11603 2.86185,
	7.12226 2.86961,
	7.12717 2.87826,
	7.13066 2.88759,
	7.13263 2.89734,
	7.13302 2.90729,
	7.13184 2.91717,
	7.1291 2.92674,
	7.12489 2.93575,
	7.1193 2.94399,
	7.11247 2.95123,
	7.10459 2.95731,
	7.09584 2.96205,
	7.08645 2.96535,
	7.07665 2.96712,
	7.0667 2.96732,
	7.05685 2.96594,
	7.04733 2.96302,
	7.0384 2.95862,
	7.03028 2.95287,
	7.02317 2.9459,
	7.01726 2.9379,
	7.01269 2.92905,
	7.00957 2.9196,
	"/>
<Contour name="D035 sym cand 1" hidden="false" closed="true" simplified="true" border="0 1 1" fill="0 1 1" mode="11"
 points="6.808 2.7494,
	6.81084 2.73948,
	6.81926 2.72988,
	6.833 2.72089,
	6.85163 2.71279,
	6.87457 2.70583,
	6.90111 2.70023,
	6.93041 2.69617,
	6.96156 2.69378,
	6.99358 2.69312,
	7.02548 2.69421,
	7.05625 2.69704,
	7.08495 2.7015,
	7.11066 2.70745,
	7.13258 2.71472,
	7.15004 2.72307,
	7.16249 2.73224,
	7.16953 2.74195,
	7.17095 2.75189,
	7.1667 2.76175,
	7.15692 2.77123,
	7.14191 2.78002,
	7.12214 2.78786,
	7.09823 2.79449,
	7.07092 2.79972,
	7.04107 2.80338,
	7.00961 2.80534,
	6.97752 2.80557,
	6.94581 2.80403,
	6.91547 2.80079,
	6.88744 2.79594,
	6.86261 2.78964,
	6.84174 2.78208,
	6.82548 2.7735,
	6.81436 2.76417,
	"/>
</Transform>

<Transform dim="1"
 xcoef=" 0.290096953341576 1 0 0 0 0"
 ycoef=" 0.78421803565705 0 1 0 0 0">
<Contour name="D036" hidden="false" closed="true" simplified="true" border="0 0 1" fill="0 0 1" mode="13"
 points="14.2768 -1.26971,
	14.279 -1.30695,
	14.2853 -1.34256,
	14.2955 -1.37499,
	14.3092 -1.40281,
	14.3257 -1.42482,
	14.3443 -1.44005,
	14.3643 -1.44784,
	14.3847 -1.44784,
	14.4047 -1.44005,
	14.4234 -1.42482,
	14.4399 -1.40281,
	14.4536 -1.37499,
	14.4638 -1.34256,
	14.4701 -1.30695,
	14.4722 -1.26971,
	14.4701 -1.23247,
	14.4638 -1.19686,
	14.4536 -1.16444,
	14.4399 -1.13661,
	14.4234 -1.1146,
	14.4047 -1.09937,
	14.3847 -1.09159,
	14.3643 -1.09159,
	14.3443 -1.09937,
	14.3257 -1.1146,
	14.3092 -1.13661,
	14.2955 -1.16444,
	14.2853 -1.19686,
	14.279 -1.23247,
	"/>
</Transform>

<Transform dim="1"
 xcoef=" 0.290096953341576 1 0 0 0 0"
 ycoef=" 0.78421803565705 0 1 0 0 0">
<Contour name="D039" hidden="false" closed="true" simplified="true" border="0 0 1" fill="0 0 1" mode="13"
 points="8.25057 1.3242,
	8.25149 1.3097,
	8.25424 1.29548,
	8.25876 1.28182,
	8.26496 1.26898,
	8.27273 1.25722,
	8.28191 1.24677,
	8.29232 1.23782,
	8.30377 1.23055,
	8.31602 1.2251,
	8.32885 1.22158,
	8.34199 1.22006,
	8.3552 1.22057,
	8.36821 1.2231,
	8.38078 1.22759,
	8.39266 1.23396,
	8.40362 1.24209,
	8.41344 1.25182,
	8.42194 1.26295,
	8.42894 1.27528,
	8.43431 1.28856,
	8.43796 1.30254,
	8.4398 1.31694,
	8.4398 1.33147,
	8.43796 1.34587,
	8.43431 1.35984,
	8.42894 1.37312,
	8.42194 1.38545,
	8.41344 1.39659,
	8.40362 1.40632,
	8.39266 1.41445,
	8.38078 1.42082,
	8.36821 1.42531,
	8.3552 1.42784,
	8.34199 1.42834,
	8.32885 1.42682,
	8.31602 1.42331,
	8.30377 1.41786,
	8.29232 1.41059,
	8.28191 1.40164,
	8.27273 1.39118,
	8.26496 1.37942,
	8.25876 1.36659,
	8.25424 1.35293,
	"/>
</Transform>

<Transform dim="1"
 xcoef=" 0.290096953341576 1 0 0 0 0"
 ycoef=" 0.78421803565705 0 1 0 0 0">
<Contour name="D049" hidden="false" closed="true" simplified="true" border="0 0 1" fill="0 0 1" mode="13"
 points="10.133 1.9738,
	10.1341 1.96209,
	10.1372 1.95061,
	10.1424 1.93956,
	10.1496 1.92915,
	10.1586 1.91956,
	10.1692 1.91099,
	10.1813 1.90359,
	10.1945 1.8975,
	10.2088 1.89282,
	10.2238 1.88966,
	10.2392 1.88806,
	10.2547 1.88806,
	10.2702 1.88966,
	10.2851 1.89282,
	10.2994 1.8975,
	10.3127 1.90359,
	10.3247 1.91099,
	10.3354 1.91956,
	10.3443 1.92915,
	10.3515 1.93956,
	10.3567 1.95061,
	10.3599 1.96209,
	10.3609 1.9738,
	10.3599 1.9855,
	10.3567 1.99698,
	10.3515 2.00803,
	10.3443 2.01845,
	10.3354 2.02803,
	10.3247 2.0366,
	10.3127 2.044,
	10.2994 2.0501,
	10.2851 2.05477,
	10.2702 2.05793,
	10.2547 2.05953,
	10.2392 2.05953,
	10.2238 2.05793,
	10.2088 2.05477,
	10.1945 2.0501,
	10.1813 2.044,
	10.1692 2.0366,
	10.1586 2.02803,
	10.1496 2.01845,
	10.1424 2.00803,
	10.1372 1.99698,
	10.1341 1.9855,
	"/>
</Transform>

<Transform dim="1"
 xcoef=" 0.290096953341576 1 0 0 0 0"
 ycoef=" 0.78421803565705 0 1 0 0 0">
<Contour name="D055" hidden="false" closed="true" simplified="true" border="0 0 1" fill="0 0 1" mode="13"
 points="1.19062 2.59072,
	1.19107 2.57995,
	1.19241 2.56928,
	1.19463 2.55883,
	1.19771 2.54869,
	1.20161 2.53898,
	1.20631 2.52977,
	1.21174 2.52118,
	1.21786 2.51327,
	1.22461 2.50613,
	1.23192 2.49984,
	1.23971 2.49444,
	1.24791 2.49001,
	1.25645 2.48657,
	1.26522 2.48417,
	1.27415 2.48283,
	1.28315 2.48256,
	1.29212 2.48337,
	1.30098 2.48524,
	1.30965 2.48816,
	1.31803 2.4921,
	1.32603 2.49702,
	1.33359 2.50288,
	1.34063 2.5096,
	1.34707 2.51713,
	1.35286 2.52539,
	1.35793 2.53431,
	1.36223 2.54378,
	1.36573 2.55372,
	1.36838 2.56402,
	1.37016 2.57459,
	1.37106 2.58533,
	1.37106 2.59611,
	1.37016 2.60684,
	1.36838 2.61741,
	1.36573 2.62772,
	1.36223 2.63766,
	1.35793 2.64713,
	1.35286 2.65604,
	1.34707 2.66431,
	1.34063 2.67184,
	1.33359 2.67856,
	1.32603 2.68441,
	1.31803 2.68933,
	1.30965 2.69327,
	1.30098 2.69619,
	1.29212 2.69807,
	1.28315 2.69887,
	1.27415 2.6986,
	1.26522 2.69726,
	1.25645 2.69486,
	1.24791 2.69143,
	1.23971 2.68699,
	1.23192 2.6816,
	1.22461 2.6753,
	1.21786 2.66817,
	1.21174 2.66026,
	1.20631 2.65166,
	1.20161 2.64246,
	1.19771 2.63274,
	1.19463 2.62261,
	1.19241 2.61216,
	1.19107 2.60149,
	"/>
</Transform>

<Transform dim="1"
 xcoef=" 0.290096953341576 1 0 0 0 0"
 ycoef=" 0.78421803565705 0 1 0 0 0">
<Contour name="D049_ax03" hidden="false" closed="true" simplified="false" border="0 1 1" fill="0 1 1" mode="11"
 points="10.9998 0.922424,
	11.0076 0.914687,
	10.9766 0.88374,
	10.9844 0.876003,
	11.0153 0.90695,
	11.0231 0.899214,
	11.0231 0.922424,
	"/>
</Transform>

<Transform dim="1"
 xcoef=" 0.290096953341576 1 0 0 0 0"
 ycoef=" 0.78421803565705 0 1 0 0 0">
<Contour name="d046_o27" hidden="false" closed="true" simplified="false" border="1 0 0" fill="1 0 0" mode="-13"
 points="12.5783 3.46117,
	12.6115 3.46117,
	12.5949 3.49159,
	"/>
</Transform>

<Transform dim="1"
 xcoef=" 0.290096953341576 1 0 0 0 0"
 ycoef=" 0.78421803565705 0 1 0 0 0">
<Contour name="D057" hidden="false" closed="true" simplified="true" border="0 0 1" fill="0 0 1" mode="11"
 points="6.31766 9.35272,
	6.31854 9.33989,
	6.32114 9.32723,
	6.32545 9.31496,
	6.33139 9.30323,
	6.33887 9.29222,
	6.3478 9.2821,
	6.35803 9.273,
	6.36942 9.26507,
	6.3818 9.25842,
	6.39499 9.25314,
	6.40881 9.24931,
	6.42304 9.24699,
	6.43748 9.24622,
	6.45192 9.24699,
	6.46615 9.24931,
	6.47997 9.25314,
	6.49316 9.25842,
	6.50554 9.26507,
	6.51693 9.273,
	6.52717 9.2821,
	6.53609 9.29222,
	6.54357 9.30323,
	6.54951 9.31496,
	6.55382 9.32723,
	6.55642 9.33989,
	6.5573 9.35272,
	6.55642 9.36556,
	6.55382 9.37821,
	6.54951 9.39049,
	6.54357 9.40222,
	6.53609 9.41322,
	6.52717 9.42335,
	6.51693 9.43244,
	6.50554 9.44037,
	6.49316 9.44703,
	6.47997 9.45231,
	6.46615 9.45613,
	6.45192 9.45845,
	6.43748 9.45923,
	6.42304 9.45845,
	6.40881 9.45613,
	6.39499 9.45231,
	6.3818 9.44703,
	6.36942 9.44037,
	6.35803 9.43244,
	6.3478 9.42335,
	6.33887 9.41322,
	6.33139 9.40222,
	6.32545 9.39049,
	6.32114 9.37821,
	6.31854 9.36556,
	"/>
</Transform>

<Transform dim="1"
 xcoef=" 0.290096953341576 1 0 0 0 0"
 ycoef=" 0.78421803565705 0 1 0 0 0">
<Contour name="D058_ax01" hidden="false" closed="true" simplified="false" border="0 1 1" fill="0 1 1" mode="11"
 points="3.47479 7.30213,
	3.49065 7.28627,
	3.42722 7.22285,
	3.44308 7.20699,
	3.5065 7.27042,
	3.52236 7.25456,
	3.52236 7.30213,
	"/>
</Transform>

<Transform dim="1"
 xcoef=" 0.290096953341576 1 0 0 0 0"
 ycoef=" 0.78421803565705 0 1 0 0 0">
<Contour name="d046_p25" hidden="false" closed="true" simplified="true" border="1 1 0" fill="1 1 0" mode="11"
 points="10.8076 2.4271,
	10.8095 2.41724,
	10.8095 2.41478,
	10.8113 2.40984,
	10.8113 2.40861,
	10.8125 2.40738,
	10.8132 2.40491,
	10.8199 2.39566,
	10.8372 2.38025,
	10.8471 2.37409,
	10.8668 2.36854,
	10.8767 2.36546,
	10.9161 2.35744,
	10.921 2.35621,
	10.9408 2.35436,
	10.9605 2.35066,
	10.9704 2.34881,
	10.9753 2.34758,
	10.9778 2.34758,
	10.9802 2.34635,
	10.9852 2.34573,
	10.995 2.34265,
	10.9975 2.34141,
	10.9987 2.34141,
	11.0012 2.33956,
	11.0061 2.33771,
	11.0086 2.3371,
	11.0098 2.3371,
	11.0111 2.33587,
	11.0209 2.33278,
	11.0406 2.32169,
	11.0443 2.3186,
	11.0622 2.30504,
	11.0672 2.30134,
	11.0684 2.29949,
	11.0776 2.29271,
	11.0875 2.28778,
	11.09 2.28716,
	11.0918 2.28531,
	11.0967 2.2847,
	11.0992 2.28346,
	11.1091 2.28223,
	11.1189 2.28223,
	11.1288 2.28531,
	11.1337 2.28716,
	11.143 2.29394,
	11.1448 2.29518,
	11.1621 2.31182,
	11.1658 2.31552,
	11.1701 2.32045,
	11.1781 2.32785,
	11.1874 2.33587,
	11.1942 2.34511,
	11.1978 2.35004,
	11.1991 2.35251,
	11.2003 2.35374,
	11.2009 2.35621,
	11.2022 2.35744,
	11.2052 2.36731,
	11.2052 2.36977,
	11.2071 2.3747,
	11.2102 2.39443,
	11.212 2.4043,
	11.2151 2.41416,
	11.2157 2.41909,
	11.2213 2.43882,
	11.2244 2.44868,
	11.225 2.45115,
	11.225 2.45238,
	11.2262 2.45361,
	11.2274 2.45855,
	11.2287 2.45978,
	11.233 2.46964,
	11.2385 2.48937,
	11.2404 2.49923,
	11.2404 2.5091,
	11.2404 2.51403,
	11.2398 2.5165,
	11.2367 2.52143,
	11.2318 2.52574,
	11.2293 2.52698,
	11.2194 2.52759,
	11.2096 2.52698,
	11.1898 2.52389,
	11.1701 2.52389,
	11.1602 2.52513,
	11.1578 2.52513,
	11.1553 2.52636,
	11.1454 2.52759,
	11.1405 2.52944,
	11.1381 2.53006,
	11.1368 2.53006,
	11.1356 2.53129,
	11.1257 2.53499,
	11.1159 2.54054,
	11.106 2.54485,
	11.1048 2.54609,
	11.0949 2.54855,
	11.09 2.5504,
	11.0505 2.55472,
	11.0111 2.55595,
	10.9913 2.5578,
	10.9889 2.5578,
	10.9864 2.55903,
	10.9667 2.55965,
	10.9568 2.56088,
	10.9173 2.56212,
	10.9124 2.56212,
	10.9112 2.56088,
	10.9013 2.5578,
	10.8964 2.55533,
	10.8952 2.55533,
	10.876 2.54362,
	10.8674 2.53807,
	10.8575 2.53067,
	10.8532 2.52759,
	10.8446 2.51896,
	10.8304 2.50047,
	10.8267 2.49615,
	10.8243 2.49122,
	10.8224 2.48875,
	10.8218 2.48629,
	10.8206 2.48567,
	10.8199 2.48321,
	10.8187 2.48197,
	10.8175 2.47704,
	10.8162 2.47581,
	10.8095 2.45608,
	10.8088 2.45115,
	10.8076 2.44868,
	10.8076 2.42895,
	10.8076 2.42772,
	"/>
</Transform>

<Transform dim="1"
 xcoef=" 0.290096953341576 1 0 0 0 0"
 ycoef=" 0.78421803565705 0 1 0 0 0">
<Contour name="d046_p26" hidden="false" closed="true" simplified="true" border="1 1 0" fill="1 1 0" mode="11"
 points="11.9402 2.51438,
	11.9439 2.50456,
	11.9495 2.49474,
	11.9562 2.48553,
	11.9587 2.48369,
	11.9617 2.48001,
	11.9795 2.46466,
	11.9887 2.45668,
	11.993 2.45361,
	11.9973 2.44931,
	11.9992 2.44686,
	12.0035 2.43704,
	12.0059 2.43213,
	12.0065 2.42967,
	12.0078 2.42844,
	12.0151 2.4088,
	12.0151 2.40757,
	12.0164 2.40634,
	12.017 2.40389,
	12.0207 2.39959,
	12.0256 2.39529,
	12.0354 2.39038,
	12.0452 2.38731,
	12.0501 2.38609,
	12.0514 2.38486,
	12.0563 2.38424,
	12.0661 2.38056,
	12.0759 2.37811,
	12.0808 2.37749,
	12.0857 2.37565,
	12.0956 2.37504,
	12.1152 2.37197,
	12.125 2.37197,
	12.1447 2.36951,
	12.1643 2.3689,
	12.1741 2.3689,
	12.179 2.37135,
	12.1889 2.37319,
	12.2085 2.37504,
	12.2478 2.37504,
	12.2674 2.37504,
	12.2723 2.37504,
	12.292 2.38056,
	12.3018 2.38547,
	12.3043 2.3867,
	12.3055 2.38793,
	12.3104 2.38977,
	12.3129 2.391,
	12.3178 2.39529,
	12.3196 2.39775,
	12.3245 2.40082,
	12.3343 2.4088,
	12.3436 2.41555,
	12.3448 2.41678,
	12.346 2.41678,
	12.3552 2.42353,
	12.3632 2.4309,
	12.3681 2.43519,
	12.3835 2.453,
	12.3878 2.45729,
	12.4013 2.47632,
	12.408 2.48615,
	12.4123 2.49106,
	12.4148 2.4929,
	12.416 2.4929,
	12.4197 2.49597,
	12.4209 2.49719,
	12.4221 2.49719,
	12.4258 2.50026,
	12.4448 2.51438,
	12.4491 2.51868,
	12.4528 2.52175,
	12.4712 2.5371,
	12.4737 2.53832,
	12.4749 2.53955,
	12.4762 2.53955,
	12.4786 2.54139,
	12.4983 2.54508,
	12.5081 2.54692,
	12.513 2.54815,
	12.5154 2.54876,
	12.5197 2.55244,
	12.5246 2.56226,
	12.5271 2.57209,
	12.5271 2.577,
	12.5283 2.57945,
	12.5277 2.58927,
	12.5271 2.59419,
	12.5216 2.61383,
	12.521 2.62365,
	12.524 2.63347,
	12.5253 2.63838,
	12.5253 2.64084,
	12.5265 2.64329,
	12.5271 2.65312,
	12.5265 2.66294,
	12.5246 2.66785,
	12.5246 2.66908,
	12.5234 2.6703,
	12.5216 2.67522,
	12.5154 2.68504,
	12.5081 2.69363,
	12.5038 2.69731,
	12.4989 2.69977,
	12.4964 2.69977,
	12.4915 2.70161,
	12.4719 2.70529,
	12.4522 2.70714,
	12.4129 2.70591,
	12.4105 2.70591,
	12.4056 2.70775,
	12.4006 2.70836,
	12.3957 2.71021,
	12.3908 2.71021,
	12.3859 2.71143,
	12.3761 2.71143,
	12.3663 2.71021,
	12.3638 2.71021,
	12.3614 2.70898,
	12.3564 2.70836,
	12.3374 2.69977,
	12.3325 2.69854,
	12.3301 2.69731,
	12.2908 2.69547,
	12.2711 2.69424,
	12.2318 2.69486,
	12.222 2.69363,
	12.2171 2.69302,
	12.1975 2.68688,
	12.1925 2.68504,
	12.1901 2.68381,
	12.1889 2.68381,
	12.1876 2.68258,
	12.1852 2.68197,
	12.1827 2.68013,
	12.1803 2.67951,
	12.1704 2.67337,
	12.1655 2.67092,
	12.1557 2.66355,
	12.1459 2.65803,
	12.141 2.65496,
	12.1385 2.65373,
	12.1373 2.65373,
	12.1361 2.6525,
	12.1263 2.64882,
	12.1213 2.64698,
	12.1201 2.64698,
	12.1189 2.64575,
	12.1164 2.64514,
	12.1152 2.64514,
	12.114 2.64391,
	12.1042 2.64145,
	12.0845 2.63409,
	12.0833 2.63409,
	12.0821 2.63286,
	12.0722 2.62979,
	12.071 2.62979,
	12.0698 2.62856,
	12.06 2.62426,
	12.0575 2.62365,
	12.055 2.62181,
	12.0526 2.6212,
	12.052 2.61997,
	12.0422 2.61628,
	12.0323 2.61015,
	12.0225 2.60278,
	12.0176 2.59971,
	12.0151 2.59787,
	12.0139 2.59787,
	12.009 2.59357,
	12.001 2.58743,
	11.9826 2.57331,
	11.9777 2.57024,
	11.9765 2.56902,
	11.9752 2.56902,
	11.966 2.56288,
	11.9623 2.55919,
	11.9574 2.55613,
	11.9556 2.5549,
	11.9507 2.54999,
	11.947 2.54508,
	11.9452 2.54262,
	11.9421 2.5328,
	11.9409 2.52789,
	11.9402 2.51807,
	11.9402 2.51561,
	11.9402 2.515,
	"/>
</Transform>

<Transform dim="1"
 xcoef=" 0.270500881856401 1 0 0 0 0"
 ycoef=" 0.415158689352914 0 1 0 0 0">
<Contour name="d046" hidden="false" closed="true" simplified="true" border="1 1 0" fill="1 1 0" mode="11"
 points="12.3182 2.88548,
	12.3211 2.8484,
	12.3234 2.82987,
	12.3263 2.8206,
	12.328 2.81596,
	12.3286 2.81133,
	12.3286 2.80901,
	12.3309 2.80438,
	12.3338 2.78584,
	12.3367 2.77657,
	12.3385 2.77194,
	12.3402 2.76267,
	12.3419 2.75803,
	12.3437 2.74877,
	12.3437 2.74413,
	12.3454 2.7395,
	12.3483 2.72096,
	12.3506 2.71169,
	12.3518 2.70706,
	12.3564 2.69779,
	12.3622 2.68852,
	12.3807 2.67056,
	12.39 2.66477,
	12.3993 2.66071,
	12.4364 2.65086,
	12.4734 2.64681,
	12.4827 2.64681,
	12.5012 2.64391,
	12.5105 2.64217,
	12.5476 2.63117,
	12.5847 2.62132,
	12.6032 2.61669,
	12.6125 2.61553,
	12.6171 2.61437,
	12.6356 2.61263,
	12.6542 2.60915,
	12.6727 2.60394,
	12.682 2.60047,
	12.7005 2.59004,
	12.7098 2.58482,
	12.7283 2.57266,
	12.7469 2.56281,
	12.7561 2.55818,
	12.7932 2.54775,
	12.8117 2.54485,
	12.8303 2.54311,
	12.8395 2.54311,
	12.8488 2.54427,
	12.8511 2.54427,
	12.8697 2.55123,
	12.8789 2.55586,
	12.8975 2.56802,
	12.916 2.58309,
	12.9345 2.59409,
	12.9438 2.60104,
	12.9624 2.61727,
	12.9809 2.63464,
	12.9849 2.63928,
	12.9913 2.64855,
	13.0081 2.66708,
	13.0267 2.68504,
	13.0359 2.69315,
	13.0406 2.69663,
	13.0498 2.70068,
	13.0684 2.7059,
	13.0776 2.70821,
	13.0869 2.71169,
	13.0915 2.71401,
	13.1008 2.71632,
	13.1193 2.72733,
	13.128 2.7366,
	13.1419 2.75514,
	13.1483 2.76441,
	13.1512 2.76904,
	13.1587 2.78758,
	13.1634 2.80612,
	13.1657 2.81538,
	13.1674 2.83392,
	13.1674 2.85246,
	13.1674 2.86173,
	13.1674 2.86636,
	13.1645 2.87563,
	13.1605 2.8849,
	13.1518 2.89243,
	13.1472 2.89649,
	13.1379 2.90228,
	13.1008 2.91676,
	13.0823 2.92545,
	13.073 2.93066,
	13.0637 2.93704,
	13.0458 2.955,
	13.0365 2.96426,
	13.0214 2.9828,
	13.0139 2.99207,
	12.9954 3.00945,
	12.9861 3.01582,
	12.949 3.03436,
	12.9398 3.03668,
	12.9305 3.04015,
	12.912 3.04073,
	12.8934 3.04015,
	12.8842 3.04073,
	12.8749 3.04421,
	12.8563 3.05695,
	12.8471 3.06448,
	12.8378 3.07375,
	12.8193 3.08881,
	12.81 3.09461,
	12.8007 3.09924,
	12.7822 3.10561,
	12.7637 3.10967,
	12.7544 3.11198,
	12.7173 3.11662,
	12.708 3.11778,
	12.671 3.11778,
	12.6663 3.11836,
	12.664 3.11836,
	12.6547 3.12241,
	12.6455 3.12531,
	12.6408 3.12705,
	12.6385 3.12705,
	12.6339 3.12878,
	12.6246 3.12878,
	12.62 3.12878,
	12.6154 3.12994,
	12.5968 3.13052,
	12.5876 3.13052,
	12.5783 3.12936,
	12.5736 3.12936,
	12.5713 3.12936,
	12.5667 3.12763,
	12.5574 3.12647,
	12.5204 3.1143,
	12.5018 3.10677,
	12.4925 3.10272,
	12.4879 3.10098,
	12.4786 3.09403,
	12.4613 3.07549,
	12.452 3.06738,
	12.4497 3.0668,
	12.4404 3.05811,
	12.4358 3.05348,
	12.4265 3.0471,
	12.4259 3.04595,
	12.4248 3.04595,
	12.4155 3.03783,
	12.4114 3.0332,
	12.412 3.03204,
	12.3941 3.01408,
	12.3755 2.9996,
	12.3709 2.99613,
	12.3524 2.97875,
	12.3338 2.96021,
	12.3315 2.95789,
	12.3257 2.94862,
	12.3205 2.93009,
	12.3199 2.92082,
	12.3188 2.91618,
	12.3182 2.89764,
	12.3182 2.88838,
	12.3182 2.88606,
	"/>
</Transform>

<Transform dim="1"
 xcoef=" 9.65009695334157 1 0 0 0 0"
 ycoef=" 14.374218035657 0 1 0 0 0">
<Image mag="0.00201646" contrast="1.62889" brightness="-0.51" red="true" green="true" blue="true"
 src="127.tif_1.bmp" />
<Contour name="domain1" hidden="false" closed="true" simplified="false" border="1 0 1" fill="1 0 1" mode="11"
 points="0 0,
	16383 0,
	16383 16383,
	0 16383,
	"/>
</Transform>

<Transform dim="1"
 xcoef=" 0.270500881856401 1 0 0 0 0"
 ycoef=" 0.415158689352914 0 1 0 0 0">
<Contour name="d046_p27" hidden="false" closed="true" simplified="true" border="1 1 0" fill="1 1 0" mode="11"
 points="12.232 3.34689,
	12.2388 3.33341,
	12.2489 3.31992,
	12.3028 3.28199,
	12.3096 3.27778,
	12.3163 3.27188,
	12.3298 3.2643,
	12.3433 3.26008,
	12.3458 3.25671,
	12.3593 3.25165,
	12.3728 3.24912,
	12.3863 3.24407,
	12.3998 3.23648,
	12.4065 3.23227,
	12.4124 3.22637,
	12.4133 3.223,
	12.4183 3.21625,
	12.4259 3.20361,
	12.4377 3.19181,
	12.4444 3.18591,
	12.4714 3.17495,
	12.4849 3.17327,
	12.4916 3.17074,
	12.5051 3.16906,
	12.5119 3.16484,
	12.5186 3.15894,
	12.5228 3.1522,
	12.5237 3.15051,
	12.5228 3.14714,
	12.5102 3.13618,
	12.4967 3.1227,
	12.49 3.11596,
	12.4714 3.08899,
	12.468 3.08224,
	12.4664 3.07887,
	12.4672 3.07719,
	12.4739 3.0814,
	12.4874 3.0873,
	12.4942 3.08983,
	12.5077 3.09741,
	12.5211 3.10163,
	12.5346 3.10416,
	12.5616 3.11259,
	12.5751 3.1168,
	12.5886 3.11933,
	12.6155 3.12186,
	12.629 3.12354,
	12.6324 3.12354,
	12.6349 3.12523,
	12.6316 3.12607,
	12.6248 3.13113,
	12.6181 3.13366,
	12.6046 3.14208,
	12.5911 3.15557,
	12.5726 3.18254,
	12.5599 3.19518,
	12.5329 3.21373,
	12.5195 3.223,
	12.506 3.2289,
	12.4925 3.23648,
	12.479 3.24575,
	12.4739 3.25165,
	12.4714 3.25502,
	12.4697 3.25671,
	12.4689 3.26008,
	12.4638 3.26682,
	12.4605 3.27357,
	12.4613 3.28705,
	12.4621 3.29042,
	12.4638 3.29127,
	12.4655 3.30475,
	12.4664 3.31149,
	12.4655 3.31824,
	12.4621 3.32498,
	12.4377 3.35111,
	12.4242 3.36122,
	12.4107 3.36628,
	12.404 3.36796,
	12.4023 3.36965,
	12.3989 3.36965,
	12.3854 3.37386,
	12.3787 3.37639,
	12.3517 3.38061,
	12.3248 3.38313,
	12.3113 3.38398,
	12.3045 3.38313,
	12.2776 3.38482,
	12.2641 3.38482,
	12.2506 3.38229,
	12.2438 3.37976,
	12.2379 3.37386,
	12.2337 3.36038,
	12.232 3.35364,
	12.232 3.34774,
	"/>
</Transform>

<Transform dim="1"
 xcoef=" 0.270500881856401 1 0 0 0 0"
 ycoef=" 0.415158689352914 0 1 0 0 0">
<Contour name="d046_checked" hidden="false" closed="true" simplified="false" border="0 1 0" fill="0 1 0" mode="-13"
 points="12.5636 3.11269,
	12.5718 3.10118,
	12.5636 3.08968,
	12.5685 3.08968,
	12.5751 3.09954,
	12.5816 3.08968,
	12.5866 3.08968,
	12.5783 3.10118,
	12.5866 3.11269,
	12.5816 3.11269,
	12.5751 3.10283,
	12.5685 3.11269,
	"/>
</Transform>

<Transform dim="1"
 xcoef=" 0.270500881856401 1 0 0 0 0"
 ycoef=" 0.415158689352914 0 1 0 0 0">
<Contour name="d046_c25" hidden="false" closed="true" simplified="true" border="1 0 0" fill="1 0 0" mode="11"
 points="10.8487 1.9656,
	10.856 1.94435,
	10.8593 1.93904,
	10.8805 1.92576,
	10.8912 1.91912,
	10.9337 1.90517,
	10.9549 1.89787,
	10.9602 1.89654,
	10.9815 1.90119,
	10.9921 1.90318,
	10.9974 1.9065,
	11.0187 1.92443,
	11.024 1.92841,
	11.0359 1.94966,
	11.0678 1.99216,
	11.0691 1.99349,
	11.0618 2.01474,
	11.0585 2.02537,
	11.0565 2.03068,
	11.0558 2.03334,
	11.014 2.05658,
	10.9928 2.06654,
	10.9503 2.07318,
	10.9449 2.07384,
	10.9423 2.07451,
	10.937 2.07318,
	10.9157 2.06388,
	10.9104 2.06189,
	10.8998 2.05525,
	10.8892 2.0506,
	10.8785 2.04263,
	10.8759 2.03998,
	10.8706 2.02935,
	10.8679 2.02404,
	10.8659 2.01341,
	10.8566 1.99216,
	10.85 1.97091,
	10.8487 1.96627,
	"/>
</Transform>

<Transform dim="1"
 xcoef=" 0.270500881856401 1 0 0 0 0"
 ycoef=" 0.415158689352914 0 1 0 0 0">
<Contour name="D046 ax01??" hidden="false" closed="true" simplified="false" border="1 1 0" fill="1 1 0" mode="11"
 points="7.18631 6.11553,
	7.16987 6.11553,
	7.16987 6.12375,
	7.17809 6.13197,
	7.20274 6.14019,
	7.18631 6.14841,
	7.17809 6.16484,
	7.16165 6.14841,
	7.15343 6.13197,
	7.15343 6.11553,
	7.137 6.11553,
	7.16165 6.0991,
	"/>
</Transform>

<Transform dim="1"
 xcoef=" 0.270500881856401 1 0 0 0 0"
 ycoef=" 0.415158689352914 0 1 0 0 0">
<Contour name="D037" hidden="false" closed="true" simplified="true" border="0 0 1" fill="0 0 1" mode="11"
 points="12.1747 0.393722,
	12.1767 0.377967,
	12.1827 0.36278,
	12.1925 0.348713,
	12.2057 0.336271,
	12.2218 0.325907,
	12.2403 0.317993,
	12.2605 0.312817,
	12.2816 0.310564,
	12.3029 0.311317,
	12.3236 0.315049,
	12.3431 0.321624,
	12.3604 0.330804,
	12.3752 0.342259,
	12.3867 0.355574,
	12.3946 0.370267,
	12.3987 0.385809,
	12.3987 0.401636,
	12.3946 0.417177,
	12.3867 0.431871,
	12.3752 0.445185,
	12.3604 0.45664,
	12.3431 0.465821,
	12.3236 0.472396,
	12.3029 0.476127,
	12.2816 0.47688,
	12.2605 0.474628,
	12.2403 0.469451,
	12.2218 0.461538,
	12.2057 0.451173,
	12.1925 0.438732,
	12.1827 0.424664,
	"/>
</Transform>

<Transform dim="1"
 xcoef=" 0.270500881856401 1 0 0 0 0"
 ycoef=" 0.415158689352914 0 1 0 0 0">
<Contour name="D020" hidden="false" closed="true" simplified="true" border="0 0 1" fill="0 0 1" mode="11"
 points="10.2687 6.271,
	10.2704 6.24714,
	10.2756 6.22407,
	10.284 6.20256,
	10.2955 6.18331,
	10.3095 6.16696,
	10.3257 6.15405,
	10.3435 6.14501,
	10.3623 6.14013,
	10.3815 6.13959,
	10.4005 6.14339,
	10.4186 6.15141,
	10.4353 6.16339,
	10.4499 6.17893,
	10.462 6.19751,
	10.4713 6.21852,
	10.4773 6.24127,
	10.4799 6.265,
	10.479 6.28893,
	10.4747 6.31227,
	10.467 6.33424,
	10.4563 6.35412,
	10.4429 6.37125,
	10.4272 6.38506,
	10.4097 6.39511,
	10.3911 6.40104,
	10.3719 6.40268,
	10.3528 6.39996,
	10.3345 6.39297,
	10.3174 6.38195,
	10.3022 6.36726,
	10.2894 6.34938,
	10.2794 6.32892,
	10.2726 6.30653,
	"/>
</Transform>

<Transform dim="1"
 xcoef=" 0.270500881856401 1 0 0 0 0"
 ycoef=" 0.415158689352914 0 1 0 0 0">
<Contour name="D022" hidden="false" closed="true" simplified="true" border="0 0 1" fill="0 0 1" mode="11"
 points="17.1386 4.53693,
	17.1401 4.5193,
	17.1445 4.50215,
	17.1517 4.48595,
	17.1615 4.47114,
	17.1736 4.45812,
	17.1878 4.44725,
	17.2035 4.43883,
	17.2205 4.43309,
	17.2382 4.43018,
	17.2561 4.43018,
	17.2738 4.43309,
	17.2907 4.43883,
	17.3065 4.44725,
	17.3206 4.45812,
	17.3328 4.47114,
	17.3426 4.48595,
	17.3498 4.50215,
	17.3542 4.5193,
	17.3557 4.53693,
	17.3542 4.55456,
	17.3498 4.57171,
	17.3426 4.58791,
	17.3328 4.60272,
	17.3206 4.61574,
	17.3065 4.62661,
	17.2907 4.63503,
	17.2738 4.64077,
	17.2561 4.64368,
	17.2382 4.64368,
	17.2205 4.64077,
	17.2035 4.63503,
	17.1878 4.62661,
	17.1736 4.61574,
	17.1615 4.60272,
	17.1517 4.58791,
	17.1445 4.57171,
	"/>
</Transform>

<Transform dim="1"
 xcoef=" 0.270500881856401 1 0 0 0 0"
 ycoef=" 0.415158689352914 0 1 0 0 0">
<Contour name="D033" hidden="false" closed="true" simplified="true" border="0 0 1" fill="0 0 1" mode="11"
 points="10.5107 2.62625,
	10.5117 2.61653,
	10.5148 2.60722,
	10.5199 2.59868,
	10.5267 2.59127,
	10.5349 2.58529,
	10.5442 2.58099,
	10.5543 2.57854,
	10.5647 2.57804,
	10.5749 2.57952,
	10.5847 2.58291,
	10.5935 2.58808,
	10.601 2.59481,
	10.607 2.60283,
	10.6111 2.6118,
	10.6132 2.62137,
	10.6132 2.63113,
	10.6111 2.6407,
	10.607 2.64968,
	10.601 2.65769,
	10.5935 2.66442,
	10.5847 2.66959,
	10.5749 2.67298,
	10.5647 2.67446,
	10.5543 2.67396,
	10.5442 2.67152,
	10.5349 2.66721,
	10.5267 2.66124,
	10.5199 2.65383,
	10.5148 2.64529,
	10.5117 2.63597,
	"/>
</Transform>

<Transform dim="1"
 xcoef=" 0.270500881856401 1 0 0 0 0"
 ycoef=" 0.415158689352914 0 1 0 0 0">
<Contour name="D058" hidden="false" closed="true" simplified="true" border="0 0 1" fill="0 0 1" mode="11"
 points="5.30608 10.7652,
	5.30877 10.7497,
	5.31657 10.7357,
	5.32877 10.7244,
	5.34423 10.7169,
	5.36151 10.7139,
	5.37899 10.7157,
	5.39504 10.7221,
	5.40818 10.7325,
	5.41717 10.746,
	5.42118 10.7613,
	5.41983 10.7769,
	5.41325 10.7915,
	5.40206 10.8036,
	5.38729 10.8121,
	5.37032 10.8163,
	5.35274 10.8157,
	5.33618 10.8104,
	5.32219 10.8008,
	5.31206 10.788,
	"/>
</Transform>

<Transform dim="1"
 xcoef=" 0.218686781934051 1 0 0 0 0"
 ycoef=" -0.192975220262033 0 1 0 0 0">
<Contour name="d020_p12" hidden="false" closed="true" simplified="true" border="1 1 0" fill="1 1 0" mode="11"
 points="9.67347 6.08153,
	9.67992 6.05725,
	9.68789 6.03298,
	9.69813 6.0087,
	9.70306 5.99656,
	9.70572 5.99049,
	9.71217 5.96621,
	9.71786 5.94194,
	9.72127 5.9298,
	9.72544 5.91766,
	9.7262 5.91462,
	9.72772 5.91159,
	9.73379 5.90552,
	9.73682 5.90248,
	9.73834 5.90097,
	9.75048 5.89452,
	9.76262 5.88921,
	9.76869 5.88731,
	9.77172 5.88617,
	9.78386 5.88503,
	9.78993 5.88352,
	9.81421 5.88276,
	9.82635 5.8839,
	9.83242 5.88428,
	9.83545 5.88428,
	9.85973 5.88845,
	9.87187 5.893,
	9.87794 5.8949,
	9.88097 5.89604,
	9.88249 5.89679,
	9.88856 5.89755,
	9.89463 5.89983,
	9.90677 5.90211,
	9.9189 5.90666,
	9.92497 5.90931,
	9.93711 5.91311,
	9.94925 5.91804,
	9.95532 5.92107,
	9.96139 5.92676,
	9.96936 5.9389,
	9.97277 5.94497,
	9.97505 5.95711,
	9.97581 5.96014,
	9.97581 5.96166,
	9.9777 5.96773,
	9.97808 5.97987,
	9.97846 5.98594,
	9.9777 5.99808,
	9.97656 6.00415,
	9.97581 6.00718,
	9.97049 6.01932,
	9.96632 6.03146,
	9.9648 6.03753,
	9.96367 6.04967,
	9.96367 6.07394,
	9.96367 6.08608,
	9.96367 6.09215,
	9.96177 6.10429,
	9.95798 6.11643,
	9.9557 6.1225,
	9.94394 6.13464,
	9.94091 6.13654,
	9.93939 6.13729,
	9.93635 6.13995,
	9.92422 6.14488,
	9.91815 6.1464,
	9.86959 6.15474,
	9.84531 6.1574,
	9.83317 6.15778,
	9.82104 6.16081,
	9.81497 6.16195,
	9.81193 6.16309,
	9.81041 6.16347,
	9.79828 6.17219,
	9.79221 6.17675,
	9.78007 6.18775,
	9.77703 6.1904,
	9.76489 6.19761,
	9.75882 6.19988,
	9.75579 6.20102,
	9.75427 6.20178,
	9.74213 6.2033,
	9.73606 6.20482,
	9.72393 6.20482,
	9.72241 6.20482,
	9.71027 6.19761,
	9.70496 6.19154,
	9.7023 6.1885,
	9.68903 6.16423,
	9.68258 6.15209,
	9.67727 6.13995,
	9.67461 6.12781,
	9.67347 6.11567,
	9.67347 6.09139,
	9.67347 6.08532,
	9.67347 6.08229,
	9.67347 6.08191,
	"/>
</Transform>

<Transform dim="1"
 xcoef=" 0.218686781934051 1 0 0 0 0"
 ycoef=" -0.192975220262033 0 1 0 0 0">
<Contour name="d020_p11" hidden="false" closed="true" simplified="true" border="1 1 0" fill="1 1 0" mode="11"
 points="10.8771 5.86033,
	10.8857 5.8486,
	10.892 5.84391,
	10.8982 5.84078,
	10.9006 5.83844,
	10.9021 5.83844,
	10.9138 5.83062,
	10.9389 5.81889,
	10.9451 5.81655,
	10.9482 5.81498,
	10.9498 5.81498,
	10.9514 5.81342,
	10.9545 5.81342,
	10.967 5.80795,
	10.9795 5.8056,
	10.992 5.80482,
	11.0045 5.80248,
	11.0546 5.80169,
	11.0671 5.80169,
	11.0733 5.80169,
	11.0796 5.80326,
	11.1046 5.80404,
	11.1171 5.8056,
	11.1202 5.8056,
	11.1234 5.80717,
	11.1359 5.80873,
	11.1484 5.81186,
	11.1609 5.81342,
	11.1734 5.81733,
	11.1797 5.81811,
	11.1859 5.82046,
	11.1922 5.82124,
	11.1953 5.8228,
	11.2203 5.82827,
	11.2328 5.83297,
	11.2391 5.83687,
	11.2445 5.84313,
	11.2461 5.84626,
	11.2477 5.84782,
	11.2547 5.87284,
	11.2547 5.88535,
	11.2524 5.89785,
	11.2485 5.91036,
	11.2469 5.91193,
	11.2469 5.91349,
	11.2367 5.92522,
	11.2242 5.926,
	11.2117 5.92522,
	11.2086 5.92365,
	11.2023 5.92287,
	11.1898 5.91896,
	11.1773 5.91662,
	11.1742 5.91662,
	11.164 5.92834,
	11.1601 5.9346,
	11.1578 5.94085,
	11.1578 5.94711,
	11.1578 5.95023,
	11.1593 5.95336,
	11.1656 5.95883,
	11.1773 5.96743,
	11.1828 5.97291,
	11.1898 5.98541,
	11.1906 5.99167,
	11.1922 5.9948,
	11.1929 6.00731,
	11.1929 6.01356,
	11.1875 6.02529,
	11.1859 6.03154,
	11.1789 6.04327,
	11.1742 6.04952,
	11.1687 6.05343,
	11.1656 6.05656,
	11.1531 6.06359,
	11.1406 6.0675,
	11.1281 6.0675,
	11.1155 6.06359,
	11.114 6.06203,
	11.1109 6.06125,
	11.0983 6.05265,
	11.0968 6.05265,
	11.0741 6.03545,
	11.0624 6.0245,
	11.0522 6.01434,
	11.0358 5.99011,
	11.0311 5.98463,
	11.0295 5.98151,
	11.0069 5.96196,
	11.0038 5.9604,
	11.0022 5.9604,
	10.9991 5.95805,
	10.9959 5.95727,
	10.9944 5.95571,
	10.9443 5.94242,
	10.9318 5.93929,
	10.9287 5.93694,
	10.9256 5.93616,
	10.9224 5.93382,
	10.9209 5.93382,
	10.9084 5.92444,
	10.8966 5.91271,
	10.8912 5.90724,
	10.8826 5.89551,
	10.8787 5.88925,
	10.8771 5.87675,
	10.8771 5.86424,
	10.8771 5.86111,
	"/>
</Transform>

<Transform dim="1"
 xcoef=" 0.218686781934051 1 0 0 0 0"
 ycoef=" -0.192975220262033 0 1 0 0 0">
<Contour name="d020" hidden="false" closed="true" simplified="true" border="1 1 0" fill="1 1 0" mode="11"
 points="9.74403 5.45243,
	9.7453 5.45098,
	9.74603 5.45025,
	9.74766 5.44445,
	9.74839 5.44155,
	9.74875 5.44082,
	9.7502 5.43937,
	9.75092 5.43864,
	9.75238 5.43284,
	9.75292 5.42994,
	9.75328 5.42921,
	9.75473 5.42794,
	9.75546 5.42722,
	9.75909 5.41561,
	9.7609 5.4098,
	9.76144 5.4069,
	9.76362 5.38369,
	9.76471 5.37208,
	9.76797 5.36627,
	9.7687 5.36482,
	9.76906 5.3641,
	9.77995 5.35249,
	9.78267 5.34959,
	9.78394 5.34814,
	9.79554 5.34015,
	9.80135 5.33635,
	9.81296 5.33054,
	9.81876 5.32764,
	9.83037 5.32311,
	9.83327 5.32165,
	9.834 5.32129,
	9.83545 5.32129,
	9.83617 5.32111,
	9.83762 5.31966,
	9.83835 5.31893,
	9.86157 5.31023,
	9.86447 5.30914,
	9.86592 5.3086,
	9.88914 5.30787,
	9.90074 5.30751,
	9.91235 5.30751,
	9.91816 5.30751,
	9.92106 5.30751,
	9.94427 5.31331,
	9.95588 5.31621,
	9.95879 5.31676,
	9.97039 5.31748,
	9.9762 5.31785,
	9.982 5.31857,
	9.9849 5.31893,
	10.0081 5.31404,
	10.0197 5.3115,
	10.0226 5.31095,
	10.0458 5.30225,
	10.0575 5.29789,
	10.0589 5.29735,
	10.0618 5.29517,
	10.0633 5.29408,
	10.0691 5.29173,
	10.072 5.29064,
	10.0749 5.29009,
	10.0981 5.28792,
	10.1097 5.28683,
	10.1213 5.28756,
	10.1271 5.28792,
	10.1286 5.28792,
	10.1402 5.29009,
	10.146 5.29118,
	10.1518 5.29136,
	10.1547 5.29136,
	10.1561 5.29155,
	10.159 5.293,
	10.1605 5.29372,
	10.1837 5.2988,
	10.1953 5.30134,
	10.2069 5.30297,
	10.2127 5.3037,
	10.2156 5.30406,
	10.2272 5.30751,
	10.233 5.30932,
	10.2388 5.3115,
	10.2417 5.31259,
	10.2432 5.31331,
	10.2446 5.31331,
	10.2454 5.31331,
	10.2483 5.31567,
	10.2541 5.31712,
	10.257 5.31785,
	10.2582 5.31912,
	10.259 5.31984,
	10.2593 5.3202,
	10.2709 5.32165,
	10.2767 5.3222,
	10.2796 5.32238,
	10.3029 5.32165,
	10.3145 5.32129,
	10.3261 5.32057,
	10.3319 5.3202,
	10.3435 5.32075,
	10.3493 5.32111,
	10.3522 5.32147,
	10.3638 5.3251,
	10.3696 5.32691,
	10.3711 5.3271,
	10.3718 5.3271,
	10.3721 5.3271,
	10.3838 5.33762,
	10.3894 5.34324,
	10.4001 5.35485,
	10.4013 5.3563,
	10.4084 5.36791,
	10.4121 5.37371,
	10.4166 5.37951,
	10.4188 5.38242,
	10.4247 5.39402,
	10.4262 5.39693,
	10.4287 5.39983,
	10.4331 5.41144,
	10.4353 5.41724,
	10.438 5.42305,
	10.4394 5.42595,
	10.4402 5.4274,
	10.4402 5.42885,
	10.4403 5.42957,
	10.4416 5.43103,
	10.4423 5.43175,
	10.446 5.44336,
	10.4478 5.44916,
	10.4485 5.45061,
	10.4569 5.46222,
	10.4579 5.46512,
	10.4583 5.46658,
	10.4585 5.4673,
	10.4612 5.46948,
	10.4627 5.47057,
	10.4659 5.47637,
	10.4674 5.47927,
	10.4677 5.48,
	10.4677 5.48145,
	10.4677 5.48217,
	10.469 5.48308,
	10.4697 5.48344,
	10.4701 5.48616,
	10.4773 5.49777,
	10.481 5.50358,
	10.487 5.51519,
	10.4899 5.52099,
	10.4911 5.52389,
	10.4919 5.52679,
	10.492 5.52752,
	10.4957 5.53332,
	10.4975 5.53623,
	10.4997 5.54203,
	10.5007 5.54493,
	10.5009 5.54566,
	10.5156 5.56887,
	10.5194 5.57468,
	10.5212 5.57758,
	10.5221 5.57903,
	10.5227 5.57976,
	10.5231 5.58266,
	10.5245 5.58411,
	10.5252 5.58483,
	10.5252 5.58629,
	10.5252 5.58701,
	10.5274 5.58991,
	10.5285 5.59136,
	10.5323 5.60297,
	10.5341 5.60878,
	10.5358 5.62039,
	10.5363 5.62619,
	10.5367 5.62909,
	10.5359 5.6407,
	10.5356 5.6465,
	10.5336 5.65231,
	10.5325 5.65521,
	10.5318 5.65666,
	10.5296 5.65956,
	10.529 5.66029,
	10.5287 5.66065,
	10.5287 5.6621,
	10.5287 5.66283,
	10.5216 5.67444,
	10.518 5.68024,
	10.5171 5.68169,
	10.5163 5.68459,
	10.516 5.68604,
	10.5131 5.68895,
	10.5125 5.68967,
	10.5111 5.69548,
	10.5104 5.69838,
	10.5102 5.70128,
	10.5111 5.7245,
	10.5114 5.7361,
	10.5129 5.74771,
	10.5136 5.75352,
	10.5124 5.75932,
	10.5116 5.76222,
	10.5111 5.76367,
	10.5067 5.76948,
	10.5046 5.77238,
	10.4987 5.77692,
	10.4973 5.77818,
	10.4944 5.77891,
	10.4929 5.77927,
	10.4915 5.78072,
	10.4908 5.78145,
	10.4893 5.78145,
	10.4886 5.78145,
	10.4857 5.78399,
	10.4741 5.78762,
	10.4683 5.78943,
	10.4625 5.79324,
	10.4509 5.79614,
	10.4451 5.79759,
	10.4422 5.79886,
	10.4407 5.79959,
	10.4378 5.80213,
	10.4349 5.80285,
	10.4335 5.8034,
	10.4327 5.80376,
	10.4211 5.81319,
	10.4153 5.81791,
	10.4095 5.82208,
	10.4066 5.82426,
	10.3957 5.83586,
	10.393 5.83877,
	10.3917 5.84022,
	10.3888 5.84149,
	10.3874 5.84221,
	10.3847 5.84475,
	10.3832 5.84475,
	10.3825 5.84475,
	10.3767 5.84838,
	10.3738 5.85019,
	10.3709 5.8511,
	10.3477 5.85618,
	10.3361 5.85854,
	10.3128 5.86071,
	10.3012 5.8618,
	10.2983 5.86198,
	10.2867 5.86126,
	10.2809 5.86089,
	10.278 5.86089,
	10.2766 5.86071,
	10.2751 5.85926,
	10.2744 5.85854,
	10.2686 5.85708,
	10.2657 5.85654,
	10.2599 5.85364,
	10.257 5.85219,
	10.2555 5.85146,
	10.2439 5.84802,
	10.2381 5.8462,
	10.2352 5.84584,
	10.2338 5.84439,
	10.233 5.84366,
	10.2301 5.84366,
	10.2287 5.84366,
	10.2258 5.84239,
	10.2243 5.84167,
	10.2236 5.8413,
	10.2221 5.8413,
	10.2214 5.8413,
	10.2185 5.83913,
	10.2171 5.83804,
	10.2055 5.83332,
	10.2026 5.83205,
	10.2011 5.83205,
	10.2007 5.83205,
	10.1993 5.83078,
	10.1986 5.83006,
	10.187 5.82552,
	10.1812 5.82335,
	10.1797 5.82299,
	10.1783 5.82299,
	10.1775 5.8228,
	10.1746 5.82063,
	10.1732 5.81954,
	10.1616 5.81446,
	10.1558 5.81192,
	10.15 5.80848,
	10.1471 5.80666,
	10.1456 5.80575,
	10.1398 5.80394,
	10.1282 5.79723,
	10.1224 5.79396,
	10.1166 5.78961,
	10.1137 5.78744,
	10.1021 5.78054,
	10.0963 5.7771,
	10.0934 5.77528,
	10.0905 5.77383,
	10.0876 5.77184,
	10.0643 5.75188,
	10.0585 5.74699,
	10.0527 5.74173,
	10.0498 5.73883,
	10.044 5.7352,
	10.0411 5.73338,
	10.0382 5.73066,
	10.0375 5.72994,
	10.0259 5.72468,
	10.0201 5.72214,
	10.0085 5.71887,
	9.99687 5.71361,
	9.99107 5.71107,
	9.98527 5.7089,
	9.98236 5.70781,
	9.97076 5.70146,
	9.96495 5.6982,
	9.96205 5.69638,
	9.9606 5.69548,
	9.9392 5.67244,
	9.93394 5.66664,
	9.92831 5.66083,
	9.92251 5.65539,
	9.91671 5.65122,
	9.91525 5.65013,
	9.9138 5.64868,
	9.91308 5.64795,
	9.91163 5.64795,
	9.9109 5.64795,
	9.9051 5.64396,
	9.90365 5.64306,
	9.90074 5.64034,
	9.90038 5.63997,
	9.89748 5.63925,
	9.89603 5.63889,
	9.89313 5.63689,
	9.89167 5.6358,
	9.89095 5.63526,
	9.88515 5.63308,
	9.88224 5.63199,
	9.88079 5.63199,
	9.88007 5.63199,
	9.8797 5.63199,
	9.87843 5.63054,
	9.87771 5.62982,
	9.8719 5.62891,
	9.869 5.62855,
	9.86828 5.62855,
	9.86537 5.62565,
	9.86465 5.6251,
	9.86175 5.62419,
	9.8603 5.62383,
	9.85739 5.62184,
	9.85594 5.62075,
	9.85558 5.62039,
	9.85268 5.61966,
	9.85123 5.6193,
	9.84542 5.61585,
	9.84252 5.61404,
	9.8418 5.61349,
	9.84034 5.61349,
	9.83962 5.61349,
	9.82801 5.60497,
	9.82221 5.60061,
	9.81187 5.58919,
	9.80679 5.58338,
	9.80135 5.57758,
	9.79718 5.57178,
	9.79228 5.56597,
	9.7707 5.54276,
	9.76525 5.53695,
	9.76018 5.53115,
	9.75782 5.52824,
	9.75709 5.52534,
	9.75673 5.52389,
	9.75546 5.52262,
	9.75473 5.5219,
	9.75437 5.52153,
	9.75437 5.52008,
	9.75437 5.51936,
	9.7531 5.51791,
	9.75238 5.51718,
	9.75201 5.51682,
	9.74693 5.4936,
	9.7444 5.48199,
	9.74403 5.47909,
	9.74403 5.45587,
	9.74403 5.45297,
	9.74403 5.45261,
	"/>
</Transform>

<Transform dim="1"
 xcoef=" 0.218686781934051 1 0 0 0 0"
 ycoef=" -0.192975220262033 0 1 0 0 0">
<Contour name="d020_cfa12" hidden="false" closed="false" simplified="false" border="0 1 0" fill="0 1 0" mode="11"
 points="9.73028 5.93762,
	9.72371 5.97921,
	9.72006 5.99819,
	9.70181 6.05219,
	"/>
</Transform>

<Transform dim="1"
 xcoef=" 0.218686781934051 1 0 0 0 0"
 ycoef=" -0.192975220262033 0 1 0 0 0">
<Contour name="d020_c12" hidden="false" closed="true" simplified="true" border="1 0 0" fill="1 0 0" mode="11"
 points="9.64801 6.00775,
	9.64947 5.99607,
	9.6575 5.97272,
	9.66187 5.96104,
	9.66479 5.94936,
	9.66625 5.94352,
	9.66698 5.9406,
	9.66917 5.93769,
	9.67501 5.93404,
	9.67793 5.93185,
	9.70128 5.93185,
	9.71296 5.93258,
	9.73631 5.93696,
	9.75967 5.95958,
	9.76259 5.9625,
	9.76405 5.97418,
	9.76332 5.98001,
	9.74434 6.02672,
	9.74142 6.03256,
	9.74069 6.03548,
	9.71807 6.05518,
	9.71661 6.05591,
	9.69326 6.0508,
	9.6699 6.04351,
	9.65823 6.03913,
	9.65604 6.03694,
	9.65166 6.02526,
	9.64874 6.01358,
	9.64801 6.00848,
	"/>
</Transform>

<Transform dim="1"
 xcoef=" 0.218686781934051 1 0 0 0 0"
 ycoef=" -0.192975220262033 0 1 0 0 0">
<Contour name="d020_cfa14" hidden="false" closed="false" simplified="false" border="0 1 0" fill="0 1 0" mode="11"
 points="9.80379 6.33454,
	9.84396 6.33907,
	9.92032 6.35943,
	9.96727 6.37527,
	10.0572 6.41487,
	"/>
</Transform>

<Transform dim="1"
 xcoef=" 0.218686781934051 1 0 0 0 0"
 ycoef=" -0.192975220262033 0 1 0 0 0">
<Contour name="d020_c14" hidden="false" closed="true" simplified="true" border="1 0 0" fill="1 0 0" mode="11"
 points="9.79796 6.38301,
	9.79966 6.34681,
	9.80022 6.33776,
	9.80022 6.33323,
	9.80022 6.3321,
	9.80927 6.32305,
	9.81153 6.32079,
	9.84774 6.32249,
	9.85226 6.32249,
	9.88847 6.32984,
	9.89752 6.33154,
	9.96992 6.35247,
	10.0061 6.36265,
	10.0107 6.36378,
	10.0469 6.38358,
	10.0559 6.38867,
	10.0604 6.40677,
	10.0599 6.40903,
	10.0372 6.44524,
	10.0265 6.46334,
	10.0248 6.46786,
	10.0231 6.46956,
	10.005 6.47352,
	9.99594 6.47522,
	9.99142 6.47635,
	9.95521 6.47578,
	9.93711 6.47182,
	9.92806 6.47013,
	9.85566 6.4458,
	9.85113 6.44467,
	9.83303 6.43675,
	9.8285 6.43449,
	9.8104 6.42091,
	9.80305 6.41186,
	9.79796 6.40281,
	9.79796 6.38471,
	9.79796 6.38358,
	"/>
</Transform>

<Transform dim="0"
 xcoef=" 0 1 0 0 0 0"
 ycoef=" 0 0 1 0 0 0">
<Contour name="d020_p14" hidden="false" closed="true" simplified="true" border="1 1 0" fill="1 1 0" mode="11"
 points="9.47486 6.41733,
	9.47877 6.40769,
	9.47968 6.40528,
	9.48058 6.40437,
	9.49023 6.40076,
	9.49143 6.40015,
	9.51072 6.40046,
	9.52036 6.40076,
	9.52519 6.40106,
	9.53001 6.40196,
	9.53242 6.40226,
	9.53724 6.40407,
	9.54689 6.40859,
	9.55653 6.41251,
	9.56617 6.41583,
	9.57582 6.41703,
	9.57642 6.41703,
	9.57883 6.41492,
	9.58366 6.41221,
	9.60294 6.40407,
	9.60535 6.40317,
	9.60777 6.40136,
	9.61229 6.39654,
	9.61711 6.39232,
	9.62193 6.3887,
	9.62675 6.38569,
	9.6364 6.38207,
	9.64122 6.38026,
	9.66051 6.37544,
	9.66292 6.37454,
	9.68221 6.37484,
	9.7015 6.37936,
	9.74007 6.38991,
	9.74489 6.39081,
	9.76418 6.39172,
	9.78347 6.39202,
	9.78588 6.39232,
	9.7907 6.39383,
	9.80999 6.39503,
	9.81964 6.39563,
	9.82928 6.39684,
	9.83893 6.39865,
	9.84375 6.39955,
	9.84616 6.39985,
	9.85098 6.40166,
	9.85339 6.40257,
	9.85821 6.40528,
	9.86063 6.40678,
	9.86726 6.41643,
	9.87057 6.42125,
	9.87178 6.42366,
	9.87509 6.43331,
	9.8769 6.43813,
	9.88142 6.45742,
	9.88293 6.46706,
	9.88383 6.47671,
	9.88956 6.49599,
	9.89076 6.50082,
	9.89137 6.50323,
	9.89981 6.52252,
	9.90402 6.53216,
	9.90674 6.5418,
	9.90734 6.54421,
	9.90915 6.54663,
	9.91126 6.56591,
	9.91216 6.57556,
	9.91216 6.5852,
	9.91216 6.59002,
	9.91216 6.59123,
	9.90915 6.60087,
	9.90734 6.6057,
	9.90161 6.61534,
	9.8983 6.62016,
	9.89348 6.62468,
	9.89107 6.62559,
	9.88624 6.6286,
	9.88383 6.63011,
	9.87901 6.63162,
	9.8778 6.63222,
	9.86816 6.63282,
	9.86334 6.63312,
	9.85852 6.63282,
	9.83923 6.62408,
	9.83441 6.62167,
	9.82958 6.61986,
	9.82717 6.61866,
	9.81753 6.61564,
	9.81271 6.61474,
	9.81029 6.61444,
	9.80788 6.61353,
	9.80668 6.61293,
	9.78739 6.60961,
	9.77775 6.60811,
	9.75846 6.60298,
	9.73917 6.59696,
	9.71988 6.59033,
	9.71024 6.58641,
	9.70903 6.5855,
	9.68974 6.57948,
	9.6801 6.57646,
	9.67769 6.57586,
	9.67528 6.57435,
	9.65599 6.56802,
	9.64634 6.56501,
	9.64514 6.56441,
	9.64393 6.5632,
	9.64152 6.562,
	9.62223 6.55597,
	9.61259 6.55326,
	9.60294 6.55145,
	9.59812 6.55024,
	9.5933 6.54843,
	9.57401 6.54663,
	9.5716 6.54663,
	9.56919 6.54753,
	9.56437 6.55054,
	9.56316 6.55145,
	9.56256 6.55235,
	9.56015 6.55446,
	9.5505 6.55748,
	9.54568 6.55898,
	9.54086 6.55989,
	9.53604 6.55989,
	9.53363 6.55928,
	9.5288 6.55928,
	9.5276 6.55898,
	9.527 6.55898,
	9.52217 6.55506,
	9.51735 6.55175,
	9.51584 6.54964,
	9.51404 6.54482,
	9.51373 6.53517,
	9.51705 6.52553,
	9.51765 6.52312,
	9.51765 6.5183,
	9.51946 6.49901,
	9.52006 6.48936,
	9.52006 6.48454,
	9.52006 6.48213,
	9.51615 6.47249,
	9.51524 6.47007,
	9.51464 6.46887,
	9.49535 6.45109,
	9.48601 6.44235,
	9.47877 6.4327,
	9.47546 6.42788,
	9.47486 6.41824,
	9.47486 6.41763,
	"/>
</Transform>

</Section>