<?xml version="1.0"?>
<!DOCTYPE Section SYSTEM "section.dtd">

<Section index="44" thickness="0.052" alignLocked="true">
<Transform dim="1"
 xcoef=" 0.975840606349813 1 0 0 0 0"
 ycoef=" 0.498750399971052 0 1 0 0 0">
<Image mag="0.00201646" contrast="1.62889" brightness="-0.54" red="true" green="true" blue="true"
 src="044____z43.0.tif" />
<Contour name="domain1" hidden="false" closed="true" simplified="false" border="1 0 1" fill="1 0 1" mode="11"
 points="0 0,
	9551 0,
	9551 5063,
	0 5063,
	"/>
</Transform>

<Transform dim="3"
 xcoef=" 1.22425450812179 1.25456401399526 0 0 0 0"
 ycoef=" 0.625714303769419 0 1.25456401399526 0 0 0">
<Contour name="D019" hidden="false" closed="true" simplified="true" border="0 0 1" fill="0 0 1" mode="13"
 points="9.25335 6.17294,
	9.25683 6.14463,
	9.2672 6.11711,
	9.28415 6.09115,
	9.30721 6.06748,
	9.33573 6.04677,
	9.36893 6.02959,
	9.40586 6.01643,
	9.44549 6.00765,
	9.48672 6.0035,
	9.52838 6.00409,
	9.56931 6.00942,
	9.60837 6.01932,
	9.64446 6.03353,
	9.67657 6.05164,
	9.7038 6.07315,
	9.72539 6.09745,
	9.74073 6.12387,
	9.74939 6.15166,
	9.75114 6.18005,
	9.74592 6.20824,
	9.73387 6.23544,
	9.71534 6.26089,
	9.69085 6.28388,
	9.66107 6.30376,
	9.62685 6.31997,
	9.58915 6.33207,
	9.54901 6.33971,
	9.50757 6.34268,
	9.46598 6.3409,
	9.4254 6.33441,
	9.38699 6.3234,
	9.3518 6.30817,
	9.32083 6.28916,
	9.29495 6.26689,
	9.27487 6.242,
	9.26117 6.21516,
	"/>
</Transform>

<Transform dim="3"
 xcoef=" 1.22425450812179 1.25456401399526 0 0 0 0"
 ycoef=" 0.625714303769419 0 1.25456401399526 0 0 0">
<Contour name="D021" hidden="false" closed="true" simplified="true" border="0 0 1" fill="0 0 1" mode="13"
 points="8.10071 7.80434,
	8.10414 7.7646,
	8.11432 7.72622,
	8.13089 7.6905,
	8.15329 7.65865,
	8.18076 7.63177,
	8.21236 7.61076,
	8.24703 7.59634,
	8.28357 7.58901,
	8.32074 7.58901,
	8.35728 7.59634,
	8.39194 7.61076,
	8.42354 7.63177,
	8.45102 7.65865,
	8.47342 7.6905,
	8.48999 7.72622,
	8.50016 7.7646,
	8.50359 7.80434,
	8.50016 7.84407,
	8.48999 7.88246,
	8.47342 7.91818,
	8.45102 7.95002,
	8.42354 7.97691,
	8.39194 7.99792,
	8.35728 8.01233,
	8.32074 8.01966,
	8.28357 8.01966,
	8.24703 8.01233,
	8.21236 7.99792,
	8.18076 7.97691,
	8.15329 7.95002,
	8.13089 7.91818,
	8.11432 7.88246,
	8.10414 7.84407,
	"/>
</Transform>

<Transform dim="3"
 xcoef=" 1.22425450812179 1.25456401399526 0 0 0 0"
 ycoef=" 0.625714303769419 0 1.25456401399526 0 0 0">
<Contour name="D023" hidden="false" closed="true" simplified="true" border="0 0 1" fill="0 0 1" mode="13"
 points="10.7447 5.45707,
	10.7452 5.44068,
	10.7469 5.42436,
	10.7495 5.40814,
	10.7533 5.39211,
	10.758 5.3763,
	10.7638 5.36078,
	10.7706 5.3456,
	10.7784 5.33082,
	10.7872 5.31648,
	10.7968 5.30265,
	10.8074 5.28936,
	10.8188 5.27666,
	10.831 5.26461,
	10.844 5.25323,
	10.8577 5.24258,
	10.872 5.23269,
	10.887 5.2236,
	10.9026 5.21533,
	10.9187 5.20792,
	10.9352 5.2014,
	10.9521 5.19578,
	10.9694 5.19109,
	10.9869 5.18734,
	11.0047 5.18454,
	11.0226 5.18272,
	11.0406 5.18186,
	11.0586 5.18199,
	11.0766 5.18308,
	11.0945 5.18515,
	11.1122 5.18819,
	11.1297 5.19217,
	11.1469 5.1971,
	11.1637 5.20295,
	11.1801 5.20969,
	11.1961 5.21732,
	11.2115 5.2258,
	11.2264 5.23509,
	11.2406 5.24518,
	11.2541 5.25601,
	11.2669 5.26756,
	11.2789 5.27978,
	11.2901 5.29262,
	11.3004 5.30606,
	11.3099 5.32002,
	11.3184 5.33448,
	11.3259 5.34936,
	11.3325 5.36463,
	11.338 5.38023,
	11.3425 5.3961,
	11.346 5.41218,
	11.3484 5.42843,
	11.3497 5.44477,
	11.35 5.46116,
	11.3492 5.47754,
	11.3473 5.49384,
	11.3444 5.51001,
	11.3404 5.526,
	11.3354 5.54174,
	11.3293 5.55718,
	11.3223 5.57226,
	11.3142 5.58694,
	11.3053 5.60116,
	11.2954 5.61486,
	11.2846 5.62801,
	11.273 5.64055,
	11.2606 5.65243,
	11.2474 5.66363,
	11.2336 5.67409,
	11.219 5.68379,
	11.2039 5.69268,
	11.1882 5.70073,
	11.172 5.70792,
	11.1554 5.71422,
	11.1383 5.71961,
	11.121 5.72407,
	11.1034 5.72758,
	11.0856 5.73014,
	11.0676 5.73172,
	11.0496 5.73233,
	11.0316 5.73196,
	11.0136 5.73062,
	10.9958 5.72831,
	10.9781 5.72504,
	10.9607 5.72082,
	10.9436 5.71566,
	10.9269 5.70958,
	10.9106 5.70261,
	10.8947 5.69477,
	10.8795 5.68609,
	10.8648 5.67659,
	10.8507 5.66632,
	10.8374 5.6553,
	10.8248 5.64358,
	10.813 5.6312,
	10.802 5.6182,
	10.7919 5.60463,
	10.7827 5.59054,
	10.7744 5.57597,
	10.7671 5.56099,
	10.7608 5.54563,
	10.7555 5.52996,
	10.7513 5.51403,
	10.7481 5.4979,
	10.7459 5.48162,
	"/>
</Transform>

<Transform dim="3"
 xcoef=" 1.22425450812179 1.25456401399526 0 0 0 0"
 ycoef=" 0.625714303769419 0 1.25456401399526 0 0 0">
<Contour name="D024_edge" hidden="false" closed="true" simplified="true" border="0 0 1" fill="0 0 1" mode="13"
 points="15.4501 12.4488,
	15.4506 12.4356,
	15.452 12.4224,
	15.4543 12.4094,
	15.4575 12.3966,
	15.4616 12.384,
	15.4666 12.3718,
	15.4724 12.36,
	15.479 12.3485,
	15.4865 12.3376,
	15.4946 12.3273,
	15.5035 12.3175,
	15.513 12.3084,
	15.5232 12.3,
	15.5339 12.2924,
	15.5451 12.2855,
	15.5568 12.2795,
	15.5689 12.2742,
	15.5813 12.2699,
	15.594 12.2664,
	15.6069 12.2639,
	15.6199 12.2622,
	15.633 12.2615,
	15.6462 12.2618,
	15.6593 12.2629,
	15.6723 12.265,
	15.6851 12.268,
	15.6976 12.2719,
	15.7099 12.2767,
	15.7217 12.2824,
	15.7332 12.2889,
	15.7442 12.2961,
	15.7546 12.3042,
	15.7645 12.3129,
	15.7737 12.3223,
	15.7822 12.3324,
	15.79 12.343,
	15.797 12.3542,
	15.8033 12.3658,
	15.8087 12.3779,
	15.8132 12.3903,
	15.8169 12.403,
	15.8197 12.4159,
	15.8215 12.429,
	15.8224 12.4422,
	15.8224 12.4554,
	15.8215 12.4686,
	15.8197 12.4817,
	15.8169 12.4946,
	15.8132 12.5073,
	15.8087 12.5197,
	15.8033 12.5317,
	15.797 12.5434,
	15.79 12.5545,
	15.7822 12.5652,
	15.7737 12.5752,
	15.7645 12.5847,
	15.7546 12.5934,
	15.7442 12.6014,
	15.7332 12.6087,
	15.7217 12.6152,
	15.7099 12.6208,
	15.6976 12.6256,
	15.6851 12.6295,
	15.6723 12.6325,
	15.6593 12.6346,
	15.6462 12.6358,
	15.633 12.636,
	15.6199 12.6353,
	15.6069 12.6337,
	15.594 12.6311,
	15.5813 12.6277,
	15.5689 12.6233,
	15.5568 12.6181,
	15.5451 12.612,
	15.5339 12.6052,
	15.5232 12.5975,
	15.513 12.5891,
	15.5035 12.58,
	15.4946 12.5703,
	15.4865 12.5599,
	15.479 12.549,
	15.4724 12.5376,
	15.4666 12.5257,
	15.4616 12.5135,
	15.4575 12.501,
	15.4543 12.4881,
	15.452 12.4751,
	"/>
</Transform>

<Transform dim="3"
 xcoef=" 1.22425450812179 1.25456401399526 0 0 0 0"
 ycoef=" 0.625714303769419 0 1.25456401399526 0 0 0">
<Contour name="D025" hidden="false" closed="true" simplified="true" border="0 0 1" fill="0 0 1" mode="13"
 points="5.6426 5.2547,
	5.64423 5.23717,
	5.64909 5.21986,
	5.65713 5.20299,
	5.66825 5.18679,
	5.68229 5.17145,
	5.69909 5.15718,
	5.71842 5.14417,
	5.74004 5.13256,
	5.76367 5.12252,
	5.78901 5.11417,
	5.81573 5.10762,
	5.84349 5.10296,
	5.87194 5.10023,
	5.90072 5.09949,
	5.92944 5.10073,
	5.95776 5.10394,
	5.98529 5.10909,
	6.0117 5.11609,
	6.03664 5.12488,
	6.0598 5.13532,
	6.08087 5.14729,
	6.09959 5.16064,
	6.11571 5.17519,
	6.12904 5.19076,
	6.1394 5.20715,
	6.14666 5.22415,
	6.15072 5.24154,
	6.15153 5.2591,
	6.14909 5.2766,
	6.14342 5.29382,
	6.1346 5.31054,
	6.12274 5.32654,
	6.10799 5.34163,
	6.09054 5.3556,
	6.07061 5.36828,
	6.04846 5.37951,
	6.02437 5.38913,
	5.99866 5.39704,
	5.97164 5.40313,
	5.94367 5.40731,
	5.91511 5.40954,
	5.88631 5.40979,
	5.85766 5.40805,
	5.8295 5.40435,
	5.80222 5.39874,
	5.77614 5.39128,
	5.75162 5.38207,
	5.72896 5.37123,
	5.70845 5.3589,
	5.69036 5.34523,
	5.67492 5.33041,
	5.66232 5.31461,
	5.65272 5.29805,
	5.64626 5.28094,
	"/>
</Transform>

<Transform dim="3"
 xcoef=" 1.22425450812179 1.25456401399526 0 0 0 0"
 ycoef=" 0.625714303769419 0 1.25456401399526 0 0 0">
<Contour name="D026_edge" hidden="false" closed="true" simplified="true" border="0 0 1" fill="0 0 1" mode="13"
 points="2.55862 5.49517,
	2.55965 5.47817,
	2.56274 5.46127,
	2.56786 5.44458,
	2.57498 5.4282,
	2.58407 5.41221,
	2.59506 5.39672,
	2.60789 5.38183,
	2.62249 5.36762,
	2.63877 5.35417,
	2.65662 5.34158,
	2.67594 5.3299,
	2.69662 5.31922,
	2.71853 5.3096,
	2.74154 5.3011,
	2.7655 5.29376,
	2.79029 5.28763,
	2.81574 5.28275,
	2.8417 5.27915,
	2.86802 5.27685,
	2.89454 5.27586,
	2.9211 5.27619,
	2.94755 5.27784,
	2.97371 5.28079,
	2.99943 5.28503,
	3.02457 5.29054,
	3.04896 5.29728,
	3.07247 5.30521,
	3.09494 5.31428,
	3.11625 5.32443,
	3.13627 5.33562,
	3.15487 5.34776,
	3.17195 5.36079,
	3.18739 5.37463,
	3.20112 5.3892,
	3.21304 5.4044,
	3.22309 5.42015,
	3.2312 5.43634,
	3.23733 5.4529,
	3.24143 5.4697,
	3.24349 5.48666,
	3.24349 5.50367,
	3.24143 5.52063,
	3.23733 5.53744,
	3.2312 5.55399,
	3.22309 5.57019,
	3.21304 5.58594,
	3.20112 5.60114,
	3.18739 5.6157,
	3.17195 5.62954,
	3.15487 5.64257,
	3.13627 5.65472,
	3.11625 5.6659,
	3.09494 5.67606,
	3.07247 5.68513,
	3.04896 5.69306,
	3.02457 5.6998,
	2.99943 5.7053,
	2.97371 5.70955,
	2.94755 5.7125,
	2.9211 5.71415,
	2.89454 5.71448,
	2.86802 5.71349,
	2.8417 5.71119,
	2.81574 5.70758,
	2.79029 5.70271,
	2.7655 5.69658,
	2.74154 5.68924,
	2.71853 5.68073,
	2.69662 5.67111,
	2.67594 5.66043,
	2.65662 5.64876,
	2.63877 5.63616,
	2.62249 5.62272,
	2.60789 5.60851,
	2.59506 5.59361,
	2.58407 5.57813,
	2.57498 5.56214,
	2.56786 5.54575,
	2.56274 5.52906,
	"/>
</Transform>

<Transform dim="3"
 xcoef=" 1.22425450812179 1.25456401399526 0 0 0 0"
 ycoef=" 0.625714303769419 0 1.25456401399526 0 0 0">
<Contour name="D029_edge" hidden="false" closed="true" simplified="true" border="0 0 1" fill="0 0 1" mode="13"
 points="11.7473 11.7128,
	11.7484 11.6904,
	11.7517 11.6682,
	11.7572 11.6462,
	11.7648 11.6247,
	11.7745 11.6036,
	11.7863 11.5833,
	11.8 11.5638,
	11.8156 11.5452,
	11.8329 11.5277,
	11.852 11.5113,
	11.8725 11.4962,
	11.8945 11.4824,
	11.9178 11.4701,
	11.9423 11.4593,
	11.9677 11.45,
	11.9939 11.4425,
	12.0208 11.4366,
	12.0483 11.4324,
	12.076 11.4299,
	12.1039 11.4293,
	12.1317 11.4304,
	12.1594 11.4333,
	12.1867 11.4379,
	12.2135 11.4442,
	12.2395 11.4522,
	12.2647 11.4618,
	12.2889 11.473,
	12.3119 11.4857,
	12.3335 11.4999,
	12.3537 11.5153,
	12.3724 11.532,
	12.3893 11.5498,
	12.4044 11.5686,
	12.4176 11.5883,
	12.4289 11.6088,
	12.4381 11.63,
	12.4452 11.6517,
	12.4501 11.6737,
	12.4529 11.696,
	12.4534 11.7184,
	12.4518 11.7408,
	12.4479 11.763,
	12.4419 11.7848,
	12.4337 11.8063,
	12.4235 11.8271,
	12.4113 11.8472,
	12.3971 11.8665,
	12.381 11.8849,
	12.3632 11.9021,
	12.3438 11.9182,
	12.3229 11.933,
	12.3005 11.9464,
	12.2769 11.9584,
	12.2522 11.9688,
	12.2266 11.9776,
	12.2002 11.9848,
	12.1731 11.9903,
	12.1456 11.994,
	12.1178 11.996,
	12.0899 11.9962,
	12.0621 11.9947,
	12.0345 11.9914,
	12.0073 11.9863,
	11.9807 11.9796,
	11.9549 11.9711,
	11.9299 11.9611,
	11.906 11.9495,
	11.8834 11.9365,
	11.8621 11.922,
	11.8422 11.9062,
	11.824 11.8893,
	11.8075 11.8712,
	11.7929 11.8521,
	11.7801 11.8322,
	11.7694 11.8115,
	11.7607 11.7902,
	11.7542 11.7685,
	11.7498 11.7463,
	"/>
</Transform>

<Transform dim="3"
 xcoef=" 1.22425450812179 1.25456401399526 0 0 0 0"
 ycoef=" 0.625714303769419 0 1.25456401399526 0 0 0">
<Contour name="D030_oblique" hidden="false" closed="true" simplified="true" border="0 0 1" fill="0 0 1" mode="13"
 points="11.6689 6.69256,
	11.6709 6.67762,
	11.6767 6.66312,
	11.6862 6.6495,
	11.6991 6.63714,
	11.7151 6.62642,
	11.7336 6.61766,
	11.7541 6.61111,
	11.776 6.60697,
	11.7987 6.60536,
	11.8214 6.60633,
	11.8436 6.60985,
	11.8645 6.61581,
	11.8836 6.62404,
	11.9002 6.63429,
	11.9139 6.64627,
	11.9243 6.65962,
	11.9311 6.67394,
	11.934 6.68881,
	11.933 6.70379,
	11.9282 6.71844,
	11.9196 6.73233,
	11.9074 6.74504,
	11.8922 6.7562,
	11.8743 6.76547,
	11.8542 6.7726,
	11.8326 6.77735,
	11.8101 6.7796,
	11.7873 6.77928,
	11.7649 6.77639,
	11.7436 6.77103,
	11.724 6.76335,
	11.7067 6.75357,
	11.6922 6.74199,
	11.681 6.72895,
	11.6733 6.71484,
	"/>
</Transform>

<Transform dim="3"
 xcoef=" 1.22425450812179 1.25456401399526 0 0 0 0"
 ycoef=" 0.625714303769419 0 1.25456401399526 0 0 0">
<Contour name="D031_oblique" hidden="false" closed="true" simplified="true" border="0 0 1" fill="0 0 1" mode="13"
 points="13.7385 7.78013,
	13.7401 7.74943,
	13.7446 7.71951,
	13.7521 7.69111,
	13.7623 7.66496,
	13.775 7.64172,
	13.7898 7.62197,
	13.8064 7.60622,
	13.8244 7.59486,
	13.8432 7.58818,
	13.8625 7.58634,
	13.8817 7.5894,
	13.9004 7.59727,
	13.918 7.60976,
	13.9342 7.62655,
	13.9485 7.64722,
	13.9606 7.67125,
	13.9702 7.69802,
	13.9769 7.72687,
	13.9807 7.75707,
	13.9815 7.78784,
	13.9792 7.81842,
	13.9739 7.84804,
	13.9657 7.87594,
	13.9549 7.90142,
	13.9416 7.92384,
	13.9263 7.94263,
	13.9094 7.95731,
	13.8911 7.96753,
	13.8721 7.97301,
	13.8528 7.97362,
	13.8337 7.96935,
	13.8152 7.9603,
	13.7979 7.9467,
	13.7822 7.92889,
	13.7684 7.90733,
	13.7569 7.88256,
	13.748 7.8552,
	13.742 7.82595,
	"/>
</Transform>

<Transform dim="3"
 xcoef=" 1.22425450812179 1.25456401399526 0 0 0 0"
 ycoef=" 0.625714303769419 0 1.25456401399526 0 0 0">
<Contour name="D032" hidden="false" closed="true" simplified="true" border="0 0 1" fill="0 0 1" mode="13"
 points="7.34067 5.48964,
	7.34124 5.47306,
	7.34294 5.4566,
	7.34577 5.44038,
	7.3497 5.42451,
	7.3547 5.40912,
	7.36074 5.3943,
	7.36778 5.38017,
	7.37576 5.36683,
	7.38462 5.35438,
	7.39431 5.34289,
	7.40475 5.33247,
	7.41587 5.32318,
	7.42759 5.31509,
	7.43981 5.30825,
	7.45247 5.30272,
	7.46545 5.29854,
	7.47868 5.29574,
	7.49205 5.29433,
	7.50547 5.29433,
	7.51884 5.29574,
	7.53207 5.29854,
	7.54505 5.30272,
	7.55771 5.30825,
	7.56993 5.31509,
	7.58165 5.32318,
	7.59277 5.33247,
	7.60321 5.34289,
	7.6129 5.35438,
	7.62176 5.36683,
	7.62974 5.38017,
	7.63678 5.3943,
	7.64282 5.40912,
	7.64782 5.42451,
	7.65175 5.44038,
	7.65458 5.4566,
	7.65628 5.47306,
	7.65685 5.48964,
	7.65628 5.50621,
	7.65458 5.52267,
	7.65175 5.53889,
	7.64782 5.55476,
	7.64282 5.57015,
	7.63678 5.58497,
	7.62974 5.5991,
	7.62176 5.61244,
	7.6129 5.6249,
	7.60321 5.63638,
	7.59277 5.6468,
	7.58165 5.65609,
	7.56993 5.66418,
	7.55771 5.67102,
	7.54505 5.67655,
	7.53207 5.68073,
	7.51884 5.68353,
	7.50547 5.68494,
	7.49205 5.68494,
	7.47868 5.68353,
	7.46545 5.68073,
	7.45247 5.67655,
	7.43981 5.67102,
	7.42759 5.66418,
	7.41587 5.65609,
	7.40475 5.6468,
	7.39431 5.63638,
	7.38462 5.6249,
	7.37576 5.61244,
	7.36778 5.5991,
	7.36074 5.58497,
	7.3547 5.57015,
	7.3497 5.55476,
	7.34577 5.53889,
	7.34294 5.52267,
	"/>
</Transform>

<Transform dim="3"
 xcoef=" 1.22425450812179 1.25456401399526 0 0 0 0"
 ycoef=" 0.625714303769419 0 1.25456401399526 0 0 0">
<Contour name="D033" hidden="false" closed="true" simplified="true" border="0 0 1" fill="0 0 1" mode="13"
 points="15.0614 4.64313,
	15.0624 4.6306,
	15.0653 4.61823,
	15.07 4.60617,
	15.0766 4.59457,
	15.0849 4.58359,
	15.0948 4.57335,
	15.1062 4.564,
	15.119 4.55563,
	15.133 4.54837,
	15.148 4.5423,
	15.1638 4.5375,
	15.1803 4.53403,
	15.1972 4.53192,
	15.2143 4.53122,
	15.2314 4.53192,
	15.2483 4.53403,
	15.2648 4.5375,
	15.2806 4.5423,
	15.2956 4.54837,
	15.3096 4.55563,
	15.3224 4.564,
	15.3338 4.57335,
	15.3437 4.58359,
	15.352 4.59457,
	15.3586 4.60617,
	15.3633 4.61823,
	15.3662 4.6306,
	15.3672 4.64313,
	15.3662 4.65566,
	15.3633 4.66803,
	15.3586 4.68009,
	15.352 4.69169,
	15.3437 4.70267,
	15.3338 4.7129,
	15.3224 4.72226,
	15.3096 4.73062,
	15.2956 4.73789,
	15.2806 4.74396,
	15.2648 4.74876,
	15.2483 4.75223,
	15.2314 4.75434,
	15.2143 4.75504,
	15.1972 4.75434,
	15.1803 4.75223,
	15.1638 4.74876,
	15.148 4.74396,
	15.133 4.73789,
	15.119 4.73062,
	15.1062 4.72226,
	15.0948 4.7129,
	15.0849 4.70267,
	15.0766 4.69169,
	15.07 4.68009,
	15.0653 4.66803,
	"/>
</Transform>

<Transform dim="3"
 xcoef=" 1.22425450812179 1.25456401399526 0 0 0 0"
 ycoef=" 0.625714303769419 0 1.25456401399526 0 0 0">
<Contour name="D034" hidden="false" closed="true" simplified="true" border="0 0 1" fill="0 0 1" mode="13"
 points="11.876 3.24087,
	11.8767 3.22071,
	11.8787 3.20069,
	11.8821 3.18096,
	11.8868 3.16166,
	11.8928 3.14292,
	11.9 3.12487,
	11.9085 3.10765,
	11.918 3.09137,
	11.9286 3.07616,
	11.9402 3.06212,
	11.9528 3.04935,
	11.9661 3.03794,
	11.9801 3.02798,
	11.9948 3.01953,
	12.01 3.01265,
	12.0256 3.00739,
	12.0415 3.00379,
	12.0576 3.00188,
	12.0738 3.00167,
	12.0899 3.00316,
	12.1059 3.00634,
	12.1216 3.01118,
	12.1369 3.01766,
	12.1517 3.02572,
	12.1659 3.03532,
	12.1794 3.04637,
	12.1922 3.05881,
	12.204 3.07254,
	12.2149 3.08747,
	12.2247 3.10349,
	12.2334 3.12048,
	12.2409 3.13833,
	12.2473 3.15691,
	12.2523 3.17609,
	12.256 3.19573,
	12.2584 3.21569,
	12.2594 3.23582,
	12.2591 3.256,
	12.2573 3.27606,
	12.2543 3.29588,
	12.2499 3.3153,
	12.2443 3.3342,
	12.2373 3.35243,
	12.2292 3.36987,
	12.2199 3.38639,
	12.2096 3.40188,
	12.1982 3.41622,
	12.1859 3.42932,
	12.1728 3.44107,
	12.1589 3.45141,
	12.1443 3.46025,
	12.1293 3.46752,
	12.1138 3.47319,
	12.0979 3.4772,
	12.0819 3.47954,
	12.0657 3.48018,
	12.0496 3.47911,
	12.0335 3.47636,
	12.0178 3.47193,
	12.0024 3.46585,
	11.9874 3.45818,
	11.973 3.44896,
	11.9593 3.43827,
	11.9464 3.42617,
	11.9343 3.41275,
	11.9232 3.39811,
	11.9131 3.38235,
	11.9041 3.36559,
	11.8963 3.34794,
	11.8896 3.32953,
	11.8843 3.31049,
	11.8803 3.29096,
	11.8775 3.27106,
	"/>
</Transform>

<Transform dim="3"
 xcoef=" 1.22425450812179 1.25456401399526 0 0 0 0"
 ycoef=" 0.625714303769419 0 1.25456401399526 0 0 0">
<Contour name="D035" hidden="false" closed="true" simplified="true" border="0 0 1" fill="0 0 1" mode="13"
 points="8.55384 4.25592,
	8.55492 4.23936,
	8.55814 4.22294,
	8.56349 4.20678,
	8.57092 4.19101,
	8.58036 4.17577,
	8.59175 4.16117,
	8.60499 4.14734,
	8.61998 4.13438,
	8.63659 4.1224,
	8.65469 4.11149,
	8.67413 4.10175,
	8.69477 4.09325,
	8.71642 4.08606,
	8.73892 4.08023,
	8.76209 4.07582,
	8.78574 4.07286,
	8.80968 4.07138,
	8.83371 4.07138,
	8.85765 4.07286,
	8.8813 4.07582,
	8.90447 4.08023,
	8.92697 4.08606,
	8.94862 4.09325,
	8.96925 4.10175,
	8.9887 4.11149,
	9.0068 4.1224,
	9.02341 4.13438,
	9.03839 4.14734,
	9.05163 4.16117,
	9.06302 4.17577,
	9.07247 4.19101,
	9.0799 4.20678,
	9.08524 4.22294,
	9.08847 4.23936,
	9.08955 4.25592,
	9.08847 4.27248,
	9.08524 4.2889,
	9.0799 4.30506,
	9.07247 4.32083,
	9.06302 4.33607,
	9.05163 4.35067,
	9.03839 4.3645,
	9.02341 4.37746,
	9.0068 4.38944,
	8.9887 4.40035,
	8.96925 4.41009,
	8.94862 4.41859,
	8.92697 4.42578,
	8.90447 4.43161,
	8.8813 4.43602,
	8.85765 4.43898,
	8.83371 4.44046,
	8.80968 4.44046,
	8.78574 4.43898,
	8.76209 4.43602,
	8.73892 4.43161,
	8.71642 4.42578,
	8.69477 4.41859,
	8.67413 4.41009,
	8.65469 4.40035,
	8.63659 4.38944,
	8.61998 4.37746,
	8.60499 4.3645,
	8.59175 4.35067,
	8.58036 4.33607,
	8.57092 4.32083,
	8.56349 4.30506,
	8.55814 4.2889,
	"/>
</Transform>

<Transform dim="3"
 xcoef=" 1.22425450812179 1.25456401399526 0 0 0 0"
 ycoef=" 0.625714303769419 0 1.25456401399526 0 0 0">
<Contour name="D036" hidden="false" closed="true" simplified="true" border="0 0 1" fill="0 0 1" mode="13"
 points="18.9355 5.70052,
	18.9369 5.67836,
	18.9409 5.65643,
	18.9476 5.63497,
	18.9568 5.61421,
	18.9685 5.59436,
	18.9826 5.57564,
	18.9988 5.55824,
	19.0171 5.54235,
	19.0372 5.52813,
	19.059 5.51575,
	19.0821 5.50532,
	19.1063 5.49696,
	19.1315 5.49076,
	19.1573 5.48678,
	19.1834 5.48507,
	19.2096 5.48564,
	19.2355 5.48849,
	19.261 5.49358,
	19.2858 5.50087,
	19.3095 5.51028,
	19.3319 5.5217,
	19.3529 5.53502,
	19.3721 5.55009,
	19.3894 5.56676,
	19.4046 5.58485,
	19.4175 5.60416,
	19.428 5.62449,
	19.4359 5.64563,
	19.4413 5.66735,
	19.444 5.68942,
	19.444 5.71161,
	19.4413 5.73368,
	19.4359 5.7554,
	19.428 5.77654,
	19.4175 5.79687,
	19.4046 5.81618,
	19.3894 5.83427,
	19.3721 5.85094,
	19.3529 5.86601,
	19.3319 5.87933,
	19.3095 5.89075,
	19.2858 5.90016,
	19.261 5.90745,
	19.2355 5.91254,
	19.2096 5.91539,
	19.1834 5.91596,
	19.1573 5.91425,
	19.1315 5.91027,
	19.1063 5.90407,
	19.0821 5.89571,
	19.059 5.88528,
	19.0372 5.8729,
	19.0171 5.85868,
	18.9988 5.84279,
	18.9826 5.82539,
	18.9685 5.80667,
	18.9568 5.78682,
	18.9476 5.76606,
	18.9409 5.7446,
	"/>
</Transform>

<Transform dim="3"
 xcoef=" 1.22425450812179 1.25456401399526 0 0 0 0"
 ycoef=" 0.625714303769419 0 1.25456401399526 0 0 0">
<Contour name="D038_edge" hidden="false" closed="true" simplified="true" border="0 0 1" fill="0 0 1" mode="13"
 points="9.49172 1.4609,
	9.49275 1.43843,
	9.49583 1.41627,
	9.50092 1.39473,
	9.50794 1.37409,
	9.51681 1.35466,
	9.52739 1.33668,
	9.53954 1.32042,
	9.5531 1.3061,
	9.56788 1.2939,
	9.58366 1.28401,
	9.60025 1.27656,
	9.6174 1.27164,
	9.63489 1.26933,
	9.65247 1.26966,
	9.66989 1.27263,
	9.68692 1.27818,
	9.70333 1.28626,
	9.71889 1.29674,
	9.73338 1.30949,
	9.7466 1.32432,
	9.75838 1.34103,
	9.76854 1.35939,
	9.77695 1.37915,
	9.7835 1.40004,
	9.78809 1.42176,
	9.79066 1.44403,
	9.79118 1.46652,
	9.78963 1.48894,
	9.78605 1.51098,
	9.78047 1.53232,
	9.77297 1.55268,
	9.76367 1.57177,
	9.75268 1.58934,
	9.74016 1.60514,
	9.72628 1.61895,
	9.71123 1.63058,
	9.69522 1.63988,
	9.67847 1.64671,
	9.66121 1.65098,
	9.64368 1.65263,
	9.62612 1.65164,
	9.60877 1.64802,
	9.59187 1.64182,
	9.57566 1.63313,
	9.56035 1.62207,
	9.54616 1.60879,
	9.53328 1.59347,
	9.52189 1.57632,
	9.51215 1.55758,
	9.5042 1.53751,
	9.49813 1.51639,
	9.49404 1.4945,
	"/>
</Transform>

<Transform dim="3"
 xcoef=" 1.22425450812179 1.25456401399526 0 0 0 0"
 ycoef=" 0.625714303769419 0 1.25456401399526 0 0 0">
<Contour name="D039" hidden="false" closed="true" simplified="true" border="0 0 1" fill="0 0 1" mode="13"
 points="14.4126 4.332,
	14.4155 4.30689,
	14.4242 4.28233,
	14.4384 4.25886,
	14.4579 4.23698,
	14.4822 4.21717,
	14.5108 4.19987,
	14.5431 4.18545,
	14.5784 4.17422,
	14.6158 4.16644,
	14.6547 4.16228,
	14.6941 4.16181,
	14.7331 4.16506,
	14.771 4.17195,
	14.8069 4.18233,
	14.84 4.19598,
	14.8696 4.21259,
	14.8951 4.23181,
	14.9158 4.25322,
	14.9314 4.27634,
	14.9415 4.30068,
	14.9458 4.3257,
	14.9444 4.35086,
	14.9371 4.37561,
	14.9243 4.39941,
	14.9061 4.42174,
	14.8829 4.4421,
	14.8553 4.46007,
	14.8239 4.47524,
	14.7893 4.48729,
	14.7523 4.49595,
	14.7137 4.50103,
	14.6744 4.50243,
	14.6351 4.5001,
	14.5969 4.49411,
	14.5604 4.48459,
	14.5265 4.47173,
	14.496 4.45583,
	14.4695 4.43722,
	14.4475 4.41632,
	14.4306 4.39358,
	14.4191 4.36949,
	"/>
</Transform>

<Transform dim="3"
 xcoef=" 1.22425450812179 1.25456401399526 0 0 0 0"
 ycoef=" 0.625714303769419 0 1.25456401399526 0 0 0">
<Contour name="D040 sym cand" hidden="false" closed="true" simplified="true" border="0 1 1" fill="0 1 1" mode="11"
 points="8.79334 2.0963,
	8.7955 2.07742,
	8.8019 2.05912,
	8.81235 2.04195,
	8.82654 2.02643,
	8.84403 2.01304,
	8.86429 2.00217,
	8.88671 1.99416,
	8.9106 1.98926,
	8.93524 1.98761,
	8.95988 1.98926,
	8.98378 1.99416,
	9.00619 2.00217,
	9.02646 2.01304,
	9.04395 2.02643,
	9.05813 2.04195,
	9.06859 2.05912,
	9.07499 2.07742,
	9.07714 2.0963,
	9.07499 2.11517,
	9.06859 2.13347,
	9.05813 2.15064,
	9.04395 2.16616,
	9.02646 2.17956,
	9.00619 2.19043,
	8.98378 2.19843,
	8.95988 2.20334,
	8.93524 2.20499,
	8.9106 2.20334,
	8.88671 2.19843,
	8.86429 2.19043,
	8.84403 2.17956,
	8.82654 2.16616,
	8.81235 2.15064,
	8.8019 2.13347,
	8.7955 2.11517,
	"/>
</Transform>

<Transform dim="3"
 xcoef=" 1.22425450812179 1.25456401399526 0 0 0 0"
 ycoef=" 0.625714303769419 0 1.25456401399526 0 0 0">
<Contour name="D040_edge" hidden="false" closed="true" simplified="true" border="0 0 1" fill="0 0 1" mode="13"
 points="8.32235 2.35293,
	8.3236 2.33399,
	8.32734 2.31522,
	8.33354 2.29679,
	8.34214 2.27887,
	8.35306 2.26162,
	8.36621 2.2452,
	8.38146 2.22975,
	8.39867 2.21542,
	8.4177 2.20233,
	8.43836 2.19061,
	8.46048 2.18036,
	8.48385 2.17167,
	8.50825 2.16462,
	8.53348 2.15928,
	8.55929 2.15569,
	8.58546 2.15389,
	8.61175 2.15389,
	8.63792 2.15569,
	8.66374 2.15928,
	8.68896 2.16462,
	8.71337 2.17167,
	8.73673 2.18036,
	8.75885 2.19061,
	8.77951 2.20233,
	8.79854 2.21542,
	8.81576 2.22975,
	8.83101 2.2452,
	8.84415 2.26162,
	8.85507 2.27887,
	8.86367 2.29679,
	8.86987 2.31522,
	8.87361 2.33399,
	8.87486 2.35293,
	8.87361 2.37187,
	8.86987 2.39064,
	8.86367 2.40907,
	8.85507 2.42699,
	8.84415 2.44424,
	8.83101 2.46066,
	8.81576 2.47611,
	8.79854 2.49044,
	8.77951 2.50352,
	8.75885 2.51524,
	8.73673 2.5255,
	8.71337 2.53419,
	8.68896 2.54123,
	8.66374 2.54658,
	8.63792 2.55016,
	8.61175 2.55197,
	8.58546 2.55197,
	8.55929 2.55016,
	8.53348 2.54658,
	8.50825 2.54123,
	8.48385 2.53419,
	8.46048 2.5255,
	8.43836 2.51524,
	8.4177 2.50352,
	8.39867 2.49044,
	8.38146 2.47611,
	8.36621 2.46066,
	8.35306 2.44424,
	8.34214 2.42699,
	8.33354 2.40907,
	8.32734 2.39064,
	"/>
</Transform>

<Transform dim="3"
 xcoef=" 1.22425450812179 1.25456401399526 0 0 0 0"
 ycoef=" 0.625714303769419 0 1.25456401399526 0 0 0">
<Contour name="D041_oblique" hidden="false" closed="true" simplified="true" border="0 0 1" fill="0 0 1" mode="13"
 points="20.0092 4.79671,
	20.0116 4.77098,
	20.0189 4.74574,
	20.0307 4.7215,
	20.047 4.69872,
	20.0674 4.67784,
	20.0915 4.65928,
	20.1188 4.6434,
	20.1489 4.6305,
	20.181 4.62083,
	20.2147 4.61459,
	20.2492 4.6119,
	20.2838 4.6128,
	20.318 4.61728,
	20.351 4.62525,
	20.3822 4.63656,
	20.4109 4.65099,
	20.4367 4.66825,
	20.459 4.68802,
	20.4774 4.70989,
	20.4915 4.73346,
	20.5011 4.75827,
	20.5059 4.78381,
	20.5059 4.80962,
	20.5011 4.83516,
	20.4915 4.85997,
	20.4774 4.88353,
	20.459 4.90541,
	20.4367 4.92518,
	20.4109 4.94244,
	20.3822 4.95687,
	20.351 4.96818,
	20.318 4.97615,
	20.2838 4.98063,
	20.2492 4.98153,
	20.2147 4.97884,
	20.181 4.97259,
	20.1489 4.96293,
	20.1188 4.95003,
	20.0915 4.93415,
	20.0674 4.91559,
	20.047 4.89471,
	20.0307 4.87193,
	20.0189 4.84769,
	"/>
</Transform>

<Transform dim="3"
 xcoef=" 1.22425450812179 1.25456401399526 0 0 0 0"
 ycoef=" 0.625714303769419 0 1.25456401399526 0 0 0">
<Contour name="D042_edge" hidden="false" closed="true" simplified="true" border="0 0 1" fill="0 0 1" mode="13"
 points="4.93339 4.75643,
	4.93493 4.73076,
	4.93956 4.70525,
	4.94724 4.68006,
	4.95792 4.65535,
	4.97153 4.63129,
	4.98799 4.60801,
	5.0072 4.58568,
	5.02904 4.56442,
	5.05335 4.54438,
	5.08 4.52568,
	5.10882 4.50844,
	5.13961 4.49276,
	5.17219 4.47875,
	5.20635 4.4665,
	5.24188 4.45608,
	5.27855 4.44756,
	5.31612 4.44099,
	5.35436 4.43642,
	5.39304 4.43387,
	5.4319 4.43336,
	5.47069 4.43489,
	5.50918 4.43846,
	5.54712 4.44403,
	5.58427 4.45158,
	5.62039 4.46106,
	5.65526 4.4724,
	5.68866 4.48554,
	5.72037 4.5004,
	5.7502 4.51687,
	5.77796 4.53486,
	5.80346 4.55424,
	5.82655 4.57491,
	5.84709 4.59672,
	5.86494 4.61954,
	5.87999 4.64323,
	5.89215 4.66764,
	5.90134 4.6926,
	5.90749 4.71797,
	5.91058 4.74358,
	5.91058 4.76928,
	5.90749 4.79489,
	5.90134 4.82026,
	5.89215 4.84522,
	5.87999 4.86963,
	5.86494 4.89331,
	5.84709 4.91614,
	5.82655 4.93795,
	5.80346 4.95862,
	5.77796 4.978,
	5.7502 4.99599,
	5.72037 5.01246,
	5.68866 5.02731,
	5.65526 5.04045,
	5.62039 5.0518,
	5.58427 5.06128,
	5.54712 5.06883,
	5.50918 5.0744,
	5.47069 5.07797,
	5.4319 5.0795,
	5.39304 5.07899,
	5.35436 5.07644,
	5.31612 5.07186,
	5.27855 5.0653,
	5.24188 5.05677,
	5.20635 5.04636,
	5.17219 5.0341,
	5.13961 5.0201,
	5.10882 5.00442,
	5.08 4.98718,
	5.05335 4.96848,
	5.02904 4.94843,
	5.0072 4.92718,
	4.98799 4.90484,
	4.97153 4.88157,
	4.95792 4.8575,
	4.94724 4.8328,
	4.93956 4.80761,
	4.93493 4.7821,
	"/>
</Transform>

<Transform dim="3"
 xcoef=" 1.22425450812179 1.25456401399526 0 0 0 0"
 ycoef=" 0.625714303769419 0 1.25456401399526 0 0 0">
<Contour name="D043" hidden="false" closed="true" simplified="true" border="0 0 1" fill="0 0 1" mode="13"
 points="2.41228 9.29341,
	2.41378 9.27128,
	2.41825 9.24943,
	2.42565 9.22812,
	2.43587 9.20764,
	2.4488 9.18824,
	2.46426 9.17016,
	2.48206 9.15364,
	2.50199 9.13886,
	2.52378 9.12604,
	2.54716 9.11531,
	2.57185 9.10683,
	2.59753 9.10069,
	2.62387 9.09698,
	2.65055 9.09574,
	2.67722 9.09698,
	2.70356 9.10069,
	2.72924 9.10683,
	2.75393 9.11531,
	2.77731 9.12604,
	2.7991 9.13886,
	2.81903 9.15364,
	2.83683 9.17016,
	2.85229 9.18824,
	2.86522 9.20764,
	2.87544 9.22812,
	2.88284 9.24943,
	2.88731 9.27128,
	2.88881 9.29341,
	2.88731 9.31554,
	2.88284 9.3374,
	2.87544 9.3587,
	2.86522 9.37918,
	2.85229 9.39858,
	2.83683 9.41666,
	2.81903 9.43319,
	2.7991 9.44796,
	2.77731 9.46079,
	2.75393 9.47151,
	2.72924 9.47999,
	2.70356 9.48613,
	2.67722 9.48984,
	2.65055 9.49109,
	2.62387 9.48984,
	2.59753 9.48613,
	2.57185 9.47999,
	2.54716 9.47151,
	2.52378 9.46079,
	2.50199 9.44796,
	2.48206 9.43319,
	2.46426 9.41666,
	2.4488 9.39858,
	2.43587 9.37918,
	2.42565 9.3587,
	2.41825 9.3374,
	"/>
</Transform>

<Transform dim="3"
 xcoef=" 1.22425450812179 1.25456401399526 0 0 0 0"
 ycoef=" 0.625714303769419 0 1.25456401399526 0 0 0">
<Contour name="D044" hidden="false" closed="true" simplified="true" border="0 0 1" fill="0 0 1" mode="13"
 points="8.90232 10.505,
	8.90351 10.484,
	8.90706 10.4632,
	8.91292 10.4429,
	8.92104 10.4233,
	8.93132 10.4046,
	8.94364 10.3871,
	8.95787 10.3709,
	8.97384 10.3562,
	8.99137 10.3432,
	9.01027 10.3321,
	9.03032 10.3229,
	9.05129 10.3157,
	9.07295 10.3107,
	9.09504 10.3079,
	9.11733 10.3074,
	9.13955 10.3091,
	9.16146 10.313,
	9.1828 10.319,
	9.20334 10.3272,
	9.22284 10.3374,
	9.24108 10.3495,
	9.25786 10.3634,
	9.27298 10.3788,
	9.28627 10.3957,
	9.29759 10.4138,
	9.3068 10.433,
	9.3138 10.453,
	9.31852 10.4736,
	9.32089 10.4945,
	9.32089 10.5155,
	9.31852 10.5365,
	9.3138 10.557,
	9.3068 10.577,
	9.29759 10.5962,
	9.28627 10.6143,
	9.27298 10.6312,
	9.25786 10.6467,
	9.24108 10.6605,
	9.22284 10.6726,
	9.20334 10.6828,
	9.1828 10.691,
	9.16146 10.6971,
	9.13955 10.701,
	9.11733 10.7026,
	9.09504 10.7021,
	9.07295 10.6993,
	9.05129 10.6943,
	9.03032 10.6872,
	9.01027 10.6779,
	8.99137 10.6668,
	8.97384 10.6538,
	8.95787 10.6391,
	8.94364 10.6229,
	8.93132 10.6054,
	8.92104 10.5867,
	8.91292 10.5671,
	8.90706 10.5468,
	8.90351 10.526,
	"/>
</Transform>

<Transform dim="3"
 xcoef=" 1.22425450812179 1.25456401399526 0 0 0 0"
 ycoef=" 0.625714303769419 0 1.25456401399526 0 0 0">
<Contour name="D044 sym cand 1" hidden="false" closed="true" simplified="true" border="0 1 1" fill="0 1 1" mode="11"
 points="9.17157 10.7684,
	9.17229 10.7528,
	9.17445 10.7374,
	9.178 10.7225,
	9.1829 10.7083,
	9.18908 10.6949,
	9.19645 10.6825,
	9.20491 10.6714,
	9.21434 10.6617,
	9.22459 10.6534,
	9.23552 10.6469,
	9.24699 10.6421,
	9.25881 10.639,
	9.27083 10.6379,
	9.28287 10.6386,
	9.29476 10.6411,
	9.30633 10.6455,
	9.31741 10.6516,
	9.32785 10.6595,
	9.33749 10.6688,
	9.3462 10.6796,
	9.35386 10.6917,
	9.36035 10.7048,
	9.36557 10.7189,
	9.36947 10.7337,
	9.37198 10.7489,
	9.37306 10.7645,
	9.3727 10.7801,
	9.3709 10.7955,
	9.36769 10.8106,
	9.36312 10.825,
	9.35725 10.8386,
	9.35017 10.8513,
	9.34197 10.8627,
	9.33278 10.8728,
	9.32272 10.8814,
	9.31194 10.8884,
	9.30059 10.8937,
	9.28884 10.8971,
	9.27686 10.8988,
	9.26481 10.8985,
	9.25286 10.8964,
	9.2412 10.8925,
	9.22998 10.8868,
	9.21937 10.8794,
	9.20951 10.8704,
	9.20056 10.86,
	9.19263 10.8482,
	9.18584 10.8353,
	9.18028 10.8215,
	9.17605 10.8068,
	9.17319 10.7917,
	"/>
</Transform>

<Transform dim="3"
 xcoef=" 1.22425450812179 1.25456401399526 0 0 0 0"
 ycoef=" 0.625714303769419 0 1.25456401399526 0 0 0">
<Contour name="D045_ASPINY_NOCANDIDATES" hidden="false" closed="true" simplified="true" border="0 0 1" fill="0 0 1" mode="13"
 points="4.55023 11.0069,
	4.55084 10.9896,
	4.55267 10.9724,
	4.5557 10.9555,
	4.55993 10.9388,
	4.56531 10.9227,
	4.57181 10.9071,
	4.57938 10.8922,
	4.58798 10.8781,
	4.59754 10.8649,
	4.60801 10.8527,
	4.6193 10.8415,
	4.63134 10.8314,
	4.64405 10.8225,
	4.65735 10.8149,
	4.67113 10.8086,
	4.68532 10.8037,
	4.6998 10.8001,
	4.71448 10.798,
	4.72927 10.7973,
	4.74405 10.798,
	4.75874 10.8001,
	4.77322 10.8037,
	4.7874 10.8086,
	4.80119 10.8149,
	4.81448 10.8225,
	4.82719 10.8314,
	4.83924 10.8415,
	4.85053 10.8527,
	4.86099 10.8649,
	4.87056 10.8781,
	4.87915 10.8922,
	4.88673 10.9071,
	4.89323 10.9227,
	4.89861 10.9388,
	4.90283 10.9555,
	4.90587 10.9724,
	4.9077 10.9896,
	4.90831 11.0069,
	4.9077 11.0242,
	4.90587 11.0414,
	4.90283 11.0584,
	4.89861 11.075,
	4.89323 11.0911,
	4.88673 11.1067,
	4.87915 11.1216,
	4.87056 11.1357,
	4.86099 11.1489,
	4.85053 11.1612,
	4.83924 11.1724,
	4.82719 11.1825,
	4.81448 11.1913,
	4.80119 11.1989,
	4.7874 11.2052,
	4.77322 11.2102,
	4.75874 11.2137,
	4.74405 11.2159,
	4.72927 11.2166,
	4.71448 11.2159,
	4.6998 11.2137,
	4.68532 11.2102,
	4.67113 11.2052,
	4.65735 11.1989,
	4.64405 11.1913,
	4.63134 11.1825,
	4.6193 11.1724,
	4.60801 11.1612,
	4.59754 11.1489,
	4.58798 11.1357,
	4.57938 11.1216,
	4.57181 11.1067,
	4.56531 11.0911,
	4.55993 11.075,
	4.5557 11.0584,
	4.55267 11.0414,
	4.55084 11.0242,
	"/>
</Transform>

<Transform dim="3"
 xcoef=" 1.22425450812179 1.25456401399526 0 0 0 0"
 ycoef=" 0.625714303769419 0 1.25456401399526 0 0 0">
<Contour name="D047" hidden="false" closed="true" simplified="true" border="0 0 1" fill="0 0 1" mode="13"
 points="7.73259 1.76206,
	7.73398 1.73488,
	7.73817 1.70797,
	7.7451 1.68159,
	7.7547 1.65602,
	7.76689 1.6315,
	7.78153 1.60827,
	7.79848 1.58658,
	7.81758 1.56663,
	7.83864 1.54862,
	7.86144 1.53273,
	7.88576 1.51912,
	7.91135 1.50793,
	7.93797 1.49926,
	7.96535 1.4932,
	7.99321 1.48982,
	8.02128 1.48914,
	8.04929 1.49117,
	8.07694 1.4959,
	8.10397 1.50327,
	8.13011 1.51321,
	8.1551 1.52563,
	8.17869 1.5404,
	8.20064 1.55737,
	8.22074 1.57637,
	8.23879 1.59722,
	8.25461 1.61971,
	8.26804 1.64361,
	8.27895 1.66869,
	8.28723 1.6947,
	8.29279 1.72137,
	8.29559 1.74846,
	8.29559 1.77567,
	8.29279 1.80275,
	8.28723 1.82943,
	8.27895 1.85544,
	8.26804 1.88052,
	8.25461 1.90442,
	8.23879 1.92691,
	8.22074 1.94776,
	8.20064 1.96676,
	8.17869 1.98373,
	8.1551 1.9985,
	8.13011 2.01091,
	8.10397 2.02086,
	8.07694 2.02823,
	8.04929 2.03295,
	8.02128 2.03499,
	7.99321 2.03431,
	7.96535 2.03093,
	7.93797 2.02487,
	7.91135 2.0162,
	7.88576 2.00501,
	7.86144 1.9914,
	7.83864 1.97551,
	7.81758 1.9575,
	7.79848 1.93755,
	7.78153 1.91586,
	7.76689 1.89263,
	7.7547 1.86811,
	7.7451 1.84253,
	7.73817 1.81616,
	7.73398 1.78925,
	"/>
</Transform>

<Transform dim="3"
 xcoef=" 1.22425450812179 1.25456401399526 0 0 0 0"
 ycoef=" 0.625714303769419 0 1.25456401399526 0 0 0">
<Contour name="D048_oblique" hidden="false" closed="true" simplified="true" border="0 0 1" fill="0 0 1" mode="13"
 points="16.4527 7.52769,
	16.4535 7.50765,
	16.4557 7.4878,
	16.4594 7.46832,
	16.4645 7.44941,
	16.471 7.43125,
	16.4789 7.41399,
	16.4879 7.39782,
	16.4981 7.38287,
	16.5094 7.3693,
	16.5217 7.35723,
	16.5347 7.34678,
	16.5485 7.33804,
	16.5629 7.3311,
	16.5777 7.32603,
	16.5928 7.32286,
	16.6081 7.32164,
	16.6234 7.32238,
	16.6386 7.32506,
	16.6535 7.32966,
	16.668 7.33614,
	16.682 7.34443,
	16.6952 7.35446,
	16.7077 7.36614,
	16.7192 7.37935,
	16.7297 7.39396,
	16.7391 7.40984,
	16.7472 7.42684,
	16.754 7.4448,
	16.7595 7.46354,
	16.7636 7.48289,
	16.7662 7.50266,
	16.7673 7.52267,
	16.7669 7.54273,
	16.765 7.56265,
	16.7617 7.58224,
	16.757 7.6013,
	16.7508 7.61967,
	16.7433 7.63717,
	16.7345 7.65363,
	16.7246 7.6689,
	16.7136 7.68282,
	16.7016 7.69528,
	16.6887 7.70615,
	16.6751 7.71532,
	16.6608 7.72272,
	16.6461 7.72826,
	16.631 7.73191,
	16.6158 7.73362,
	16.6005 7.73337,
	16.5852 7.73118,
	16.5703 7.72705,
	16.5556 7.72104,
	16.5415 7.71319,
	16.5281 7.70359,
	16.5154 7.69231,
	16.5037 7.67948,
	16.4929 7.6652,
	16.4832 7.64962,
	16.4748 7.63289,
	16.4676 7.61516,
	16.4618 7.5966,
	16.4574 7.57738,
	16.4544 7.55769,
	"/>
</Transform>

<Transform dim="3"
 xcoef=" 1.22425450812179 1.25456401399526 0 0 0 0"
 ycoef=" 0.625714303769419 0 1.25456401399526 0 0 0">
<Contour name="D049" hidden="false" closed="true" simplified="true" border="0 0 1" fill="0 0 1" mode="13"
 points="10.2296 7.07403,
	10.2314 7.05193,
	10.2366 7.03008,
	10.2452 7.00876,
	10.2571 6.98822,
	10.2722 6.9687,
	10.2903 6.95044,
	10.3112 6.93365,
	10.3345 6.91853,
	10.3601 6.90528,
	10.3876 6.89403,
	10.4168 6.88493,
	10.4472 6.87809,
	10.4785 6.87358,
	10.5103 6.87147,
	10.5422 6.87177,
	10.574 6.87449,
	10.6051 6.87958,
	10.6352 6.887,
	10.664 6.89665,
	10.691 6.90841,
	10.7161 6.92214,
	10.7389 6.93769,
	10.759 6.95487,
	10.7764 6.97347,
	10.7907 6.99327,
	10.8018 7.01403,
	10.8096 7.0355,
	10.8139 7.05744,
	10.8148 7.07957,
	10.8122 7.10164,
	10.8061 7.12338,
	10.7967 7.14453,
	10.7839 7.16484,
	10.7681 7.18406,
	10.7493 7.20198,
	10.7278 7.21836,
	10.7038 7.23303,
	10.6777 7.2458,
	10.6498 7.25652,
	10.6203 7.26506,
	10.5896 7.27133,
	10.5582 7.27524,
	10.5263 7.27675,
	10.4943 7.27584,
	10.4627 7.27253,
	10.4318 7.26685,
	10.402 7.25886,
	10.3737 7.24868,
	10.347 7.23641,
	10.3225 7.2222,
	10.3004 7.20623,
	10.2809 7.18867,
	10.2643 7.16976,
	10.2508 7.14969,
	10.2405 7.12873,
	10.2336 7.10712,
	"/>
</Transform>

<Transform dim="1"
 xcoef=" 0.21074414564564 1 0 0 0 0"
 ycoef=" 0.160035821013472 0 1 0 0 0">
<Contour name="D049 ax01" hidden="false" closed="true" simplified="false" border="0 1 1" fill="0 1 1" mode="-9"
 points="8.19469 4.8962,
	8.215 4.87589,
	8.13376 4.79465,
	8.15407 4.77434,
	8.23531 4.85558,
	8.25562 4.83527,
	8.25562 4.8962,
	"/>
</Transform>

<Transform dim="1"
 xcoef=" 0.21074414564564 1 0 0 0 0"
 ycoef=" 0.160035821013472 0 1 0 0 0">
<Contour name="D051 edge" hidden="false" closed="true" simplified="true" border="0 0 1" fill="0 0 1" mode="13"
 points="10.2207 1.28188,
	10.225 1.25363,
	10.2377 1.2267,
	10.2581 1.20235,
	10.2854 1.18172,
	10.3182 1.16577,
	10.3551 1.15526,
	10.3943 1.15066,
	10.4339 1.1522,
	10.4721 1.1598,
	10.5072 1.17311,
	10.5375 1.19151,
	10.5615 1.21413,
	10.5781 1.23992,
	10.5867 1.26767,
	10.5867 1.29609,
	10.5781 1.32384,
	10.5615 1.34963,
	10.5375 1.37225,
	10.5072 1.39065,
	10.4721 1.40396,
	10.4339 1.41156,
	10.3943 1.4131,
	10.3551 1.4085,
	10.3182 1.39799,
	10.2854 1.38204,
	10.2581 1.36141,
	10.2377 1.33706,
	"/>
</Transform>

<Transform dim="1"
 xcoef=" 0.21074414564564 1 0 0 0 0"
 ycoef=" 0.160035821013472 0 1 0 0 0">
<Contour name="D053_edge" hidden="false" closed="true" simplified="true" border="0 0 1" fill="0 0 1" mode="13"
 points="17.0362 2.66975,
	17.0383 2.65324,
	17.0445 2.63739,
	17.0546 2.62282,
	17.0681 2.61011,
	17.0846 2.59977,
	17.1033 2.5922,
	17.1236 2.5877,
	17.1446 2.58647,
	17.1655 2.58853,
	17.1855 2.59381,
	17.2037 2.60211,
	17.2195 2.61308,
	17.2323 2.62631,
	17.2414 2.64126,
	17.2466 2.65733,
	17.2476 2.6739,
	17.2445 2.69031,
	17.2373 2.7059,
	17.2263 2.72005,
	17.212 2.73221,
	17.1949 2.7419,
	17.1757 2.74872,
	17.1551 2.75241,
	17.1341 2.75283,
	17.1133 2.74995,
	17.0937 2.74389,
	17.076 2.73488,
	17.0609 2.7233,
	17.0491 2.70959,
	17.0409 2.69431,
	"/>
</Transform>

<Transform dim="1"
 xcoef=" 0.21074414564564 1 0 0 0 0"
 ycoef=" 0.160035821013472 0 1 0 0 0">
<Contour name="D055" hidden="false" closed="true" simplified="true" border="0 0 1" fill="0 0 1" mode="13"
 points="1.06478 1.32106,
	1.07191 1.289,
	1.09262 1.25994,
	1.12498 1.23657,
	1.16599 1.22107,
	1.21181 1.2149,
	1.25818 1.21862,
	1.30077 1.23189,
	1.33561 1.25347,
	1.35946 1.28135,
	1.3701 1.31293,
	1.36652 1.34527,
	1.34908 1.37535,
	1.31938 1.40037,
	1.2802 1.418,
	1.2352 1.4266,
	1.18856 1.42536,
	1.14463 1.41439,
	1.10751 1.39473,
	1.08066 1.3682,
	"/>
</Transform>

<Transform dim="1"
 xcoef=" 0.21074414564564 1 0 0 0 0"
 ycoef=" 0.220035821013472 0 1 0 0 0">
<Contour name="D028" hidden="false" closed="true" simplified="true" border="0 0 1" fill="0 0 1" mode="13"
 points="8.34341 7.57492,
	8.34604 7.55943,
	8.35369 7.54442,
	8.36628 7.53033,
	8.38342 7.5176,
	8.40446 7.50661,
	8.42885 7.4977,
	8.45588 7.49112,
	8.48465 7.4871,
	8.5143 7.48575,
	8.54403 7.4871,
	8.57281 7.49112,
	8.59975 7.4977,
	8.62422 7.50661,
	8.64526 7.5176,
	8.66232 7.53033,
	8.67492 7.54442,
	8.68265 7.55943,
	8.6852 7.57492,
	8.68265 7.59041,
	8.67492 7.60542,
	8.66232 7.61951,
	8.64526 7.63226,
	8.62422 7.64326,
	8.59975 7.65211,
	8.57281 7.65873,
	8.54403 7.66271,
	8.5143 7.66407,
	8.48465 7.66271,
	8.45588 7.65873,
	8.42885 7.65211,
	8.40446 7.64326,
	8.38342 7.63226,
	8.36628 7.61951,
	8.35369 7.60542,
	8.34604 7.59041,
	"/>
</Transform>

<Transform dim="1"
 xcoef=" 0.21074414564564 1 0 0 0 0"
 ycoef=" 0.160035821013472 0 1 0 0 0">
<Contour name="D020_ax01" hidden="false" closed="true" simplified="false" border="0 1 1" fill="0 1 1" mode="11"
 points="11.0472 7.84993,
	11.0581 7.83905,
	11.0145 7.79554,
	11.0254 7.78466,
	11.0689 7.82817,
	11.0798 7.8173,
	11.0798 7.84993,
	"/>
</Transform>

<Transform dim="1"
 xcoef=" 0.21074414564564 1 0 0 0 0"
 ycoef=" 0.160035821013472 0 1 0 0 0">
<Contour name="D028_ax01_SPINE" hidden="false" closed="true" simplified="false" border="0 1 1" fill="0 1 1" mode="11"
 points="6.91316 5.18454,
	6.92742 5.17028,
	6.87038 5.11324,
	6.88464 5.09898,
	6.94167 5.15602,
	6.95593 5.14176,
	6.95593 5.18454,
	"/>
</Transform>

<Transform dim="1"
 xcoef=" 0.21074414564564 1 0 0 0 0"
 ycoef=" 0.160035821013472 0 1 0 0 0">
<Contour name="D046" hidden="false" closed="true" simplified="true" border="0 0 1" fill="0 0 1" mode="13"
 points="12.0927 2.26004,
	12.0934 2.24986,
	12.0953 2.2398,
	12.0984 2.22993,
	12.1028 2.22038,
	12.1083 2.21124,
	12.115 2.20259,
	12.1226 2.19454,
	12.1313 2.18715,
	12.1408 2.18052,
	12.1512 2.1747,
	12.1622 2.16976,
	12.1737 2.16574,
	12.1857 2.16269,
	12.198 2.16064,
	12.2105 2.15961,
	12.2231 2.15961,
	12.2356 2.16064,
	12.2479 2.16269,
	12.2599 2.16574,
	12.2714 2.16976,
	12.2824 2.1747,
	12.2927 2.18052,
	12.3023 2.18715,
	12.3109 2.19454,
	12.3186 2.20259,
	12.3253 2.21124,
	12.3308 2.22038,
	12.3352 2.22993,
	12.3383 2.2398,
	12.3402 2.24986,
	12.3409 2.26004,
	12.3402 2.27021,
	12.3383 2.28028,
	12.3352 2.29014,
	12.3308 2.29969,
	12.3253 2.30884,
	12.3186 2.31748,
	12.3109 2.32554,
	12.3023 2.33292,
	12.2927 2.33956,
	12.2824 2.34538,
	12.2714 2.35032,
	12.2599 2.35434,
	12.2479 2.35739,
	12.2356 2.35944,
	12.2231 2.36047,
	12.2105 2.36047,
	12.198 2.35944,
	12.1857 2.35739,
	12.1737 2.35434,
	12.1622 2.35032,
	12.1512 2.34538,
	12.1408 2.33956,
	12.1313 2.33292,
	12.1226 2.32554,
	12.115 2.31748,
	12.1083 2.30884,
	12.1028 2.29969,
	12.0984 2.29014,
	12.0953 2.28028,
	12.0934 2.27021,
	"/>
</Transform>

<Transform dim="1"
 xcoef=" 0.21074414564564 1 0 0 0 0"
 ycoef=" 0.160035821013472 0 1 0 0 0">
<Contour name="d046_o12_branched" hidden="false" closed="true" simplified="false" border="1 0 0" fill="1 0 0" mode="-13"
 points="12.5207 2.32186,
	12.5531 2.32186,
	12.5369 2.35151,
	"/>
</Transform>

<Transform dim="1"
 xcoef=" -0.140154042889527 1 0 0 0 0"
 ycoef=" -0.42876289262328 0 1 0 0 0">
<Contour name="d046_p12_branched" hidden="false" closed="true" simplified="true" border="1 1 0" fill="1 1 0" mode="11"
 points="12.2166 1.63441,
	12.2391 1.64425,
	12.2503 1.64918,
	12.2728 1.65551,
	12.3178 1.66395,
	12.3403 1.67098,
	12.3516 1.67309,
	12.3741 1.6752,
	12.3854 1.67661,
	12.391 1.67942,
	12.3938 1.67942,
	12.405 1.6752,
	12.4079 1.67379,
	12.4093 1.67379,
	12.4149 1.66817,
	12.4219 1.65691,
	12.4254 1.65129,
	12.4269 1.64847,
	12.4325 1.64285,
	12.4353 1.64003,
	12.4465 1.63511,
	12.4522 1.633,
	12.455 1.633,
	12.4775 1.62456,
	12.4887 1.62034,
	12.4908 1.61823,
	12.5021 1.61472,
	12.5134 1.61331,
	12.5246 1.61401,
	12.5302 1.61542,
	12.5415 1.62316,
	12.5471 1.62667,
	12.5577 1.63793,
	12.5802 1.65551,
	12.5858 1.65902,
	12.597 1.67028,
	12.6013 1.6759,
	12.6062 1.68715,
	12.6069 1.69278,
	12.6083 1.69559,
	12.609 1.70685,
	12.6076 1.71247,
	12.5999 1.72372,
	12.5942 1.72935,
	12.5914 1.73216,
	12.5809 1.73638,
	12.5696 1.74271,
	12.564 1.74482,
	12.5584 1.74834,
	12.5527 1.75045,
	12.5415 1.75748,
	12.5359 1.761,
	12.5246 1.76522,
	12.5021 1.77155,
	12.4908 1.77366,
	12.488 1.77577,
	12.4655 1.77788,
	12.4543 1.77717,
	12.4487 1.77577,
	12.443 1.77295,
	12.4402 1.77014,
	12.4374 1.76873,
	12.4318 1.76311,
	12.4128 1.7406,
	12.4072 1.7392,
	12.4015 1.7392,
	12.3959 1.74131,
	12.3931 1.74201,
	12.3917 1.74201,
	12.3896 1.74482,
	12.3671 1.75959,
	12.3614 1.76381,
	12.3586 1.76662,
	12.3558 1.76803,
	12.346 1.77928,
	12.3382 1.79054,
	12.3277 1.80179,
	12.3228 1.80671,
	12.3171 1.81023,
	12.2946 1.81656,
	12.289 1.81796,
	12.2665 1.81585,
	12.2553 1.81515,
	12.2327 1.81726,
	12.2271 1.81796,
	12.2257 1.81796,
	12.2229 1.80671,
	12.2201 1.78421,
	12.2208 1.7617,
	12.2173 1.67168,
	12.2166 1.64918,
	12.2166 1.63793,
	12.2166 1.63511,
	"/>
</Transform>

<Transform dim="1"
 xcoef=" -0.140154042889527 1 0 0 0 0"
 ycoef=" -0.42876289262328 0 1 0 0 0">
<Contour name="d046" hidden="false" closed="true" simplified="true" border="1 1 0" fill="1 1 0" mode="11"
 points="11.4021 1.62004,
	11.4093 1.59704,
	11.4179 1.58554,
	11.4309 1.56254,
	11.438 1.55104,
	11.4395 1.54529,
	11.461 1.52229,
	11.4725 1.51079,
	11.4783 1.50504,
	11.4855 1.49354,
	11.4884 1.48779,
	11.4999 1.47629,
	11.5229 1.45904,
	11.5344 1.44898,
	11.5372 1.44898,
	11.543 1.44323,
	11.5459 1.43748,
	11.5689 1.41448,
	11.5804 1.41161,
	11.5861 1.41017,
	11.5976 1.41161,
	11.6206 1.42023,
	11.6264 1.42167,
	11.6494 1.4188,
	11.6724 1.40873,
	11.6839 1.40298,
	11.7069 1.39723,
	11.7299 1.3958,
	11.7414 1.39436,
	11.7529 1.39005,
	11.7586 1.38861,
	11.7701 1.37855,
	11.7931 1.36848,
	11.8391 1.36417,
	11.8851 1.37855,
	11.8966 1.3843,
	11.9081 1.3958,
	11.9268 1.41736,
	11.9498 1.42742,
	11.9728 1.42886,
	11.9785 1.42886,
	11.99 1.43461,
	12.0001 1.44611,
	12.0015 1.45761,
	12.0073 1.46911,
	12.0159 1.47917,
	12.0274 1.49067,
	12.0389 1.49498,
	12.0619 1.49786,
	12.0734 1.50792,
	12.1036 1.55392,
	12.1122 1.56542,
	12.1151 1.57117,
	12.1266 1.58123,
	12.1726 1.60711,
	12.1956 1.62148,
	12.2071 1.63011,
	12.2531 1.64592,
	12.2646 1.65023,
	12.2704 1.65023,
	12.3164 1.67323,
	12.3279 1.68185,
	12.3379 1.69335,
	12.3393 1.6991,
	12.3422 1.70198,
	12.3451 1.72498,
	12.3437 1.74798,
	12.3422 1.75948,
	12.3393 1.76523,
	12.3393 1.77098,
	12.3264 1.79398,
	12.3235 1.79973,
	12.3178 1.80404,
	12.3149 1.80692,
	12.2919 1.80979,
	12.2804 1.80979,
	12.2574 1.8141,
	12.2459 1.8141,
	12.2229 1.82129,
	12.2172 1.82129,
	12.2057 1.82704,
	12.2028 1.82704,
	12.1999 1.82992,
	12.1942 1.82992,
	12.1827 1.83423,
	12.1726 1.84429,
	12.1611 1.86729,
	12.151 1.87735,
	12.1395 1.88166,
	12.1338 1.88166,
	12.1108 1.8946,
	12.0993 1.90466,
	12.0763 1.91616,
	12.0648 1.92191,
	12.059 1.92479,
	12.036 1.94635,
	12.026 1.95641,
	11.98 1.98373,
	11.9685 1.99235,
	11.9455 2.00529,
	11.9225 2.01248,
	11.8765 2.01391,
	11.8305 2.01823,
	11.8075 2.02254,
	11.796 2.0211,
	11.773 2.01391,
	11.75 2.01535,
	11.704 2.03116,
	11.681 2.03548,
	11.6695 2.0326,
	11.6637 2.03116,
	11.6537 2.0211,
	11.6422 2.01391,
	11.6307 2.01391,
	11.6077 2.00529,
	11.6019 2.00241,
	11.5789 1.98373,
	11.5559 1.97079,
	11.5329 1.95066,
	11.5171 1.92766,
	11.4955 1.88166,
	11.4855 1.87016,
	11.474 1.86154,
	11.4639 1.85004,
	11.4567 1.83854,
	11.4539 1.83279,
	11.4539 1.82129,
	11.4467 1.79829,
	11.4467 1.79254,
	11.438 1.76954,
	11.4251 1.74654,
	11.4208 1.73504,
	11.4237 1.71204,
	11.4237 1.68904,
	11.4208 1.66604,
	11.4079 1.64304,
	11.4035 1.63729,
	11.4021 1.62579,
	11.4021 1.62148,
	"/>
</Transform>

<Transform dim="1"
 xcoef=" -0.140154042889527 1 0 0 0 0"
 ycoef=" -0.42876289262328 0 1 0 0 0">
<Contour name="d046_checked" hidden="false" closed="true" simplified="false" border="0 1 0" fill="0 1 0" mode="-13"
 points="12.1711 1.7546,
	12.1807 1.74108,
	12.1711 1.72755,
	12.1769 1.72755,
	12.1846 1.73914,
	12.1923 1.72755,
	12.1981 1.72755,
	12.1884 1.74108,
	12.1981 1.7546,
	12.1923 1.7546,
	12.1846 1.74301,
	12.1769 1.7546,
	"/>
</Transform>

<Transform dim="1"
 xcoef=" -0.140154042889527 1 0 0 0 0"
 ycoef=" -0.42876289262328 0 1 0 0 0">
<Contour name="D046_ax01" hidden="false" closed="true" simplified="false" border="0 1 1" fill="0 1 1" mode="-11"
 points="15.8412 0.73598,
	15.8555 0.721694,
	15.7983 0.664553,
	15.8126 0.650267,
	15.8697 0.707409,
	15.884 0.693123,
	15.884 0.73598,
	"/>
</Transform>

<Transform dim="1"
 xcoef=" -0.140154042889527 1 0 0 0 0"
 ycoef=" -0.42876289262328 0 1 0 0 0">
<Contour name="D046 ax01??" hidden="false" closed="true" simplified="false" border="1 1 0" fill="1 1 0" mode="11"
 points="7.70313 5.35736,
	7.68005 5.35736,
	7.68005 5.3689,
	7.69159 5.38044,
	7.7262 5.39198,
	7.70313 5.40351,
	7.69159 5.42659,
	7.66851 5.40351,
	7.65698 5.38044,
	7.65698 5.35736,
	7.6339 5.35736,
	7.66851 5.33429,
	"/>
</Transform>

<Transform dim="1"
 xcoef=" -0.140154042889527 1 0 0 0 0"
 ycoef=" -0.42876289262328 0 1 0 0 0">
<Contour name="D037" hidden="false" closed="true" simplified="true" border="0 0 1" fill="0 0 1" mode="11"
 points="15.1087 1.23255,
	15.111 1.21678,
	15.1178 1.20151,
	15.129 1.1872,
	15.1441 1.17431,
	15.1628 1.16324,
	15.1844 1.15434,
	15.2082 1.14788,
	15.2335 1.14407,
	15.2595 1.14302,
	15.2855 1.14476,
	15.3105 1.14925,
	15.3338 1.15635,
	15.3547 1.16582,
	15.3725 1.17738,
	15.3867 1.19066,
	15.3968 1.20525,
	15.4025 1.2207,
	15.4037 1.23651,
	15.4002 1.25221,
	15.3923 1.26728,
	15.3801 1.28127,
	15.364 1.29374,
	15.3446 1.3043,
	15.3224 1.31262,
	15.2981 1.31843,
	15.2726 1.32156,
	15.2465 1.32191,
	15.2207 1.31947,
	15.196 1.31432,
	15.1733 1.3066,
	15.1531 1.29658,
	15.1361 1.28455,
	15.1229 1.2709,
	15.1138 1.25605,
	"/>
</Transform>

<Transform dim="1"
 xcoef=" -0.140154042889527 1 0 0 0 0"
 ycoef=" -0.42876289262328 0 1 0 0 0">
<Contour name="D020" hidden="false" closed="true" simplified="true" border="0 0 1" fill="0 0 1" mode="11"
 points="10.1574 6.13561,
	10.1589 6.12181,
	10.1635 6.10835,
	10.171 6.09556,
	10.1812 6.08375,
	10.1939 6.07323,
	10.2088 6.06424,
	10.2254 6.057,
	10.2435 6.05171,
	10.2625 6.04847,
	10.282 6.04739,
	10.3015 6.04847,
	10.3205 6.05171,
	10.3386 6.057,
	10.3553 6.06424,
	10.3701 6.07323,
	10.3828 6.08375,
	10.393 6.09556,
	10.4005 6.10835,
	10.4051 6.12181,
	10.4066 6.13561,
	10.4051 6.14941,
	10.4005 6.16287,
	10.393 6.17566,
	10.3828 6.18746,
	10.3701 6.19799,
	10.3553 6.20698,
	10.3386 6.21421,
	10.3205 6.21951,
	10.3015 6.22274,
	10.282 6.22382,
	10.2625 6.22274,
	10.2435 6.21951,
	10.2254 6.21421,
	10.2088 6.20698,
	10.1939 6.19799,
	10.1812 6.18746,
	10.171 6.17566,
	10.1635 6.16287,
	"/>
</Transform>

<Transform dim="1"
 xcoef=" -0.140154042889527 1 0 0 0 0"
 ycoef=" -0.42876289262328 0 1 0 0 0">
<Contour name="D060_large" hidden="false" closed="true" simplified="true" border="0 0 1" fill="0 0 1" mode="11"
 points="2.37221 2.44672,
	2.3732 2.43157,
	2.37618 2.4166,
	2.38111 2.402,
	2.38792 2.38794,
	2.39654 2.37459,
	2.40686 2.36212,
	2.41875 2.35067,
	2.43207 2.34039,
	2.44666 2.3314,
	2.46234 2.32382,
	2.47892 2.31772,
	2.4962 2.31319,
	2.51397 2.31028,
	2.53201 2.30903,
	2.55011 2.30944,
	2.56804 2.31153,
	2.58559 2.31525,
	2.60255 2.32058,
	2.6187 2.32743,
	2.63386 2.33573,
	2.64784 2.34538,
	2.66046 2.35626,
	2.67158 2.36823,
	2.68106 2.38116,
	2.68879 2.39489,
	2.69467 2.40924,
	2.69863 2.42405,
	2.70062 2.43914,
	2.70062 2.45431,
	2.69863 2.4694,
	2.69467 2.48421,
	2.68879 2.49856,
	2.68106 2.51229,
	2.67158 2.52521,
	2.66046 2.53719,
	2.64784 2.54807,
	2.63386 2.55772,
	2.6187 2.56602,
	2.60255 2.57287,
	2.58559 2.57819,
	2.56804 2.58192,
	2.55011 2.584,
	2.53201 2.58442,
	2.51397 2.58317,
	2.4962 2.58026,
	2.47892 2.57573,
	2.46234 2.56963,
	2.44666 2.56204,
	2.43207 2.55305,
	2.41875 2.54278,
	2.40686 2.53133,
	2.39654 2.51886,
	2.38792 2.50551,
	2.38111 2.49145,
	2.37618 2.47685,
	"/>
</Transform>

<Transform dim="1"
 xcoef=" -0.140154042889527 1 0 0 0 0"
 ycoef=" -0.42876289262328 0 1 0 0 0">
<Contour name="D022" hidden="false" closed="true" simplified="true" border="0 0 1" fill="0 0 1" mode="11"
 points="15.3294 6.1673,
	15.33 6.15581,
	15.332 6.14446,
	15.3353 6.13338,
	15.3399 6.12269,
	15.3456 6.11253,
	15.3525 6.103,
	15.3605 6.09424,
	15.3694 6.08633,
	15.3792 6.07936,
	15.3897 6.07343,
	15.4009 6.0686,
	15.4126 6.06493,
	15.4246 6.06246,
	15.4368 6.06121,
	15.4491 6.06121,
	15.4613 6.06246,
	15.4733 6.06493,
	15.485 6.0686,
	15.4961 6.07343,
	15.5067 6.07936,
	15.5165 6.08633,
	15.5254 6.09424,
	15.5333 6.103,
	15.5402 6.11253,
	15.546 6.12269,
	15.5506 6.13338,
	15.5538 6.14446,
	15.5558 6.15581,
	15.5565 6.1673,
	15.5558 6.17879,
	15.5538 6.19014,
	15.5506 6.20122,
	15.546 6.21191,
	15.5402 6.22207,
	15.5333 6.23159,
	15.5254 6.24036,
	15.5165 6.24827,
	15.5067 6.25523,
	15.4961 6.26116,
	15.485 6.26599,
	15.4733 6.26967,
	15.4613 6.27214,
	15.4491 6.27338,
	15.4368 6.27338,
	15.4246 6.27214,
	15.4126 6.26967,
	15.4009 6.26599,
	15.3897 6.26116,
	15.3792 6.25523,
	15.3694 6.24827,
	15.3605 6.24036,
	15.3525 6.23159,
	15.3456 6.22207,
	15.3399 6.21191,
	15.3353 6.20122,
	15.332 6.19014,
	"/>
</Transform>

<Transform dim="1"
 xcoef=" -0.0141548645218888 1 0 0 0 0"
 ycoef=" 0.00157276272465431 0 1 0 0 0">
<Contour name="d020" hidden="false" closed="true" simplified="true" border="1 1 0" fill="1 1 0" mode="11"
 points="10.1687 6.63742,
	10.1708 6.62901,
	10.1745 6.6206,
	10.1808 6.6122,
	10.1881 6.60431,
	10.1923 6.60116,
	10.1955 6.59801,
	10.1997 6.59538,
	10.2039 6.59118,
	10.207 6.5875,
	10.2107 6.57961,
	10.2134 6.57121,
	10.2149 6.5628,
	10.2155 6.5586,
	10.217 6.55439,
	10.2207 6.53758,
	10.2233 6.52917,
	10.2239 6.52707,
	10.2254 6.52496,
	10.2265 6.52076,
	10.2359 6.50394,
	10.2396 6.49554,
	10.2444 6.47872,
	10.2454 6.47767,
	10.2486 6.46926,
	10.2496 6.46821,
	10.2512 6.46401,
	10.2538 6.4598,
	10.2543 6.4577,
	10.2591 6.44982,
	10.2627 6.44194,
	10.2638 6.43773,
	10.2649 6.43668,
	10.268 6.41987,
	10.2691 6.41882,
	10.2696 6.41461,
	10.2759 6.3978,
	10.2801 6.38991,
	10.288 6.38466,
	10.289 6.38466,
	10.2932 6.38151,
	10.3011 6.3773,
	10.3095 6.37205,
	10.3116 6.36995,
	10.32 6.36469,
	10.3237 6.36101,
	10.3274 6.35839,
	10.3284 6.35628,
	10.3305 6.35418,
	10.3316 6.35208,
	10.3326 6.35103,
	10.3342 6.34682,
	10.3358 6.34472,
	10.3374 6.34367,
	10.3395 6.34157,
	10.3479 6.33631,
	10.3521 6.33421,
	10.3563 6.33316,
	10.3584 6.33211,
	10.3752 6.33053,
	10.3794 6.33053,
	10.3878 6.33211,
	10.3899 6.33211,
	10.392 6.33316,
	10.4004 6.33421,
	10.4025 6.33421,
	10.4046 6.33526,
	10.413 6.33631,
	10.4172 6.33684,
	10.4256 6.34052,
	10.4341 6.34525,
	10.4419 6.35103,
	10.4498 6.35576,
	10.4577 6.36259,
	10.4593 6.36364,
	10.4635 6.36784,
	10.4714 6.37468,
	10.475 6.37835,
	10.4782 6.38098,
	10.4814 6.38519,
	10.4892 6.39307,
	10.5018 6.40726,
	10.505 6.41146,
	10.5129 6.41829,
	10.5208 6.42302,
	10.5244 6.4246,
	10.5265 6.42565,
	10.5276 6.42565,
	10.5281 6.4267,
	10.5323 6.42775,
	10.5402 6.43195,
	10.5413 6.433,
	10.5497 6.43668,
	10.5518 6.43721,
	10.5528 6.43826,
	10.5612 6.44141,
	10.5696 6.44299,
	10.5738 6.44404,
	10.6075 6.44509,
	10.6096 6.44509,
	10.6259 6.45087,
	10.628 6.45297,
	10.6322 6.45507,
	10.6343 6.45718,
	10.6395 6.46506,
	10.6422 6.47347,
	10.6422 6.47767,
	10.6432 6.47977,
	10.6443 6.48818,
	10.6443 6.48923,
	10.6453 6.49028,
	10.6464 6.5071,
	10.6464 6.5092,
	10.6479 6.5134,
	10.6516 6.53022,
	10.6532 6.54703,
	10.6521 6.56385,
	10.6495 6.57226,
	10.6453 6.58067,
	10.6348 6.59696,
	10.6322 6.60116,
	10.6295 6.60431,
	10.6243 6.6122,
	10.6211 6.6164,
	10.6169 6.6206,
	10.6148 6.62218,
	10.6138 6.62428,
	10.6101 6.62849,
	10.6048 6.63637,
	10.6033 6.63847,
	10.6022 6.63952,
	10.6022 6.64057,
	10.5959 6.64898,
	10.588 6.65581,
	10.5796 6.66159,
	10.5712 6.66632,
	10.567 6.66842,
	10.5649 6.66947,
	10.5639 6.67052,
	10.5596 6.67105,
	10.5512 6.67368,
	10.5491 6.6742,
	10.5481 6.67525,
	10.5397 6.6763,
	10.5313 6.67841,
	10.5145 6.68103,
	10.4976 6.68576,
	10.4892 6.69154,
	10.4829 6.69995,
	10.4792 6.70416,
	10.4766 6.70783,
	10.4698 6.71572,
	10.4666 6.71887,
	10.4645 6.72097,
	10.4645 6.72202,
	10.4577 6.72833,
	10.4535 6.73148,
	10.4514 6.73358,
	10.4493 6.73463,
	10.4482 6.73621,
	10.4398 6.74252,
	10.4356 6.74514,
	10.4272 6.74777,
	10.423 6.74777,
	10.4188 6.74882,
	10.4146 6.74882,
	10.4062 6.74725,
	10.3978 6.74725,
	10.381 6.74567,
	10.3474 6.74567,
	10.3389 6.74567,
	10.3305 6.74462,
	10.3137 6.74041,
	10.3053 6.73831,
	10.3011 6.73674,
	10.299 6.73621,
	10.2985 6.73516,
	10.2901 6.73253,
	10.2817 6.72885,
	10.2775 6.72675,
	10.2606 6.7236,
	10.2522 6.7236,
	10.248 6.7236,
	10.2312 6.7278,
	10.2144 6.72833,
	10.206 6.72675,
	10.2018 6.72465,
	10.1997 6.72412,
	10.1918 6.71729,
	10.1876 6.71414,
	10.1818 6.70678,
	10.1771 6.69837,
	10.1713 6.68156,
	10.1697 6.67315,
	10.1687 6.63952,
	10.1687 6.63794,
	"/>
</Transform>

</Section>