<?xml version="1.0"?>
<!DOCTYPE Section SYSTEM "section.dtd">

<Section index="25" thickness="0.052" alignLocked="true">
<Transform dim="3"
 xcoef=" 0.578200658987032 1.25456401399526 0 0 0 0"
 ycoef=" 0.357564607526422 0 1.25456401399526 0 0 0">
<Contour name="D019" hidden="false" closed="true" simplified="true" border="0 0 1" fill="0 0 1" mode="13"
 points="9.7423 5.87187,
	9.74513 5.82343,
	9.7535 5.77691,
	9.76708 5.73415,
	9.78534 5.69685,
	9.80754 5.6665,
	9.83281 5.64429,
	9.86015 5.6311,
	9.88847 5.62747,
	9.91665 5.63352,
	9.94357 5.64903,
	9.96817 5.67337,
	9.98946 5.70558,
	10.0066 5.74439,
	10.0189 5.78825,
	10.0259 5.83543,
	10.0274 5.88406,
	10.0231 5.9322,
	10.0134 5.97794,
	9.9986 6.01949,
	9.97928 6.05518,
	9.95622 6.08359,
	9.93034 6.10362,
	9.90265 6.11445,
	9.87426 6.11566,
	9.84629 6.10721,
	9.81985 6.08942,
	9.796 6.06301,
	9.77567 6.02902,
	9.75967 5.98879,
	9.74864 5.94393,
	"/>
</Transform>

<Transform dim="3"
 xcoef=" 0.578200658987032 1.25456401399526 0 0 0 0"
 ycoef=" 0.357564607526422 0 1.25456401399526 0 0 0">
<Contour name="D021" hidden="false" closed="true" simplified="true" border="0 0 1" fill="0 0 1" mode="13"
 points="8.25205 7.67766,
	8.2537 7.6333,
	8.25863 7.58967,
	8.26675 7.54749,
	8.27793 7.50744,
	8.29199 7.47019,
	8.3087 7.43635,
	8.32778 7.40647,
	8.34892 7.38104,
	8.37177 7.36048,
	8.39596 7.34513,
	8.42109 7.33524,
	8.44674 7.33097,
	8.4725 7.33239,
	8.49795 7.33949,
	8.52266 7.35214,
	8.54623 7.37013,
	8.56827 7.39317,
	8.58842 7.42088,
	8.60635 7.45281,
	8.62176 7.48843,
	8.63441 7.52716,
	8.64408 7.56836,
	8.65062 7.61135,
	8.65392 7.65543,
	8.65392 7.69988,
	8.65062 7.74396,
	8.64408 7.78696,
	8.63441 7.82816,
	8.62176 7.86688,
	8.60635 7.9025,
	8.58842 7.93443,
	8.56827 7.96215,
	8.54623 7.98519,
	8.52266 8.00318,
	8.49795 8.01582,
	8.4725 8.02292,
	8.44674 8.02434,
	8.42109 8.02008,
	8.39596 8.01018,
	8.37177 7.99483,
	8.34892 7.97428,
	8.32778 7.94885,
	8.3087 7.91896,
	8.29199 7.88512,
	8.27793 7.84787,
	8.26675 7.80782,
	8.25863 7.76564,
	8.2537 7.72201,
	"/>
</Transform>

<Transform dim="3"
 xcoef=" 0.578200658987032 1.25456401399526 0 0 0 0"
 ycoef=" 0.357564607526422 0 1.25456401399526 0 0 0">
<Contour name="D023" hidden="false" closed="true" simplified="true" border="0 0 1" fill="0 0 1" mode="13"
 points="10.1345 6.34311,
	10.1351 6.31614,
	10.1369 6.28931,
	10.14 6.26274,
	10.1442 6.23657,
	10.1496 6.21092,
	10.1562 6.18592,
	10.1639 6.1617,
	10.1726 6.13837,
	10.1824 6.11605,
	10.1932 6.09485,
	10.205 6.07487,
	10.2176 6.05622,
	10.231 6.03897,
	10.2451 6.02323,
	10.26 6.00906,
	10.2754 5.99653,
	10.2914 5.98572,
	10.3078 5.97666,
	10.3246 5.96941,
	10.3417 5.964,
	10.359 5.96046,
	10.3764 5.9588,
	10.3938 5.95904,
	10.4112 5.96117,
	10.4284 5.96518,
	10.4455 5.97105,
	10.4622 5.97876,
	10.4785 5.98826,
	10.4943 5.99951,
	10.5096 6.01245,
	10.5243 6.02702,
	10.5383 6.04315,
	10.5515 6.06075,
	10.5639 6.07975,
	10.5754 6.10004,
	10.5859 6.12153,
	10.5955 6.14411,
	10.604 6.16768,
	10.6114 6.19211,
	10.6177 6.21728,
	10.6228 6.24307,
	10.6267 6.26935,
	10.6295 6.296,
	10.631 6.32288,
	10.6313 6.34986,
	10.6304 6.3768,
	10.6283 6.40358,
	10.6249 6.43007,
	10.6204 6.45612,
	10.6147 6.48162,
	10.6078 6.50643,
	10.5999 6.53044,
	10.5908 6.55353,
	10.5808 6.57558,
	10.5698 6.59649,
	10.5578 6.61614,
	10.545 6.63445,
	10.5314 6.65133,
	10.5171 6.66669,
	10.5021 6.68045,
	10.4865 6.69256,
	10.4704 6.70294,
	10.4539 6.71154,
	10.437 6.71834,
	10.4198 6.72328,
	10.4025 6.72635,
	10.3851 6.72754,
	10.3677 6.72683,
	10.3503 6.72423,
	10.3331 6.71975,
	10.3162 6.71341,
	10.2995 6.70526,
	10.2833 6.69531,
	10.2676 6.68364,
	10.2525 6.67028,
	10.238 6.65532,
	10.2242 6.63881,
	10.2111 6.62085,
	10.199 6.60152,
	10.1877 6.58092,
	10.1774 6.55914,
	10.1681 6.5363,
	10.1599 6.51251,
	10.1528 6.48789,
	10.1468 6.46255,
	10.142 6.43663,
	10.1383 6.41024,
	10.1359 6.38352,
	"/>
</Transform>

<Transform dim="3"
 xcoef=" 0.578200658987032 1.25456401399526 0 0 0 0"
 ycoef=" 0.357564607526422 0 1.25456401399526 0 0 0">
<Contour name="D025" hidden="false" closed="true" simplified="true" border="0 0 1" fill="0 0 1" mode="13"
 points="5.69934 5.72157,
	5.70206 5.68361,
	5.71012 5.64706,
	5.72321 5.61329,
	5.74085 5.58356,
	5.76238 5.55896,
	5.787 5.54043,
	5.81379 5.52864,
	5.84176 5.52404,
	5.86986 5.52681,
	5.89704 5.53683,
	5.92229 5.55373,
	5.94467 5.57689,
	5.96336 5.60543,
	5.97764 5.63831,
	5.98699 5.67429,
	5.99106 5.71202,
	5.9897 5.75012,
	5.98295 5.78715,
	5.97108 5.82174,
	5.95452 5.85259,
	5.9339 5.87857,
	5.90997 5.89869,
	5.88363 5.91221,
	5.85586 5.91864,
	5.82769 5.91771,
	5.80019 5.90948,
	5.77436 5.89425,
	5.75117 5.87259,
	5.7315 5.84529,
	5.71606 5.81339,
	5.70544 5.77807,
	"/>
</Transform>

<Transform dim="3"
 xcoef=" 0.578200658987032 1.25456401399526 0 0 0 0"
 ycoef=" 0.357564607526422 0 1.25456401399526 0 0 0">
<Contour name="D026_edge" hidden="false" closed="true" simplified="true" border="0 0 1" fill="0 0 1" mode="13"
 points="1.06942 6.02877,
	1.07262 5.98053,
	1.08214 5.93337,
	1.09776 5.88834,
	1.11915 5.84645,
	1.14581 5.80863,
	1.17717 5.77573,
	1.21251 5.74848,
	1.25104 5.72749,
	1.29192 5.71323,
	1.33421 5.70602,
	1.37698 5.70602,
	1.41927 5.71323,
	1.46015 5.72749,
	1.49868 5.74848,
	1.53402 5.77573,
	1.56537 5.80863,
	1.59204 5.84645,
	1.61343 5.88834,
	1.62905 5.93337,
	1.63857 5.98053,
	1.64177 6.02877,
	1.63857 6.077,
	1.62905 6.12416,
	1.61343 6.16919,
	1.59204 6.21108,
	1.56537 6.2489,
	1.53402 6.28181,
	1.49868 6.30905,
	1.46015 6.33004,
	1.41927 6.3443,
	1.37698 6.35151,
	1.33421 6.35151,
	1.29192 6.3443,
	1.25104 6.33004,
	1.21251 6.30905,
	1.17717 6.28181,
	1.14581 6.2489,
	1.11915 6.21108,
	1.09776 6.16919,
	1.08214 6.12416,
	"/>
</Transform>

<Transform dim="3"
 xcoef=" 0.578200658987032 1.25456401399526 0 0 0 0"
 ycoef=" 0.357564607526422 0 1.25456401399526 0 0 0">
<Contour name="D028" hidden="false" closed="true" simplified="true" border="0 0 1" fill="0 0 1" mode="13"
 points="12.7666 10.1286,
	12.7688 10.1057,
	12.7753 10.084,
	12.7859 10.0647,
	12.7998 10.0486,
	12.8165 10.0367,
	12.8351 10.0296,
	12.8545 10.0276,
	12.8737 10.0309,
	12.8919 10.0393,
	12.908 10.0523,
	12.9212 10.0692,
	12.9307 10.0893,
	12.9362 10.1114,
	12.9373 10.1344,
	12.934 10.1571,
	12.9264 10.1783,
	12.915 10.1969,
	12.9003 10.212,
	12.883 10.2227,
	12.8642 10.2286,
	12.8447 10.2292,
	12.8256 10.2247,
	12.8079 10.2151,
	12.7925 10.201,
	12.7801 10.1832,
	12.7715 10.1625,
	"/>
</Transform>

<Transform dim="3"
 xcoef=" 0.578200658987032 1.25456401399526 0 0 0 0"
 ycoef=" 0.357564607526422 0 1.25456401399526 0 0 0">
<Contour name="D029_edge" hidden="false" closed="true" simplified="true" border="0 0 1" fill="0 0 1" mode="13"
 points="11.0843 12.7625,
	11.0901 12.7373,
	11.107 12.7136,
	11.134 12.6929,
	11.1696 12.6764,
	11.2115 12.6651,
	11.2572 12.6596,
	11.304 12.6604,
	11.349 12.6674,
	11.3895 12.6801,
	11.4231 12.6978,
	11.4478 12.7193,
	11.4619 12.7435,
	11.4648 12.7689,
	11.4562 12.7938,
	11.4367 12.8169,
	11.4073 12.8367,
	11.37 12.852,
	11.3269 12.8619,
	11.2806 12.8658,
	11.234 12.8635,
	11.1899 12.855,
	11.1508 12.841,
	11.1193 12.8222,
	11.0972 12.7999,
	"/>
</Transform>

<Transform dim="3"
 xcoef=" 0.578200658987032 1.25456401399526 0 0 0 0"
 ycoef=" 0.357564607526422 0 1.25456401399526 0 0 0">
<Contour name="D030_oblique" hidden="false" closed="true" simplified="true" border="0 0 1" fill="0 0 1" mode="13"
 points="10.7211 4.86554,
	10.722 4.84023,
	10.7247 4.81517,
	10.7292 4.79063,
	10.7354 4.76686,
	10.7433 4.7441,
	10.7527 4.72259,
	10.7636 4.70254,
	10.7759 4.68417,
	10.7895 4.66766,
	10.8041 4.65318,
	10.8198 4.64088,
	10.8362 4.63088,
	10.8532 4.62329,
	10.8707 4.61819,
	10.8885 4.61563,
	10.9063 4.61563,
	10.9241 4.61819,
	10.9416 4.62329,
	10.9586 4.63088,
	10.9751 4.64088,
	10.9907 4.65318,
	11.0053 4.66766,
	11.0189 4.68417,
	11.0312 4.70254,
	11.0421 4.72259,
	11.0516 4.7441,
	11.0594 4.76686,
	11.0656 4.79063,
	11.0701 4.81517,
	11.0728 4.84023,
	11.0737 4.86554,
	11.0728 4.89086,
	11.0701 4.91592,
	11.0656 4.94046,
	11.0594 4.96423,
	11.0516 4.98699,
	11.0421 5.0085,
	11.0312 5.02854,
	11.0189 5.04692,
	11.0053 5.06343,
	10.9907 5.07791,
	10.9751 5.09021,
	10.9586 5.10021,
	10.9416 5.10779,
	10.9241 5.1129,
	10.9063 5.11546,
	10.8885 5.11546,
	10.8707 5.1129,
	10.8532 5.10779,
	10.8362 5.10021,
	10.8198 5.09021,
	10.8041 5.07791,
	10.7895 5.06343,
	10.7759 5.04692,
	10.7636 5.02854,
	10.7527 5.0085,
	10.7433 4.98699,
	10.7354 4.96423,
	10.7292 4.94046,
	10.7247 4.91592,
	10.722 4.89086,
	"/>
</Transform>

<Transform dim="3"
 xcoef=" 0.578200658987032 1.25456401399526 0 0 0 0"
 ycoef=" 0.357564607526422 0 1.25456401399526 0 0 0">
<Contour name="D031_oblique" hidden="false" closed="true" simplified="true" border="0 0 1" fill="0 0 1" mode="13"
 points="12.1817 7.54169,
	12.1834 7.52194,
	12.1882 7.50274,
	12.196 7.48463,
	12.2067 7.46812,
	12.2199 7.45366,
	12.2353 7.44168,
	12.2524 7.4325,
	12.2708 7.42637,
	12.2899 7.42347,
	12.3092 7.42389,
	12.3281 7.4276,
	12.3462 7.43451,
	12.363 7.44443,
	12.3778 7.45706,
	12.3905 7.47207,
	12.4005 7.48902,
	12.4076 7.50746,
	12.4116 7.52685,
	12.4124 7.54665,
	12.41 7.56632,
	12.4044 7.5853,
	12.3958 7.60305,
	12.3845 7.61909,
	12.3707 7.63296,
	12.3548 7.64427,
	12.3373 7.65272,
	12.3187 7.65805,
	12.2995 7.66012,
	12.2803 7.65887,
	12.2615 7.65435,
	12.2437 7.64666,
	12.2274 7.63604,
	12.213 7.62278,
	12.201 7.60724,
	12.1917 7.58987,
	12.1854 7.57115,
	"/>
</Transform>

<Transform dim="3"
 xcoef=" 0.578200658987032 1.25456401399526 0 0 0 0"
 ycoef=" 0.357564607526422 0 1.25456401399526 0 0 0">
<Contour name="D032" hidden="false" closed="true" simplified="true" border="0 0 1" fill="0 0 1" mode="13"
 points="6.95604 6.59596,
	6.95758 6.57656,
	6.96219 6.55738,
	6.96981 6.53863,
	6.98037 6.52052,
	6.99374 6.50325,
	7.00977 6.48701,
	7.02828 6.47199,
	7.04908 6.45835,
	7.07192 6.44624,
	7.09655 6.43579,
	7.1227 6.42714,
	7.15008 6.42036,
	7.17838 6.41554,
	7.20729 6.41273,
	7.23648 6.41196,
	7.26564 6.41324,
	7.29442 6.41656,
	7.32252 6.42187,
	7.34962 6.42913,
	7.37542 6.43824,
	7.39963 6.44911,
	7.42199 6.46162,
	7.44223 6.47562,
	7.46015 6.49097,
	7.47553 6.50748,
	7.4882 6.52498,
	7.49803 6.54327,
	7.50491 6.56214,
	7.50875 6.5814,
	7.50953 6.60081,
	7.50721 6.62018,
	7.50185 6.63927,
	7.49348 6.65788,
	7.48221 6.6758,
	7.46816 6.69283,
	7.45149 6.70878,
	7.43239 6.72347,
	7.41106 6.73674,
	7.38775 6.74845,
	7.3627 6.75845,
	7.33622 6.76665,
	7.30858 6.77294,
	7.2801 6.77727,
	7.25109 6.77957,
	7.22187 6.77982,
	7.19278 6.77803,
	7.16414 6.77421,
	7.13626 6.76841,
	7.10946 6.76068,
	7.08403 6.75111,
	7.06026 6.73982,
	7.03841 6.72693,
	7.01872 6.71258,
	7.00143 6.69692,
	6.98671 6.68015,
	6.97473 6.66243,
	6.96563 6.64397,
	6.95951 6.62498,
	"/>
</Transform>

<Transform dim="3"
 xcoef=" 0.578200658987032 1.25456401399526 0 0 0 0"
 ycoef=" 0.357564607526422 0 1.25456401399526 0 0 0">
<Contour name="D033" hidden="false" closed="true" simplified="true" border="0 0 1" fill="0 0 1" mode="13"
 points="14.1703 4.37287,
	14.1761 4.35413,
	14.1928 4.33721,
	14.2188 4.32379,
	14.2517 4.31518,
	14.288 4.31221,
	14.3244 4.31518,
	14.3573 4.32379,
	14.3833 4.33721,
	14.4 4.35413,
	14.4058 4.37287,
	14.4 4.39162,
	14.3833 4.40853,
	14.3573 4.42195,
	14.3244 4.43057,
	14.288 4.43353,
	14.2517 4.43057,
	14.2188 4.42195,
	14.1928 4.40853,
	"/>
</Transform>

<Transform dim="3"
 xcoef=" 0.578200658987032 1.25456401399526 0 0 0 0"
 ycoef=" 0.357564607526422 0 1.25456401399526 0 0 0">
<Contour name="D034" hidden="false" closed="true" simplified="true" border="0 0 1" fill="0 0 1" mode="13"
 points="10.682 3.14308,
	10.683 3.12693,
	10.6861 3.11087,
	10.6911 3.09499,
	10.6982 3.07939,
	10.7072 3.06416,
	10.7181 3.04937,
	10.7309 3.03513,
	10.7454 3.0215,
	10.7616 3.00856,
	10.7793 2.9964,
	10.7986 2.98508,
	10.8192 2.97466,
	10.8411 2.96521,
	10.8641 2.95678,
	10.8881 2.94941,
	10.913 2.94316,
	10.9386 2.93805,
	10.9647 2.93411,
	10.9913 2.93137,
	11.0182 2.92984,
	11.0451 2.92954,
	11.0721 2.93045,
	11.0988 2.93259,
	11.1252 2.93593,
	11.1511 2.94046,
	11.1763 2.94614,
	11.2008 2.95296,
	11.2243 2.96087,
	11.2468 2.96981,
	11.2681 2.97976,
	11.288 2.99063,
	11.3065 3.00238,
	11.3235 3.01494,
	11.3389 3.02823,
	11.3525 3.04218,
	11.3643 3.0567,
	11.3743 3.07172,
	11.3824 3.08715,
	11.3884 3.1029,
	11.3925 3.11888,
	11.3945 3.135,
	11.3945 3.15117,
	11.3925 3.16728,
	11.3884 3.18326,
	11.3824 3.19901,
	11.3743 3.21444,
	11.3643 3.22946,
	11.3525 3.24399,
	11.3389 3.25794,
	11.3235 3.27123,
	11.3065 3.28378,
	11.288 3.29553,
	11.2681 3.30641,
	11.2468 3.31635,
	11.2243 3.3253,
	11.2008 3.33321,
	11.1763 3.34002,
	11.1511 3.34571,
	11.1252 3.35024,
	11.0988 3.35358,
	11.0721 3.35571,
	11.0451 3.35663,
	11.0182 3.35633,
	10.9913 3.3548,
	10.9647 3.35206,
	10.9386 3.34812,
	10.913 3.34301,
	10.8881 3.33675,
	10.8641 3.32939,
	10.8411 3.32095,
	10.8192 3.3115,
	10.7986 3.30109,
	10.7793 3.28976,
	10.7616 3.2776,
	10.7454 3.26467,
	10.7309 3.25104,
	10.7181 3.23679,
	10.7072 3.22201,
	10.6982 3.20677,
	10.6911 3.19117,
	10.6861 3.1753,
	"/>
</Transform>

<Transform dim="3"
 xcoef=" 0.578200658987032 1.25456401399526 0 0 0 0"
 ycoef=" 0.357564607526422 0 1.25456401399526 0 0 0">
<Contour name="D035" hidden="false" closed="true" simplified="true" border="0 0 1" fill="0 0 1" mode="13"
 points="7.48979 4.25923,
	7.49087 4.23338,
	7.49409 4.20774,
	7.49942 4.18252,
	7.50684 4.15793,
	7.51626 4.13416,
	7.52762 4.11142,
	7.54083 4.08988,
	7.55577 4.06973,
	7.57233 4.05113,
	7.59036 4.03422,
	7.60973 4.01915,
	7.63026 4.00605,
	7.65181 3.99501,
	7.67418 3.98613,
	7.6972 3.97948,
	7.72068 3.97511,
	7.74443 3.97307,
	7.76824 3.97336,
	7.79194 3.97599,
	7.81532 3.98093,
	7.8382 3.98814,
	7.86038 3.99757,
	7.88169 4.00913,
	7.90195 4.02274,
	7.921 4.03828,
	7.93868 4.05562,
	7.95484 4.07463,
	7.96936 4.09514,
	7.98211 4.117,
	7.993 4.14002,
	8.00193 4.16401,
	8.00883 4.18877,
	8.01364 4.21412,
	8.01632 4.23983,
	8.01686 4.2657,
	8.01525 4.29151,
	8.0115 4.31707,
	8.00564 4.34215,
	7.99771 4.36655,
	7.9878 4.39008,
	7.97596 4.41254,
	7.96231 4.43374,
	7.94696 4.45353,
	7.93002 4.47172,
	7.91164 4.48818,
	7.89196 4.50277,
	7.87116 4.51536,
	7.84939 4.52587,
	7.82684 4.5342,
	7.80368 4.54028,
	7.78012 4.54407,
	7.75634 4.54553,
	7.73253 4.54466,
	7.7089 4.54145,
	7.68562 4.53593,
	7.6629 4.52816,
	7.64092 4.51819,
	7.61986 4.50611,
	7.59989 4.492,
	7.58117 4.476,
	7.56385 4.45823,
	7.54809 4.43883,
	7.534 4.41796,
	7.52171 4.3958,
	7.5113 4.37252,
	7.50287 4.34832,
	7.49649 4.32339,
	7.49221 4.29794,
	"/>
</Transform>

<Transform dim="3"
 xcoef=" 0.578200658987032 1.25456401399526 0 0 0 0"
 ycoef=" 0.357564607526422 0 1.25456401399526 0 0 0">
<Contour name="D036" hidden="false" closed="true" simplified="true" border="0 0 1" fill="0 0 1" mode="13"
 points="17.8505 5.9414,
	17.8529 5.90954,
	17.8599 5.87829,
	17.8714 5.84828,
	17.8872 5.82008,
	17.907 5.79423,
	17.9305 5.77126,
	17.957 5.75159,
	17.9862 5.73562,
	18.0175 5.72365,
	18.0502 5.71593,
	18.0837 5.71259,
	18.1174 5.7137,
	18.1506 5.71925,
	18.1827 5.72912,
	18.213 5.74312,
	18.241 5.76098,
	18.266 5.78236,
	18.2877 5.80683,
	18.3056 5.83392,
	18.3193 5.8631,
	18.3286 5.8938,
	18.3333 5.92543,
	18.3333 5.95737,
	18.3286 5.989,
	18.3193 6.01971,
	18.3056 6.04889,
	18.2877 6.07598,
	18.266 6.10045,
	18.241 6.12182,
	18.213 6.13968,
	18.1827 6.15369,
	18.1506 6.16356,
	18.1174 6.1691,
	18.0837 6.17022,
	18.0502 6.16688,
	18.0175 6.15915,
	17.9862 6.14719,
	17.957 6.13121,
	17.9305 6.11155,
	17.907 6.08857,
	17.8872 6.06273,
	17.8714 6.03453,
	17.8599 6.00451,
	"/>
</Transform>

<Transform dim="3"
 xcoef=" 0.578200658987032 1.25456401399526 0 0 0 0"
 ycoef=" 0.357564607526422 0 1.25456401399526 0 0 0">
<Contour name="D040_edge" hidden="false" closed="true" simplified="true" border="0 0 1" fill="0 0 1" mode="13"
 points="6.78361 3.47748,
	6.78567 3.44019,
	6.79181 3.40355,
	6.80192 3.36824,
	6.81582 3.33488,
	6.83326 3.30406,
	6.85394 3.27634,
	6.87747 3.2522,
	6.90345 3.23209,
	6.93141 3.21635,
	6.96085 3.20528,
	6.99124 3.19906,
	7.02205 3.19781,
	7.05272 3.20155,
	7.0827 3.21022,
	7.11146 3.22366,
	7.13849 3.24162,
	7.16331 3.26379,
	7.18546 3.28978,
	7.20457 3.31912,
	7.22027 3.35128,
	7.23231 3.38569,
	7.24045 3.42174,
	7.24456 3.45879,
	7.24456 3.49617,
	7.24045 3.53322,
	7.23231 3.56927,
	7.22027 3.60369,
	7.20457 3.63585,
	7.18546 3.66518,
	7.16331 3.69117,
	7.13849 3.71334,
	7.11146 3.73131,
	7.0827 3.74474,
	7.05272 3.75341,
	7.02205 3.75715,
	6.99124 3.7559,
	6.96085 3.74968,
	6.93141 3.73861,
	6.90345 3.72288,
	6.87747 3.70276,
	6.85394 3.67863,
	6.83326 3.6509,
	6.81582 3.62009,
	6.80192 3.58672,
	6.79181 3.55141,
	"/>
</Transform>

<Transform dim="3"
 xcoef=" 0.578200658987032 1.25456401399526 0 0 0 0"
 ycoef=" 0.357564607526422 0 1.25456401399526 0 0 0">
<Contour name="D041_oblique" hidden="false" closed="true" simplified="true" border="0 0 1" fill="0 0 1" mode="13"
 points="21.9613 3.49192,
	21.9678 3.46622,
	21.9872 3.44124,
	22.019 3.41768,
	22.0622 3.3962,
	22.1156 3.3774,
	22.1778 3.3618,
	22.247 3.34985,
	22.3212 3.34188,
	22.3984 3.33812,
	22.4765 3.33866,
	22.5532 3.34349,
	22.6263 3.35248,
	22.6939 3.36538,
	22.7541 3.38182,
	22.8051 3.40134,
	22.8455 3.4234,
	22.8742 3.44738,
	22.8905 3.47261,
	22.8937 3.49838,
	22.884 3.52396,
	22.8614 3.54865,
	22.8267 3.57175,
	22.7808 3.59262,
	22.725 3.61067,
	22.6609 3.62538,
	22.5903 3.63637,
	22.5151 3.6433,
	22.4375 3.646,
	22.3596 3.64438,
	22.2836 3.63849,
	22.2116 3.62849,
	22.1457 3.61467,
	22.0877 3.59742,
	22.0392 3.5772,
	22.0016 3.5546,
	21.9759 3.53025,
	"/>
</Transform>

<Transform dim="3"
 xcoef=" 0.578200658987032 1.25456401399526 0 0 0 0"
 ycoef=" 0.357564607526422 0 1.25456401399526 0 0 0">
<Contour name="D042_edge" hidden="false" closed="true" simplified="true" border="0 0 1" fill="0 0 1" mode="13"
 points="6.47461 5.31873,
	6.48897 5.25506,
	6.53064 5.19763,
	6.59555 5.15206,
	6.67735 5.1228,
	6.76802 5.11271,
	6.85869 5.1228,
	6.94048 5.15206,
	7.00539 5.19763,
	7.04707 5.25506,
	7.06143 5.31873,
	7.04707 5.38239,
	7.00539 5.43982,
	6.94048 5.48539,
	6.85869 5.51465,
	6.76802 5.52474,
	6.67735 5.51465,
	6.59555 5.48539,
	6.53064 5.43982,
	"/>
</Transform>

<Transform dim="3"
 xcoef=" 0.578200658987032 1.25456401399526 0 0 0 0"
 ycoef=" 0.357564607526422 0 1.25456401399526 0 0 0">
<Contour name="D043" hidden="false" closed="true" simplified="true" border="0 0 1" fill="0 0 1" mode="13"
 points="3.33861 10.7972,
	3.34107 10.7709,
	3.34844 10.7448,
	3.36062 10.7194,
	3.37748 10.6948,
	3.39881 10.6715,
	3.42436 10.6496,
	3.45384 10.6295,
	3.4869 10.6113,
	3.52315 10.5954,
	3.56217 10.5817,
	3.6035 10.5707,
	3.64665 10.5622,
	3.69112 10.5565,
	3.73639 10.5537,
	3.78193 10.5537,
	3.8272 10.5565,
	3.87167 10.5622,
	3.91482 10.5707,
	3.95615 10.5817,
	3.99517 10.5954,
	4.03142 10.6113,
	4.06448 10.6295,
	4.09396 10.6496,
	4.11951 10.6715,
	4.14084 10.6948,
	4.1577 10.7194,
	4.16988 10.7448,
	4.17725 10.7709,
	4.17971 10.7972,
	4.17725 10.8236,
	4.16988 10.8497,
	4.1577 10.8751,
	4.14084 10.8997,
	4.11951 10.923,
	4.09396 10.9449,
	4.06448 10.965,
	4.03142 10.9832,
	3.99517 10.9991,
	3.95615 11.0128,
	3.91482 11.0238,
	3.87167 11.0323,
	3.8272 11.038,
	3.78193 11.0408,
	3.73639 11.0408,
	3.69112 11.038,
	3.64665 11.0323,
	3.6035 11.0238,
	3.56217 11.0128,
	3.52315 10.9991,
	3.4869 10.9832,
	3.45384 10.965,
	3.42436 10.9449,
	3.39881 10.923,
	3.37748 10.8997,
	3.36062 10.8751,
	3.34844 10.8497,
	"/>
</Transform>

<Transform dim="3"
 xcoef=" 0.578200658987032 1.25456401399526 0 0 0 0"
 ycoef=" 0.357564607526422 0 1.25456401399526 0 0 0">
<Contour name="D047" hidden="false" closed="true" simplified="true" border="0 0 1" fill="0 0 1" mode="13"
 points="7.58091 1.13804,
	7.58452 1.1109,
	7.59527 1.08429,
	7.61295 1.05873,
	7.63721 1.0347,
	7.6676 1.01269,
	7.7035 0.993124,
	7.74424 0.976374,
	7.789 0.962771,
	7.83693 0.95258,
	7.88709 0.945998,
	7.9385 0.943154,
	7.99016 0.944104,
	8.04106 0.948828,
	8.09022 0.957235,
	8.13668 0.969161,
	8.17954 0.984375,
	8.21795 1.00258,
	8.25118 1.02342,
	8.27857 1.04649,
	8.29959 1.07135,
	8.31384 1.0975,
	8.32104 1.12444,
	8.32104 1.15165,
	8.31384 1.17859,
	8.29959 1.20474,
	8.27857 1.22959,
	8.25118 1.25266,
	8.21795 1.27351,
	8.17954 1.29171,
	8.13668 1.30692,
	8.09022 1.31885,
	8.04106 1.32726,
	7.99016 1.33198,
	7.9385 1.33293,
	7.88709 1.33009,
	7.83693 1.3235,
	7.789 1.31331,
	7.74424 1.29971,
	7.7035 1.28296,
	7.6676 1.26339,
	7.63721 1.24138,
	7.61295 1.21736,
	7.59527 1.19179,
	"/>
</Transform>

<Transform dim="3"
 xcoef=" 0.578200658987032 1.25456401399526 0 0 0 0"
 ycoef=" 0.357564607526422 0 1.25456401399526 0 0 0">
<Contour name="D048_oblique" hidden="false" closed="true" simplified="true" border="0 0 1" fill="0 0 1" mode="13"
 points="16.1955 5.83626,
	16.1976 5.81094,
	16.2039 5.78676,
	16.214 5.76481,
	16.2276 5.74609,
	16.244 5.73145,
	16.2625 5.72155,
	16.2822 5.71683,
	16.3022 5.71751,
	16.3217 5.72355,
	16.3397 5.73469,
	16.3555 5.75042,
	16.3683 5.77003,
	16.3775 5.79263,
	16.3828 5.81721,
	16.3838 5.84264,
	16.3806 5.86779,
	16.3733 5.89151,
	16.3623 5.91274,
	16.3479 5.93051,
	16.3309 5.94402,
	16.3121 5.95266,
	16.2922 5.95604,
	16.2722 5.95401,
	16.2531 5.94665,
	16.2355 5.93431,
	16.2205 5.91754,
	16.2085 5.89709,
	16.2002 5.8739,
	"/>
</Transform>

<Transform dim="3"
 xcoef=" 0.578200658987032 1.25456401399526 0 0 0 0"
 ycoef=" 0.357564607526422 0 1.25456401399526 0 0 0">
<Contour name="D049" hidden="false" closed="true" simplified="true" border="0 0 1" fill="0 0 1" mode="13"
 points="8.96716 10.5732,
	8.97069 10.5261,
	8.9812 10.4802,
	8.9984 10.4368,
	9.02184 10.397,
	9.05089 10.3619,
	9.08478 10.3324,
	9.12262 10.3093,
	9.16339 10.2932,
	9.20601 10.2846,
	9.24936 10.2836,
	9.29227 10.2904,
	9.33361 10.3046,
	9.37228 10.326,
	9.40724 10.3539,
	9.43759 10.3877,
	9.46249 10.4264,
	9.4813 10.469,
	9.49352 10.5144,
	9.49881 10.5614,
	9.49704 10.6086,
	9.48826 10.6549,
	9.47269 10.6991,
	9.45076 10.7399,
	9.42305 10.7762,
	9.39028 10.8072,
	9.35334 10.832,
	9.31321 10.8498,
	9.27094 10.8604,
	9.22767 10.8633,
	9.18454 10.8584,
	9.1427 10.846,
	9.10327 10.8264,
	9.06728 10.8,
	9.03571 10.7676,
	9.00937 10.73,
	8.98899 10.6883,
	8.97508 10.6435,
	"/>
</Transform>

<Transform dim="1"
 xcoef=" 0.160877765133487 1 0 0 0 0"
 ycoef=" 0.115011050482577 0 1 0 0 0">
<Contour name="D049 ax01" hidden="false" closed="true" simplified="false" border="0 1 1" fill="0 1 1" mode="-9"
 points="7.84852 5.97807,
	7.86154 5.96505,
	7.80946 5.91297,
	7.82248 5.89996,
	7.87456 5.95203,
	7.88758 5.93901,
	7.88758 5.97807,
	"/>
</Transform>

<Transform dim="1"
 xcoef=" 0.160877765133487 1 0 0 0 0"
 ycoef=" 0.115011050482577 0 1 0 0 0">
<Contour name="D051 edge" hidden="false" closed="true" simplified="true" border="0 0 1" fill="0 0 1" mode="13"
 points="9.64971 1.14367,
	9.65259 1.11402,
	9.6611 1.08559,
	9.67489 1.05954,
	9.69341 1.03693,
	9.71588 1.01869,
	9.7414 1.00556,
	9.76892 0.998092,
	9.79731 0.996583,
	9.8254 1.0011,
	9.85206 1.01144,
	9.87618 1.02721,
	9.89678 1.04774,
	9.91302 1.0722,
	9.92423 1.09958,
	9.92995 1.12877,
	9.92995 1.15857,
	9.92423 1.18776,
	9.91302 1.21514,
	9.89678 1.2396,
	9.87618 1.26013,
	9.85206 1.27589,
	9.8254 1.28624,
	9.79731 1.29075,
	9.76892 1.28925,
	9.7414 1.28178,
	9.71588 1.26865,
	9.69341 1.25041,
	9.67489 1.2278,
	9.6611 1.20175,
	9.65259 1.17332,
	"/>
</Transform>

<Transform dim="1"
 xcoef=" 0.160877765133487 1 0 0 0 0"
 ycoef=" 0.115011050482577 0 1 0 0 0">
<Contour name="D053_edge" hidden="false" closed="true" simplified="true" border="0 0 1" fill="0 0 1" mode="13"
 points="15.6027 2.26245,
	15.604 2.24141,
	15.6078 2.22087,
	15.6141 2.20132,
	15.6227 2.18325,
	15.6334 2.16708,
	15.6459 2.1532,
	15.6599 2.14194,
	15.6752 2.13358,
	15.6912 2.12832,
	15.7078 2.12627,
	15.7243 2.1275,
	15.7406 2.13197,
	15.756 2.13957,
	15.7704 2.15013,
	15.7833 2.16338,
	15.7945 2.17901,
	15.8036 2.19665,
	15.8105 2.21587,
	15.8149 2.23621,
	15.8169 2.25717,
	15.8162 2.27827,
	15.813 2.29898,
	15.8074 2.31882,
	15.7993 2.3373,
	15.7892 2.35399,
	15.7771 2.36847,
	15.7634 2.38041,
	15.7484 2.38952,
	15.7325 2.39557,
	15.7161 2.39843,
	15.6995 2.39802,
	15.6831 2.39435,
	15.6674 2.38752,
	15.6527 2.37768,
	15.6394 2.36508,
	15.6278 2.35001,
	15.6181 2.33283,
	15.6107 2.31397,
	15.6056 2.29387,
	"/>
</Transform>

<Transform dim="1"
 xcoef=" 0.160877765133487 1 0 0 0 0"
 ycoef=" 0.115011050482577 0 1 0 0 0">
<Contour name="D055" hidden="false" closed="true" simplified="true" border="0 0 1" fill="0 0 1" mode="13"
 points="1.42755 2.14247,
	1.43389 2.11044,
	1.4523 2.08155,
	1.48096 2.05862,
	1.51708 2.0439,
	1.55711 2.03882,
	1.59715 2.0439,
	1.63327 2.05862,
	1.66193 2.08155,
	1.68033 2.11044,
	1.68667 2.14247,
	1.68033 2.1745,
	1.66193 2.20339,
	1.63327 2.22633,
	1.59715 2.24105,
	1.55711 2.24612,
	1.51708 2.24105,
	1.48096 2.22633,
	1.4523 2.20339,
	"/>
</Transform>

<Transform dim="1"
 xcoef=" 0.160877765133487 1 0 0 0 0"
 ycoef=" 0.115011050482577 0 1 0 0 0">
<Contour name="D039" hidden="false" closed="true" simplified="true" border="0 0 1" fill="0 0 1" mode="13"
 points="11.3339 2.73187,
	11.336 2.71332,
	11.342 2.69546,
	11.3519 2.67895,
	11.3652 2.66442,
	11.3814 2.6524,
	11.4 2.64334,
	11.4201 2.63758,
	11.4412 2.63533,
	11.4624 2.63668,
	11.4828 2.64158,
	11.5019 2.64984,
	11.5187 2.66116,
	11.5328 2.67511,
	11.5436 2.69118,
	11.5506 2.70876,
	11.5537 2.7272,
	11.5526 2.74582,
	11.5476 2.76392,
	11.5386 2.78082,
	11.5261 2.7959,
	11.5106 2.8086,
	11.4926 2.81843,
	11.4727 2.82504,
	11.4518 2.82818,
	11.4306 2.82773,
	11.4099 2.82371,
	11.3904 2.81626,
	11.373 2.80568,
	11.3581 2.79234,
	11.3465 2.77675,
	11.3385 2.75948,
	"/>
</Transform>

<Transform dim="1"
 xcoef=" 0.160877765133487 1 0 0 0 0"
 ycoef=" 0.115011050482577 0 1 0 0 0">
<Contour name="D020_ax01" hidden="false" closed="true" simplified="false" border="0 1 1" fill="0 1 1" mode="11"
 points="10.4382 7.99912,
	10.4479 7.98943,
	10.4092 7.95066,
	10.4189 7.94097,
	10.4576 7.97974,
	10.4673 7.97005,
	10.4673 7.99912,
	"/>
</Transform>

<Transform dim="1"
 xcoef=" 0.160877765133487 1 0 0 0 0"
 ycoef=" 0.115011050482577 0 1 0 0 0">
<Contour name="D046" hidden="false" closed="true" simplified="true" border="0 0 1" fill="0 0 1" mode="13"
 points="11.1357 1.45499,
	11.1371 1.43962,
	11.1413 1.42444,
	11.1481 1.40963,
	11.1575 1.39536,
	11.1695 1.38182,
	11.1838 1.36917,
	11.2003 1.35757,
	11.2188 1.34714,
	11.239 1.33802,
	11.2608 1.33033,
	11.2838 1.32414,
	11.3077 1.31955,
	11.3324 1.3166,
	11.3574 1.31533,
	11.3825 1.31575,
	11.4074 1.31786,
	11.4318 1.32164,
	11.4553 1.32704,
	11.4777 1.33399,
	11.4987 1.34241,
	11.5181 1.3522,
	11.5356 1.36323,
	11.551 1.37538,
	11.5642 1.38849,
	11.5749 1.40241,
	11.5831 1.41697,
	11.5886 1.43199,
	11.5913 1.44729,
	11.5913 1.46269,
	11.5886 1.47799,
	11.5831 1.49301,
	11.5749 1.50757,
	11.5642 1.52149,
	11.551 1.5346,
	11.5356 1.54675,
	11.5181 1.55779,
	11.4987 1.56757,
	11.4777 1.57599,
	11.4553 1.58294,
	11.4318 1.58834,
	11.4074 1.59212,
	11.3825 1.59423,
	11.3574 1.59466,
	11.3324 1.59339,
	11.3077 1.59044,
	11.2838 1.58584,
	11.2608 1.57966,
	11.239 1.57196,
	11.2188 1.56284,
	11.2003 1.55242,
	11.1838 1.54081,
	11.1695 1.52816,
	11.1575 1.51462,
	11.1481 1.50036,
	11.1413 1.48555,
	"/>
</Transform>

<Transform dim="1"
 xcoef=" 0.160877765133487 1 0 0 0 0"
 ycoef=" -0.689223137194643 0 1 0 0 0">
<Contour name="d046_p03" hidden="false" closed="true" simplified="true" border="1 1 0" fill="1 1 0" mode="11"
 points="10.7357 0.0179753,
	10.738 0.0128395,
	10.7396 0.0077037,
	10.7418 0.0025679,
	10.7425 0,
	10.7528 -0.0205432,
	10.7576 -0.0308148,
	10.7605 -0.0359506,
	10.7617 -0.0385185,
	10.7624 -0.0410864,
	10.7637 -0.0436543,
	10.7685 -0.0641975,
	10.7765 -0.0847407,
	10.7807 -0.0950123,
	10.7836 -0.100148,
	10.7852 -0.102716,
	10.7894 -0.107852,
	10.7916 -0.11042,
	10.7967 -0.114593,
	10.798 -0.115876,
	10.8083 -0.121654,
	10.8134 -0.125185,
	10.8186 -0.129358,
	10.8208 -0.131926,
	10.824 -0.137062,
	10.8253 -0.142197,
	10.8256 -0.144765,
	10.8272 -0.149901,
	10.8288 -0.160173,
	10.8304 -0.165309,
	10.8311 -0.167876,
	10.8327 -0.170444,
	10.8336 -0.171728,
	10.8372 -0.182,
	10.8388 -0.187136,
	10.8436 -0.197407,
	10.8465 -0.202543,
	10.8503 -0.207679,
	10.8523 -0.210247,
	10.8536 -0.212815,
	10.8638 -0.222123,
	10.8738 -0.227901,
	10.884 -0.235284,
	10.8943 -0.241383,
	10.8969 -0.242988,
	10.8995 -0.245234,
	10.902 -0.246518,
	10.9123 -0.253901,
	10.9328 -0.272518,
	10.9354 -0.274765,
	10.9393 -0.279901,
	10.945 -0.290173,
	10.9466 -0.292741,
	10.9476 -0.295309,
	10.9588 -0.315852,
	10.9646 -0.326123,
	10.9717 -0.336395,
	10.9807 -0.346667,
	10.9903 -0.356938,
	10.9993 -0.36721,
	11.0076 -0.377481,
	11.0112 -0.382617,
	11.0128 -0.385185,
	11.0137 -0.387753,
	11.0147 -0.388716,
	11.015 -0.39,
	11.0185 -0.395136,
	11.0195 -0.397704,
	11.0224 -0.402839,
	11.0246 -0.407975,
	11.0272 -0.418247,
	11.0282 -0.420815,
	11.0285 -0.422099,
	11.0285 -0.422741,
	11.0291 -0.423383,
	11.0301 -0.428518,
	11.0317 -0.433654,
	11.0339 -0.443926,
	11.0352 -0.449062,
	11.0352 -0.449703,
	11.0365 -0.450987,
	11.0391 -0.461259,
	11.0426 -0.471531,
	11.0439 -0.476666,
	11.0461 -0.481802,
	11.0465 -0.483086,
	11.0465 -0.483728,
	11.0474 -0.485012,
	11.0481 -0.48758,
	11.0506 -0.492716,
	11.0522 -0.495284,
	11.0542 -0.50042,
	11.0555 -0.502987,
	11.0561 -0.505555,
	11.0596 -0.510691,
	11.0638 -0.515827,
	11.0689 -0.520963,
	11.0715 -0.52321,
	11.0728 -0.524494,
	11.0754 -0.526099,
	11.0779 -0.528345,
	11.0792 -0.529308,
	11.0818 -0.530271,
	11.0869 -0.53316,
	11.0882 -0.534123,
	11.0985 -0.537975,
	11.1087 -0.540864,
	11.1139 -0.541827,
	11.1164 -0.542469,
	11.137 -0.543432,
	11.1473 -0.543432,
	11.1524 -0.543111,
	11.1575 -0.541827,
	11.1627 -0.53958,
	11.1652 -0.538296,
	11.1665 -0.537654,
	11.1678 -0.537654,
	11.1691 -0.536691,
	11.1697 -0.536691,
	11.171 -0.535728,
	11.1723 -0.535407,
	11.1729 -0.535407,
	11.1736 -0.534765,
	11.1761 -0.534444,
	11.1864 -0.52995,
	11.1916 -0.528024,
	11.1967 -0.52674,
	11.1993 -0.526099,
	11.2005 -0.525136,
	11.2031 -0.524173,
	11.2082 -0.521284,
	11.2134 -0.519037,
	11.2185 -0.516148,
	11.2288 -0.507481,
	11.232 -0.502345,
	11.2362 -0.49721,
	11.2429 -0.486938,
	11.248 -0.476666,
	11.2487 -0.474099,
	11.2496 -0.472815,
	11.2509 -0.467679,
	11.2513 -0.465111,
	11.2519 -0.464469,
	11.2519 -0.463185,
	11.2525 -0.461901,
	11.2529 -0.459333,
	11.2557 -0.449062,
	11.2574 -0.443926,
	11.2583 -0.441358,
	11.2583 -0.440074,
	11.2593 -0.43879,
	11.2599 -0.436222,
	11.2602 -0.434938,
	11.2618 -0.43237,
	11.2625 -0.429802,
	11.2647 -0.424666,
	11.2766 -0.404123,
	11.2776 -0.401555,
	11.2805 -0.39642,
	11.2843 -0.391284,
	11.2895 -0.381012,
	11.2904 -0.378444,
	11.2962 -0.368173,
	11.2972 -0.365605,
	11.2991 -0.363037,
	11.3007 -0.357901,
	11.302 -0.355333,
	11.3049 -0.345062,
	11.3058 -0.339926,
	11.3065 -0.338642,
	11.3065 -0.338,
	11.3071 -0.337358,
	11.3074 -0.33479,
	11.3084 -0.332222,
	11.3087 -0.329654,
	11.3087 -0.32837,
	11.3097 -0.325802,
	11.3103 -0.305259,
	11.3106 -0.300123,
	11.311 -0.297555,
	11.311 -0.296271,
	11.3119 -0.293704,
	11.3148 -0.27316,
	11.3164 -0.268025,
	11.3174 -0.265457,
	11.3177 -0.264173,
	11.3177 -0.263531,
	11.3193 -0.260963,
	11.3203 -0.258395,
	11.3206 -0.257111,
	11.3212 -0.256469,
	11.3216 -0.255185,
	11.3232 -0.252617,
	11.3241 -0.251333,
	11.3244 -0.250049,
	11.3254 -0.249086,
	11.3254 -0.248444,
	11.3264 -0.24716,
	11.3267 -0.245876,
	11.3273 -0.245234,
	11.3276 -0.243951,
	11.3296 -0.241383,
	11.3302 -0.240099,
	11.3302 -0.239457,
	11.3312 -0.238173,
	11.3321 -0.235605,
	11.3443 -0.215062,
	11.3479 -0.209926,
	11.3485 -0.208642,
	11.3649 -0.188099,
	11.3671 -0.186173,
	11.3719 -0.181358,
	11.3819 -0.173012,
	11.3845 -0.170765,
	11.387 -0.16916,
	11.3883 -0.168197,
	11.389 -0.168197,
	11.3941 -0.164346,
	11.3989 -0.15921,
	11.4031 -0.154074,
	11.4066 -0.148938,
	11.4069 -0.147654,
	11.4085 -0.145086,
	11.4095 -0.139951,
	11.4098 -0.134815,
	11.4092 -0.129679,
	11.4079 -0.124543,
	11.4047 -0.119407,
	11.4044 -0.118123,
	11.4012 -0.112988,
	11.4005 -0.112346,
	11.3954 -0.111383,
	11.3851 -0.110741,
	11.38 -0.11042,
	11.3748 -0.109457,
	11.3697 -0.107852,
	11.3646 -0.105605,
	11.3594 -0.104,
	11.3543 -0.103679,
	11.3492 -0.104,
	11.344 -0.105605,
	11.3389 -0.107852,
	11.3286 -0.113951,
	11.3235 -0.117481,
	11.3209 -0.119086,
	11.3196 -0.120049,
	11.3183 -0.12037,
	11.3174 -0.121333,
	11.3161 -0.121654,
	11.3148 -0.122617,
	11.3135 -0.122938,
	11.3113 -0.124864,
	11.31 -0.125506,
	11.3094 -0.126148,
	11.3068 -0.127111,
	11.3042 -0.128716,
	11.3016 -0.129679,
	11.2965 -0.132889,
	11.2866 -0.138346,
	11.284 -0.139951,
	11.2827 -0.140914,
	11.2814 -0.141235,
	11.2712 -0.148617,
	11.266 -0.152148,
	11.2635 -0.154074,
	11.2532 -0.15921,
	11.2525 -0.15921,
	11.2513 -0.160173,
	11.2461 -0.161457,
	11.2436 -0.162099,
	11.2423 -0.163062,
	11.2371 -0.164667,
	11.232 -0.16563,
	11.2294 -0.166593,
	11.2281 -0.166914,
	11.2275 -0.166914,
	11.2262 -0.167876,
	11.2159 -0.170444,
	11.2134 -0.171086,
	11.2121 -0.171407,
	11.2115 -0.172049,
	11.2012 -0.174617,
	11.196 -0.17558,
	11.1909 -0.175901,
	11.1883 -0.176864,
	11.1871 -0.176864,
	11.1858 -0.177506,
	11.1447 -0.177827,
	11.1344 -0.178469,
	11.1139 -0.178148,
	11.1087 -0.178148,
	11.1036 -0.177185,
	11.0625 -0.174296,
	11.0574 -0.173975,
	11.0522 -0.173012,
	11.0471 -0.172691,
	11.0445 -0.172691,
	11.0394 -0.171728,
	11.0368 -0.171728,
	11.0163 -0.167555,
	11.006 -0.165309,
	11.0047 -0.165309,
	11.0022 -0.164346,
	11.0009 -0.164346,
	10.9983 -0.163383,
	10.988 -0.161457,
	10.9778 -0.160494,
	10.9752 -0.160173,
	10.9547 -0.15279,
	10.9495 -0.151185,
	10.9393 -0.146049,
	10.929 -0.139951,
	10.9264 -0.138025,
	10.9251 -0.137062,
	10.9238 -0.136741,
	10.9187 -0.132889,
	10.9136 -0.13,
	10.9088 -0.124864,
	10.9062 -0.122938,
	10.8959 -0.112667,
	10.8879 -0.102395,
	10.8805 -0.0921234,
	10.8773 -0.0869876,
	10.8735 -0.0818518,
	10.869 -0.076716,
	10.8664 -0.0741481,
	10.8603 -0.0638765,
	10.859 -0.0613086,
	10.8571 -0.0587407,
	10.8545 -0.0536049,
	10.8526 -0.0484691,
	10.8478 -0.0381975,
	10.8458 -0.0330617,
	10.8449 -0.0304938,
	10.8442 -0.0292099,
	10.8423 -0.0189383,
	10.841 -0.0138025,
	10.8404 -0.00866666,
	10.841 0.0118765,
	10.841 0.0221481,
	10.8401 0.0324197,
	10.8381 0.0426913,
	10.8362 0.0452592,
	10.8336 0.0555308,
	10.8295 0.0658024,
	10.8279 0.0709382,
	10.8237 0.076074,
	10.8224 0.077037,
	10.8121 0.0789629,
	10.8019 0.0796049,
	10.7967 0.0792839,
	10.7916 0.078,
	10.7813 0.0741481,
	10.7762 0.0719012,
	10.7659 0.0658024,
	10.7608 0.0625926,
	10.7556 0.0580987,
	10.7512 0.0532839,
	10.7489 0.050716,
	10.7476 0.0494321,
	10.7451 0.0442963,
	10.7415 0.0391605,
	10.7374 0.0288889,
	10.7357 0.0186173,
	10.7357 0.0182963,
	"/>
</Transform>

<Transform dim="1"
 xcoef=" 0.160877765133487 1 0 0 0 0"
 ycoef=" -0.689223137194643 0 1 0 0 0">
<Contour name="d046_p04" hidden="false" closed="true" simplified="true" border="1 1 0" fill="1 1 0" mode="11"
 points="9.35385 1.18652,
	9.35526 1.18276,
	9.3562 1.18087,
	9.35761 1.16582,
	9.35808 1.15829,
	9.36043 1.14324,
	9.36184 1.13571,
	9.36231 1.13195,
	9.36373 1.12818,
	9.37078 1.09807,
	9.37878 1.06796,
	9.3816 1.06044,
	9.38255 1.05667,
	9.39713 1.02656,
	9.39901 1.0228,
	9.39995 1.01903,
	9.40183 1.01527,
	9.40795 1.00774,
	9.41313 1.00022,
	9.42112 0.98516,
	9.42583 0.977633,
	9.43336 0.971046,
	9.44841 0.963519,
	9.45594 0.960225,
	9.48605 0.950346,
	9.48981 0.949875,
	9.49169 0.948934,
	9.49922 0.947993,
	9.51428 0.943289,
	9.51616 0.942348,
	9.51992 0.941877,
	9.52369 0.939995,
	9.5538 0.931527,
	9.56885 0.925881,
	9.58391 0.921177,
	9.59143 0.918824,
	9.5952 0.917413,
	9.62531 0.911767,
	9.64036 0.908944,
	9.65542 0.908003,
	9.66294 0.907533,
	9.67047 0.905651,
	9.68553 0.903769,
	9.69305 0.902358,
	9.69682 0.902358,
	9.70058 0.900946,
	9.70811 0.899535,
	9.71187 0.899065,
	9.72693 0.893889,
	9.74198 0.886362,
	9.77209 0.868484,
	9.78715 0.857663,
	9.8022 0.845902,
	9.81726 0.835551,
	9.82102 0.832729,
	9.8229 0.830847,
	9.83043 0.825671,
	9.83749 0.818614,
	9.84125 0.815321,
	9.84878 0.810146,
	9.85631 0.806382,
	9.86007 0.8045,
	9.87513 0.801207,
	9.89018 0.800266,
	9.90524 0.800737,
	9.91276 0.801207,
	9.94287 0.795562,
	9.9504 0.794621,
	9.95416 0.79368,
	9.98427 0.792268,
	9.99933 0.791798,
	10.0144 0.789445,
	10.0219 0.787564,
	10.0257 0.786623,
	10.0558 0.772979,
	10.0708 0.768274,
	10.0784 0.766393,
	10.0821 0.765922,
	10.0859 0.766393,
	10.0934 0.764981,
	10.1009 0.765452,
	10.1047 0.765922,
	10.1085 0.767333,
	10.1122 0.767804,
	10.116 0.769215,
	10.1235 0.770156,
	10.1311 0.77345,
	10.1461 0.782388,
	10.1499 0.7838,
	10.1574 0.788034,
	10.1612 0.790386,
	10.1631 0.791327,
	10.164 0.791327,
	10.1715 0.797914,
	10.1748 0.801678,
	10.1795 0.809205,
	10.1856 0.82426,
	10.1908 0.839315,
	10.195 0.846843,
	10.2012 0.85437,
	10.2303 0.883539,
	10.2322 0.885421,
	10.2346 0.889185,
	10.2383 0.892007,
	10.2529 0.907062,
	10.268 0.920706,
	10.2816 0.935761,
	10.2854 0.943289,
	10.2877 0.950816,
	10.2891 0.958344,
	10.2901 0.962107,
	10.2901 0.969635,
	10.2877 0.977162,
	10.284 0.98469,
	10.2717 0.999745,
	10.2647 1.0068,
	10.2609 1.01009,
	10.2491 1.02515,
	10.2435 1.03268,
	10.2426 1.03456,
	10.2393 1.03832,
	10.2308 1.05338,
	10.2284 1.05714,
	10.2252 1.06467,
	10.2247 1.06655,
	10.2233 1.06843,
	10.2209 1.07596,
	10.2186 1.07972,
	10.2181 1.08161,
	10.2167 1.08349,
	10.2143 1.09102,
	10.2129 1.09478,
	10.2115 1.09666,
	10.2087 1.10419,
	10.2049 1.11172,
	10.203 1.11548,
	10.1974 1.12301,
	10.1955 1.12677,
	10.1922 1.13053,
	10.1908 1.13242,
	10.1894 1.13618,
	10.187 1.13994,
	10.1856 1.14183,
	10.1833 1.15688,
	10.1781 1.17194,
	10.1753 1.17946,
	10.1706 1.18699,
	10.1696 1.18887,
	10.1696 1.18981,
	10.1645 1.19734,
	10.1466 1.22745,
	10.1386 1.24251,
	10.1362 1.25003,
	10.1296 1.26509,
	10.1264 1.27262,
	10.1249 1.27638,
	10.124 1.27732,
	10.1207 1.28485,
	10.1188 1.28861,
	10.1174 1.29049,
	10.1169 1.29238,
	10.1127 1.2999,
	10.1127 1.30743,
	10.1113 1.31119,
	10.1113 1.31308,
	10.1085 1.3206,
	10.1061 1.32437,
	10.1024 1.32766,
	10.0986 1.32954,
	10.0911 1.33142,
	10.0873 1.33142,
	10.0835 1.33048,
	10.076 1.32625,
	10.0723 1.32437,
	10.0685 1.32154,
	10.0548 1.30696,
	10.0478 1.29191,
	10.0388 1.2618,
	10.0374 1.25427,
	10.0351 1.24674,
	10.0271 1.23169,
	10.0163 1.21663,
	10.0134 1.21287,
	10.0059 1.20675,
	9.99086 1.1964,
	9.98333 1.18981,
	9.98004 1.18605,
	9.97628 1.17852,
	9.97533 1.17664,
	9.96781 1.17288,
	9.95275 1.16723,
	9.94522 1.16535,
	9.93017 1.16488,
	9.92264 1.16723,
	9.91888 1.16911,
	9.90382 1.17382,
	9.8963 1.17617,
	9.88877 1.17758,
	9.88124 1.17805,
	9.87748 1.17899,
	9.86995 1.17946,
	9.86242 1.17852,
	9.84737 1.17147,
	9.83231 1.16253,
	9.81726 1.15076,
	9.8102 1.14324,
	9.80456 1.13571,
	9.80126 1.13195,
	9.79091 1.11689,
	9.78856 1.11313,
	9.78197 1.1056,
	9.77821 1.10184,
	9.77068 1.09666,
	9.75563 1.08772,
	9.74057 1.08067,
	9.73304 1.07737,
	9.70293 1.06843,
	9.68788 1.06326,
	9.68035 1.05996,
	9.6653 1.05526,
	9.65777 1.05338,
	9.65401 1.05197,
	9.64648 1.05056,
	9.63895 1.05103,
	9.6239 1.05573,
	9.61637 1.05808,
	9.58626 1.07831,
	9.57873 1.08349,
	9.5712 1.08772,
	9.56744 1.09007,
	9.56556 1.09102,
	9.56368 1.0929,
	9.54862 1.09995,
	9.53357 1.10842,
	9.51851 1.1183,
	9.51475 1.12113,
	9.50722 1.12536,
	9.47711 1.14653,
	9.46205 1.15876,
	9.447 1.16864,
	9.43947 1.17476,
	9.43194 1.18182,
	9.42818 1.18558,
	9.42206 1.19311,
	9.41313 1.20816,
	9.41124 1.21193,
	9.40466 1.21945,
	9.39713 1.22651,
	9.39337 1.22839,
	9.38584 1.2298,
	9.38396 1.23074,
	9.37643 1.23074,
	9.37455 1.23074,
	9.36702 1.22557,
	9.36373 1.22181,
	9.35573 1.20675,
	9.35385 1.19922,
	9.35385 1.1917,
	9.35385 1.18793,
	9.35385 1.18699,
	"/>
</Transform>

<Transform dim="1"
 xcoef=" 0.160877765133487 1 0 0 0 0"
 ycoef=" -0.689223137194643 0 1 0 0 0">
<Contour name="d046_p07" hidden="false" closed="true" simplified="true" border="1 1 0" fill="1 1 0" mode="11"
 points="12.0318 1.27529,
	12.0331 1.2728,
	12.034 1.27156,
	12.0353 1.27031,
	12.0378 1.26891,
	12.039 1.26829,
	12.044 1.26782,
	12.0465 1.26782,
	12.0477 1.26782,
	12.0502 1.26844,
	12.0515 1.2686,
	12.0539 1.26953,
	12.0552 1.26984,
	12.0564 1.27047,
	12.0571 1.27078,
	12.0572 1.27109,
	12.0585 1.27156,
	12.0684 1.27918,
	12.0729 1.28416,
	12.0771 1.28914,
	12.079 1.29163,
	12.0823 1.29661,
	12.0826 1.29724,
	12.0851 1.29973,
	12.0871 1.30222,
	12.0879 1.30346,
	12.0929 1.30642,
	12.0941 1.30735,
	12.0964 1.30984,
	12.0977 1.31109,
	12.0986 1.31233,
	12.0992 1.3128,
	12.1056 1.32276,
	12.1083 1.32774,
	12.1093 1.33023,
	12.1108 1.33521,
	12.1111 1.3377,
	12.1111 1.33895,
	12.1118 1.34393,
	12.1118 1.34517,
	12.1123 1.34766,
	12.1123 1.34891,
	12.1126 1.35015,
	12.1126 1.36011,
	12.1123 1.36136,
	12.1122 1.36198,
	12.1126 1.36696,
	12.1125 1.37692,
	12.1117 1.3819,
	12.1112 1.38439,
	12.1076 1.39435,
	12.1056 1.39933,
	12.1042 1.40431,
	12.1025 1.40929,
	12.1002 1.41427,
	12.0991 1.41677,
	12.0977 1.41926,
	12.0966 1.4205,
	12.0953 1.42143,
	12.0941 1.42206,
	12.0929 1.42237,
	12.0904 1.42206,
	12.0879 1.42081,
	12.0866 1.42019,
	12.086 1.41988,
	12.0854 1.41926,
	12.0841 1.41879,
	12.0835 1.41863,
	12.079 1.41365,
	12.077 1.41116,
	12.0746 1.40867,
	12.0672 1.39871,
	12.0655 1.39622,
	12.0641 1.39373,
	12.0634 1.39249,
	12.0633 1.39186,
	12.0619 1.38937,
	12.0613 1.38813,
	12.0608 1.38751,
	12.0605 1.38626,
	12.0591 1.38377,
	12.0586 1.38252,
	12.0557 1.37754,
	12.0508 1.36758,
	12.0471 1.35762,
	12.0454 1.35264,
	12.0446 1.35015,
	12.0443 1.34891,
	12.0443 1.34828,
	12.044 1.34766,
	12.0435 1.34517,
	12.0418 1.34019,
	12.0407 1.3377,
	12.0404 1.33646,
	12.0401 1.33583,
	12.0398 1.33334,
	12.0371 1.32338,
	12.0339 1.30346,
	12.0331 1.29848,
	12.0322 1.28852,
	12.0318 1.27856,
	12.0318 1.27607,
	12.0318 1.27545,
	"/>
</Transform>

<Transform dim="1"
 xcoef=" 0.160877765133487 1 0 0 0 0"
 ycoef=" -0.141136475519797 0 1 0 0 0">
<Contour name="d046_p37" hidden="false" closed="true" simplified="true" border="1 1 0" fill="1 1 0" mode="11"
 points="11.8287 1.1349,
	11.8444 1.13981,
	11.8523 1.14177,
	11.8836 1.14079,
	11.8905 1.14766,
	11.8993 1.16335,
	11.9062 1.17904,
	11.9052 1.18689,
	11.9052 1.19081,
	11.8974 1.2065,
	11.8954 1.21043,
	11.8944 1.22612,
	11.8935 1.23004,
	11.8944 1.23789,
	11.8925 1.24574,
	11.8885 1.25358,
	11.8807 1.25947,
	11.865 1.2683,
	11.8572 1.27222,
	11.8532 1.27418,
	11.8513 1.27516,
	11.8483 1.27418,
	11.8434 1.21141,
	11.8415 1.18002,
	11.8385 1.16433,
	11.8385 1.16041,
	11.8356 1.15256,
	11.8356 1.1506,
	11.8336 1.14962,
	11.8307 1.14177,
	11.8287 1.13785,
	11.8277 1.13687,
	"/>
</Transform>

<Transform dim="1"
 xcoef=" 0.0908777651334865 1 0 0 0 0"
 ycoef=" -0.131136475519797 0 1 0 0 0">
<Contour name="d046_o37" hidden="false" closed="true" simplified="false" border="1 0 0" fill="1 0 0" mode="-13"
 points="11.7276 1.22416,
	11.7481 1.22416,
	11.7379 1.2429,
	"/>
</Transform>

<Transform dim="1"
 xcoef=" 0.160877765133487 1 0 0 0 0"
 ycoef=" -0.141136475519797 0 1 0 0 0">
<Contour name="d046" hidden="false" closed="true" simplified="true" border="1 1 0" fill="1 1 0" mode="11"
 points="10.7563 1.31039,
	10.7698 1.28637,
	10.7938 1.26686,
	10.7953 1.25485,
	10.7938 1.24284,
	10.7863 1.21883,
	10.7833 1.20682,
	10.7818 1.20081,
	10.7908 1.18881,
	10.8148 1.1753,
	10.8268 1.16929,
	10.8749 1.15879,
	10.8989 1.16029,
	10.9229 1.15578,
	10.9469 1.13927,
	10.9694 1.11676,
	10.9739 1.11075,
	10.998 1.09724,
	11.01 1.09124,
	11.0265 1.06873,
	11.0325 1.05672,
	11.043 1.00868,
	11.046 0.984668,
	11.049 0.97266,
	11.055 0.960652,
	11.061 0.954648,
	11.073 0.950145,
	11.079 0.948644,
	11.103 0.956149,
	11.109 0.959151,
	11.121 0.960652,
	11.1451 0.956149,
	11.1571 0.953147,
	11.1811 0.956149,
	11.2051 0.963654,
	11.2291 0.977163,
	11.2411 0.983167,
	11.2531 0.984668,
	11.3012 0.977163,
	11.3252 0.978664,
	11.3312 0.978664,
	11.3792 0.998177,
	11.4032 0.996676,
	11.4513 0.98767,
	11.4573 0.989171,
	11.4603 0.992173,
	11.4723 0.990672,
	11.4963 0.969658,
	11.5083 0.963654,
	11.5203 0.960652,
	11.5263 0.959151,
	11.5744 0.971159,
	11.5984 0.977163,
	11.6224 0.98767,
	11.6464 0.989171,
	11.6584 0.984668,
	11.6704 0.983167,
	11.6944 0.993674,
	11.7049 1.00418,
	11.738 1.05221,
	11.7515 1.07623,
	11.7575 1.08824,
	11.78 1.10925,
	11.792 1.11826,
	11.816 1.13027,
	11.822 1.13327,
	11.8295 1.14528,
	11.834 1.15729,
	11.837 1.16329,
	11.837 1.16929,
	11.84 1.1753,
	11.846 1.27136,
	11.8445 1.27737,
	11.8205 1.29538,
	11.8115 1.30739,
	11.801 1.3314,
	11.7785 1.35542,
	11.7755 1.35692,
	11.7755 1.35842,
	11.774 1.35692,
	11.753 1.38094,
	11.7485 1.38694,
	11.7245 1.39895,
	11.7184 1.40195,
	11.7079 1.42597,
	11.7094 1.43798,
	11.7124 1.44398,
	11.7109 1.45599,
	11.7124 1.48,
	11.7034 1.50402,
	11.6974 1.51603,
	11.6959 1.52203,
	11.7064 1.57007,
	11.7154 1.59408,
	11.72 1.6181,
	11.7215 1.63011,
	11.7169 1.65412,
	11.7094 1.66463,
	11.6854 1.68264,
	11.6794 1.68714,
	11.6734 1.68865,
	11.6614 1.69615,
	11.6134 1.70966,
	11.5894 1.71266,
	11.5834 1.71416,
	11.5713 1.71266,
	11.5473 1.70516,
	11.5353 1.70215,
	11.5233 1.69615,
	11.4993 1.67664,
	11.4873 1.66763,
	11.4393 1.65412,
	11.4152 1.64512,
	11.3942 1.6226,
	11.3837 1.61359,
	11.3357 1.60609,
	11.3237 1.60309,
	11.2997 1.58958,
	11.2877 1.58207,
	11.2396 1.56856,
	11.2156 1.56406,
	11.2036 1.56256,
	11.1796 1.55205,
	11.1316 1.54605,
	11.1195 1.54455,
	11.0955 1.53554,
	11.0835 1.53404,
	11.0775 1.53404,
	11.0295 1.51002,
	11.0055 1.49652,
	10.9574 1.46499,
	10.9094 1.43948,
	10.9034 1.43647,
	10.8794 1.41546,
	10.8313 1.39294,
	10.8073 1.38244,
	10.7953 1.37793,
	10.7893 1.37643,
	10.7668 1.35392,
	10.7593 1.34191,
	10.7563 1.3299,
	10.7563 1.31789,
	10.7563 1.31189,
	"/>
</Transform>

<Transform dim="1"
 xcoef=" 0.160877765133487 1 0 0 0 0"
 ycoef=" -0.141136475519797 0 1 0 0 0">
<Contour name="d046_p05" hidden="false" closed="true" simplified="true" border="1 1 0" fill="1 1 0" mode="11"
 points="11.5711 1.70697,
	11.5934 1.70348,
	11.6046 1.70069,
	11.6074 1.69999,
	11.6088 1.69999,
	11.6088 1.69859,
	11.6311 1.69301,
	11.6339 1.69231,
	11.6367 1.69022,
	11.6395 1.68952,
	11.6409 1.68812,
	11.6423 1.68812,
	11.6437 1.68673,
	11.6465 1.68603,
	11.6479 1.68463,
	11.6507 1.68393,
	11.6521 1.68254,
	11.6535 1.68254,
	11.6591 1.67905,
	11.6612 1.67695,
	11.6723 1.67206,
	11.6779 1.66997,
	11.6884 1.66369,
	11.6996 1.65461,
	11.701 1.65461,
	11.7121 1.64693,
	11.7135 1.64623,
	11.7149 1.64693,
	11.7149 1.69161,
	11.7184 1.70278,
	11.7191 1.71395,
	11.7191 1.71954,
	11.7177 1.72512,
	11.717 1.73629,
	11.717 1.73909,
	11.7149 1.74467,
	11.71 1.74956,
	11.7072 1.75096,
	11.7058 1.75235,
	11.7045 1.75235,
	11.7038 1.75375,
	11.6814 1.75933,
	11.6758 1.75933,
	11.6647 1.75514,
	11.6619 1.75375,
	11.6605 1.75375,
	11.6549 1.75026,
	11.65 1.74816,
	11.6451 1.74258,
	11.636 1.7349,
	11.6339 1.7328,
	11.6325 1.7328,
	11.6291 1.72861,
	11.6277 1.72861,
	11.6249 1.72582,
	11.6193 1.72443,
	11.6165 1.72303,
	11.6053 1.72303,
	11.5997 1.72303,
	11.5941 1.72093,
	11.5914 1.72093,
	11.5858 1.71884,
	11.5844 1.71744,
	11.583 1.71744,
	11.5774 1.71326,
	11.576 1.71256,
	11.576 1.71116,
	11.5732 1.70907,
	11.5718 1.70767,
	"/>
</Transform>

<Transform dim="1"
 xcoef=" 0.0508777651334865 1 0 0 0 0"
 ycoef=" -0.321136475519797 0 1 0 0 0">
<Contour name="d046_o05" hidden="false" closed="true" simplified="false" border="1 0 0" fill="1 0 0" mode="-13"
 points="11.5029 1.46178,
	11.5369 1.46178,
	11.5199 1.49301,
	"/>
</Transform>

<Transform dim="1"
 xcoef=" 0.160877765133487 1 0 0 0 0"
 ycoef=" -0.141136475519797 0 1 0 0 0">
<Contour name="d046_checked" hidden="false" closed="true" simplified="false" border="0 1 0" fill="0 1 0" mode="-13"
 points="11.5751 1.63426,
	11.5863 1.61865,
	11.5751 1.60304,
	11.5818 1.60304,
	11.5907 1.61642,
	11.5997 1.60304,
	11.6064 1.60304,
	11.5952 1.61865,
	11.6064 1.63426,
	11.5997 1.63426,
	11.5907 1.62088,
	11.5818 1.63426,
	"/>
</Transform>

<Transform dim="1"
 xcoef=" 0.160877765133487 1 0 0 0 0"
 ycoef=" -0.141136475519797 0 1 0 0 0">
<Contour name="d046_checked" hidden="false" closed="true" simplified="false" border="0 1 0" fill="0 1 0" mode="-13"
 points="11.8022 1.22356,
	11.8062 1.21795,
	11.8022 1.21235,
	11.8046 1.21235,
	11.8078 1.21715,
	11.811 1.21235,
	11.8135 1.21235,
	11.8094 1.21795,
	11.8135 1.22356,
	11.811 1.22356,
	11.8078 1.21875,
	11.8046 1.22356,
	"/>
</Transform>

<Transform dim="1"
 xcoef=" 0.160877765133487 1 0 0 0 0"
 ycoef=" -0.141136475519797 0 1 0 0 0">
<Contour name="d046_cfa03" hidden="false" closed="false" simplified="false" border="0 1 0" fill="0 1 0" mode="11"
 points="11.2752 0.391213,
	11.247 0.373172,
	11.2241 0.364152,
	11.1838 0.359942,
	11.1502 0.358138,
	11.1039 0.357537,
	11.0738 0.361145,
	11.0377 0.364753,
	10.9914 0.374375,
	"/>
</Transform>

<Transform dim="1"
 xcoef=" 0.160877765133487 1 0 0 0 0"
 ycoef=" -0.141136475519797 0 1 0 0 0">
<Contour name="d046_c03" hidden="false" closed="true" simplified="true" border="1 0 0" fill="1 0 0" mode="11"
 points="10.9915 0.366222,
	10.9993 0.346979,
	11.0011 0.342168,
	11.0023 0.339763,
	11.0793 0.323527,
	11.1178 0.322925,
	11.137 0.322324,
	11.1755 0.324128,
	11.1947 0.324729,
	11.214 0.32954,
	11.2332 0.336155,
	11.238 0.337959,
	11.2573 0.340966,
	11.2669 0.343973,
	11.2717 0.345175,
	11.2741 0.345777,
	11.2783 0.349986,
	11.2801 0.352391,
	11.2813 0.353594,
	11.2813 0.372837,
	11.2771 0.392081,
	11.2717 0.411324,
	11.2699 0.416135,
	11.2693 0.41854,
	11.2687 0.419743,
	11.2495 0.411324,
	11.2447 0.410121,
	11.2062 0.406513,
	11.1677 0.404709,
	11.0907 0.40952,
	11.0522 0.410121,
	11.033 0.410121,
	11.0282 0.410121,
	11.0185 0.407114,
	11.0137 0.405912,
	11.0053 0.396891,
	10.9951 0.377648,
	10.9921 0.368027,
	10.9915 0.366824,
	"/>
</Transform>

<Transform dim="1"
 xcoef=" 0.160877765133487 1 0 0 0 0"
 ycoef=" -0.141136475519797 0 1 0 0 0">
<Contour name="d046_cfa04" hidden="false" closed="false" simplified="false" border="0 1 0" fill="0 1 0" mode="11"
 points="9.58059 1.60643,
	9.59504 1.59578,
	9.61178 1.58665,
	9.63004 1.58057,
	9.65743 1.58209,
	9.68481 1.58817,
	9.73122 1.60795,
	9.75861 1.62241,
	9.80882 1.65588,
	9.82251 1.67034,
	9.83468 1.68631,
	9.85446 1.69848,
	9.87424 1.70533,
	9.89935 1.70533,
	9.92369 1.70077,
	9.9526 1.69544,
	9.97466 1.6962,
	9.99673 1.70381,
	10.0112 1.72131,
	10.0272 1.74946,
	10.0386 1.78597,
	"/>
</Transform>

<Transform dim="1"
 xcoef=" 0.160877765133487 1 0 0 0 0"
 ycoef=" -0.141136475519797 0 1 0 0 0">
<Contour name="d046_c04" hidden="false" closed="true" simplified="true" border="1 0 0" fill="1 0 0" mode="11"
 points="9.57345 1.59304,
	9.57497 1.58695,
	9.57573 1.58391,
	9.57573 1.58239,
	9.5879 1.57326,
	9.59399 1.56793,
	9.60007 1.56413,
	9.62442 1.56109,
	9.6305 1.56033,
	9.67919 1.56565,
	9.69137 1.56717,
	9.69745 1.56793,
	9.70049 1.56793,
	9.74918 1.58695,
	9.76136 1.59228,
	9.7857 1.60597,
	9.79179 1.60901,
	9.81537 1.63336,
	9.82146 1.63868,
	9.87014 1.65466,
	9.88232 1.65846,
	9.8884 1.66075,
	9.91275 1.66303,
	9.96144 1.66455,
	9.98578 1.66759,
	9.99187 1.66835,
	9.99491 1.66911,
	10.0193 1.68661,
	10.0276 1.69878,
	10.0322 1.70487,
	10.0421 1.72922,
	10.0436 1.73226,
	10.0444 1.7566,
	10.0444 1.76877,
	10.0428 1.78095,
	10.0421 1.78703,
	10.0421 1.79008,
	10.0375 1.79616,
	10.0253 1.80605,
	10.0132 1.81822,
	10.0071 1.82431,
	10.004 1.82735,
	10.0025 1.82659,
	9.99643 1.8304,
	9.99035 1.83192,
	9.966 1.83344,
	9.91731 1.82888,
	9.90514 1.82811,
	9.89905 1.82735,
	9.85036 1.81214,
	9.80168 1.7916,
	9.77733 1.78247,
	9.72864 1.75965,
	9.7043 1.749,
	9.65561 1.72237,
	9.65257 1.72085,
	9.64116 1.70867,
	9.63583 1.70259,
	9.63279 1.69955,
	9.6229 1.6752,
	9.60768 1.65086,
	9.59399 1.62651,
	9.5879 1.61434,
	9.58486 1.60825,
	9.57497 1.59608,
	9.57345 1.59456,
	9.57345 1.5938,
	"/>
</Transform>

<Transform dim="1"
 xcoef=" 0.160877765133487 1 0 0 0 0"
 ycoef=" -0.141136475519797 0 1 0 0 0">
<Contour name="D046 ax01??" hidden="false" closed="true" simplified="false" border="1 1 0" fill="1 1 0" mode="11"
 points="8.61843 6.46496,
	8.59536 6.46496,
	8.59536 6.4765,
	8.60689 6.48803,
	8.64151 6.49957,
	8.61843 6.51111,
	8.60689 6.53418,
	8.58382 6.51111,
	8.57228 6.48803,
	8.57228 6.46496,
	8.54921 6.46496,
	8.58382 6.44189,
	"/>
</Transform>

<Transform dim="1"
 xcoef=" 0.160877765133487 1 0 0 0 0"
 ycoef=" -0.141136475519797 0 1 0 0 0">
<Contour name="D037" hidden="false" closed="true" simplified="true" border="0 0 1" fill="0 0 1" mode="11"
 points="15.1364 1.02694,
	15.1377 1.01056,
	15.1414 0.99459,
	15.1476 0.979437,
	15.1559 0.965483,
	15.1663 0.953082,
	15.1785 0.942545,
	15.1921 0.934139,
	15.2068 0.928076,
	15.2223 0.92451,
	15.2381 0.92353,
	15.2538 0.925162,
	15.2691 0.929363,
	15.2836 0.936028,
	15.2969 0.944989,
	15.3086 0.956019,
	15.3185 0.96884,
	15.3263 0.983128,
	15.3319 0.998522,
	15.335 1.01463,
	15.3357 1.03106,
	15.3338 1.04738,
	15.3294 1.06318,
	15.3227 1.07807,
	15.3138 1.09166,
	15.303 1.10363,
	15.2904 1.11365,
	15.2765 1.12149,
	15.2616 1.12694,
	15.246 1.12987,
	15.2301 1.1302,
	15.2145 1.12792,
	15.1993 1.12309,
	15.1851 1.11583,
	15.1722 1.10633,
	15.1609 1.09482,
	15.1515 1.0816,
	15.1442 1.067,
	15.1393 1.05139,
	"/>
</Transform>

<Transform dim="1"
 xcoef=" 0.160877765133487 1 0 0 0 0"
 ycoef=" -0.141136475519797 0 1 0 0 0">
<Contour name="D020" hidden="false" closed="true" simplified="true" border="0 0 1" fill="0 0 1" mode="11"
 points="10.6139 6.76637,
	10.6179 6.75268,
	10.6295 6.74001,
	10.6479 6.72929,
	10.6717 6.72133,
	10.6991 6.7167,
	10.7282 6.71576,
	10.7567 6.71857,
	10.7826 6.72492,
	10.8039 6.73435,
	10.819 6.74616,
	10.8269 6.75946,
	10.8269 6.77327,
	10.819 6.78658,
	10.8039 6.79838,
	10.7826 6.80781,
	10.7567 6.81416,
	10.7282 6.81697,
	10.6991 6.81603,
	10.6717 6.8114,
	10.6479 6.80344,
	10.6295 6.79272,
	10.6179 6.78005,
	"/>
</Transform>

<Transform dim="1"
 xcoef=" 0.160877765133487 1 0 0 0 0"
 ycoef=" -0.141136475519797 0 1 0 0 0">
<Contour name="D060_large" hidden="false" closed="true" simplified="true" border="0 0 1" fill="0 0 1" mode="11"
 points="2.83431 4.23923,
	2.83797 4.22042,
	2.84872 4.20278,
	2.86589 4.18744,
	2.88839 4.17535,
	2.91482 4.16727,
	2.94351 4.16372,
	2.97267 4.16491,
	3.00044 4.17077,
	3.02511 4.18093,
	3.0451 4.19476,
	3.05917 4.21138,
	3.06644 4.22975,
	3.06644 4.24872,
	3.05917 4.26709,
	3.0451 4.28371,
	3.02511 4.29754,
	3.00044 4.3077,
	2.97267 4.31356,
	2.94351 4.31475,
	2.91482 4.3112,
	2.88839 4.30312,
	2.86589 4.29103,
	2.84872 4.27569,
	2.83797 4.25805,
	"/>
</Transform>

<Transform dim="1"
 xcoef=" 0.160877765133487 1 0 0 0 0"
 ycoef=" -0.141136475519797 0 1 0 0 0">
<Contour name="D022" hidden="false" closed="true" simplified="true" border="0 0 1" fill="0 0 1" mode="11"
 points="14.4912 6.80248,
	14.4916 6.79141,
	14.4931 6.78046,
	14.4954 6.76973,
	14.4987 6.75932,
	14.5028 6.74936,
	14.5077 6.73992,
	14.5135 6.73113,
	14.5199 6.72305,
	14.527 6.71577,
	14.5347 6.70937,
	14.5429 6.70391,
	14.5515 6.69945,
	14.5605 6.69602,
	14.5697 6.69367,
	14.5791 6.69242,
	14.5885 6.69228,
	14.5979 6.69325,
	14.6071 6.69533,
	14.6162 6.69849,
	14.6249 6.7027,
	14.6332 6.70791,
	14.641 6.71409,
	14.6483 6.72115,
	14.6549 6.72904,
	14.6608 6.73766,
	14.666 6.74694,
	14.6703 6.75679,
	14.6738 6.76709,
	14.6763 6.77775,
	14.678 6.78866,
	14.6787 6.79971,
	14.6785 6.81079,
	14.6773 6.82178,
	14.6752 6.83258,
	14.6721 6.84308,
	14.6682 6.85317,
	14.6635 6.86274,
	14.6579 6.8717,
	14.6517 6.87997,
	14.6447 6.88745,
	14.6372 6.89408,
	14.6291 6.89978,
	14.6206 6.9045,
	14.6117 6.90819,
	14.6025 6.91081,
	14.5932 6.91234,
	14.5838 6.91275,
	14.5744 6.91206,
	14.5651 6.91026,
	14.556 6.90736,
	14.5472 6.90342,
	14.5387 6.89845,
	14.5308 6.89251,
	14.5234 6.88566,
	14.5166 6.87797,
	14.5105 6.86953,
	14.5051 6.8604,
	14.5006 6.85069,
	14.4969 6.84049,
	14.4941 6.82991,
	14.4922 6.81905,
	"/>
</Transform>

<Transform dim="1"
 xcoef=" 0.0358118072403787 1 0 0 0 0"
 ycoef=" 0.060724368798903 0 1 0 0 0">
<Contour name="d020_o02" hidden="false" closed="true" simplified="false" border="1 0 0" fill="1 0 0" mode="-13"
 points="10.6525 7.01155,
	10.6831 7.01155,
	10.6678 7.03957,
	"/>
</Transform>

<Transform dim="1"
 xcoef=" 0.0358118072403787 1 0 0 0 0"
 ycoef=" 0.060724368798903 0 1 0 0 0">
<Contour name="d020" hidden="false" closed="true" simplified="true" border="1 1 0" fill="1 1 0" mode="11"
 points="10.2721 6.76143,
	10.274 6.75642,
	10.2746 6.75392,
	10.2762 6.75235,
	10.2762 6.74985,
	10.2805 6.73983,
	10.2824 6.73482,
	10.2827 6.73232,
	10.2827 6.73106,
	10.2843 6.72856,
	10.2906 6.70852,
	10.2915 6.70602,
	10.2918 6.70476,
	10.2934 6.70226,
	10.2956 6.69725,
	10.3012 6.68723,
	10.304 6.68222,
	10.3071 6.6722,
	10.3075 6.67095,
	10.3087 6.67001,
	10.3103 6.665,
	10.3103 6.66438,
	10.3115 6.66344,
	10.3122 6.66218,
	10.3187 6.62211,
	10.319 6.6171,
	10.3212 6.61209,
	10.3215 6.60708,
	10.3219 6.60583,
	10.3228 6.60458,
	10.3237 6.59957,
	10.3237 6.59831,
	10.3259 6.5933,
	10.3319 6.58329,
	10.335 6.57828,
	10.3394 6.57358,
	10.3494 6.56826,
	10.3544 6.56638,
	10.3569 6.56513,
	10.3582 6.56481,
	10.3588 6.56481,
	10.3601 6.56356,
	10.4001 6.55511,
	10.4402 6.5548,
	10.4602 6.5548,
	10.4628 6.5548,
	10.4728 6.55699,
	10.4828 6.5598,
	10.5028 6.56325,
	10.5053 6.56356,
	10.5103 6.56575,
	10.5204 6.56763,
	10.5304 6.57045,
	10.5404 6.57546,
	10.5429 6.57702,
	10.5442 6.57765,
	10.5467 6.57765,
	10.5473 6.57765,
	10.5482 6.5789,
	10.5683 6.58423,
	10.5783 6.58736,
	10.5833 6.58923,
	10.5883 6.59205,
	10.5908 6.59299,
	10.6108 6.60739,
	10.6202 6.6171,
	10.6252 6.62211,
	10.6418 6.64215,
	10.6503 6.65217,
	10.6525 6.65467,
	10.654 6.65717,
	10.6584 6.66218,
	10.6719 6.68222,
	10.6819 6.69224,
	10.6919 6.70132,
	10.6966 6.70508,
	10.7004 6.71009,
	10.7051 6.71478,
	10.711 6.7248,
	10.7154 6.73482,
	10.7182 6.73983,
	10.7192 6.74233,
	10.7195 6.74359,
	10.7317 6.76362,
	10.7367 6.77364,
	10.7392 6.77865,
	10.7423 6.78867,
	10.7433 6.78992,
	10.7439 6.79493,
	10.7464 6.79994,
	10.7495 6.80996,
	10.7536 6.83,
	10.7549 6.83501,
	10.7555 6.83751,
	10.7555 6.84252,
	10.7564 6.84753,
	10.7567 6.85254,
	10.7555 6.89262,
	10.7561 6.91265,
	10.7561 6.91766,
	10.7558 6.92017,
	10.7499 6.94021,
	10.7473 6.94521,
	10.7458 6.94772,
	10.7452 6.94835,
	10.7448 6.95085,
	10.743 6.95336,
	10.7364 6.97339,
	10.7354 6.9784,
	10.7351 6.98091,
	10.7339 6.98341,
	10.7333 6.99343,
	10.7329 6.99844,
	10.7329 7.00094,
	10.7333 7.0022,
	10.7348 7.0047,
	10.738 7.01472,
	10.7398 7.01973,
	10.7401 7.02098,
	10.7417 7.02349,
	10.7423 7.02474,
	10.7445 7.02724,
	10.7452 7.0285,
	10.7495 7.03319,
	10.7545 7.03789,
	10.7567 7.04039,
	10.7599 7.0454,
	10.7611 7.04791,
	10.7621 7.05292,
	10.7624 7.05542,
	10.7617 7.06043,
	10.7592 7.06544,
	10.7577 7.06763,
	10.7552 7.06951,
	10.7539 7.07045,
	10.7527 7.07076,
	10.7505 7.07264,
	10.7495 7.07515,
	10.7495 7.07577,
	10.7477 7.07828,
	10.7467 7.08078,
	10.737 7.0908,
	10.727 7.09581,
	10.717 7.09894,
	10.7145 7.09925,
	10.7132 7.09925,
	10.7107 7.10051,
	10.7057 7.10113,
	10.6656 7.1027,
	10.6256 7.10145,
	10.6055 7.10145,
	10.6005 7.10176,
	10.5905 7.10364,
	10.588 7.10426,
	10.583 7.10677,
	10.573 7.10959,
	10.5679 7.11084,
	10.5667 7.11209,
	10.5567 7.1146,
	10.5517 7.11585,
	10.5316 7.12399,
	10.5291 7.12493,
	10.5279 7.12618,
	10.5179 7.12994,
	10.5153 7.1315,
	10.5053 7.1315,
	10.4853 7.13401,
	10.4803 7.13432,
	10.4778 7.13432,
	10.4728 7.13275,
	10.4628 7.12712,
	10.4602 7.12587,
	10.4552 7.12086,
	10.453 7.11835,
	10.4515 7.11585,
	10.4474 7.11084,
	10.4458 7.10833,
	10.4449 7.10583,
	10.438 7.09581,
	10.4358 7.0908,
	10.4327 7.08579,
	10.4227 7.06575,
	10.4164 7.05573,
	10.4148 7.05323,
	10.4067 7.04321,
	10.3967 7.03351,
	10.3942 7.03225,
	10.3917 7.03037,
	10.3817 7.02067,
	10.3716 7.01284,
	10.3616 7.00595,
	10.3566 7.0022,
	10.3541 7.00063,
	10.3441 6.99093,
	10.3397 6.98592,
	10.3378 6.98341,
	10.3262 6.96337,
	10.3259 6.96212,
	10.3244 6.95962,
	10.3215 6.9496,
	10.3212 6.94835,
	10.3212 6.94772,
	10.32 6.94647,
	10.3184 6.94146,
	10.3184 6.94083,
	10.3172 6.93989,
	10.3103 6.91985,
	10.3062 6.90984,
	10.305 6.90733,
	10.3043 6.90483,
	10.3043 6.90357,
	10.3028 6.90201,
	10.3015 6.897,
	10.2934 6.87696,
	10.2934 6.87634,
	10.2921 6.87508,
	10.2862 6.85505,
	10.284 6.85004,
	10.283 6.84503,
	10.2827 6.84252,
	10.2818 6.84002,
	10.2808 6.83877,
	10.2808 6.83626,
	10.2796 6.83376,
	10.2787 6.82875,
	10.2771 6.82374,
	10.2743 6.8037,
	10.2721 6.78366,
	10.2721 6.76362,
	10.2721 6.76237,
	10.2721 6.76175,
	"/>
</Transform>

<Transform dim="1"
 xcoef=" 0.0358118072403787 1 0 0 0 0"
 ycoef=" 0.060724368798903 0 1 0 0 0">
<Contour name="d020_p02" hidden="false" closed="true" simplified="true" border="1 1 0" fill="1 1 0" mode="11"
 points="10.4532 7.10857,
	10.4571 7.10176,
	10.4617 7.09495,
	10.4652 7.09155,
	10.472 7.08602,
	10.4788 7.08304,
	10.4924 7.07878,
	10.4992 7.07665,
	10.506 7.07537,
	10.5333 7.07452,
	10.5469 7.07495,
	10.6014 7.07069,
	10.615 7.06942,
	10.6286 7.06644,
	10.6422 7.06261,
	10.6439 7.06175,
	10.6473 7.06133,
	10.6609 7.05579,
	10.6746 7.05111,
	10.6882 7.04473,
	10.7018 7.04005,
	10.7086 7.03792,
	10.7222 7.03707,
	10.729 7.03664,
	10.7427 7.03877,
	10.7495 7.04005,
	10.7529 7.0409,
	10.7546 7.04175,
	10.7614 7.04771,
	10.7631 7.04941,
	10.7699 7.06303,
	10.7925 7.09027,
	10.8061 7.10347,
	10.8129 7.10943,
	10.8163 7.11198,
	10.8435 7.13709,
	10.8504 7.14348,
	10.8538 7.14646,
	10.8555 7.14816,
	10.8691 7.15752,
	10.8759 7.1622,
	10.9031 7.1788,
	10.9168 7.18689,
	10.9304 7.19626,
	10.9372 7.20221,
	10.9406 7.20519,
	10.9512 7.21881,
	10.9568 7.22562,
	10.964 7.23924,
	10.9687 7.25287,
	10.9725 7.26649,
	10.9755 7.28011,
	10.9772 7.28692,
	10.9785 7.29032,
	10.9797 7.30394,
	10.9802 7.31075,
	10.9806 7.31416,
	10.9793 7.32778,
	10.9772 7.3414,
	10.9759 7.34821,
	10.9712 7.36183,
	10.9691 7.36864,
	10.9687 7.37204,
	10.9661 7.37885,
	10.9657 7.38056,
	10.9602 7.38737,
	10.9568 7.38992,
	10.9431 7.39588,
	10.9397 7.39758,
	10.9329 7.39545,
	10.9295 7.3946,
	10.9278 7.39418,
	10.9261 7.39247,
	10.9125 7.38609,
	10.9057 7.38311,
	10.8921 7.37545,
	10.8853 7.37119,
	10.8819 7.36949,
	10.8801 7.36864,
	10.8674 7.35502,
	10.861 7.34821,
	10.8499 7.33459,
	10.8406 7.32097,
	10.8359 7.31416,
	10.8133 7.28692,
	10.8023 7.2733,
	10.7903 7.25968,
	10.7482 7.20519,
	10.7069 7.15071,
	10.6967 7.13709,
	10.6835 7.12432,
	10.6801 7.12134,
	10.6665 7.11283,
	10.6631 7.11028,
	10.6597 7.10857,
	10.6324 7.10219,
	10.6188 7.10006,
	10.612 7.09878,
	10.6086 7.09836,
	10.595 7.10219,
	10.5882 7.10389,
	10.5865 7.10432,
	10.5848 7.10389,
	10.5711 7.1073,
	10.5677 7.10815,
	10.5609 7.11283,
	10.5473 7.11751,
	10.5439 7.11836,
	10.5422 7.11836,
	10.5354 7.12177,
	10.532 7.12262,
	10.5184 7.12986,
	10.5115 7.13156,
	10.5098 7.13241,
	10.4962 7.13369,
	10.4826 7.13326,
	10.4758 7.13326,
	10.4622 7.12858,
	10.4605 7.12773,
	10.4558 7.12092,
	10.4541 7.11751,
	10.4532 7.1107,
	10.4532 7.109,
	"/>
</Transform>

<Transform dim="1"
 xcoef=" 0.460877765133487 1 0 0 0 0"
 ycoef=" 0.285011050482577 0 1 0 0 0">
<Image mag="0.00201646" contrast="1.4071" brightness="-0.69" red="true" green="true" blue="true"
 src="025____z24.0.tif" />
<Contour name="domain1" hidden="false" closed="true" simplified="false" border="1 0 1" fill="1 0 1" mode="11"
 points="0 0,
	9551 0,
	9551 5063,
	0 5063,
	"/>
</Transform>

<Transform dim="1"
 xcoef=" 0.0358118072403787 1 0 0 0 0"
 ycoef=" 0.060724368798903 0 1 0 0 0">
<Contour name="d020_c02" hidden="false" closed="true" simplified="true" border="1 0 0" fill="1 0 0" mode="11"
 points="10.5786 7.09973,
	10.5827 7.0832,
	10.5832 7.08113,
	10.5832 7.0801,
	10.5997 7.07131,
	10.6163 7.06873,
	10.6204 7.06821,
	10.6369 7.07028,
	10.6411 7.07131,
	10.6576 7.07855,
	10.6659 7.08216,
	10.6741 7.08681,
	10.6824 7.09301,
	10.6865 7.0956,
	10.7196 7.12712,
	10.7527 7.15657,
	10.7687 7.17155,
	10.7806 7.18808,
	10.7837 7.19222,
	10.7852 7.19428,
	10.7863 7.21082,
	10.7857 7.21495,
	10.7692 7.23097,
	10.7609 7.23872,
	10.7279 7.26042,
	10.7243 7.263,
	10.6581 7.20875,
	10.6251 7.18188,
	10.6168 7.17517,
	10.6127 7.17155,
	10.6059 7.16328,
	10.6028 7.15915,
	10.5863 7.14313,
	10.5817 7.13487,
	10.5806 7.1328,
	10.5786 7.10025,
	"/>
</Transform>

<Transform dim="1"
 xcoef=" 0.0358118072403787 1 0 0 0 0"
 ycoef=" 0.060724368798903 0 1 0 0 0">
<Contour name="d020_cfa02" hidden="false" closed="false" simplified="false" border="0 1 0" fill="0 1 0" mode="11"
 points="10.5778 7.09966,
	10.5845 7.09449,
	10.599 7.08674,
	10.63 7.08519,
	10.6543 7.09191,
	10.6812 7.10224,
	10.7039 7.11877,
	10.7277 7.14099,
	10.7458 7.16321,
	10.7809 7.21849,
	"/>
</Transform>

<Transform dim="0"
 xcoef=" 0 1 0 0 0 0"
 ycoef=" 0 0 1 0 0 0">
<Contour name="D028 sym cand 2" hidden="false" closed="true" simplified="true" border="0 1 1" fill="0 1 1" mode="-11"
 points="9.93945 7.76726,
	9.94007 7.74706,
	9.94194 7.72702,
	9.94503 7.70729,
	9.94931 7.68804,
	9.95477 7.6694,
	9.96135 7.65153,
	9.96901 7.63456,
	9.97768 7.61864,
	9.9873 7.60388,
	9.99778 7.59039,
	10.0091 7.57829,
	10.021 7.56767,
	10.0336 7.55861,
	10.0467 7.55119,
	10.0602 7.54545,
	10.074 7.54145,
	10.088 7.53922,
	10.1021 7.53877,
	10.1161 7.54011,
	10.13 7.54323,
	10.1437 7.5481,
	10.157 7.55469,
	10.1698 7.56294,
	10.1821 7.57279,
	10.1937 7.58416,
	10.2046 7.59697,
	10.2147 7.6111,
	10.2238 7.62646,
	10.232 7.64293,
	10.2391 7.66036,
	10.2452 7.67863,
	10.25 7.6976,
	10.2537 7.71711,
	10.2562 7.73701,
	10.2575 7.75715,
	10.2575 7.77736,
	10.2562 7.7975,
	10.2537 7.81741,
	10.25 7.83692,
	10.2452 7.85588,
	10.2391 7.87415,
	10.232 7.89159,
	10.2238 7.90805,
	10.2147 7.92341,
	10.2046 7.93754,
	10.1937 7.95035,
	10.1821 7.96172,
	10.1698 7.97157,
	10.157 7.97982,
	10.1437 7.98641,
	10.13 7.99128,
	10.1161 7.9944,
	10.1021 7.99574,
	10.088 7.99529,
	10.074 7.99306,
	10.0602 7.98906,
	10.0467 7.98333,
	10.0336 7.9759,
	10.021 7.96684,
	10.0091 7.95622,
	9.99778 7.94412,
	9.9873 7.93064,
	9.97768 7.91587,
	9.96901 7.89995,
	9.96135 7.88298,
	9.95477 7.86511,
	9.94931 7.84648,
	9.94503 7.82722,
	9.94194 7.80749,
	"/>
</Transform>

</Section>