<?xml version="1.0"?>
<!DOCTYPE Section SYSTEM "section.dtd">

<Section index="207" thickness="0.052" alignLocked="true">
<Transform dim="1"
 xcoef=" 8.84915871387993 1 0 0 0 0"
 ycoef=" 8.10056085741338 0 1 0 0 0">
<Image mag="0.00201646" contrast="1.27628" brightness="-0.54" red="true" green="true" blue="true"
 src="207____z206.0.tif" />
<Contour name="domain1" hidden="false" closed="true" simplified="false" border="1 0 1" fill="1 0 1" mode="11"
 points="0 0,
	13727 0,
	13727 13535,
	0 13535,
	"/>
</Transform>

<Transform dim="1"
 xcoef=" 8.84915871387993 1 0 0 0 0"
 ycoef=" 8.10056085741338 0 1 0 0 0">
<Contour name="D057" hidden="false" closed="true" simplified="true" border="0 0 1" fill="0 0 1" mode="11"
 points="14.151 17.9412,
	14.1516 17.9311,
	14.1536 17.9212,
	14.1569 17.9115,
	14.1614 17.9021,
	14.1672 17.893,
	14.1741 17.8845,
	14.1822 17.8765,
	14.1912 17.8691,
	14.2012 17.8625,
	14.212 17.8566,
	14.2235 17.8516,
	14.2356 17.8475,
	14.2483 17.8443,
	14.2612 17.842,
	14.2744 17.8408,
	14.2877 17.8405,
	14.301 17.8413,
	14.3141 17.843,
	14.3269 17.8457,
	14.3393 17.8494,
	14.3511 17.854,
	14.3623 17.8594,
	14.3727 17.8657,
	14.3822 17.8727,
	14.3908 17.8804,
	14.3983 17.8887,
	14.4046 17.8975,
	14.4098 17.9067,
	14.4137 17.9163,
	14.4164 17.9262,
	14.4177 17.9362,
	14.4177 17.9462,
	14.4164 17.9562,
	14.4137 17.966,
	14.4098 17.9756,
	14.4046 17.9849,
	14.3983 17.9937,
	14.3908 18.002,
	14.3822 18.0097,
	14.3727 18.0167,
	14.3623 18.0229,
	14.3511 18.0284,
	14.3393 18.0329,
	14.3269 18.0366,
	14.3141 18.0393,
	14.301 18.0411,
	14.2877 18.0418,
	14.2744 18.0416,
	14.2612 18.0403,
	14.2483 18.0381,
	14.2356 18.0349,
	14.2235 18.0308,
	14.212 18.0258,
	14.2012 18.0199,
	14.1912 18.0132,
	14.1822 18.0059,
	14.1741 17.9979,
	14.1672 17.9893,
	14.1614 17.9803,
	14.1569 17.9709,
	14.1536 17.9611,
	14.1516 17.9512,
	"/>
</Transform>

<Transform dim="1"
 xcoef=" 8.84915871387993 1 0 0 0 0"
 ycoef=" 8.10056085741338 0 1 0 0 0">
<Contour name="D058" hidden="false" closed="true" simplified="true" border="0 0 1" fill="0 0 1" mode="11"
 points="15.1136 18.9979,
	15.1146 18.9725,
	15.1175 18.9475,
	15.1223 18.9234,
	15.1289 18.9006,
	15.1373 18.8793,
	15.1472 18.8601,
	15.1585 18.8432,
	15.171 18.8288,
	15.1845 18.8173,
	15.1987 18.8088,
	15.2135 18.8035,
	15.2286 18.8014,
	15.2437 18.8027,
	15.2586 18.8072,
	15.2731 18.8149,
	15.2868 18.8257,
	15.2995 18.8393,
	15.3111 18.8556,
	15.3214 18.8743,
	15.3301 18.8951,
	15.3372 18.9176,
	15.3425 18.9414,
	15.3459 18.9662,
	15.3474 18.9915,
	15.3469 19.0169,
	15.3444 19.042,
	15.3401 19.0664,
	15.3339 19.0896,
	15.326 19.1113,
	15.3165 19.1311,
	15.3055 19.1486,
	15.2933 19.1636,
	15.28 19.1759,
	15.2659 19.1851,
	15.2512 19.1912,
	15.2362 19.1941,
	15.221 19.1937,
	15.2061 19.19,
	15.1915 19.1831,
	15.1776 19.1731,
	15.1646 19.1601,
	15.1526 19.1445,
	15.142 19.1263,
	15.1329 19.106,
	15.1254 19.0839,
	15.1197 19.0604,
	15.1158 19.0358,
	"/>
</Transform>

<Transform dim="1"
 xcoef=" 8.84915871387993 1 0 0 0 0"
 ycoef=" 8.10056085741338 0 1 0 0 0">
<Contour name="D046" hidden="false" closed="true" simplified="true" border="0 0 1" fill="0 0 1" mode="11"
 points="22.9076 11.4698,
	22.9089 11.4559,
	22.9126 11.4422,
	22.9188 11.4291,
	22.9274 11.4166,
	22.938 11.4051,
	22.9507 11.3947,
	22.9652 11.3856,
	22.9811 11.3779,
	22.9983 11.3719,
	23.0165 11.3676,
	23.0352 11.3651,
	23.0543 11.3644,
	23.0733 11.3656,
	23.0919 11.3685,
	23.1098 11.3733,
	23.1267 11.3797,
	23.1424 11.3877,
	23.1564 11.3971,
	23.1686 11.4079,
	23.1787 11.4196,
	23.1867 11.4323,
	23.1923 11.4456,
	23.1954 11.4594,
	23.1961 11.4733,
	23.1942 11.4872,
	23.1898 11.5007,
	23.183 11.5137,
	23.1739 11.526,
	23.1627 11.5373,
	23.1496 11.5474,
	23.1347 11.5561,
	23.1184 11.5633,
	23.101 11.5689,
	23.0826 11.5728,
	23.0638 11.5749,
	23.0447 11.5751,
	23.0258 11.5735,
	23.0073 11.5701,
	22.9896 11.5649,
	22.973 11.5581,
	22.9577 11.5497,
	22.9441 11.5399,
	22.9324 11.5289,
	22.9228 11.5169,
	22.9154 11.504,
	22.9105 11.4906,
	"/>
</Transform>

<Transform dim="0"
 xcoef=" 0 1 0 0 0 0"
 ycoef=" 0 0 1 0 0 0">
<Contour name="D045_ASPINY_NOCANDIDATES" hidden="false" closed="true" simplified="true" border="0 0 1" fill="0 0 1" mode="11"
 points="2.80788 8.98559,
	2.81089 8.96844,
	2.81972 8.95246,
	2.83376 8.93874,
	2.85205 8.92821,
	2.87336 8.92159,
	2.89622 8.91934,
	2.91908 8.92159,
	2.94039 8.92821,
	2.95868 8.93874,
	2.97272 8.95246,
	2.98155 8.96844,
	2.98456 8.98559,
	2.98155 9.00274,
	2.97272 9.01872,
	2.95868 9.03244,
	2.94039 9.04297,
	2.91908 9.04959,
	2.89622 9.05184,
	2.87336 9.04959,
	2.85205 9.04297,
	2.83376 9.03244,
	2.81972 9.01872,
	"/>
</Transform>

<Transform dim="0"
 xcoef=" 0 1 0 0 0 0"
 ycoef=" 0 0 1 0 0 0">
<Contour name="D019" hidden="false" closed="true" simplified="true" border="0 0 1" fill="0 0 1" mode="11"
 points="3.07588 6.82451,
	3.07754 6.80893,
	3.08247 6.79389,
	3.0905 6.77993,
	3.10133 6.76753,
	3.1146 6.75713,
	3.12983 6.7491,
	3.1465 6.74371,
	3.16401 6.74115,
	3.18176 6.74152,
	3.19912 6.7448,
	3.21548 6.75087,
	3.23027 6.75953,
	3.24296 6.77046,
	3.25313 6.78329,
	3.2604 6.79757,
	3.26452 6.81279,
	3.26536 6.82842,
	3.26287 6.84392,
	3.25714 6.85873,
	3.24839 6.87235,
	3.23691 6.88428,
	3.2231 6.89412,
	3.20746 6.90152,
	3.19052 6.90622,
	3.17289 6.90805,
	3.15518 6.90695,
	3.13802 6.90296,
	3.122 6.89621,
	3.10769 6.88696,
	3.09558 6.87551,
	3.08611 6.86227,
	3.07961 6.84771,
	"/>
</Transform>

<Transform dim="0"
 xcoef=" 0 1 0 0 0 0"
 ycoef=" 0 0 1 0 0 0">
<Contour name="D037" hidden="false" closed="true" simplified="true" border="0 0 1" fill="0 0 1" mode="11"
 points="9.22075 1.07131,
	9.22228 1.05902,
	9.22682 1.04716,
	9.23419 1.03618,
	9.24414 1.02647,
	9.25631 1.01838,
	9.27025 1.01221,
	9.28546 1.00817,
	9.30139 1.00641,
	9.31747 1.007,
	9.33311 1.00991,
	9.34776 1.01504,
	9.36087 1.02221,
	9.37198 1.03115,
	9.38068 1.04154,
	9.38666 1.05301,
	9.38971 1.06514,
	9.38971 1.07749,
	9.38666 1.08962,
	9.38068 1.10109,
	9.37198 1.11148,
	9.36087 1.12042,
	9.34776 1.12759,
	9.33311 1.13272,
	9.31747 1.13563,
	9.30139 1.13622,
	9.28546 1.13446,
	9.27025 1.13042,
	9.25631 1.12424,
	9.24414 1.11615,
	9.23419 1.10644,
	9.22682 1.09546,
	"/>
</Transform>

<Transform dim="0"
 xcoef=" 0 1 0 0 0 0"
 ycoef=" 0 0 1 0 0 0">
<Contour name="D020" hidden="false" closed="true" simplified="true" border="0 0 1" fill="0 0 1" mode="11"
 points="9.65379 6.13505,
	9.65563 6.11376,
	9.66109 6.09315,
	9.66998 6.07388,
	9.68203 6.05659,
	9.69685 6.04181,
	9.71396 6.03003,
	9.73281 6.02163,
	9.7528 6.01687,
	9.77328 6.01591,
	9.7936 6.01878,
	9.8131 6.02539,
	9.83115 6.03552,
	9.84718 6.04885,
	9.86067 6.06495,
	9.87119 6.08331,
	9.87839 6.10333,
	9.88205 6.12436,
	9.88205 6.14574,
	9.87839 6.16678,
	9.87119 6.1868,
	9.86067 6.20515,
	9.84718 6.22125,
	9.83115 6.23459,
	9.8131 6.24472,
	9.7936 6.25132,
	9.77328 6.25419,
	9.7528 6.25323,
	9.73281 6.24848,
	9.71396 6.24007,
	9.69685 6.2283,
	9.68203 6.21352,
	9.66998 6.19622,
	9.66109 6.17696,
	"/>
</Transform>

<Transform dim="0"
 xcoef=" 0 1 0 0 0 0"
 ycoef=" 0 0 1 0 0 0">
<Contour name="D058_ax01" hidden="false" closed="true" simplified="false" border="0 1 1" fill="0 1 1" mode="11"
 points="5.91398 10.3354,
	5.93423 10.3151,
	5.85323 10.2341,
	5.87348 10.2139,
	5.95448 10.2949,
	5.97473 10.2746,
	5.97473 10.3354,
	"/>
</Transform>

</Section>