<?xml version="1.0"?>
<!DOCTYPE Section SYSTEM "section.dtd">

<Section index="16" thickness="0.052" alignLocked="true">
<Transform dim="3"
 xcoef=" 0.334872057496028 1.25456401399526 0 0 0 0"
 ycoef=" 0.184615396465481 0 1.25456401399526 0 0 0">
<Contour name="D019" hidden="false" closed="true" simplified="true" border="0 0 1" fill="0 0 1" mode="13"
 points="9.77852 5.75189,
	9.7806 5.71729,
	9.78678 5.68342,
	9.79693 5.65101,
	9.81084 5.62075,
	9.82821 5.59328,
	9.84867 5.5692,
	9.87178 5.549,
	9.89706 5.53314,
	9.92396 5.52193,
	9.95191 5.51563,
	9.98031 5.51436,
	10.0086 5.51816,
	10.0361 5.52694,
	10.0622 5.54051,
	10.0865 5.55858,
	10.1083 5.58078,
	10.1273 5.60663,
	10.143 5.63556,
	10.155 5.66698,
	10.1632 5.70021,
	10.1674 5.73454,
	10.1674 5.76924,
	10.1632 5.80357,
	10.155 5.8368,
	10.143 5.86822,
	10.1273 5.89716,
	10.1083 5.92301,
	10.0865 5.9452,
	10.0622 5.96328,
	10.0361 5.97685,
	10.0086 5.98563,
	9.98031 5.98942,
	9.95191 5.98816,
	9.92396 5.98185,
	9.89706 5.97065,
	9.87178 5.95478,
	9.84867 5.93459,
	9.82821 5.91051,
	9.81084 5.88304,
	9.79693 5.85278,
	9.78678 5.82037,
	9.7806 5.7865,
	"/>
</Transform>

<Transform dim="3"
 xcoef=" 0.334872057496028 1.25456401399526 0 0 0 0"
 ycoef=" 0.184615396465481 0 1.25456401399526 0 0 0">
<Contour name="D021" hidden="false" closed="true" simplified="true" border="0 0 1" fill="0 0 1" mode="13"
 points="8.00165 7.27127,
	8.00305 7.24398,
	8.00722 7.217,
	8.01411 7.19066,
	8.02366 7.16527,
	8.03573 7.14112,
	8.0502 7.11849,
	8.06689 7.09766,
	8.0856 7.07886,
	8.10613 7.06232,
	8.12821 7.04823,
	8.15161 7.03675,
	8.17604 7.02802,
	8.20122 7.02214,
	8.22685 7.01919,
	8.25263 7.01919,
	8.27825 7.02214,
	8.30343 7.02802,
	8.32786 7.03675,
	8.35126 7.04823,
	8.37335 7.06232,
	8.39387 7.07886,
	8.41258 7.09766,
	8.42927 7.11849,
	8.44374 7.14112,
	8.45582 7.16527,
	8.46536 7.19066,
	8.47225 7.217,
	8.47642 7.24398,
	8.47782 7.27127,
	8.47642 7.29857,
	8.47225 7.32554,
	8.46536 7.35188,
	8.45582 7.37727,
	8.44374 7.40142,
	8.42927 7.42405,
	8.41258 7.44488,
	8.39387 7.46368,
	8.37335 7.48022,
	8.35126 7.49432,
	8.32786 7.50579,
	8.30343 7.51452,
	8.27825 7.5204,
	8.25263 7.52335,
	8.22685 7.52335,
	8.20122 7.5204,
	8.17604 7.51452,
	8.15161 7.50579,
	8.12821 7.49432,
	8.10613 7.48022,
	8.0856 7.46368,
	8.06689 7.44488,
	8.0502 7.42405,
	8.03573 7.40142,
	8.02366 7.37727,
	8.01411 7.35188,
	8.00722 7.32554,
	"/>
</Transform>

<Transform dim="3"
 xcoef=" 0.334872057496028 1.25456401399526 0 0 0 0"
 ycoef=" 0.184615396465481 0 1.25456401399526 0 0 0">
<Contour name="D023" hidden="false" closed="true" simplified="true" border="0 0 1" fill="0 0 1" mode="13"
 points="9.84026 6.55268,
	9.84086 6.52823,
	9.84268 6.50389,
	9.84569 6.47979,
	9.84988 6.45604,
	9.85524 6.43275,
	9.86174 6.41004,
	9.86935 6.38802,
	9.87802 6.3668,
	9.88772 6.34647,
	9.89841 6.32713,
	9.91002 6.30888,
	9.92251 6.2918,
	9.93582 6.27598,
	9.94987 6.2615,
	9.96461 6.24841,
	9.97995 6.2368,
	9.99584 6.2267,
	10.0122 6.21818,
	10.0289 6.21127,
	10.0459 6.206,
	10.0632 6.2024,
	10.0806 6.20049,
	10.098 6.20028,
	10.1154 6.20177,
	10.1327 6.20494,
	10.1498 6.20979,
	10.1666 6.2163,
	10.183 6.22442,
	10.1991 6.23413,
	10.2145 6.24537,
	10.2294 6.25809,
	10.2437 6.27223,
	10.2572 6.28773,
	10.2699 6.3045,
	10.2817 6.32246,
	10.2926 6.34153,
	10.3026 6.36163,
	10.3115 6.38264,
	10.3194 6.40447,
	10.3262 6.42702,
	10.3318 6.45017,
	10.3363 6.47381,
	10.3396 6.49784,
	10.3417 6.52213,
	10.3426 6.54656,
	10.3423 6.57103,
	10.3408 6.59541,
	10.3381 6.61958,
	10.3342 6.64343,
	10.3291 6.66684,
	10.3229 6.6897,
	10.3156 6.7119,
	10.3072 6.73334,
	10.2977 6.7539,
	10.2873 6.7735,
	10.2759 6.79203,
	10.2636 6.8094,
	10.2505 6.82555,
	10.2366 6.84037,
	10.2221 6.85381,
	10.2069 6.8658,
	10.1911 6.87628,
	10.1749 6.8852,
	10.1582 6.89252,
	10.1413 6.8982,
	10.1241 6.90222,
	10.1067 6.90455,
	10.0893 6.90519,
	10.0719 6.90413,
	10.0545 6.90137,
	10.0374 6.89694,
	10.0205 6.89084,
	10.004 6.88312,
	9.98783 6.8738,
	9.97221 6.86294,
	9.95716 6.85058,
	9.94275 6.83679,
	9.92907 6.82163,
	9.91616 6.80517,
	9.9041 6.7875,
	9.89295 6.76869,
	9.88275 6.74885,
	9.87355 6.72806,
	9.86541 6.70642,
	9.85835 6.68404,
	9.85242 6.66103,
	9.84764 6.6375,
	9.84403 6.61356,
	9.84162 6.58933,
	"/>
</Transform>

<Transform dim="3"
 xcoef=" 0.334872057496028 1.25456401399526 0 0 0 0"
 ycoef=" 0.184615396465481 0 1.25456401399526 0 0 0">
<Contour name="D025" hidden="false" closed="true" simplified="true" border="0 0 1" fill="0 0 1" mode="13"
 points="5.72629 5.63176,
	5.72956 5.60372,
	5.73927 5.57677,
	5.75504 5.55192,
	5.77626 5.53015,
	5.80212 5.51228,
	5.83162 5.499,
	5.86364 5.49082,
	5.89693 5.48806,
	5.93022 5.49082,
	5.96223 5.499,
	5.99173 5.51228,
	6.01759 5.53015,
	6.03881 5.55192,
	6.05458 5.57677,
	6.06429 5.60372,
	6.06757 5.63176,
	6.06429 5.65979,
	6.05458 5.68675,
	6.03881 5.71159,
	6.01759 5.73337,
	5.99173 5.75124,
	5.96223 5.76452,
	5.93022 5.7727,
	5.89693 5.77546,
	5.86364 5.7727,
	5.83162 5.76452,
	5.80212 5.75124,
	5.77626 5.73337,
	5.75504 5.71159,
	5.73927 5.68675,
	"/>
</Transform>

<Transform dim="3"
 xcoef=" 0.334872057496028 1.25456401399526 0 0 0 0"
 ycoef=" 0.184615396465481 0 1.25456401399526 0 0 0">
<Contour name="D026_edge" hidden="false" closed="true" simplified="true" border="0 0 1" fill="0 0 1" mode="13"
 points="0.317411 5.71461,
	0.320234 5.69017,
	0.32866 5.6661,
	0.342561 5.64276,
	0.361726 5.62052,
	0.385865 5.5997,
	0.414611 5.58062,
	0.44753 5.56357,
	0.484123 5.54882,
	0.523833 5.53657,
	0.56606 5.52703,
	0.610164 5.52033,
	0.655475 5.51657,
	0.701307 5.51582,
	0.746965 5.51807,
	0.791757 5.52331,
	0.835005 5.53145,
	0.876051 5.54237,
	0.914275 5.55589,
	0.949097 5.57182,
	0.979988 5.58992,
	1.00648 5.60991,
	1.02817 5.63148,
	1.04474 5.65432,
	1.05592 5.67806,
	1.06156 5.70236,
	1.06156 5.72685,
	1.05592 5.75115,
	1.04474 5.7749,
	1.02817 5.79774,
	1.00648 5.81931,
	0.979988 5.8393,
	0.949097 5.85739,
	0.914275 5.87332,
	0.876051 5.88685,
	0.835005 5.89777,
	0.791757 5.9059,
	0.746965 5.91114,
	0.701307 5.9134,
	0.655475 5.91265,
	0.610164 5.90889,
	0.56606 5.90219,
	0.523833 5.89265,
	0.484123 5.8804,
	0.44753 5.86564,
	0.414611 5.8486,
	0.385865 5.82952,
	0.361726 5.8087,
	0.342561 5.78646,
	0.32866 5.76312,
	"/>
</Transform>

<Transform dim="3"
 xcoef=" 0.334872057496028 1.25456401399526 0 0 0 0"
 ycoef=" 0.184615396465481 0 1.25456401399526 0 0 0">
<Contour name="D028" hidden="false" closed="true" simplified="true" border="0 0 1" fill="0 0 1" mode="13"
 points="13.5404 10.0587,
	13.5431 10.0392,
	13.5512 10.0203,
	13.5646 10.0022,
	13.5828 9.98562,
	13.6054 9.97078,
	13.6319 9.95812,
	13.6617 9.94792,
	13.6939 9.94046,
	13.7278 9.93591,
	13.7625 9.93438,
	13.7973 9.93591,
	13.8312 9.94046,
	13.8634 9.94792,
	13.8931 9.95812,
	13.9197 9.97078,
	13.9423 9.98562,
	13.9605 10.0022,
	13.9739 10.0203,
	13.982 10.0392,
	13.9847 10.0587,
	13.982 10.0781,
	13.9739 10.0971,
	13.9605 10.1151,
	13.9423 10.1317,
	13.9197 10.1466,
	13.8931 10.1592,
	13.8634 10.1694,
	13.8312 10.1769,
	13.7973 10.1815,
	13.7625 10.183,
	13.7278 10.1815,
	13.6939 10.1769,
	13.6617 10.1694,
	13.6319 10.1592,
	13.6054 10.1466,
	13.5828 10.1317,
	13.5646 10.1151,
	13.5512 10.0971,
	"/>
</Transform>

<Transform dim="3"
 xcoef=" 0.334872057496028 1.25456401399526 0 0 0 0"
 ycoef=" 0.184615396465481 0 1.25456401399526 0 0 0">
<Contour name="D029_edge" hidden="false" closed="true" simplified="true" border="0 0 1" fill="0 0 1" mode="13"
 points="10.7764 12.7463,
	10.7803 12.721,
	10.7921 12.6967,
	10.8111 12.6742,
	10.8369 12.6543,
	10.8682 12.6379,
	10.9041 12.6256,
	10.9432 12.6177,
	10.9839 12.6147,
	11.0249 12.6165,
	11.0645 12.6232,
	11.1013 12.6345,
	11.134 12.6499,
	11.1612 12.6689,
	11.182 12.6908,
	11.1956 12.7148,
	11.2016 12.74,
	11.1996 12.7653,
	11.1898 12.79,
	11.1724 12.8131,
	11.1483 12.8336,
	11.1182 12.851,
	11.0834 12.8644,
	11.045 12.8734,
	11.0045 12.8777,
	10.9634 12.877,
	10.9233 12.8716,
	10.8857 12.8614,
	10.8519 12.847,
	10.8232 12.8288,
	10.8007 12.8075,
	10.7852 12.784,
	"/>
</Transform>

<Transform dim="3"
 xcoef=" 0.334872057496028 1.25456401399526 0 0 0 0"
 ycoef=" 0.184615396465481 0 1.25456401399526 0 0 0">
<Contour name="D030_oblique" hidden="false" closed="true" simplified="true" border="0 0 1" fill="0 0 1" mode="13"
 points="10.5346 4.29668,
	10.5352 4.27971,
	10.537 4.26287,
	10.54 4.24627,
	10.5442 4.23002,
	10.5496 4.21423,
	10.556 4.19903,
	10.5635 4.18451,
	10.572 4.17077,
	10.5814 4.15792,
	10.5918 4.14604,
	10.6029 4.13522,
	10.6148 4.12554,
	10.6273 4.11705,
	10.6404 4.10982,
	10.654 4.1039,
	10.6679 4.09934,
	10.6821 4.09616,
	10.6965 4.09438,
	10.711 4.09403,
	10.7254 4.09509,
	10.7397 4.09757,
	10.7538 4.10145,
	10.7676 4.10669,
	10.7809 4.11327,
	10.7937 4.12114,
	10.806 4.13023,
	10.8175 4.1405,
	10.8282 4.15186,
	10.8381 4.16423,
	10.8471 4.17753,
	10.8551 4.19167,
	10.8621 4.20655,
	10.868 4.22206,
	10.8727 4.23809,
	10.8763 4.25453,
	10.8788 4.27127,
	10.88 4.28819,
	10.88 4.30516,
	10.8788 4.32208,
	10.8763 4.33882,
	10.8727 4.35526,
	10.868 4.37129,
	10.8621 4.3868,
	10.8551 4.40168,
	10.8471 4.41582,
	10.8381 4.42912,
	10.8282 4.44149,
	10.8175 4.45285,
	10.806 4.46312,
	10.7937 4.47221,
	10.7809 4.48008,
	10.7676 4.48666,
	10.7538 4.4919,
	10.7397 4.49578,
	10.7254 4.49826,
	10.711 4.49932,
	10.6965 4.49897,
	10.6821 4.49719,
	10.6679 4.49401,
	10.654 4.48945,
	10.6404 4.48353,
	10.6273 4.4763,
	10.6148 4.46782,
	10.6029 4.45813,
	10.5918 4.44731,
	10.5814 4.43543,
	10.572 4.42258,
	10.5635 4.40884,
	10.556 4.39432,
	10.5496 4.37912,
	10.5442 4.36333,
	10.54 4.34708,
	10.537 4.33048,
	"/>
</Transform>

<Transform dim="3"
 xcoef=" 0.334872057496028 1.25456401399526 0 0 0 0"
 ycoef=" 0.184615396465481 0 1.25456401399526 0 0 0">
<Contour name="D031_oblique" hidden="false" closed="true" simplified="true" border="0 0 1" fill="0 0 1" mode="13"
 points="11.3572 7.43093,
	11.3599 7.4117,
	11.3679 7.39303,
	11.3811 7.37548,
	11.3989 7.35957,
	11.4209 7.34577,
	11.4465 7.33449,
	11.4748 7.32606,
	11.505 7.32073,
	11.5363 7.31866,
	11.5677 7.3199,
	11.5983 7.32443,
	11.6272 7.33211,
	11.6535 7.3427,
	11.6765 7.35591,
	11.6954 7.37133,
	11.7098 7.38852,
	11.7191 7.40695,
	11.7231 7.4261,
	11.7218 7.44539,
	11.7151 7.46425,
	11.7032 7.48213,
	11.6865 7.49849,
	11.6655 7.51286,
	11.6407 7.52481,
	11.613 7.53398,
	11.5832 7.5401,
	11.5521 7.543,
	11.5206 7.54258,
	11.4897 7.53887,
	11.4603 7.53196,
	11.4333 7.52207,
	11.4094 7.50948,
	11.3894 7.49457,
	11.3739 7.47778,
	11.3633 7.45961,
	"/>
</Transform>

<Transform dim="3"
 xcoef=" 0.334872057496028 1.25456401399526 0 0 0 0"
 ycoef=" 0.184615396465481 0 1.25456401399526 0 0 0">
<Contour name="D032" hidden="false" closed="true" simplified="true" border="0 0 1" fill="0 0 1" mode="13"
 points="6.51998 6.85574,
	6.52113 6.83633,
	6.52458 6.81707,
	6.53029 6.79812,
	6.53823 6.7796,
	6.54833 6.76168,
	6.56051 6.74448,
	6.57469 6.72813,
	6.59074 6.71278,
	6.60855 6.69852,
	6.62798 6.68548,
	6.64889 6.67376,
	6.6711 6.66344,
	6.69444 6.6546,
	6.71875 6.64731,
	6.74382 6.64163,
	6.76947 6.63761,
	6.79549 6.63527,
	6.8217 6.63463,
	6.84787 6.63569,
	6.87383 6.63846,
	6.89935 6.6429,
	6.92425 6.64898,
	6.94833 6.65666,
	6.97141 6.66588,
	6.99331 6.67656,
	7.01385 6.68862,
	7.0329 6.70198,
	7.05028 6.71652,
	7.06588 6.73213,
	7.07956 6.7487,
	7.09123 6.7661,
	7.1008 6.78418,
	7.10819 6.80282,
	7.11334 6.82187,
	7.11621 6.84117,
	7.11679 6.8606,
	7.11506 6.87998,
	7.11104 6.89917,
	7.10477 6.91804,
	7.09628 6.93642,
	7.08566 6.95417,
	7.07297 6.97117,
	7.05831 6.98728,
	7.0418 7.00237,
	7.02357 7.01633,
	7.00376 7.02905,
	6.98252 7.04043,
	6.96 7.05039,
	6.9364 7.05885,
	6.91189 7.06574,
	6.88665 7.071,
	6.86089 7.07461,
	6.8348 7.07653,
	6.80859 7.07674,
	6.78245 7.07525,
	6.75658 7.07206,
	6.7312 7.06721,
	6.70649 7.06072,
	6.68264 7.05265,
	6.65984 7.04306,
	6.63826 7.03203,
	6.61808 7.01963,
	6.59944 7.00597,
	6.58249 6.99115,
	6.56736 6.97529,
	6.55416 6.9585,
	6.54301 6.94092,
	6.53398 6.92268,
	6.52715 6.90393,
	6.52257 6.8848,
	"/>
</Transform>

<Transform dim="3"
 xcoef=" 0.334872057496028 1.25456401399526 0 0 0 0"
 ycoef=" 0.184615396465481 0 1.25456401399526 0 0 0">
<Contour name="D034" hidden="false" closed="true" simplified="true" border="0 0 1" fill="0 0 1" mode="13"
 points="10.4607 3.22286,
	10.4612 3.19998,
	10.4629 3.1772,
	10.4656 3.15464,
	10.4694 3.13239,
	10.4743 3.11055,
	10.4802 3.08924,
	10.4871 3.06854,
	10.495 3.04855,
	10.5038 3.02937,
	10.5135 3.01108,
	10.5241 2.99377,
	10.5355 2.97751,
	10.5476 2.96238,
	10.5604 2.94846,
	10.5739 2.9358,
	10.588 2.92447,
	10.6025 2.91451,
	10.6175 2.90597,
	10.6329 2.8989,
	10.6486 2.89332,
	10.6645 2.88926,
	10.6805 2.88673,
	10.6967 2.88576,
	10.7128 2.88635,
	10.7289 2.88848,
	10.7449 2.89216,
	10.7606 2.89736,
	10.7761 2.90406,
	10.7912 2.91224,
	10.8059 2.92185,
	10.8201 2.93284,
	10.8337 2.94517,
	10.8467 2.95879,
	10.859 2.97362,
	10.8706 2.9896,
	10.8813 3.00666,
	10.8913 3.02471,
	10.9003 3.04368,
	10.9085 3.06347,
	10.9156 3.084,
	10.9218 3.10517,
	10.9269 3.12688,
	10.931 3.14904,
	10.934 3.17154,
	10.9359 3.19427,
	10.9367 3.21713,
	10.9364 3.24002,
	10.9351 3.26283,
	10.9326 3.28546,
	10.9291 3.3078,
	10.9245 3.32975,
	10.9188 3.3512,
	10.9122 3.37206,
	10.9045 3.39224,
	10.8959 3.41163,
	10.8864 3.43015,
	10.8761 3.44771,
	10.8649 3.46424,
	10.8529 3.47966,
	10.8403 3.49389,
	10.8269 3.50687,
	10.813 3.51854,
	10.7986 3.52885,
	10.7837 3.53774,
	10.7684 3.54519,
	10.7528 3.55114,
	10.7369 3.55559,
	10.7209 3.55849,
	10.7048 3.55985,
	10.6886 3.55966,
	10.6725 3.55791,
	10.6565 3.55462,
	10.6407 3.54979,
	10.6252 3.54346,
	10.61 3.53565,
	10.5952 3.5264,
	10.5809 3.51575,
	10.5671 3.50374,
	10.5539 3.49045,
	10.5414 3.47591,
	10.5297 3.46021,
	10.5187 3.44342,
	10.5085 3.42561,
	10.4993 3.40686,
	10.4909 3.38726,
	10.4835 3.36691,
	10.4771 3.34589,
	10.4717 3.3243,
	10.4674 3.30225,
	10.4641 3.27983,
	10.4619 3.25714,
	"/>
</Transform>

<Transform dim="3"
 xcoef=" 0.334872057496028 1.25456401399526 0 0 0 0"
 ycoef=" 0.184615396465481 0 1.25456401399526 0 0 0">
<Contour name="D035" hidden="false" closed="true" simplified="true" border="0 0 1" fill="0 0 1" mode="13"
 points="7.26225 4.25733,
	7.26395 4.23355,
	7.26904 4.21007,
	7.27746 4.18719,
	7.2891 4.16519,
	7.30381 4.14434,
	7.3214 4.12492,
	7.34167 4.10716,
	7.36434 4.09129,
	7.38914 4.07751,
	7.41575 4.06599,
	7.44384 4.05687,
	7.47306 4.05028,
	7.50304 4.04629,
	7.5334 4.04496,
	7.56376 4.04629,
	7.59374 4.05028,
	7.62296 4.05687,
	7.65105 4.06599,
	7.67766 4.07751,
	7.70246 4.09129,
	7.72514 4.10716,
	7.7454 4.12492,
	7.763 4.14434,
	7.7777 4.16519,
	7.78934 4.18719,
	7.79776 4.21007,
	7.80285 4.23355,
	7.80456 4.25733,
	7.80285 4.28111,
	7.79776 4.30459,
	7.78934 4.32747,
	7.7777 4.34948,
	7.763 4.37032,
	7.7454 4.38974,
	7.72514 4.4075,
	7.70246 4.42337,
	7.67766 4.43715,
	7.65105 4.44867,
	7.62296 4.45779,
	7.59374 4.46438,
	7.56376 4.46837,
	7.5334 4.4697,
	7.50304 4.46837,
	7.47306 4.46438,
	7.44384 4.45779,
	7.41575 4.44867,
	7.38914 4.43715,
	7.36434 4.42337,
	7.34167 4.4075,
	7.3214 4.38974,
	7.30381 4.37032,
	7.2891 4.34948,
	7.27746 4.32747,
	7.26904 4.30459,
	"/>
</Transform>

<Transform dim="3"
 xcoef=" 0.334872057496028 1.25456401399526 0 0 0 0"
 ycoef=" 0.184615396465481 0 1.25456401399526 0 0 0">
<Contour name="D036" hidden="false" closed="true" simplified="true" border="0 0 1" fill="0 0 1" mode="13"
 points="17.8963 6.5316,
	17.899 6.49586,
	17.9072 6.46119,
	17.9205 6.42859,
	17.9386 6.39904,
	17.9609 6.37341,
	17.9869 6.35246,
	18.0156 6.33679,
	18.0463 6.32689,
	18.078 6.32304,
	18.1099 6.32535,
	18.1409 6.33376,
	18.1702 6.34802,
	18.1969 6.36771,
	18.2202 6.39224,
	18.2394 6.42088,
	18.254 6.4528,
	18.2634 6.48705,
	18.2675 6.52262,
	18.2662 6.55845,
	18.2593 6.59349,
	18.2473 6.6267,
	18.2303 6.6571,
	18.209 6.68378,
	18.1839 6.70597,
	18.1558 6.72301,
	18.1255 6.73438,
	18.094 6.73976,
	18.0621 6.73899,
	18.0307 6.73209,
	18.0009 6.71926,
	17.9735 6.70088,
	17.9493 6.6775,
	17.929 6.64981,
	17.9132 6.61862,
	17.9025 6.58486,
	"/>
</Transform>

<Transform dim="3"
 xcoef=" 0.334872057496028 1.25456401399526 0 0 0 0"
 ycoef=" 0.184615396465481 0 1.25456401399526 0 0 0">
<Contour name="D040_edge" hidden="false" closed="true" simplified="true" border="0 0 1" fill="0 0 1" mode="13"
 points="6.28287 4.12795,
	6.28457 4.09312,
	6.28964 4.05871,
	6.29803 4.02514,
	6.30963 3.99282,
	6.3243 3.96214,
	6.34187 3.93347,
	6.36212 3.90716,
	6.3848 3.88353,
	6.40964 3.86287,
	6.43634 3.84543,
	6.46457 3.83141,
	6.494 3.821,
	6.52426 3.81431,
	6.55498 3.81143,
	6.5858 3.81239,
	6.61634 3.81718,
	6.64622 3.82575,
	6.6751 3.83798,
	6.7026 3.85373,
	6.72841 3.87281,
	6.75221 3.89499,
	6.77371 3.92,
	6.79265 3.94753,
	6.80879 3.97725,
	6.82195 4.0088,
	6.83196 4.04179,
	6.8387 4.07584,
	6.84209 4.11051,
	6.84209 4.1454,
	6.8387 4.18007,
	6.83196 4.21411,
	6.82195 4.24711,
	6.80879 4.27866,
	6.79265 4.30838,
	6.77371 4.33591,
	6.75221 4.36092,
	6.72841 4.38309,
	6.7026 4.40218,
	6.6751 4.41793,
	6.64622 4.43016,
	6.61634 4.43872,
	6.5858 4.44352,
	6.55498 4.44448,
	6.52426 4.4416,
	6.494 4.43491,
	6.46457 4.42449,
	6.43634 4.41048,
	6.40964 4.39304,
	6.3848 4.37238,
	6.36212 4.34875,
	6.34187 4.32244,
	6.3243 4.29377,
	6.30963 4.26309,
	6.29803 4.23077,
	6.28964 4.1972,
	"/>
</Transform>

<Transform dim="3"
 xcoef=" 0.334872057496028 1.25456401399526 0 0 0 0"
 ycoef=" 0.184615396465481 0 1.25456401399526 0 0 0">
<Contour name="D041_oblique" hidden="false" closed="true" simplified="true" border="0 0 1" fill="0 0 1" mode="13"
 points="23.1531 3.83507,
	23.1548 3.80932,
	23.1602 3.78397,
	23.1689 3.75943,
	23.181 3.73608,
	23.1962 3.71429,
	23.2143 3.69441,
	23.235 3.67675,
	23.258 3.66158,
	23.2828 3.64915,
	23.3092 3.63965,
	23.3367 3.63323,
	23.3649 3.63,
	23.3933 3.63,
	23.4214 3.63323,
	23.4489 3.63965,
	23.4753 3.64915,
	23.5002 3.66158,
	23.5232 3.67675,
	23.5439 3.69441,
	23.5619 3.71429,
	23.5772 3.73608,
	23.5892 3.75943,
	23.598 3.78397,
	23.6033 3.80932,
	23.6051 3.83507,
	23.6033 3.86083,
	23.598 3.88617,
	23.5892 3.91071,
	23.5772 3.93406,
	23.5619 3.95585,
	23.5439 3.97573,
	23.5232 3.9934,
	23.5002 4.00856,
	23.4753 4.021,
	23.4489 4.03049,
	23.4214 4.03691,
	23.3933 4.04015,
	23.3649 4.04015,
	23.3367 4.03691,
	23.3092 4.03049,
	23.2828 4.021,
	23.258 4.00856,
	23.235 3.9934,
	23.2143 3.97573,
	23.1962 3.95585,
	23.181 3.93406,
	23.1689 3.91071,
	23.1602 3.88617,
	"/>
</Transform>

<Transform dim="3"
 xcoef=" 0.334872057496028 1.25456401399526 0 0 0 0"
 ycoef=" 0.184615396465481 0 1.25456401399526 0 0 0">
<Contour name="D042_edge" hidden="false" closed="true" simplified="true" border="0 0 1" fill="0 0 1" mode="13"
 points="7.06143 5.28751,
	7.07334 5.18334,
	7.10793 5.08936,
	7.16179 5.01478,
	7.22966 4.9669,
	7.3049 4.9504,
	7.38013 4.9669,
	7.44801 5.01478,
	7.50187 5.08936,
	7.53645 5.18334,
	7.54837 5.28751,
	7.53645 5.39168,
	7.50187 5.48566,
	7.44801 5.56024,
	7.38013 5.60812,
	7.3049 5.62462,
	7.22966 5.60812,
	7.16179 5.56024,
	7.10793 5.48566,
	"/>
</Transform>

<Transform dim="3"
 xcoef=" 0.334872057496028 1.25456401399526 0 0 0 0"
 ycoef=" 0.184615396465481 0 1.25456401399526 0 0 0">
<Contour name="D043" hidden="false" closed="true" simplified="true" border="0 0 1" fill="0 0 1" mode="13"
 points="3.633 10.669,
	3.63605 10.6427,
	3.64514 10.617,
	3.66006 10.5925,
	3.68043 10.5699,
	3.70578 10.5497,
	3.73549 10.5324,
	3.76885 10.5183,
	3.80506 10.5078,
	3.84325 10.5012,
	3.88249 10.4987,
	3.92186 10.5002,
	3.9604 10.5058,
	3.99719 10.5153,
	4.03134 10.5285,
	4.06203 10.5451,
	4.08853 10.5646,
	4.1102 10.5867,
	4.12652 10.6107,
	4.13709 10.6362,
	4.14167 10.6624,
	4.14014 10.6888,
	4.13254 10.7147,
	4.11906 10.7395,
	4.1 10.7626,
	4.07585 10.7834,
	4.04717 10.8016,
	4.01465 10.8165,
	3.97907 10.8279,
	3.94129 10.8354,
	3.90222 10.839,
	3.8628 10.8385,
	3.82396 10.8339,
	3.78665 10.8254,
	3.75176 10.8131,
	3.72013 10.7973,
	3.69252 10.7785,
	3.66959 10.757,
	3.65189 10.7334,
	3.63985 10.7083,
	"/>
</Transform>

<Transform dim="3"
 xcoef=" 0.334872057496028 1.25456401399526 0 0 0 0"
 ycoef=" 0.184615396465481 0 1.25456401399526 0 0 0">
<Contour name="D047" hidden="false" closed="true" simplified="true" border="0 0 1" fill="0 0 1" mode="13"
 points="7.94926 0.882367,
	7.95105 0.855207,
	7.95639 0.82846,
	7.96521 0.802529,
	7.97736 0.777809,
	7.99267 0.754674,
	8.0109 0.733475,
	8.03177 0.714532,
	8.05498 0.698134,
	8.08016 0.684529,
	8.10694 0.673922,
	8.13491 0.666476,
	8.16364 0.662302,
	8.19271 0.661464,
	8.22166 0.663974,
	8.25007 0.669796,
	8.27749 0.678839,
	8.30352 0.690968,
	8.32776 0.705999,
	8.34984 0.723703,
	8.36943 0.743812,
	8.38623 0.766021,
	8.39999 0.789994,
	8.41049 0.815368,
	8.41759 0.841757,
	8.42116 0.868761,
	8.42116 0.895972,
	8.41759 0.922977,
	8.41049 0.949366,
	8.39999 0.974739,
	8.38623 0.998712,
	8.36943 1.02092,
	8.34984 1.04103,
	8.32776 1.05873,
	8.30352 1.07376,
	8.27749 1.08589,
	8.25007 1.09494,
	8.22166 1.10076,
	8.19271 1.10327,
	8.16364 1.10243,
	8.13491 1.09826,
	8.10694 1.09081,
	8.08016 1.0802,
	8.05498 1.0666,
	8.03177 1.0502,
	8.0109 1.03126,
	7.99267 1.01006,
	7.97736 0.986924,
	7.96521 0.962204,
	7.95639 0.936273,
	"/>
</Transform>

<Transform dim="3"
 xcoef=" 0.334872057496028 1.25456401399526 0 0 0 0"
 ycoef=" 0.184615396465481 0 1.25456401399526 0 0 0">
<Contour name="D049" hidden="false" closed="true" simplified="true" border="0 0 1" fill="0 0 1" mode="13"
 points="8.32476 11.4884,
	8.32945 11.4238,
	8.34328 11.3623,
	8.36561 11.3066,
	8.3954 11.2594,
	8.43125 11.223,
	8.47149 11.1989,
	8.51423 11.1884,
	8.55749 11.1919,
	8.59922 11.2093,
	8.63749 11.2397,
	8.67051 11.2818,
	8.69672 11.3335,
	8.71491 11.3925,
	8.72422 11.4559,
	8.72422 11.5209,
	8.71491 11.5844,
	8.69672 11.6433,
	8.67051 11.6951,
	8.63749 11.7371,
	8.59922 11.7676,
	8.55749 11.785,
	8.51423 11.7885,
	8.47149 11.778,
	8.43125 11.7539,
	8.3954 11.7174,
	8.36561 11.6703,
	8.34328 11.6146,
	"/>
</Transform>

<Transform dim="1"
 xcoef=" 0.132203002000854 1 0 0 0 0"
 ycoef=" 0.0518146789275565 0 1 0 0 0">
<Contour name="D049 ax01" hidden="false" closed="true" simplified="false" border="0 1 1" fill="0 1 1" mode="-9"
 points="7.58489 6.27425,
	7.59791 6.26123,
	7.54583 6.20915,
	7.55885 6.19613,
	7.61093 6.24821,
	7.62395 6.23519,
	7.62395 6.27425,
	"/>
</Transform>

<Transform dim="1"
 xcoef=" 0.132203002000854 1 0 0 0 0"
 ycoef=" 0.0518146789275565 0 1 0 0 0">
<Contour name="D051 edge" hidden="false" closed="true" simplified="true" border="0 0 1" fill="0 0 1" mode="13"
 points="9.79926 1.58096,
	9.80413 1.55284,
	9.81839 1.52681,
	9.84097 1.50479,
	9.87021 1.48842,
	9.90393 1.47892,
	9.93964 1.47698,
	9.97468 1.48275,
	10.0065 1.49581,
	10.0326 1.51519,
	10.0512 1.53944,
	10.0609 1.56677,
	10.0609 1.59515,
	10.0512 1.62249,
	10.0326 1.64674,
	10.0065 1.66611,
	9.97468 1.67917,
	9.93964 1.68494,
	9.90393 1.68301,
	9.87021 1.6735,
	9.84097 1.65713,
	9.81839 1.63512,
	9.80413 1.60908,
	"/>
</Transform>

<Transform dim="1"
 xcoef=" 0.132203002000854 1 0 0 0 0"
 ycoef=" 0.0518146789275565 0 1 0 0 0">
<Contour name="D053_edge" hidden="false" closed="true" simplified="true" border="0 0 1" fill="0 0 1" mode="13"
 points="15.5842 2.49387,
	15.5856 2.47732,
	15.5896 2.46115,
	15.5962 2.44576,
	15.6052 2.43149,
	15.6164 2.41868,
	15.6295 2.40763,
	15.6443 2.39861,
	15.6604 2.39182,
	15.6774 2.38742,
	15.6949 2.38552,
	15.7125 2.38615,
	15.7297 2.38931,
	15.7463 2.39492,
	15.7618 2.40285,
	15.7758 2.41292,
	15.788 2.42488,
	15.7982 2.43846,
	15.806 2.45334,
	15.8113 2.46916,
	15.814 2.48557,
	15.814 2.50217,
	15.8113 2.51858,
	15.806 2.53441,
	15.7982 2.54928,
	15.788 2.56286,
	15.7758 2.57483,
	15.7618 2.58489,
	15.7463 2.59282,
	15.7297 2.59843,
	15.7125 2.60159,
	15.6949 2.60223,
	15.6774 2.60032,
	15.6604 2.59593,
	15.6443 2.58913,
	15.6295 2.58011,
	15.6164 2.56906,
	15.6052 2.55626,
	15.5962 2.54199,
	15.5896 2.52659,
	15.5856 2.51042,
	"/>
</Transform>

<Transform dim="1"
 xcoef=" 0.132203002000854 1 0 0 0 0"
 ycoef=" 0.0518146789275565 0 1 0 0 0">
<Contour name="D055" hidden="false" closed="true" simplified="true" border="0 0 1" fill="0 0 1" mode="13"
 points="1.31354 2.23316,
	1.31937 2.20194,
	1.3363 2.17376,
	1.36267 2.15141,
	1.3959 2.13705,
	1.43274 2.13211,
	1.46957 2.13705,
	1.5028 2.15141,
	1.52917 2.17376,
	1.5461 2.20194,
	1.55193 2.23316,
	1.5461 2.26439,
	1.52917 2.29256,
	1.5028 2.31492,
	1.46957 2.32928,
	1.43274 2.33422,
	1.3959 2.32928,
	1.36267 2.31492,
	1.3363 2.29256,
	"/>
</Transform>

<Transform dim="1"
 xcoef=" 0.132203002000854 1 0 0 0 0"
 ycoef=" 0.0518146789275565 0 1 0 0 0">
<Contour name="D039" hidden="false" closed="true" simplified="true" border="0 0 1" fill="0 0 1" mode="13"
 points="11.5063 2.93985,
	11.5082 2.92132,
	11.5138 2.90356,
	11.523 2.88735,
	11.5353 2.87335,
	11.5502 2.86216,
	11.5671 2.85426,
	11.5852 2.84998,
	11.6039 2.8495,
	11.6222 2.85284,
	11.6395 2.85986,
	11.6549 2.87027,
	11.6679 2.88361,
	11.6779 2.89934,
	11.6845 2.91678,
	11.6874 2.93519,
	11.6864 2.9538,
	11.6817 2.97182,
	11.6733 2.98849,
	11.6618 3.0031,
	11.6475 3.01504,
	11.631 3.0238,
	11.6131 3.02901,
	11.5945 3.03045,
	11.5761 3.02805,
	11.5585 3.02193,
	11.5425 3.01234,
	11.5288 2.99968,
	11.518 2.98449,
	11.5105 2.96741,
	"/>
</Transform>

<Transform dim="1"
 xcoef=" 0.132203002000854 1 0 0 0 0"
 ycoef=" 0.0518146789275565 0 1 0 0 0">
<Contour name="D046" hidden="false" closed="true" simplified="true" border="0 0 1" fill="0 0 1" mode="13"
 points="11.0426 1.61309,
	11.0437 1.59774,
	11.0471 1.58265,
	11.0527 1.56809,
	11.0604 1.55432,
	11.07 1.54158,
	11.0814 1.53009,
	11.0944 1.52004,
	11.1088 1.51163,
	11.1243 1.50498,
	11.1406 1.50023,
	11.1575 1.49744,
	11.1747 1.49668,
	11.1918 1.49795,
	11.2085 1.50123,
	11.2247 1.50647,
	11.2399 1.51357,
	11.254 1.52241,
	11.2666 1.53283,
	11.2776 1.54466,
	11.2868 1.55768,
	11.2939 1.57167,
	11.299 1.58638,
	11.3018 1.60156,
	11.3024 1.61694,
	11.3007 1.63226,
	11.2967 1.64724,
	11.2906 1.66162,
	11.2824 1.67516,
	11.2723 1.68761,
	11.2605 1.69876,
	11.2471 1.70841,
	11.2324 1.7164,
	11.2167 1.72258,
	11.2002 1.72685,
	11.1832 1.72913,
	11.1661 1.72938,
	11.149 1.72761,
	11.1324 1.72383,
	11.1164 1.71812,
	11.1015 1.71057,
	11.0877 1.70132,
	11.0755 1.69053,
	11.0649 1.67838,
	11.0563 1.66509,
	11.0496 1.6509,
	11.0451 1.63605,
	"/>
</Transform>

<Transform dim="1"
 xcoef=" 0.132203002000854 1 0 0 0 0"
 ycoef=" -0.948185321072444 0 1 0 0 0">
<Contour name="d046" hidden="false" closed="true" simplified="true" border="1 1 0" fill="1 1 0" mode="11"
 points="10.6502 0.472262,
	10.651 0.470705,
	10.6572 0.467201,
	10.6635 0.466422,
	10.6697 0.466812,
	10.6728 0.467201,
	10.679 0.469148,
	10.6853 0.472262,
	10.6915 0.476545,
	10.6946 0.478881,
	10.7071 0.490561,
	10.7195 0.499905,
	10.7258 0.505356,
	10.7289 0.508081,
	10.7304 0.509638,
	10.7367 0.512753,
	10.7398 0.51431,
	10.746 0.515868,
	10.7491 0.517425,
	10.7507 0.517814,
	10.7569 0.51431,
	10.76 0.512364,
	10.7631 0.509638,
	10.7663 0.503409,
	10.7666 0.49718,
	10.7674 0.494065,
	10.7682 0.481606,
	10.7682 0.478492,
	10.7709 0.466033,
	10.7748 0.453574,
	10.7756 0.45046,
	10.7869 0.425542,
	10.7896 0.413084,
	10.7935 0.400625,
	10.7947 0.388166,
	10.7951 0.381937,
	10.7939 0.369478,
	10.7935 0.363249,
	10.7931 0.360134,
	10.7943 0.347675,
	10.7986 0.335217,
	10.8021 0.328987,
	10.8048 0.325873,
	10.8079 0.323537,
	10.8095 0.322369,
	10.8219 0.317697,
	10.8344 0.314193,
	10.8593 0.310689,
	10.8718 0.309131,
	10.8842 0.306795,
	10.8905 0.305627,
	10.8967 0.303291,
	10.8998 0.302513,
	10.9247 0.290443,
	10.9372 0.282267,
	10.9496 0.271366,
	10.9559 0.265915,
	10.9683 0.253457,
	10.9784 0.240998,
	10.9835 0.234768,
	10.9843 0.233211,
	10.9858 0.231654,
	10.9866 0.230096,
	10.9987 0.218027,
	11.0049 0.213355,
	11.0111 0.209851,
	11.0143 0.209072,
	11.0205 0.21024,
	11.033 0.21608,
	11.0392 0.219195,
	11.0423 0.220752,
	11.0485 0.225424,
	11.0544 0.231264,
	11.0586 0.237494,
	11.0641 0.249953,
	11.0676 0.256182,
	11.0695 0.259297,
	11.0711 0.260465,
	11.0836 0.265137,
	11.0898 0.268641,
	11.096 0.273313,
	11.0976 0.274091,
	11.1089 0.28655,
	11.1209 0.299009,
	11.1272 0.30407,
	11.1396 0.312246,
	11.1642 0.334827,
	11.1692 0.341057,
	11.1778 0.353515,
	11.1852 0.365974,
	11.1879 0.372203,
	11.1918 0.384662,
	11.1937 0.390891,
	11.1965 0.397121,
	11.1969 0.400236,
	11.2027 0.412694,
	11.207 0.418924,
	11.2101 0.422038,
	11.235 0.438001,
	11.2412 0.442284,
	11.2428 0.443062,
	11.2459 0.446177,
	11.2475 0.447345,
	11.2553 0.459804,
	11.2588 0.466033,
	11.2798 0.49095,
	11.2821 0.494065,
	11.288 0.500294,
	11.2942 0.504577,
	11.2973 0.506134,
	11.3098 0.515478,
	11.316 0.519761,
	11.3222 0.524822,
	11.3285 0.529105,
	11.3316 0.531441,
	11.3378 0.534166,
	11.344 0.53767,
	11.3471 0.539228,
	11.3534 0.5439,
	11.3561 0.546625,
	11.3577 0.548182,
	11.3596 0.551297,
	11.3693 0.563756,
	11.3744 0.569985,
	11.3806 0.575436,
	11.3869 0.581665,
	11.3907 0.587895,
	11.3927 0.591009,
	11.395 0.597239,
	11.4013 0.6023,
	11.4075 0.605804,
	11.4106 0.60814,
	11.4168 0.611255,
	11.4199 0.613201,
	11.4231 0.616316,
	11.4355 0.623713,
	11.4418 0.629164,
	11.4468 0.635393,
	11.4589 0.647852,
	11.4713 0.657975,
	11.4745 0.661089,
	11.4842 0.673548,
	11.4955 0.686007,
	11.5079 0.696129,
	11.5134 0.701969,
	11.5181 0.708199,
	11.5208 0.711313,
	11.5251 0.717543,
	11.5282 0.723772,
	11.5301 0.726887,
	11.5336 0.739346,
	11.5364 0.751804,
	11.5383 0.758034,
	11.5441 0.770492,
	11.5488 0.776722,
	11.5504 0.7775,
	11.5531 0.780615,
	11.5613 0.793074,
	11.5628 0.794631,
	11.5753 0.802028,
	11.5878 0.807868,
	11.594 0.810204,
	11.6002 0.813708,
	11.6033 0.815266,
	11.6092 0.821495,
	11.6119 0.82461,
	11.6138 0.827724,
	11.615 0.830839,
	11.622 0.843298,
	11.6255 0.849527,
	11.6341 0.861986,
	11.6384 0.868215,
	11.6442 0.880674,
	11.645 0.886903,
	11.6446 0.893133,
	11.6442 0.896247,
	11.6403 0.908706,
	11.6388 0.911821,
	11.629 0.924279,
	11.6259 0.927005,
	11.6197 0.930509,
	11.6166 0.932066,
	11.6158 0.932066,
	11.6131 0.935181,
	11.6099 0.937127,
	11.5975 0.942578,
	11.5948 0.944914,
	11.5928 0.948029,
	11.5924 0.949586,
	11.594 0.955815,
	11.5936 0.962045,
	11.5928 0.965159,
	11.5909 0.968274,
	11.5893 0.969442,
	11.5831 0.969831,
	11.5769 0.969442,
	11.5644 0.963213,
	11.5613 0.961655,
	11.555 0.960877,
	11.5488 0.961655,
	11.5473 0.961655,
	11.541 0.96477,
	11.5348 0.969831,
	11.5286 0.975671,
	11.527 0.977229,
	11.5208 0.981122,
	11.5146 0.984237,
	11.5083 0.986573,
	11.5052 0.987351,
	11.5021 0.988909,
	11.4959 0.990077,
	11.4928 0.990855,
	11.4865 0.99397,
	11.4803 0.998253,
	11.4772 1.00059,
	11.471 1.00254,
	11.4585 1.00292,
	11.4554 1.00292,
	11.4491 1.00137,
	11.4367 0.995527,
	11.4242 0.991245,
	11.4211 0.990466,
	11.4087 0.992023,
	11.4024 0.993191,
	11.4009 0.993581,
	11.3946 0.998253,
	11.3822 1.00331,
	11.376 1.00526,
	11.3635 1.00565,
	11.3573 1.00409,
	11.351 1.00059,
	11.3479 0.998642,
	11.3464 0.997474,
	11.3401 0.994749,
	11.3277 0.98813,
	11.3214 0.985015,
	11.3152 0.981122,
	11.3121 0.979175,
	11.309 0.97645,
	11.3028 0.972167,
	11.2996 0.970221,
	11.2876 0.959319,
	11.2813 0.954647,
	11.2689 0.946861,
	11.2681 0.946082,
	11.265 0.945303,
	11.2619 0.943357,
	11.2557 0.941021,
	11.2541 0.940242,
	11.2525 0.940242,
	11.2494 0.939074,
	11.2245 0.936349,
	11.1996 0.932066,
	11.1871 0.931287,
	11.1809 0.931287,
	11.1684 0.929341,
	11.1622 0.926615,
	11.1591 0.925837,
	11.156 0.92389,
	11.1552 0.92389,
	11.1544 0.923111,
	11.1536 0.923111,
	11.1533 0.922333,
	11.147 0.919607,
	11.1408 0.916103,
	11.1377 0.914546,
	11.1315 0.910263,
	11.119 0.902866,
	11.1132 0.897805,
	11.1007 0.889239,
	11.0976 0.887293,
	11.096 0.886903,
	11.0929 0.884957,
	11.0898 0.883789,
	11.0773 0.881453,
	11.0649 0.879895,
	11.0633 0.879506,
	11.0509 0.881063,
	11.0259 0.881063,
	11.0197 0.880285,
	11.0189 0.879506,
	11.0127 0.878338,
	11.0002 0.874055,
	10.9971 0.872887,
	10.9956 0.872109,
	10.9948 0.872109,
	10.994 0.87133,
	10.9909 0.870551,
	10.9878 0.868604,
	10.9753 0.863154,
	10.9738 0.862764,
	10.9675 0.858871,
	10.9644 0.856924,
	10.964 0.856146,
	10.9633 0.856146,
	10.9625 0.855367,
	10.9609 0.854978,
	10.9485 0.845634,
	10.9454 0.842908,
	10.9422 0.840962,
	10.9309 0.828892,
	10.9228 0.816434,
	10.9204 0.813319,
	10.9142 0.80709,
	10.908 0.803586,
	10.8955 0.799692,
	10.8893 0.797746,
	10.8768 0.791906,
	10.8706 0.788012,
	10.8675 0.785676,
	10.8659 0.784898,
	10.8539 0.773218,
	10.8511 0.770103,
	10.8496 0.768546,
	10.8496 0.767767,
	10.8441 0.761538,
	10.8398 0.755308,
	10.8332 0.74285,
	10.8254 0.717932,
	10.8196 0.705473,
	10.8165 0.699244,
	10.8161 0.697687,
	10.8126 0.691457,
	10.8071 0.678999,
	10.8009 0.66654,
	10.799 0.663425,
	10.7978 0.661868,
	10.7974 0.660311,
	10.7892 0.647852,
	10.7795 0.635393,
	10.7733 0.630332,
	10.7608 0.624103,
	10.7546 0.621377,
	10.7483 0.617095,
	10.7468 0.616705,
	10.7437 0.614759,
	10.7374 0.612033,
	10.7312 0.607751,
	10.7281 0.605804,
	10.7156 0.599964,
	10.7094 0.596071,
	10.7063 0.593735,
	10.7032 0.592177,
	10.697 0.587505,
	10.6938 0.585559,
	10.6826 0.5731,
	10.6779 0.566871,
	10.6678 0.541953,
	10.6623 0.529494,
	10.6588 0.517036,
	10.6545 0.504577,
	10.6514 0.492118,
	10.6502 0.47966,
	10.6502 0.47343,
	10.6502 0.472652,
	"/>
</Transform>

<Transform dim="1"
 xcoef=" 0.132203002000854 1 0 0 0 0"
 ycoef=" -0.948185321072444 0 1 0 0 0">
<Contour name="d046_p02" hidden="false" closed="true" simplified="true" border="1 1 0" fill="1 1 0" mode="11"
 points="11.5318 0.365949,
	11.5325 0.364482,
	11.5325 0.363749,
	11.5333 0.363382,
	11.5336 0.361916,
	11.5377 0.356415,
	11.5428 0.350915,
	11.5538 0.342848,
	11.5567 0.340648,
	11.5798 0.327081,
	11.5828 0.325614,
	11.5842 0.324881,
	11.585 0.324147,
	11.5857 0.324147,
	11.5872 0.323047,
	11.5886 0.322681,
	11.5894 0.321947,
	11.5919 0.320847,
	11.5934 0.320114,
	11.5941 0.320114,
	11.5949 0.31938,
	11.5978 0.31828,
	11.5993 0.317914,
	11.6 0.31718,
	11.6117 0.312047,
	11.6176 0.30948,
	11.6191 0.309113,
	11.6198 0.30838,
	11.6257 0.306547,
	11.6315 0.30398,
	11.6374 0.302146,
	11.6403 0.30068,
	11.6521 0.297013,
	11.6579 0.294813,
	11.6697 0.291879,
	11.6726 0.291146,
	11.6733 0.290413,
	11.6851 0.286746,
	11.688 0.286379,
	11.6887 0.285646,
	11.6946 0.284179,
	11.6975 0.283079,
	11.7005 0.282712,
	11.7122 0.279045,
	11.7151 0.278679,
	11.7166 0.277945,
	11.7283 0.276112,
	11.7342 0.275379,
	11.7401 0.273912,
	11.7518 0.272812,
	11.7635 0.272812,
	11.7694 0.272445,
	11.7811 0.275012,
	11.7841 0.276479,
	11.7855 0.276845,
	11.7863 0.277579,
	11.787 0.277579,
	11.7877 0.278312,
	11.7907 0.279045,
	11.7914 0.279779,
	11.7929 0.280145,
	11.7936 0.280879,
	11.7951 0.281245,
	11.8006 0.285279,
	11.8013 0.285279,
	11.8028 0.286379,
	11.8042 0.286746,
	11.8094 0.291146,
	11.8152 0.294813,
	11.8207 0.299213,
	11.8229 0.301413,
	11.8251 0.304346,
	11.8266 0.305813,
	11.8281 0.308747,
	11.8281 0.30948,
	11.8288 0.310213,
	11.8314 0.321947,
	11.8321 0.324881,
	11.8328 0.326347,
	11.8328 0.327814,
	11.8361 0.333681,
	11.838 0.336615,
	11.8394 0.338081,
	11.8402 0.339181,
	11.8427 0.341381,
	11.8446 0.343948,
	11.8493 0.349448,
	11.8523 0.355315,
	11.853 0.358249,
	11.8537 0.359716,
	11.8537 0.361182,
	11.8545 0.362649,
	11.8548 0.368516,
	11.8548 0.371449,
	11.8541 0.374383,
	11.8537 0.37585,
	11.853 0.376216,
	11.8504 0.381716,
	11.846 0.387217,
	11.8405 0.39125,
	11.8376 0.393084,
	11.8361 0.39345,
	11.8354 0.39345,
	11.835 0.394184,
	11.8233 0.397484,
	11.8116 0.399684,
	11.7646 0.402251,
	11.7412 0.401884,
	11.7294 0.401517,
	11.7265 0.401517,
	11.7236 0.400784,
	11.7118 0.399684,
	11.6649 0.399684,
	11.659 0.399317,
	11.6561 0.399317,
	11.6502 0.398217,
	11.6268 0.397484,
	11.6209 0.396017,
	11.615 0.393817,
	11.6143 0.393084,
	11.6114 0.391984,
	11.6055 0.39125,
	11.604 0.390517,
	11.5923 0.388683,
	11.5908 0.38795,
	11.585 0.387583,
	11.582 0.38685,
	11.5762 0.38685,
	11.5703 0.386117,
	11.5586 0.38575,
	11.5527 0.38575,
	11.5468 0.38465,
	11.541 0.382817,
	11.538 0.380983,
	11.5358 0.378783,
	11.5336 0.37585,
	11.5336 0.375116,
	11.5329 0.374749,
	11.5318 0.368883,
	11.5318 0.366316,
	"/>
</Transform>

<Transform dim="1"
 xcoef=" 0.132203002000854 1 0 0 0 0"
 ycoef=" -0.948185321072444 0 1 0 0 0">
<Contour name="d046_p04" hidden="false" closed="true" simplified="true" border="1 1 0" fill="1 1 0" mode="11"
 points="9.60935 1.28188,
	9.61026 1.27463,
	9.61026 1.26013,
	9.61298 1.24563,
	9.61479 1.23838,
	9.61751 1.23113,
	9.61842 1.22751,
	9.62204 1.22026,
	9.62476 1.21301,
	9.64017 1.18401,
	9.64379 1.17676,
	9.64923 1.16951,
	9.66826 1.14051,
	9.68004 1.12601,
	9.68638 1.11876,
	9.70134 1.08976,
	9.70859 1.07526,
	9.7181 1.06076,
	9.72671 1.04626,
	9.73124 1.03901,
	9.73849 1.02451,
	9.74076 1.01726,
	9.75299 0.988259,
	9.75662 0.981009,
	9.75707 0.979196,
	9.75843 0.977384,
	9.75979 0.973759,
	9.77882 0.944759,
	9.7829 0.937509,
	9.78788 0.930259,
	9.79423 0.923462,
	9.80873 0.914853,
	9.82323 0.911228,
	9.82685 0.910322,
	9.84135 0.910322,
	9.87035 0.914853,
	9.8776 0.915759,
	9.8921 0.916212,
	9.9066 0.919384,
	9.9356 0.929353,
	9.94285 0.931618,
	9.95735 0.932978,
	9.98635 0.932525,
	10.0009 0.932978,
	10.0081 0.932978,
	10.0154 0.934337,
	10.0226 0.936603,
	10.0299 0.940228,
	10.0371 0.944759,
	10.0407 0.947478,
	10.0444 0.94929,
	10.0579 0.96379,
	10.0647 0.969227,
	10.072 0.972399,
	10.0756 0.973306,
	10.0792 0.975118,
	10.0865 0.974212,
	10.0901 0.973759,
	10.0919 0.973759,
	10.1209 0.96379,
	10.1354 0.960165,
	10.1391 0.958806,
	10.1427 0.958806,
	10.1463 0.957899,
	10.1608 0.957446,
	10.1681 0.957446,
	10.1753 0.958353,
	10.1789 0.959712,
	10.1807 0.961071,
	10.1826 0.961524,
	10.1893 0.966509,
	10.1948 0.973759,
	10.2016 0.988259,
	10.2038 0.995509,
	10.2043 0.999134,
	10.2052 1.00095,
	10.2066 1.01545,
	10.207 1.0227,
	10.2038 1.0372,
	10.1989 1.0517,
	10.1975 1.05532,
	10.198 1.06982,
	10.2011 1.08432,
	10.2029 1.09157,
	10.2057 1.09882,
	10.2138 1.11332,
	10.2351 1.14232,
	10.2378 1.14594,
	10.2387 1.14776,
	10.2455 1.15501,
	10.256 1.16951,
	10.2641 1.18401,
	10.2659 1.18763,
	10.2664 1.19488,
	10.2655 1.20213,
	10.2641 1.20576,
	10.2646 1.21301,
	10.2632 1.22751,
	10.2632 1.23113,
	10.2618 1.23476,
	10.2605 1.24201,
	10.2582 1.24926,
	10.2523 1.27826,
	10.251 1.29276,
	10.2505 1.30726,
	10.2501 1.31088,
	10.2469 1.31813,
	10.2451 1.32176,
	10.2401 1.32901,
	10.2383 1.33082,
	10.2374 1.33172,
	10.2301 1.33308,
	10.2265 1.33308,
	10.2229 1.33172,
	10.2156 1.32493,
	10.212 1.32176,
	10.2048 1.31723,
	10.1975 1.31088,
	10.1957 1.30907,
	10.1912 1.30182,
	10.1875 1.29457,
	10.1826 1.28007,
	10.1826 1.27826,
	10.1812 1.27463,
	10.1789 1.26013,
	10.1771 1.25288,
	10.1762 1.24563,
	10.173 1.23838,
	10.1712 1.23476,
	10.1653 1.22751,
	10.1581 1.22207,
	10.1508 1.21844,
	10.1363 1.21391,
	10.1291 1.21255,
	10.1146 1.21119,
	10.1073 1.20984,
	10.1001 1.20757,
	10.0965 1.20621,
	10.0946 1.20485,
	10.0874 1.20259,
	10.0729 1.19624,
	10.0693 1.19488,
	10.0675 1.19443,
	10.0656 1.19307,
	10.0584 1.1908,
	10.0548 1.1899,
	10.053 1.18944,
	10.0521 1.18854,
	10.0484 1.18809,
	10.0448 1.18673,
	10.0303 1.18446,
	10.0158 1.1831,
	10.0013 1.1831,
	9.9868 1.18446,
	9.9723 1.18944,
	9.97049 1.1899,
	9.96959 1.1899,
	9.96596 1.19216,
	9.95146 1.19805,
	9.92246 1.2121,
	9.90796 1.22252,
	9.89346 1.23204,
	9.88621 1.23612,
	9.87171 1.24563,
	9.86446 1.25107,
	9.85041 1.26512,
	9.84316 1.27191,
	9.82866 1.28279,
	9.82141 1.28823,
	9.82051 1.28823,
	9.81326 1.29412,
	9.80601 1.30091,
	9.79876 1.3068,
	9.79513 1.30907,
	9.78109 1.32357,
	9.77746 1.32719,
	9.77248 1.33444,
	9.76659 1.34894,
	9.76206 1.36344,
	9.7616 1.37069,
	9.76115 1.37432,
	9.76024 1.37613,
	9.75934 1.39063,
	9.75798 1.39788,
	9.75481 1.40513,
	9.75345 1.40876,
	9.74846 1.41601,
	9.74529 1.41918,
	9.74167 1.42144,
	9.73985 1.4228,
	9.72535 1.42597,
	9.72173 1.42688,
	9.71448 1.42733,
	9.70723 1.42688,
	9.7036 1.42643,
	9.6746 1.41601,
	9.6601 1.40649,
	9.65648 1.40422,
	9.62793 1.37568,
	9.62476 1.37205,
	9.62023 1.3648,
	9.6166 1.35755,
	9.61479 1.35393,
	9.61071 1.33943,
	9.60981 1.32493,
	9.60935 1.29593,
	9.60935 1.28868,
	9.60935 1.28505,
	9.60935 1.28324,
	9.60935 1.28233,
	"/>
</Transform>

<Transform dim="1"
 xcoef=" 0.132203002000854 1 0 0 0 0"
 ycoef=" -0.948185321072444 0 1 0 0 0">
<Contour name="d046_p05" hidden="false" closed="true" simplified="true" border="1 1 0" fill="1 1 0" mode="11"
 points="12.1144 1.27633,
	12.1149 1.27543,
	12.1151 1.27362,
	12.1163 1.27001,
	12.1169 1.2682,
	12.1178 1.26639,
	12.118 1.26549,
	12.1187 1.26459,
	12.1206 1.26097,
	12.123 1.25736,
	12.1256 1.25375,
	12.1267 1.25194,
	12.1298 1.24833,
	12.1334 1.24482,
	12.137 1.24155,
	12.1406 1.2385,
	12.1424 1.23715,
	12.146 1.23545,
	12.147 1.235,
	12.1506 1.23421,
	12.1524 1.23387,
	12.1542 1.23387,
	12.1614 1.23285,
	12.1686 1.23252,
	12.1722 1.23229,
	12.1759 1.23173,
	12.1777 1.23139,
	12.1813 1.23026,
	12.1822 1.22981,
	12.1831 1.22958,
	12.1835 1.22947,
	12.184 1.22913,
	12.1844 1.22901,
	12.1852 1.22845,
	12.187 1.22766,
	12.1888 1.22664,
	12.1907 1.22585,
	12.1916 1.22529,
	12.1918 1.22506,
	12.1922 1.22506,
	12.1931 1.22438,
	12.1936 1.22427,
	12.194 1.22393,
	12.1959 1.22326,
	12.1995 1.22088,
	12.2004 1.22032,
	12.2008 1.21998,
	12.2013 1.21987,
	12.2031 1.21817,
	12.2049 1.21671,
	12.2067 1.21501,
	12.2085 1.21354,
	12.2103 1.21241,
	12.2112 1.21196,
	12.2114 1.21174,
	12.2123 1.21151,
	12.2128 1.21117,
	12.2137 1.21095,
	12.2141 1.21083,
	12.2146 1.21049,
	12.2182 1.21016,
	12.22 1.21004,
	12.2209 1.20993,
	12.2211 1.20993,
	12.2214 1.2097,
	12.2232 1.20948,
	12.2234 1.20925,
	12.2252 1.20891,
	12.227 1.20835,
	12.2306 1.20767,
	12.2324 1.20733,
	12.2397 1.20711,
	12.2433 1.20699,
	12.2469 1.20654,
	12.2541 1.20654,
	12.2577 1.20677,
	12.2595 1.20677,
	12.2632 1.20722,
	12.2641 1.20733,
	12.2659 1.20801,
	12.2668 1.20824,
	12.2672 1.20857,
	12.2681 1.20891,
	12.2686 1.20903,
	12.2695 1.20959,
	12.2713 1.21016,
	12.2715 1.21016,
	12.2733 1.21117,
	12.2751 1.21264,
	12.2759 1.21343,
	12.2778 1.21693,
	12.2791 1.21874,
	12.2801 1.22055,
	12.2807 1.22145,
	12.2821 1.22495,
	12.2826 1.22585,
	12.2828 1.22676,
	12.2828 1.23037,
	12.2825 1.23398,
	12.2817 1.2376,
	12.2815 1.2385,
	12.2796 1.24211,
	12.2792 1.24257,
	12.2772 1.24618,
	12.2761 1.24799,
	12.2756 1.24889,
	12.2752 1.24979,
	12.275 1.25025,
	12.2748 1.25047,
	12.2747 1.25092,
	12.2742 1.25137,
	12.274 1.25183,
	12.2724 1.25352,
	12.2715 1.2542,
	12.2713 1.25442,
	12.2711 1.25442,
	12.2706 1.25476,
	12.2688 1.2551,
	12.2652 1.25725,
	12.2616 1.25894,
	12.2598 1.26007,
	12.2593 1.2603,
	12.2589 1.26075,
	12.2571 1.26154,
	12.2534 1.26402,
	12.2498 1.26617,
	12.248 1.26718,
	12.2471 1.26764,
	12.2467 1.26775,
	12.2459 1.26831,
	12.245 1.26865,
	12.2432 1.2699,
	12.2427 1.27001,
	12.2418 1.2708,
	12.24 1.27193,
	12.2364 1.27543,
	12.2336 1.27904,
	12.2321 1.28085,
	12.2272 1.28808,
	12.2262 1.28988,
	12.2254 1.29169,
	12.2249 1.29259,
	12.2245 1.2935,
	12.2235 1.2953,
	12.2232 1.29621,
	12.2222 1.29801,
	12.2207 1.30163,
	12.2199 1.30344,
	12.2178 1.30705,
	12.2166 1.30886,
	12.2161 1.30976,
	12.2145 1.31157,
	12.2132 1.31337,
	12.2102 1.31699,
	12.2087 1.31879,
	12.2051 1.3215,
	12.2042 1.32184,
	12.2034 1.32252,
	12.2025 1.32275,
	12.2016 1.32331,
	12.2012 1.32342,
	12.2003 1.32399,
	12.1984 1.32467,
	12.1948 1.32534,
	12.1876 1.32613,
	12.1858 1.32613,
	12.1786 1.32512,
	12.175 1.32455,
	12.1605 1.32105,
	12.1569 1.32037,
	12.1497 1.31846,
	12.146 1.31699,
	12.1442 1.31631,
	12.137 1.31281,
	12.1367 1.31247,
	12.1366 1.31224,
	12.1361 1.31224,
	12.1289 1.30739,
	12.1271 1.30626,
	12.1253 1.3049,
	12.1217 1.3014,
	12.1208 1.30061,
	12.1195 1.29881,
	12.1185 1.297,
	12.1177 1.29519,
	12.1174 1.29429,
	12.1168 1.29338,
	12.1158 1.28977,
	12.115 1.28616,
	12.1145 1.28254,
	12.1144 1.27893,
	12.1144 1.27712,
	12.1144 1.27667,
	12.1144 1.27645,
	"/>
</Transform>

<Transform dim="1"
 xcoef=" 0.132203002000854 1 0 0 0 0"
 ycoef=" -0.948185321072444 0 1 0 0 0">
<Contour name="d046_p06" hidden="false" closed="true" simplified="true" border="1 1 0" fill="1 1 0" mode="11"
 points="12.258 -0.37807,
	12.2587 -0.383668,
	12.2594 -0.385068,
	12.2599 -0.387867,
	12.2601 -0.389266,
	12.2601 -0.389966,
	12.2637 -0.401163,
	12.2639 -0.401863,
	12.2651 -0.403263,
	12.2671 -0.408861,
	12.2681 -0.41166,
	12.2683 -0.41236,
	12.2693 -0.41376,
	12.2699 -0.415159,
	12.27 -0.415859,
	12.2718 -0.418658,
	12.2721 -0.420058,
	12.2788 -0.431255,
	12.2805 -0.434054,
	12.2859 -0.439128,
	12.2873 -0.440352,
	12.2929 -0.443676,
	12.2957 -0.445251,
	12.2985 -0.44735,
	12.2999 -0.447875,
	12.3013 -0.44875,
	12.3041 -0.449625,
	12.3048 -0.4498,
	12.3055 -0.450324,
	12.3057 -0.450674,
	12.3113 -0.451199,
	12.3225 -0.451374,
	12.3253 -0.451374,
	12.3309 -0.449974,
	12.3337 -0.44945,
	12.3351 -0.449275,
	12.3407 -0.447525,
	12.3435 -0.44665,
	12.3449 -0.446475,
	12.3477 -0.445251,
	12.3505 -0.445076,
	12.3617 -0.445601,
	12.3631 -0.445601,
	12.3645 -0.445951,
	12.3652 -0.445951,
	12.368 -0.44735,
	12.3708 -0.448225,
	12.3764 -0.451549,
	12.3778 -0.452424,
	12.3792 -0.452949,
	12.3799 -0.453124,
	12.3855 -0.457322,
	12.3883 -0.459072,
	12.3995 -0.464495,
	12.4002 -0.46467,
	12.4016 -0.465895,
	12.4072 -0.46747,
	12.41 -0.468169,
	12.4128 -0.468519,
	12.4156 -0.468169,
	12.4163 -0.467994,
	12.4166 -0.467994,
	12.4173 -0.467295,
	12.4229 -0.46572,
	12.4341 -0.463796,
	12.4397 -0.462921,
	12.4453 -0.461346,
	12.4509 -0.458547,
	12.4523 -0.457847,
	12.4551 -0.455748,
	12.4558 -0.455223,
	12.4572 -0.454873,
	12.4579 -0.454523,
	12.4633 -0.448925,
	12.4661 -0.446126,
	12.4696 -0.440527,
	12.4712 -0.437728,
	12.4716 -0.437028,
	12.4723 -0.436328,
	12.4726 -0.434929,
	12.4761 -0.42933,
	12.4779 -0.426531,
	12.4791 -0.423732,
	12.4805 -0.418133,
	12.481 -0.415334,
	12.4815 -0.404137,
	12.4798 -0.398539,
	12.4791 -0.398189,
	12.4754 -0.386992,
	12.4737 -0.375795,
	12.4728 -0.370197,
	12.4721 -0.359,
	12.4719 -0.3576,
	12.4731 -0.352002,
	12.4747 -0.346403,
	12.477 -0.340805,
	12.4826 -0.329608,
	12.484 -0.326809,
	12.488 -0.315612,
	12.4891 -0.312813,
	12.4896 -0.311413,
	12.491 -0.300216,
	12.4915 -0.294618,
	12.4915 -0.289019,
	12.4915 -0.28762,
	12.4903 -0.282021,
	12.4894 -0.279222,
	12.4882 -0.276423,
	12.4866 -0.273624,
	12.4863 -0.272224,
	12.4787 -0.261027,
	12.4749 -0.255429,
	12.4742 -0.254029,
	12.4686 -0.248781,
	12.4672 -0.247556,
	12.4658 -0.247031,
	12.4602 -0.243182,
	12.4574 -0.240908,
	12.4462 -0.237409,
	12.4406 -0.237059,
	12.435 -0.236184,
	12.4294 -0.235659,
	12.4266 -0.235484,
	12.4252 -0.235484,
	12.4224 -0.236709,
	12.4168 -0.239683,
	12.414 -0.240908,
	12.4112 -0.241433,
	12.4056 -0.241608,
	12.3944 -0.240558,
	12.3916 -0.240383,
	12.386 -0.239333,
	12.3832 -0.238808,
	12.372 -0.238808,
	12.3608 -0.236184,
	12.3496 -0.236009,
	12.3468 -0.236009,
	12.344 -0.236884,
	12.3384 -0.237759,
	12.3328 -0.240383,
	12.33 -0.240908,
	12.3272 -0.241083,
	12.3258 -0.241433,
	12.323 -0.241608,
	12.3202 -0.242832,
	12.3188 -0.243532,
	12.3181 -0.243882,
	12.3153 -0.246156,
	12.3097 -0.24983,
	12.3069 -0.251405,
	12.3055 -0.252105,
	12.3048 -0.252455,
	12.3045 -0.252804,
	12.3041 -0.252804,
	12.3038 -0.253154,
	12.3031 -0.253329,
	12.3017 -0.254379,
	12.301 -0.254904,
	12.3003 -0.255079,
	12.2996 -0.255604,
	12.2992 -0.255954,
	12.2985 -0.256129,
	12.2929 -0.259803,
	12.2901 -0.261552,
	12.2894 -0.262077,
	12.2891 -0.262077,
	12.2837 -0.266976,
	12.2824 -0.2682,
	12.2817 -0.268725,
	12.2814 -0.269425,
	12.2786 -0.271874,
	12.2772 -0.272749,
	12.2746 -0.275373,
	12.2739 -0.276073,
	12.273 -0.277473,
	12.2725 -0.278172,
	12.2723 -0.278872,
	12.2709 -0.279922,
	12.2695 -0.281322,
	12.2678 -0.284121,
	12.2669 -0.28552,
	12.2639 -0.296717,
	12.263 -0.299516,
	12.262 -0.310713,
	12.2615 -0.316312,
	12.2615 -0.32191,
	12.2615 -0.324709,
	12.2604 -0.327509,
	12.2604 -0.333107,
	12.2602 -0.335906,
	12.2592 -0.341505,
	12.2583 -0.352702,
	12.258 -0.3583,
	12.258 -0.369497,
	12.258 -0.375095,
	12.258 -0.377895,
	"/>
</Transform>

<Transform dim="1"
 xcoef=" 0.266923053555155 1 0 0 0 0"
 ycoef=" 0.147155023104446 0 1 0 0 0">
<Image mag="0.00201646" contrast="1.3401" brightness="-0.57" red="true" green="true" blue="true"
 src="016____z15.0.tif" />
<Contour name="domain1" hidden="false" closed="true" simplified="false" border="1 0 1" fill="1 0 1" mode="11"
 points="0 0,
	9551 0,
	9551 5063,
	0 5063,
	"/>
</Transform>

<Transform dim="1"
 xcoef=" 0.132203002000854 1 0 0 0 0"
 ycoef=" -0.23279858616168 0 1 0 0 0">
<Contour name="d046_p37" hidden="false" closed="true" simplified="true" border="1 1 0" fill="1 1 0" mode="11"
 points="12.3185 1.27552,
	12.3217 1.26689,
	12.3271 1.25934,
	12.3314 1.25827,
	12.3401 1.24964,
	12.3487 1.24533,
	12.3519 1.24209,
	12.3864 1.24101,
	12.3951 1.23778,
	12.3994 1.23562,
	12.4339 1.23562,
	12.4425 1.2367,
	12.449 1.24317,
	12.45 1.26042,
	12.4446 1.27767,
	12.4414 1.28091,
	12.4414 1.28306,
	12.436 1.29169,
	12.4328 1.30032,
	12.4296 1.31757,
	12.4274 1.32619,
	12.4231 1.33374,
	12.4091 1.34776,
	12.4058 1.35207,
	12.4037 1.35423,
	12.4015 1.35423,
	12.394 1.3607,
	12.3853 1.3607,
	12.381 1.35854,
	12.3767 1.35854,
	12.3692 1.35099,
	12.3659 1.34776,
	12.3649 1.34344,
	12.3649 1.34129,
	12.353 1.32619,
	12.3379 1.31433,
	12.3293 1.30894,
	12.3239 1.30139,
	12.3207 1.29708,
	12.3207 1.29492,
	12.3185 1.29277,
	12.3185 1.2766,
	"/>
</Transform>

<Transform dim="1"
 xcoef=" 0.132203002000854 1 0 0 0 0"
 ycoef=" -0.23279858616168 0 1 0 0 0">
<Contour name="d046_p07" hidden="false" closed="true" simplified="true" border="1 1 0" fill="1 1 0" mode="11"
 points="12.1306 1.80582,
	12.1317 1.80147,
	12.1317 1.7993,
	12.1349 1.79495,
	12.1425 1.77754,
	12.1447 1.77428,
	12.1523 1.76666,
	12.1523 1.76449,
	12.1556 1.76231,
	12.1632 1.7547,
	12.1676 1.75143,
	12.173 1.7449,
	12.1904 1.73838,
	12.1991 1.73729,
	12.2078 1.73947,
	12.2165 1.74382,
	12.2252 1.75034,
	12.2285 1.75252,
	12.2296 1.75687,
	12.2394 1.77319,
	12.2415 1.78189,
	12.247 1.79059,
	12.2502 1.79821,
	12.2502 1.80038,
	12.2524 1.80147,
	12.2557 1.81888,
	12.2546 1.83628,
	12.2546 1.83846,
	12.2524 1.84064,
	12.2524 1.84281,
	12.2448 1.85151,
	12.2404 1.85478,
	12.2383 1.85913,
	12.2339 1.86022,
	12.2317 1.86239,
	12.2143 1.86348,
	12.1795 1.86239,
	12.1708 1.8613,
	12.1665 1.85913,
	12.1643 1.85913,
	12.1491 1.84716,
	12.1414 1.84172,
	12.1382 1.83737,
	12.136 1.83628,
	12.1338 1.82867,
	12.1306 1.82432,
	12.1306 1.80691,
	"/>
</Transform>

<Transform dim="1"
 xcoef=" 0.132203002000854 1 0 0 0 0"
 ycoef=" -0.23279858616168 0 1 0 0 0">
<Contour name="D046 ax01??" hidden="false" closed="true" simplified="false" border="1 1 0" fill="1 1 0" mode="11"
 points="8.72227 6.53034,
	8.69919 6.53034,
	8.69919 6.54188,
	8.71073 6.55341,
	8.74534 6.56495,
	8.72227 6.57649,
	8.71073 6.59956,
	8.68766 6.57649,
	8.67612 6.55341,
	8.67612 6.53034,
	8.65304 6.53034,
	8.68766 6.50726,
	"/>
</Transform>

<Transform dim="1"
 xcoef=" 0.132203002000854 1 0 0 0 0"
 ycoef=" -0.23279858616168 0 1 0 0 0">
<Contour name="D037" hidden="false" closed="true" simplified="true" border="0 0 1" fill="0 0 1" mode="11"
 points="15.8201 1.37257,
	15.8216 1.35678,
	15.8259 1.34136,
	15.8331 1.32667,
	15.8428 1.31306,
	15.855 1.30084,
	15.8693 1.29031,
	15.8853 1.2817,
	15.9028 1.27522,
	15.9212 1.27103,
	15.9402 1.26921,
	15.9593 1.26982,
	15.9781 1.27283,
	15.9961 1.27818,
	16.0129 1.28575,
	16.0281 1.29535,
	16.0413 1.30676,
	16.0523 1.31971,
	16.0608 1.3339,
	16.0666 1.349,
	16.0695 1.36465,
	16.0695 1.38049,
	16.0666 1.39614,
	16.0608 1.41123,
	16.0523 1.42542,
	16.0413 1.43838,
	16.0281 1.44979,
	16.0129 1.45939,
	15.9961 1.46695,
	15.9781 1.47231,
	15.9593 1.47532,
	15.9402 1.47593,
	15.9212 1.47411,
	15.9028 1.46991,
	15.8853 1.46344,
	15.8693 1.45483,
	15.855 1.44429,
	15.8428 1.43208,
	15.8331 1.41846,
	15.8259 1.40378,
	15.8216 1.38836,
	"/>
</Transform>

<Transform dim="1"
 xcoef=" 0.132203002000854 1 0 0 0 0"
 ycoef=" -0.23279858616168 0 1 0 0 0">
<Contour name="D020" hidden="false" closed="true" simplified="true" border="0 0 1" fill="0 0 1" mode="11"
 points="10.5412 6.80276,
	10.542 6.78851,
	10.5447 6.77451,
	10.5491 6.76096,
	10.5551 6.7481,
	10.5626 6.73614,
	10.5716 6.72527,
	10.5818 6.71568,
	10.5932 6.70751,
	10.6055 6.70091,
	10.6185 6.69598,
	10.632 6.69281,
	10.6458 6.69144,
	10.6596 6.6919,
	10.6733 6.69417,
	10.6865 6.69823,
	10.6992 6.70401,
	10.711 6.71141,
	10.7219 6.72031,
	10.7315 6.73056,
	10.7398 6.742,
	10.7466 6.75443,
	10.7518 6.76766,
	10.7553 6.78147,
	10.7571 6.79562,
	10.7571 6.80989,
	10.7553 6.82405,
	10.7518 6.83785,
	10.7466 6.85108,
	10.7398 6.86352,
	10.7315 6.87495,
	10.7219 6.8852,
	10.711 6.8941,
	10.6992 6.9015,
	10.6865 6.90728,
	10.6733 6.91134,
	10.6596 6.91362,
	10.6458 6.91407,
	10.632 6.9127,
	10.6185 6.90953,
	10.6055 6.9046,
	10.5932 6.898,
	10.5818 6.88983,
	10.5716 6.88024,
	10.5626 6.86937,
	10.5551 6.85741,
	10.5491 6.84455,
	10.5447 6.83101,
	10.542 6.817,
	"/>
</Transform>

<Transform dim="1"
 xcoef=" 0.132203002000854 1 0 0 0 0"
 ycoef=" -0.23279858616168 0 1 0 0 0">
<Contour name="D060_large" hidden="false" closed="true" simplified="true" border="0 0 1" fill="0 0 1" mode="11"
 points="2.83733 4.56913,
	2.84039 4.55029,
	2.84941 4.53246,
	2.86389 4.51661,
	2.88306 4.50359,
	2.90588 4.4941,
	2.93112 4.48866,
	2.95743 4.48755,
	2.98338 4.49085,
	3.00758 4.49836,
	3.02872 4.50969,
	3.04566 4.52423,
	3.05748 4.54118,
	3.06356 4.55965,
	3.06356 4.57862,
	3.05748 4.59708,
	3.04566 4.61404,
	3.02872 4.62857,
	3.00758 4.6399,
	2.98338 4.64742,
	2.95743 4.65071,
	2.93112 4.64961,
	2.90588 4.64417,
	2.88306 4.63468,
	2.86389 4.62166,
	2.84941 4.60581,
	"/>
</Transform>

<Transform dim="1"
 xcoef=" 0.132203002000854 1 0 0 0 0"
 ycoef=" -0.23279858616168 0 1 0 0 0">
<Contour name="D022" hidden="false" closed="true" simplified="true" border="0 0 1" fill="0 0 1" mode="11"
 points="14.3231 6.70496,
	14.3236 6.69554,
	14.3252 6.68622,
	14.3278 6.67708,
	14.3313 6.66819,
	14.3359 6.65966,
	14.3413 6.65156,
	14.3476 6.64396,
	14.3547 6.63694,
	14.3626 6.63057,
	14.3711 6.6249,
	14.3802 6.61999,
	14.3898 6.61589,
	14.3998 6.61263,
	14.4101 6.61025,
	14.4207 6.60876,
	14.4313 6.60819,
	14.442 6.60853,
	14.4526 6.60979,
	14.4629 6.61195,
	14.473 6.61499,
	14.4827 6.61889,
	14.492 6.6236,
	14.5007 6.62908,
	14.5087 6.63529,
	14.516 6.64215,
	14.5225 6.64961,
	14.5282 6.65759,
	14.5329 6.66603,
	14.5367 6.67483,
	14.5396 6.68391,
	14.5414 6.6932,
	14.5422 6.7026,
	14.5419 6.71202,
	14.5406 6.72137,
	14.5383 6.73057,
	14.535 6.73953,
	14.5307 6.74816,
	14.5254 6.75637,
	14.5194 6.7641,
	14.5124 6.77127,
	14.5048 6.77781,
	14.4964 6.78366,
	14.4874 6.78877,
	14.4779 6.79308,
	14.468 6.79655,
	14.4578 6.79915,
	14.4473 6.80087,
	14.4367 6.80167,
	14.426 6.80155,
	14.4154 6.80052,
	14.405 6.79859,
	14.3948 6.79576,
	14.385 6.79208,
	14.3756 6.78756,
	14.3668 6.78227,
	14.3586 6.77624,
	14.3511 6.76954,
	14.3444 6.76222,
	14.3385 6.75436,
	14.3335 6.74603,
	14.3294 6.73732,
	14.3264 6.72829,
	14.3243 6.71905,
	"/>
</Transform>

<Transform dim="1"
 xcoef=" 0.132203002000854 1 0 0 0 0"
 ycoef=" -0.23279858616168 0 1 0 0 0">
<Contour name="D033" hidden="false" closed="true" simplified="true" border="0 0 1" fill="0 0 1" mode="11"
 points="11.0889 3.20248,
	11.0896 3.19624,
	11.0917 3.19018,
	11.095 3.18444,
	11.0996 3.17918,
	11.1052 3.17453,
	11.1118 3.17064,
	11.1192 3.16758,
	11.1271 3.16546,
	11.1355 3.16432,
	11.1439 3.16419,
	11.1523 3.16508,
	11.1603 3.16696,
	11.1678 3.16979,
	11.1747 3.17349,
	11.1806 3.17795,
	11.1854 3.18307,
	11.1891 3.1887,
	11.1915 3.19471,
	11.1925 3.20091,
	11.1922 3.20716,
	11.1904 3.21328,
	11.1874 3.21912,
	11.1831 3.22451,
	11.1777 3.22932,
	11.1714 3.23342,
	11.1642 3.23669,
	11.1563 3.23906,
	11.1481 3.24045,
	11.1397 3.24083,
	11.1313 3.24019,
	11.1231 3.23855,
	11.1154 3.23596,
	11.1084 3.23247,
	11.1023 3.22818,
	11.0971 3.22322,
	11.0932 3.2177,
	11.0905 3.21177,
	"/>
</Transform>

<Transform dim="1"
 xcoef=" 0.202203002000854 1 0 0 0 0"
 ycoef=" -0.21279858616168 0 1 0 0 0">
<Contour name="D048_oblique" hidden="false" closed="true" simplified="true" border="0 0 1" fill="0 0 1" mode="13"
 points="12.9197 3.90152,
	12.9208 3.88396,
	12.9242 3.86674,
	12.9297 3.85023,
	12.9373 3.83472,
	12.9468 3.82056,
	12.958 3.808,
	12.9706 3.7973,
	12.9846 3.78867,
	12.9995 3.7823,
	13.0151 3.7783,
	13.031 3.77674,
	13.047 3.77767,
	13.0627 3.78107,
	13.0778 3.78686,
	13.0919 3.79494,
	13.105 3.80513,
	13.1166 3.81725,
	13.1265 3.83105,
	13.1346 3.84624,
	13.1406 3.86253,
	13.1446 3.87961,
	13.1462 3.89711,
	13.1457 3.91471,
	13.1429 3.93204,
	13.1379 3.94876,
	13.1308 3.96454,
	13.1218 3.97907,
	13.111 3.99206,
	13.0986 4.00324,
	13.085 4.01241,
	13.0703 4.01936,
	13.0549 4.02397,
	13.039 4.02613,
	13.023 4.02582,
	13.0072 4.02303,
	12.992 4.01784,
	12.9775 4.01031,
	12.9642 4.00064,
	12.9521 3.98897,
	12.9418 3.97558,
	12.9332 3.96071,
	12.9266 3.94466,
	12.9222 3.92775,
	"/>
</Transform>

<Transform dim="1"
 xcoef=" -0.0661581896364505 1 0 0 0 0"
 ycoef=" -0.0283651131477218 0 1 0 0 0">
<Contour name="d020" hidden="false" closed="true" simplified="true" border="1 1 0" fill="1 1 0" mode="11"
 points="10.2364 6.9392,
	10.241 6.91827,
	10.2476 6.89734,
	10.2528 6.87641,
	10.2541 6.87379,
	10.2541 6.87117,
	10.2574 6.86071,
	10.2587 6.85548,
	10.2587 6.84501,
	10.26 6.83455,
	10.2613 6.83193,
	10.2652 6.811,
	10.2665 6.80969,
	10.2672 6.80446,
	10.2692 6.79922,
	10.2705 6.79661,
	10.2705 6.7953,
	10.2718 6.79399,
	10.2724 6.79138,
	10.2737 6.79007,
	10.2737 6.78876,
	10.2796 6.77829,
	10.2822 6.77306,
	10.2835 6.77175,
	10.2842 6.76914,
	10.2855 6.76848,
	10.2894 6.75802,
	10.2907 6.75671,
	10.2927 6.75148,
	10.2927 6.75017,
	10.294 6.74951,
	10.294 6.74821,
	10.2979 6.74297,
	10.3064 6.73447,
	10.3162 6.72662,
	10.3215 6.72335,
	10.3228 6.72204,
	10.3241 6.72204,
	10.3254 6.72073,
	10.3359 6.71681,
	10.3411 6.71485,
	10.3463 6.71419,
	10.3516 6.71223,
	10.362 6.71027,
	10.383 6.70831,
	10.4248 6.70177,
	10.4667 6.68738,
	10.4772 6.68411,
	10.4876 6.68214,
	10.4928 6.68018,
	10.5138 6.67756,
	10.5556 6.67626,
	10.5661 6.67626,
	10.5766 6.67887,
	10.5818 6.68149,
	10.5844 6.6828,
	10.5857 6.68411,
	10.6067 6.69195,
	10.6276 6.6985,
	10.6328 6.70046,
	10.6354 6.70046,
	10.6459 6.70373,
	10.6564 6.70831,
	10.6662 6.7155,
	10.6708 6.71943,
	10.6845 6.7397,
	10.6845 6.74101,
	10.6865 6.74363,
	10.6871 6.74624,
	10.693 6.75605,
	10.6937 6.75867,
	10.695 6.75998,
	10.6963 6.76521,
	10.6976 6.76652,
	10.7002 6.77699,
	10.7015 6.7796,
	10.7015 6.78091,
	10.7028 6.78222,
	10.7041 6.78745,
	10.7061 6.79007,
	10.7067 6.79268,
	10.7087 6.7953,
	10.7094 6.79792,
	10.7107 6.79857,
	10.7107 6.79988,
	10.712 6.80119,
	10.7126 6.8038,
	10.7198 6.81427,
	10.725 6.82408,
	10.727 6.82931,
	10.7283 6.83978,
	10.7283 6.85024,
	10.7283 6.85286,
	10.725 6.86332,
	10.7231 6.86856,
	10.7231 6.87117,
	10.7159 6.8921,
	10.712 6.90257,
	10.7113 6.9078,
	10.7074 6.91827,
	10.7061 6.92088,
	10.7061 6.92219,
	10.7048 6.9235,
	10.7028 6.92873,
	10.6969 6.93854,
	10.6937 6.94378,
	10.693 6.94639,
	10.6917 6.94705,
	10.6897 6.95228,
	10.6858 6.95621,
	10.6825 6.96144,
	10.6773 6.96667,
	10.6734 6.97125,
	10.6681 6.97583,
	10.6642 6.97975,
	10.6596 6.98498,
	10.6511 6.99349,
	10.6367 7.01311,
	10.6335 7.01769,
	10.6315 7.01965,
	10.6309 7.02227,
	10.6296 7.02292,
	10.6256 7.03273,
	10.6224 7.03797,
	10.6224 7.03927,
	10.608 7.05824,
	10.5995 7.06675,
	10.589 7.07525,
	10.5857 7.08048,
	10.5825 7.09095,
	10.5818 7.11188,
	10.5825 7.12234,
	10.5792 7.12758,
	10.5694 7.13673,
	10.5641 7.14,
	10.5432 7.14589,
	10.5406 7.14589,
	10.538 7.1472,
	10.517 7.14981,
	10.5066 7.15112,
	10.4857 7.15178,
	10.4752 7.15112,
	10.47 7.15112,
	10.4595 7.14916,
	10.4543 7.14851,
	10.4333 7.14131,
	10.4281 7.13935,
	10.4255 7.13935,
	10.4248 7.13804,
	10.4196 7.13804,
	10.4091 7.13477,
	10.4065 7.13477,
	10.396 7.13019,
	10.3947 7.12954,
	10.3941 7.13085,
	10.3843 7.12234,
	10.3836 7.12103,
	10.3823 7.12103,
	10.3803 7.11907,
	10.3777 7.11842,
	10.3758 7.11646,
	10.3745 7.11646,
	10.364 7.10926,
	10.3594 7.10599,
	10.3581 7.10599,
	10.3555 7.10403,
	10.3542 7.10272,
	10.3529 7.10272,
	10.3476 7.0988,
	10.3372 7.09291,
	10.3319 7.08898,
	10.3221 7.0831,
	10.3136 7.07459,
	10.3104 7.06936,
	10.3104 7.06805,
	10.3064 7.06282,
	10.3038 7.05759,
	10.3025 7.05497,
	10.3025 7.05366,
	10.2986 7.04974,
	10.2973 7.04712,
	10.2875 7.03862,
	10.2868 7.03731,
	10.2855 7.03731,
	10.2665 7.02488,
	10.2613 7.02161,
	10.2521 7.01311,
	10.2443 7.0033,
	10.2404 6.99283,
	10.2364 6.9719,
	10.2364 6.95097,
	10.2364 6.94051,
	10.2364 6.93985,
	"/>
</Transform>

</Section>