<?xml version="1.0"?>
<!DOCTYPE Section SYSTEM "section.dtd">

<Section index="48" thickness="0.052" alignLocked="true">
<Transform dim="3"
 xcoef=" 1.13210399795111 1.25456401399526 0 0 0 0"
 ycoef=" 0.690602330514482 0 1.25456401399526 0 0 0">
<Contour name="D019" hidden="false" closed="true" simplified="true" border="0 0 1" fill="0 0 1" mode="13"
 points="8.99076 6.05523,
	8.99713 6.02697,
	9.016 5.99983,
	9.04661 5.97489,
	9.08776 5.95314,
	9.1378 5.93543,
	9.19476 5.92247,
	9.25638 5.91478,
	9.32022 5.91266,
	9.38373 5.91619,
	9.44441 5.92524,
	9.49984 5.93944,
	9.54784 5.95823,
	9.58649 5.98087,
	9.61426 6.00645,
	9.63006 6.03397,
	9.63325 6.06234,
	9.62371 6.09042,
	9.60181 6.11711,
	9.56844 6.14134,
	9.5249 6.16216,
	9.47292 6.17873,
	9.41458 6.19042,
	9.35217 6.19673,
	9.28818 6.19744,
	9.22514 6.19251,
	9.16556 6.18214,
	9.11178 6.16673,
	9.06596 6.1469,
	9.0299 6.12343,
	9.00504 6.09726,
	"/>
</Transform>

<Transform dim="3"
 xcoef=" 1.13210399795111 1.25456401399526 0 0 0 0"
 ycoef=" 0.690602330514482 0 1.25456401399526 0 0 0">
<Contour name="D021" hidden="false" closed="true" simplified="true" border="0 0 1" fill="0 0 1" mode="13"
 points="8 7.82507,
	8.00413 7.78806,
	8.0164 7.75231,
	8.03638 7.71903,
	8.06339 7.68937,
	8.09652 7.66432,
	8.13463 7.64476,
	8.17643 7.63133,
	8.22049 7.6245,
	8.26532 7.6245,
	8.30938 7.63133,
	8.35118 7.64476,
	8.38929 7.66432,
	8.42242 7.68937,
	8.44943 7.71903,
	8.46941 7.75231,
	8.48168 7.78806,
	8.48581 7.82507,
	8.48168 7.86209,
	8.46941 7.89784,
	8.44943 7.93112,
	8.42242 7.96078,
	8.38929 7.98582,
	8.35118 8.00539,
	8.30938 8.01882,
	8.26532 8.02565,
	8.22049 8.02565,
	8.17643 8.01882,
	8.13463 8.00539,
	8.09652 7.98582,
	8.06339 7.96078,
	8.03638 7.93112,
	8.0164 7.89784,
	8.00413 7.86209,
	"/>
</Transform>

<Transform dim="3"
 xcoef=" 1.13210399795111 1.25456401399526 0 0 0 0"
 ycoef=" 0.690602330514482 0 1.25456401399526 0 0 0">
<Contour name="D023" hidden="false" closed="true" simplified="true" border="0 0 1" fill="0 0 1" mode="13"
 points="10.6977 5.18049,
	10.6983 5.15504,
	10.7001 5.12972,
	10.703 5.10465,
	10.707 5.07997,
	10.7121 5.05579,
	10.7184 5.03224,
	10.7257 5.00944,
	10.734 4.9875,
	10.7433 4.96653,
	10.7535 4.94665,
	10.7647 4.92793,
	10.7766 4.91049,
	10.7893 4.89442,
	10.8027 4.87978,
	10.8168 4.86666,
	10.8314 4.85512,
	10.8465 4.84521,
	10.862 4.837,
	10.8778 4.83052,
	10.894 4.8258,
	10.9102 4.82287,
	10.9266 4.82174,
	10.943 4.82242,
	10.9593 4.8249,
	10.9755 4.82917,
	10.9914 4.83522,
	11.007 4.843,
	11.0222 4.85248,
	11.0369 4.86362,
	11.0511 4.87635,
	11.0647 4.89062,
	11.0776 4.90634,
	11.0898 4.92345,
	11.1011 4.94185,
	11.1115 4.96146,
	11.1211 4.98217,
	11.1297 5.00387,
	11.1372 5.02647,
	11.1437 5.04984,
	11.1491 5.07387,
	11.1535 5.09844,
	11.1566 5.12342,
	11.1587 5.14869,
	11.1595 5.17412,
	11.1592 5.19958,
	11.1578 5.22495,
	11.1552 5.25009,
	11.1514 5.27488,
	11.1466 5.2992,
	11.1406 5.32291,
	11.1336 5.34591,
	11.1255 5.36808,
	11.1164 5.3893,
	11.1064 5.40947,
	11.0955 5.42849,
	11.0838 5.44625,
	11.0713 5.46268,
	11.058 5.47768,
	11.0441 5.49119,
	11.0296 5.50313,
	11.0147 5.51345,
	10.9992 5.52209,
	10.9835 5.52901,
	10.9674 5.53417,
	10.9512 5.53755,
	10.9348 5.53913,
	10.9184 5.5389,
	10.9021 5.53687,
	10.8859 5.53304,
	10.8699 5.52744,
	10.8542 5.52009,
	10.8389 5.51103,
	10.824 5.5003,
	10.8097 5.48796,
	10.7959 5.47407,
	10.7829 5.4587,
	10.7705 5.44193,
	10.759 5.42385,
	10.7483 5.40453,
	10.7385 5.38409,
	10.7297 5.36262,
	10.7219 5.34024,
	10.7151 5.31705,
	10.7094 5.29317,
	10.7048 5.26872,
	10.7014 5.24383,
	10.6991 5.21863,
	"/>
</Transform>

<Transform dim="3"
 xcoef=" 1.13210399795111 1.25456401399526 0 0 0 0"
 ycoef=" 0.690602330514482 0 1.25456401399526 0 0 0">
<Contour name="D024_edge" hidden="false" closed="true" simplified="true" border="0 0 1" fill="0 0 1" mode="13"
 points="15.3832 12.5816,
	15.3838 12.5685,
	15.3857 12.5555,
	15.389 12.5426,
	15.3934 12.53,
	15.3991 12.5177,
	15.406 12.5059,
	15.414 12.4945,
	15.4232 12.4838,
	15.4333 12.4737,
	15.4444 12.4643,
	15.4564 12.4557,
	15.4692 12.4479,
	15.4827 12.441,
	15.4969 12.4351,
	15.5116 12.4301,
	15.5267 12.4262,
	15.5422 12.4232,
	15.5579 12.4214,
	15.5738 12.4206,
	15.5896 12.4208,
	15.6054 12.4222,
	15.621 12.4246,
	15.6364 12.428,
	15.6513 12.4325,
	15.6657 12.4379,
	15.6796 12.4444,
	15.6928 12.4517,
	15.7052 12.4599,
	15.7167 12.4689,
	15.7274 12.4786,
	15.737 12.4891,
	15.7456 12.5001,
	15.7531 12.5117,
	15.7594 12.5238,
	15.7644 12.5363,
	15.7683 12.549,
	15.7709 12.562,
	15.7722 12.5751,
	15.7722 12.5882,
	15.7709 12.6013,
	15.7683 12.6143,
	15.7644 12.627,
	15.7594 12.6395,
	15.7531 12.6515,
	15.7456 12.6631,
	15.737 12.6742,
	15.7274 12.6846,
	15.7167 12.6944,
	15.7052 12.7034,
	15.6928 12.7116,
	15.6796 12.7189,
	15.6657 12.7253,
	15.6513 12.7308,
	15.6364 12.7353,
	15.621 12.7387,
	15.6054 12.7411,
	15.5896 12.7424,
	15.5738 12.7427,
	15.5579 12.7419,
	15.5422 12.74,
	15.5267 12.7371,
	15.5116 12.7332,
	15.4969 12.7282,
	15.4827 12.7222,
	15.4692 12.7154,
	15.4564 12.7076,
	15.4444 12.699,
	15.4333 12.6896,
	15.4232 12.6795,
	15.414 12.6687,
	15.406 12.6574,
	15.3991 12.6456,
	15.3934 12.6333,
	15.389 12.6207,
	15.3857 12.6078,
	"/>
</Transform>

<Transform dim="3"
 xcoef=" 1.13210399795111 1.25456401399526 0 0 0 0"
 ycoef=" 0.690602330514482 0 1.25456401399526 0 0 0">
<Contour name="D025" hidden="false" closed="true" simplified="true" border="0 0 1" fill="0 0 1" mode="13"
 points="5.77405 5.05053,
	5.77482 5.03212,
	5.77711 5.01386,
	5.78091 4.99587,
	5.7862 4.9783,
	5.79292 4.96128,
	5.80103 4.94494,
	5.81047 4.92941,
	5.82116 4.91479,
	5.83303 4.90121,
	5.84599 4.88876,
	5.85992 4.87755,
	5.87474 4.86765,
	5.89032 4.85915,
	5.90655 4.8521,
	5.92331 4.84656,
	5.94046 4.84257,
	5.95788 4.84016,
	5.97543 4.83936,
	5.99298 4.84016,
	6.0104 4.84257,
	6.02755 4.84656,
	6.0443 4.8521,
	6.06053 4.85915,
	6.07612 4.86765,
	6.09093 4.87755,
	6.10487 4.88876,
	6.11782 4.90121,
	6.12969 4.91479,
	6.14039 4.92941,
	6.14983 4.94494,
	6.15794 4.96128,
	6.16466 4.9783,
	6.16994 4.99587,
	6.17375 5.01386,
	6.17604 5.03212,
	6.17681 5.05053,
	6.17604 5.06893,
	6.17375 5.0872,
	6.16994 5.10518,
	6.16466 5.12275,
	6.15794 5.13977,
	6.14983 5.15611,
	6.14039 5.17165,
	6.12969 5.18626,
	6.11782 5.19985,
	6.10487 5.21229,
	6.09093 5.22351,
	6.07612 5.2334,
	6.06053 5.24191,
	6.0443 5.24896,
	6.02755 5.2545,
	6.0104 5.25849,
	5.99298 5.26089,
	5.97543 5.26169,
	5.95788 5.26089,
	5.94046 5.25849,
	5.92331 5.2545,
	5.90655 5.24896,
	5.89032 5.24191,
	5.87474 5.2334,
	5.85992 5.22351,
	5.84599 5.21229,
	5.83303 5.19985,
	5.82116 5.18626,
	5.81047 5.17165,
	5.80103 5.15611,
	5.79292 5.13977,
	5.7862 5.12275,
	5.78091 5.10518,
	5.77711 5.0872,
	5.77482 5.06893,
	"/>
</Transform>

<Transform dim="3"
 xcoef=" 1.13210399795111 1.25456401399526 0 0 0 0"
 ycoef=" 0.690602330514482 0 1.25456401399526 0 0 0">
<Contour name="D026_edge" hidden="false" closed="true" simplified="true" border="0 0 1" fill="0 0 1" mode="13"
 points="2.90525 5.40039,
	2.90693 5.38339,
	2.91195 5.36653,
	2.92029 5.34991,
	2.93187 5.33366,
	2.94661 5.31791,
	2.9644 5.30278,
	2.98512 5.28836,
	3.0086 5.27477,
	3.03467 5.26212,
	3.06314 5.25048,
	3.09381 5.23996,
	3.12643 5.23062,
	3.16078 5.22254,
	3.19659 5.21578,
	3.23361 5.21039,
	3.27155 5.2064,
	3.31013 5.20385,
	3.34908 5.20275,
	3.3881 5.20311,
	3.4269 5.20494,
	3.4652 5.20821,
	3.50272 5.21291,
	3.53916 5.21899,
	3.57428 5.22642,
	3.60779 5.23514,
	3.63947 5.24508,
	3.66906 5.25616,
	3.69636 5.26832,
	3.72116 5.28146,
	3.74328 5.29547,
	3.76255 5.31026,
	3.77883 5.32572,
	3.79201 5.34173,
	3.80197 5.35818,
	3.80866 5.37494,
	3.81201 5.39188,
	3.81201 5.40889,
	3.80866 5.42584,
	3.80197 5.4426,
	3.79201 5.45904,
	3.77883 5.47506,
	3.76255 5.49051,
	3.74328 5.50531,
	3.72116 5.51932,
	3.69636 5.53245,
	3.66906 5.54461,
	3.63947 5.5557,
	3.60779 5.56564,
	3.57428 5.57435,
	3.53916 5.58178,
	3.50272 5.58786,
	3.4652 5.59256,
	3.4269 5.59583,
	3.3881 5.59766,
	3.34908 5.59803,
	3.31013 5.59693,
	3.27155 5.59438,
	3.23361 5.59039,
	3.19659 5.58499,
	3.16078 5.57823,
	3.12643 5.57015,
	3.09381 5.56082,
	3.06314 5.55029,
	3.03467 5.53866,
	3.0086 5.526,
	2.98512 5.51242,
	2.9644 5.498,
	2.94661 5.48286,
	2.93187 5.46711,
	2.92029 5.45087,
	2.91195 5.43425,
	2.90693 5.41738,
	"/>
</Transform>

<Transform dim="3"
 xcoef=" 1.13210399795111 1.25456401399526 0 0 0 0"
 ycoef=" 0.690602330514482 0 1.25456401399526 0 0 0">
<Contour name="D028" hidden="false" closed="true" simplified="true" border="0 0 1" fill="0 0 1" mode="13"
 points="11.2283 9.83649,
	11.2308 9.81706,
	11.2383 9.7982,
	11.2504 9.78048,
	11.2669 9.76441,
	11.2873 9.75048,
	11.3109 9.73908,
	11.3371 9.73057,
	11.3651 9.72518,
	11.394 9.72309,
	11.4231 9.72435,
	11.4514 9.72892,
	11.4781 9.73667,
	11.5025 9.74737,
	11.5237 9.76071,
	11.5412 9.77629,
	11.5545 9.79365,
	11.5631 9.81227,
	11.5669 9.83161,
	11.5656 9.85109,
	11.5594 9.87014,
	11.5484 9.8882,
	11.533 9.90473,
	11.5135 9.91924,
	11.4906 9.9313,
	11.465 9.94057,
	11.4374 9.94675,
	11.4086 9.94968,
	11.3795 9.94926,
	11.3509 9.94551,
	11.3237 9.93853,
	11.2987 9.92854,
	11.2766 9.91582,
	11.2581 9.90077,
	11.2438 9.88381,
	11.2339 9.86545,
	"/>
</Transform>

<Transform dim="3"
 xcoef=" 1.13210399795111 1.25456401399526 0 0 0 0"
 ycoef=" 0.690602330514482 0 1.25456401399526 0 0 0">
<Contour name="D029_edge" hidden="false" closed="true" simplified="true" border="0 0 1" fill="0 0 1" mode="13"
 points="11.9256 11.7039,
	11.9268 11.6815,
	11.9303 11.6593,
	11.9361 11.6373,
	11.9443 11.6158,
	11.9546 11.5948,
	11.9671 11.5746,
	11.9817 11.5552,
	11.9982 11.5368,
	12.0167 11.5194,
	12.0369 11.5033,
	12.0587 11.4884,
	12.082 11.4749,
	12.1066 11.463,
	12.1324 11.4526,
	12.1593 11.4438,
	12.1869 11.4367,
	12.2152 11.4313,
	12.244 11.4277,
	12.2731 11.4259,
	12.3022 11.4259,
	12.3313 11.4277,
	12.36 11.4313,
	12.3883 11.4367,
	12.416 11.4438,
	12.4428 11.4526,
	12.4686 11.463,
	12.4933 11.4749,
	12.5166 11.4884,
	12.5384 11.5033,
	12.5586 11.5194,
	12.577 11.5368,
	12.5936 11.5552,
	12.6082 11.5746,
	12.6207 11.5948,
	12.631 11.6158,
	12.6391 11.6373,
	12.6449 11.6593,
	12.6485 11.6815,
	12.6496 11.7039,
	12.6485 11.7263,
	12.6449 11.7485,
	12.6391 11.7705,
	12.631 11.792,
	12.6207 11.8129,
	12.6082 11.8332,
	12.5936 11.8526,
	12.577 11.871,
	12.5586 11.8884,
	12.5384 11.9045,
	12.5166 11.9194,
	12.4933 11.9328,
	12.4686 11.9448,
	12.4428 11.9552,
	12.416 11.964,
	12.3883 11.9711,
	12.36 11.9765,
	12.3313 11.98,
	12.3022 11.9818,
	12.2731 11.9818,
	12.244 11.98,
	12.2152 11.9765,
	12.1869 11.9711,
	12.1593 11.964,
	12.1324 11.9552,
	12.1066 11.9448,
	12.082 11.9328,
	12.0587 11.9194,
	12.0369 11.9045,
	12.0167 11.8884,
	11.9982 11.871,
	11.9817 11.8526,
	11.9671 11.8332,
	11.9546 11.8129,
	11.9443 11.792,
	11.9361 11.7705,
	11.9303 11.7485,
	"/>
</Transform>

<Transform dim="3"
 xcoef=" 1.13210399795111 1.25456401399526 0 0 0 0"
 ycoef=" 0.690602330514482 0 1.25456401399526 0 0 0">
<Contour name="D030_oblique" hidden="false" closed="true" simplified="true" border="0 0 1" fill="0 0 1" mode="13"
 points="11.6259 6.72363,
	11.6274 6.70867,
	11.6318 6.69404,
	11.6391 6.68005,
	11.649 6.66701,
	11.6614 6.65521,
	11.676 6.6449,
	11.6925 6.63631,
	11.7105 6.62962,
	11.7297 6.62499,
	11.7495 6.6225,
	11.7696 6.62223,
	11.7896 6.62416,
	11.8089 6.62827,
	11.8273 6.63445,
	11.8442 6.64258,
	11.8593 6.65248,
	11.8723 6.66393,
	11.8829 6.67669,
	11.8908 6.69047,
	11.896 6.70497,
	11.8982 6.71988,
	11.8975 6.73487,
	11.8938 6.74961,
	11.8872 6.76379,
	11.8779 6.77709,
	11.8661 6.78923,
	11.852 6.79993,
	11.8359 6.80897,
	11.8183 6.81615,
	11.7994 6.82131,
	11.7797 6.82434,
	11.7596 6.82517,
	11.7395 6.82379,
	11.72 6.82022,
	11.7014 6.81454,
	11.6841 6.80688,
	11.6685 6.7974,
	11.6549 6.78632,
	11.6437 6.77386,
	11.6351 6.76032,
	11.6292 6.74597,
	"/>
</Transform>

<Transform dim="3"
 xcoef=" 1.13210399795111 1.25456401399526 0 0 0 0"
 ycoef=" 0.690602330514482 0 1.25456401399526 0 0 0">
<Contour name="D031_oblique" hidden="false" closed="true" simplified="true" border="0 0 1" fill="0 0 1" mode="13"
 points="13.6832 7.6263,
	13.6845 7.60702,
	13.6886 7.58804,
	13.6954 7.56967,
	13.7047 7.55219,
	13.7164 7.53588,
	13.7303 7.52099,
	13.7462 7.50777,
	13.7639 7.49641,
	13.783 7.48711,
	13.8033 7.48,
	13.8244 7.47519,
	13.8461 7.47277,
	13.8679 7.47277,
	13.8896 7.47519,
	13.9107 7.48,
	13.931 7.48711,
	13.9501 7.49641,
	13.9678 7.50777,
	13.9837 7.52099,
	13.9976 7.53588,
	14.0093 7.55219,
	14.0186 7.56967,
	14.0254 7.58804,
	14.0295 7.60702,
	14.0308 7.6263,
	14.0295 7.64558,
	14.0254 7.66456,
	14.0186 7.68293,
	14.0093 7.70041,
	13.9976 7.71672,
	13.9837 7.73161,
	13.9678 7.74483,
	13.9501 7.75619,
	13.931 7.76549,
	13.9107 7.77261,
	13.8896 7.77741,
	13.8679 7.77983,
	13.8461 7.77983,
	13.8244 7.77741,
	13.8033 7.77261,
	13.783 7.76549,
	13.7639 7.75619,
	13.7462 7.74483,
	13.7303 7.73161,
	13.7164 7.71672,
	13.7047 7.70041,
	13.6954 7.68293,
	13.6886 7.66456,
	"/>
</Transform>

<Transform dim="3"
 xcoef=" 1.13210399795111 1.25456401399526 0 0 0 0"
 ycoef=" 0.690602330514482 0 1.25456401399526 0 0 0">
<Contour name="D032" hidden="false" closed="true" simplified="true" border="0 0 1" fill="0 0 1" mode="13"
 points="7.32571 5.24075,
	7.32633 5.22411,
	7.32817 5.20762,
	7.33122 5.1914,
	7.33545 5.1756,
	7.34084 5.16035,
	7.34732 5.14577,
	7.35486 5.132,
	7.36338 5.11913,
	7.37281 5.10729,
	7.38308 5.09657,
	7.39409 5.08707,
	7.40577 5.07885,
	7.418 5.072,
	7.43068 5.06656,
	7.44371 5.06259,
	7.45698 5.06012,
	7.47038 5.05916,
	7.48379 5.05974,
	7.4971 5.06183,
	7.5102 5.06543,
	7.52298 5.0705,
	7.53533 5.07701,
	7.54716 5.08489,
	7.55834 5.09408,
	7.56881 5.1045,
	7.57846 5.11607,
	7.58721 5.12869,
	7.595 5.14225,
	7.60175 5.15664,
	7.60742 5.17173,
	7.61194 5.18741,
	7.61529 5.20353,
	7.61744 5.21997,
	7.61836 5.23658,
	7.61805 5.25323,
	7.61652 5.26977,
	7.61377 5.28607,
	7.60983 5.30198,
	7.60473 5.31739,
	7.59851 5.33214,
	7.59123 5.34613,
	7.58295 5.35923,
	7.57374 5.37134,
	7.56367 5.38235,
	7.55283 5.39217,
	7.54132 5.40071,
	7.52922 5.40791,
	7.51664 5.41371,
	7.50368 5.41805,
	7.49046 5.4209,
	7.47709 5.42223,
	7.46367 5.42204,
	7.45032 5.42033,
	7.43716 5.4171,
	7.42429 5.41239,
	7.41182 5.40624,
	7.39985 5.3987,
	7.3885 5.38983,
	7.37784 5.37971,
	7.36798 5.36841,
	7.359 5.35605,
	7.35096 5.34271,
	7.34394 5.32852,
	7.338 5.31359,
	7.33319 5.29805,
	7.32954 5.28202,
	7.3271 5.26565,
	"/>
</Transform>

<Transform dim="3"
 xcoef=" 1.13210399795111 1.25456401399526 0 0 0 0"
 ycoef=" 0.690602330514482 0 1.25456401399526 0 0 0">
<Contour name="D033" hidden="false" closed="true" simplified="true" border="0 0 1" fill="0 0 1" mode="13"
 points="14.6817 4.40832,
	14.6825 4.39578,
	14.6849 4.38337,
	14.6887 4.3712,
	14.6941 4.35939,
	14.7009 4.34807,
	14.7091 4.33733,
	14.7186 4.32729,
	14.7293 4.31804,
	14.741 4.30967,
	14.7538 4.30227,
	14.7674 4.2959,
	14.7818 4.29063,
	14.7967 4.28652,
	14.8121 4.2836,
	14.8278 4.2819,
	14.8436 4.28143,
	14.8594 4.28221,
	14.875 4.28422,
	14.8903 4.28744,
	14.9051 4.29185,
	14.9192 4.29739,
	14.9327 4.30402,
	14.9452 4.31167,
	14.9567 4.32027,
	14.9671 4.32973,
	14.9763 4.33995,
	14.9841 4.35085,
	14.9906 4.36231,
	14.9956 4.37421,
	14.9991 4.38645,
	15.001 4.39891,
	15.0014 4.41146,
	15.0003 4.42397,
	14.9975 4.43634,
	14.9933 4.44843,
	14.9875 4.46012,
	14.9804 4.47131,
	14.9719 4.48189,
	14.9621 4.49174,
	14.9511 4.50078,
	14.9391 4.50891,
	14.9261 4.51606,
	14.9122 4.52216,
	14.8977 4.52714,
	14.8827 4.53096,
	14.8672 4.53358,
	14.8515 4.53497,
	14.8357 4.53513,
	14.8199 4.53404,
	14.8044 4.53173,
	14.7892 4.52821,
	14.7745 4.52351,
	14.7605 4.51769,
	14.7473 4.5108,
	14.735 4.5029,
	14.7238 4.49408,
	14.7137 4.48442,
	14.7048 4.47402,
	14.6973 4.46297,
	14.6912 4.45139,
	14.6866 4.43939,
	14.6835 4.42708,
	"/>
</Transform>

<Transform dim="3"
 xcoef=" 1.13210399795111 1.25456401399526 0 0 0 0"
 ycoef=" 0.690602330514482 0 1.25456401399526 0 0 0">
<Contour name="D034" hidden="false" closed="true" simplified="true" border="0 0 1" fill="0 0 1" mode="13"
 points="11.6959 3.07232,
	11.6965 3.05309,
	11.6985 3.03398,
	11.7019 3.01515,
	11.7065 2.9967,
	11.7123 2.97877,
	11.7194 2.96148,
	11.7277 2.94494,
	11.7371 2.92928,
	11.7476 2.91459,
	11.759 2.90098,
	11.7713 2.88854,
	11.7845 2.87735,
	11.7984 2.8675,
	11.8129 2.85905,
	11.8279 2.85205,
	11.8434 2.84656,
	11.8593 2.84261,
	11.8753 2.84023,
	11.8914 2.83943,
	11.9076 2.84023,
	11.9236 2.84261,
	11.9395 2.84656,
	11.955 2.85205,
	11.97 2.85905,
	11.9845 2.8675,
	11.9984 2.87735,
	12.0116 2.88854,
	12.0239 2.90098,
	12.0353 2.91459,
	12.0458 2.92928,
	12.0552 2.94494,
	12.0634 2.96148,
	12.0705 2.97877,
	12.0764 2.9967,
	12.081 3.01515,
	12.0844 3.03398,
	12.0864 3.05309,
	12.087 3.07232,
	12.0864 3.09155,
	12.0844 3.11065,
	12.081 3.12949,
	12.0764 3.14793,
	12.0705 3.16587,
	12.0634 3.18316,
	12.0552 3.19969,
	12.0458 3.21536,
	12.0353 3.23005,
	12.0239 3.24366,
	12.0116 3.2561,
	11.9984 3.26728,
	11.9845 3.27713,
	11.97 3.28559,
	11.955 3.29258,
	11.9395 3.29808,
	11.9236 3.30203,
	11.9076 3.30441,
	11.8914 3.3052,
	11.8753 3.30441,
	11.8593 3.30203,
	11.8434 3.29808,
	11.8279 3.29258,
	11.8129 3.28559,
	11.7984 3.27713,
	11.7845 3.26728,
	11.7713 3.2561,
	11.759 3.24366,
	11.7476 3.23005,
	11.7371 3.21536,
	11.7277 3.19969,
	11.7194 3.18316,
	11.7123 3.16587,
	11.7065 3.14793,
	11.7019 3.12949,
	11.6985 3.11065,
	11.6965 3.09155,
	"/>
</Transform>

<Transform dim="3"
 xcoef=" 1.13210399795111 1.25456401399526 0 0 0 0"
 ycoef=" 0.690602330514482 0 1.25456401399526 0 0 0">
<Contour name="D035" hidden="false" closed="true" simplified="true" border="0 0 1" fill="0 0 1" mode="13"
 points="8.47995 4.03161,
	8.48076 4.01504,
	8.48319 3.99857,
	8.48722 3.98227,
	8.49283 3.96625,
	8.5 3.95058,
	8.50867 3.93535,
	8.51881 3.92065,
	8.53036 3.90656,
	8.54326 3.89314,
	8.55743 3.88049,
	8.5728 3.86866,
	8.58929 3.85772,
	8.6068 3.84773,
	8.62523 3.83874,
	8.6445 3.83081,
	8.66449 3.82398,
	8.68509 3.81827,
	8.70619 3.81374,
	8.72768 3.81039,
	8.74944 3.80825,
	8.77135 3.80733,
	8.79328 3.80764,
	8.81513 3.80917,
	8.83677 3.81191,
	8.85808 3.81586,
	8.87894 3.82098,
	8.89925 3.82725,
	8.91889 3.83464,
	8.93776 3.84311,
	8.95574 3.8526,
	8.97275 3.86308,
	8.98869 3.87447,
	9.00347 3.88672,
	9.01702 3.89976,
	9.02925 3.91352,
	9.0401 3.92793,
	9.04952 3.9429,
	9.05744 3.95836,
	9.06383 3.97422,
	9.06866 3.99039,
	9.07189 4.00679,
	9.07351 4.02332,
	9.07351 4.0399,
	9.07189 4.05643,
	9.06866 4.07283,
	9.06383 4.089,
	9.05744 4.10485,
	9.04952 4.12031,
	9.0401 4.13529,
	9.02925 4.14969,
	9.01702 4.16346,
	9.00347 4.1765,
	8.98869 4.18875,
	8.97275 4.20014,
	8.95574 4.21061,
	8.93776 4.22011,
	8.91889 4.22857,
	8.89925 4.23596,
	8.87894 4.24223,
	8.85808 4.24736,
	8.83677 4.2513,
	8.81513 4.25405,
	8.79328 4.25558,
	8.77135 4.25588,
	8.74944 4.25496,
	8.72768 4.25282,
	8.70619 4.24948,
	8.68509 4.24494,
	8.66449 4.23924,
	8.6445 4.2324,
	8.62523 4.22447,
	8.6068 4.21549,
	8.58929 4.2055,
	8.5728 4.19456,
	8.55743 4.18273,
	8.54326 4.17007,
	8.53036 4.15666,
	8.51881 4.14257,
	8.50867 4.12786,
	8.5 4.11264,
	8.49283 4.09697,
	8.48722 4.08094,
	8.48319 4.06465,
	8.48076 4.04817,
	"/>
</Transform>

<Transform dim="3"
 xcoef=" 1.13210399795111 1.25456401399526 0 0 0 0"
 ycoef=" 0.690602330514482 0 1.25456401399526 0 0 0">
<Contour name="D036" hidden="false" closed="true" simplified="true" border="0 0 1" fill="0 0 1" mode="13"
 points="18.6105 5.23061,
	18.6118 5.20845,
	18.6158 5.18651,
	18.6223 5.165,
	18.6314 5.14415,
	18.643 5.12416,
	18.6568 5.10522,
	18.6729 5.08753,
	18.691 5.07127,
	18.7109 5.05659,
	18.7325 5.04363,
	18.7555 5.03254,
	18.7798 5.02341,
	18.805 5.01634,
	18.8309 5.01141,
	18.8573 5.00865,
	18.8839 5.00809,
	18.9104 5.00975,
	18.9366 5.0136,
	18.9622 5.01961,
	18.987 5.02772,
	19.0106 5.03784,
	19.033 5.04988,
	19.0537 5.06372,
	19.0728 5.07921,
	19.0899 5.09621,
	19.1049 5.11455,
	19.1176 5.13403,
	19.1279 5.15448,
	19.1357 5.17569,
	19.141 5.19744,
	19.1437 5.21952,
	19.1437 5.24171,
	19.141 5.26379,
	19.1357 5.28554,
	19.1279 5.30674,
	19.1176 5.32719,
	19.1049 5.34667,
	19.0899 5.36501,
	19.0728 5.38201,
	19.0537 5.3975,
	19.033 5.41134,
	19.0106 5.42338,
	18.987 5.4335,
	18.9622 5.44161,
	18.9366 5.44762,
	18.9104 5.45147,
	18.8839 5.45313,
	18.8573 5.45257,
	18.8309 5.44982,
	18.805 5.44488,
	18.7798 5.43781,
	18.7555 5.42868,
	18.7325 5.41759,
	18.7109 5.40464,
	18.691 5.38995,
	18.6729 5.37369,
	18.6568 5.356,
	18.643 5.33706,
	18.6314 5.31707,
	18.6223 5.29622,
	18.6158 5.27472,
	18.6118 5.25277,
	"/>
</Transform>

<Transform dim="3"
 xcoef=" 1.13210399795111 1.25456401399526 0 0 0 0"
 ycoef=" 0.690602330514482 0 1.25456401399526 0 0 0">
<Contour name="D038_edge" hidden="false" closed="true" simplified="true" border="0 0 1" fill="0 0 1" mode="13"
 points="9.27618 1.00041,
	9.27745 0.982863,
	9.28127 0.965542,
	9.28757 0.948675,
	9.29628 0.932483,
	9.30728 0.917176,
	9.32043 0.902955,
	9.33556 0.890004,
	9.35247 0.878492,
	9.37094 0.86857,
	9.39073 0.860366,
	9.41157 0.853988,
	9.43321 0.84952,
	9.45536 0.847018,
	9.47772 0.846516,
	9.50001 0.84802,
	9.52194 0.851511,
	9.54322 0.856943,
	9.56357 0.864246,
	9.58273 0.873323,
	9.60045 0.884058,
	9.61649 0.896309,
	9.63065 0.909918,
	9.64275 0.924706,
	9.65262 0.940481,
	9.66014 0.957038,
	9.66521 0.97416,
	9.66776 0.991624,
	9.66776 1.0092,
	9.66521 1.02667,
	9.66014 1.04379,
	9.65262 1.06035,
	9.64275 1.07612,
	9.63065 1.09091,
	9.61649 1.10452,
	9.60045 1.11677,
	9.58273 1.1275,
	9.56357 1.13658,
	9.54322 1.14388,
	9.52194 1.14932,
	9.50001 1.15281,
	9.47772 1.15431,
	9.45536 1.15381,
	9.43321 1.15131,
	9.41157 1.14684,
	9.39073 1.14046,
	9.37094 1.13226,
	9.35247 1.12234,
	9.33556 1.11082,
	9.32043 1.09787,
	9.30728 1.08365,
	9.29628 1.06834,
	9.28757 1.05215,
	9.28127 1.03529,
	"/>
</Transform>

<Transform dim="3"
 xcoef=" 1.13210399795111 1.25456401399526 0 0 0 0"
 ycoef=" 0.690602330514482 0 1.25456401399526 0 0 0">
<Contour name="D039" hidden="false" closed="true" simplified="true" border="0 0 1" fill="0 0 1" mode="13"
 points="14.0235 4.11342,
	14.0278 4.08837,
	14.0405 4.06423,
	14.0611 4.04187,
	14.0889 4.02209,
	14.1229 4.00561,
	14.1619 3.99303,
	14.2044 3.9848,
	14.2489 3.98122,
	14.2939 3.98242,
	14.3376 3.98835,
	14.3785 3.9988,
	14.4151 4.0134,
	14.4462 4.03161,
	14.4705 4.05277,
	14.4872 4.07613,
	14.4957 4.10084,
	14.4957 4.126,
	14.4872 4.15071,
	14.4705 4.17407,
	14.4462 4.19524,
	14.4151 4.21345,
	14.3785 4.22804,
	14.3376 4.23849,
	14.2939 4.24443,
	14.2489 4.24562,
	14.2044 4.24204,
	14.1619 4.23381,
	14.1229 4.22123,
	14.0889 4.20475,
	14.0611 4.18498,
	14.0405 4.16261,
	"/>
</Transform>

<Transform dim="3"
 xcoef=" 1.13210399795111 1.25456401399526 0 0 0 0"
 ycoef=" 0.690602330514482 0 1.25456401399526 0 0 0">
<Contour name="D040_edge" hidden="false" closed="true" simplified="true" border="0 0 1" fill="0 0 1" mode="13"
 points="8.32839 1.971,
	8.32946 1.95206,
	8.33264 1.93325,
	8.33793 1.91473,
	8.34527 1.89663,
	8.35462 1.87909,
	8.3659 1.86224,
	8.37903 1.84621,
	8.39391 1.83111,
	8.41043 1.81707,
	8.42846 1.80417,
	8.44787 1.79253,
	8.46852 1.78223,
	8.49024 1.77335,
	8.51288 1.76595,
	8.53627 1.76009,
	8.56022 1.75581,
	8.58457 1.75315,
	8.60912 1.75213,
	8.63369 1.75274,
	8.65811 1.755,
	8.68218 1.75887,
	8.70572 1.76434,
	8.72856 1.77136,
	8.75053 1.77988,
	8.77146 1.78983,
	8.79119 1.80114,
	8.80958 1.81373,
	8.82649 1.8275,
	8.84179 1.84234,
	8.85537 1.85815,
	8.86712 1.87481,
	8.87696 1.89219,
	8.88481 1.91016,
	8.89062 1.92859,
	8.89433 1.94734,
	8.89593 1.96626,
	8.89539 1.98522,
	8.89274 2.00407,
	8.88797 2.02268,
	8.88114 2.04089,
	8.87229 2.05859,
	8.86148 2.07562,
	8.8488 2.09187,
	8.83435 2.10721,
	8.81823 2.12153,
	8.80056 2.13472,
	8.78148 2.14668,
	8.76113 2.15733,
	8.73966 2.16657,
	8.71724 2.17435,
	8.69402 2.1806,
	8.6702 2.18527,
	8.64593 2.18834,
	8.62141 2.18978,
	8.59683 2.18957,
	8.57236 2.18773,
	8.54818 2.18425,
	8.52449 2.17918,
	8.50146 2.17254,
	8.47926 2.16439,
	8.45805 2.15479,
	8.43801 2.14381,
	8.41927 2.13154,
	8.40197 2.11806,
	8.38626 2.10347,
	8.37224 2.08789,
	8.36002 2.07143,
	8.3497 2.05422,
	8.34135 2.03638,
	8.33503 2.01806,
	8.33079 1.99938,
	"/>
</Transform>

<Transform dim="3"
 xcoef=" 1.13210399795111 1.25456401399526 0 0 0 0"
 ycoef=" 0.690602330514482 0 1.25456401399526 0 0 0">
<Contour name="D041_oblique" hidden="false" closed="true" simplified="true" border="0 0 1" fill="0 0 1" mode="13"
 points="19.2407 4.60767,
	19.2444 4.58194,
	19.2552 4.5567,
	19.2731 4.53246,
	19.2976 4.50968,
	19.3282 4.4888,
	19.3645 4.47024,
	19.4056 4.45436,
	19.4508 4.44146,
	19.4991 4.43179,
	19.5498 4.42555,
	19.6017 4.42286,
	19.6538 4.42376,
	19.7052 4.42824,
	19.7548 4.43621,
	19.8017 4.44752,
	19.8449 4.46195,
	19.8837 4.47921,
	19.9173 4.49897,
	19.9449 4.52085,
	19.9661 4.54442,
	19.9805 4.56922,
	19.9878 4.59477,
	19.9878 4.62057,
	19.9805 4.64612,
	19.9661 4.67092,
	19.9449 4.69449,
	19.9173 4.71637,
	19.8837 4.73614,
	19.8449 4.7534,
	19.8017 4.76783,
	19.7548 4.77914,
	19.7052 4.78711,
	19.6538 4.79159,
	19.6017 4.79249,
	19.5498 4.7898,
	19.4991 4.78355,
	19.4508 4.77389,
	19.4056 4.76099,
	19.3645 4.7451,
	19.3282 4.72655,
	19.2976 4.70567,
	19.2731 4.68289,
	19.2552 4.65865,
	"/>
</Transform>

<Transform dim="3"
 xcoef=" 1.13210399795111 1.25456401399526 0 0 0 0"
 ycoef=" 0.690602330514482 0 1.25456401399526 0 0 0">
<Contour name="D042_edge" hidden="false" closed="true" simplified="true" border="0 0 1" fill="0 0 1" mode="13"
 points="4.25031 4.75847,
	4.25167 4.7328,
	4.25572 4.70725,
	4.26247 4.68196,
	4.27186 4.65705,
	4.28385 4.63266,
	4.29838 4.6089,
	4.31538 4.58589,
	4.33476 4.56375,
	4.35643 4.54259,
	4.38027 4.52253,
	4.40617 4.50365,
	4.43399 4.48605,
	4.4636 4.46983,
	4.49484 4.45506,
	4.52756 4.44182,
	4.56159 4.43017,
	4.59676 4.42018,
	4.6329 4.4119,
	4.66983 4.40536,
	4.70734 4.4006,
	4.74527 4.39764,
	4.78341 4.3965,
	4.82158 4.39718,
	4.85957 4.39969,
	4.89721 4.404,
	4.9343 4.4101,
	4.97065 4.41795,
	5.00608 4.42752,
	5.04042 4.43876,
	5.07348 4.4516,
	5.10511 4.466,
	5.13514 4.48186,
	5.16342 4.49912,
	5.18981 4.51769,
	5.21418 4.53747,
	5.2364 4.55837,
	5.25636 4.58027,
	5.27397 4.60307,
	5.28912 4.62665,
	5.30176 4.6509,
	5.3118 4.67569,
	5.31921 4.70089,
	5.32394 4.72639,
	5.32597 4.75205,
	5.32529 4.77774,
	5.32191 4.80333,
	5.31584 4.8287,
	5.30711 4.85371,
	5.29576 4.87825,
	5.28186 4.90218,
	5.26547 4.92538,
	5.24667 4.94775,
	5.22556 4.96916,
	5.20226 4.98951,
	5.17686 5.0087,
	5.14951 5.02662,
	5.12033 5.0432,
	5.08949 5.05834,
	5.05712 5.07197,
	5.0234 5.08402,
	4.98849 5.09443,
	4.95258 5.10314,
	4.91583 5.11012,
	4.87845 5.11533,
	4.84061 5.11874,
	4.8025 5.12034,
	4.76432 5.12011,
	4.72627 5.11806,
	4.68852 5.1142,
	4.65128 5.10854,
	4.61473 5.10112,
	4.57905 5.09198,
	4.54442 5.08115,
	4.51102 5.0687,
	4.47902 5.05469,
	4.44858 5.03919,
	4.41985 5.02227,
	4.39297 5.00402,
	4.36808 4.98453,
	4.34531 4.9639,
	4.32478 4.94224,
	4.30658 4.91966,
	4.2908 4.89626,
	4.27753 4.87217,
	4.26683 4.8475,
	4.25876 4.82239,
	4.25336 4.79695,
	"/>
</Transform>

<Transform dim="3"
 xcoef=" 1.13210399795111 1.25456401399526 0 0 0 0"
 ycoef=" 0.690602330514482 0 1.25456401399526 0 0 0">
<Contour name="D043" hidden="false" closed="true" simplified="true" border="0 0 1" fill="0 0 1" mode="13"
 points="2.56759 9.1681,
	2.56966 9.14597,
	2.57582 9.1241,
	2.58601 9.10275,
	2.60011 9.08218,
	2.61795 9.06264,
	2.63932 9.04436,
	2.66395 9.02755,
	2.69157 9.01242,
	2.72183 8.99915,
	2.75437 8.98789,
	2.78882 8.97878,
	2.82475 8.97193,
	2.86174 8.96742,
	2.89935 8.9653,
	2.93713 8.96561,
	2.97463 8.96832,
	3.01139 8.97342,
	3.04699 8.98085,
	3.081 8.99051,
	3.11301 9.00228,
	3.14264 9.01604,
	3.16954 9.0316,
	3.19339 9.0488,
	3.21389 9.06742,
	3.23081 9.08724,
	3.24395 9.10802,
	3.25315 9.12952,
	3.25829 9.15149,
	3.25932 9.17364,
	3.25623 9.19574,
	3.24905 9.2175,
	3.23787 9.23868,
	3.22281 9.25901,
	3.20407 9.27826,
	3.18186 9.29619,
	3.15646 9.3126,
	3.12815 9.32728,
	3.09728 9.34006,
	3.06422 9.3508,
	3.02937 9.35935,
	2.99313 9.36562,
	2.95594 9.36954,
	2.91825 9.37105,
	2.8805 9.37014,
	2.84314 9.36682,
	2.80662 9.36114,
	2.77138 9.35314,
	2.73784 9.34295,
	2.70639 9.33066,
	2.67741 9.31644,
	2.65124 9.30044,
	2.62821 9.28287,
	2.60858 9.26393,
	2.59259 9.24385,
	2.58042 9.22286,
	2.57223 9.20122,
	"/>
</Transform>

<Transform dim="3"
 xcoef=" 1.13210399795111 1.25456401399526 0 0 0 0"
 ycoef=" 0.690602330514482 0 1.25456401399526 0 0 0">
<Contour name="D044" hidden="false" closed="true" simplified="true" border="0 0 1" fill="0 0 1" mode="13"
 points="8.95929 10.6122,
	8.96105 10.5888,
	8.96628 10.566,
	8.97483 10.5444,
	8.98647 10.5248,
	9.00086 10.5076,
	9.01761 10.4934,
	9.03625 10.4825,
	9.05625 10.4752,
	9.07706 10.4718,
	9.09808 10.4723,
	9.11874 10.4767,
	9.13845 10.4849,
	9.15666 10.4967,
	9.17286 10.5117,
	9.1866 10.5295,
	9.1975 10.5497,
	9.20524 10.5716,
	9.20961 10.5946,
	9.21049 10.6181,
	9.20786 10.6415,
	9.20178 10.664,
	9.19243 10.6851,
	9.18007 10.7042,
	9.16504 10.7207,
	9.14777 10.7341,
	9.12875 10.7441,
	9.10849 10.7505,
	9.08758 10.7529,
	9.06659 10.7515,
	9.04611 10.7461,
	9.02673 10.737,
	9.00897 10.7243,
	8.99334 10.7086,
	8.98028 10.6901,
	8.97015 10.6695,
	8.96324 10.6472,
	"/>
</Transform>

<Transform dim="3"
 xcoef=" 1.13210399795111 1.25456401399526 0 0 0 0"
 ycoef=" 0.690602330514482 0 1.25456401399526 0 0 0">
<Contour name="D045_ASPINY_NOCANDIDATES" hidden="false" closed="true" simplified="true" border="0 0 1" fill="0 0 1" mode="13"
 points="4.72456 11.0599,
	4.72505 11.0451,
	4.72654 11.0304,
	4.72901 11.0158,
	4.73245 11.0014,
	4.73685 10.9872,
	4.7422 10.9733,
	4.74846 10.9597,
	4.75562 10.9466,
	4.76365 10.9339,
	4.7725 10.9217,
	4.78216 10.9101,
	4.79257 10.8992,
	4.8037 10.8888,
	4.81549 10.8792,
	4.82791 10.8703,
	4.8409 10.8621,
	4.85441 10.8548,
	4.86838 10.8483,
	4.88276 10.8427,
	4.89749 10.8379,
	4.9125 10.8341,
	4.92774 10.8311,
	4.94315 10.8291,
	4.95866 10.8281,
	4.97421 10.828,
	4.98974 10.8288,
	5.00518 10.8305,
	5.02047 10.8332,
	5.03555 10.8369,
	5.05035 10.8414,
	5.06482 10.8468,
	5.0789 10.8531,
	5.09253 10.8602,
	5.10566 10.8682,
	5.11822 10.8769,
	5.13018 10.8863,
	5.14148 10.8965,
	5.15207 10.9073,
	5.16192 10.9188,
	5.17098 10.9308,
	5.17922 10.9434,
	5.18659 10.9564,
	5.19309 10.9699,
	5.19866 10.9837,
	5.2033 10.9978,
	5.20699 11.0122,
	5.2097 11.0267,
	5.21143 11.0414,
	5.21218 11.0562,
	5.21193 11.071,
	5.21069 11.0858,
	5.20847 11.1004,
	5.20527 11.1149,
	5.2011 11.1292,
	5.19599 11.1431,
	5.18995 11.1568,
	5.18301 11.17,
	5.1752 11.1828,
	5.16655 11.1951,
	5.15709 11.2069,
	5.14687 11.218,
	5.13591 11.2285,
	5.12428 11.2383,
	5.11201 11.2474,
	5.09916 11.2558,
	5.08578 11.2633,
	5.07192 11.27,
	5.05763 11.2759,
	5.04299 11.2808,
	5.02804 11.2849,
	5.01285 11.2881,
	4.99747 11.2903,
	4.98198 11.2916,
	4.96644 11.292,
	4.9509 11.2914,
	4.93543 11.2898,
	4.9201 11.2874,
	4.90496 11.284,
	4.89008 11.2797,
	4.87552 11.2745,
	4.86134 11.2684,
	4.84759 11.2615,
	4.83434 11.2538,
	4.82163 11.2452,
	4.80951 11.236,
	4.79805 11.226,
	4.78727 11.2153,
	4.77723 11.204,
	4.76797 11.1921,
	4.75953 11.1797,
	4.75193 11.1668,
	4.74522 11.1534,
	4.73941 11.1397,
	4.73453 11.1256,
	4.73061 11.1113,
	4.72765 11.0968,
	4.72567 11.0821,
	"/>
</Transform>

<Transform dim="3"
 xcoef=" 1.13210399795111 1.25456401399526 0 0 0 0"
 ycoef=" 0.690602330514482 0 1.25456401399526 0 0 0">
<Contour name="D047" hidden="false" closed="true" simplified="true" border="0 0 1" fill="0 0 1" mode="13"
 points="7.50291 1.52806,
	7.50447 1.50087,
	7.50912 1.47397,
	7.51682 1.44762,
	7.52749 1.4221,
	7.54103 1.39767,
	7.55728 1.37457,
	7.57609 1.35305,
	7.59726 1.33332,
	7.62058 1.31559,
	7.6458 1.30005,
	7.67266 1.28684,
	7.7009 1.2761,
	7.73022 1.26796,
	7.76032 1.26248,
	7.79089 1.25972,
	7.82162 1.25972,
	7.85219 1.26248,
	7.88229 1.26796,
	7.91161 1.2761,
	7.93985 1.28684,
	7.96671 1.30005,
	7.99193 1.31559,
	8.01525 1.33332,
	8.03642 1.35305,
	8.05523 1.37457,
	8.07148 1.39767,
	8.08501 1.4221,
	8.09569 1.44762,
	8.10339 1.47397,
	8.10804 1.50087,
	8.1096 1.52806,
	8.10804 1.55524,
	8.10339 1.58214,
	8.09569 1.60849,
	8.08501 1.63401,
	8.07148 1.65844,
	8.05523 1.68154,
	8.03642 1.70306,
	8.01525 1.72279,
	7.99193 1.74052,
	7.96671 1.75607,
	7.93985 1.76927,
	7.91161 1.78001,
	7.88229 1.78815,
	7.85219 1.79363,
	7.82162 1.79639,
	7.79089 1.79639,
	7.76032 1.79363,
	7.73022 1.78815,
	7.7009 1.78001,
	7.67266 1.76927,
	7.6458 1.75607,
	7.62058 1.74052,
	7.59726 1.72279,
	7.57609 1.70306,
	7.55728 1.68154,
	7.54103 1.65844,
	7.52749 1.63401,
	7.51682 1.60849,
	7.50912 1.58214,
	7.50447 1.55524,
	"/>
</Transform>

<Transform dim="3"
 xcoef=" 1.13210399795111 1.25456401399526 0 0 0 0"
 ycoef=" 0.690602330514482 0 1.25456401399526 0 0 0">
<Contour name="D048_oblique" hidden="false" closed="true" simplified="true" border="0 0 1" fill="0 0 1" mode="13"
 points="16.1699 7.67645,
	16.1706 7.66103,
	16.1727 7.64575,
	16.1763 7.63075,
	16.1812 7.61614,
	16.1875 7.60206,
	16.1951 7.58864,
	16.2038 7.57599,
	16.2137 7.56422,
	16.2247 7.55343,
	16.2366 7.54373,
	16.2494 7.5352,
	16.2629 7.5279,
	16.277 7.52191,
	16.2916 7.51728,
	16.3066 7.51405,
	16.3218 7.51225,
	16.3371 7.51189,
	16.3524 7.51297,
	16.3675 7.51549,
	16.3823 7.51943,
	16.3967 7.52474,
	16.4105 7.53139,
	16.4236 7.53931,
	16.436 7.54844,
	16.4474 7.5587,
	16.4579 7.56998,
	16.4672 7.58221,
	16.4754 7.59526,
	16.4823 7.60903,
	16.4879 7.62338,
	16.4922 7.63821,
	16.495 7.65337,
	16.4965 7.66873,
	16.4965 7.68416,
	16.495 7.69953,
	16.4922 7.71469,
	16.4879 7.72951,
	16.4823 7.74387,
	16.4754 7.75763,
	16.4672 7.77069,
	16.4579 7.78291,
	16.4474 7.7942,
	16.436 7.80445,
	16.4236 7.81358,
	16.4105 7.8215,
	16.3967 7.82815,
	16.3823 7.83347,
	16.3675 7.8374,
	16.3524 7.83992,
	16.3371 7.84101,
	16.3218 7.84065,
	16.3066 7.83884,
	16.2916 7.83561,
	16.277 7.83098,
	16.2629 7.82499,
	16.2494 7.8177,
	16.2366 7.80916,
	16.2247 7.79946,
	16.2137 7.78868,
	16.2038 7.77691,
	16.1951 7.76426,
	16.1875 7.75083,
	16.1812 7.73676,
	16.1763 7.72215,
	16.1727 7.70714,
	16.1706 7.69186,
	"/>
</Transform>

<Transform dim="3"
 xcoef=" 1.13210399795111 1.25456401399526 0 0 0 0"
 ycoef=" 0.690602330514482 0 1.25456401399526 0 0 0">
<Contour name="D049" hidden="false" closed="true" simplified="true" border="0 0 1" fill="0 0 1" mode="13"
 points="10.4271 6.65094,
	10.4298 6.62886,
	10.438 6.60722,
	10.4514 6.58645,
	10.4698 6.56696,
	10.4928 6.54915,
	10.52 6.53336,
	10.5508 6.51991,
	10.5846 6.50907,
	10.6208 6.50105,
	10.6586 6.49602,
	10.6972 6.49406,
	10.736 6.49524,
	10.7741 6.49951,
	10.8107 6.50679,
	10.8452 6.51694,
	10.8768 6.52976,
	10.9049 6.545,
	10.9291 6.56234,
	10.9487 6.58144,
	10.9633 6.60193,
	10.9728 6.62339,
	10.9769 6.6454,
	10.9756 6.66752,
	10.9688 6.68931,
	10.9566 6.71034,
	10.9394 6.73019,
	10.9175 6.74845,
	10.8913 6.76478,
	10.8614 6.77884,
	10.8282 6.79036,
	10.7926 6.7991,
	10.7551 6.80489,
	10.7166 6.80762,
	10.6779 6.80723,
	10.6395 6.80372,
	10.6025 6.79718,
	10.5674 6.78773,
	10.535 6.77555,
	10.5059 6.7609,
	10.4807 6.74405,
	10.46 6.72536,
	10.444 6.70518,
	10.4332 6.68392,
	"/>
</Transform>

<Transform dim="1"
 xcoef=" 0.228944107260462 1 0 0 0 0"
 ycoef=" 0.177885938120028 0 1 0 0 0">
<Contour name="D049 ax01" hidden="false" closed="true" simplified="false" border="0 1 1" fill="0 1 1" mode="-9"
 points="8.215 4.74388,
	8.23531 4.72357,
	8.15407 4.64233,
	8.17438 4.62202,
	8.25562 4.70326,
	8.27593 4.68295,
	8.27593 4.74388,
	"/>
</Transform>

<Transform dim="1"
 xcoef=" 0.228944107260462 1 0 0 0 0"
 ycoef=" 0.177885938120028 0 1 0 0 0">
<Contour name="D051 edge" hidden="false" closed="true" simplified="true" border="0 0 1" fill="0 0 1" mode="13"
 points="10.1572 0.86498,
	10.1648 0.836893,
	10.1867 0.811081,
	10.2214 0.789636,
	10.2659 0.774295,
	10.3166 0.766301,
	10.3695 0.766301,
	10.4202 0.774295,
	10.4647 0.789636,
	10.4993 0.811081,
	10.5213 0.836893,
	10.5288 0.86498,
	10.5213 0.893067,
	10.4993 0.918878,
	10.4647 0.940323,
	10.4202 0.955664,
	10.3695 0.963659,
	10.3166 0.963659,
	10.2659 0.955664,
	10.2214 0.940323,
	10.1867 0.918878,
	10.1648 0.893067,
	"/>
</Transform>

<Transform dim="1"
 xcoef=" 0.228944107260462 1 0 0 0 0"
 ycoef=" 0.177885938120028 0 1 0 0 0">
<Contour name="D053_edge" hidden="false" closed="true" simplified="true" border="0 0 1" fill="0 0 1" mode="13"
 points="16.8085 2.34153,
	16.8112 2.31945,
	16.8192 2.29848,
	16.8321 2.27966,
	16.8492 2.26395,
	16.8697 2.25213,
	16.8925 2.24479,
	16.9166 2.2423,
	16.9406 2.24479,
	16.9635 2.25213,
	16.984 2.26395,
	17.0011 2.27966,
	17.014 2.29848,
	17.022 2.31945,
	17.0247 2.34153,
	17.022 2.36361,
	17.014 2.38459,
	17.0011 2.4034,
	16.984 2.41912,
	16.9635 2.43094,
	16.9406 2.43828,
	16.9166 2.44076,
	16.8925 2.43828,
	16.8697 2.43094,
	16.8492 2.41912,
	16.8321 2.4034,
	16.8192 2.38459,
	"/>
</Transform>

<Transform dim="1"
 xcoef=" 0.228944107260462 1 0 0 0 0"
 ycoef=" 0.177885938120028 0 1 0 0 0">
<Contour name="D055" hidden="false" closed="true" simplified="true" border="0 0 1" fill="0 0 1" mode="13"
 points="1.13734 1.00493,
	1.14295 0.972757,
	1.1594 0.942868,
	1.18552 0.917389,
	1.21944 0.898131,
	1.25876 0.886463,
	1.30068 0.883214,
	1.34223 0.888614,
	1.38045 0.902279,
	1.41263 0.92324,
	1.43648 0.950005,
	1.4503 0.980674,
	1.45311 1.01307,
	1.44472 1.04488,
	1.42572 1.07386,
	1.39745 1.09793,
	1.36194 1.1154,
	1.32169 1.12502,
	1.27958 1.12611,
	1.23859 1.11858,
	1.20164 1.10298,
	1.17135 1.08041,
	1.14988 1.05248,
	"/>
</Transform>

<Transform dim="1"
 xcoef=" 0.228944107260462 1 0 0 0 0"
 ycoef=" 0.177885938120028 0 1 0 0 0">
<Contour name="D020_ax01" hidden="false" closed="true" simplified="false" border="0 1 1" fill="0 1 1" mode="11"
 points="11.1288 7.7901,
	11.1396 7.77922,
	11.0961 7.7357,
	11.107 7.72482,
	11.1505 7.76834,
	11.1614 7.75746,
	11.1614 7.7901,
	"/>
</Transform>

<Transform dim="1"
 xcoef=" 0.228944107260462 1 0 0 0 0"
 ycoef=" 0.177885938120028 0 1 0 0 0">
<Contour name="D028_ax01_SPINE" hidden="false" closed="true" simplified="false" border="0 1 1" fill="0 1 1" mode="11"
 points="6.92385 5.4626,
	6.93811 5.44834,
	6.88107 5.3913,
	6.89533 5.37704,
	6.95237 5.43408,
	6.96663 5.41982,
	6.96663 5.4626,
	"/>
</Transform>

<Transform dim="1"
 xcoef=" 0.228944107260462 1 0 0 0 0"
 ycoef=" 0.177885938120028 0 1 0 0 0">
<Contour name="D046" hidden="false" closed="true" simplified="true" border="0 0 1" fill="0 0 1" mode="13"
 points="11.9078 2.04108,
	11.9085 2.03091,
	11.9106 2.02086,
	11.9141 2.01104,
	11.9189 2.00158,
	11.925 1.99258,
	11.9323 1.98415,
	11.9407 1.97639,
	11.9501 1.96938,
	11.9605 1.96322,
	11.9716 1.95797,
	11.9834 1.95369,
	11.9957 1.95044,
	12.0084 1.94825,
	12.0213 1.94714,
	12.0343 1.94714,
	12.0473 1.94825,
	12.0599 1.95044,
	12.0723 1.95369,
	12.0841 1.95797,
	12.0952 1.96322,
	12.1055 1.96938,
	12.115 1.97639,
	12.1234 1.98415,
	12.1307 1.99258,
	12.1368 2.00158,
	12.1416 2.01104,
	12.1451 2.02086,
	12.1472 2.03091,
	12.1479 2.04108,
	12.1472 2.05125,
	12.1451 2.0613,
	12.1416 2.07112,
	12.1368 2.08058,
	12.1307 2.08958,
	12.1234 2.09801,
	12.115 2.10577,
	12.1055 2.11278,
	12.0952 2.11894,
	12.0841 2.12419,
	12.0723 2.12847,
	12.0599 2.13172,
	12.0473 2.13391,
	12.0343 2.13501,
	12.0213 2.13501,
	12.0084 2.13391,
	11.9957 2.13172,
	11.9834 2.12847,
	11.9716 2.12419,
	11.9605 2.11894,
	11.9501 2.11278,
	11.9407 2.10577,
	11.9323 2.09801,
	11.925 2.08958,
	11.9189 2.08058,
	11.9141 2.07112,
	11.9106 2.0613,
	"/>
</Transform>

<Transform dim="1"
 xcoef=" -0.222296665321075 1 0 0 0 0"
 ycoef=" -0.764133275161715 0 1 0 0 0">
<Contour name="d046_o12_branched" hidden="false" closed="true" simplified="false" border="1 0 0" fill="1 0 0" mode="-13"
 points="12.0025 1.08219,
	12.0348 1.08219,
	12.0186 1.11185,
	"/>
</Transform>

<Transform dim="1"
 xcoef=" -0.162296665321076 1 0 0 0 0"
 ycoef=" -0.774133275161715 0 1 0 0 0">
<Contour name="d046_p12_branched" hidden="false" closed="true" simplified="true" border="1 1 0" fill="1 1 0" mode="11"
 points="12.215 1.10442,
	12.2185 1.09131,
	12.2201 1.08475,
	12.2224 1.0782,
	12.2277 1.06509,
	12.2306 1.05853,
	12.2324 1.05525,
	12.2416 1.04214,
	12.2461 1.03559,
	12.2484 1.03231,
	12.2496 1.03067,
	12.2502 1.03231,
	12.2508 1.03559,
	12.2511 1.03722,
	12.2523 1.0405,
	12.2527 1.04214,
	12.2556 1.04542,
	12.257 1.04685,
	12.2636 1.05136,
	12.2668 1.05341,
	12.2685 1.05443,
	12.2816 1.05935,
	12.2947 1.06386,
	12.298 1.06468,
	12.3045 1.0655,
	12.3176 1.06468,
	12.3209 1.06447,
	12.3275 1.06324,
	12.3307 1.06283,
	12.3324 1.06242,
	12.3332 1.06242,
	12.3398 1.05996,
	12.3529 1.05361,
	12.366 1.04644,
	12.3725 1.04276,
	12.3791 1.03948,
	12.3856 1.03682,
	12.3922 1.03456,
	12.3955 1.03333,
	12.3971 1.03272,
	12.4233 1.0321,
	12.4299 1.03251,
	12.4365 1.03374,
	12.4397 1.03477,
	12.4528 1.04132,
	12.466 1.0489,
	12.4791 1.0571,
	12.4807 1.05812,
	12.4873 1.06037,
	12.4905 1.06181,
	12.4938 1.06201,
	12.4955 1.06222,
	12.5086 1.06775,
	12.5118 1.06939,
	12.5184 1.07349,
	12.525 1.07943,
	12.5282 1.08229,
	12.5299 1.08352,
	12.5309 1.08516,
	12.5319 1.08844,
	12.5327 1.095,
	12.534 1.12122,
	12.5332 1.12777,
	12.5327 1.12941,
	12.5268 1.14252,
	12.5262 1.14416,
	12.5241 1.14744,
	12.5231 1.14908,
	12.5198 1.15195,
	12.519 1.15277,
	12.5125 1.15666,
	12.4993 1.16055,
	12.4928 1.16219,
	12.4912 1.1626,
	12.4846 1.16219,
	12.483 1.16219,
	12.4797 1.16137,
	12.4666 1.16035,
	12.4535 1.16014,
	12.4469 1.16014,
	12.4338 1.15891,
	12.4207 1.15666,
	12.4141 1.15543,
	12.401 1.15215,
	12.3945 1.15031,
	12.3879 1.14806,
	12.3863 1.14744,
	12.3797 1.14334,
	12.3781 1.14232,
	12.3772 1.1415,
	12.374 1.14048,
	12.3609 1.13494,
	12.3543 1.13269,
	12.3527 1.13228,
	12.3264 1.13105,
	12.3133 1.13085,
	12.3068 1.13085,
	12.3035 1.13105,
	12.2773 1.13638,
	12.2707 1.13781,
	12.2576 1.14171,
	12.2445 1.14806,
	12.2314 1.15482,
	12.2281 1.15666,
	12.2273 1.15707,
	12.2226 1.16363,
	12.2224 1.16404,
	12.2218 1.1624,
	12.2168 1.13617,
	12.216 1.12962,
	12.2156 1.11651,
	12.2152 1.10995,
	12.2152 1.10667,
	12.215 1.10503,
	12.215 1.10463,
	"/>
</Transform>

<Transform dim="1"
 xcoef=" 0.0419376203740856 1 0 0 0 0"
 ycoef=" -0.152285599313764 0 1 0 0 0">
<Contour name="d046" hidden="false" closed="true" simplified="true" border="1 1 0" fill="1 1 0" mode="11"
 points="11.3619 1.63298,
	11.3734 1.60998,
	11.3877 1.58698,
	11.3978 1.56398,
	11.4021 1.55248,
	11.405 1.54673,
	11.405 1.53523,
	11.4165 1.51223,
	11.4179 1.50648,
	11.4337 1.48348,
	11.4409 1.47198,
	11.4639 1.45617,
	11.4754 1.45186,
	11.4984 1.44898,
	11.5214 1.44036,
	11.5329 1.43605,
	11.5559 1.43892,
	11.5674 1.44323,
	11.5904 1.44323,
	11.6134 1.44036,
	11.6249 1.44036,
	11.6307 1.44179,
	11.6537 1.43173,
	11.6652 1.42311,
	11.6767 1.41736,
	11.6795 1.41736,
	11.7025 1.39867,
	11.7241 1.37711,
	11.7414 1.35411,
	11.7514 1.34548,
	11.7744 1.33398,
	11.7974 1.32823,
	11.8089 1.32392,
	11.8319 1.31098,
	11.8434 1.30811,
	11.8664 1.30955,
	11.8894 1.32105,
	11.9009 1.3268,
	11.911 1.3383,
	11.9167 1.34261,
	11.9397 1.34548,
	11.9512 1.34405,
	11.9627 1.3383,
	11.9857 1.33398,
	12.0087 1.33686,
	12.0317 1.34261,
	12.0547 1.35267,
	12.0777 1.37136,
	12.0964 1.41736,
	12.1007 1.42886,
	12.1223 1.44467,
	12.1683 1.46911,
	12.1913 1.47486,
	12.2143 1.48779,
	12.2531 1.53236,
	12.2632 1.53954,
	12.3092 1.55104,
	12.3322 1.56111,
	12.3782 1.56542,
	12.4012 1.56973,
	12.4472 1.58411,
	12.4587 1.58842,
	12.4687 1.59848,
	12.4745 1.60998,
	12.4745 1.62148,
	12.4716 1.62723,
	12.4601 1.63873,
	12.4529 1.65023,
	12.4543 1.65598,
	12.4529 1.66173,
	12.4587 1.68473,
	12.4601 1.69623,
	12.4587 1.71923,
	12.4515 1.74223,
	12.4385 1.76523,
	12.4342 1.77673,
	12.4256 1.78823,
	12.4155 1.81123,
	12.3897 1.85723,
	12.3695 1.87879,
	12.358 1.88885,
	12.3465 1.8946,
	12.3408 1.89748,
	12.3178 1.89604,
	12.2948 1.89891,
	12.2847 1.90898,
	12.2689 1.95498,
	12.2603 1.97798,
	12.2488 1.98948,
	12.2373 1.99666,
	12.2258 2.00098,
	12.2028 2.00098,
	12.1913 2.00098,
	12.1798 2.00816,
	12.174 2.01391,
	12.1712 2.01966,
	12.1597 2.02685,
	12.1539 2.02973,
	12.1424 2.03116,
	12.1367 2.03404,
	12.1137 2.03548,
	12.0907 2.04123,
	12.0792 2.04841,
	12.059 2.07141,
	12.0475 2.0786,
	12.0245 2.08004,
	12.013 2.08004,
	12.0015 2.07716,
	11.9958 2.07429,
	11.9843 2.07285,
	11.9613 2.08291,
	11.9383 2.08147,
	11.9325 2.0786,
	11.9268 2.0786,
	11.9038 2.06566,
	11.8923 2.05847,
	11.8693 2.04985,
	11.8463 2.04841,
	11.8348 2.04698,
	11.8118 2.04985,
	11.8003 2.04841,
	11.7083 2.00673,
	11.6968 2.00098,
	11.6853 1.9981,
	11.6738 1.9981,
	11.6278 1.98516,
	11.6048 1.98085,
	11.5818 1.97366,
	11.5703 1.96935,
	11.5674 1.96648,
	11.5617 1.96648,
	11.5387 1.95641,
	11.5171 1.94348,
	11.5056 1.93341,
	11.4999 1.92766,
	11.4927 1.91616,
	11.4826 1.90466,
	11.4783 1.89891,
	11.4754 1.88741,
	11.4625 1.86441,
	11.4553 1.84142,
	11.4553 1.83567,
	11.4567 1.83279,
	11.4352 1.81698,
	11.4222 1.79398,
	11.4136 1.74798,
	11.4007 1.72498,
	11.3849 1.70198,
	11.3719 1.67898,
	11.3633 1.65598,
	11.3619 1.63442,
	"/>
</Transform>

<Transform dim="1"
 xcoef=" 0.902388387776115 1 0 0 0 0"
 ycoef=" 0.550471974973365 0 1 0 0 0">
<Image mag="0.00201646" contrast="1.4071" brightness="-0.57" red="true" green="true" blue="true"
 src="048____z47.0.tif" />
<Contour name="domain1" hidden="false" closed="true" simplified="false" border="1 0 1" fill="1 0 1" mode="11"
 points="0 0,
	9551 0,
	9551 5063,
	0 5063,
	"/>
</Transform>

<Transform dim="1"
 xcoef=" 0.0419376203740856 1 0 0 0 0"
 ycoef=" -0.152285599313764 0 1 0 0 0">
<Contour name="d046_p12_branched" hidden="false" closed="true" simplified="true" border="1 1 0" fill="1 1 0" mode="11"
 points="13.0443 1.7603,
	13.0455 1.7505,
	13.0553 1.73092,
	13.0639 1.72112,
	13.07 1.71133,
	13.0896 1.70399,
	13.1288 1.69297,
	13.1484 1.69052,
	13.2267 1.69174,
	13.2463 1.69419,
	13.2561 1.69542,
	13.261 1.69542,
	13.2708 1.69909,
	13.2757 1.69909,
	13.2953 1.70643,
	13.3148 1.71745,
	13.3197 1.72235,
	13.3246 1.73214,
	13.3283 1.75173,
	13.3173 1.7909,
	13.3136 1.80069,
	13.3063 1.81049,
	13.2867 1.82885,
	13.2769 1.83619,
	13.2671 1.84109,
	13.2573 1.84354,
	13.2524 1.84598,
	13.2328 1.84721,
	13.2132 1.84598,
	13.2034 1.84721,
	13.1936 1.84476,
	13.1839 1.84476,
	13.1055 1.81171,
	13.0957 1.80926,
	13.0761 1.79212,
	13.0676 1.78355,
	13.0578 1.77743,
	13.0492 1.76886,
	13.0443 1.76397,
	13.0443 1.76152,
	"/>
</Transform>

<Transform dim="1"
 xcoef=" 0.0419376203740856 1 0 0 0 0"
 ycoef=" -0.152285599313764 0 1 0 0 0">
<Contour name="d046_checked" hidden="false" closed="true" simplified="false" border="0 1 0" fill="0 1 0" mode="-13"
 points="12.2657 1.72369,
	12.2754 1.71017,
	12.2657 1.69664,
	12.2715 1.69664,
	12.2792 1.70823,
	12.287 1.69664,
	12.2928 1.69664,
	12.2831 1.71017,
	12.2928 1.72369,
	12.287 1.72369,
	12.2792 1.7121,
	12.2715 1.72369,
	"/>
</Transform>

<Transform dim="1"
 xcoef=" 0.0419376203740856 1 0 0 0 0"
 ycoef=" -0.152285599313764 0 1 0 0 0">
<Contour name="D046_ax01" hidden="false" closed="true" simplified="false" border="0 1 1" fill="0 1 1" mode="-11"
 points="15.734 0.800264,
	15.7483 0.785979,
	15.6912 0.728837,
	15.7055 0.714552,
	15.7626 0.771693,
	15.7769 0.757408,
	15.7769 0.800264,
	"/>
</Transform>

<Transform dim="1"
 xcoef=" 0.0419376203740856 1 0 0 0 0"
 ycoef=" -0.152285599313764 0 1 0 0 0">
<Contour name="D046 ax01??" hidden="false" closed="true" simplified="false" border="1 1 0" fill="1 1 0" mode="11"
 points="7.9108 5.58811,
	7.88773 5.58811,
	7.88773 5.59965,
	7.89926 5.61119,
	7.93388 5.62273,
	7.9108 5.63426,
	7.89926 5.65734,
	7.87619 5.63426,
	7.86465 5.61119,
	7.86465 5.58811,
	7.84158 5.58811,
	7.87619 5.56504,
	"/>
</Transform>

<Transform dim="1"
 xcoef=" 0.0419376203740856 1 0 0 0 0"
 ycoef=" -0.152285599313764 0 1 0 0 0">
<Contour name="D037" hidden="false" closed="true" simplified="true" border="0 0 1" fill="0 0 1" mode="11"
 points="14.9952 1.18084,
	14.9966 1.16504,
	15.0008 1.1496,
	15.0078 1.13486,
	15.0173 1.12115,
	15.0292 1.10877,
	15.0431 1.09799,
	15.0589 1.08907,
	15.076 1.0822,
	15.0942 1.07753,
	15.113 1.07517,
	15.1321 1.07517,
	15.1509 1.07753,
	15.1691 1.0822,
	15.1863 1.08907,
	15.202 1.09799,
	15.2159 1.10877,
	15.2278 1.12115,
	15.2373 1.13486,
	15.2443 1.1496,
	15.2485 1.16504,
	15.25 1.18084,
	15.2485 1.19663,
	15.2443 1.21207,
	15.2373 1.22681,
	15.2278 1.24052,
	15.2159 1.2529,
	15.202 1.26368,
	15.1863 1.2726,
	15.1691 1.27947,
	15.1509 1.28414,
	15.1321 1.2865,
	15.113 1.2865,
	15.0942 1.28414,
	15.076 1.27947,
	15.0589 1.2726,
	15.0431 1.26368,
	15.0292 1.2529,
	15.0173 1.24052,
	15.0078 1.22681,
	15.0008 1.21207,
	"/>
</Transform>

<Transform dim="1"
 xcoef=" 0.0419376203740856 1 0 0 0 0"
 ycoef=" -0.152285599313764 0 1 0 0 0">
<Contour name="D020" hidden="false" closed="true" simplified="true" border="0 0 1" fill="0 0 1" mode="11"
 points="10.3206 6.33741,
	10.3225 6.32362,
	10.3281 6.31027,
	10.3372 6.29776,
	10.3495 6.28649,
	10.3647 6.27681,
	10.3822 6.26903,
	10.4016 6.26338,
	10.4223 6.26005,
	10.4435 6.25913,
	10.4646 6.26066,
	10.485 6.26458,
	10.5039 6.27078,
	10.521 6.27907,
	10.5355 6.28917,
	10.547 6.30078,
	10.5553 6.31354,
	10.5599 6.32704,
	10.5609 6.34087,
	10.5581 6.35459,
	10.5516 6.36777,
	10.5417 6.38,
	10.5286 6.3909,
	10.5127 6.40013,
	10.4947 6.4074,
	10.4749 6.41248,
	10.4541 6.41522,
	10.4328 6.41553,
	10.4118 6.41339,
	10.3918 6.40888,
	10.3732 6.40214,
	10.3568 6.39338,
	10.3429 6.38286,
	10.3322 6.37093,
	10.3248 6.35795,
	"/>
</Transform>

<Transform dim="1"
 xcoef=" 0.0419376203740856 1 0 0 0 0"
 ycoef=" -0.152285599313764 0 1 0 0 0">
<Contour name="D060_large" hidden="false" closed="true" simplified="true" border="0 0 1" fill="0 0 1" mode="11"
 points="2.57762 2.23889,
	2.58082 2.2262,
	2.59008 2.21474,
	2.60452 2.20565,
	2.62271 2.19982,
	2.64287 2.19781,
	2.66303 2.19982,
	2.68122 2.20565,
	2.69566 2.21474,
	2.70493 2.2262,
	2.70812 2.23889,
	2.70493 2.25159,
	2.69566 2.26304,
	2.68122 2.27213,
	2.66303 2.27796,
	2.64287 2.27997,
	2.62271 2.27796,
	2.60452 2.27213,
	2.59008 2.26304,
	"/>
</Transform>

<Transform dim="1"
 xcoef=" 0.0419376203740856 1 0 0 0 0"
 ycoef=" -0.152285599313764 0 1 0 0 0">
<Contour name="D022" hidden="false" closed="true" simplified="true" border="0 0 1" fill="0 0 1" mode="11"
 points="15.4814 6.22408,
	15.4821 6.2126,
	15.4843 6.20126,
	15.4878 6.19023,
	15.4927 6.17963,
	15.4988 6.16962,
	15.5062 6.16031,
	15.5147 6.15184,
	15.5242 6.1443,
	15.5346 6.13781,
	15.5456 6.13244,
	15.5573 6.12827,
	15.5695 6.12534,
	15.5819 6.12371,
	15.5944 6.12338,
	15.6069 6.12436,
	15.6192 6.12665,
	15.6312 6.1302,
	15.6426 6.13498,
	15.6533 6.14092,
	15.6633 6.14794,
	15.6723 6.15596,
	15.6802 6.16487,
	15.687 6.17454,
	15.6925 6.18487,
	15.6968 6.1957,
	15.6996 6.2069,
	15.701 6.21833,
	15.701 6.22983,
	15.6996 6.24126,
	15.6968 6.25247,
	15.6925 6.2633,
	15.687 6.27362,
	15.6802 6.2833,
	15.6723 6.29221,
	15.6633 6.30022,
	15.6533 6.30725,
	15.6426 6.31319,
	15.6312 6.31796,
	15.6192 6.32152,
	15.6069 6.3238,
	15.5944 6.32479,
	15.5819 6.32446,
	15.5695 6.32282,
	15.5573 6.3199,
	15.5456 6.31573,
	15.5346 6.31036,
	15.5242 6.30386,
	15.5147 6.29633,
	15.5062 6.28786,
	15.4988 6.27855,
	15.4927 6.26853,
	15.4878 6.25794,
	15.4843 6.2469,
	"/>
</Transform>

<Transform dim="1"
 xcoef=" 0.00157276272465431 1 0 0 0 0"
 ycoef=" 0 0 1 0 0 0">
<Contour name="d020" hidden="false" closed="true" simplified="true" border="1 1 0" fill="1 1 0" mode="11"
 points="10.1108 6.71039,
	10.1149 6.69943,
	10.1169 6.67752,
	10.1169 6.66657,
	10.1183 6.65561,
	10.1197 6.65013,
	10.1197 6.64466,
	10.1224 6.6337,
	10.1238 6.62822,
	10.1245 6.60631,
	10.1245 6.59535,
	10.132 6.57344,
	10.1347 6.56796,
	10.1368 6.55701,
	10.1375 6.55153,
	10.1464 6.52962,
	10.158 6.50771,
	10.1628 6.50223,
	10.1703 6.49127,
	10.1792 6.48032,
	10.1936 6.45841,
	10.2107 6.4365,
	10.2203 6.42623,
	10.2313 6.41732,
	10.2368 6.41322,
	10.247 6.40226,
	10.2546 6.3913,
	10.2635 6.36939,
	10.2676 6.35844,
	10.2703 6.35296,
	10.2717 6.34748,
	10.2765 6.33652,
	10.2799 6.32557,
	10.2902 6.30366,
	10.2936 6.29818,
	10.295 6.29544,
	10.3046 6.28517,
	10.31 6.28106,
	10.3128 6.27969,
	10.3141 6.27832,
	10.3196 6.27695,
	10.3415 6.27764,
	10.3443 6.27764,
	10.3456 6.27901,
	10.347 6.27901,
	10.3484 6.28038,
	10.3497 6.28038,
	10.3552 6.28585,
	10.3607 6.28928,
	10.3662 6.28996,
	10.3771 6.28791,
	10.3799 6.28585,
	10.3826 6.28517,
	10.384 6.2838,
	10.4059 6.28312,
	10.4169 6.28312,
	10.4223 6.28312,
	10.4333 6.28654,
	10.4442 6.29339,
	10.4477 6.29886,
	10.449 6.30023,
	10.449 6.3016,
	10.4579 6.31256,
	10.4634 6.31598,
	10.4853 6.31667,
	10.4963 6.31119,
	10.5072 6.30366,
	10.5127 6.30023,
	10.5237 6.29681,
	10.5346 6.29544,
	10.5401 6.29476,
	10.5511 6.2975,
	10.5565 6.29886,
	10.5675 6.30434,
	10.5702 6.30571,
	10.5805 6.31667,
	10.5894 6.32762,
	10.5983 6.33652,
	10.6093 6.33995,
	10.6202 6.34611,
	10.6257 6.34817,
	10.6284 6.34885,
	10.6339 6.35296,
	10.6373 6.35775,
	10.6394 6.36871,
	10.6387 6.37966,
	10.636 6.39062,
	10.6346 6.3961,
	10.6319 6.40157,
	10.6264 6.42349,
	10.6257 6.42896,
	10.6216 6.43992,
	10.6202 6.4454,
	10.6182 6.44814,
	10.6168 6.45361,
	10.6141 6.45909,
	10.6134 6.46183,
	10.6113 6.46457,
	10.6045 6.48648,
	10.6017 6.49744,
	10.6004 6.50292,
	10.5976 6.50839,
	10.5969 6.51113,
	10.5949 6.51387,
	10.5832 6.55769,
	10.5791 6.56865,
	10.5778 6.57002,
	10.5771 6.57276,
	10.575 6.5755,
	10.5702 6.58645,
	10.5627 6.59741,
	10.5579 6.60289,
	10.547 6.6111,
	10.5415 6.6159,
	10.536 6.61795,
	10.525 6.62411,
	10.5141 6.63438,
	10.4922 6.65219,
	10.4812 6.65835,
	10.4757 6.66314,
	10.4538 6.67615,
	10.4319 6.68505,
	10.41 6.69259,
	10.399 6.69601,
	10.3552 6.70286,
	10.3443 6.7056,
	10.3333 6.70697,
	10.3114 6.71244,
	10.3004 6.71587,
	10.2785 6.72477,
	10.2566 6.73162,
	10.2347 6.74052,
	10.2128 6.74805,
	10.2018 6.75216,
	10.1964 6.75284,
	10.1854 6.75695,
	10.1635 6.76106,
	10.158 6.76243,
	10.1553 6.76243,
	10.1498 6.76448,
	10.1443 6.76517,
	10.1334 6.76038,
	10.1231 6.7501,
	10.1204 6.74805,
	10.1169 6.74257,
	10.1128 6.73162,
	10.1108 6.72614,
	10.1108 6.71518,
	10.1108 6.71244,
	10.1108 6.71107,
	"/>
</Transform>

</Section>