<?xml version="1.0"?>
<!DOCTYPE Section SYSTEM "section.dtd">

<Section index="17" thickness="0.052" alignLocked="true">
<Transform dim="3"
 xcoef=" 0.414407771507907 1.25456401399526 0 0 0 0"
 ycoef=" 0.178742480830238 0 1.25456401399526 0 0 0">
<Contour name="D019" hidden="false" closed="true" simplified="true" border="0 0 1" fill="0 0 1" mode="13"
 points="9.79663 5.79717,
	9.79868 5.76752,
	9.80479 5.73848,
	9.81483 5.71067,
	9.8286 5.68466,
	9.8458 5.661,
	9.86608 5.64017,
	9.88901 5.6226,
	9.91412 5.60868,
	9.94089 5.59868,
	9.96875 5.59281,
	9.99713 5.5912,
	10.0254 5.59389,
	10.0531 5.6008,
	10.0795 5.6118,
	10.1041 5.62667,
	10.1264 5.64508,
	10.146 5.66666,
	10.1623 5.69097,
	10.1752 5.71748,
	10.1843 5.74565,
	10.1894 5.7749,
	10.1904 5.8046,
	10.1873 5.83416,
	10.1802 5.86294,
	10.1692 5.89036,
	10.1546 5.91583,
	10.1366 5.93883,
	10.1156 5.95888,
	10.092 5.97557,
	10.0665 5.98853,
	10.0394 5.99752,
	10.0113 6.00232,
	9.98291 6.00286,
	9.95472 5.99911,
	9.92733 5.99116,
	9.90132 5.97917,
	9.87724 5.96338,
	9.85558 5.94414,
	9.83679 5.92183,
	9.82127 5.89693,
	9.80933 5.86995,
	9.80124 5.84145,
	"/>
</Transform>

<Transform dim="3"
 xcoef=" 0.414407771507907 1.25456401399526 0 0 0 0"
 ycoef=" 0.178742480830238 0 1.25456401399526 0 0 0">
<Contour name="D021" hidden="false" closed="true" simplified="true" border="0 0 1" fill="0 0 1" mode="13"
 points="8.16174 7.31642,
	8.16341 7.28646,
	8.16839 7.257,
	8.17659 7.22854,
	8.18788 7.20155,
	8.20207 7.17648,
	8.21892 7.15376,
	8.23815 7.13377,
	8.25943 7.11683,
	8.28241 7.10325,
	8.30671 7.09323,
	8.33192 7.08696,
	8.35761 7.08453,
	8.38335 7.08599,
	8.40872 7.09131,
	8.43328 7.1004,
	8.45663 7.11311,
	8.47837 7.12923,
	8.49815 7.14849,
	8.51562 7.17057,
	8.5305 7.19508,
	8.54253 7.22163,
	8.55152 7.24977,
	8.55731 7.27903,
	8.55981 7.30891,
	8.55898 7.33892,
	8.55482 7.36856,
	8.54742 7.39732,
	8.53688 7.42472,
	8.5234 7.45031,
	8.50719 7.47365,
	8.48853 7.49436,
	8.46772 7.51209,
	8.44513 7.52653,
	8.42112 7.53746,
	8.39611 7.54468,
	8.3705 7.54808,
	8.34473 7.54759,
	8.31923 7.54323,
	8.29442 7.53507,
	8.27073 7.52324,
	8.24855 7.50795,
	8.22825 7.48945,
	8.21018 7.46805,
	8.19463 7.4441,
	8.18186 7.41802,
	8.17209 7.39023,
	8.16549 7.36121,
	"/>
</Transform>

<Transform dim="3"
 xcoef=" 0.414407771507907 1.25456401399526 0 0 0 0"
 ycoef=" 0.178742480830238 0 1.25456401399526 0 0 0">
<Contour name="D023" hidden="false" closed="true" simplified="true" border="0 0 1" fill="0 0 1" mode="13"
 points="9.94296 6.5166,
	9.94356 6.48979,
	9.94537 6.4631,
	9.94836 6.43668,
	9.95253 6.41063,
	9.95787 6.38509,
	9.96433 6.36017,
	9.9719 6.336,
	9.98053 6.31269,
	9.99018 6.29036,
	10.0008 6.2691,
	10.0124 6.24902,
	10.0248 6.23021,
	10.0381 6.21277,
	10.0521 6.19678,
	10.0667 6.18231,
	10.082 6.16944,
	10.0979 6.15822,
	10.1142 6.1487,
	10.1309 6.14094,
	10.1479 6.13498,
	10.1651 6.13082,
	10.1825 6.12851,
	10.1999 6.12805,
	10.2173 6.12944,
	10.2346 6.13267,
	10.2518 6.13773,
	10.2686 6.1446,
	10.2851 6.15324,
	10.3012 6.16362,
	10.3168 6.17567,
	10.3318 6.18935,
	10.3461 6.20459,
	10.3598 6.22132,
	10.3726 6.23945,
	10.3846 6.2589,
	10.3957 6.27959,
	10.4059 6.3014,
	10.415 6.32423,
	10.4231 6.34799,
	10.4302 6.37254,
	10.4361 6.39779,
	10.4408 6.4236,
	10.4444 6.44985,
	10.4468 6.47642,
	10.448 6.50318,
	10.448 6.53001,
	10.4468 6.55677,
	10.4444 6.58334,
	10.4408 6.60959,
	10.4361 6.6354,
	10.4302 6.66065,
	10.4231 6.6852,
	10.415 6.70896,
	10.4059 6.73179,
	10.3957 6.75361,
	10.3846 6.77429,
	10.3726 6.79374,
	10.3598 6.81187,
	10.3461 6.8286,
	10.3318 6.84384,
	10.3168 6.85752,
	10.3012 6.86957,
	10.2851 6.87995,
	10.2686 6.88859,
	10.2518 6.89546,
	10.2346 6.90052,
	10.2173 6.90375,
	10.1999 6.90514,
	10.1825 6.90468,
	10.1651 6.90237,
	10.1479 6.89822,
	10.1309 6.89225,
	10.1142 6.88449,
	10.0979 6.87497,
	10.082 6.86375,
	10.0667 6.85088,
	10.0521 6.83641,
	10.0381 6.82042,
	10.0248 6.80298,
	10.0124 6.78417,
	10.0008 6.76409,
	9.99018 6.74284,
	9.98053 6.7205,
	9.9719 6.69719,
	9.96433 6.67302,
	9.95787 6.6481,
	9.95253 6.62256,
	9.94836 6.59652,
	9.94537 6.57009,
	"/>
</Transform>

<Transform dim="3"
 xcoef=" 0.414407771507907 1.25456401399526 0 0 0 0"
 ycoef=" 0.178742480830238 0 1.25456401399526 0 0 0">
<Contour name="D025" hidden="false" closed="true" simplified="true" border="0 0 1" fill="0 0 1" mode="13"
 points="5.77568 5.62502,
	5.77804 5.5932,
	5.78505 5.56226,
	5.79651 5.53308,
	5.81211 5.50648,
	5.8314 5.4832,
	5.85385 5.46388,
	5.87882 5.44909,
	5.90562 5.43922,
	5.9335 5.43455,
	5.96168 5.43522,
	5.98936 5.44121,
	6.01578 5.45234,
	6.04018 5.46831,
	6.0619 5.48867,
	6.08031 5.51285,
	6.09491 5.54017,
	6.10529 5.56986,
	6.11114 5.6011,
	6.11233 5.63302,
	6.10879 5.6647,
	6.10065 5.69528,
	6.08812 5.72389,
	6.07155 5.74973,
	6.05142 5.77207,
	6.02827 5.7903,
	6.00278 5.8039,
	5.97563 5.81249,
	5.9476 5.81583,
	5.91948 5.81382,
	5.89204 5.80653,
	5.86606 5.79415,
	5.84227 5.77704,
	5.82132 5.75567,
	5.80382 5.73064,
	5.79024 5.70265,
	5.78097 5.67249,
	"/>
</Transform>

<Transform dim="3"
 xcoef=" 0.414407771507907 1.25456401399526 0 0 0 0"
 ycoef=" 0.178742480830238 0 1.25456401399526 0 0 0">
<Contour name="D026_edge" hidden="false" closed="true" simplified="true" border="0 0 1" fill="0 0 1" mode="13"
 points="0.290113 5.75946,
	0.291878 5.73499,
	0.297157 5.71071,
	0.305909 5.68682,
	0.318065 5.66351,
	0.333528 5.64096,
	0.352175 5.61935,
	0.373858 5.59885,
	0.398405 5.57962,
	0.425622 5.56183,
	0.455292 5.5456,
	0.48718 5.53107,
	0.521032 5.51835,
	0.55658 5.50755,
	0.593542 5.49875,
	0.631624 5.49201,
	0.670525 5.4874,
	0.709934 5.48495,
	0.749541 5.48468,
	0.789029 5.48658,
	0.828086 5.49066,
	0.866401 5.49687,
	0.903671 5.50516,
	0.939599 5.51547,
	0.973902 5.52772,
	1.0063 5.5418,
	1.03655 5.55762,
	1.0644 5.57504,
	1.08964 5.59392,
	1.11205 5.61411,
	1.13147 5.63546,
	1.14775 5.65779,
	1.16074 5.68093,
	1.17035 5.70469,
	1.1765 5.72889,
	1.17915 5.75333,
	1.17826 5.77782,
	1.17386 5.80216,
	1.16597 5.82617,
	1.15466 5.84964,
	1.14001 5.8724,
	1.12215 5.89426,
	1.10121 5.91505,
	1.07736 5.93461,
	1.05079 5.95278,
	1.02171 5.96941,
	0.990357 5.98437,
	0.956971 5.99755,
	0.921821 6.00884,
	0.885185 6.01816,
	0.847355 6.02541,
	0.808631 6.03056,
	0.769319 6.03355,
	0.729733 6.03437,
	0.690185 6.03301,
	0.650992 6.02947,
	0.612462 6.02379,
	0.574903 6.01602,
	0.538611 6.0062,
	0.503877 5.99443,
	0.470974 5.9808,
	0.440165 5.9654,
	0.411693 5.94837,
	0.385785 5.92985,
	0.362647 5.90996,
	0.342462 5.88889,
	0.32539 5.86679,
	0.311567 5.84383,
	0.301103 5.82021,
	0.29408 5.7961,
	"/>
</Transform>

<Transform dim="3"
 xcoef=" 0.414407771507907 1.25456401399526 0 0 0 0"
 ycoef=" 0.178742480830238 0 1.25456401399526 0 0 0">
<Contour name="D028" hidden="false" closed="true" simplified="true" border="0 0 1" fill="0 0 1" mode="13"
 points="13.6149 10.0229,
	13.6173 10.0035,
	13.6244 9.98458,
	13.6359 9.96668,
	13.6517 9.95027,
	13.6712 9.93579,
	13.694 9.92363,
	13.7194 9.91411,
	13.7468 9.90748,
	13.7754 9.90392,
	13.8045 9.90352,
	13.8334 9.9063,
	13.8612 9.91218,
	13.8871 9.92099,
	13.9106 9.93252,
	13.931 9.94645,
	13.9478 9.96242,
	13.9604 9.97999,
	13.9686 9.9987,
	13.9722 10.0181,
	13.971 10.0375,
	13.9651 10.0566,
	13.9546 10.0749,
	13.9399 10.0917,
	13.9213 10.1067,
	13.8992 10.1194,
	13.8744 10.1297,
	13.8474 10.137,
	13.8191 10.1414,
	13.79 10.1426,
	13.761 10.1406,
	13.7329 10.1355,
	13.7064 10.1274,
	13.6822 10.1165,
	13.661 10.1031,
	13.6433 10.0876,
	13.6296 10.0704,
	13.6203 10.0519,
	"/>
</Transform>

<Transform dim="3"
 xcoef=" 0.414407771507907 1.25456401399526 0 0 0 0"
 ycoef=" 0.178742480830238 0 1.25456401399526 0 0 0">
<Contour name="D029_edge" hidden="false" closed="true" simplified="true" border="0 0 1" fill="0 0 1" mode="13"
 points="10.8817 12.7524,
	10.8861 12.7271,
	10.899 12.7027,
	10.92 12.6801,
	10.9483 12.6601,
	10.9829 12.6435,
	11.0226 12.6308,
	11.066 12.6225,
	11.1113 12.6188,
	11.1571 12.62,
	11.2016 12.626,
	11.2433 12.6366,
	11.2807 12.6513,
	11.3123 12.6697,
	11.3371 12.6911,
	11.3541 12.7147,
	11.3628 12.7397,
	11.3628 12.7651,
	11.3541 12.7901,
	11.3371 12.8137,
	11.3123 12.8351,
	11.2807 12.8535,
	11.2433 12.8682,
	11.2016 12.8788,
	11.1571 12.8848,
	11.1113 12.886,
	11.066 12.8823,
	11.0226 12.874,
	10.9829 12.8613,
	10.9483 12.8447,
	10.92 12.8247,
	10.899 12.8021,
	"/>
</Transform>

<Transform dim="3"
 xcoef=" 0.414407771507907 1.25456401399526 0 0 0 0"
 ycoef=" 0.178742480830238 0 1.25456401399526 0 0 0">
<Contour name="D030_oblique" hidden="false" closed="true" simplified="true" border="0 0 1" fill="0 0 1" mode="13"
 points="10.5715 4.36578,
	10.5723 4.34378,
	10.5749 4.32209,
	10.5792 4.30103,
	10.5851 4.28089,
	10.5925 4.26197,
	10.6013 4.24454,
	10.6115 4.22884,
	10.6228 4.2151,
	10.6351 4.20351,
	10.6482 4.19425,
	10.662 4.18744,
	10.6762 4.18318,
	10.6906 4.18153,
	10.705 4.18252,
	10.7193 4.18613,
	10.7332 4.19231,
	10.7465 4.20097,
	10.759 4.21199,
	10.7706 4.22521,
	10.781 4.24044,
	10.7902 4.25747,
	10.798 4.27604,
	10.8043 4.2959,
	10.809 4.31675,
	10.812 4.33831,
	10.8133 4.36026,
	10.8128 4.38229,
	10.8107 4.40409,
	10.8068 4.42533,
	10.8013 4.44573,
	10.7943 4.46498,
	10.7858 4.48281,
	10.776 4.49896,
	10.7649 4.51321,
	10.7529 4.52536,
	10.7399 4.53521,
	10.7263 4.54265,
	10.7122 4.54755,
	10.6978 4.54986,
	10.6834 4.54953,
	10.669 4.54657,
	10.655 4.54102,
	10.6416 4.53297,
	10.6288 4.52253,
	10.617 4.50984,
	10.6063 4.49509,
	10.5967 4.4785,
	10.5886 4.46029,
	10.5819 4.44072,
	10.5768 4.42009,
	10.5734 4.39868,
	"/>
</Transform>

<Transform dim="3"
 xcoef=" 0.414407771507907 1.25456401399526 0 0 0 0"
 ycoef=" 0.178742480830238 0 1.25456401399526 0 0 0">
<Contour name="D031_oblique" hidden="false" closed="true" simplified="true" border="0 0 1" fill="0 0 1" mode="13"
 points="11.4372 7.44478,
	11.4403 7.42554,
	11.4497 7.40689,
	11.465 7.3894,
	11.4858 7.37358,
	11.5114 7.35993,
	11.541 7.34886,
	11.5738 7.3407,
	11.6088 7.3357,
	11.6449 7.33402,
	11.6809 7.3357,
	11.7159 7.3407,
	11.7487 7.34886,
	11.7784 7.35993,
	11.8039 7.37358,
	11.8247 7.3894,
	11.84 7.40689,
	11.8494 7.42554,
	11.8525 7.44478,
	11.8494 7.46401,
	11.84 7.48266,
	11.8247 7.50016,
	11.8039 7.51597,
	11.7784 7.52962,
	11.7487 7.5407,
	11.7159 7.54886,
	11.6809 7.55385,
	11.6449 7.55554,
	11.6088 7.55385,
	11.5738 7.54886,
	11.541 7.5407,
	11.5114 7.52962,
	11.4858 7.51597,
	11.465 7.50016,
	11.4497 7.48266,
	11.4403 7.46401,
	"/>
</Transform>

<Transform dim="3"
 xcoef=" 0.414407771507907 1.25456401399526 0 0 0 0"
 ycoef=" 0.178742480830238 0 1.25456401399526 0 0 0">
<Contour name="D032" hidden="false" closed="true" simplified="true" border="0 0 1" fill="0 0 1" mode="13"
 points="6.62513 6.82172,
	6.62601 6.80217,
	6.62866 6.78279,
	6.63304 6.76373,
	6.63913 6.74515,
	6.64687 6.7272,
	6.6562 6.71004,
	6.66703 6.6938,
	6.67929 6.67863,
	6.69287 6.66463,
	6.70765 6.65194,
	6.72352 6.64066,
	6.74035 6.63088,
	6.75798 6.62268,
	6.77629 6.61613,
	6.79511 6.61128,
	6.81428 6.60817,
	6.83366 6.60684,
	6.85308 6.60728,
	6.87238 6.6095,
	6.8914 6.61349,
	6.90998 6.61919,
	6.92797 6.62658,
	6.94522 6.63558,
	6.96158 6.64612,
	6.97692 6.65812,
	6.99112 6.67147,
	7.00405 6.68607,
	7.01561 6.7018,
	7.0257 6.71852,
	7.03425 6.73609,
	7.04117 6.75437,
	7.04641 6.77321,
	7.04992 6.79245,
	7.05169 6.81194,
	7.05169 6.8315,
	7.04992 6.85099,
	7.04641 6.87023,
	7.04117 6.88907,
	7.03425 6.90735,
	7.0257 6.92492,
	7.01561 6.94164,
	7.00405 6.95736,
	6.99112 6.97196,
	6.97692 6.98532,
	6.96158 6.99732,
	6.94522 7.00786,
	6.92797 7.01686,
	6.90998 7.02425,
	6.8914 7.02995,
	6.87238 7.03393,
	6.85308 7.03616,
	6.83366 7.0366,
	6.81428 7.03527,
	6.79511 7.03216,
	6.77629 7.02731,
	6.75798 7.02076,
	6.74035 7.01256,
	6.72352 7.00278,
	6.70765 6.99149,
	6.69287 6.9788,
	6.67929 6.96481,
	6.66703 6.94963,
	6.6562 6.9334,
	6.64687 6.91623,
	6.63913 6.89829,
	6.63304 6.87971,
	6.62866 6.86065,
	"/>
</Transform>

<Transform dim="3"
 xcoef=" 0.414407771507907 1.25456401399526 0 0 0 0"
 ycoef=" 0.178742480830238 0 1.25456401399526 0 0 0">
<Contour name="D034" hidden="false" closed="true" simplified="true" border="0 0 1" fill="0 0 1" mode="13"
 points="10.6074 3.22543,
	10.6079 3.20491,
	10.6094 3.18447,
	10.6119 3.16419,
	10.6154 3.14415,
	10.62 3.12444,
	10.6254 3.10512,
	10.6318 3.08628,
	10.6392 3.06799,
	10.6474 3.05031,
	10.6565 3.03333,
	10.6664 3.01711,
	10.6771 3.00171,
	10.6885 2.98719,
	10.7007 2.97362,
	10.7134 2.96103,
	10.7268 2.94949,
	10.7407 2.93904,
	10.7551 2.92972,
	10.77 2.92157,
	10.7852 2.91461,
	10.8007 2.90888,
	10.8165 2.90441,
	10.8324 2.90119,
	10.8485 2.89926,
	10.8647 2.89862,
	10.8808 2.89926,
	10.8969 2.90119,
	10.9129 2.90441,
	10.9287 2.90888,
	10.9442 2.91461,
	10.9594 2.92157,
	10.9743 2.92972,
	10.9887 2.93904,
	11.0026 2.94949,
	11.0159 2.96103,
	11.0287 2.97362,
	11.0408 2.98719,
	11.0523 3.00171,
	11.063 3.01711,
	11.0729 3.03333,
	11.082 3.05031,
	11.0902 3.06799,
	11.0975 3.08628,
	11.104 3.10512,
	11.1094 3.12444,
	11.1139 3.14415,
	11.1175 3.16419,
	11.12 3.18447,
	11.1215 3.20491,
	11.122 3.22543,
	11.1215 3.24595,
	11.12 3.26639,
	11.1175 3.28667,
	11.1139 3.3067,
	11.1094 3.32642,
	11.104 3.34574,
	11.0975 3.36458,
	11.0902 3.38287,
	11.082 3.40054,
	11.0729 3.41753,
	11.063 3.43375,
	11.0523 3.44915,
	11.0408 3.46367,
	11.0287 3.47724,
	11.0159 3.48983,
	11.0026 3.50137,
	10.9887 3.51182,
	10.9743 3.52114,
	10.9594 3.52929,
	10.9442 3.53625,
	10.9287 3.54198,
	10.9129 3.54645,
	10.8969 3.54967,
	10.8808 3.5516,
	10.8647 3.55224,
	10.8485 3.5516,
	10.8324 3.54967,
	10.8165 3.54645,
	10.8007 3.54198,
	10.7852 3.53625,
	10.77 3.52929,
	10.7551 3.52114,
	10.7407 3.51182,
	10.7268 3.50137,
	10.7134 3.48983,
	10.7007 3.47724,
	10.6885 3.46367,
	10.6771 3.44915,
	10.6664 3.43375,
	10.6565 3.41753,
	10.6474 3.40054,
	10.6392 3.38287,
	10.6318 3.36458,
	10.6254 3.34574,
	10.62 3.32642,
	10.6154 3.3067,
	10.6119 3.28667,
	10.6094 3.26639,
	"/>
</Transform>

<Transform dim="3"
 xcoef=" 0.414407771507907 1.25456401399526 0 0 0 0"
 ycoef=" 0.178742480830238 0 1.25456401399526 0 0 0">
<Contour name="D035" hidden="false" closed="true" simplified="true" border="0 0 1" fill="0 0 1" mode="13"
 points="7.26225 4.20993,
	7.26337 4.18434,
	7.26673 4.15899,
	7.27231 4.13409,
	7.28004 4.10987,
	7.28987 4.08654,
	7.3017 4.06431,
	7.31542 4.04338,
	7.33092 4.02393,
	7.34806 4.00615,
	7.36669 3.99018,
	7.38663 3.97617,
	7.40771 3.96425,
	7.42974 3.95452,
	7.45253 3.94707,
	7.47587 3.94196,
	7.49956 3.93924,
	7.52337 3.93894,
	7.54711 3.94106,
	7.57056 3.94557,
	7.5935 3.95244,
	7.61574 3.96161,
	7.63708 3.97299,
	7.65732 3.98649,
	7.67629 4.00198,
	7.69382 4.01933,
	7.70974 4.03837,
	7.72392 4.05895,
	7.73624 4.08087,
	7.74657 4.10394,
	7.75484 4.12796,
	7.76096 4.15271,
	7.76488 4.17798,
	7.76656 4.20352,
	7.766 4.22912,
	7.76319 4.25456,
	7.75817 4.27959,
	7.75097 4.304,
	7.74166 4.32758,
	7.73032 4.3501,
	7.71706 4.37137,
	7.70199 4.39121,
	7.68525 4.40942,
	7.66698 4.42586,
	7.64735 4.44037,
	7.62654 4.45282,
	7.60472 4.46311,
	7.58211 4.47114,
	7.55888 4.47684,
	7.53527 4.48016,
	7.51146 4.48106,
	7.48768 4.47955,
	7.46414 4.47563,
	7.44105 4.46935,
	7.41862 4.46075,
	7.39704 4.44991,
	7.3765 4.43693,
	7.3572 4.42192,
	7.3393 4.40503,
	7.32296 4.38639,
	7.30833 4.36618,
	7.29554 4.34458,
	7.2847 4.32177,
	7.27591 4.29797,
	7.26925 4.27338,
	7.26477 4.24823,
	"/>
</Transform>

<Transform dim="3"
 xcoef=" 0.414407771507907 1.25456401399526 0 0 0 0"
 ycoef=" 0.178742480830238 0 1.25456401399526 0 0 0">
<Contour name="D036" hidden="false" closed="true" simplified="true" border="0 0 1" fill="0 0 1" mode="13"
 points="17.9828 6.45782,
	17.9855 6.41412,
	17.9934 6.37165,
	18.0064 6.33159,
	18.0241 6.29507,
	18.0459 6.2631,
	18.0714 6.23659,
	18.0996 6.21627,
	18.13 6.20272,
	18.1616 6.19631,
	18.1935 6.19723,
	18.2249 6.20545,
	18.2548 6.22073,
	18.2825 6.24266,
	18.3071 6.27061,
	18.3279 6.30381,
	18.3445 6.34132,
	18.3562 6.38209,
	18.3629 6.42498,
	18.3642 6.46879,
	18.3602 6.5123,
	18.351 6.55428,
	18.3368 6.59356,
	18.318 6.62903,
	18.2952 6.65972,
	18.269 6.68474,
	18.2401 6.70341,
	18.2093 6.71521,
	18.1776 6.71979,
	18.1457 6.71704,
	18.1146 6.70702,
	18.0852 6.69003,
	18.0582 6.66653,
	18.0345 6.63719,
	18.0147 6.60282,
	17.9993 6.5644,
	17.9888 6.52298,
	"/>
</Transform>

<Transform dim="3"
 xcoef=" 0.414407771507907 1.25456401399526 0 0 0 0"
 ycoef=" 0.178742480830238 0 1.25456401399526 0 0 0">
<Contour name="D040_edge" hidden="false" closed="true" simplified="true" border="0 0 1" fill="0 0 1" mode="13"
 points="6.49887 3.95859,
	6.50093 3.92129,
	6.50707 3.88466,
	6.51718 3.84934,
	6.53108 3.81598,
	6.54853 3.78516,
	6.5692 3.75744,
	6.59274 3.73331,
	6.61872 3.71319,
	6.64668 3.69746,
	6.67612 3.68638,
	6.70651 3.68017,
	6.73732 3.67892,
	6.76798 3.68266,
	6.79797 3.69132,
	6.82673 3.70476,
	6.85376 3.72272,
	6.87857 3.7449,
	6.90073 3.77088,
	6.91983 3.80022,
	6.93554 3.83238,
	6.94757 3.8668,
	6.95572 3.90285,
	6.95982 3.9399,
	6.95982 3.97728,
	6.95572 4.01432,
	6.94757 4.05038,
	6.93554 4.08479,
	6.91983 4.11695,
	6.90073 4.14629,
	6.87857 4.17227,
	6.85376 4.19445,
	6.82673 4.21241,
	6.79797 4.22585,
	6.76798 4.23451,
	6.73732 4.23825,
	6.70651 4.23701,
	6.67612 4.23079,
	6.64668 4.21971,
	6.61872 4.20398,
	6.59274 4.18386,
	6.5692 4.15973,
	6.54853 4.13201,
	6.53108 4.10119,
	6.51718 4.06783,
	6.50707 4.03251,
	"/>
</Transform>

<Transform dim="3"
 xcoef=" 0.414407771507907 1.25456401399526 0 0 0 0"
 ycoef=" 0.178742480830238 0 1.25456401399526 0 0 0">
<Contour name="D041_oblique" hidden="false" closed="true" simplified="true" border="0 0 1" fill="0 0 1" mode="13"
 points="23.1613 3.73439,
	23.1639 3.70866,
	23.1715 3.68349,
	23.1841 3.65944,
	23.2014 3.63702,
	23.223 3.61672,
	23.2483 3.59899,
	23.2769 3.58422,
	23.3082 3.57272,
	23.3414 3.56475,
	23.3758 3.56048,
	23.4107 3.56,
	23.4453 3.56333,
	23.4789 3.57039,
	23.5107 3.58102,
	23.54 3.59501,
	23.5662 3.61203,
	23.5888 3.63173,
	23.6071 3.65366,
	23.6209 3.67736,
	23.6299 3.70229,
	23.6337 3.72793,
	23.6324 3.75371,
	23.626 3.77907,
	23.6146 3.80346,
	23.5985 3.82633,
	23.578 3.8472,
	23.5535 3.86561,
	23.5257 3.88116,
	23.495 3.8935,
	23.4622 3.90238,
	23.4281 3.90759,
	23.3932 3.90901,
	23.3585 3.90663,
	23.3246 3.9005,
	23.2923 3.89073,
	23.2622 3.87756,
	23.2352 3.86126,
	23.2117 3.8422,
	23.1922 3.82078,
	23.1772 3.79748,
	23.1671 3.7728,
	"/>
</Transform>

<Transform dim="3"
 xcoef=" 0.414407771507907 1.25456401399526 0 0 0 0"
 ycoef=" 0.178742480830238 0 1.25456401399526 0 0 0">
<Contour name="D042_edge" hidden="false" closed="true" simplified="true" border="0 0 1" fill="0 0 1" mode="13"
 points="7.09889 5.39988,
	7.10958 5.30342,
	7.14061 5.21641,
	7.18895 5.14735,
	7.24986 5.10302,
	7.31738 5.08774,
	7.3849 5.10302,
	7.44581 5.14735,
	7.49415 5.21641,
	7.52519 5.30342,
	7.53588 5.39988,
	7.52519 5.49634,
	7.49415 5.58335,
	7.44581 5.65241,
	7.3849 5.69674,
	7.31738 5.71202,
	7.24986 5.69674,
	7.18895 5.65241,
	7.14061 5.58335,
	"/>
</Transform>

<Transform dim="3"
 xcoef=" 0.414407771507907 1.25456401399526 0 0 0 0"
 ycoef=" 0.178742480830238 0 1.25456401399526 0 0 0">
<Contour name="D043" hidden="false" closed="true" simplified="true" border="0 0 1" fill="0 0 1" mode="13"
 points="3.68767 10.6816,
	3.69059 10.6552,
	3.69932 10.6293,
	3.7137 10.6043,
	3.73349 10.5806,
	3.75837 10.5585,
	3.78791 10.5385,
	3.82163 10.521,
	3.85894 10.5061,
	3.89924 10.4941,
	3.94184 10.4853,
	3.98603 10.4798,
	4.03107 10.4777,
	4.07621 10.4789,
	4.12068 10.4836,
	4.16375 10.4916,
	4.20469 10.5028,
	4.24281 10.517,
	4.27748 10.5339,
	4.30811 10.5533,
	4.3342 10.5749,
	4.3553 10.5982,
	4.37106 10.623,
	4.38122 10.6487,
	4.3856 10.675,
	4.38414 10.7014,
	4.37685 10.7274,
	4.36386 10.7527,
	4.34539 10.7768,
	4.32175 10.7993,
	4.29333 10.8199,
	4.26061 10.8381,
	4.22414 10.8537,
	4.18453 10.8664,
	4.14244 10.876,
	4.09857 10.8823,
	4.05368 10.8853,
	4.00849 10.8849,
	3.96378 10.8811,
	3.9203 10.8739,
	3.87876 10.8635,
	3.83987 10.85,
	3.80428 10.8338,
	3.77259 10.8149,
	3.74532 10.7939,
	3.72294 10.7709,
	3.70581 10.7465,
	3.69424 10.721,
	"/>
</Transform>

<Transform dim="3"
 xcoef=" 0.414407771507907 1.25456401399526 0 0 0 0"
 ycoef=" 0.178742480830238 0 1.25456401399526 0 0 0">
<Contour name="D047" hidden="false" closed="true" simplified="true" border="0 0 1" fill="0 0 1" mode="13"
 points="7.93626 0.8802,
	7.93874 0.853062,
	7.94613 0.826465,
	7.95828 0.800936,
	7.97495 0.776986,
	7.99582 0.75509,
	8.02045 0.735684,
	8.04837 0.719154,
	8.07902 0.705829,
	8.11179 0.695975,
	8.14602 0.689788,
	8.18104 0.68739,
	8.21614 0.68883,
	8.25063 0.694078,
	8.28383 0.703031,
	8.31506 0.715511,
	8.34372 0.731268,
	8.36923 0.749989,
	8.39108 0.771302,
	8.40883 0.794782,
	8.42214 0.819962,
	8.43074 0.846341,
	8.43445 0.873394,
	8.43321 0.900583,
	8.42704 0.927366,
	8.41606 0.95321,
	8.40049 0.977601,
	8.38064 1.00005,
	8.3569 1.02012,
	8.32975 1.0374,
	8.29973 1.05156,
	8.26743 1.0623,
	8.23351 1.06942,
	8.19862 1.07277,
	8.16347 1.07229,
	8.12876 1.06799,
	8.09518 1.05995,
	8.06339 1.04833,
	8.03404 1.03336,
	8.00769 1.01535,
	7.98489 0.994647,
	7.96607 0.971666,
	7.95162 0.946865,
	7.94183 0.920737,
	"/>
</Transform>

<Transform dim="3"
 xcoef=" 0.414407771507907 1.25456401399526 0 0 0 0"
 ycoef=" 0.178742480830238 0 1.25456401399526 0 0 0">
<Contour name="D048_oblique" hidden="false" closed="true" simplified="true" border="0 0 1" fill="0 0 1" mode="13"
 points="16.3935 5.36978,
	16.3949 5.34503,
	16.3989 5.32073,
	16.4056 5.29733,
	16.4147 5.27525,
	16.4262 5.25489,
	16.4398 5.23662,
	16.4552 5.22078,
	16.4722 5.20766,
	16.4905 5.1975,
	16.5098 5.19047,
	16.5296 5.18672,
	16.5496 5.1863,
	16.5696 5.18922,
	16.589 5.19544,
	16.6075 5.20484,
	16.6249 5.21724,
	16.6408 5.23242,
	16.6548 5.25011,
	16.6669 5.26998,
	16.6766 5.29167,
	16.6839 5.31478,
	16.6886 5.3389,
	16.6906 5.36358,
	16.6899 5.38837,
	16.6866 5.41282,
	16.6806 5.43649,
	16.672 5.45894,
	16.6611 5.47977,
	16.6481 5.49859,
	16.6331 5.51506,
	16.6164 5.52888,
	16.5984 5.53981,
	16.5794 5.54763,
	16.5596 5.55222,
	16.5396 5.55347,
	16.5196 5.55138,
	16.5 5.54598,
	16.4812 5.53736,
	16.4635 5.52569,
	16.4473 5.51118,
	16.4327 5.49409,
	16.4202 5.47473,
	16.4099 5.45346,
	16.4019 5.43067,
	16.3966 5.40676,
	"/>
</Transform>

<Transform dim="3"
 xcoef=" 0.414407771507907 1.25456401399526 0 0 0 0"
 ycoef=" 0.178742480830238 0 1.25456401399526 0 0 0">
<Contour name="D049" hidden="false" closed="true" simplified="true" border="0 0 1" fill="0 0 1" mode="13"
 points="8.56652 11.2778,
	8.57113 11.2106,
	8.58473 11.1465,
	8.60673 11.0883,
	8.63611 11.0386,
	8.67156 10.9998,
	8.71147 10.9735,
	8.75404 10.961,
	8.79734 10.9628,
	8.83942 10.9789,
	8.87838 11.0084,
	8.91245 11.0501,
	8.9401 11.1021,
	8.96007 11.162,
	8.97147 11.2272,
	8.97377 11.2947,
	8.96688 11.3614,
	8.95111 11.4243,
	8.92716 11.4806,
	8.89613 11.5277,
	8.8594 11.5635,
	8.81865 11.5864,
	8.77572 11.5954,
	8.73254 11.59,
	8.69106 11.5705,
	8.65317 11.5378,
	8.62057 11.4933,
	8.59474 11.4391,
	8.57684 11.3776,
	"/>
</Transform>

<Transform dim="1"
 xcoef=" 0.130320148581491 1 0 0 0 0"
 ycoef=" 0.06247378279329 0 1 0 0 0">
<Contour name="D049 ax01" hidden="false" closed="true" simplified="false" border="0 1 1" fill="0 1 1" mode="-9"
 points="7.60116 6.27099,
	7.61418 6.25797,
	7.56211 6.2059,
	7.57512 6.19288,
	7.6272 6.24496,
	7.64022 6.23194,
	7.64022 6.27099,
	"/>
</Transform>

<Transform dim="1"
 xcoef=" 0.130320148581491 1 0 0 0 0"
 ycoef=" 0.06247378279329 0 1 0 0 0">
<Contour name="D051 edge" hidden="false" closed="true" simplified="true" border="0 0 1" fill="0 0 1" mode="13"
 points="9.79019 1.55604,
	9.79349 1.5273,
	9.80321 1.50011,
	9.81882 1.47594,
	9.83948 1.45608,
	9.86408 1.44161,
	9.8913 1.43331,
	9.91966 1.43163,
	9.94763 1.43666,
	9.97372 1.44812,
	9.99651 1.4654,
	10.0148 1.48756,
	10.0275 1.51342,
	10.0341 1.54157,
	10.0341 1.57051,
	10.0275 1.59866,
	10.0148 1.62452,
	9.99651 1.64668,
	9.97372 1.66396,
	9.94763 1.67542,
	9.91966 1.68044,
	9.8913 1.67876,
	9.86408 1.67046,
	9.83948 1.656,
	9.81882 1.63614,
	9.80321 1.61197,
	"/>
</Transform>

<Transform dim="1"
 xcoef=" 0.130320148581491 1 0 0 0 0"
 ycoef=" 0.06247378279329 0 1 0 0 0">
<Contour name="D053_edge" hidden="false" closed="true" simplified="true" border="0 0 1" fill="0 0 1" mode="13"
 points="15.608 2.4899,
	15.6095 2.47336,
	15.6139 2.45723,
	15.6212 2.44192,
	15.631 2.42783,
	15.6433 2.4153,
	15.6577 2.40466,
	15.6737 2.39617,
	15.6911 2.39005,
	15.7094 2.38645,
	15.7281 2.38546,
	15.7467 2.3871,
	15.7647 2.39135,
	15.7818 2.39808,
	15.7975 2.40713,
	15.8114 2.41827,
	15.8231 2.43122,
	15.8323 2.44565,
	15.8389 2.4612,
	15.8426 2.47747,
	15.8433 2.49406,
	15.8411 2.51054,
	15.8359 2.5265,
	15.828 2.54154,
	15.8175 2.55527,
	15.8047 2.56735,
	15.7899 2.57748,
	15.7734 2.5854,
	15.7558 2.5909,
	15.7374 2.59386,
	15.7187 2.59419,
	15.7002 2.59188,
	15.6823 2.58701,
	15.6655 2.57968,
	15.6503 2.57008,
	15.6369 2.55846,
	15.6258 2.54511,
	15.6172 2.53036,
	15.6114 2.5146,
	"/>
</Transform>

<Transform dim="1"
 xcoef=" 0.130320148581491 1 0 0 0 0"
 ycoef=" 0.06247378279329 0 1 0 0 0">
<Contour name="D055" hidden="false" closed="true" simplified="true" border="0 0 1" fill="0 0 1" mode="13"
 points="1.31872 2.23057,
	1.32468 2.20175,
	1.34198 2.17574,
	1.36892 2.15511,
	1.40287 2.14186,
	1.44051 2.13729,
	1.47814 2.14186,
	1.51209 2.15511,
	1.53904 2.17574,
	1.55633 2.20175,
	1.5623 2.23057,
	1.55633 2.2594,
	1.53904 2.2854,
	1.51209 2.30604,
	1.47814 2.31929,
	1.44051 2.32386,
	1.40287 2.31929,
	1.36892 2.30604,
	1.34198 2.2854,
	"/>
</Transform>

<Transform dim="1"
 xcoef=" 0.130320148581491 1 0 0 0 0"
 ycoef=" 0.06247378279329 0 1 0 0 0">
<Contour name="D039" hidden="false" closed="true" simplified="true" border="0 0 1" fill="0 0 1" mode="13"
 points="11.4795 2.9354,
	11.4825 2.9169,
	11.4912 2.89939,
	11.5052 2.88383,
	11.5238 2.87105,
	11.5459 2.86174,
	11.5704 2.85639,
	11.5958 2.85531,
	11.621 2.85855,
	11.6444 2.86592,
	11.6649 2.87705,
	11.6813 2.89131,
	11.6928 2.90796,
	11.6986 2.92608,
	11.6986 2.94471,
	11.6928 2.96284,
	11.6813 2.97948,
	11.6649 2.99375,
	11.6444 3.00487,
	11.621 3.01225,
	11.5958 3.01548,
	11.5704 3.0144,
	11.5459 3.00906,
	11.5238 2.99975,
	11.5052 2.98696,
	11.4912 2.9714,
	"/>
</Transform>

<Transform dim="1"
 xcoef=" 0.130320148581491 1 0 0 0 0"
 ycoef=" 0.06247378279329 0 1 0 0 0">
<Contour name="D046" hidden="false" closed="true" simplified="true" border="0 0 1" fill="0 0 1" mode="13"
 points="11.0598 1.6278,
	11.0608 1.61083,
	11.0638 1.59415,
	11.0688 1.57806,
	11.0757 1.56284,
	11.0843 1.54876,
	11.0945 1.53606,
	11.1062 1.52496,
	11.1191 1.51565,
	11.133 1.50831,
	11.1476 1.50305,
	11.1627 1.49997,
	11.1781 1.49913,
	11.1934 1.50054,
	11.2085 1.50416,
	11.223 1.50995,
	11.2366 1.5178,
	11.2492 1.52757,
	11.2605 1.53909,
	11.2704 1.55216,
	11.2786 1.56655,
	11.285 1.58202,
	11.2895 1.59828,
	11.292 1.61506,
	11.2926 1.63206,
	11.291 1.64898,
	11.2875 1.66554,
	11.282 1.68144,
	11.2747 1.6964,
	11.2657 1.71016,
	11.255 1.72248,
	11.2431 1.73315,
	11.2299 1.74198,
	11.2158 1.74881,
	11.201 1.75353,
	11.1858 1.75605,
	11.1704 1.75633,
	11.1551 1.75437,
	11.1402 1.75019,
	11.1259 1.74388,
	11.1125 1.73554,
	11.1002 1.72531,
	11.0892 1.71338,
	11.0798 1.69996,
	11.072 1.68528,
	11.0661 1.66959,
	11.062 1.65317,
	"/>
</Transform>

<Transform dim="1"
 xcoef=" 0.130320148581491 1 0 0 0 0"
 ycoef=" -0.93752621720671 0 1 0 0 0">
<Contour name="d046" hidden="false" closed="true" simplified="true" border="1 1 0" fill="1 1 0" mode="11"
 points="10.7077 0.549878,
	10.7106 0.544103,
	10.7149 0.538328,
	10.7263 0.526778,
	10.7292 0.523891,
	10.7306 0.522447,
	10.7368 0.510897,
	10.74 0.505122,
	10.7415 0.502235,
	10.7435 0.49646,
	10.746 0.48491,
	10.7471 0.479135,
	10.7474 0.473361,
	10.7462 0.461811,
	10.7458 0.456036,
	10.7458 0.453148,
	10.746 0.451705,
	10.748 0.44593,
	10.7491 0.443042,
	10.7565 0.431493,
	10.7581 0.428605,
	10.7615 0.417055,
	10.7619 0.415612,
	10.7675 0.404062,
	10.7711 0.392512,
	10.7714 0.391068,
	10.781 0.367969,
	10.7841 0.356419,
	10.7851 0.350644,
	10.7853 0.3492,
	10.7871 0.343425,
	10.7916 0.331876,
	10.7924 0.330432,
	10.7962 0.318882,
	10.7971 0.315995,
	10.7998 0.31022,
	10.801 0.307332,
	10.8016 0.305889,
	10.8052 0.300114,
	10.8073 0.297226,
	10.8187 0.285677,
	10.8212 0.282789,
	10.8234 0.279902,
	10.829 0.274127,
	10.8319 0.271781,
	10.8348 0.269796,
	10.8377 0.268171,
	10.8434 0.265825,
	10.8463 0.264562,
	10.8521 0.261494,
	10.855 0.260411,
	10.8564 0.25969,
	10.8593 0.258968,
	10.8709 0.257163,
	10.8824 0.254817,
	10.9286 0.251208,
	10.9517 0.250305,
	10.9748 0.249042,
	10.9979 0.246696,
	11.0095 0.245252,
	11.0124 0.244711,
	11.0152 0.243809,
	11.021 0.243267,
	11.0326 0.242726,
	11.0383 0.242365,
	11.0412 0.242184,
	11.0528 0.242906,
	11.0643 0.245794,
	11.0759 0.249584,
	11.0817 0.25211,
	11.0831 0.252832,
	11.086 0.253554,
	11.0867 0.253734,
	11.1098 0.269254,
	11.1214 0.276292,
	11.1242 0.277917,
	11.1358 0.289286,
	11.1387 0.292173,
	11.1432 0.297948,
	11.1455 0.300836,
	11.1466 0.302279,
	11.1479 0.305167,
	11.1479 0.305889,
	11.1519 0.311664,
	11.158 0.323213,
	11.1625 0.334763,
	11.1657 0.346313,
	11.1667 0.3492,
	11.1692 0.36075,
	11.1703 0.366525,
	11.1737 0.378075,
	11.1764 0.389625,
	11.1775 0.395399,
	11.1777 0.396843,
	11.1786 0.398287,
	11.1813 0.400994,
	11.187 0.404784,
	11.1928 0.40731,
	11.1986 0.409115,
	11.2044 0.411822,
	11.2275 0.421387,
	11.2332 0.423552,
	11.2361 0.424815,
	11.2419 0.428064,
	11.2477 0.432034,
	11.2506 0.433839,
	11.252 0.43456,
	11.2549 0.437087,
	11.2578 0.438711,
	11.2592 0.439613,
	11.265 0.444847,
	11.2746 0.456397,
	11.2812 0.467947,
	11.2816 0.468668,
	11.2831 0.470112,
	11.2897 0.481662,
	11.2917 0.484549,
	11.3009 0.496099,
	11.3107 0.507649,
	11.3211 0.519199,
	11.3327 0.530748,
	11.3379 0.536523,
	11.3475 0.548073,
	11.3585 0.559623,
	11.3643 0.564856,
	11.3671 0.567383,
	11.3787 0.576045,
	11.3845 0.579655,
	11.396 0.585249,
	11.4076 0.589941,
	11.4105 0.591024,
	11.4133 0.592648,
	11.4249 0.602032,
	11.4321 0.613582,
	11.4343 0.61647,
	11.4374 0.622244,
	11.4381 0.623688,
	11.4402 0.626576,
	11.4431 0.629102,
	11.4478 0.634877,
	11.4594 0.6439,
	11.4651 0.648231,
	11.4709 0.652021,
	11.4767 0.65527,
	11.4825 0.659781,
	11.4854 0.662127,
	11.4861 0.662488,
	11.4976 0.673497,
	11.5029 0.679271,
	11.5057 0.682159,
	11.5081 0.685046,
	11.5121 0.690821,
	11.514 0.693709,
	11.5151 0.695152,
	11.5281 0.718252,
	11.5297 0.721139,
	11.5373 0.732689,
	11.5409 0.738464,
	11.5438 0.744239,
	11.5518 0.755789,
	11.5561 0.761564,
	11.5597 0.767339,
	11.5639 0.773113,
	11.5658 0.776001,
	11.5667 0.777445,
	11.5873 0.800544,
	11.5922 0.806319,
	11.5933 0.807763,
	11.616 0.830862,
	11.6214 0.836637,
	11.6265 0.842412,
	11.6279 0.843856,
	11.6359 0.855406,
	11.6391 0.86118,
	11.64 0.862624,
	11.6407 0.865512,
	11.6409 0.866955,
	11.6406 0.87273,
	11.6406 0.875618,
	11.6402 0.877061,
	11.6413 0.882836,
	11.6416 0.894386,
	11.6411 0.900161,
	11.6407 0.903048,
	11.6406 0.904492,
	11.6398 0.905936,
	11.6397 0.906658,
	11.6346 0.912252,
	11.6339 0.912433,
	11.6332 0.912974,
	11.6216 0.91514,
	11.6187 0.915681,
	11.6158 0.915681,
	11.6101 0.919651,
	11.6086 0.920914,
	11.6077 0.922358,
	11.6072 0.923802,
	11.6064 0.929577,
	11.6063 0.932464,
	11.6057 0.935352,
	11.6045 0.938239,
	11.6028 0.941127,
	11.5972 0.945999,
	11.5944 0.948526,
	11.5936 0.949248,
	11.5907 0.950691,
	11.5893 0.951052,
	11.5886 0.951594,
	11.5882 0.951955,
	11.5853 0.952676,
	11.5839 0.952676,
	11.5832 0.953218,
	11.5716 0.95412,
	11.5687 0.954481,
	11.563 0.955925,
	11.5601 0.956466,
	11.5586 0.956827,
	11.5557 0.958632,
	11.5528 0.961158,
	11.548 0.966933,
	11.5473 0.967655,
	11.5415 0.970723,
	11.5299 0.974152,
	11.5242 0.975595,
	11.5213 0.976137,
	11.5155 0.976317,
	11.5126 0.976137,
	11.5097 0.975595,
	11.4982 0.971986,
	11.4953 0.970723,
	11.4938 0.970182,
	11.4881 0.970182,
	11.4823 0.971264,
	11.4816 0.971445,
	11.4787 0.97343,
	11.4729 0.977942,
	11.4671 0.98137,
	11.4614 0.983897,
	11.4599 0.984438,
	11.4541 0.985521,
	11.4484 0.985882,
	11.4368 0.98516,
	11.4339 0.984799,
	11.4224 0.981731,
	11.4195 0.981009,
	11.4079 0.976317,
	11.4022 0.973791,
	11.3993 0.972528,
	11.3935 0.970542,
	11.3877 0.969821,
	11.3646 0.971084,
	11.3632 0.971264,
	11.3516 0.970182,
	11.3502 0.970182,
	11.3386 0.968377,
	11.3372 0.967835,
	11.3314 0.96964,
	11.3285 0.970182,
	11.3228 0.969279,
	11.3199 0.968377,
	11.3141 0.96585,
	11.3112 0.964768,
	11.3083 0.963143,
	11.3025 0.958812,
	11.2997 0.956827,
	11.2939 0.952135,
	11.2823 0.944916,
	11.2794 0.943473,
	11.2766 0.941127,
	11.2751 0.940224,
	11.2744 0.939683,
	11.2737 0.939683,
	11.2621 0.93066,
	11.2592 0.929035,
	11.2578 0.928133,
	11.2565 0.92687,
	11.245 0.91929,
	11.2421 0.917486,
	11.2414 0.916944,
	11.241 0.916583,
	11.2396 0.916583,
	11.2338 0.914418,
	11.228 0.91153,
	11.2266 0.910447,
	11.2251 0.909906,
	11.2237 0.909004,
	11.223 0.908462,
	11.2222 0.908282,
	11.2215 0.907741,
	11.2201 0.907199,
	11.2193 0.906658,
	11.2165 0.905575,
	11.215 0.905034,
	11.2136 0.904131,
	11.202 0.898898,
	11.1962 0.896371,
	11.1847 0.892401,
	11.1818 0.891499,
	11.1804 0.890957,
	11.1796 0.890957,
	11.1739 0.888972,
	11.1731 0.888972,
	11.1724 0.888611,
	11.1717 0.888611,
	11.1688 0.887709,
	11.1573 0.885182,
	11.1558 0.885002,
	11.1544 0.88446,
	11.1486 0.883919,
	11.1428 0.883017,
	11.1414 0.883017,
	11.1385 0.882475,
	11.1327 0.882295,
	11.132 0.882295,
	11.1306 0.881754,
	11.1248 0.881032,
	11.119 0.879949,
	11.1176 0.879949,
	11.1118 0.877964,
	11.106 0.877061,
	11.1002 0.87652,
	11.0974 0.876159,
	11.0743 0.870384,
	11.0627 0.867858,
	11.0569 0.867316,
	11.0555 0.867316,
	11.0439 0.870926,
	11.0324 0.873091,
	11.0093 0.873633,
	11.0035 0.873633,
	11.0006 0.873633,
	10.9891 0.871647,
	10.9833 0.870384,
	10.9717 0.866955,
	10.966 0.865151,
	10.9645 0.86479,
	10.9631 0.863887,
	10.9624 0.863346,
	10.9609 0.862985,
	10.958 0.861361,
	10.9573 0.860639,
	10.9559 0.860098,
	10.9501 0.855767,
	10.9472 0.85342,
	10.9465 0.852699,
	10.9436 0.851074,
	10.9378 0.846021,
	10.9371 0.8453,
	10.9256 0.838622,
	10.914 0.832306,
	10.9082 0.82996,
	10.8967 0.82599,
	10.8938 0.824907,
	10.8822 0.818952,
	10.8765 0.814801,
	10.8736 0.813177,
	10.8678 0.808304,
	10.862 0.804334,
	10.8505 0.795311,
	10.8447 0.790619,
	10.8418 0.788092,
	10.8362 0.782317,
	10.8335 0.77943,
	10.8288 0.773655,
	10.823 0.76788,
	10.8185 0.762105,
	10.8164 0.759218,
	10.8108 0.753443,
	10.7925 0.730343,
	10.7833 0.718793,
	10.7812 0.715906,
	10.7779 0.710131,
	10.7772 0.70959,
	10.7768 0.708868,
	10.7745 0.697318,
	10.7745 0.685768,
	10.774 0.679993,
	10.7711 0.674218,
	10.7696 0.671331,
	10.7655 0.665556,
	10.7622 0.659781,
	10.7545 0.648231,
	10.7521 0.645344,
	10.7312 0.622244,
	10.7263 0.61647,
	10.7234 0.610695,
	10.7225 0.607807,
	10.7222 0.602032,
	10.722 0.599145,
	10.7177 0.587595,
	10.7157 0.58182,
	10.7101 0.57027,
	10.7088 0.567383,
	10.7083 0.564495,
	10.7077 0.552946,
	10.7077 0.550058,
	"/>
</Transform>

<Transform dim="1"
 xcoef=" 0.130320148581491 1 0 0 0 0"
 ycoef=" -0.93752621720671 0 1 0 0 0">
<Contour name="d046_p04" hidden="false" closed="true" simplified="true" border="1 1 0" fill="1 1 0" mode="11"
 points="9.54121 1.29623,
	9.54268 1.29038,
	9.54268 1.28453,
	9.54779 1.26115,
	9.55144 1.24946,
	9.55364 1.24362,
	9.5551 1.24216,
	9.5624 1.21877,
	9.56606 1.20708,
	9.56752 1.20124,
	9.56898 1.19831,
	9.56898 1.19539,
	9.57702 1.17201,
	9.58067 1.16032,
	9.58213 1.1574,
	9.58213 1.15594,
	9.58359 1.15447,
	9.58506 1.14863,
	9.58652 1.14717,
	9.58725 1.14424,
	9.5909 1.1384,
	9.59163 1.13548,
	9.6004 1.12379,
	9.61574 1.10186,
	9.6267 1.09017,
	9.64789 1.07264,
	9.65958 1.06314,
	9.67858 1.04414,
	9.6837 1.0383,
	9.69173 1.0288,
	9.71073 1.00907,
	9.72169 0.998839,
	9.72608 0.992994,
	9.73411 0.983495,
	9.74069 0.972535,
	9.7458 0.961574,
	9.74946 0.949883,
	9.75457 0.938193,
	9.76115 0.926502,
	9.76992 0.914811,
	9.77503 0.911157,
	9.78672 0.907504,
	9.8101 0.904581,
	9.83349 0.90312,
	9.84518 0.901659,
	9.85687 0.901659,
	9.88025 0.899467,
	9.92701 0.898005,
	9.95039 0.898005,
	9.96209 0.898005,
	9.97378 0.900197,
	9.97962 0.901659,
	9.98254 0.901659,
	9.99424 0.905312,
	10.0001 0.906773,
	10.003 0.906773,
	10.0088 0.908965,
	10.0147 0.909696,
	10.0264 0.91335,
	10.0381 0.918464,
	10.041 0.920656,
	10.0425 0.922118,
	10.0439 0.922118,
	10.049 0.926502,
	10.052 0.927232,
	10.0571 0.931617,
	10.0585 0.931617,
	10.0644 0.936001,
	10.0746 0.941846,
	10.0775 0.943307,
	10.079 0.943307,
	10.0805 0.944769,
	10.0921 0.946961,
	10.1038 0.947691,
	10.1272 0.942577,
	10.1301 0.941115,
	10.136 0.940385,
	10.1389 0.938923,
	10.1623 0.93527,
	10.2091 0.934539,
	10.2207 0.93527,
	10.2324 0.937462,
	10.2354 0.938193,
	10.2368 0.938193,
	10.2383 0.939654,
	10.2412 0.940385,
	10.2471 0.945499,
	10.2514 0.949883,
	10.2595 0.960844,
	10.2609 0.963766,
	10.2609 0.965228,
	10.2624 0.966689,
	10.266 0.97838,
	10.2668 0.990071,
	10.2682 0.995916,
	10.269 1.0193,
	10.269 1.02514,
	10.269 1.02807,
	10.2646 1.03976,
	10.2631 1.0456,
	10.2617 1.04706,
	10.2595 1.05291,
	10.2492 1.0646,
	10.2339 1.08652,
	10.2332 1.09821,
	10.2332 1.10113,
	10.2332 1.1026,
	10.2354 1.10552,
	10.2376 1.11136,
	10.2529 1.13475,
	10.2536 1.13767,
	10.2551 1.1384,
	10.2573 1.15009,
	10.2573 1.15594,
	10.2558 1.16178,
	10.2544 1.16324,
	10.2529 1.16909,
	10.2514 1.17201,
	10.2507 1.17786,
	10.2558 1.18955,
	10.2587 1.19539,
	10.2617 1.20708,
	10.2624 1.21877,
	10.2609 1.22462,
	10.2565 1.23046,
	10.2463 1.2385,
	10.2405 1.24069,
	10.2288 1.24216,
	10.2171 1.24216,
	10.2112 1.24216,
	10.1996 1.23923,
	10.1879 1.23412,
	10.182 1.23046,
	10.1711 1.22023,
	10.1659 1.21585,
	10.1638 1.21293,
	10.1528 1.20562,
	10.1426 1.19978,
	10.1309 1.19247,
	10.1294 1.19247,
	10.1265 1.19028,
	10.1031 1.18005,
	10.0563 1.16763,
	10.0447 1.16616,
	10.0388 1.16543,
	10.0359 1.16397,
	10.0125 1.16397,
	10.0008 1.16397,
	9.97743 1.16763,
	9.96574 1.16836,
	9.94236 1.17347,
	9.93067 1.17639,
	9.92774 1.17639,
	9.92482 1.17786,
	9.90144 1.18297,
	9.89559 1.18443,
	9.89267 1.18589,
	9.88683 1.18662,
	9.87513 1.19028,
	9.86929 1.19174,
	9.86637 1.19174,
	9.84299 1.19978,
	9.83129 1.20489,
	9.80937 1.22023,
	9.79768 1.229,
	9.79184 1.23339,
	9.79038 1.23339,
	9.78088 1.24069,
	9.73923 1.28746,
	9.71877 1.31084,
	9.71439 1.31668,
	9.71219 1.32838,
	9.71219 1.35176,
	9.71219 1.35322,
	9.71073 1.35468,
	9.71 1.3576,
	9.70562 1.36272,
	9.69977 1.3671,
	9.69466 1.37002,
	9.6932 1.37002,
	9.69027 1.37222,
	9.67858 1.37587,
	9.67566 1.37733,
	9.67274 1.37733,
	9.66689 1.37952,
	9.6552 1.38098,
	9.64351 1.38098,
	9.63182 1.37952,
	9.62597 1.37879,
	9.61428 1.37952,
	9.5909 1.38464,
	9.58506 1.38464,
	9.58213 1.38464,
	9.57044 1.37733,
	9.56167 1.36637,
	9.5551 1.35468,
	9.55144 1.34883,
	9.54414 1.32545,
	9.54195 1.31376,
	9.54121 1.30207,
	9.54121 1.29696,
	"/>
</Transform>

<Transform dim="1"
 xcoef=" 0.130320148581491 1 0 0 0 0"
 ycoef=" -0.93752621720671 0 1 0 0 0">
<Contour name="d046_p05" hidden="false" closed="true" simplified="true" border="1 1 0" fill="1 1 0" mode="11"
 points="12.061 1.26976,
	12.0613 1.2686,
	12.0613 1.26802,
	12.0618 1.26744,
	12.0633 1.26279,
	12.0662 1.25815,
	12.0662 1.25757,
	12.0685 1.25525,
	12.07 1.25351,
	12.0749 1.24916,
	12.0755 1.24916,
	12.0778 1.24713,
	12.0958 1.23581,
	12.1004 1.23291,
	12.1016 1.23262,
	12.1106 1.22536,
	12.1152 1.22217,
	12.1164 1.2213,
	12.117 1.2213,
	12.1181 1.22043,
	12.1187 1.22043,
	12.1193 1.21985,
	12.1379 1.21376,
	12.1564 1.20998,
	12.1611 1.20911,
	12.1634 1.20911,
	12.1646 1.20853,
	12.1831 1.20882,
	12.1878 1.20882,
	12.1924 1.20969,
	12.1947 1.20969,
	12.1971 1.21027,
	12.1982 1.21027,
	12.1994 1.21086,
	12.2087 1.21173,
	12.2133 1.2126,
	12.2156 1.21318,
	12.2179 1.21434,
	12.2185 1.21434,
	12.2191 1.21492,
	12.2203 1.21521,
	12.2243 1.21898,
	12.2275 1.22333,
	12.229 1.22565,
	12.2298 1.22681,
	12.2301 1.22797,
	12.231 1.22914,
	12.2322 1.23378,
	12.2322 1.23842,
	12.2322 1.24074,
	12.2301 1.24538,
	12.2301 1.24597,
	12.2275 1.25061,
	12.2266 1.25148,
	12.2266 1.25206,
	12.2226 1.25641,
	12.2136 1.26308,
	12.2124 1.26367,
	12.2081 1.26744,
	12.1994 1.27353,
	12.1947 1.27643,
	12.1924 1.27759,
	12.1912 1.27846,
	12.1907 1.27846,
	12.1898 1.27933,
	12.1886 1.27962,
	12.1866 1.28107,
	12.1843 1.28195,
	12.1831 1.28253,
	12.1825 1.28311,
	12.1802 1.28398,
	12.1779 1.28543,
	12.1686 1.28949,
	12.164 1.2921,
	12.1593 1.29529,
	12.1573 1.29703,
	12.1561 1.29819,
	12.1529 1.30284,
	12.1492 1.30748,
	12.1451 1.31096,
	12.1408 1.31386,
	12.1364 1.31764,
	12.1318 1.32083,
	12.1294 1.32199,
	12.1283 1.32257,
	12.1236 1.32344,
	12.119 1.32373,
	12.1178 1.32373,
	12.1173 1.32344,
	12.1161 1.32402,
	12.1068 1.32431,
	12.1045 1.32431,
	12.1033 1.32431,
	12.1022 1.32373,
	12.0998 1.32344,
	12.0906 1.32054,
	12.0882 1.31938,
	12.0871 1.31909,
	12.0859 1.31822,
	12.0853 1.31822,
	12.083 1.31648,
	12.0819 1.3156,
	12.0813 1.3156,
	12.0807 1.31502,
	12.0801 1.31502,
	12.0717 1.30719,
	12.0685 1.30313,
	12.0662 1.29878,
	12.0653 1.29761,
	12.0653 1.29703,
	12.0644 1.29587,
	12.0642 1.29471,
	12.0636 1.29413,
	12.063 1.29181,
	12.0624 1.29123,
	12.0613 1.28659,
	12.061 1.2773,
	12.061 1.27266,
	12.061 1.27034,
	12.061 1.27005,
	"/>
</Transform>

<Transform dim="1"
 xcoef=" 0.130320148581491 1 0 0 0 0"
 ycoef=" -0.93752621720671 0 1 0 0 0">
<Contour name="d046_p06" hidden="false" closed="true" simplified="true" border="1 1 0" fill="1 1 0" mode="11"
 points="12.2122 -0.316371,
	12.2127 -0.332595,
	12.2127 -0.336651,
	12.2148 -0.344763,
	12.2158 -0.348819,
	12.2168 -0.350847,
	12.2173 -0.354903,
	12.2198 -0.363015,
	12.2208 -0.367071,
	12.2219 -0.368085,
	12.2219 -0.370113,
	12.2229 -0.372141,
	12.2244 -0.380253,
	12.2244 -0.381267,
	12.2254 -0.382281,
	12.2259 -0.386338,
	12.2274 -0.390394,
	12.2279 -0.392422,
	12.2279 -0.393436,
	12.229 -0.39445,
	12.23 -0.398506,
	12.231 -0.39952,
	12.2335 -0.407632,
	12.235 -0.411181,
	12.236 -0.412195,
	12.2396 -0.4198,
	12.2416 -0.423856,
	12.2431 -0.425884,
	12.2437 -0.427912,
	12.2462 -0.431968,
	12.2477 -0.433996,
	12.2477 -0.43501,
	12.2513 -0.439066,
	12.2548 -0.442108,
	12.2568 -0.443122,
	12.2589 -0.44515,
	12.2629 -0.446671,
	12.267 -0.449206,
	12.2751 -0.452248,
	12.2786 -0.453769,
	12.2797 -0.454783,
	12.2878 -0.457318,
	12.2918 -0.458839,
	12.308 -0.459853,
	12.3162 -0.46036,
	12.3243 -0.461881,
	12.3405 -0.466951,
	12.3445 -0.467965,
	12.377 -0.467965,
	12.379 -0.467965,
	12.3831 -0.469486,
	12.3871 -0.469993,
	12.4034 -0.475063,
	12.4044 -0.475063,
	12.4054 -0.476077,
	12.4074 -0.476077,
	12.4094 -0.477091,
	12.4115 -0.477091,
	12.4135 -0.478105,
	12.4176 -0.478612,
	12.4257 -0.481147,
	12.4277 -0.482161,
	12.4318 -0.482668,
	12.4399 -0.48571,
	12.448 -0.487738,
	12.4561 -0.49078,
	12.4642 -0.492808,
	12.4804 -0.494837,
	12.4967 -0.495344,
	12.5048 -0.494837,
	12.5068 -0.494837,
	12.5149 -0.491794,
	12.519 -0.489259,
	12.522 -0.486217,
	12.5271 -0.478105,
	12.5291 -0.474556,
	12.5306 -0.472528,
	12.5403 -0.44008,
	12.5403 -0.438052,
	12.5413 -0.436024,
	12.5428 -0.403576,
	12.5423 -0.395464,
	12.5403 -0.387352,
	12.5387 -0.383295,
	12.5382 -0.381267,
	12.5382 -0.380253,
	12.5372 -0.379239,
	12.5372 -0.377211,
	12.5342 -0.369099,
	12.5326 -0.365043,
	12.5326 -0.364029,
	12.5316 -0.363522,
	12.5291 -0.35541,
	12.5291 -0.354396,
	12.5281 -0.353382,
	12.5261 -0.34527,
	12.5245 -0.341214,
	12.522 -0.32499,
	12.5205 -0.308766,
	12.5205 -0.300654,
	12.5195 -0.292542,
	12.5174 -0.28443,
	12.5169 -0.282402,
	12.5159 -0.281388,
	12.5149 -0.277332,
	12.5149 -0.276318,
	12.5119 -0.272261,
	12.5037 -0.26567,
	12.5017 -0.264656,
	12.5007 -0.263642,
	12.4997 -0.263642,
	12.4956 -0.2606,
	12.4875 -0.256037,
	12.4835 -0.254516,
	12.4794 -0.251981,
	12.4713 -0.248939,
	12.4632 -0.248432,
	12.4307 -0.251981,
	12.4226 -0.252488,
	12.4186 -0.252488,
	12.4145 -0.253502,
	12.3821 -0.252995,
	12.3658 -0.252488,
	12.3496 -0.256037,
	12.3334 -0.262121,
	12.3253 -0.265163,
	12.3233 -0.265163,
	12.3192 -0.267191,
	12.3182 -0.267191,
	12.3177 -0.268205,
	12.3167 -0.268205,
	12.3086 -0.273782,
	12.3025 -0.280374,
	12.2944 -0.281895,
	12.2781 -0.281895,
	12.2619 -0.279867,
	12.2538 -0.278853,
	12.2376 -0.278853,
	12.2335 -0.278853,
	12.2315 -0.278853,
	12.2234 -0.282402,
	12.2158 -0.286965,
	12.2142 -0.288993,
	12.2122 -0.305217,
	12.2122 -0.313329,
	12.2122 -0.315357,
	12.2122 -0.315864,
	"/>
</Transform>

<Transform dim="1"
 xcoef=" 0.130320148581491 1 0 0 0 0"
 ycoef=" -0.93752621720671 0 1 0 0 0">
<Contour name="d046_p07" hidden="false" closed="true" simplified="true" border="1 1 0" fill="1 1 0" mode="11"
 points="12.1546 1.13672,
	12.1559 1.13171,
	12.1565 1.1292,
	12.1571 1.12794,
	12.1571 1.12732,
	12.1603 1.1223,
	12.1615 1.1201,
	12.1622 1.11948,
	12.1625 1.11822,
	12.1656 1.11352,
	12.1659 1.11227,
	12.1719 1.10286,
	12.1719 1.10223,
	12.1738 1.09972,
	12.176 1.0947,
	12.1766 1.09408,
	12.1788 1.08906,
	12.18 1.08687,
	12.1835 1.08216,
	12.1857 1.07997,
	12.1863 1.07903,
	12.1888 1.07652,
	12.1907 1.07432,
	12.1932 1.07213,
	12.1982 1.06868,
	12.1995 1.06774,
	12.2001 1.06774,
	12.2048 1.0646,
	12.2073 1.06335,
	12.2086 1.06303,
	12.2092 1.06241,
	12.2117 1.06178,
	12.2123 1.06115,
	12.2148 1.06052,
	12.2155 1.0599,
	12.2255 1.05676,
	12.2305 1.05519,
	12.2312 1.05457,
	12.2412 1.05174,
	12.2462 1.05143,
	12.2512 1.05206,
	12.2525 1.05268,
	12.255 1.053,
	12.2641 1.05927,
	12.2735 1.0668,
	12.2754 1.06868,
	12.2791 1.07338,
	12.2807 1.07526,
	12.2841 1.07997,
	12.2901 1.08937,
	12.2907 1.09,
	12.2907 1.09063,
	12.2923 1.09314,
	12.2932 1.09565,
	12.2942 1.09659,
	12.2951 1.09909,
	12.2979 1.10411,
	12.2998 1.10662,
	12.3055 1.11634,
	12.3099 1.12638,
	12.3111 1.12888,
	12.3111 1.13014,
	12.3117 1.13139,
	12.3127 1.15146,
	12.3124 1.15648,
	12.3124 1.15899,
	12.3114 1.16401,
	12.3111 1.16526,
	12.3111 1.16589,
	12.3105 1.16651,
	12.3105 1.16777,
	12.3083 1.17279,
	12.3067 1.17529,
	12.3058 1.17655,
	12.3055 1.1778,
	12.3017 1.18282,
	12.2998 1.18502,
	12.2998 1.18564,
	12.2951 1.18972,
	12.2901 1.19223,
	12.2876 1.19317,
	12.287 1.19317,
	12.2863 1.1938,
	12.2838 1.19411,
	12.2738 1.19693,
	12.2638 1.19913,
	12.2613 1.19975,
	12.2587 1.19975,
	12.2562 1.20038,
	12.2362 1.20101,
	12.2161 1.20101,
	12.2111 1.20038,
	12.2086 1.19975,
	12.2079 1.20007,
	12.2032 1.19787,
	12.202 1.19756,
	12.1973 1.19442,
	12.1948 1.19285,
	12.1941 1.19285,
	12.1935 1.19223,
	12.1923 1.19191,
	12.1916 1.19129,
	12.1891 1.19035,
	12.1794 1.18345,
	12.175 1.17968,
	12.1725 1.17749,
	12.17 1.17592,
	12.1691 1.17529,
	12.1678 1.17404,
	12.1669 1.17341,
	12.1628 1.16871,
	12.1615 1.16651,
	12.1597 1.16401,
	12.1575 1.15899,
	12.1553 1.14895,
	12.1546 1.14394,
	12.1546 1.13892,
	12.1546 1.13766,
	12.1546 1.13704,
	"/>
</Transform>

<Transform dim="1"
 xcoef=" 0.0892921270897962 1 0 0 0 0"
 ycoef=" -0.26056386259373 0 1 0 0 0">
<Contour name="d046_p37" hidden="false" closed="true" simplified="true" border="1 1 0" fill="1 1 0" mode="11"
 points="12.2301 1.24209,
	12.2333 1.23778,
	12.2506 1.23023,
	12.2678 1.227,
	12.2721 1.22592,
	12.2743 1.22592,
	12.2764 1.22376,
	12.3109 1.22161,
	12.3282 1.22268,
	12.3455 1.23023,
	12.3541 1.23562,
	12.3584 1.23778,
	12.3713 1.25503,
	12.3724 1.27228,
	12.3724 1.28091,
	12.3703 1.28522,
	12.3681 1.30247,
	12.3649 1.30679,
	12.3573 1.34129,
	12.3498 1.35854,
	12.3444 1.36716,
	12.3401 1.3704,
	12.3314 1.37256,
	12.3142 1.37256,
	12.3056 1.37256,
	12.2969 1.36609,
	12.2926 1.36177,
	12.2883 1.35315,
	12.2862 1.35099,
	12.2829 1.34237,
	12.2775 1.33374,
	12.2743 1.32511,
	12.2743 1.31649,
	12.2732 1.31433,
	12.2743 1.31218,
	12.2689 1.30355,
	12.2516 1.29277,
	12.2473 1.28953,
	12.2376 1.27228,
	12.2333 1.26366,
	12.2301 1.24641,
	12.2301 1.24317,
	"/>
</Transform>

<Transform dim="1"
 xcoef=" 0.330320148581492 1 0 0 0 0"
 ycoef=" 0.14247378279329 0 1 0 0 0">
<Image mag="0.00201646" contrast="1.27628" brightness="-0.6" red="true" green="true" blue="true"
 src="017____z16.0.tif" />
<Contour name="domain1" hidden="false" closed="true" simplified="false" border="1 0 1" fill="1 0 1" mode="11"
 points="0 0,
	9551 0,
	9551 5063,
	0 5063,
	"/>
</Transform>

<Transform dim="1"
 xcoef=" 0.0892921270897962 1 0 0 0 0"
 ycoef=" -0.26056386259373 0 1 0 0 0">
<Contour name="d046_cfa04" hidden="false" closed="false" simplified="false" border="0 1 0" fill="0 1 0" mode="11"
 points="10.1195 1.84301,
	10.1008 1.83247,
	10.0481 1.81022,
	9.99421 1.80437,
	9.84082 1.82895,
	9.73661 1.8875,
	"/>
</Transform>

<Transform dim="1"
 xcoef=" 0.0892921270897962 1 0 0 0 0"
 ycoef=" -0.26056386259373 0 1 0 0 0">
<Contour name="d046_c04" hidden="false" closed="true" simplified="true" border="1 0 0" fill="1 0 0" mode="11"
 points="9.73134 1.87812,
	9.73602 1.84065,
	9.73602 1.83597,
	9.74422 1.82894,
	9.78169 1.80787,
	9.80042 1.79616,
	9.81916 1.78796,
	9.89409 1.7704,
	9.93156 1.76103,
	10.0065 1.75986,
	10.0252 1.75986,
	10.0299 1.75986,
	10.1049 1.78445,
	10.1142 1.78796,
	10.1224 1.8067,
	10.1236 1.84417,
	10.1224 1.85353,
	10.1049 1.891,
	10.085 1.92847,
	10.0803 1.93784,
	10.0768 1.94135,
	10.0018 1.96243,
	9.96435 1.97296,
	9.94561 1.97765,
	9.87068 1.98467,
	9.83321 1.97765,
	9.81447 1.97296,
	9.80511 1.97062,
	9.78637 1.95423,
	9.7852 1.95657,
	9.7571 1.9191,
	9.74305 1.90037,
	9.73602 1.891,
	9.73251 1.88632,
	9.73134 1.88163,
	9.73134 1.87929,
	"/>
</Transform>

<Transform dim="1"
 xcoef=" 0.0892921270897962 1 0 0 0 0"
 ycoef=" -0.26056386259373 0 1 0 0 0">
<Contour name="D046 ax01??" hidden="false" closed="true" simplified="false" border="1 1 0" fill="1 1 0" mode="11"
 points="8.70304 6.5188,
	8.67997 6.5188,
	8.67997 6.53034,
	8.6915 6.54188,
	8.72611 6.55341,
	8.70304 6.56495,
	8.6915 6.58803,
	8.66843 6.56495,
	8.65689 6.54188,
	8.65689 6.5188,
	8.63382 6.5188,
	8.66843 6.49573,
	"/>
</Transform>

<Transform dim="1"
 xcoef=" 0.0892921270897962 1 0 0 0 0"
 ycoef=" -0.26056386259373 0 1 0 0 0">
<Contour name="D037" hidden="false" closed="true" simplified="true" border="0 0 1" fill="0 0 1" mode="11"
 points="15.6965 1.25778,
	15.6978 1.24198,
	15.7016 1.22646,
	15.7078 1.21152,
	15.7164 1.19742,
	15.7272 1.18442,
	15.74 1.17276,
	15.7546 1.16264,
	15.7706 1.15426,
	15.7879 1.14777,
	15.806 1.14329,
	15.8247 1.14089,
	15.8436 1.14062,
	15.8624 1.14249,
	15.8807 1.14646,
	15.8982 1.15246,
	15.9145 1.16038,
	15.9295 1.17007,
	15.9427 1.18137,
	15.9541 1.19406,
	15.9632 1.2079,
	15.9701 1.22266,
	15.9745 1.23806,
	15.9764 1.25382,
	15.9758 1.26965,
	15.9726 1.28526,
	15.967 1.30038,
	15.9589 1.31471,
	15.9487 1.32801,
	15.9363 1.34003,
	15.9222 1.35055,
	15.9065 1.35937,
	15.8895 1.36635,
	15.8716 1.37135,
	15.853 1.37427,
	15.8341 1.37507,
	15.8153 1.37374,
	15.7969 1.37029,
	15.7791 1.36479,
	15.7624 1.35734,
	15.7471 1.34807,
	15.7334 1.33716,
	15.7216 1.3248,
	15.7119 1.31121,
	15.7044 1.29666,
	15.6994 1.28139,
	"/>
</Transform>

<Transform dim="1"
 xcoef=" 0.0892921270897962 1 0 0 0 0"
 ycoef=" -0.26056386259373 0 1 0 0 0">
<Contour name="D020" hidden="false" closed="true" simplified="true" border="0 0 1" fill="0 0 1" mode="11"
 points="10.5147 6.77409,
	10.5158 6.76028,
	10.519 6.74677,
	10.5244 6.73386,
	10.5317 6.72183,
	10.5409 6.71094,
	10.5516 6.70142,
	10.5638 6.69349,
	10.5771 6.68732,
	10.5912 6.68305,
	10.6058 6.68075,
	10.6206 6.6805,
	10.6353 6.68228,
	10.6496 6.68607,
	10.6631 6.69178,
	10.6755 6.69929,
	10.6866 6.70842,
	10.6962 6.71899,
	10.704 6.73076,
	10.7099 6.74348,
	10.7137 6.75686,
	10.7153 6.77062,
	10.7148 6.78446,
	10.712 6.79807,
	10.7072 6.81115,
	10.7004 6.82343,
	10.6916 6.83463,
	10.6813 6.84451,
	10.6694 6.85285,
	10.6564 6.85948,
	10.6425 6.86424,
	10.628 6.86703,
	10.6132 6.8678,
	10.5984 6.86652,
	10.584 6.86323,
	10.5703 6.85799,
	10.5576 6.85092,
	10.5461 6.84218,
	10.5361 6.83194,
	10.5278 6.82045,
	10.5215 6.80794,
	10.5171 6.7947,
	"/>
</Transform>

<Transform dim="1"
 xcoef=" 0.0892921270897962 1 0 0 0 0"
 ycoef=" -0.26056386259373 0 1 0 0 0">
<Contour name="D060_large" hidden="false" closed="true" simplified="true" border="0 0 1" fill="0 0 1" mode="11"
 points="2.79496 4.50709,
	2.79873 4.48825,
	2.80982 4.47046,
	2.82762 4.45473,
	2.85113 4.44192,
	2.87903 4.43276,
	2.90976 4.42776,
	2.9416 4.4272,
	2.97278 4.43111,
	3.00154 4.43927,
	3.02628 4.45122,
	3.04561 4.4663,
	3.05846 4.48366,
	3.06409 4.50234,
	3.0622 4.52128,
	3.0529 4.53942,
	3.0367 4.55576,
	3.01451 4.56937,
	2.98757 4.5795,
	2.95739 4.58557,
	2.92565 4.58726,
	2.89414 4.58446,
	2.86462 4.57733,
	2.83874 4.56627,
	2.81794 4.55189,
	2.80339 4.53502,
	"/>
</Transform>

<Transform dim="1"
 xcoef=" 0.0892921270897962 1 0 0 0 0"
 ycoef=" -0.26056386259373 0 1 0 0 0">
<Contour name="D022" hidden="false" closed="true" simplified="true" border="0 0 1" fill="0 0 1" mode="11"
 points="14.2991 6.6877,
	14.2997 6.67829,
	14.3013 6.66897,
	14.304 6.65984,
	14.3078 6.65098,
	14.3126 6.64249,
	14.3183 6.63445,
	14.3249 6.62694,
	14.3324 6.62003,
	14.3406 6.6138,
	14.3496 6.6083,
	14.3591 6.60359,
	14.3691 6.59971,
	14.3795 6.59671,
	14.3903 6.59461,
	14.4012 6.59344,
	14.4122 6.59321,
	14.4231 6.59391,
	14.4339 6.59555,
	14.4445 6.5981,
	14.4548 6.60154,
	14.4645 6.60584,
	14.4738 6.61095,
	14.4824 6.61683,
	14.4902 6.62341,
	14.4973 6.63063,
	14.5035 6.63841,
	14.5088 6.64669,
	14.513 6.65537,
	14.5163 6.66438,
	14.5184 6.67361,
	14.5195 6.68299,
	14.5195 6.69241,
	14.5184 6.70179,
	14.5163 6.71103,
	14.513 6.72003,
	14.5088 6.72871,
	14.5035 6.73699,
	14.4973 6.74478,
	14.4902 6.752,
	14.4824 6.75858,
	14.4738 6.76445,
	14.4645 6.76956,
	14.4548 6.77386,
	14.4445 6.77731,
	14.4339 6.77986,
	14.4231 6.78149,
	14.4122 6.7822,
	14.4012 6.78196,
	14.3903 6.78079,
	14.3795 6.77869,
	14.3691 6.77569,
	14.3591 6.77182,
	14.3496 6.76711,
	14.3406 6.7616,
	14.3324 6.75537,
	14.3249 6.74846,
	14.3183 6.74095,
	14.3126 6.73291,
	14.3078 6.72442,
	14.304 6.71556,
	14.3013 6.70643,
	14.2997 6.69711,
	"/>
</Transform>

<Transform dim="1"
 xcoef=" 0.0892921270897962 1 0 0 0 0"
 ycoef=" -0.26056386259373 0 1 0 0 0">
<Contour name="D033" hidden="false" closed="true" simplified="true" border="0 0 1" fill="0 0 1" mode="11"
 points="11.0461 3.15216,
	11.0465 3.14543,
	11.0478 3.13883,
	11.05 3.1325,
	11.053 3.12656,
	11.0567 3.12113,
	11.0611 3.11632,
	11.066 3.11222,
	11.0715 3.10891,
	11.0773 3.10647,
	11.0834 3.10494,
	11.0896 3.10434,
	11.0959 3.1047,
	11.102 3.106,
	11.1079 3.10822,
	11.1135 3.11131,
	11.1186 3.11522,
	11.1231 3.11987,
	11.127 3.12515,
	11.1302 3.13097,
	11.1325 3.13722,
	11.1341 3.14376,
	11.1347 3.15047,
	11.1345 3.15721,
	11.1334 3.16386,
	11.1314 3.17027,
	11.1287 3.17632,
	11.1251 3.18188,
	11.1209 3.18686,
	11.1161 3.19115,
	11.1107 3.19466,
	11.105 3.19732,
	11.099 3.19909,
	11.0928 3.19992,
	11.0865 3.1998,
	11.0803 3.19873,
	11.0744 3.19674,
	11.0687 3.19386,
	11.0635 3.19015,
	11.0588 3.18568,
	11.0547 3.18054,
	11.0514 3.17484,
	11.0488 3.16869,
	11.0471 3.16221,
	"/>
</Transform>

<Transform dim="1"
 xcoef=" -0.0604908135342918 1 0 0 0 0"
 ycoef=" -0.0277930764887287 0 1 0 0 0">
<Contour name="d020" hidden="false" closed="true" simplified="true" border="1 1 0" fill="1 1 0" mode="11"
 points="10.2385 6.90759,
	10.2409 6.90062,
	10.242 6.89366,
	10.2422 6.89192,
	10.245 6.88495,
	10.2463 6.88147,
	10.2481 6.8745,
	10.249 6.87102,
	10.249 6.87015,
	10.2503 6.86841,
	10.2544 6.85448,
	10.255 6.85273,
	10.2559 6.85186,
	10.2583 6.8449,
	10.2624 6.83097,
	10.2627 6.82922,
	10.2642 6.82748,
	10.2729 6.79962,
	10.2738 6.79614,
	10.2738 6.79527,
	10.2753 6.79353,
	10.2801 6.77959,
	10.2825 6.77263,
	10.2855 6.76566,
	10.2868 6.76218,
	10.2868 6.76131,
	10.2884 6.75957,
	10.2914 6.7526,
	10.2929 6.74912,
	10.2949 6.74564,
	10.3045 6.7317,
	10.3058 6.72996,
	10.3127 6.72387,
	10.3197 6.71821,
	10.3267 6.7156,
	10.3301 6.71429,
	10.3336 6.71364,
	10.3354 6.71233,
	10.3493 6.70863,
	10.3528 6.70841,
	10.3537 6.70841,
	10.3571 6.70689,
	10.3589 6.70624,
	10.3867 6.70167,
	10.3902 6.70101,
	10.3972 6.69884,
	10.4007 6.69775,
	10.4024 6.69775,
	10.4033 6.69775,
	10.4068 6.69622,
	10.4137 6.69492,
	10.4172 6.69426,
	10.4311 6.68991,
	10.4381 6.68773,
	10.452 6.68425,
	10.459 6.68251,
	10.4625 6.68164,
	10.466 6.68142,
	10.4695 6.6799,
	10.4973 6.67554,
	10.5113 6.67358,
	10.5252 6.67358,
	10.5322 6.67358,
	10.5461 6.67228,
	10.553 6.67163,
	10.6088 6.66988,
	10.6227 6.66967,
	10.6262 6.66967,
	10.6332 6.67054,
	10.6366 6.67119,
	10.6436 6.6738,
	10.6471 6.67511,
	10.6541 6.67924,
	10.6575 6.68164,
	10.6645 6.68708,
	10.6715 6.69318,
	10.6749 6.69622,
	10.6778 6.69949,
	10.6793 6.70123,
	10.6793 6.7021,
	10.6841 6.70907,
	10.6867 6.71255,
	10.6906 6.71951,
	10.6969 6.73345,
	10.6991 6.74041,
	10.7002 6.74389,
	10.7011 6.75086,
	10.7015 6.75434,
	10.7032 6.76131,
	10.7043 6.76479,
	10.7052 6.76566,
	10.7091 6.77959,
	10.7187 6.80746,
	10.7237 6.82139,
	10.7263 6.82835,
	10.7272 6.83184,
	10.7276 6.83358,
	10.7272 6.84751,
	10.727 6.85448,
	10.7233 6.86841,
	10.7213 6.87537,
	10.72 6.87886,
	10.7194 6.8806,
	10.7172 6.88408,
	10.7161 6.88582,
	10.715 6.8893,
	10.683 6.94503,
	10.6791 6.952,
	10.6756 6.95896,
	10.6747 6.9607,
	10.6734 6.96244,
	10.6728 6.96331,
	10.6726 6.96506,
	10.6643 6.97899,
	10.6601 6.98595,
	10.6554 6.99292,
	10.653 6.9964,
	10.646 7.00315,
	10.6427 7.00663,
	10.6312 7.02056,
	10.6205 7.0345,
	10.6116 7.04843,
	10.6031 7.06236,
	10.6022 7.06323,
	10.6009 7.06671,
	10.597 7.07368,
	10.5951 7.07716,
	10.5924 7.08064,
	10.5857 7.08717,
	10.5787 7.09305,
	10.5753 7.09523,
	10.5735 7.09632,
	10.57 7.09915,
	10.5631 7.10611,
	10.5598 7.10959,
	10.5583 7.11134,
	10.5548 7.11417,
	10.5478 7.1207,
	10.5443 7.12331,
	10.5409 7.12657,
	10.5374 7.1294,
	10.5356 7.13071,
	10.5339 7.13245,
	10.5304 7.13528,
	10.5287 7.1368,
	10.5217 7.1405,
	10.52 7.14159,
	10.5165 7.1429,
	10.5147 7.14355,
	10.5113 7.14551,
	10.4973 7.14943,
	10.4904 7.15117,
	10.4834 7.15248,
	10.4799 7.15313,
	10.466 7.15357,
	10.459 7.15378,
	10.4451 7.15291,
	10.4381 7.15248,
	10.4346 7.15204,
	10.4329 7.15161,
	10.4259 7.14704,
	10.4248 7.14529,
	10.4214 7.14399,
	10.4196 7.14333,
	10.4057 7.13397,
	10.3987 7.12919,
	10.3917 7.12353,
	10.3883 7.12091,
	10.3848 7.11874,
	10.3813 7.11612,
	10.3743 7.11003,
	10.3709 7.10698,
	10.3639 7.10002,
	10.3604 7.09653,
	10.3587 7.09479,
	10.3578 7.09392,
	10.3508 7.08957,
	10.3473 7.08739,
	10.3441 7.08391,
	10.3423 7.08238,
	10.3354 7.07781,
	10.3336 7.07651,
	10.3328 7.07607,
	10.3293 7.07302,
	10.3223 7.06824,
	10.3188 7.06606,
	10.3129 7.05909,
	10.3075 7.05213,
	10.3005 7.04516,
	10.2988 7.04342,
	10.2953 7.04124,
	10.2936 7.04016,
	10.2866 7.03362,
	10.2833 7.03036,
	10.2781 7.02339,
	10.2722 7.01643,
	10.2696 7.01295,
	10.2651 7.00598,
	10.2624 7.0025,
	10.2611 7.00076,
	10.2598 6.99727,
	10.2577 6.99379,
	10.2568 6.99205,
	10.2568 6.99118,
	10.2553 6.98987,
	10.2496 6.97594,
	10.2468 6.96897,
	10.2424 6.95504,
	10.2413 6.95156,
	10.2407 6.94982,
	10.2392 6.93589,
	10.2385 6.92892,
	10.2385 6.91499,
	10.2385 6.90802,
	10.2385 6.90781,
	"/>
</Transform>

</Section>