<?xml version="1.0"?>
<!DOCTYPE Section SYSTEM "section.dtd">

<Section index="13" thickness="0.052" alignLocked="true">
<Transform dim="3"
 xcoef=" 0.200471223003619 1.25456401399526 0 0 0 0"
 ycoef=" 0.117566787598603 0 1.25456401399526 0 0 0">
<Contour name="D019" hidden="false" closed="true" simplified="true" border="0 0 1" fill="0 0 1" mode="13"
 points="9.71967 5.60249,
	9.72208 5.55849,
	9.72924 5.51577,
	9.74094 5.47553,
	9.75685 5.43895,
	9.77651 5.40707,
	9.79935 5.38082,
	9.82472 5.36094,
	9.85189 5.34801,
	9.88007 5.3424,
	9.90846 5.34427,
	9.93623 5.35358,
	9.96259 5.37004,
	9.98679 5.39319,
	10.0081 5.42236,
	10.026 5.45671,
	10.0398 5.49526,
	10.0493 5.53689,
	10.0541 5.58041,
	10.0541 5.62457,
	10.0493 5.66809,
	10.0398 5.70972,
	10.026 5.74827,
	10.0081 5.78262,
	9.98679 5.81179,
	9.96259 5.83494,
	9.93623 5.8514,
	9.90846 5.86071,
	9.88007 5.86258,
	9.85189 5.85697,
	9.82472 5.84404,
	9.79935 5.82416,
	9.77651 5.79791,
	9.75685 5.76603,
	9.74094 5.72945,
	9.72924 5.68921,
	9.72208 5.64648,
	"/>
</Transform>

<Transform dim="3"
 xcoef=" 0.200471223003619 1.25456401399526 0 0 0 0"
 ycoef=" 0.117566787598603 0 1.25456401399526 0 0 0">
<Contour name="D021" hidden="false" closed="true" simplified="true" border="0 0 1" fill="0 0 1" mode="13"
 points="7.96471 7.23227,
	7.96627 7.20654,
	7.97095 7.18114,
	7.97867 7.1564,
	7.98935 7.13266,
	8.00283 7.11021,
	8.01894 7.08936,
	8.03748 7.07037,
	8.0582 7.05349,
	8.08084 7.03894,
	8.10509 7.02691,
	8.13064 7.01755,
	8.15715 7.011,
	8.18429 7.00733,
	8.2117 7.0066,
	8.23902 7.0088,
	8.26589 7.01392,
	8.29197 7.02189,
	8.31691 7.0326,
	8.34039 7.04591,
	8.3621 7.06165,
	8.38176 7.07961,
	8.39912 7.09957,
	8.41394 7.12126,
	8.42604 7.14439,
	8.43525 7.16867,
	8.44146 7.19378,
	8.44459 7.21939,
	8.44459 7.24516,
	8.44146 7.27077,
	8.43525 7.29588,
	8.42604 7.32016,
	8.41394 7.34329,
	8.39912 7.36498,
	8.38176 7.38493,
	8.3621 7.4029,
	8.34039 7.41864,
	8.31691 7.43195,
	8.29197 7.44266,
	8.26589 7.45063,
	8.23902 7.45575,
	8.2117 7.45795,
	8.18429 7.45722,
	8.15715 7.45355,
	8.13064 7.44699,
	8.10509 7.43764,
	8.08084 7.42561,
	8.0582 7.41106,
	8.03748 7.39418,
	8.01894 7.37519,
	8.00283 7.35433,
	7.98935 7.33189,
	7.97867 7.30814,
	7.97095 7.28341,
	"/>
</Transform>

<Transform dim="3"
 xcoef=" 0.200471223003619 1.25456401399526 0 0 0 0"
 ycoef=" 0.117566787598603 0 1.25456401399526 0 0 0">
<Contour name="D023" hidden="false" closed="true" simplified="true" border="0 0 1" fill="0 0 1" mode="13"
 points="9.60987 6.59293,
	9.61031 6.57333,
	9.61162 6.55379,
	9.61381 6.53434,
	9.61686 6.51504,
	9.62077 6.49594,
	9.62553 6.47708,
	9.63113 6.45852,
	9.63755 6.4403,
	9.64478 6.42246,
	9.65279 6.40505,
	9.66157 6.38811,
	9.6711 6.3717,
	9.68135 6.35584,
	9.6923 6.34058,
	9.70391 6.32596,
	9.71617 6.31201,
	9.72903 6.29878,
	9.74246 6.28628,
	9.75644 6.27456,
	9.77093 6.26365,
	9.78588 6.25356,
	9.80127 6.24434,
	9.81705 6.23599,
	9.83318 6.22855,
	9.84962 6.22202,
	9.86634 6.21644,
	9.88328 6.2118,
	9.90041 6.20813,
	9.91768 6.20543,
	9.93505 6.20371,
	9.95248 6.20297,
	9.96992 6.20321,
	9.98732 6.20444,
	10.0046 6.20666,
	10.0219 6.20984,
	10.0389 6.214,
	10.0557 6.21911,
	10.0723 6.22517,
	10.0886 6.23216,
	10.1046 6.24005,
	10.1202 6.24884,
	10.1353 6.2585,
	10.1501 6.269,
	10.1643 6.28032,
	10.178 6.29243,
	10.1912 6.3053,
	10.2037 6.3189,
	10.2157 6.33319,
	10.2269 6.34813,
	10.2375 6.3637,
	10.2474 6.37984,
	10.2566 6.39652,
	10.265 6.4137,
	10.2726 6.43133,
	10.2794 6.44936,
	10.2855 6.46776,
	10.2906 6.48648,
	10.295 6.50546,
	10.2985 6.52467,
	10.3011 6.54405,
	10.3028 6.56355,
	10.3037 6.58313,
	10.3037 6.60273,
	10.3028 6.62231,
	10.3011 6.64181,
	10.2985 6.66119,
	10.295 6.68039,
	10.2906 6.69938,
	10.2855 6.71809,
	10.2794 6.73649,
	10.2726 6.75453,
	10.265 6.77216,
	10.2566 6.78934,
	10.2474 6.80602,
	10.2375 6.82216,
	10.2269 6.83772,
	10.2157 6.85267,
	10.2037 6.86696,
	10.1912 6.88055,
	10.178 6.89342,
	10.1643 6.90553,
	10.1501 6.91685,
	10.1353 6.92736,
	10.1202 6.93702,
	10.1046 6.9458,
	10.0886 6.9537,
	10.0723 6.96069,
	10.0557 6.96674,
	10.0389 6.97186,
	10.0219 6.97601,
	10.0046 6.9792,
	9.98732 6.98141,
	9.96992 6.98264,
	9.95248 6.98289,
	9.93505 6.98215,
	9.91768 6.98043,
	9.90041 6.97773,
	9.88328 6.97406,
	9.86634 6.96942,
	9.84962 6.96383,
	9.83318 6.95731,
	9.81705 6.94987,
	9.80127 6.94152,
	9.78588 6.93229,
	9.77093 6.92221,
	9.75644 6.91129,
	9.74246 6.89957,
	9.72903 6.88708,
	9.71617 6.87384,
	9.70391 6.8599,
	9.6923 6.84528,
	9.68135 6.83002,
	9.6711 6.81416,
	9.66157 6.79774,
	9.65279 6.78081,
	9.64478 6.7634,
	9.63755 6.74556,
	9.63113 6.72734,
	9.62553 6.70877,
	9.62077 6.68992,
	9.61686 6.67081,
	9.61381 6.65152,
	9.61162 6.63207,
	9.61031 6.61252,
	"/>
</Transform>

<Transform dim="3"
 xcoef=" 0.200471223003619 1.25456401399526 0 0 0 0"
 ycoef=" 0.117566787598603 0 1.25456401399526 0 0 0">
<Contour name="D025" hidden="false" closed="true" simplified="true" border="0 0 1" fill="0 0 1" mode="13"
 points="5.7173 5.66993,
	5.7197 5.64183,
	5.72685 5.6144,
	5.73856 5.58831,
	5.75456 5.56417,
	5.77447 5.54258,
	5.7978 5.52405,
	5.824 5.50902,
	5.85244 5.49786,
	5.88243 5.49082,
	5.91326 5.4881,
	5.94418 5.48973,
	5.97445 5.4957,
	6.00334 5.50585,
	6.03016 5.51995,
	6.05427 5.53764,
	6.07508 5.55852,
	6.0921 5.58207,
	6.10491 5.60773,
	6.11322 5.63488,
	6.11681 5.66288,
	6.11561 5.69104,
	6.10964 5.7187,
	6.09905 5.74519,
	6.08409 5.76987,
	6.06512 5.79214,
	6.04259 5.81149,
	6.01705 5.82743,
	5.98911 5.83959,
	5.95944 5.84767,
	5.92875 5.85149,
	5.89779 5.85094,
	5.86729 5.84605,
	5.83799 5.83692,
	5.81058 5.82379,
	5.78574 5.80695,
	5.76406 5.78683,
	5.74605 5.7639,
	5.73215 5.73871,
	5.72269 5.71187,
	"/>
</Transform>

<Transform dim="3"
 xcoef=" 0.200471223003619 1.25456401399526 0 0 0 0"
 ycoef=" 0.117566787598603 0 1.25456401399526 0 0 0">
<Contour name="D026_edge" hidden="false" closed="true" simplified="true" border="0 0 1" fill="0 0 1" mode="13"
 points="-0.0257669 5.65806,
	-0.0245995 5.63359,
	-0.0211052 5.60928,
	-0.0153083 5.58531,
	-0.0072489 5.56185,
	0.00301724 5.53905,
	0.015419 5.51708,
	0.0298707 5.49608,
	0.0462721 5.4762,
	0.0645098 5.45758,
	0.0844575 5.44035,
	0.105977 5.42463,
	0.12892 5.41052,
	0.153127 5.39813,
	0.17843 5.38753,
	0.204655 5.37881,
	0.23162 5.37202,
	0.259139 5.36721,
	0.28702 5.36441,
	0.315071 5.36365,
	0.343098 5.36492,
	0.370906 5.36822,
	0.398304 5.37353,
	0.425101 5.38081,
	0.451113 5.39001,
	0.476158 5.40106,
	0.500064 5.41389,
	0.522666 5.42841,
	0.543806 5.44452,
	0.563339 5.46211,
	0.581129 5.48106,
	0.597053 5.50123,
	0.611001 5.52249,
	0.622876 5.54468,
	0.632597 5.56766,
	0.640095 5.59127,
	0.64532 5.61533,
	0.648234 5.6397,
	0.648818 5.66419,
	0.647067 5.68864,
	0.642994 5.71287,
	0.636627 5.73673,
	0.62801 5.76004,
	0.617203 5.78265,
	0.60428 5.80439,
	0.589331 5.82512,
	0.57246 5.8447,
	0.553782 5.86298,
	0.533428 5.87985,
	0.511538 5.89518,
	0.488264 5.90887,
	0.463767 5.92082,
	0.438217 5.93095,
	0.411789 5.9392,
	0.384668 5.9455,
	0.357041 5.94981,
	0.329099 5.9521,
	0.301036 5.95235,
	0.273046 5.95057,
	0.245322 5.94676,
	0.218057 5.94096,
	0.191439 5.93319,
	0.165652 5.92353,
	0.140876 5.91202,
	0.11728 5.89876,
	0.0950299 5.88383,
	0.0742782 5.86734,
	0.055169 5.8494,
	0.0378344 5.83013,
	0.0223946 5.80968,
	0.00895621 5.78817,
	-0.00238758 5.76577,
	-0.0115583 5.74261,
	-0.0184925 5.71888,
	-0.0231421 5.69472,
	"/>
</Transform>

<Transform dim="3"
 xcoef=" 0.200471223003619 1.25456401399526 0 0 0 0"
 ycoef=" 0.117566787598603 0 1.25456401399526 0 0 0">
<Contour name="D028" hidden="false" closed="true" simplified="true" border="0 0 1" fill="0 0 1" mode="13"
 points="13.6771 10.0323,
	13.6789 10.0128,
	13.6842 9.99387,
	13.6929 9.97589,
	13.7048 9.95933,
	13.7195 9.94461,
	13.7367 9.9321,
	13.756 9.92213,
	13.7769 9.91493,
	13.7989 9.9107,
	13.8213 9.90954,
	13.8436 9.91148,
	13.8654 9.91646,
	13.8859 9.92437,
	13.9047 9.93501,
	13.9214 9.94809,
	13.9355 9.96331,
	13.9466 9.98027,
	13.9544 9.99853,
	13.9589 10.0177,
	13.9598 10.0371,
	13.9571 10.0565,
	13.9509 10.0753,
	13.9414 10.0929,
	13.9288 10.1091,
	13.9134 10.1233,
	13.8956 10.1352,
	13.8758 10.1445,
	13.8546 10.1509,
	13.8325 10.1544,
	13.8101 10.1548,
	13.7878 10.1521,
	13.7663 10.1464,
	13.7462 10.1377,
	13.7278 10.1265,
	13.7118 10.1128,
	13.6984 10.0971,
	13.6881 10.0798,
	13.6811 10.0613,
	"/>
</Transform>

<Transform dim="3"
 xcoef=" 0.200471223003619 1.25456401399526 0 0 0 0"
 ycoef=" 0.117566787598603 0 1.25456401399526 0 0 0">
<Contour name="D029_edge" hidden="false" closed="true" simplified="true" border="0 0 1" fill="0 0 1" mode="13"
 points="10.5454 12.7747,
	10.5491 12.7493,
	10.5602 12.7247,
	10.5782 12.7015,
	10.6028 12.6803,
	10.6332 12.6618,
	10.6686 12.6464,
	10.7079 12.6346,
	10.7502 12.6267,
	10.7941 12.623,
	10.8385 12.6236,
	10.8822 12.6283,
	10.9238 12.6372,
	10.9623 12.6499,
	10.9965 12.6661,
	11.0255 12.6854,
	11.0485 12.7071,
	11.0649 12.7308,
	11.0741 12.7556,
	11.076 12.781,
	11.0704 12.8063,
	11.0576 12.8306,
	11.0378 12.8534,
	11.0117 12.874,
	10.98 12.8918,
	10.9435 12.9063,
	10.9033 12.9171,
	10.8605 12.9239,
	10.8164 12.9266,
	10.772 12.925,
	10.7288 12.9192,
	10.6878 12.9093,
	10.6503 12.8957,
	10.6173 12.8787,
	10.5897 12.8588,
	10.5683 12.8365,
	10.5537 12.8125,
	"/>
</Transform>

<Transform dim="3"
 xcoef=" 0.200471223003619 1.25456401399526 0 0 0 0"
 ycoef=" 0.117566787598603 0 1.25456401399526 0 0 0">
<Contour name="D030_oblique" hidden="false" closed="true" simplified="true" border="0 0 1" fill="0 0 1" mode="13"
 points="10.272 4.09744,
	10.2725 4.08297,
	10.2739 4.06857,
	10.2763 4.05427,
	10.2796 4.04015,
	10.2838 4.02625,
	10.2889 4.01262,
	10.2949 3.99933,
	10.3018 3.98643,
	10.3095 3.97395,
	10.318 3.96196,
	10.3273 3.9505,
	10.3373 3.93961,
	10.348 3.92934,
	10.3593 3.91972,
	10.3713 3.9108,
	10.3838 3.90261,
	10.3968 3.89518,
	10.4103 3.88854,
	10.4242 3.88272,
	10.4385 3.87773,
	10.4531 3.87361,
	10.4679 3.87035,
	10.4828 3.86799,
	10.498 3.86652,
	10.5131 3.86596,
	10.5283 3.8663,
	10.5435 3.86754,
	10.5585 3.86968,
	10.5733 3.87271,
	10.588 3.87662,
	10.6023 3.88139,
	10.6163 3.88701,
	10.6299 3.89344,
	10.6431 3.90068,
	10.6557 3.90868,
	10.6678 3.91742,
	10.6793 3.92687,
	10.6902 3.93698,
	10.7004 3.94772,
	10.7098 3.95904,
	10.7185 3.97091,
	10.7264 3.98326,
	10.7335 3.99607,
	10.7397 4.00927,
	10.7451 4.02281,
	10.7495 4.03665,
	10.753 4.05072,
	10.7556 4.06498,
	10.7573 4.07936,
	10.758 4.09382,
	10.7578 4.10829,
	10.7566 4.12271,
	10.7545 4.13704,
	10.7514 4.15121,
	10.7474 4.16517,
	10.7425 4.17887,
	10.7367 4.19225,
	10.7301 4.20526,
	10.7226 4.21785,
	10.7143 4.22996,
	10.7052 4.24156,
	10.6954 4.2526,
	10.6848 4.26303,
	10.6736 4.27281,
	10.6618 4.28191,
	10.6494 4.29029,
	10.6365 4.29791,
	10.6232 4.30475,
	10.6093 4.31078,
	10.5952 4.31597,
	10.5807 4.32032,
	10.5659 4.32379,
	10.551 4.32638,
	10.5359 4.32807,
	10.5207 4.32886,
	10.5055 4.32875,
	10.4904 4.32773,
	10.4753 4.32581,
	10.4604 4.323,
	10.4457 4.31931,
	10.4313 4.31475,
	10.4172 4.30935,
	10.4035 4.30311,
	10.3903 4.29608,
	10.3775 4.28826,
	10.3652 4.2797,
	10.3536 4.27043,
	10.3425 4.26048,
	10.3322 4.2499,
	10.3225 4.23871,
	10.3137 4.22698,
	10.3055 4.21474,
	10.2983 4.20204,
	10.2918 4.18894,
	10.2863 4.17547,
	10.2816 4.16171,
	10.2778 4.14769,
	10.275 4.13347,
	10.2731 4.11911,
	"/>
</Transform>

<Transform dim="3"
 xcoef=" 0.200471223003619 1.25456401399526 0 0 0 0"
 ycoef=" 0.117566787598603 0 1.25456401399526 0 0 0">
<Contour name="D032" hidden="false" closed="true" simplified="true" border="0 0 1" fill="0 0 1" mode="13"
 points="6.44885 6.90213,
	6.44955 6.88137,
	6.45167 6.86071,
	6.45518 6.84028,
	6.46006 6.82017,
	6.4663 6.8005,
	6.47386 6.78136,
	6.48269 6.76286,
	6.49276 6.74509,
	6.50401 6.72815,
	6.51637 6.71213,
	6.5298 6.69711,
	6.5442 6.68317,
	6.55952 6.67039,
	6.57566 6.65883,
	6.59254 6.64855,
	6.61008 6.63961,
	6.62817 6.63205,
	6.64673 6.62592,
	6.66566 6.62124,
	6.68486 6.61805,
	6.70422 6.61635,
	6.72365 6.61617,
	6.74304 6.61748,
	6.76228 6.62031,
	6.78129 6.62461,
	6.79995 6.63038,
	6.81817 6.63759,
	6.83586 6.64619,
	6.85291 6.65613,
	6.86925 6.66738,
	6.88478 6.67987,
	6.89942 6.69352,
	6.91309 6.70828,
	6.92573 6.72406,
	6.93726 6.74078,
	6.94763 6.75834,
	6.95678 6.77667,
	6.96466 6.79566,
	6.97123 6.81521,
	6.97645 6.83522,
	6.98031 6.85558,
	6.98277 6.87619,
	6.98383 6.89693,
	6.98348 6.9177,
	6.98172 6.93839,
	6.97856 6.95889,
	6.97401 6.97909,
	6.96811 6.99888,
	6.96088 7.01817,
	6.95236 7.03684,
	6.94259 7.0548,
	6.93164 7.07195,
	6.91954 7.08821,
	6.90638 7.10349,
	6.89221 7.1177,
	6.87712 7.13078,
	6.86118 7.14266,
	6.84447 7.15326,
	6.82709 7.16254,
	6.80912 7.17045,
	6.79067 7.17694,
	6.77182 7.18198,
	6.75268 7.18555,
	6.73335 7.18762,
	6.71393 7.18818,
	6.69453 7.18724,
	6.67523 7.18479,
	6.65616 7.18086,
	6.6374 7.17545,
	6.61906 7.1686,
	6.60123 7.16035,
	6.58401 7.15073,
	6.56749 7.1398,
	6.55175 7.12762,
	6.53688 7.11425,
	6.52296 7.09976,
	6.51005 7.08423,
	6.49824 7.06774,
	6.48757 7.05038,
	6.47812 7.03223,
	6.46992 7.0134,
	6.46301 6.99398,
	6.45745 6.97407,
	6.45325 6.95379,
	6.45044 6.93323,
	"/>
</Transform>

<Transform dim="3"
 xcoef=" 0.200471223003619 1.25456401399526 0 0 0 0"
 ycoef=" 0.117566787598603 0 1.25456401399526 0 0 0">
<Contour name="D031_oblique" hidden="false" closed="true" simplified="true" border="0 0 1" fill="0 0 1" mode="13"
 points="10.6631 7.37441,
	10.6681 7.36265,
	10.6828 7.35146,
	10.7065 7.34138,
	10.738 7.3329,
	10.7759 7.32643,
	10.8183 7.32228,
	10.8631 7.32065,
	10.9082 7.32163,
	10.9514 7.32516,
	10.9906 7.33108,
	11.0239 7.33909,
	11.0497 7.34882,
	11.0667 7.35978,
	11.0741 7.37145,
	11.0717 7.38327,
	11.0593 7.39465,
	11.0378 7.40506,
	11.0081 7.41398,
	10.9716 7.42099,
	10.9302 7.42574,
	10.8858 7.42801,
	10.8405 7.42768,
	10.7967 7.42478,
	10.7563 7.41944,
	10.7213 7.41191,
	10.6936 7.40258,
	10.6742 7.39188,
	"/>
</Transform>

<Transform dim="3"
 xcoef=" 0.200471223003619 1.25456401399526 0 0 0 0"
 ycoef=" 0.117566787598603 0 1.25456401399526 0 0 0">
<Contour name="D034" hidden="false" closed="true" simplified="true" border="0 0 1" fill="0 0 1" mode="13"
 points="10.4247 3.16367,
	10.4253 3.14076,
	10.4271 3.11799,
	10.4302 3.09548,
	10.4344 3.07336,
	10.4399 3.05177,
	10.4464 3.03083,
	10.4541 3.01065,
	10.4629 2.99137,
	10.4726 2.97308,
	10.4833 2.9559,
	10.4949 2.93992,
	10.5073 2.92524,
	10.5205 2.91195,
	10.5343 2.90011,
	10.5488 2.8898,
	10.5637 2.88108,
	10.5791 2.87399,
	10.5948 2.86859,
	10.6107 2.86489,
	10.6268 2.86293,
	10.643 2.86271,
	10.6591 2.86424,
	10.6751 2.8675,
	10.6909 2.87248,
	10.7064 2.87915,
	10.7214 2.88747,
	10.736 2.89739,
	10.75 2.90885,
	10.7634 2.92179,
	10.776 2.93613,
	10.7878 2.95179,
	10.7987 2.96868,
	10.8087 2.9867,
	10.8177 3.00575,
	10.8256 3.02571,
	10.8325 3.04647,
	10.8382 3.06791,
	10.8428 3.08991,
	10.8461 3.11233,
	10.8483 3.13505,
	10.8492 3.15794,
	10.8489 3.18086,
	10.8474 3.20368,
	10.8446 3.22627,
	10.8406 3.24849,
	10.8355 3.27023,
	10.8292 3.29134,
	10.8218 3.31172,
	10.8133 3.33124,
	10.8038 3.34978,
	10.7934 3.36725,
	10.782 3.38354,
	10.7698 3.39855,
	10.7568 3.4122,
	10.7431 3.42441,
	10.7288 3.43511,
	10.714 3.44424,
	10.6987 3.45173,
	10.6831 3.45756,
	10.6672 3.46168,
	10.6511 3.46408,
	10.6349 3.46474,
	10.6188 3.46365,
	10.6027 3.46082,
	10.5869 3.45626,
	10.5713 3.45001,
	10.5562 3.4421,
	10.5415 3.43258,
	10.5273 3.4215,
	10.5138 3.40892,
	10.501 3.39492,
	10.489 3.37958,
	10.4778 3.36299,
	10.4676 3.34525,
	10.4584 3.32645,
	10.4501 3.3067,
	10.443 3.28613,
	10.437 3.26485,
	10.4321 3.24298,
	10.4285 3.22065,
	10.426 3.19799,
	"/>
</Transform>

<Transform dim="3"
 xcoef=" 0.200471223003619 1.25456401399526 0 0 0 0"
 ycoef=" 0.117566787598603 0 1.25456401399526 0 0 0">
<Contour name="D035" hidden="false" closed="true" simplified="true" border="0 0 1" fill="0 0 1" mode="13"
 points="7.084 4.16631,
	7.08709 4.14256,
	7.09631 4.11925,
	7.11148 4.09681,
	7.13231 4.07567,
	7.15843 4.05622,
	7.18934 4.03882,
	7.22448 4.02379,
	7.26317 4.01142,
	7.30471 4.00194,
	7.34832 3.99551,
	7.39319 3.99227,
	7.43848 3.99227,
	7.48335 3.99551,
	7.52696 4.00194,
	7.5685 4.01142,
	7.6072 4.02379,
	7.64233 4.03882,
	7.67324 4.05622,
	7.69936 4.07567,
	7.7202 4.09681,
	7.73537 4.11925,
	7.74458 4.14256,
	7.74767 4.16631,
	7.74458 4.19007,
	7.73537 4.21338,
	7.7202 4.23581,
	7.69936 4.25695,
	7.67324 4.27641,
	7.64233 4.29381,
	7.6072 4.30883,
	7.5685 4.3212,
	7.52696 4.33069,
	7.48335 4.33711,
	7.43848 4.34036,
	7.39319 4.34036,
	7.34832 4.33711,
	7.30471 4.33069,
	7.26317 4.3212,
	7.22448 4.30883,
	7.18934 4.29381,
	7.15843 4.27641,
	7.13231 4.25695,
	7.11148 4.23581,
	7.09631 4.21338,
	7.08709 4.19007,
	"/>
</Transform>

<Transform dim="3"
 xcoef=" 0.200471223003619 1.25456401399526 0 0 0 0"
 ycoef=" 0.117566787598603 0 1.25456401399526 0 0 0">
<Contour name="D036" hidden="false" closed="true" simplified="true" border="0 0 1" fill="0 0 1" mode="13"
 points="17.6775 6.56721,
	17.6811 6.53544,
	17.6919 6.50481,
	17.7094 6.47644,
	17.733 6.45135,
	17.7619 6.43044,
	17.795 6.41448,
	17.8311 6.40404,
	17.8689 6.3995,
	17.9071 6.40102,
	17.9442 6.40855,
	17.979 6.42181,
	18.0101 6.44032,
	18.0365 6.46342,
	18.0571 6.49027,
	18.0713 6.51991,
	18.0785 6.55125,
	18.0785 6.58317,
	18.0713 6.61451,
	18.0571 6.64415,
	18.0365 6.671,
	18.0101 6.6941,
	17.979 6.71262,
	17.9442 6.72588,
	17.9071 6.7334,
	17.8689 6.73492,
	17.8311 6.73038,
	17.795 6.71994,
	17.7619 6.70398,
	17.733 6.68307,
	17.7094 6.65798,
	17.6919 6.62961,
	"/>
</Transform>

<Transform dim="3"
 xcoef=" 0.200471223003619 1.25456401399526 0 0 0 0"
 ycoef=" 0.117566787598603 0 1.25456401399526 0 0 0">
<Contour name="D040_edge" hidden="false" closed="true" simplified="true" border="0 0 1" fill="0 0 1" mode="13"
 points="6.17486 4.20405,
	6.17697 4.15993,
	6.18324 4.11663,
	6.19356 4.07496,
	6.20774 4.0357,
	6.22551 3.99957,
	6.24655 3.96725,
	6.27046 3.93934,
	6.29679 3.91636,
	6.32506 3.89875,
	6.35474 3.88681,
	6.38528 3.88079,
	6.4161 3.88079,
	6.44663 3.88681,
	6.47631 3.89875,
	6.50458 3.91636,
	6.53092 3.93934,
	6.55482 3.96725,
	6.57586 3.99957,
	6.59364 4.0357,
	6.60782 4.07496,
	6.61814 4.11663,
	6.62441 4.15993,
	6.62651 4.20405,
	6.62441 4.24817,
	6.61814 4.29146,
	6.60782 4.33313,
	6.59364 4.3724,
	6.57586 4.40852,
	6.55482 4.44084,
	6.53092 4.46875,
	6.50458 4.49173,
	6.47631 4.50935,
	6.44663 4.52128,
	6.4161 4.5273,
	6.38528 4.5273,
	6.35474 4.52128,
	6.32506 4.50935,
	6.29679 4.49173,
	6.27046 4.46875,
	6.24655 4.44084,
	6.22551 4.40852,
	6.20774 4.3724,
	6.19356 4.33313,
	6.18324 4.29146,
	6.17697 4.24817,
	"/>
</Transform>

<Transform dim="3"
 xcoef=" 0.200471223003619 1.25456401399526 0 0 0 0"
 ycoef=" 0.117566787598603 0 1.25456401399526 0 0 0">
<Contour name="D041_oblique" hidden="false" closed="true" simplified="true" border="0 0 1" fill="0 0 1" mode="13"
 points="23.1859 3.63781,
	23.1885 3.61208,
	23.196 3.5869,
	23.2083 3.56281,
	23.2252 3.54031,
	23.2462 3.51989,
	23.2711 3.50198,
	23.2991 3.48697,
	23.3298 3.47518,
	23.3625 3.46685,
	23.3964 3.46216,
	23.4309 3.46122,
	23.4652 3.46404,
	23.4985 3.47056,
	23.5303 3.48065,
	23.5597 3.49409,
	23.5862 3.5106,
	23.6093 3.52981,
	23.6283 3.55133,
	23.6429 3.57469,
	23.6529 3.59939,
	23.6579 3.62491,
	23.6579 3.65071,
	23.6529 3.67623,
	23.6429 3.70094,
	23.6283 3.7243,
	23.6093 3.74581,
	23.5862 3.76503,
	23.5597 3.78153,
	23.5303 3.79497,
	23.4985 3.80506,
	23.4652 3.81158,
	23.4309 3.81441,
	23.3964 3.81346,
	23.3625 3.80878,
	23.3298 3.80045,
	23.2991 3.78865,
	23.2711 3.77364,
	23.2462 3.75574,
	23.2252 3.73532,
	23.2083 3.71282,
	23.196 3.68872,
	23.1885 3.66354,
	"/>
</Transform>

<Transform dim="3"
 xcoef=" 0.200471223003619 1.25456401399526 0 0 0 0"
 ycoef=" 0.117566787598603 0 1.25456401399526 0 0 0">
<Contour name="D043" hidden="false" closed="true" simplified="true" border="0 0 1" fill="0 0 1" mode="13"
 points="3.83907 10.7447,
	3.84102 10.7183,
	3.84687 10.6923,
	3.85653 10.6668,
	3.8699 10.6423,
	3.88682 10.619,
	3.90708 10.5973,
	3.93044 10.5772,
	3.95662 10.5592,
	3.98532 10.5434,
	4.01618 10.53,
	4.04884 10.5191,
	4.08292 10.511,
	4.11799 10.5056,
	4.15366 10.5031,
	4.18948 10.5034,
	4.22504 10.5067,
	4.2599 10.5127,
	4.29366 10.5216,
	4.32591 10.5331,
	4.35626 10.5471,
	4.38436 10.5635,
	4.40987 10.5821,
	4.43248 10.6025,
	4.45192 10.6247,
	4.46797 10.6483,
	4.48043 10.6731,
	4.48915 10.6987,
	4.49402 10.7249,
	4.495 10.7513,
	4.49207 10.7776,
	4.48526 10.8035,
	4.47466 10.8288,
	4.46038 10.853,
	4.44261 10.8759,
	4.42155 10.8973,
	4.39746 10.9168,
	4.37062 10.9343,
	4.34135 10.9496,
	4.31 10.9623,
	4.27695 10.9725,
	4.24258 10.98,
	4.20732 10.9847,
	4.17158 10.9865,
	4.13578 10.9854,
	4.10036 10.9814,
	4.06573 10.9747,
	4.03231 10.9651,
	4.0005 10.953,
	3.97068 10.9384,
	3.9432 10.9214,
	3.91839 10.9024,
	3.89655 10.8814,
	3.87793 10.8589,
	3.86277 10.8349,
	3.85123 10.8099,
	3.84346 10.7841,
	"/>
</Transform>

<Transform dim="3"
 xcoef=" 0.200471223003619 1.25456401399526 0 0 0 0"
 ycoef=" 0.117566787598603 0 1.25456401399526 0 0 0">
<Contour name="D047" hidden="false" closed="true" simplified="true" border="0 0 1" fill="0 0 1" mode="13"
 points="8.1096 0.672193,
	8.11154 0.639198,
	8.11732 0.606875,
	8.12683 0.575882,
	8.13987 0.54685,
	8.15617 0.520369,
	8.17541 0.496979,
	8.19719 0.477155,
	8.22106 0.461302,
	8.24655 0.449742,
	8.27314 0.442711,
	8.30027 0.440351,
	8.32741 0.442711,
	8.35399 0.449742,
	8.37948 0.461302,
	8.40336 0.477155,
	8.42514 0.496979,
	8.44437 0.520369,
	8.46068 0.54685,
	8.47371 0.575882,
	8.48322 0.606875,
	8.489 0.639198,
	8.49094 0.672193,
	8.489 0.705187,
	8.48322 0.73751,
	8.47371 0.768503,
	8.46068 0.797536,
	8.44437 0.824016,
	8.42514 0.847407,
	8.40336 0.86723,
	8.37948 0.883083,
	8.35399 0.894643,
	8.32741 0.901674,
	8.30027 0.904034,
	8.27314 0.901674,
	8.24655 0.894643,
	8.22106 0.883083,
	8.19719 0.86723,
	8.17541 0.847407,
	8.15617 0.824016,
	8.13987 0.797536,
	8.12683 0.768503,
	8.11732 0.73751,
	8.11154 0.705187,
	"/>
</Transform>

<Transform dim="3"
 xcoef=" 0.200471223003619 1.25456401399526 0 0 0 0"
 ycoef=" 0.117566787598603 0 1.25456401399526 0 0 0">
<Contour name="D049" hidden="false" closed="true" simplified="true" border="0 0 1" fill="0 0 1" mode="13"
 points="8.10373 11.5851,
	8.10894 11.4984,
	8.1243 11.4166,
	8.14889 11.3447,
	8.1813 11.2867,
	8.21963 11.2461,
	8.26167 11.2251,
	8.30497 11.2251,
	8.347 11.2461,
	8.38534 11.2867,
	8.41775 11.3447,
	8.44234 11.4166,
	8.45769 11.4984,
	8.46291 11.5851,
	8.45769 11.6719,
	8.44234 11.7537,
	8.41775 11.8256,
	8.38534 11.8836,
	8.347 11.9242,
	8.30497 11.9451,
	8.26167 11.9451,
	8.21963 11.9242,
	8.1813 11.8836,
	8.14889 11.8256,
	8.1243 11.7537,
	8.10894 11.6719,
	"/>
</Transform>

<Transform dim="1"
 xcoef=" 0.159793538446239 1 0 0 0 0"
 ycoef=" 0.0937112704390411 0 1 0 0 0">
<Contour name="D049 ax01" hidden="false" closed="true" simplified="false" border="0 1 1" fill="0 1 1" mode="-9"
 points="7.57512 6.33609,
	7.58814 6.32307,
	7.53607 6.27099,
	7.54909 6.25797,
	7.60116 6.31005,
	7.61418 6.29703,
	7.61418 6.33609,
	"/>
</Transform>

<Transform dim="1"
 xcoef=" 0.159793538446239 1 0 0 0 0"
 ycoef=" 0.0937112704390411 0 1 0 0 0">
<Contour name="D051 edge" hidden="false" closed="true" simplified="true" border="0 0 1" fill="0 0 1" mode="13"
 points="9.81285 1.63987,
	9.81808 1.61182,
	9.83332 1.58626,
	9.85721 1.56547,
	9.88763 1.55129,
	9.92187 1.54498,
	9.95689 1.5471,
	9.98958 1.55746,
	10.017 1.57514,
	10.0368 1.59858,
	10.0472 1.62569,
	10.0472 1.65405,
	10.0368 1.68116,
	10.017 1.7046,
	9.98958 1.72228,
	9.95689 1.73265,
	9.92187 1.73477,
	9.88763 1.72846,
	9.85721 1.71427,
	9.83332 1.69348,
	"/>
</Transform>

<Transform dim="1"
 xcoef=" 0.159793538446239 1 0 0 0 0"
 ycoef=" 0.0937112704390411 0 1 0 0 0">
<Contour name="D053_edge" hidden="false" closed="true" simplified="true" border="0 0 1" fill="0 0 1" mode="13"
 points="15.5472 2.46213,
	15.5485 2.44434,
	15.5524 2.42699,
	15.5587 2.4105,
	15.5674 2.39529,
	15.5782 2.38172,
	15.5908 2.37013,
	15.605 2.3608,
	15.6203 2.35398,
	15.6364 2.34981,
	15.653 2.34841,
	15.6695 2.34981,
	15.6857 2.35398,
	15.701 2.3608,
	15.7152 2.37013,
	15.7278 2.38172,
	15.7386 2.39529,
	15.7472 2.4105,
	15.7536 2.42699,
	15.7575 2.44434,
	15.7588 2.46213,
	15.7575 2.47993,
	15.7536 2.49728,
	15.7472 2.51376,
	15.7386 2.52898,
	15.7278 2.54255,
	15.7152 2.55414,
	15.701 2.56346,
	15.6857 2.57029,
	15.6695 2.57446,
	15.653 2.57586,
	15.6364 2.57446,
	15.6203 2.57029,
	15.605 2.56346,
	15.5908 2.55414,
	15.5782 2.54255,
	15.5674 2.52898,
	15.5587 2.51376,
	15.5524 2.49728,
	"/>
</Transform>

<Transform dim="1"
 xcoef=" 0.159793538446239 1 0 0 0 0"
 ycoef=" 0.0937112704390411 0 1 0 0 0">
<Contour name="D055" hidden="false" closed="true" simplified="true" border="0 0 1" fill="0 0 1" mode="13"
 points="1.33945 2.30572,
	1.34516 2.27769,
	1.36172 2.25241,
	1.38752 2.23235,
	1.42002 2.21946,
	1.45606 2.21503,
	1.49209 2.21946,
	1.52459 2.23235,
	1.55039 2.25241,
	1.56695 2.27769,
	1.57266 2.30572,
	1.56695 2.33374,
	1.55039 2.35903,
	1.52459 2.37909,
	1.49209 2.39197,
	1.45606 2.39641,
	1.42002 2.39197,
	1.38752 2.37909,
	1.36172 2.35903,
	"/>
</Transform>

<Transform dim="1"
 xcoef=" 0.159793538446239 1 0 0 0 0"
 ycoef=" 0.0937112704390411 0 1 0 0 0">
<Contour name="D033" hidden="false" closed="true" simplified="true" border="0 0 1" fill="0 0 1" mode="13"
 points="11.135 3.45416,
	11.1359 3.44646,
	11.1386 3.439,
	11.1429 3.43202,
	11.1488 3.42573,
	11.156 3.42032,
	11.1644 3.41597,
	11.1737 3.41282,
	11.1835 3.41096,
	11.1936 3.41045,
	11.2037 3.4113,
	11.2134 3.41349,
	11.2224 3.41695,
	11.2305 3.42158,
	11.2374 3.42722,
	11.2429 3.43371,
	11.2469 3.44083,
	11.2491 3.44837,
	11.2495 3.4561,
	11.2482 3.46376,
	11.2451 3.47112,
	11.2404 3.47795,
	11.2341 3.48404,
	11.2266 3.48919,
	11.218 3.49325,
	11.2086 3.49609,
	11.1986 3.49762,
	11.1885 3.49779,
	11.1785 3.4966,
	11.1689 3.49408,
	11.1601 3.49032,
	11.1523 3.48542,
	11.1457 3.47955,
	11.1406 3.47288,
	11.1371 3.46563,
	"/>
</Transform>

<Transform dim="1"
 xcoef=" 0.159793538446239 1 0 0 0 0"
 ycoef=" 0.0937112704390411 0 1 0 0 0">
<Contour name="D039" hidden="false" closed="true" simplified="true" border="0 0 1" fill="0 0 1" mode="13"
 points="11.4825 2.87152,
	11.4846 2.85296,
	11.4909 2.8351,
	11.5012 2.8186,
	11.515 2.80407,
	11.5319 2.79205,
	11.5512 2.78299,
	11.5722 2.77723,
	11.5941 2.77498,
	11.6161 2.77633,
	11.6374 2.78123,
	11.6572 2.78949,
	11.6748 2.80081,
	11.6894 2.81476,
	11.7006 2.83082,
	11.7079 2.84841,
	11.7111 2.86685,
	11.7101 2.88547,
	11.7048 2.90357,
	11.6955 2.92047,
	11.6825 2.93555,
	11.6663 2.94824,
	11.6476 2.95808,
	11.6269 2.96469,
	11.6052 2.96783,
	11.5831 2.96738,
	11.5615 2.96335,
	11.5413 2.95591,
	11.5231 2.94532,
	11.5077 2.93198,
	11.4956 2.91639,
	11.4873 2.89913,
	"/>
</Transform>

<Transform dim="1"
 xcoef=" 0.159793538446239 1 0 0 0 0"
 ycoef=" 0.0937112704390411 0 1 0 0 0">
<Contour name="D042_edge" hidden="false" closed="true" simplified="true" border="0 0 1" fill="0 0 1" mode="13"
 points="5.65845 4.29921,
	5.66752 4.23184,
	5.69397 4.17017,
	5.73555 4.11945,
	5.78874 4.08397,
	5.84902 4.06674,
	5.91128 4.06923,
	5.97026 4.09122,
	6.02093 4.13085,
	6.05901 4.18475,
	6.08127 4.24836,
	6.08582 4.31629,
	6.07227 4.38276,
	6.04178 4.44215,
	5.99692 4.48942,
	5.94151 4.52056,
	5.88023 4.53293,
	5.8183 4.52548,
	5.76095 4.49885,
	5.71306 4.45528,
	5.67868 4.39848,
	"/>
</Transform>

<Transform dim="1"
 xcoef=" 0.159793538446239 1 0 0 0 0"
 ycoef=" 0.0937112704390411 0 1 0 0 0">
<Contour name="D020_ax01" hidden="false" closed="true" simplified="false" border="0 1 1" fill="0 1 1" mode="11"
 points="9.97059 8.2172,
	9.98029 8.20751,
	9.94152 8.16874,
	9.95121 8.15904,
	9.98998 8.19781,
	9.99967 8.18812,
	9.99967 8.2172,
	"/>
</Transform>

<Transform dim="1"
 xcoef=" 0.159793538446239 1 0 0 0 0"
 ycoef=" 0.0937112704390411 0 1 0 0 0">
<Contour name="D046" hidden="false" closed="true" simplified="true" border="0 0 1" fill="0 0 1" mode="13"
 points="10.9791 1.54196,
	10.9812 1.52163,
	10.9874 1.502,
	10.9974 1.48373,
	11.011 1.46745,
	11.0276 1.4537,
	11.0467 1.44295,
	11.0677 1.43558,
	11.0899 1.43183,
	11.1124 1.43183,
	11.1345 1.43558,
	11.1555 1.44295,
	11.1746 1.4537,
	11.1913 1.46745,
	11.2048 1.48373,
	11.2149 1.502,
	11.221 1.52163,
	11.2231 1.54196,
	11.221 1.56228,
	11.2149 1.58191,
	11.2048 1.60018,
	11.1913 1.61647,
	11.1746 1.63022,
	11.1555 1.64097,
	11.1345 1.64834,
	11.1124 1.65209,
	11.0899 1.65209,
	11.0677 1.64834,
	11.0467 1.64097,
	11.0276 1.63022,
	11.011 1.61647,
	10.9974 1.60018,
	10.9874 1.58191,
	10.9812 1.56228,
	"/>
</Transform>

<Transform dim="1"
 xcoef=" 0.140228129402155 1 0 0 0 0"
 ycoef=" -0.850387560863576 0 1 0 0 0">
<Contour name="d046" hidden="false" closed="true" simplified="true" border="1 1 0" fill="1 1 0" mode="11"
 points="10.6054 0.551049,
	10.6105 0.540955,
	10.6131 0.535908,
	10.6144 0.533385,
	10.621 0.523291,
	10.6245 0.518245,
	10.63 0.508151,
	10.6328 0.503104,
	10.6335 0.501843,
	10.6352 0.496796,
	10.636 0.494272,
	10.6403 0.484179,
	10.6423 0.479132,
	10.6456 0.469038,
	10.6472 0.463991,
	10.6485 0.458945,
	10.65 0.453898,
	10.6507 0.451374,
	10.6546 0.441281,
	10.6557 0.438757,
	10.6562 0.437496,
	10.6581 0.434972,
	10.6584 0.434341,
	10.6628 0.429295,
	10.6644 0.426771,
	10.6671 0.421724,
	10.6683 0.419201,
	10.6702 0.416678,
	10.6746 0.411788,
	10.6772 0.40958,
	10.6784 0.408476,
	10.6835 0.405795,
	10.6885 0.40343,
	10.6892 0.403114,
	10.7093 0.399329,
	10.7295 0.395071,
	10.7346 0.393967,
	10.7548 0.388289,
	10.7649 0.38545,
	10.7699 0.383716,
	10.78 0.38135,
	10.785 0.380088,
	10.7876 0.379615,
	10.8078 0.370625,
	10.8103 0.369521,
	10.8204 0.364159,
	10.8229 0.36274,
	10.8254 0.361005,
	10.8279 0.358955,
	10.8328 0.353908,
	10.8354 0.351384,
	10.8365 0.350123,
	10.8421 0.340029,
	10.8432 0.337506,
	10.851 0.327412,
	10.8647 0.307225,
	10.8716 0.297131,
	10.886 0.276944,
	10.8931 0.26685,
	10.8999 0.256757,
	10.9016 0.254233,
	10.9019 0.253602,
	10.9063 0.248556,
	10.9085 0.246032,
	10.9092 0.245401,
	10.9142 0.242878,
	10.9167 0.241616,
	10.9268 0.238935,
	10.9369 0.236727,
	10.947 0.234992,
	10.9521 0.234204,
	10.9622 0.233257,
	10.9672 0.232784,
	10.9697 0.232627,
	10.971 0.232469,
	10.9811 0.233573,
	10.9861 0.234046,
	10.9886 0.234204,
	10.9937 0.23515,
	10.9987 0.2372,
	11.0088 0.242247,
	11.0114 0.243509,
	11.0164 0.246505,
	11.0189 0.248082,
	11.0215 0.250606,
	11.0227 0.251868,
	11.0263 0.256914,
	11.0287 0.261961,
	11.0317 0.272055,
	11.035 0.282148,
	11.0358 0.284672,
	11.0451 0.304859,
	11.0459 0.306121,
	11.0506 0.311168,
	11.0532 0.313691,
	11.0632 0.321734,
	11.0683 0.325835,
	11.0784 0.333405,
	11.0834 0.337033,
	11.0885 0.341606,
	11.091 0.343814,
	11.0923 0.345076,
	11.0929 0.345707,
	11.1131 0.356116,
	11.1181 0.358797,
	11.1282 0.364632,
	11.1307 0.366052,
	11.1333 0.367787,
	11.1345 0.368733,
	11.1446 0.373306,
	11.1497 0.374884,
	11.1598 0.377407,
	11.1648 0.378826,
	11.1673 0.379615,
	11.1724 0.381823,
	11.1825 0.387185,
	11.185 0.388447,
	11.1863 0.389078,
	11.1888 0.391128,
	11.1982 0.401222,
	11.2161 0.421409,
	11.2205 0.426456,
	11.2243 0.431503,
	11.2262 0.434026,
	11.2328 0.44412,
	11.2363 0.449166,
	11.2375 0.45169,
	11.2378 0.452321,
	11.2464 0.462414,
	11.2552 0.472508,
	11.2596 0.477555,
	11.2695 0.487648,
	11.2744 0.492695,
	11.2768 0.495219,
	11.2779 0.49648,
	11.2829 0.499792,
	11.293 0.505943,
	11.2981 0.50957,
	11.3031 0.513513,
	11.3057 0.514933,
	11.3157 0.52203,
	11.3183 0.523765,
	11.3195 0.524711,
	11.3296 0.5296,
	11.3347 0.532281,
	11.3448 0.536066,
	11.3498 0.538116,
	11.37 0.548052,
	11.375 0.551207,
	11.3801 0.555623,
	11.3825 0.557988,
	11.3908 0.568082,
	11.3919 0.569344,
	11.3935 0.571867,
	11.3962 0.576914,
	11.4009 0.587007,
	11.4039 0.597101,
	11.4044 0.599625,
	11.4044 0.600886,
	11.4049 0.602148,
	11.4039 0.612242,
	11.4037 0.613503,
	11.3993 0.623597,
	11.3979 0.628644,
	11.3971 0.631167,
	11.3965 0.636214,
	11.3971 0.641261,
	11.3976 0.643784,
	11.4009 0.653878,
	11.4012 0.655139,
	11.4034 0.660186,
	11.4045 0.66271,
	11.4072 0.667756,
	11.4137 0.67785,
	11.4209 0.687944,
	11.4246 0.692991,
	11.4252 0.694252,
	11.4295 0.699299,
	11.4342 0.704346,
	11.4367 0.706869,
	11.4418 0.71097,
	11.443 0.711758,
	11.4481 0.716332,
	11.453 0.721221,
	11.4555 0.723745,
	11.4577 0.726268,
	11.4642 0.736362,
	11.4675 0.741408,
	11.4724 0.746455,
	11.4736 0.747717,
	11.4787 0.751502,
	11.4888 0.756707,
	11.4938 0.759388,
	11.4988 0.762384,
	11.5089 0.769008,
	11.5115 0.770743,
	11.5165 0.773109,
	11.519 0.774213,
	11.5216 0.775632,
	11.5228 0.776263,
	11.5253 0.778313,
	11.5279 0.780048,
	11.5299 0.782414,
	11.5317 0.784937,
	11.5331 0.787461,
	11.5351 0.792507,
	11.5358 0.795031,
	11.5359 0.797554,
	11.5351 0.807648,
	11.5339 0.812695,
	11.5332 0.815218,
	11.531 0.820265,
	11.5282 0.825312,
	11.5276 0.826573,
	11.5257 0.829097,
	11.5246 0.83162,
	11.5241 0.832882,
	11.5235 0.837929,
	11.5231 0.840452,
	11.5236 0.845499,
	11.5241 0.848022,
	11.529 0.858116,
	11.5315 0.863163,
	11.5335 0.86821,
	11.5346 0.870733,
	11.5351 0.871995,
	11.5353 0.874518,
	11.5345 0.884612,
	11.5343 0.885873,
	11.5343 0.886504,
	11.5329 0.889028,
	11.5323 0.890289,
	11.5313 0.891551,
	11.5307 0.892813,
	11.5261 0.89786,
	11.5239 0.900383,
	11.5205 0.90543,
	11.519 0.907953,
	11.5184 0.909215,
	11.5181 0.910477,
	11.5167 0.913,
	11.5149 0.915523,
	11.5063 0.925617,
	11.5037 0.930664,
	11.5026 0.933187,
	11.4977 0.938076,
	11.4952 0.940127,
	11.4902 0.943281,
	11.4877 0.9447,
	11.4864 0.945489,
	11.4813 0.947381,
	11.4788 0.948328,
	11.4687 0.951009,
	11.4662 0.951955,
	11.4649 0.952586,
	11.4624 0.953375,
	11.4599 0.954636,
	11.4586 0.955267,
	11.4561 0.95716,
	11.4511 0.959999,
	11.4485 0.961418,
	11.446 0.963153,
	11.4448 0.964099,
	11.4397 0.966622,
	11.4372 0.967884,
	11.4271 0.969934,
	11.417 0.971196,
	11.4119 0.971827,
	11.4094 0.972142,
	11.4044 0.973562,
	11.4019 0.97435,
	11.4006 0.974666,
	11.3993 0.975454,
	11.3968 0.977662,
	11.3955 0.978924,
	11.3938 0.981447,
	11.3926 0.983971,
	11.3905 0.989018,
	11.3897 0.991541,
	11.3883 0.994065,
	11.3858 0.99643,
	11.3845 0.997692,
	11.3795 1.00037,
	11.3593 1.01015,
	11.3492 1.01599,
	11.3441 1.01898,
	11.3416 1.0204,
	11.3403 1.02119,
	11.3353 1.02576,
	11.3252 1.03554,
	11.3243 1.0368,
	11.323 1.03807,
	11.3205 1.03933,
	11.3192 1.03996,
	11.318 1.04106,
	11.3079 1.04595,
	11.3066 1.04658,
	11.3041 1.04706,
	11.3015 1.04784,
	11.299 1.04816,
	11.2978 1.04832,
	11.2927 1.048,
	11.2902 1.04784,
	11.2889 1.04784,
	11.2864 1.04721,
	11.2839 1.0469,
	11.2788 1.04485,
	11.2738 1.04154,
	11.2687 1.03744,
	11.2675 1.03649,
	11.2667 1.03523,
	11.2654 1.0346,
	11.2648 1.03412,
	11.2623 1.03349,
	11.261 1.03318,
	11.2585 1.03192,
	11.2572 1.03128,
	11.2566 1.03128,
	11.2516 1.02955,
	11.2509 1.02955,
	11.2484 1.02845,
	11.2471 1.02813,
	11.237 1.02324,
	11.2345 1.02182,
	11.2295 1.02009,
	11.227 1.01914,
	11.2244 1.01851,
	11.2143 1.01725,
	11.2093 1.01646,
	11.2042 1.01599,
	11.2017 1.01599,
	11.1967 1.01551,
	11.1941 1.01536,
	11.1891 1.01583,
	11.1689 1.01898,
	11.1664 1.0193,
	11.1639 1.01993,
	11.1538 1.02103,
	11.1512 1.02135,
	11.15 1.02151,
	11.1487 1.02198,
	11.1475 1.02214,
	11.1424 1.02371,
	11.1412 1.02387,
	11.1311 1.02703,
	11.1285 1.02782,
	11.1273 1.02829,
	11.1222 1.02892,
	11.1121 1.02892,
	11.1096 1.02908,
	11.1084 1.02923,
	11.1033 1.02908,
	11.1008 1.02892,
	11.1002 1.02892,
	11.0951 1.02718,
	11.0926 1.0264,
	11.0875 1.02576,
	11.085 1.02529,
	11.08 1.02277,
	11.0774 1.02151,
	11.0673 1.01441,
	11.0648 1.01267,
	11.0636 1.01173,
	11.061 1.01031,
	11.056 1.007,
	11.0535 1.00558,
	11.0522 1.00479,
	11.0516 1.00463,
	11.0509 1.00416,
	11.0503 1.004,
	11.05 1.004,
	11.0494 1.00353,
	11.0491 1.00321,
	11.0484 1.00305,
	11.0481 1.00305,
	11.0468 1.00195,
	11.0456 1.00148,
	11.0431 0.999742,
	11.038 0.996746,
	11.0355 0.994853,
	11.0304 0.990595,
	11.0279 0.988387,
	11.0229 0.984759,
	11.0178 0.981447,
	11.0172 0.980817,
	11.0159 0.980186,
	11.0134 0.978293,
	11.0121 0.977189,
	11.0117 0.976558,
	11.0104 0.97577,
	11.0098 0.975454,
	11.0047 0.970565,
	11.0002 0.965518,
	10.9967 0.960472,
	10.9916 0.950378,
	10.9905 0.947855,
	10.9899 0.946593,
	10.9885 0.941546,
	10.9882 0.939023,
	10.9883 0.936499,
	10.989 0.933976,
	10.9916 0.928929,
	10.9929 0.926406,
	10.9937 0.923882,
	10.9946 0.918835,
	10.995 0.917574,
	10.9948 0.91505,
	10.9948 0.913789,
	10.9923 0.912369,
	10.991 0.911738,
	10.9898 0.910477,
	10.9891 0.909846,
	10.9866 0.908584,
	10.9816 0.903537,
	10.979 0.901014,
	10.9745 0.895967,
	10.9721 0.893444,
	10.967 0.88887,
	10.9658 0.887766,
	10.9633 0.886031,
	10.9607 0.883981,
	10.9582 0.882404,
	10.9576 0.882088,
	10.9563 0.880984,
	10.9551 0.880196,
	10.945 0.872152,
	10.9424 0.870102,
	10.9412 0.869156,
	10.9361 0.864267,
	10.9336 0.861901,
	10.9316 0.859378,
	10.9298 0.856854,
	10.9273 0.854489,
	10.9223 0.850861,
	10.921 0.849915,
	10.9185 0.848495,
	10.9159 0.846603,
	10.9134 0.845026,
	10.9109 0.843764,
	10.9096 0.842818,
	10.9046 0.838244,
	10.9021 0.836194,
	10.897 0.83304,
	10.8958 0.832093,
	10.8907 0.829412,
	10.8882 0.827993,
	10.8869 0.827047,
	10.8822 0.822,
	10.8809 0.821211,
	10.8784 0.818688,
	10.8741 0.813641,
	10.8693 0.80891,
	10.8667 0.806544,
	10.8617 0.802443,
	10.8566 0.798658,
	10.8516 0.795189,
	10.8491 0.794085,
	10.8478 0.793611,
	10.8377 0.793769,
	10.8327 0.793454,
	10.8301 0.792981,
	10.8295 0.792823,
	10.827 0.791088,
	10.8245 0.789984,
	10.8219 0.788091,
	10.8177 0.783202,
	10.8166 0.781941,
	10.8139 0.776894,
	10.8123 0.77437,
	10.8024 0.754183,
	10.7975 0.74409,
	10.7921 0.733996,
	10.7896 0.728949,
	10.7885 0.726426,
	10.7869 0.723902,
	10.7861 0.722641,
	10.7819 0.717594,
	10.7798 0.71507,
	10.7786 0.713809,
	10.7761 0.711916,
	10.7735 0.710497,
	10.7729 0.710181,
	10.7678 0.710024,
	10.7653 0.710339,
	10.7641 0.710497,
	10.7628 0.71097,
	10.7603 0.712862,
	10.7578 0.713809,
	10.7565 0.714597,
	10.7559 0.71507,
	10.7508 0.715859,
	10.7496 0.716017,
	10.7445 0.715386,
	10.742 0.715228,
	10.7407 0.71507,
	10.7382 0.713651,
	10.7332 0.712074,
	10.7319 0.711758,
	10.7268 0.709077,
	10.7168 0.704504,
	10.7117 0.702453,
	10.7067 0.700088,
	10.7016 0.697407,
	10.6991 0.695987,
	10.6966 0.693621,
	10.6953 0.69236,
	10.6903 0.688259,
	10.6852 0.684474,
	10.6827 0.682266,
	10.6776 0.677377,
	10.6751 0.675169,
	10.665 0.668703,
	10.66 0.665549,
	10.6575 0.663656,
	10.6526 0.658767,
	10.65 0.656243,
	10.6478 0.65372,
	10.6467 0.652458,
	10.6437 0.647412,
	10.642 0.644888,
	10.6371 0.634794,
	10.6354 0.629748,
	10.6254 0.60956,
	10.6161 0.589373,
	10.6138 0.584326,
	10.6117 0.57928,
	10.6106 0.576756,
	10.6101 0.574233,
	10.61 0.571709,
	10.61 0.570448,
	10.6068 0.560354,
	10.6065 0.559092,
	10.6059 0.557831,
	10.6056 0.556569,
	10.6054 0.551522,
	10.6054 0.551207,
	"/>
</Transform>

<Transform dim="1"
 xcoef=" 0.140228129402155 1 0 0 0 0"
 ycoef=" -0.850387560863576 0 1 0 0 0">
<Contour name="d046_p02" hidden="false" closed="true" simplified="true" border="1 1 0" fill="1 1 0" mode="11"
 points="11.4743 0.472414,
	11.4771 0.454815,
	11.4771 0.452615,
	11.4809 0.443816,
	11.4831 0.439416,
	11.4842 0.438316,
	11.4914 0.420718,
	11.4958 0.411918,
	11.498 0.409719,
	11.504 0.402019,
	11.5112 0.39487,
	11.5156 0.39212,
	11.5178 0.39047,
	11.5189 0.39047,
	11.5233 0.38772,
	11.5255 0.38662,
	11.5266 0.38552,
	11.531 0.384421,
	11.5321 0.383321,
	11.5497 0.376721,
	11.5541 0.375621,
	11.5563 0.375071,
	11.5574 0.373971,
	11.575 0.367922,
	11.5772 0.367372,
	11.5783 0.366272,
	11.5827 0.365172,
	11.5838 0.364072,
	11.5882 0.362422,
	11.5904 0.361322,
	11.5915 0.361322,
	11.5937 0.359672,
	11.5948 0.359672,
	11.5992 0.356923,
	11.6168 0.351423,
	11.619 0.351423,
	11.6212 0.350323,
	11.6564 0.348123,
	11.6652 0.347573,
	11.6674 0.346473,
	11.6762 0.344824,
	11.6938 0.339874,
	11.6949 0.338774,
	11.6993 0.338224,
	11.7004 0.337124,
	11.718 0.333274,
	11.7355 0.331075,
	11.7443 0.331625,
	11.7619 0.337124,
	11.7663 0.338774,
	11.7674 0.339874,
	11.7718 0.341524,
	11.774 0.342074,
	11.7751 0.343174,
	11.7773 0.343724,
	11.7817 0.347023,
	11.7905 0.350873,
	11.7927 0.351973,
	11.7938 0.351973,
	11.7949 0.353073,
	11.7971 0.353623,
	11.8015 0.356923,
	11.8103 0.361322,
	11.8125 0.363522,
	11.8208 0.369022,
	11.8246 0.371222,
	11.8318 0.379471,
	11.8345 0.383871,
	11.8351 0.38607,
	11.8362 0.38662,
	11.8367 0.38882,
	11.8384 0.39102,
	11.8389 0.39322,
	11.8389 0.39432,
	11.84 0.39542,
	11.8461 0.413018,
	11.8466 0.415218,
	11.8477 0.416318,
	11.8488 0.420718,
	11.8488 0.422918,
	11.8499 0.425117,
	11.851 0.433917,
	11.851 0.451515,
	11.8538 0.486713,
	11.8532 0.495512,
	11.8516 0.504311,
	11.8444 0.52191,
	11.8395 0.530709,
	11.8323 0.539509,
	11.8312 0.541158,
	11.8169 0.557657,
	11.8125 0.561507,
	11.8103 0.563707,
	11.8021 0.568656,
	11.801 0.568656,
	11.7966 0.571406,
	11.7878 0.574706,
	11.7856 0.575806,
	11.7812 0.576356,
	11.7801 0.577456,
	11.7757 0.578006,
	11.7713 0.579656,
	11.7669 0.580205,
	11.7581 0.582955,
	11.7493 0.584605,
	11.7317 0.585155,
	11.7229 0.585155,
	11.7141 0.586805,
	11.6789 0.588455,
	11.6437 0.589005,
	11.6261 0.590105,
	11.6085 0.592855,
	11.5909 0.593404,
	11.5733 0.591205,
	11.5689 0.590105,
	11.5678 0.589555,
	11.5502 0.590655,
	11.5326 0.590655,
	11.5282 0.590105,
	11.526 0.589555,
	11.5249 0.589555,
	11.5238 0.588455,
	11.5194 0.587905,
	11.5106 0.584605,
	11.5084 0.583505,
	11.5079 0.582405,
	11.5057 0.581855,
	11.5046 0.580755,
	11.5024 0.580205,
	11.498 0.577456,
	11.4963 0.576356,
	11.4919 0.572506,
	11.4859 0.565357,
	11.482 0.557107,
	11.4804 0.552708,
	11.4793 0.550508,
	11.4776 0.541708,
	11.4765 0.52411,
	11.4754 0.51531,
	11.4743 0.480113,
	11.4743 0.475714,
	11.4743 0.473514,
	11.4743 0.472964,
	"/>
</Transform>

<Transform dim="1"
 xcoef=" 0.140228129402155 1 0 0 0 0"
 ycoef=" -0.850387560863576 0 1 0 0 0">
<Contour name="d046_p04" hidden="false" closed="true" simplified="true" border="1 1 0" fill="1 1 0" mode="11"
 points="9.74461 1.56962,
	9.74566 1.56682,
	9.74636 1.56543,
	9.74636 1.56263,
	9.74881 1.55704,
	9.74985 1.55425,
	9.75055 1.55285,
	9.75055 1.55145,
	9.76068 1.54063,
	9.77186 1.53224,
	9.77745 1.5277,
	9.78303 1.52246,
	9.79421 1.51338,
	9.80329 1.50256,
	9.80643 1.49697,
	9.80678 1.49417,
	9.80748 1.49278,
	9.80888 1.49138,
	9.80888 1.48859,
	9.81028 1.48579,
	9.81098 1.48439,
	9.81132 1.4816,
	9.81272 1.4802,
	9.81517 1.46903,
	9.81621 1.44667,
	9.81621 1.44109,
	9.82006 1.41873,
	9.82669 1.39638,
	9.83019 1.3852,
	9.83123 1.38381,
	9.83228 1.37822,
	9.83647 1.36704,
	9.84136 1.35586,
	9.84241 1.35307,
	9.84276 1.35167,
	9.84381 1.35028,
	9.84416 1.34888,
	9.84625 1.34608,
	9.85743 1.33875,
	9.86302 1.33596,
	9.8686 1.33491,
	9.87978 1.33421,
	9.89096 1.33421,
	9.89655 1.33491,
	9.90213 1.33491,
	9.91331 1.33665,
	9.9189 1.337,
	9.92449 1.33665,
	9.92728 1.33665,
	9.93287 1.33526,
	9.94405 1.33141,
	9.94544 1.33141,
	9.95103 1.32967,
	9.95662 1.32862,
	9.95802 1.32862,
	9.95941 1.32792,
	9.98177 1.32548,
	10.0041 1.32373,
	10.0265 1.31919,
	10.0321 1.31849,
	10.0349 1.31779,
	10.046 1.31744,
	10.0516 1.31744,
	10.0544 1.31744,
	10.0656 1.32233,
	10.0684 1.32338,
	10.0698 1.32443,
	10.0712 1.32478,
	10.0726 1.32583,
	10.074 1.32618,
	10.0754 1.32722,
	10.0768 1.32757,
	10.0775 1.32757,
	10.0789 1.32862,
	10.0796 1.32862,
	10.0824 1.33037,
	10.0852 1.33141,
	10.0963 1.3384,
	10.1019 1.34224,
	10.1047 1.34434,
	10.1061 1.34469,
	10.1089 1.34678,
	10.1117 1.34748,
	10.1131 1.34818,
	10.1187 1.34818,
	10.1215 1.34783,
	10.1327 1.34259,
	10.1354 1.34189,
	10.1368 1.34119,
	10.148 1.34119,
	10.1536 1.34294,
	10.155 1.34329,
	10.1564 1.34434,
	10.1592 1.34469,
	10.162 1.34643,
	10.1648 1.34748,
	10.1662 1.34818,
	10.169 1.34853,
	10.1802 1.35621,
	10.1857 1.36075,
	10.191 1.36634,
	10.1948 1.37193,
	10.1959 1.37472,
	10.1976 1.37717,
	10.2001 1.38276,
	10.2004 1.38415,
	10.2004 1.38485,
	10.2018 1.38625,
	10.2063 1.4086,
	10.2077 1.41978,
	10.2084 1.42537,
	10.2081 1.44772,
	10.207 1.45331,
	10.2036 1.46449,
	10.2015 1.47007,
	10.2008 1.47287,
	10.1948 1.48405,
	10.1864 1.49522,
	10.1767 1.5064,
	10.1721 1.51199,
	10.1609 1.52212,
	10.1561 1.5277,
	10.1337 1.54901,
	10.1285 1.5546,
	10.126 1.55739,
	10.1037 1.56962,
	10.0925 1.57625,
	10.0869 1.57975,
	10.0841 1.58149,
	10.0827 1.58184,
	10.0817 1.58324,
	10.0789 1.58429,
	10.0677 1.59232,
	10.0453 1.60594,
	10.0397 1.60978,
	10.0342 1.61432,
	10.0118 1.62969,
	10.0006 1.63737,
	9.98945 1.64226,
	9.98386 1.64436,
	9.98107 1.64576,
	9.95872 1.6496,
	9.95313 1.65065,
	9.95033 1.651,
	9.94754 1.65239,
	9.94195 1.65344,
	9.93916 1.65379,
	9.92798 1.65728,
	9.92239 1.65833,
	9.9168 1.66008,
	9.90563 1.66217,
	9.90283 1.66322,
	9.88048 1.66392,
	9.87489 1.66357,
	9.8721 1.66287,
	9.86092 1.66217,
	9.85533 1.66182,
	9.84416 1.65938,
	9.83857 1.65833,
	9.82739 1.65414,
	9.8246 1.65344,
	9.8232 1.65309,
	9.8225 1.65309,
	9.81971 1.651,
	9.81691 1.64995,
	9.81132 1.64646,
	9.80574 1.64366,
	9.80294 1.64122,
	9.79735 1.63912,
	9.775 1.62445,
	9.76382 1.61677,
	9.76103 1.61502,
	9.75649 1.60978,
	9.75404 1.60419,
	9.753 1.6028,
	9.7523 1.6021,
	9.7523 1.6007,
	9.75055 1.59791,
	9.74706 1.58673,
	9.74531 1.58114,
	9.74461 1.56997,
	"/>
</Transform>

<Transform dim="1"
 xcoef=" 0.140228129402155 1 0 0 0 0"
 ycoef=" -0.850387560863576 0 1 0 0 0">
<Contour name="d046_p05" hidden="false" closed="true" simplified="true" border="1 1 0" fill="1 1 0" mode="11"
 points="12.2069 1.30494,
	12.2104 1.29112,
	12.2134 1.28421,
	12.222 1.27039,
	12.2229 1.26866,
	12.2298 1.26176,
	12.2406 1.24794,
	12.2471 1.24189,
	12.2604 1.22807,
	12.2674 1.22116,
	12.2794 1.20735,
	12.282 1.20389,
	12.2833 1.20216,
	12.2833 1.2013,
	12.2846 1.19957,
	12.2851 1.19785,
	12.2902 1.19094,
	12.292 1.18748,
	12.2967 1.18057,
	12.2997 1.17367,
	12.3019 1.16676,
	12.3032 1.1633,
	12.3045 1.16157,
	12.3045 1.16071,
	12.3101 1.1538,
	12.3166 1.14732,
	12.32 1.14473,
	12.3218 1.1443,
	12.3287 1.13998,
	12.3351 1.13739,
	12.3421 1.13653,
	12.349 1.13739,
	12.3524 1.13955,
	12.3541 1.14042,
	12.368 1.14085,
	12.3714 1.14128,
	12.3783 1.1443,
	12.3818 1.14646,
	12.3883 1.15294,
	12.39 1.15467,
	12.3908 1.15639,
	12.3939 1.15985,
	12.396 1.1633,
	12.3986 1.17021,
	12.3999 1.17367,
	12.4003 1.17712,
	12.4016 1.18057,
	12.4016 1.1823,
	12.4025 1.18317,
	12.4034 1.19007,
	12.4034 1.20389,
	12.4029 1.20735,
	12.4021 1.20907,
	12.4016 1.21253,
	12.4003 1.21598,
	12.3999 1.21771,
	12.3991 1.21857,
	12.3986 1.2203,
	12.3939 1.22721,
	12.393 1.22894,
	12.3861 1.23541,
	12.3792 1.24103,
	12.3654 1.24751,
	12.3585 1.25139,
	12.3516 1.25441,
	12.3446 1.25873,
	12.317 1.28075,
	12.3101 1.28637,
	12.2976 1.29975,
	12.2928 1.30666,
	12.2868 1.31357,
	12.2803 1.31962,
	12.2734 1.3248,
	12.2717 1.32523,
	12.2579 1.33257,
	12.2561 1.33257,
	12.2492 1.33473,
	12.2458 1.33559,
	12.244 1.33689,
	12.2423 1.33732,
	12.2389 1.33948,
	12.2354 1.34034,
	12.2337 1.34034,
	12.2319 1.34121,
	12.2181 1.34078,
	12.2147 1.33948,
	12.2129 1.33862,
	12.2104 1.33516,
	12.2082 1.32825,
	12.2069 1.31444,
	12.2069 1.30753,
	12.2069 1.3058,
	12.2069 1.30537,
	"/>
</Transform>

<Transform dim="1"
 xcoef=" 0.170228129402155 1 0 0 0 0"
 ycoef=" -0.108462675879899 0 1 0 0 0">
<Contour name="d046_o02" hidden="false" closed="true" simplified="false" border="1 0 0" fill="1 0 0" mode="-13"
 points="11.3834 1.3286,
	11.4149 1.3286,
	11.3992 1.35745,
	"/>
</Transform>

<Transform dim="1"
 xcoef=" 0.140228129402155 1 0 0 0 0"
 ycoef=" -0.118462675879899 0 1 0 0 0">
<Contour name="d046_checked" hidden="false" closed="true" simplified="false" border="0 1 0" fill="0 1 0" mode="-13"
 points="11.3281 1.34572,
	11.3342 1.33709,
	11.3281 1.32846,
	11.3317 1.32846,
	11.3367 1.33586,
	11.3416 1.32846,
	11.3453 1.32846,
	11.3391 1.33709,
	11.3453 1.34572,
	11.3416 1.34572,
	11.3367 1.33832,
	11.3317 1.34572,
	"/>
</Transform>

<Transform dim="1"
 xcoef=" 0.140228129402155 1 0 0 0 0"
 ycoef=" -0.118462675879899 0 1 0 0 0">
<Contour name="d046_p37" hidden="false" closed="true" simplified="true" border="1 1 0" fill="1 1 0" mode="11"
 points="12.3379 1.3359,
	12.339 1.32727,
	12.3422 1.31865,
	12.3638 1.28414,
	12.3907 1.24964,
	12.4069 1.23347,
	12.4242 1.21945,
	12.4414 1.20975,
	12.4587 1.19789,
	12.4673 1.19465,
	12.5018 1.18926,
	12.5061 1.18926,
	12.5234 1.19573,
	12.5395 1.20759,
	12.546 1.21622,
	12.5633 1.23023,
	12.5719 1.2367,
	12.5794 1.24533,
	12.5848 1.25395,
	12.588 1.26258,
	12.588 1.27983,
	12.587 1.28846,
	12.5827 1.29708,
	12.5827 1.30139,
	12.5783 1.31002,
	12.5708 1.31865,
	12.5535 1.33158,
	12.5363 1.34129,
	12.5277 1.34452,
	12.5234 1.3456,
	12.519 1.34884,
	12.4845 1.3607,
	12.4673 1.36609,
	12.45 1.37579,
	12.4414 1.3801,
	12.4242 1.38226,
	12.3897 1.38226,
	12.3724 1.38226,
	12.3649 1.3801,
	12.3562 1.37579,
	12.3476 1.36932,
	12.3411 1.36177,
	12.3379 1.35315,
	12.3379 1.33697,
	"/>
</Transform>

<Transform dim="1"
 xcoef=" 0.140228129402155 1 0 0 0 0"
 ycoef=" -0.118462675879899 0 1 0 0 0">
<Contour name="D046 ax01??" hidden="false" closed="true" simplified="false" border="1 1 0" fill="1 1 0" mode="11"
 points="8.82995 6.68033,
	8.80688 6.68033,
	8.80688 6.69186,
	8.81841 6.7034,
	8.85303 6.71494,
	8.82995 6.72648,
	8.81841 6.74955,
	8.79534 6.72648,
	8.7838 6.7034,
	8.7838 6.68033,
	8.76073 6.68033,
	8.79534 6.65725,
	"/>
</Transform>

<Transform dim="1"
 xcoef=" 0.140228129402155 1 0 0 0 0"
 ycoef=" -0.118462675879899 0 1 0 0 0">
<Contour name="D037" hidden="false" closed="true" simplified="true" border="0 0 1" fill="0 0 1" mode="11"
 points="15.9589 1.45456,
	15.9606 1.43882,
	15.9659 1.42375,
	15.9745 1.40998,
	15.986 1.39809,
	15.9999 1.38859,
	16.0156 1.38188,
	16.0325 1.37825,
	16.0499 1.37784,
	16.067 1.38068,
	16.0831 1.38664,
	16.0975 1.39547,
	16.1096 1.40681,
	16.119 1.42016,
	16.1251 1.43496,
	16.1278 1.4506,
	16.1269 1.4664,
	16.1225 1.4817,
	16.1147 1.49586,
	16.1039 1.50826,
	16.0906 1.5184,
	16.0752 1.52584,
	16.0585 1.53026,
	16.0412 1.53148,
	16.024 1.52945,
	16.0075 1.52425,
	15.9926 1.5161,
	15.9799 1.50535,
	15.9698 1.49246,
	15.9629 1.47796,
	"/>
</Transform>

<Transform dim="1"
 xcoef=" 0.140228129402155 1 0 0 0 0"
 ycoef=" -0.118462675879899 0 1 0 0 0">
<Contour name="D020" hidden="false" closed="true" simplified="true" border="0 0 1" fill="0 0 1" mode="11"
 points="10.5412 6.94942,
	10.5426 6.93561,
	10.5468 6.9221,
	10.5538 6.90917,
	10.5633 6.89709,
	10.5752 6.88613,
	10.5892 6.87652,
	10.6051 6.86847,
	10.6224 6.86214,
	10.6408 6.85767,
	10.66 6.85515,
	10.6795 6.85465,
	10.6988 6.85616,
	10.7177 6.85966,
	10.7356 6.86508,
	10.7522 6.87229,
	10.7672 6.88115,
	10.7802 6.89146,
	10.7909 6.90301,
	10.7992 6.91554,
	10.8048 6.9288,
	10.8077 6.9425,
	10.8077 6.95634,
	10.8048 6.97004,
	10.7992 6.9833,
	10.7909 6.99583,
	10.7802 7.00738,
	10.7672 7.01769,
	10.7522 7.02655,
	10.7356 7.03376,
	10.7177 7.03917,
	10.6988 7.04268,
	10.6795 7.04419,
	10.66 7.04368,
	10.6408 7.04117,
	10.6224 7.0367,
	10.6051 7.03037,
	10.5892 7.02231,
	10.5752 7.0127,
	10.5633 7.00175,
	10.5538 6.98967,
	10.5468 6.97674,
	10.5426 6.96323,
	"/>
</Transform>

<Transform dim="1"
 xcoef=" 0.140228129402155 1 0 0 0 0"
 ycoef=" -0.118462675879899 0 1 0 0 0">
<Contour name="D060_large" hidden="false" closed="true" simplified="true" border="0 0 1" fill="0 0 1" mode="11"
 points="2.47717 4.95502,
	2.4782 4.93359,
	2.48127 4.91241,
	2.48636 4.89172,
	2.49339 4.87178,
	2.5023 4.85282,
	2.51296 4.83505,
	2.52527 4.81869,
	2.53907 4.80393,
	2.5542 4.79094,
	2.57049 4.77987,
	2.58774 4.77086,
	2.60575 4.76401,
	2.62431 4.75939,
	2.64321 4.75707,
	2.66222 4.75707,
	2.68111 4.75939,
	2.69967 4.76401,
	2.71769 4.77086,
	2.73494 4.77987,
	2.75122 4.79094,
	2.76636 4.80393,
	2.78015 4.81869,
	2.79246 4.83505,
	2.80313 4.85282,
	2.81203 4.87178,
	2.81906 4.89172,
	2.82415 4.91241,
	2.82722 4.93359,
	2.82825 4.95502,
	2.82722 4.97646,
	2.82415 4.99764,
	2.81906 5.01832,
	2.81203 5.03826,
	2.80313 5.05723,
	2.79246 5.07499,
	2.78015 5.09135,
	2.76636 5.10612,
	2.75122 5.11911,
	2.73494 5.13017,
	2.71769 5.13919,
	2.69967 5.14604,
	2.68111 5.15065,
	2.66222 5.15297,
	2.64321 5.15297,
	2.62431 5.15065,
	2.60575 5.14604,
	2.58774 5.13919,
	2.57049 5.13017,
	2.5542 5.11911,
	2.53907 5.10612,
	2.52527 5.09135,
	2.51296 5.07499,
	2.5023 5.05723,
	2.49339 5.03826,
	2.48636 5.01832,
	2.48127 4.99764,
	"/>
</Transform>

<Transform dim="1"
 xcoef=" 0.140228129402155 1 0 0 0 0"
 ycoef=" -0.118462675879899 0 1 0 0 0">
<Contour name="D022" hidden="false" closed="true" simplified="true" border="0 0 1" fill="0 0 1" mode="11"
 points="14.2631 6.80773,
	14.2636 6.79573,
	14.265 6.78384,
	14.2673 6.77219,
	14.2705 6.76088,
	14.2745 6.75003,
	14.2794 6.73975,
	14.2851 6.73013,
	14.2914 6.72127,
	14.2985 6.71325,
	14.3061 6.70616,
	14.3142 6.70007,
	14.3227 6.69503,
	14.3316 6.69109,
	14.3408 6.68829,
	14.3501 6.68666,
	14.3596 6.68621,
	14.369 6.68695,
	14.3783 6.68888,
	14.3874 6.69197,
	14.3962 6.69618,
	14.4047 6.7015,
	14.4127 6.70785,
	14.4201 6.71517,
	14.427 6.72341,
	14.4332 6.73246,
	14.4387 6.74226,
	14.4433 6.75269,
	14.4472 6.76367,
	14.4502 6.77507,
	14.4522 6.78679,
	14.4534 6.79872,
	14.4536 6.81074,
	14.4529 6.82273,
	14.4513 6.83457,
	14.4488 6.84615,
	14.4454 6.85735,
	14.4411 6.86807,
	14.436 6.87819,
	14.4302 6.88763,
	14.4236 6.89629,
	14.4165 6.90408,
	14.4087 6.91092,
	14.4005 6.91676,
	14.3918 6.92153,
	14.3829 6.92519,
	14.3736 6.9277,
	14.3643 6.92903,
	14.3549 6.92918,
	14.3455 6.92814,
	14.3362 6.92593,
	14.3272 6.92255,
	14.3184 6.91806,
	14.3101 6.91248,
	14.3022 6.90588,
	14.2949 6.89832,
	14.2882 6.88987,
	14.2821 6.88062,
	14.2769 6.87066,
	14.2724 6.86008,
	14.2688 6.84899,
	14.266 6.83749,
	14.2642 6.82571,
	"/>
</Transform>

<Transform dim="1"
 xcoef=" 0.140228129402155 1 0 0 0 0"
 ycoef=" -0.118462675879899 0 1 0 0 0">
<Contour name="D048_oblique" hidden="false" closed="true" simplified="true" border="0 0 1" fill="0 0 1" mode="11"
 points="12.8996 3.89298,
	12.9 3.88494,
	12.9014 3.87698,
	12.9036 3.86916,
	12.9067 3.86155,
	12.9107 3.85421,
	12.9154 3.84721,
	12.921 3.84062,
	12.9272 3.83449,
	12.9341 3.82887,
	12.9416 3.82381,
	12.9497 3.81936,
	12.9582 3.81556,
	12.9671 3.81244,
	12.9763 3.81003,
	12.9858 3.80834,
	12.9954 3.8074,
	13.005 3.80721,
	13.0147 3.80778,
	13.0242 3.80909,
	13.0336 3.81114,
	13.0426 3.81391,
	13.0513 3.81738,
	13.0596 3.82151,
	13.0674 3.82627,
	13.0746 3.83161,
	13.0812 3.83749,
	13.0871 3.84386,
	13.0923 3.85067,
	13.0967 3.85784,
	13.1002 3.86532,
	13.1029 3.87305,
	13.1047 3.88095,
	13.1056 3.88896,
	13.1056 3.897,
	13.1047 3.905,
	13.1029 3.91291,
	13.1002 3.92063,
	13.0967 3.92811,
	13.0923 3.93529,
	13.0871 3.94209,
	13.0812 3.94846,
	13.0746 3.95434,
	13.0674 3.95969,
	13.0596 3.96444,
	13.0513 3.96857,
	13.0426 3.97204,
	13.0336 3.97481,
	13.0242 3.97686,
	13.0147 3.97817,
	13.005 3.97874,
	12.9954 3.97855,
	12.9858 3.97761,
	12.9763 3.97593,
	12.9671 3.97351,
	12.9582 3.97039,
	12.9497 3.96659,
	12.9416 3.96214,
	12.9341 3.95709,
	12.9272 3.95147,
	12.921 3.94533,
	12.9154 3.93874,
	12.9107 3.93174,
	12.9067 3.92441,
	12.9036 3.91679,
	12.9014 3.90897,
	12.9 3.90101,
	"/>
</Transform>

<Transform dim="1"
 xcoef=" 0.159793538446239 1 0 0 0 0"
 ycoef=" 0.0937112704390411 0 1 0 0 0">
<Image mag="0.00201646" contrast="1.3401" brightness="-0.405" red="true" green="true" blue="true"
 src="013____z12.0.tif" />
<Contour name="domain1" hidden="false" closed="true" simplified="false" border="1 0 1" fill="1 0 1" mode="11"
 points="0 0,
	9551 0,
	9551 5063,
	0 5063,
	"/>
</Transform>

<Transform dim="1"
 xcoef=" -0.0425070581592321 1 0 0 0 0"
 ycoef=" -0.00980932111366894 0 1 0 0 0">
<Contour name="d020" hidden="false" closed="true" simplified="true" border="1 1 0" fill="1 1 0" mode="11"
 points="10.2198 6.95908,
	10.2217 6.95399,
	10.2227 6.95145,
	10.2232 6.95018,
	10.2235 6.94954,
	10.2237 6.94922,
	10.2239 6.94795,
	10.224 6.94732,
	10.224 6.94716,
	10.2262 6.94462,
	10.2272 6.94334,
	10.2284 6.94215,
	10.2297 6.94112,
	10.2398 6.93381,
	10.2449 6.93016,
	10.2475 6.92849,
	10.2487 6.92769,
	10.2513 6.92642,
	10.2516 6.92626,
	10.2524 6.92499,
	10.2537 6.92467,
	10.2587 6.92102,
	10.26 6.92022,
	10.2651 6.9176,
	10.2676 6.91562,
	10.2689 6.91466,
	10.2695 6.91419,
	10.2784 6.90402,
	10.2788 6.9037,
	10.2846 6.89353,
	10.2875 6.88844,
	10.289 6.8859,
	10.2904 6.88336,
	10.2916 6.88209,
	10.2918 6.88177,
	10.2927 6.87923,
	10.2955 6.87414,
	10.2959 6.87351,
	10.3 6.86334,
	10.301 6.8608,
	10.3015 6.85952,
	10.3031 6.85698,
	10.3035 6.85635,
	10.3057 6.85126,
	10.3071 6.84872,
	10.3104 6.84363,
	10.3112 6.84236,
	10.3118 6.84109,
	10.3122 6.83982,
	10.3124 6.83919,
	10.3186 6.82902,
	10.3194 6.82774,
	10.3246 6.81757,
	10.3249 6.81694,
	10.3258 6.81567,
	10.3262 6.81503,
	10.3266 6.81376,
	10.3325 6.80359,
	10.3379 6.79342,
	10.3406 6.78834,
	10.3419 6.78579,
	10.3437 6.78325,
	10.3447 6.78198,
	10.3452 6.78135,
	10.346 6.7788,
	10.3473 6.77626,
	10.3476 6.77562,
	10.3511 6.77054,
	10.3528 6.768,
	10.3537 6.76673,
	10.3581 6.76164,
	10.3604 6.7591,
	10.3704 6.75004,
	10.3717 6.74901,
	10.373 6.74813,
	10.3743 6.7475,
	10.3755 6.7467,
	10.3806 6.74297,
	10.3857 6.74035,
	10.3882 6.73908,
	10.3984 6.73447,
	10.4035 6.73209,
	10.4137 6.72795,
	10.4188 6.72589,
	10.4213 6.72478,
	10.4226 6.7243,
	10.4232 6.72398,
	10.4257 6.7235,
	10.4261 6.72343,
	10.4273 6.72215,
	10.4276 6.72192,
	10.4378 6.71818,
	10.4404 6.71723,
	10.4416 6.71667,
	10.4429 6.71627,
	10.4454 6.71604,
	10.4556 6.71341,
	10.4658 6.71048,
	10.4709 6.70889,
	10.4734 6.70801,
	10.4747 6.70761,
	10.4849 6.70571,
	10.4899 6.7042,
	10.4925 6.70332,
	10.4938 6.70285,
	10.4941 6.70269,
	10.5144 6.70094,
	10.5347 6.69943,
	10.5398 6.69911,
	10.5602 6.69919,
	10.5703 6.70031,
	10.5729 6.70054,
	10.5735 6.70054,
	10.5761 6.70166,
	10.5764 6.70181,
	10.5777 6.70181,
	10.5783 6.70181,
	10.5786 6.70181,
	10.5837 6.70404,
	10.5862 6.70531,
	10.5888 6.70634,
	10.59 6.70674,
	10.5926 6.70714,
	10.5939 6.7073,
	10.5945 6.70738,
	10.5948 6.70746,
	10.5974 6.7092,
	10.598 6.7096,
	10.6082 6.71373,
	10.6132 6.71564,
	10.6183 6.71771,
	10.619 6.71794,
	10.62 6.71921,
	10.6206 6.71985,
	10.621 6.72009,
	10.6235 6.72072,
	10.6241 6.72088,
	10.6248 6.72088,
	10.626 6.72128,
	10.6267 6.7216,
	10.647 6.73804,
	10.6521 6.7413,
	10.6572 6.74376,
	10.6623 6.74583,
	10.6635 6.74639,
	10.6648 6.74766,
	10.6699 6.74933,
	10.675 6.75084,
	10.6763 6.75123,
	10.6788 6.75163,
	10.6813 6.75187,
	10.7017 6.76005,
	10.7023 6.76037,
	10.7036 6.76148,
	10.7039 6.76172,
	10.7052 6.76188,
	10.7077 6.76434,
	10.709 6.76538,
	10.7141 6.76903,
	10.7192 6.773,
	10.7217 6.77507,
	10.723 6.77618,
	10.7236 6.77674,
	10.7251 6.77928,
	10.7269 6.78182,
	10.7274 6.78246,
	10.7281 6.78278,
	10.7285 6.78397,
	10.7312 6.78905,
	10.7333 6.79414,
	10.7353 6.79922,
	10.7354 6.79954,
	10.7362 6.80971,
	10.7371 6.83005,
	10.7375 6.84022,
	10.7377 6.8453,
	10.7373 6.86564,
	10.7371 6.87073,
	10.7371 6.87581,
	10.7368 6.88598,
	10.7368 6.88725,
	10.7358 6.89234,
	10.735 6.89742,
	10.7347 6.89869,
	10.7342 6.90378,
	10.7341 6.90505,
	10.734 6.90569,
	10.734 6.906,
	10.7328 6.90855,
	10.732 6.91363,
	10.7304 6.91872,
	10.73 6.91999,
	10.7294 6.92507,
	10.7291 6.92761,
	10.7289 6.92888,
	10.7285 6.93016,
	10.7279 6.93143,
	10.7275 6.9327,
	10.7265 6.93778,
	10.7261 6.94033,
	10.7254 6.94287,
	10.7243 6.94541,
	10.7238 6.94668,
	10.7203 6.96702,
	10.7195 6.97211,
	10.7191 6.97465,
	10.7188 6.97719,
	10.7187 6.97846,
	10.7186 6.9791,
	10.718 6.98037,
	10.7176 6.981,
	10.7173 6.98355,
	10.7172 6.98418,
	10.7153 6.98927,
	10.7152 6.98958,
	10.7149 6.99213,
	10.7147 6.9934,
	10.7146 6.99403,
	10.7144 6.99467,
	10.7135 6.99594,
	10.7122 7.00103,
	10.712 7.00166,
	10.7118 7.0042,
	10.7118 7.00484,
	10.7087 7.01501,
	10.7076 7.02009,
	10.7075 7.02137,
	10.7069 7.02391,
	10.7068 7.02518,
	10.7067 7.02581,
	10.7029 7.03598,
	10.7025 7.03726,
	10.7012 7.04234,
	10.7008 7.04361,
	10.7006 7.04425,
	10.7006 7.04488,
	10.6993 7.04742,
	10.699 7.04806,
	10.6968 7.05823,
	10.6956 7.06332,
	10.6952 7.06586,
	10.6949 7.06713,
	10.6948 7.06776,
	10.6916 7.07793,
	10.6914 7.07857,
	10.6913 7.07889,
	10.6897 7.08906,
	10.6895 7.09033,
	10.6895 7.09096,
	10.6878 7.09605,
	10.6875 7.09668,
	10.6871 7.09923,
	10.687 7.09954,
	10.686 7.10082,
	10.6857 7.10145,
	10.6836 7.11162,
	10.6827 7.11289,
	10.6825 7.11353,
	10.6823 7.11607,
	10.6777 7.12624,
	10.6756 7.13132,
	10.6751 7.1326,
	10.6723 7.13768,
	10.6716 7.13895,
	10.6711 7.13959,
	10.6705 7.14086,
	10.6703 7.14149,
	10.6656 7.14658,
	10.6572 7.15675,
	10.6552 7.15929,
	10.6534 7.16183,
	10.6519 7.16438,
	10.6515 7.16501,
	10.6514 7.16565,
	10.6511 7.16628,
	10.6508 7.1666,
	10.6505 7.16787,
	10.6493 7.17041,
	10.649 7.17105,
	10.6488 7.17169,
	10.647 7.17423,
	10.6462 7.1755,
	10.6458 7.17613,
	10.6437 7.17868,
	10.6426 7.17995,
	10.6413 7.18082,
	10.64 7.18186,
	10.6397 7.18217,
	10.6372 7.18376,
	10.6359 7.18464,
	10.6353 7.18511,
	10.634 7.18551,
	10.6333 7.18599,
	10.6321 7.18654,
	10.6314 7.18694,
	10.6289 7.18766,
	10.6264 7.18821,
	10.6213 7.1898,
	10.6187 7.19028,
	10.6181 7.19036,
	10.613 7.18996,
	10.6105 7.18972,
	10.6092 7.18964,
	10.6086 7.18964,
	10.6035 7.18789,
	10.6009 7.1867,
	10.5997 7.18607,
	10.5971 7.18448,
	10.5958 7.18384,
	10.5952 7.18368,
	10.5946 7.18313,
	10.5939 7.18289,
	10.5933 7.18281,
	10.5927 7.18241,
	10.5924 7.18217,
	10.5898 7.18138,
	10.5873 7.18082,
	10.5847 7.18066,
	10.5835 7.18058,
	10.5784 7.1809,
	10.5758 7.18122,
	10.5746 7.1813,
	10.572 7.18209,
	10.5695 7.18265,
	10.5682 7.18281,
	10.5669 7.18281,
	10.5663 7.18289,
	10.566 7.18305,
	10.5647 7.18329,
	10.5634 7.18368,
	10.5583 7.1844,
	10.5533 7.18535,
	10.5329 7.18583,
	10.5304 7.18591,
	10.51 7.18527,
	10.4999 7.18487,
	10.4897 7.18464,
	10.4884 7.18464,
	10.4872 7.18448,
	10.477 7.18241,
	10.4744 7.18178,
	10.4732 7.18146,
	10.4725 7.1813,
	10.47 7.1813,
	10.4694 7.18122,
	10.469 7.18114,
	10.4679 7.17995,
	10.4628 7.17907,
	10.4602 7.17852,
	10.4195 7.1674,
	10.3992 7.16215,
	10.3967 7.16136,
	10.3941 7.16017,
	10.384 7.15874,
	10.3827 7.15858,
	10.3801 7.15794,
	10.3751 7.1577,
	10.3738 7.15762,
	10.3636 7.15588,
	10.3534 7.15381,
	10.3528 7.15365,
	10.3522 7.15365,
	10.3509 7.15301,
	10.3407 7.14586,
	10.3382 7.14404,
	10.3369 7.14308,
	10.3345 7.14062,
	10.3335 7.13935,
	10.333 7.13871,
	10.3324 7.13808,
	10.3222 7.13125,
	10.3197 7.12942,
	10.3171 7.12743,
	10.3159 7.1264,
	10.3152 7.126,
	10.314 7.12576,
	10.3089 7.12139,
	10.3063 7.11917,
	10.2962 7.11146,
	10.2936 7.10948,
	10.2834 7.09939,
	10.2786 7.0943,
	10.2774 7.09303,
	10.2755 7.09049,
	10.2747 7.08922,
	10.2743 7.08858,
	10.2711 7.07841,
	10.2707 7.07714,
	10.2688 7.06697,
	10.2679 7.06188,
	10.2677 7.06061,
	10.2672 7.05807,
	10.267 7.0568,
	10.2669 7.05616,
	10.2634 7.04599,
	10.2617 7.04091,
	10.2608 7.03837,
	10.2598 7.03583,
	10.2595 7.03519,
	10.2593 7.03487,
	10.2587 7.03455,
	10.2583 7.0344,
	10.2576 7.03185,
	10.2575 7.03153,
	10.244 7.0112,
	10.2406 7.00611,
	10.2357 7.00103,
	10.2351 7.00039,
	10.2231 6.98005,
	10.2223 6.97878,
	10.2205 6.97369,
	10.2203 6.97115,
	10.2198 6.96098,
	10.2198 6.95971,
	10.2198 6.95916,
	"/>
</Transform>

<Transform dim="0"
 xcoef=" 0 1 0 0 0 0"
 ycoef=" 0 0 1 0 0 0">
<Contour name="D020 scale cube" hidden="false" closed="true" simplified="true" border="0.752941 0.752941 0.752941" fill="1 0 0.501961" mode="-13"
 points="11.9675 6.74203,
	12.2355 6.74203,
	12.2355 6.8037,
	11.9675 6.8037,
	"/>
</Transform>

</Section>