<?xml version="1.0"?>
<!DOCTYPE Section SYSTEM "section.dtd">

<Section index="161" thickness="0.052" alignLocked="true">
<Transform dim="1"
 xcoef=" 8.17999999999999 1 0 0 0 0"
 ycoef=" 14.33 0 1 0 0 0">
<Image mag="0.00201646" contrast="3.07152" brightness="0" red="true" green="true" blue="true"
 src="161.tif" />
<Contour name="domain1" hidden="false" closed="true" simplified="false" border="1 0 1" fill="1 0 1" mode="11"
 points="0 0,
	16383 0,
	16383 16383,
	0 16383,
	"/>
</Transform>

<Transform dim="1"
 xcoef=" 8.17999999999999 1 0 0 0 0"
 ycoef=" 14.33 0 1 0 0 0">
<Contour name="D046" hidden="false" closed="true" simplified="true" border="0 0 1" fill="0 0 1" mode="11"
 points="20.8379 16.8362,
	20.8388 16.8221,
	20.8418 16.8084,
	20.8466 16.7952,
	20.8532 16.783,
	20.8614 16.7719,
	20.8711 16.7622,
	20.882 16.7541,
	20.8939 16.7479,
	20.9065 16.7435,
	20.9197 16.7412,
	20.933 16.7409,
	20.9462 16.7427,
	20.959 16.7466,
	20.9711 16.7524,
	20.9823 16.76,
	20.9923 16.7693,
	21.0009 16.7801,
	21.0079 16.7921,
	21.0132 16.805,
	21.0166 16.8186,
	21.018 16.8327,
	21.0175 16.8467,
	21.0151 16.8606,
	21.0107 16.8739,
	21.0046 16.8864,
	20.9968 16.8978,
	20.9874 16.9079,
	20.9768 16.9164,
	20.9651 16.9231,
	20.9526 16.9279,
	20.9396 16.9308,
	20.9263 16.9316,
	20.9131 16.9303,
	20.9001 16.9269,
	20.8878 16.9216,
	20.8764 16.9144,
	20.8661 16.9055,
	20.8571 16.8951,
	20.8497 16.8834,
	20.844 16.8706,
	20.8401 16.8572,
	"/>
</Transform>

<Transform dim="1"
 xcoef=" 0.39 1 0 0 0 0"
 ycoef=" 0.69 0 1 0 0 0">
<Contour name="D059 sym cand 1" hidden="false" closed="true" simplified="false" border="0 1 1" fill="0 1 1" mode="11"
 points="4.38035 7.33687,
	4.39071 7.32651,
	4.34927 7.28507,
	4.35963 7.27471,
	4.40107 7.31615,
	4.41143 7.30579,
	4.41143 7.33687,
	"/>
</Transform>

<Transform dim="1"
 xcoef=" 0.39 1 0 0 0 0"
 ycoef=" 0.69 0 1 0 0 0">
<Contour name="D045_ASPINY_NOCANDIDATES" hidden="false" closed="true" simplified="true" border="0 0 1" fill="0 0 1" mode="11"
 points="2.87792 7.7466,
	2.88135 7.72162,
	2.89139 7.69834,
	2.90737 7.67835,
	2.92819 7.66301,
	2.95244 7.65337,
	2.97846 7.65008,
	3.00449 7.65337,
	3.02874 7.66301,
	3.04956 7.67835,
	3.06554 7.69834,
	3.07558 7.72162,
	3.07901 7.7466,
	3.07558 7.77158,
	3.06554 7.79486,
	3.04956 7.81485,
	3.02874 7.83019,
	3.00449 7.83983,
	2.97846 7.84312,
	2.95244 7.83983,
	2.92819 7.83019,
	2.90737 7.81485,
	2.89139 7.79486,
	"/>
</Transform>

<Transform dim="1"
 xcoef=" 0.39 1 0 0 0 0"
 ycoef=" 0.69 0 1 0 0 0">
<Contour name="d046_o35" hidden="false" closed="true" simplified="false" border="1 0 0" fill="1 0 0" mode="-13"
 points="12.8655 3.34447,
	12.8953 3.34447,
	12.8804 3.37179,
	"/>
</Transform>

<Transform dim="1"
 xcoef=" 0.39 1 0 0 0 0"
 ycoef=" 0.69 0 1 0 0 0">
<Contour name="d046_p32" hidden="false" closed="true" simplified="true" border="1 1 0" fill="1 1 0" mode="11"
 points="14.6359 3.09133,
	14.641 3.0679,
	14.6425 3.06204,
	14.6425 3.05911,
	14.6439 3.05765,
	14.6549 3.01079,
	14.6608 2.99907,
	14.6637 2.99395,
	14.6717 2.98223,
	14.6783 2.97125,
	14.6827 2.96539,
	14.6857 2.96246,
	14.6893 2.95734,
	14.6915 2.95441,
	14.6915 2.95295,
	14.6996 2.9427,
	14.7091 2.93318,
	14.7135 2.92805,
	14.7164 2.92585,
	14.7281 2.92366,
	14.7398 2.92366,
	14.7457 2.92366,
	14.7486 2.92366,
	14.7603 2.92805,
	14.7662 2.92952,
	14.7721 2.93244,
	14.775 2.93391,
	14.7764 2.93391,
	14.7772 2.93537,
	14.7801 2.93611,
	14.7808 2.93757,
	14.7838 2.9383,
	14.8065 2.95441,
	14.8079 2.95441,
	14.8131 2.9588,
	14.824 2.96539,
	14.8262 2.96686,
	14.8379 2.97638,
	14.8431 2.98223,
	14.846 2.98516,
	14.8497 2.99102,
	14.8548 3.00274,
	14.8621 3.01372,
	14.8665 3.01958,
	14.868 3.02177,
	14.8885 3.03935,
	14.8965 3.0496,
	14.9002 3.05472,
	14.9024 3.06058,
	14.909 3.07229,
	14.9141 3.08328,
	14.9156 3.08913,
	14.9134 3.11256,
	14.9126 3.12428,
	14.9104 3.13599,
	14.906 3.14771,
	14.9024 3.15357,
	14.898 3.15723,
	14.8921 3.16162,
	14.8687 3.1726,
	14.8453 3.18066,
	14.8438 3.18066,
	14.8423 3.18212,
	14.8196 3.18945,
	14.7728 3.20043,
	14.7611 3.20043,
	14.7552 3.20043,
	14.7494 3.19896,
	14.7435 3.1953,
	14.7391 3.19091,
	14.7376 3.18798,
	14.7376 3.18652,
	14.7354 3.18432,
	14.7354 3.18286,
	14.7303 3.177,
	14.7245 3.1726,
	14.7127 3.17187,
	14.701 3.1726,
	14.6981 3.1726,
	14.6966 3.17407,
	14.6849 3.1748,
	14.6791 3.17407,
	14.6673 3.16748,
	14.6615 3.16235,
	14.6578 3.15723,
	14.6556 3.15137,
	14.6549 3.14551,
	14.6549 3.14258,
	14.6534 3.14112,
	14.6512 3.13599,
	14.6417 3.12648,
	14.6373 3.12135,
	14.6359 3.09792,
	14.6359 3.09206,
	"/>
</Transform>

<Transform dim="1"
 xcoef=" 0.39 1 0 0 0 0"
 ycoef=" 0.69 0 1 0 0 0">
<Contour name="d046" hidden="false" closed="true" simplified="true" border="1 1 0" fill="1 1 0" mode="11"
 points="12.8396 3.26539,
	12.8494 3.26015,
	12.8889 3.24135,
	12.9086 3.23148,
	12.9185 3.22655,
	12.958 3.20004,
	12.9678 3.19357,
	12.9876 3.18339,
	12.9925 3.18093,
	12.995 3.17939,
	13.0147 3.15966,
	13.0196 3.15473,
	13.035 3.135,
	13.043 3.12513,
	13.0474 3.1202,
	13.0492 3.11773,
	13.0504 3.11527,
	13.0655 3.09554,
	13.0732 3.08567,
	13.0776 3.08074,
	13.0871 3.07488,
	13.0896 3.07334,
	13.0995 3.07149,
	13.1093 3.07088,
	13.1192 3.0681,
	13.1241 3.06687,
	13.134 3.06564,
	13.1734 3.06687,
	13.2129 3.06749,
	13.2326 3.0681,
	13.2376 3.0681,
	13.2573 3.06964,
	13.2967 3.07088,
	13.3165 3.07026,
	13.3263 3.06872,
	13.3362 3.06656,
	13.3461 3.06379,
	13.3559 3.05978,
	13.3658 3.05639,
	13.3707 3.05361,
	13.3732 3.05207,
	13.3738 3.05146,
	13.3837 3.0493,
	13.3886 3.04837,
	13.3985 3.04776,
	13.4182 3.04837,
	13.4281 3.04868,
	13.433 3.0493,
	13.4355 3.04961,
	13.4367 3.04961,
	13.4466 3.05454,
	13.4515 3.05701,
	13.454 3.05855,
	13.4629 3.0681,
	13.4709 3.07797,
	13.4743 3.0829,
	13.4765 3.08783,
	13.4771 3.0903,
	13.4774 3.09153,
	13.4774 3.09215,
	13.4783 3.09338,
	13.4802 3.10325,
	13.4805 3.10571,
	13.4823 3.11064,
	13.4836 3.11558,
	13.4842 3.11804,
	13.4866 3.12297,
	13.4897 3.13284,
	13.4956 3.1427,
	13.4974 3.14517,
	13.4984 3.1464,
	13.4993 3.14887,
	13.507 3.15873,
	13.5165 3.1686,
	13.5215 3.17353,
	13.5313 3.18185,
	13.5378 3.19172,
	13.5397 3.19418,
	13.544 3.20405,
	13.5458 3.20898,
	13.5486 3.21391,
	13.552 3.21885,
	13.5569 3.22871,
	13.5594 3.23364,
	13.5606 3.23611,
	13.5665 3.25584,
	13.5677 3.26077,
	13.568 3.2657,
	13.5677 3.27557,
	13.5674 3.2805,
	13.5665 3.28296,
	13.5662 3.28543,
	13.5646 3.29036,
	13.5634 3.29283,
	13.5622 3.29776,
	13.5606 3.30763,
	13.5585 3.31749,
	13.5582 3.32242,
	13.5591 3.33229,
	13.5606 3.34215,
	13.5609 3.34462,
	13.5646 3.35448,
	13.5733 3.37421,
	13.5779 3.38408,
	13.5797 3.38901,
	13.58 3.39024,
	13.58 3.39086,
	13.5837 3.39579,
	13.5847 3.39826,
	13.5862 3.40072,
	13.5884 3.40257,
	13.5924 3.4075,
	13.5939 3.40997,
	13.5945 3.41244,
	13.5951 3.41367,
	13.5951 3.42353,
	13.5942 3.4334,
	13.5939 3.43833,
	13.5911 3.4482,
	13.5918 3.45806,
	13.5918 3.45929,
	13.5967 3.46916,
	13.5979 3.47162,
	13.5995 3.47656,
	13.5998 3.47779,
	13.6007 3.47902,
	13.601 3.48026,
	13.6025 3.48272,
	13.6025 3.48334,
	13.6044 3.4858,
	13.6075 3.49567,
	13.6106 3.5154,
	13.6112 3.52033,
	13.6118 3.5228,
	13.6121 3.54253,
	13.6115 3.56225,
	13.6115 3.56719,
	13.6121 3.57212,
	13.617 3.58198,
	13.6201 3.58692,
	13.6226 3.59185,
	13.6244 3.60171,
	13.6254 3.60665,
	13.6247 3.60911,
	13.6152 3.61805,
	13.614 3.61928,
	13.6133 3.62052,
	13.6121 3.62175,
	13.6099 3.62668,
	13.6032 3.63655,
	13.6007 3.6387,
	13.5958 3.64025,
	13.5859 3.64117,
	13.576 3.64148,
	13.5711 3.64148,
	13.5514 3.63747,
	13.5464 3.63531,
	13.544 3.63377,
	13.5415 3.63285,
	13.5403 3.63254,
	13.5397 3.63192,
	13.5347 3.63069,
	13.5323 3.63007,
	13.531 3.62946,
	13.5261 3.62915,
	13.5212 3.62822,
	13.5113 3.62822,
	13.5064 3.62884,
	13.4965 3.63161,
	13.4866 3.63562,
	13.4817 3.63716,
	13.4792 3.63809,
	13.4694 3.63932,
	13.4299 3.63901,
	13.4102 3.6387,
	13.3905 3.63932,
	13.388 3.63932,
	13.3868 3.63932,
	13.3855 3.63994,
	13.3806 3.63994,
	13.3757 3.64148,
	13.3362 3.64949,
	13.3313 3.65104,
	13.3263 3.65319,
	13.3239 3.65412,
	13.3041 3.66583,
	13.2943 3.672,
	13.2893 3.67539,
	13.2869 3.67724,
	13.2856 3.67755,
	13.2773 3.68741,
	13.2724 3.69234,
	13.2675 3.69666,
	13.2576 3.7019,
	13.2477 3.70529,
	13.2428 3.70683,
	13.2329 3.70868,
	13.2231 3.70961,
	13.2132 3.70899,
	13.2033 3.70776,
	13.1836 3.70437,
	13.1639 3.70159,
	13.1589 3.70097,
	13.1392 3.69666,
	13.1294 3.69388,
	13.1195 3.69049,
	13.1183 3.69019,
	13.1173 3.68926,
	13.1075 3.68618,
	13.1025 3.68464,
	13.1001 3.6834,
	13.0951 3.68217,
	13.0754 3.67446,
	13.0729 3.67354,
	13.0723 3.67354,
	13.0699 3.672,
	13.0649 3.67015,
	13.06 3.66768,
	13.0575 3.66676,
	13.0551 3.66522,
	13.0452 3.66059,
	13.0403 3.65813,
	13.0378 3.65689,
	13.0279 3.6498,
	13.023 3.64641,
	13.0205 3.64487,
	13.0008 3.62946,
	12.9909 3.61959,
	12.9811 3.61065,
	12.9712 3.60264,
	12.9663 3.59832,
	12.9613 3.59524,
	12.9515 3.5863,
	12.9435 3.57643,
	12.9419 3.57397,
	12.9398 3.56904,
	12.9376 3.55917,
	12.9367 3.54931,
	12.9364 3.54438,
	12.9355 3.53944,
	12.9336 3.53451,
	12.9327 3.53204,
	12.9321 3.52711,
	12.9318 3.52465,
	12.9271 3.51478,
	12.9262 3.51232,
	12.9256 3.51108,
	12.9213 3.50615,
	12.9139 3.49629,
	12.9074 3.48642,
	12.9046 3.48149,
	12.9034 3.47902,
	12.9028 3.47779,
	12.8935 3.46792,
	12.8917 3.46546,
	12.8818 3.45621,
	12.872 3.4482,
	12.8522 3.43864,
	12.8498 3.43771,
	12.8491 3.43679,
	12.8485 3.43648,
	12.8451 3.42662,
	12.8436 3.42168,
	12.8433 3.41922,
	12.8424 3.41675,
	12.8414 3.41182,
	12.8411 3.40935,
	12.8411 3.40812,
	12.8405 3.40689,
	12.8377 3.38716,
	12.8362 3.36743,
	12.8359 3.35757,
	12.8365 3.3477,
	12.8387 3.32797,
	12.8396 3.31811,
	12.8396 3.27865,
	12.839 3.26878,
	12.839 3.26632,
	"/>
</Transform>

<Transform dim="0"
 xcoef=" 0 1 0 0 0 0"
 ycoef=" 0 0 1 0 0 0">
<Contour name="d046_p33" hidden="false" closed="true" simplified="true" border="1 1 0" fill="1 1 0" mode="11"
 points="11.6089 3.01998,
	11.6105 3.00767,
	11.6166 2.99536,
	11.6197 2.9892,
	11.6197 2.98612,
	11.6228 2.98304,
	11.6289 2.95841,
	11.632 2.95534,
	11.632 2.94918,
	11.6397 2.9384,
	11.6505 2.92763,
	11.6628 2.92147,
	11.7121 2.9107,
	11.7613 2.91224,
	11.7736 2.91378,
	11.7983 2.92455,
	11.8106 2.93225,
	11.8136 2.93225,
	11.826 2.94148,
	11.8367 2.9538,
	11.8414 2.96611,
	11.849 3.01537,
	11.8537 3.02152,
	11.8552 3.02768,
	11.8644 3.03999,
	11.866 3.05231,
	11.8644 3.06462,
	11.8629 3.07078,
	11.8552 3.08309,
	11.8506 3.08771,
	11.8444 3.08925,
	11.8414 3.09233,
	11.7921 3.09079,
	11.7798 3.09079,
	11.7675 3.08771,
	11.7552 3.08771,
	11.7305 3.08001,
	11.7182 3.07386,
	11.7151 3.07386,
	11.7121 3.07078,
	11.7059 3.07078,
	11.6936 3.06616,
	11.6443 3.05693,
	11.6382 3.05385,
	11.632 3.05385,
	11.6259 3.04923,
	11.6228 3.04923,
	11.612 3.03845,
	11.6089 3.0323,
	11.6089 3.02152,
	"/>
</Transform>

<Transform dim="0"
 xcoef=" 0 1 0 0 0 0"
 ycoef=" 0 0 1 0 0 0">
<Contour name="d046_checked" hidden="false" closed="true" simplified="false" border="0 1 0" fill="0 1 0" mode="-13"
 points="12.4829 2.66946,
	12.4879 2.66258,
	12.4829 2.6557,
	12.4859 2.6557,
	12.4898 2.66159,
	12.4938 2.6557,
	12.4967 2.6557,
	12.4918 2.66258,
	12.4967 2.66946,
	12.4938 2.66946,
	12.4898 2.66356,
	12.4859 2.66946,
	"/>
</Transform>

<Transform dim="1"
 xcoef=" -0.05 1 0 0 0 0"
 ycoef=" 0 0 1 0 0 0">
<Contour name="d046_p35" hidden="false" closed="true" simplified="true" border="1 1 0" fill="1 1 0" mode="11"
 points="12.2294 2.70577,
	12.2314 2.70275,
	12.2348 2.6963,
	12.2411 2.69127,
	12.2475 2.68663,
	12.254 2.6828,
	12.2668 2.67575,
	12.2733 2.67273,
	12.2797 2.67011,
	12.2926 2.66568,
	12.2991 2.66346,
	12.3023 2.66245,
	12.3088 2.65903,
	12.3152 2.6552,
	12.3216 2.65077,
	12.3337 2.63787,
	12.3354 2.63626,
	12.3454 2.62337,
	12.3507 2.61692,
	12.3551 2.61047,
	12.3589 2.60402,
	12.3613 2.6008,
	12.3676 2.59476,
	12.3706 2.59194,
	12.3714 2.59113,
	12.3972 2.57682,
	12.3988 2.57622,
	12.3996 2.57582,
	12.4 2.57602,
	12.4014 2.60181,
	12.4018 2.60826,
	12.4006 2.63405,
	12.3996 2.64694,
	12.3982 2.65983,
	12.3974 2.66628,
	12.3982 2.67918,
	12.3984 2.68562,
	12.3996 2.69852,
	12.4 2.70497,
	12.4008 2.71141,
	12.4069 2.7372,
	12.4087 2.74365,
	12.4095 2.74687,
	12.4097 2.74728,
	12.4093 2.74748,
	12.3964 2.74305,
	12.39 2.74123,
	12.3835 2.73982,
	12.3803 2.73902,
	12.3674 2.73801,
	12.3609 2.73761,
	12.3545 2.73821,
	12.3513 2.73841,
	12.348 2.73942,
	12.3464 2.73982,
	12.3448 2.74063,
	12.3432 2.74083,
	12.3368 2.74345,
	12.3303 2.74526,
	12.3239 2.74808,
	12.3206 2.7497,
	12.3174 2.75231,
	12.3158 2.75312,
	12.315 2.75352,
	12.3031 2.76642,
	12.2971 2.77287,
	12.2938 2.77569,
	12.2906 2.7779,
	12.2842 2.78093,
	12.2713 2.78213,
	12.2697 2.78234,
	12.2632 2.78173,
	12.26 2.78153,
	12.2568 2.78032,
	12.2503 2.77649,
	12.2439 2.77186,
	12.2409 2.76863,
	12.2374 2.76219,
	12.236 2.75896,
	12.2342 2.75252,
	12.2334 2.74929,
	12.2324 2.7364,
	12.2322 2.73317,
	12.23 2.72028,
	12.2294 2.70738,
	12.2294 2.70597,
	"/>
</Transform>

<Transform dim="0"
 xcoef=" 0 1 0 0 0 0"
 ycoef=" 0 0 1 0 0 0">
<Contour name="d046_MT_3" hidden="false" closed="true" simplified="false" border="0 0 1" fill="0 0 1" mode="11"
 points="12.6408 2.85659,
	12.6273 2.84311,
	12.6408 2.82963,
	12.6542 2.84311,
	"/>
<Contour name="d046_MT_3" hidden="false" closed="true" simplified="false" border="0 0 1" fill="0 0 1" mode="11"
 points="12.5888 2.76222,
	12.5753 2.74874,
	12.5888 2.73526,
	12.6022 2.74874,
	"/>
<Contour name="d046_MT_3" hidden="false" closed="true" simplified="false" border="0 0 1" fill="0 0 1" mode="11"
 points="12.531 2.70444,
	12.5175 2.69096,
	12.531 2.67748,
	12.5445 2.69096,
	"/>
<Contour name="d046_MT_3" hidden="false" closed="true" simplified="false" border="0 0 1" fill="0 0 1" mode="11"
 points="12.6831 2.73911,
	12.6696 2.72563,
	12.6831 2.71215,
	12.6966 2.72563,
	"/>
<Contour name="d046_MT_3" hidden="false" closed="true" simplified="false" border="0 0 1" fill="0 0 1" mode="11"
 points="12.974 2.88741,
	12.9605 2.87393,
	12.974 2.86045,
	12.9874 2.87393,
	"/>
<Contour name="d046_MT_3" hidden="false" closed="true" simplified="false" border="0 0 1" fill="0 0 1" mode="11"
 points="13.1068 2.83733,
	13.0934 2.82385,
	13.1068 2.81037,
	13.1203 2.82385,
	"/>
<Contour name="d046_MT_3" hidden="false" closed="true" simplified="false" border="0 0 1" fill="0 0 1" mode="11"
 points="13.1531 2.8277,
	13.1396 2.81422,
	13.1531 2.80074,
	13.1666 2.81422,
	"/>
<Contour name="d046_MT_3" hidden="false" closed="true" simplified="false" border="0 0 1" fill="0 0 1" mode="11"
 points="12.8892 2.76222,
	12.8757 2.74874,
	12.8892 2.73526,
	12.9027 2.74874,
	"/>
<Contour name="d046_MT_3" hidden="false" closed="true" simplified="false" border="0 0 1" fill="0 0 1" mode="11"
 points="12.8873 2.716,
	12.8738 2.70252,
	12.8873 2.68903,
	12.9008 2.70252,
	"/>
<Contour name="d046_MT_3" hidden="false" closed="true" simplified="false" border="0 0 1" fill="0 0 1" mode="11"
 points="12.8102 2.68326,
	12.7968 2.66977,
	12.8102 2.65629,
	12.8237 2.66977,
	"/>
<Contour name="d046_MT_3" hidden="false" closed="true" simplified="false" border="0 0 1" fill="0 0 1" mode="11"
 points="12.764 2.73333,
	12.7505 2.71985,
	12.764 2.70637,
	12.7775 2.71985,
	"/>
<Contour name="d046_MT_3" hidden="false" closed="true" simplified="false" border="0 0 1" fill="0 0 1" mode="11"
 points="12.8218 2.72563,
	12.8083 2.71215,
	12.8218 2.69866,
	12.8353 2.71215,
	"/>
<Contour name="d046_MT_3" hidden="false" closed="true" simplified="false" border="0 0 1" fill="0 0 1" mode="11"
 points="12.8757 2.59659,
	12.8622 2.58311,
	12.8757 2.56962,
	12.8892 2.58311,
	"/>
<Contour name="d046_MT_3" hidden="false" closed="true" simplified="false" border="0 0 1" fill="0 0 1" mode="11"
 points="12.8969 2.47718,
	12.8834 2.46369,
	12.8969 2.45021,
	12.9104 2.46369,
	"/>
<Contour name="d046_MT_3" hidden="false" closed="true" simplified="false" border="0 0 1" fill="0 0 1" mode="11"
 points="12.8892 2.42517,
	12.8757 2.41169,
	12.8892 2.39821,
	12.9027 2.41169,
	"/>
<Contour name="d046_MT_3" hidden="false" closed="true" simplified="false" border="0 0 1" fill="0 0 1" mode="11"
 points="12.9528 2.4791,
	12.9393 2.46562,
	12.9528 2.45214,
	12.9662 2.46562,
	"/>
<Contour name="d046_MT_3" hidden="false" closed="true" simplified="false" border="0 0 1" fill="0 0 1" mode="11"
 points="12.9585 2.54459,
	12.9451 2.5311,
	12.9585 2.51762,
	12.972 2.5311,
	"/>
<Contour name="d046_MT_3" hidden="false" closed="true" simplified="false" border="0 0 1" fill="0 0 1" mode="11"
 points="12.6292 2.65822,
	12.6157 2.64474,
	12.6292 2.63125,
	12.6427 2.64474,
	"/>
</Transform>

<Transform dim="0"
 xcoef=" 0 1 0 0 0 0"
 ycoef=" 0 0 1 0 0 0">
<Contour name="D037" hidden="false" closed="true" simplified="true" border="0 0 1" fill="0 0 1" mode="11"
 points="10.6332 0.194421,
	10.6347 0.178642,
	10.6392 0.163293,
	10.6466 0.148794,
	10.6566 0.135539,
	10.6691 0.12389,
	10.6835 0.114165,
	10.6996 0.106629,
	10.717 0.101488,
	10.7351 0.0988822,
	10.7534 0.0988822,
	10.7715 0.101488,
	10.7888 0.106629,
	10.805 0.114165,
	10.8194 0.12389,
	10.8318 0.135539,
	10.8419 0.148794,
	10.8492 0.163293,
	10.8537 0.178642,
	10.8552 0.194421,
	10.8537 0.2102,
	10.8492 0.225549,
	10.8419 0.240048,
	10.8318 0.253303,
	10.8194 0.264952,
	10.805 0.274677,
	10.7888 0.282213,
	10.7715 0.287354,
	10.7534 0.28996,
	10.7351 0.28996,
	10.717 0.287354,
	10.6996 0.282213,
	10.6835 0.274677,
	10.6691 0.264952,
	10.6566 0.253303,
	10.6466 0.240048,
	10.6392 0.225549,
	"/>
</Transform>

<Transform dim="0"
 xcoef=" 0 1 0 0 0 0"
 ycoef=" 0 0 1 0 0 0">
<Contour name="D020" hidden="false" closed="true" simplified="true" border="0 0 1" fill="0 0 1" mode="11"
 points="9.42956 5.21026,
	9.43719 5.1702,
	9.45949 5.13325,
	9.49474 5.10226,
	9.5402 5.07964,
	9.59235 5.06714,
	9.64715 5.06573,
	9.70035 5.07552,
	9.74784 5.09574,
	9.78593 5.12484,
	9.81167 5.16056,
	9.82307 5.20012,
	9.81924 5.24048,
	9.80049 5.27849,
	9.76826 5.31121,
	9.72505 5.33612,
	9.67421 5.35127,
	9.61968 5.3555,
	9.56568 5.34847,
	9.51639 5.33074,
	9.47565 5.30367,
	9.44659 5.26937,
	"/>
</Transform>

<Transform dim="0"
 xcoef=" 0 1 0 0 0 0"
 ycoef=" 0 0 1 0 0 0">
<Contour name="D022" hidden="false" closed="true" simplified="true" border="0 0 1" fill="0 0 1" mode="11"
 points="17.4831 4.22041,
	17.4845 4.20427,
	17.4888 4.18845,
	17.4959 4.17329,
	17.5056 4.15909,
	17.5177 4.14613,
	17.532 4.13469,
	17.5482 4.12499,
	17.566 4.11723,
	17.5849 4.11158,
	17.6047 4.10814,
	17.6249 4.10698,
	17.645 4.10814,
	17.6648 4.11158,
	17.6838 4.11723,
	17.7015 4.12499,
	17.7177 4.13469,
	17.732 4.14613,
	17.7441 4.15909,
	17.7538 4.17329,
	17.7609 4.18845,
	17.7652 4.20427,
	17.7666 4.22041,
	17.7652 4.23655,
	17.7609 4.25237,
	17.7538 4.26753,
	17.7441 4.28174,
	17.732 4.29469,
	17.7177 4.30614,
	17.7015 4.31584,
	17.6838 4.32359,
	17.6648 4.32925,
	17.645 4.33269,
	17.6249 4.33384,
	17.6047 4.33269,
	17.5849 4.32925,
	17.566 4.32359,
	17.5482 4.31584,
	17.532 4.30614,
	17.5177 4.29469,
	17.5056 4.28174,
	17.4959 4.26753,
	17.4888 4.25237,
	17.4845 4.23655,
	"/>
</Transform>

<Transform dim="0"
 xcoef=" 0 1 0 0 0 0"
 ycoef=" 0 0 1 0 0 0">
<Contour name="D033" hidden="false" closed="true" simplified="true" border="0 0 1" fill="0 0 1" mode="11"
 points="10.6617 2.48689,
	10.6628 2.47717,
	10.6661 2.46781,
	10.6715 2.45916,
	10.6788 2.45154,
	10.6876 2.44524,
	10.6977 2.4405,
	10.7087 2.43748,
	10.7202 2.4363,
	10.7317 2.43701,
	10.7429 2.43957,
	10.7533 2.4439,
	10.7625 2.44983,
	10.7702 2.45715,
	10.776 2.46557,
	10.7799 2.47478,
	10.7815 2.48445,
	10.781 2.4942,
	10.7782 2.50369,
	10.7733 2.51255,
	10.7665 2.52045,
	10.7581 2.5271,
	10.7482 2.53226,
	10.7374 2.53572,
	10.726 2.53736,
	10.7144 2.53713,
	10.7031 2.53502,
	10.6925 2.53112,
	10.683 2.52557,
	10.6749 2.51858,
	10.6686 2.51041,
	10.6642 2.50136,
	"/>
</Transform>

</Section>