<?xml version="1.0"?>
<!DOCTYPE Section SYSTEM "section.dtd">

<Section index="72" thickness="0.052" alignLocked="true">
<Transform dim="3"
 xcoef=" 1.05171874207702 1.25456401399526 0 0 0 0"
 ycoef=" 0.619440615394475 0 1.25456401399526 0 0 0">
<Contour name="D019" hidden="false" closed="true" simplified="true" border="0 0 1" fill="0 0 1" mode="13"
 points="8.07622 5.84018,
	8.0786 5.79563,
	8.08567 5.75233,
	8.09722 5.71149,
	8.11295 5.67426,
	8.1324 5.64167,
	8.15503 5.61464,
	8.18021 5.59393,
	8.20723 5.58012,
	8.23534 5.57359,
	8.26375 5.57453,
	8.29166 5.5829,
	8.31829 5.59848,
	8.3429 5.62084,
	8.36479 5.64933,
	8.38335 5.68317,
	8.39807 5.72141,
	8.40853 5.76297,
	8.41444 5.8067,
	8.41563 5.85136,
	8.41207 5.89571,
	8.40386 5.93851,
	8.39122 5.97855,
	8.37452 6.01472,
	8.35422 6.04599,
	8.33089 6.07151,
	8.30518 6.09054,
	8.27781 6.10256,
	8.24956 6.10723,
	8.2212 6.10443,
	8.19354 6.09422,
	8.16734 6.0769,
	8.14335 6.05294,
	8.12224 6.02303,
	8.10459 5.988,
	8.0909 5.94882,
	8.08156 5.90661,
	"/>
</Transform>

<Transform dim="3"
 xcoef=" 1.05171874207702 1.25456401399526 0 0 0 0"
 ycoef=" 0.619440615394475 0 1.25456401399526 0 0 0">
<Contour name="D021" hidden="false" closed="true" simplified="true" border="0 0 1" fill="0 0 1" mode="13"
 points="8.29623 8.09761,
	8.29956 8.05423,
	8.30945 8.01225,
	8.32558 7.97302,
	8.34743 7.93779,
	8.3743 7.90769,
	8.40533 7.8837,
	8.43951 7.86659,
	8.47575 7.8569,
	8.51289 7.85494,
	8.54973 7.86079,
	8.58509 7.87424,
	8.61782 7.89488,
	8.64689 7.92203,
	8.67135 7.95483,
	8.69041 7.99221,
	8.70348 8.03298,
	8.71011 8.07583,
	8.71011 8.11938,
	8.70348 8.16223,
	8.69041 8.203,
	8.67135 8.24038,
	8.64689 8.27318,
	8.61782 8.30033,
	8.58509 8.32097,
	8.54973 8.33443,
	8.51289 8.34027,
	8.47575 8.33832,
	8.43951 8.32863,
	8.40533 8.31151,
	8.3743 8.28752,
	8.34743 8.25743,
	8.32558 8.22219,
	8.30945 8.18296,
	"/>
</Transform>

<Transform dim="3"
 xcoef=" 1.05171874207702 1.25456401399526 0 0 0 0"
 ycoef=" 0.619440615394475 0 1.25456401399526 0 0 0">
<Contour name="D023" hidden="false" closed="true" simplified="true" border="0 0 1" fill="0 0 1" mode="13"
 points="10.4926 3.4952,
	10.4931 3.47537,
	10.4948 3.45562,
	10.4976 3.43603,
	10.5015 3.41669,
	10.5064 3.39767,
	10.5124 3.37905,
	10.5195 3.36091,
	10.5276 3.34332,
	10.5366 3.32636,
	10.5466 3.31008,
	10.5575 3.29457,
	10.5692 3.27989,
	10.5817 3.26608,
	10.595 3.25322,
	10.609 3.24136,
	10.6236 3.23053,
	10.6388 3.2208,
	10.6545 3.21219,
	10.6706 3.20475,
	10.6872 3.19849,
	10.7041 3.19346,
	10.7212 3.18967,
	10.7385 3.18713,
	10.7559 3.18586,
	10.7733 3.18586,
	10.7907 3.18713,
	10.808 3.18967,
	10.8251 3.19346,
	10.842 3.19849,
	10.8585 3.20475,
	10.8747 3.21219,
	10.8904 3.2208,
	10.9056 3.23053,
	10.9202 3.24136,
	10.9342 3.25322,
	10.9475 3.26608,
	10.96 3.27989,
	10.9717 3.29457,
	10.9826 3.31008,
	10.9926 3.32636,
	11.0016 3.34332,
	11.0097 3.36091,
	11.0167 3.37905,
	11.0227 3.39767,
	11.0277 3.41669,
	11.0316 3.43603,
	11.0344 3.45562,
	11.036 3.47537,
	11.0366 3.4952,
	11.036 3.51503,
	11.0344 3.53477,
	11.0316 3.55436,
	11.0277 3.5737,
	11.0227 3.59272,
	11.0167 3.61134,
	11.0097 3.62948,
	11.0016 3.64707,
	10.9926 3.66404,
	10.9826 3.68031,
	10.9717 3.69582,
	10.96 3.71051,
	10.9475 3.72431,
	10.9342 3.73717,
	10.9202 3.74904,
	10.9056 3.75986,
	10.8904 3.7696,
	10.8747 3.7782,
	10.8585 3.78565,
	10.842 3.7919,
	10.8251 3.79693,
	10.808 3.80073,
	10.7907 3.80326,
	10.7733 3.80453,
	10.7559 3.80453,
	10.7385 3.80326,
	10.7212 3.80073,
	10.7041 3.79693,
	10.6872 3.7919,
	10.6706 3.78565,
	10.6545 3.7782,
	10.6388 3.7696,
	10.6236 3.75986,
	10.609 3.74904,
	10.595 3.73717,
	10.5817 3.72431,
	10.5692 3.71051,
	10.5575 3.69582,
	10.5466 3.68031,
	10.5366 3.66404,
	10.5276 3.64707,
	10.5195 3.62948,
	10.5124 3.61134,
	10.5064 3.59272,
	10.5015 3.5737,
	10.4976 3.55436,
	10.4948 3.53477,
	"/>
</Transform>

<Transform dim="3"
 xcoef=" 1.05171874207702 1.25456401399526 0 0 0 0"
 ycoef=" 0.619440615394475 0 1.25456401399526 0 0 0">
<Contour name="D024_edge" hidden="false" closed="true" simplified="true" border="0 0 1" fill="0 0 1" mode="13"
 points="15.2744 12.024,
	15.2748 12.008,
	15.2761 11.9921,
	15.2782 11.9763,
	15.2812 11.9607,
	15.285 11.9454,
	15.2896 11.9304,
	15.295 11.9158,
	15.3011 11.9017,
	15.308 11.8881,
	15.3157 11.875,
	15.324 11.8626,
	15.3329 11.8509,
	15.3425 11.8399,
	15.3526 11.8297,
	15.3632 11.8203,
	15.3744 11.8118,
	15.3859 11.8042,
	15.3979 11.7975,
	15.4101 11.7917,
	15.4227 11.787,
	15.4355 11.7833,
	15.4484 11.7805,
	15.4615 11.7788,
	15.4746 11.7782,
	15.4878 11.7786,
	15.5009 11.78,
	15.5138 11.7825,
	15.5267 11.786,
	15.5393 11.7905,
	15.5516 11.796,
	15.5637 11.8024,
	15.5753 11.8098,
	15.5866 11.8181,
	15.5973 11.8273,
	15.6076 11.8373,
	15.6173 11.8481,
	15.6264 11.8596,
	15.6349 11.8719,
	15.6426 11.8848,
	15.6497 11.8982,
	15.6561 11.9122,
	15.6617 11.9267,
	15.6665 11.9416,
	15.6705 11.9569,
	15.6737 11.9724,
	15.676 11.9881,
	15.6775 12.004,
	15.6781 12.02,
	15.6779 12.036,
	15.6769 12.052,
	15.6749 12.0678,
	15.6722 12.0835,
	15.6686 12.0989,
	15.6642 12.1139,
	15.659 12.1286,
	15.653 12.1429,
	15.6463 12.1566,
	15.6388 12.1698,
	15.6307 12.1824,
	15.6219 12.1943,
	15.6125 12.2055,
	15.6025 12.2159,
	15.592 12.2255,
	15.581 12.2342,
	15.5695 12.2421,
	15.5577 12.249,
	15.5455 12.255,
	15.533 12.26,
	15.5203 12.264,
	15.5074 12.267,
	15.4943 12.2689,
	15.4812 12.2698,
	15.468 12.2697,
	15.4549 12.2685,
	15.4419 12.2663,
	15.429 12.2631,
	15.4164 12.2588,
	15.404 12.2536,
	15.3918 12.2474,
	15.3801 12.2402,
	15.3687 12.2321,
	15.3579 12.2232,
	15.3475 12.2134,
	15.3376 12.2028,
	15.3284 12.1914,
	15.3197 12.1793,
	15.3118 12.1666,
	15.3045 12.1533,
	15.298 12.1394,
	15.2922 12.125,
	15.2872 12.1102,
	15.283 12.095,
	15.2796 12.0796,
	15.277 12.0639,
	15.2753 12.048,
	"/>
</Transform>

<Transform dim="3"
 xcoef=" 1.05171874207702 1.25456401399526 0 0 0 0"
 ycoef=" 0.619440615394475 0 1.25456401399526 0 0 0">
<Contour name="D025" hidden="false" closed="true" simplified="true" border="0 0 1" fill="0 0 1" mode="13"
 points="5.59785 5.01976,
	5.59848 5.0008,
	5.60036 4.98193,
	5.6035 4.96326,
	5.60787 4.94488,
	5.61345 4.92689,
	5.62021 4.90938,
	5.62812 4.89243,
	5.63713 4.87614,
	5.6472 4.86059,
	5.65828 4.84586,
	5.6703 4.83203,
	5.68322 4.81917,
	5.69696 4.80734,
	5.71144 4.7966,
	5.72661 4.78701,
	5.74237 4.77863,
	5.75864 4.77148,
	5.77535 4.76562,
	5.79241 4.76107,
	5.80972 4.75785,
	5.82721 4.75598,
	5.84477 4.75546,
	5.86232 4.75632,
	5.87977 4.75852,
	5.89703 4.76208,
	5.91401 4.76696,
	5.93062 4.77315,
	5.94678 4.78061,
	5.96239 4.7893,
	5.9774 4.79918,
	5.9917 4.81019,
	6.00524 4.82229,
	6.01794 4.8354,
	6.02974 4.84946,
	6.04057 4.86441,
	6.05038 4.88015,
	6.05912 4.89661,
	6.06674 4.9137,
	6.07321 4.93135,
	6.07849 4.94945,
	6.08255 4.96791,
	6.08538 4.98664,
	6.08695 5.00553,
	6.08727 5.02451,
	6.08632 5.04345,
	6.08412 5.06228,
	6.08067 5.08089,
	6.076 5.09918,
	6.07012 5.11706,
	6.06307 5.13444,
	6.05488 5.15123,
	6.0456 5.16734,
	6.03527 5.18269,
	6.02395 5.19721,
	6.0117 5.2108,
	5.99857 5.22342,
	5.98464 5.23498,
	5.96998 5.24543,
	5.95466 5.25472,
	5.93876 5.2628,
	5.92237 5.26963,
	5.90556 5.27517,
	5.88843 5.27939,
	5.87107 5.28227,
	5.85355 5.2838,
	5.83599 5.28397,
	5.81845 5.28278,
	5.80104 5.28024,
	5.78384 5.27635,
	5.76695 5.27113,
	5.75045 5.26463,
	5.73442 5.25686,
	5.71894 5.24786,
	5.70411 5.2377,
	5.68999 5.22641,
	5.67665 5.21405,
	5.66417 5.20069,
	5.65261 5.1864,
	5.64203 5.17126,
	5.63249 5.15533,
	5.62402 5.1387,
	5.61668 5.12146,
	5.61051 5.10369,
	5.60553 5.08549,
	5.60178 5.06696,
	5.59926 5.04818,
	"/>
</Transform>

<Transform dim="3"
 xcoef=" 1.05171874207702 1.25456401399526 0 0 0 0"
 ycoef=" 0.619440615394475 0 1.25456401399526 0 0 0">
<Contour name="D026_edge" hidden="false" closed="true" simplified="true" border="0 0 1" fill="0 0 1" mode="13"
 points="5.02021 5.90408,
	5.0211 5.88708,
	5.02375 5.87016,
	5.02817 5.85341,
	5.03432 5.8369,
	5.04218 5.82072,
	5.0517 5.80495,
	5.06284 5.78966,
	5.07555 5.77493,
	5.08977 5.76082,
	5.10542 5.74742,
	5.12243 5.73478,
	5.14072 5.72296,
	5.1602 5.71202,
	5.18076 5.70202,
	5.20232 5.69301,
	5.22477 5.68502,
	5.248 5.6781,
	5.27189 5.67229,
	5.29632 5.6676,
	5.32119 5.66406,
	5.34637 5.66169,
	5.37173 5.66051,
	5.39715 5.66051,
	5.42251 5.66169,
	5.44769 5.66406,
	5.47255 5.6676,
	5.49699 5.67229,
	5.52088 5.6781,
	5.5441 5.68502,
	5.56655 5.69301,
	5.58811 5.70202,
	5.60868 5.71202,
	5.62815 5.72296,
	5.64644 5.73478,
	5.66345 5.74742,
	5.6791 5.76082,
	5.69332 5.77493,
	5.70603 5.78966,
	5.71718 5.80495,
	5.7267 5.82072,
	5.73456 5.8369,
	5.74071 5.85341,
	5.74512 5.87016,
	5.74778 5.88708,
	5.74867 5.90408,
	5.74778 5.92108,
	5.74512 5.938,
	5.74071 5.95475,
	5.73456 5.97126,
	5.7267 5.98744,
	5.71718 6.00321,
	5.70603 6.0185,
	5.69332 6.03323,
	5.6791 6.04733,
	5.66345 6.06074,
	5.64644 6.07338,
	5.62815 6.0852,
	5.60868 6.09613,
	5.58811 6.10613,
	5.56655 6.11515,
	5.5441 6.12313,
	5.52088 6.13005,
	5.49699 6.13587,
	5.47255 6.14056,
	5.44769 6.1441,
	5.42251 6.14647,
	5.39715 6.14765,
	5.37173 6.14765,
	5.34637 6.14647,
	5.32119 6.1441,
	5.29632 6.14056,
	5.27189 6.13587,
	5.248 6.13005,
	5.22477 6.12313,
	5.20232 6.11515,
	5.18076 6.10613,
	5.1602 6.09613,
	5.14072 6.0852,
	5.12243 6.07338,
	5.10542 6.06074,
	5.08977 6.04733,
	5.07555 6.03323,
	5.06284 6.0185,
	5.0517 6.00321,
	5.04218 5.98744,
	5.03432 5.97126,
	5.02817 5.95475,
	5.02375 5.938,
	"/>
</Transform>

<Transform dim="3"
 xcoef=" 1.05171874207702 1.25456401399526 0 0 0 0"
 ycoef=" 0.619440615394475 0 1.25456401399526 0 0 0">
<Contour name="D027_longitudinal" hidden="false" closed="true" simplified="true" border="0 0 1" fill="0 0 1" mode="13"
 points="14.0885 8.11811,
	14.0896 8.10054,
	14.0928 8.08308,
	14.0981 8.06584,
	14.1055 8.04893,
	14.1149 8.03246,
	14.1262 8.01653,
	14.1395 8.00124,
	14.1545 7.9867,
	14.1713 7.97298,
	14.1897 7.96018,
	14.2096 7.94838,
	14.2309 7.93765,
	14.2533 7.92806,
	14.2769 7.91968,
	14.3014 7.91255,
	14.3267 7.90672,
	14.3527 7.90222,
	14.3791 7.89909,
	14.4058 7.89734,
	14.4326 7.897,
	14.4593 7.89804,
	14.4859 7.90048,
	14.5121 7.9043,
	14.5377 7.90947,
	14.5627 7.91595,
	14.5867 7.92372,
	14.6098 7.93271,
	14.6317 7.94288,
	14.6522 7.95415,
	14.6714 7.96646,
	14.689 7.97973,
	14.7049 7.99387,
	14.7191 8.0088,
	14.7314 8.02442,
	14.7418 8.04063,
	14.7502 8.05734,
	14.7566 8.07442,
	14.7608 8.09179,
	14.7629 8.10932,
	14.7629 8.1269,
	14.7608 8.14443,
	14.7566 8.16179,
	14.7502 8.17888,
	14.7418 8.19558,
	14.7314 8.21179,
	14.7191 8.22741,
	14.7049 8.24234,
	14.689 8.25649,
	14.6714 8.26976,
	14.6522 8.28207,
	14.6317 8.29334,
	14.6098 8.30351,
	14.5867 8.3125,
	14.5627 8.32026,
	14.5377 8.32675,
	14.5121 8.33192,
	14.4859 8.33573,
	14.4593 8.33817,
	14.4326 8.33922,
	14.4058 8.33887,
	14.3791 8.33713,
	14.3527 8.334,
	14.3267 8.3295,
	14.3014 8.32367,
	14.2769 8.31654,
	14.2533 8.30815,
	14.2309 8.29857,
	14.2096 8.28784,
	14.1897 8.27604,
	14.1713 8.26324,
	14.1545 8.24952,
	14.1395 8.23497,
	14.1262 8.21968,
	14.1149 8.20376,
	14.1055 8.18729,
	14.0981 8.17038,
	14.0928 8.15314,
	14.0896 8.13568,
	"/>
</Transform>

<Transform dim="3"
 xcoef=" 1.05171874207702 1.25456401399526 0 0 0 0"
 ycoef=" 0.619440615394475 0 1.25456401399526 0 0 0">
<Contour name="D028" hidden="false" closed="true" simplified="true" border="0 0 1" fill="0 0 1" mode="13"
 points="10.5042 9.60963,
	10.506 9.58857,
	10.5111 9.56816,
	10.5194 9.54905,
	10.5308 9.53183,
	10.5447 9.51704,
	10.5608 9.50515,
	10.5786 9.49652,
	10.5976 9.49142,
	10.617 9.49002,
	10.6364 9.49236,
	10.6551 9.49836,
	10.6725 9.50783,
	10.6881 9.52049,
	10.7015 9.53593,
	10.7121 9.55367,
	10.7196 9.57317,
	10.7239 9.5938,
	10.7248 9.61493,
	10.7222 9.63589,
	10.7163 9.65603,
	10.7071 9.67472,
	10.6951 9.69138,
	10.6806 9.70548,
	10.664 9.71659,
	10.6459 9.72436,
	10.6267 9.72854,
	10.6073 9.72901,
	10.588 9.72575,
	10.5695 9.71886,
	10.5525 9.70856,
	10.5374 9.69516,
	10.5247 9.6791,
	10.5149 9.66086,
	10.5081 9.64103,
	"/>
</Transform>

<Transform dim="3"
 xcoef=" 1.05171874207702 1.25456401399526 0 0 0 0"
 ycoef=" 0.619440615394475 0 1.25456401399526 0 0 0">
<Contour name="D029_edge" hidden="false" closed="true" simplified="true" border="0 0 1" fill="0 0 1" mode="13"
 points="13.445 11.3009,
	13.4462 11.2724,
	13.4501 11.2443,
	13.4564 11.217,
	13.4651 11.1907,
	13.4761 11.1659,
	13.4893 11.1428,
	13.5044 11.1218,
	13.5213 11.1032,
	13.5398 11.0871,
	13.5596 11.0738,
	13.5805 11.0634,
	13.6022 11.0562,
	13.6243 11.0521,
	13.6467 11.0513,
	13.669 11.0538,
	13.691 11.0594,
	13.7123 11.0682,
	13.7327 11.0801,
	13.7518 11.0948,
	13.7696 11.1122,
	13.7856 11.1321,
	13.7998 11.1541,
	13.8119 11.1781,
	13.8218 11.2037,
	13.8293 11.2305,
	13.8344 11.2583,
	13.837 11.2866,
	13.837 11.3151,
	13.8344 11.3434,
	13.8293 11.3712,
	13.8218 11.3981,
	13.8119 11.4236,
	13.7998 11.4476,
	13.7856 11.4697,
	13.7696 11.4895,
	13.7518 11.507,
	13.7327 11.5217,
	13.7123 11.5335,
	13.691 11.5423,
	13.669 11.548,
	13.6467 11.5504,
	13.6243 11.5496,
	13.6022 11.5456,
	13.5805 11.5383,
	13.5596 11.528,
	13.5398 11.5147,
	13.5213 11.4986,
	13.5044 11.4799,
	13.4893 11.4589,
	13.4761 11.4358,
	13.4651 11.411,
	13.4564 11.3848,
	13.4501 11.3574,
	"/>
</Transform>

<Transform dim="3"
 xcoef=" 1.05171874207702 1.25456401399526 0 0 0 0"
 ycoef=" 0.619440615394475 0 1.25456401399526 0 0 0">
<Contour name="D030_oblique" hidden="false" closed="true" simplified="true" border="0 0 1" fill="0 0 1" mode="13"
 points="12.7978 7.82241,
	12.7997 7.79345,
	12.8054 7.76539,
	12.8147 7.73911,
	12.8273 7.71544,
	12.8429 7.69511,
	12.8608 7.67875,
	12.8807 7.66689,
	12.9018 7.65988,
	12.9235 7.65795,
	12.9451 7.66116,
	12.9659 7.66941,
	12.9853 7.68244,
	13.0027 7.69984,
	13.0176 7.72107,
	13.0294 7.74547,
	13.0378 7.77227,
	13.0426 7.80064,
	13.0436 7.82969,
	13.0407 7.85851,
	13.0341 7.88621,
	13.0239 7.91191,
	13.0105 7.93481,
	12.9943 7.9542,
	12.9758 7.96948,
	12.9556 7.98016,
	12.9343 7.98591,
	12.9126 7.98655,
	12.8911 7.98207,
	12.8706 7.97259,
	12.8516 7.95843,
	12.8348 7.94001,
	12.8206 7.91792,
	12.8096 7.89285,
	12.8021 7.86558,
	"/>
</Transform>

<Transform dim="3"
 xcoef=" 1.05171874207702 1.25456401399526 0 0 0 0"
 ycoef=" 0.619440615394475 0 1.25456401399526 0 0 0">
<Contour name="D032" hidden="false" closed="true" simplified="true" border="0 0 1" fill="0 0 1" mode="13"
 points="7.13109 3.25181,
	7.132 3.21714,
	7.13471 3.18293,
	7.1392 3.14963,
	7.14539 3.1177,
	7.15321 3.08754,
	7.16255 3.05956,
	7.1733 3.03414,
	7.1853 3.01161,
	7.19839 2.99226,
	7.21242 2.97636,
	7.22717 2.96412,
	7.24248 2.9557,
	7.25811 2.95121,
	7.27388 2.95071,
	7.28958 2.9542,
	7.30498 2.96165,
	7.31989 2.97295,
	7.33412 2.98795,
	7.34746 3.00646,
	7.35975 3.02822,
	7.37082 3.05296,
	7.38053 3.08033,
	7.38874 3.10998,
	7.39535 3.14151,
	7.40027 3.1745,
	7.40343 3.20852,
	7.40479 3.24312,
	7.40433 3.27783,
	7.40207 3.3122,
	7.39802 3.34576,
	7.39225 3.37808,
	7.38483 3.40872,
	7.37586 3.43728,
	7.36545 3.46337,
	7.35375 3.48666,
	7.34091 3.50683,
	7.3271 3.52361,
	7.31251 3.53678,
	7.29733 3.54617,
	7.28175 3.55166,
	7.266 3.55316,
	7.25027 3.55066,
	7.23477 3.54419,
	7.21971 3.53384,
	7.2053 3.51975,
	7.19172 3.50209,
	7.17915 3.48112,
	7.16776 3.4571,
	7.1577 3.43036,
	7.1491 3.40124,
	7.14208 3.37014,
	7.13674 3.33747,
	7.13313 3.30367,
	"/>
</Transform>

<Transform dim="3"
 xcoef=" 1.05171874207702 1.25456401399526 0 0 0 0"
 ycoef=" 0.619440615394475 0 1.25456401399526 0 0 0">
<Contour name="D033" hidden="false" closed="true" simplified="true" border="0 0 1" fill="0 0 1" mode="13"
 points="13.364 2.62615,
	13.3648 2.61055,
	13.3671 2.59515,
	13.3709 2.58014,
	13.3761 2.56571,
	13.3827 2.55203,
	13.3906 2.53929,
	13.3997 2.52764,
	13.4099 2.51723,
	13.4211 2.50819,
	13.433 2.50064,
	13.4457 2.49466,
	13.4588 2.49033,
	13.4723 2.48772,
	13.4859 2.48684,
	13.4996 2.48772,
	13.5131 2.49033,
	13.5262 2.49466,
	13.5388 2.50064,
	13.5508 2.50819,
	13.5619 2.51723,
	13.5721 2.52764,
	13.5812 2.53929,
	13.5891 2.55203,
	13.5958 2.56571,
	13.601 2.58014,
	13.6048 2.59515,
	13.6071 2.61055,
	13.6078 2.62615,
	13.6071 2.64175,
	13.6048 2.65715,
	13.601 2.67216,
	13.5958 2.6866,
	13.5891 2.70027,
	13.5812 2.71301,
	13.5721 2.72466,
	13.5619 2.73507,
	13.5508 2.74411,
	13.5388 2.75167,
	13.5262 2.75765,
	13.5131 2.76197,
	13.4996 2.76459,
	13.4859 2.76546,
	13.4723 2.76459,
	13.4588 2.76197,
	13.4457 2.75765,
	13.433 2.75167,
	13.4211 2.74411,
	13.4099 2.73507,
	13.3997 2.72466,
	13.3906 2.71301,
	13.3827 2.70027,
	13.3761 2.6866,
	13.3709 2.67216,
	13.3671 2.65715,
	"/>
</Transform>

<Transform dim="3"
 xcoef=" 1.05171874207702 1.25456401399526 0 0 0 0"
 ycoef=" 0.619440615394475 0 1.25456401399526 0 0 0">
<Contour name="D034" hidden="false" closed="true" simplified="true" border="0 0 1" fill="0 0 1" mode="13"
 points="11.1667 2.24514,
	11.1672 2.22842,
	11.1684 2.21175,
	11.1706 2.19521,
	11.1735 2.17886,
	11.1773 2.16276,
	11.182 2.14696,
	11.1874 2.13154,
	11.1936 2.11654,
	11.2005 2.10203,
	11.2082 2.08805,
	11.2165 2.07466,
	11.2256 2.06192,
	11.2352 2.04986,
	11.2455 2.03854,
	11.2563 2.02799,
	11.2677 2.01826,
	11.2795 2.00937,
	11.2918 2.00138,
	11.3044 1.9943,
	11.3174 1.98816,
	11.3306 1.98299,
	11.3441 1.97881,
	11.3578 1.97562,
	11.3717 1.97345,
	11.3856 1.97229,
	11.3995 1.97216,
	11.4134 1.97306,
	11.4273 1.97498,
	11.441 1.97792,
	11.4546 1.98185,
	11.4679 1.98678,
	11.481 1.99268,
	11.4937 1.99952,
	11.506 2.00729,
	11.518 2.01595,
	11.5294 2.02548,
	11.5404 2.03582,
	11.5508 2.04696,
	11.5606 2.05884,
	11.5698 2.07142,
	11.5784 2.08465,
	11.5862 2.09848,
	11.5933 2.11287,
	11.5997 2.12775,
	11.6053 2.14307,
	11.6101 2.15878,
	11.6141 2.17481,
	11.6173 2.1911,
	11.6197 2.2076,
	11.6212 2.22424,
	11.6218 2.24096,
	11.6216 2.25769,
	11.6205 2.27438,
	11.6186 2.29095,
	11.6158 2.30736,
	11.6122 2.32353,
	11.6078 2.3394,
	11.6026 2.35493,
	11.5966 2.37004,
	11.5899 2.38468,
	11.5824 2.39879,
	11.5742 2.41233,
	11.5653 2.42524,
	11.5558 2.43748,
	11.5457 2.44899,
	11.535 2.45973,
	11.5238 2.46968,
	11.5121 2.47877,
	11.4999 2.48699,
	11.4874 2.4943,
	11.4745 2.50068,
	11.4613 2.50609,
	11.4478 2.51053,
	11.4342 2.51396,
	11.4204 2.51639,
	11.4065 2.5178,
	11.3925 2.51818,
	11.3786 2.51754,
	11.3647 2.51588,
	11.351 2.5132,
	11.3374 2.50951,
	11.324 2.50483,
	11.3108 2.49917,
	11.298 2.49256,
	11.2856 2.48502,
	11.2735 2.47658,
	11.2619 2.46727,
	11.2509 2.45712,
	11.2403 2.44618,
	11.2303 2.43448,
	11.221 2.42208,
	11.2123 2.409,
	11.2042 2.39532,
	11.1969 2.38106,
	11.1904 2.3663,
	11.1846 2.35108,
	11.1795 2.33547,
	11.1753 2.31951,
	11.172 2.30328,
	11.1694 2.28682,
	11.1677 2.27021,
	"/>
</Transform>

<Transform dim="3"
 xcoef=" 1.05171874207702 1.25456401399526 0 0 0 0"
 ycoef=" 0.619440615394475 0 1.25456401399526 0 0 0">
<Contour name="D035" hidden="false" closed="true" simplified="true" border="0 0 1" fill="0 0 1" mode="13"
 points="8.50634 3.20297,
	8.50694 3.1814,
	8.50876 3.15994,
	8.51177 3.13871,
	8.51596 3.11782,
	8.52131 3.09739,
	8.5278 3.07752,
	8.53538 3.05832,
	8.54401 3.03989,
	8.55366 3.02233,
	8.56426 3.00574,
	8.57577 2.99019,
	8.58811 2.97579,
	8.60123 2.96259,
	8.61506 2.95068,
	8.62952 2.94011,
	8.64453 2.93095,
	8.66001 2.92324,
	8.67588 2.91702,
	8.69207 2.91232,
	8.70847 2.90918,
	8.725 2.90761,
	8.74158 2.90761,
	8.75811 2.90918,
	8.77451 2.91232,
	8.79069 2.91702,
	8.80657 2.92324,
	8.82205 2.93095,
	8.83706 2.94011,
	8.85152 2.95068,
	8.86534 2.96259,
	8.87846 2.97579,
	8.89081 2.99019,
	8.90232 3.00574,
	8.91292 3.02233,
	8.92257 3.03989,
	8.9312 3.05832,
	8.93878 3.07752,
	8.94526 3.09739,
	8.95062 3.11782,
	8.95481 3.13871,
	8.95782 3.15994,
	8.95963 3.1814,
	8.96024 3.20297,
	8.95963 3.22455,
	8.95782 3.24601,
	8.95481 3.26724,
	8.95062 3.28812,
	8.94526 3.30856,
	8.93878 3.32843,
	8.9312 3.34763,
	8.92257 3.36606,
	8.91292 3.38361,
	8.90232 3.40021,
	8.89081 3.41575,
	8.87846 3.43016,
	8.86534 3.44335,
	8.85152 3.45526,
	8.83706 3.46583,
	8.82205 3.47499,
	8.80657 3.48271,
	8.79069 3.48893,
	8.77451 3.49362,
	8.75811 3.49676,
	8.74158 3.49834,
	8.725 3.49834,
	8.70847 3.49676,
	8.69207 3.49362,
	8.67588 3.48893,
	8.66001 3.48271,
	8.64453 3.47499,
	8.62952 3.46583,
	8.61506 3.45526,
	8.60123 3.44335,
	8.58811 3.43016,
	8.57577 3.41575,
	8.56426 3.40021,
	8.55366 3.38361,
	8.54401 3.36606,
	8.53538 3.34763,
	8.5278 3.32843,
	8.52131 3.30856,
	8.51596 3.28812,
	8.51177 3.26724,
	8.50876 3.24601,
	8.50694 3.22455,
	"/>
</Transform>

<Transform dim="3"
 xcoef=" 1.05171874207702 1.25456401399526 0 0 0 0"
 ycoef=" 0.619440615394475 0 1.25456401399526 0 0 0">
<Contour name="D036" hidden="false" closed="true" simplified="true" border="0 0 1" fill="0 0 1" mode="13"
 points="16.9961 2.03405,
	16.9973 1.99138,
	17.0012 1.9493,
	17.0075 1.90836,
	17.0163 1.86912,
	17.0273 1.8321,
	17.0405 1.79782,
	17.0556 1.76674,
	17.0726 1.73927,
	17.091 1.71579,
	17.1107 1.69661,
	17.1315 1.68199,
	17.153 1.67213,
	17.1749 1.66717,
	17.197 1.66717,
	17.2189 1.67213,
	17.2404 1.68199,
	17.2612 1.69661,
	17.2809 1.71579,
	17.2994 1.73927,
	17.3163 1.76674,
	17.3314 1.79782,
	17.3446 1.8321,
	17.3557 1.86912,
	17.3644 1.90836,
	17.3707 1.9493,
	17.3746 1.99138,
	17.3759 2.03405,
	17.3746 2.07671,
	17.3707 2.1188,
	17.3644 2.15974,
	17.3557 2.19898,
	17.3446 2.23599,
	17.3314 2.27027,
	17.3163 2.30136,
	17.2994 2.32883,
	17.2809 2.35231,
	17.2612 2.37149,
	17.2404 2.38611,
	17.2189 2.39596,
	17.197 2.40093,
	17.1749 2.40093,
	17.153 2.39596,
	17.1315 2.38611,
	17.1107 2.37149,
	17.091 2.35231,
	17.0726 2.32883,
	17.0556 2.30136,
	17.0405 2.27027,
	17.0273 2.23599,
	17.0163 2.19898,
	17.0075 2.15974,
	17.0012 2.1188,
	"/>
</Transform>

<Transform dim="3"
 xcoef=" 1.05171874207702 1.25456401399526 0 0 0 0"
 ycoef=" 0.619440615394475 0 1.25456401399526 0 0 0">
<Contour name="D037_edge" hidden="false" closed="true" simplified="true" border="0 0 1" fill="0 0 1" mode="13"
 points="16.9515 0.117753,
	16.9537 0.0949693,
	16.9601 0.0730893,
	16.9706 0.0529805,
	16.9847 0.0354402,
	17.0017 0.021164,
	17.0212 0.010718,
	17.0422 0.00451651,
	17.064 0.0028054,
	17.0857 0.00565252,
	17.1064 0.012945,
	17.1254 0.0243936,
	17.1417 0.0395444,
	17.1549 0.0577965,
	17.1644 0.0784262,
	17.1698 0.100615,
	17.1709 0.123484,
	17.1676 0.146126,
	17.1602 0.167642,
	17.1488 0.18718,
	17.1339 0.203965,
	17.1162 0.217331,
	17.0962 0.226748,
	17.0749 0.231843,
	17.0531 0.232414,
	17.0316 0.228438,
	17.0112 0.220073,
	16.9929 0.20765,
	16.9772 0.191662,
	16.9649 0.172744,
	16.9564 0.151645,
	"/>
</Transform>

<Transform dim="3"
 xcoef=" 1.05171874207702 1.25456401399526 0 0 0 0"
 ycoef=" 0.619440615394475 0 1.25456401399526 0 0 0">
<Contour name="D034 sym cand 2" hidden="false" closed="true" simplified="true" border="0 1 1" fill="0 1 1" mode="11"
 points="11.3588 2.7262,
	11.3606 2.71008,
	11.3659 2.69419,
	11.3747 2.67879,
	11.3868 2.66412,
	11.402 2.65038,
	11.4202 2.63779,
	11.441 2.62654,
	11.4642 2.6168,
	11.4893 2.60872,
	11.516 2.60242,
	11.5439 2.598,
	11.5725 2.59552,
	11.6015 2.59503,
	11.6303 2.59652,
	11.6587 2.59997,
	11.686 2.60534,
	11.712 2.61255,
	11.7361 2.62147,
	11.7581 2.63199,
	11.7777 2.64393,
	11.7944 2.65712,
	11.8081 2.67135,
	11.8186 2.68642,
	11.8257 2.70209,
	11.8292 2.71812,
	11.8292 2.73428,
	11.8257 2.75032,
	11.8186 2.76599,
	11.8081 2.78106,
	11.7944 2.79529,
	11.7777 2.80848,
	11.7581 2.82042,
	11.7361 2.83094,
	11.712 2.83986,
	11.686 2.84706,
	11.6587 2.85243,
	11.6303 2.85589,
	11.6015 2.85738,
	11.5725 2.85688,
	11.5439 2.85441,
	11.516 2.84998,
	11.4893 2.84368,
	11.4642 2.83561,
	11.441 2.82587,
	11.4202 2.81462,
	11.402 2.80203,
	11.3868 2.78829,
	11.3747 2.77361,
	11.3659 2.75822,
	"/>
</Transform>

<Transform dim="3"
 xcoef=" 1.05171874207702 1.25456401399526 0 0 0 0"
 ycoef=" 0.619440615394475 0 1.25456401399526 0 0 0">
<Contour name="D039" hidden="false" closed="true" simplified="true" border="0 0 1" fill="0 0 1" mode="13"
 points="12.5044 2.19235,
	12.5053 2.17161,
	12.5079 2.15109,
	12.5122 2.13099,
	12.5181 2.11154,
	12.5257 2.09293,
	12.5348 2.07535,
	12.5453 2.059,
	12.5571 2.04404,
	12.5701 2.03062,
	12.5841 2.01889,
	12.5991 2.00897,
	12.6148 2.00096,
	12.6311 1.99495,
	12.6478 1.99099,
	12.6648 1.98914,
	12.6818 1.9894,
	12.6987 1.99179,
	12.7153 1.99626,
	12.7315 2.00278,
	12.7471 2.01127,
	12.7618 2.02166,
	12.7756 2.03382,
	12.7883 2.04764,
	12.7998 2.06296,
	12.81 2.07964,
	12.8187 2.09749,
	12.8258 2.11633,
	12.8314 2.13596,
	12.8353 2.15619,
	12.8374 2.17678,
	12.8379 2.19754,
	12.8366 2.21825,
	12.8335 2.23869,
	12.8288 2.25864,
	12.8224 2.2779,
	12.8145 2.29627,
	12.8051 2.31356,
	12.7942 2.32958,
	12.7821 2.34417,
	12.7688 2.35718,
	12.7545 2.36847,
	12.7394 2.37792,
	12.7235 2.38544,
	12.7071 2.39094,
	12.6903 2.39437,
	12.6733 2.3957,
	12.6563 2.3949,
	12.6394 2.39199,
	12.6229 2.387,
	12.6068 2.37998,
	12.5915 2.37101,
	12.577 2.36017,
	12.5634 2.34758,
	12.551 2.33337,
	12.5398 2.31769,
	12.53 2.3007,
	12.5217 2.28259,
	12.5149 2.26353,
	12.5098 2.24373,
	12.5064 2.22339,
	"/>
</Transform>

<Transform dim="3"
 xcoef=" 1.05171874207702 1.25456401399526 0 0 0 0"
 ycoef=" 0.619440615394475 0 1.25456401399526 0 0 0">
<Contour name="D040_edge" hidden="false" closed="true" simplified="true" border="0 0 1" fill="0 0 1" mode="13"
 points="8.5669 0.503687,
	8.568 0.484736,
	8.57127 0.465901,
	8.57671 0.447296,
	8.58427 0.429034,
	8.59392 0.411226,
	8.60559 0.393982,
	8.61921 0.377406,
	8.6347 0.361598,
	8.65196 0.346656,
	8.6709 0.33267,
	8.69139 0.319725,
	8.71331 0.307901,
	8.73652 0.297268,
	8.76089 0.287893,
	8.78627 0.279831,
	8.8125 0.273132,
	8.83942 0.267838,
	8.86687 0.263979,
	8.89468 0.26158,
	8.92268 0.260655,
	8.9507 0.26121,
	8.97858 0.263242,
	9.00613 0.266737,
	9.0332 0.271676,
	9.05962 0.278027,
	9.08522 0.285752,
	9.10986 0.294804,
	9.13338 0.305128,
	9.15563 0.316661,
	9.17649 0.329333,
	9.19583 0.343066,
	9.21352 0.357778,
	9.22946 0.373378,
	9.24356 0.389771,
	9.25572 0.406858,
	9.26588 0.424535,
	9.27397 0.442694,
	9.27994 0.461223,
	9.28376 0.480012,
	9.2854 0.498945,
	9.28485 0.517906,
	9.28212 0.536781,
	9.27722 0.555455,
	9.27019 0.573813,
	9.26106 0.591744,
	9.24989 0.609139,
	9.23675 0.625892,
	9.22172 0.641901,
	9.20488 0.657068,
	9.18636 0.671302,
	9.16624 0.684515,
	9.14467 0.696626,
	9.12177 0.707563,
	9.09767 0.717258,
	9.07253 0.725653,
	9.0465 0.732697,
	9.01974 0.738346,
	8.99241 0.742566,
	8.96467 0.745332,
	8.9367 0.746626,
	8.90867 0.746441,
	8.88074 0.744778,
	8.85309 0.741647,
	8.82588 0.737066,
	8.79929 0.731065,
	8.77347 0.72368,
	8.74857 0.714954,
	8.72476 0.704943,
	8.70218 0.693706,
	8.68096 0.681312,
	8.66123 0.667836,
	8.64312 0.653361,
	8.62673 0.637974,
	8.61216 0.62177,
	8.5995 0.604847,
	8.58884 0.587308,
	8.58023 0.569259,
	8.57372 0.550812,
	8.56936 0.532077,
	"/>
</Transform>

<Transform dim="3"
 xcoef=" 1.05171874207702 1.25456401399526 0 0 0 0"
 ycoef=" 0.619440615394475 0 1.25456401399526 0 0 0">
<Contour name="D041_oblique" hidden="false" closed="true" simplified="true" border="0 0 1" fill="0 0 1" mode="13"
 points="15.9156 1.87749,
	15.9176 1.8401,
	15.9235 1.80329,
	15.9333 1.76759,
	15.9469 1.73357,
	15.9639 1.70172,
	15.9842 1.67254,
	16.0074 1.64647,
	16.0333 1.6239,
	16.0613 1.60517,
	16.0911 1.59057,
	16.1223 1.58032,
	16.1543 1.57457,
	16.1866 1.57342,
	16.2189 1.57688,
	16.2505 1.58489,
	16.281 1.59734,
	16.31 1.61403,
	16.337 1.63472,
	16.3616 1.65909,
	16.3834 1.68677,
	16.4021 1.71734,
	16.4174 1.75034,
	16.4291 1.78527,
	16.437 1.82159,
	16.441 1.85876,
	16.441 1.89622,
	16.437 1.93339,
	16.4291 1.96971,
	16.4174 2.00464,
	16.4021 2.03764,
	16.3834 2.06821,
	16.3616 2.09589,
	16.337 2.12026,
	16.31 2.14094,
	16.281 2.15764,
	16.2505 2.17009,
	16.2189 2.1781,
	16.1866 2.18156,
	16.1543 2.1804,
	16.1223 2.17466,
	16.0911 2.16441,
	16.0613 2.14981,
	16.0333 2.13108,
	16.0074 2.10851,
	15.9842 2.08244,
	15.9639 2.05325,
	15.9469 2.02141,
	15.9333 1.98738,
	15.9235 1.95169,
	"/>
</Transform>

<Transform dim="3"
 xcoef=" 1.05171874207702 1.25456401399526 0 0 0 0"
 ycoef=" 0.619440615394475 0 1.25456401399526 0 0 0">
<Contour name="D042_edge" hidden="false" closed="true" simplified="true" border="0 0 1" fill="0 0 1" mode="13"
 points="2.37696 4.6419,
	2.37866 4.61626,
	2.38371 4.59095,
	2.39207 4.5663,
	2.40361 4.54264,
	2.41819 4.52028,
	2.43563 4.49949,
	2.45568 4.48057,
	2.47809 4.46375,
	2.50257 4.44925,
	2.5288 4.43727,
	2.55643 4.42795,
	2.58511 4.42142,
	2.61447 4.41776,
	2.64411 4.41703,
	2.67366 4.41923,
	2.70272 4.42433,
	2.73093 4.43226,
	2.7579 4.44293,
	2.7833 4.4562,
	2.80678 4.47188,
	2.82805 4.48978,
	2.84682 4.50967,
	2.86286 4.53128,
	2.87594 4.55433,
	2.88591 4.57852,
	2.89262 4.60354,
	2.896 4.62906,
	2.896 4.65474,
	2.89262 4.68026,
	2.88591 4.70528,
	2.87594 4.72947,
	2.86286 4.75252,
	2.84682 4.77413,
	2.82805 4.79402,
	2.80678 4.81192,
	2.7833 4.8276,
	2.7579 4.84087,
	2.73093 4.85154,
	2.70272 4.85948,
	2.67366 4.86458,
	2.64411 4.86677,
	2.61447 4.86604,
	2.58511 4.86239,
	2.55643 4.85586,
	2.5288 4.84654,
	2.50257 4.83455,
	2.47809 4.82005,
	2.45568 4.80323,
	2.43563 4.78431,
	2.41819 4.76353,
	2.40361 4.74116,
	2.39207 4.7175,
	2.38371 4.69285,
	"/>
</Transform>

<Transform dim="3"
 xcoef=" 1.05171874207702 1.25456401399526 0 0 0 0"
 ycoef=" 0.619440615394475 0 1.25456401399526 0 0 0">
<Contour name="D043" hidden="false" closed="true" simplified="true" border="0 0 1" fill="0 0 1" mode="13"
 points="3.29475 10.5977,
	3.29575 10.5707,
	3.29872 10.5438,
	3.30366 10.5174,
	3.31051 10.4917,
	3.31922 10.4668,
	3.32973 10.4429,
	3.34194 10.4203,
	3.35576 10.3991,
	3.37109 10.3796,
	3.38778 10.3617,
	3.40572 10.3458,
	3.42475 10.3319,
	3.44473 10.3202,
	3.46549 10.3107,
	3.48686 10.3035,
	3.50868 10.2986,
	3.53076 10.2962,
	3.55293 10.2962,
	3.57501 10.2986,
	3.59683 10.3035,
	3.6182 10.3107,
	3.63896 10.3202,
	3.65893 10.3319,
	3.67797 10.3458,
	3.6959 10.3617,
	3.7126 10.3796,
	3.72792 10.3991,
	3.74175 10.4203,
	3.75396 10.4429,
	3.76447 10.4668,
	3.77318 10.4917,
	3.78003 10.5174,
	3.78496 10.5438,
	3.78794 10.5707,
	3.78894 10.5977,
	3.78794 10.6248,
	3.78496 10.6516,
	3.78003 10.678,
	3.77318 10.7038,
	3.76447 10.7287,
	3.75396 10.7525,
	3.74175 10.7751,
	3.72792 10.7963,
	3.7126 10.8159,
	3.6959 10.8337,
	3.67797 10.8496,
	3.65893 10.8635,
	3.63896 10.8752,
	3.6182 10.8847,
	3.59683 10.8919,
	3.57501 10.8968,
	3.55293 10.8992,
	3.53076 10.8992,
	3.50868 10.8968,
	3.48686 10.8919,
	3.46549 10.8847,
	3.44473 10.8752,
	3.42475 10.8635,
	3.40572 10.8496,
	3.38778 10.8337,
	3.37109 10.8159,
	3.35576 10.7963,
	3.34194 10.7751,
	3.32973 10.7525,
	3.31922 10.7287,
	3.31051 10.7038,
	3.30366 10.678,
	3.29872 10.6516,
	"/>
</Transform>

<Transform dim="3"
 xcoef=" 1.05171874207702 1.25456401399526 0 0 0 0"
 ycoef=" 0.619440615394475 0 1.25456401399526 0 0 0">
<Contour name="D044" hidden="false" closed="true" simplified="true" border="0 0 1" fill="0 0 1" mode="13"
 points="6.92866 11.5253,
	6.93024 11.5043,
	6.93499 11.4836,
	6.94282 11.4634,
	6.95365 11.444,
	6.96733 11.4256,
	6.9837 11.4085,
	7.00253 11.3929,
	7.02359 11.379,
	7.04661 11.367,
	7.0713 11.357,
	7.09733 11.3491,
	7.12438 11.3435,
	7.1521 11.3403,
	7.18013 11.3394,
	7.20812 11.3409,
	7.2357 11.3447,
	7.26253 11.3509,
	7.28826 11.3593,
	7.31255 11.3698,
	7.33511 11.3823,
	7.35564 11.3967,
	7.37388 11.4127,
	7.38959 11.4301,
	7.40257 11.4487,
	7.41267 11.4684,
	7.41974 11.4887,
	7.42369 11.5096,
	7.42449 11.5306,
	7.42211 11.5516,
	7.41659 11.5722,
	7.40799 11.5922,
	7.39643 11.6114,
	7.38206 11.6295,
	7.36506 11.6462,
	7.34565 11.6614,
	7.32407 11.6749,
	7.3006 11.6864,
	7.27555 11.6959,
	7.24923 11.7032,
	7.22198 11.7082,
	7.19415 11.7109,
	7.1661 11.7112,
	7.13818 11.7091,
	7.11075 11.7046,
	7.08417 11.6979,
	7.05877 11.689,
	7.03487 11.6779,
	7.0128 11.665,
	6.99282 11.6502,
	6.97519 11.6338,
	6.96014 11.616,
	6.94787 11.5971,
	6.93852 11.5773,
	6.93222 11.5568,
	"/>
</Transform>

<Transform dim="3"
 xcoef=" 1.05171874207702 1.25456401399526 0 0 0 0"
 ycoef=" 0.619440615394475 0 1.25456401399526 0 0 0">
<Contour name="D045_ASPINY_NOCANDIDATES" hidden="false" closed="true" simplified="true" border="0 0 1" fill="0 0 1" mode="13"
 points="5.83128 12.1278,
	5.83195 12.1105,
	5.83398 12.0933,
	5.83733 12.0765,
	5.84198 12.06,
	5.84789 12.0442,
	5.85501 12.0291,
	5.86327 12.0149,
	5.87261 12.0017,
	5.88293 11.9896,
	5.89415 11.9787,
	5.90618 11.9691,
	5.91889 11.9609,
	5.93219 11.9542,
	5.94596 11.949,
	5.96007 11.9453,
	5.97441 11.9433,
	5.98883 11.9429,
	6.00323 11.9441,
	6.01747 11.9469,
	6.03142 11.9514,
	6.04497 11.9573,
	6.05799 11.9648,
	6.07038 11.9737,
	6.08201 11.984,
	6.0928 11.9955,
	6.10264 12.0082,
	6.11145 12.0219,
	6.11914 12.0366,
	6.12567 12.052,
	6.13095 12.0682,
	6.13496 12.0848,
	6.13765 12.1019,
	6.139 12.1191,
	6.139 12.1365,
	6.13765 12.1537,
	6.13496 12.1708,
	6.13095 12.1874,
	6.12567 12.2036,
	6.11914 12.219,
	6.11145 12.2337,
	6.10264 12.2474,
	6.0928 12.2601,
	6.08201 12.2716,
	6.07038 12.2819,
	6.05799 12.2908,
	6.04497 12.2983,
	6.03142 12.3042,
	6.01747 12.3087,
	6.00323 12.3115,
	5.98883 12.3127,
	5.97441 12.3123,
	5.96007 12.3103,
	5.94596 12.3067,
	5.93219 12.3015,
	5.91889 12.2947,
	5.90618 12.2865,
	5.89415 12.2769,
	5.88293 12.266,
	5.87261 12.2539,
	5.86327 12.2407,
	5.85501 12.2265,
	5.84789 12.2114,
	5.84198 12.1956,
	5.83733 12.1792,
	5.83398 12.1623,
	5.83195 12.1451,
	"/>
</Transform>

<Transform dim="3"
 xcoef=" 1.05171874207702 1.25456401399526 0 0 0 0"
 ycoef=" 0.619440615394475 0 1.25456401399526 0 0 0">
<Contour name="D046" hidden="false" closed="true" simplified="true" border="0 0 1" fill="0 0 1" mode="13"
 points="14.6845 1.69446,
	14.6863 1.66402,
	14.6916 1.63399,
	14.7004 1.60478,
	14.7124 1.57678,
	14.7277 1.55037,
	14.7459 1.52591,
	14.7668 1.50373,
	14.7902 1.48413,
	14.8156 1.46737,
	14.8429 1.45369,
	14.8715 1.44326,
	14.9012 1.43623,
	14.9315 1.43269,
	14.962 1.43269,
	14.9923 1.43623,
	15.022 1.44326,
	15.0506 1.45369,
	15.0779 1.46737,
	15.1033 1.48413,
	15.1267 1.50373,
	15.1476 1.52591,
	15.1658 1.55037,
	15.1811 1.57678,
	15.1932 1.60478,
	15.2019 1.63399,
	15.2072 1.66402,
	15.209 1.69446,
	15.2072 1.7249,
	15.2019 1.75493,
	15.1932 1.78414,
	15.1811 1.81214,
	15.1658 1.83855,
	15.1476 1.86301,
	15.1267 1.88519,
	15.1033 1.90479,
	15.0779 1.92155,
	15.0506 1.93523,
	15.022 1.94566,
	14.9923 1.95269,
	14.962 1.95623,
	14.9315 1.95623,
	14.9012 1.95269,
	14.8715 1.94566,
	14.8429 1.93523,
	14.8156 1.92155,
	14.7902 1.90479,
	14.7668 1.88519,
	14.7459 1.86301,
	14.7277 1.83855,
	14.7124 1.81214,
	14.7004 1.78414,
	14.6916 1.75493,
	"/>
</Transform>

<Transform dim="3"
 xcoef=" 1.05171874207702 1.25456401399526 0 0 0 0"
 ycoef=" 0.619440615394475 0 1.25456401399526 0 0 0">
<Contour name="D047" hidden="false" closed="true" simplified="true" border="0 0 1" fill="0 0 1" mode="13"
 points="6.70555 1.25721,
	6.70719 1.19793,
	6.7121 1.13951,
	6.72019 1.0828,
	6.73136 1.02864,
	6.74544 0.97781,
	6.76222 0.931056,
	6.78146 0.889058,
	6.80288 0.852428,
	6.82617 0.821701,
	6.85098 0.797325,
	6.87696 0.779655,
	6.90373 0.768949,
	6.93089 0.765363,
	6.95805 0.768949,
	6.98482 0.779655,
	7.0108 0.797325,
	7.03561 0.821701,
	7.0589 0.852428,
	7.08032 0.889058,
	7.09956 0.931056,
	7.11634 0.97781,
	7.13042 1.02864,
	7.14159 1.0828,
	7.14968 1.13951,
	7.15459 1.19793,
	7.15623 1.25721,
	7.15459 1.3165,
	7.14968 1.37492,
	7.14159 1.43163,
	7.13042 1.48579,
	7.11634 1.53662,
	7.09956 1.58337,
	7.08032 1.62537,
	7.0589 1.662,
	7.03561 1.69272,
	7.0108 1.7171,
	6.98482 1.73477,
	6.95805 1.74548,
	6.93089 1.74906,
	6.90373 1.74548,
	6.87696 1.73477,
	6.85098 1.7171,
	6.82617 1.69272,
	6.80288 1.662,
	6.78146 1.62537,
	6.76222 1.58337,
	6.74544 1.53662,
	6.73136 1.48579,
	6.72019 1.43163,
	6.7121 1.37492,
	6.70719 1.3165,
	"/>
</Transform>

<Transform dim="3"
 xcoef=" 1.05171874207702 1.25456401399526 0 0 0 0"
 ycoef=" 0.619440615394475 0 1.25456401399526 0 0 0">
<Contour name="D049 sym cand 1" hidden="false" closed="true" simplified="true" border="0 1 1" fill="0 1 1" mode="11"
 points="11.5824 3.99749,
	11.5885 3.97221,
	11.6062 3.94834,
	11.6346 3.92722,
	11.6722 3.91004,
	11.7168 3.89774,
	11.7659 3.89103,
	11.8168 3.89028,
	11.8667 3.89552,
	11.9126 3.90647,
	11.9522 3.92252,
	11.9831 3.94275,
	12.0036 3.96605,
	12.0126 3.99111,
	12.0096 4.01653,
	11.9947 4.04088,
	11.9688 4.0628,
	11.9334 4.08107,
	11.8903 4.09466,
	11.8421 4.10282,
	11.7913 4.10508,
	11.741 4.10132,
	11.6938 4.09175,
	11.6524 4.07691,
	11.6192 4.05762,
	11.5959 4.03497,
	"/>
<Contour name="D049" hidden="false" closed="true" simplified="true" border="0 0 1" fill="0 0 1" mode="13"
 points="11.0707 4.57222,
	11.0725 4.54675,
	11.0781 4.52159,
	11.0873 4.49705,
	11.1 4.47342,
	11.1161 4.45098,
	11.1353 4.43002,
	11.1575 4.41079,
	11.1824 4.39351,
	11.2096 4.3784,
	11.2389 4.36565,
	11.2698 4.3554,
	11.302 4.34779,
	11.3352 4.3429,
	11.3689 4.34079,
	11.4026 4.3415,
	11.4361 4.345,
	11.4689 4.35126,
	11.5005 4.3602,
	11.5307 4.37172,
	11.5589 4.38567,
	11.585 4.40189,
	11.6086 4.42017,
	11.6293 4.4403,
	11.647 4.46203,
	11.6614 4.4851,
	11.6724 4.50923,
	11.6798 4.53412,
	11.6835 4.55947,
	11.6835 4.58498,
	11.6798 4.61033,
	11.6724 4.63522,
	11.6614 4.65935,
	11.647 4.68241,
	11.6293 4.70414,
	11.6086 4.72427,
	11.585 4.74256,
	11.5589 4.75877,
	11.5307 4.77272,
	11.5005 4.78424,
	11.4689 4.79319,
	11.4361 4.79945,
	11.4026 4.80295,
	11.3689 4.80365,
	11.3352 4.80155,
	11.302 4.79666,
	11.2698 4.78904,
	11.2389 4.7788,
	11.2096 4.76604,
	11.1824 4.75094,
	11.1575 4.73366,
	11.1353 4.71442,
	11.1161 4.69346,
	11.1 4.67103,
	11.0873 4.6474,
	11.0781 4.62285,
	"/>
</Transform>

<Transform dim="1"
 xcoef=" 0.280310943878758 1 0 0 0 0"
 ycoef=" 0.219867409235819 0 1 0 0 0">
<Contour name="D049 ax01" hidden="false" closed="true" simplified="false" border="0 1 1" fill="0 1 1" mode="-9"
 points="8.82428 2.4083,
	8.84459 2.38799,
	8.76336 2.30675,
	8.78367 2.28644,
	8.8649 2.36768,
	8.88521 2.34737,
	8.88521 2.4083,
	"/>
</Transform>

<Transform dim="1"
 xcoef=" 0.280310943878758 1 0 0 0 0"
 ycoef=" 0.219867409235819 0 1 0 0 0">
<Contour name="D034 cand fail" hidden="false" closed="true" simplified="false" border="1 0 0" fill="1 0 0" mode="-13"
 points="8.61005 1.92894,
	8.62812 1.90364,
	8.61005 1.87834,
	8.62089 1.87834,
	8.63535 1.90002,
	8.64981 1.87834,
	8.66065 1.87834,
	8.64258 1.90364,
	8.66065 1.92894,
	8.64981 1.92894,
	8.63535 1.90725,
	8.62089 1.92894,
	"/>
</Transform>

<Transform dim="1"
 xcoef=" 0.280310943878758 1 0 0 0 0"
 ycoef=" 0.219867409235819 0 1 0 0 0">
<Contour name="D054" hidden="false" closed="true" simplified="true" border="0 0 1" fill="0 0 1" mode="13"
 points="2.45801 1.29612,
	2.45982 1.27206,
	2.46517 1.24882,
	2.47389 1.2272,
	2.48567 1.20792,
	2.50013 1.19164,
	2.51675 1.17892,
	2.53499 1.17019,
	2.55422 1.16575,
	2.57377 1.16575,
	2.593 1.17019,
	2.61124 1.17892,
	2.62786 1.19164,
	2.64232 1.20792,
	2.6541 1.2272,
	2.66282 1.24882,
	2.66817 1.27206,
	2.66998 1.29612,
	2.66817 1.32017,
	2.66282 1.34341,
	2.6541 1.36504,
	2.64232 1.38431,
	2.62786 1.40059,
	2.61124 1.41331,
	2.593 1.42204,
	2.57377 1.42648,
	2.55422 1.42648,
	2.53499 1.42204,
	2.51675 1.41331,
	2.50013 1.40059,
	2.48567 1.38431,
	2.47389 1.36504,
	2.46517 1.34341,
	2.45982 1.32017,
	"/>
</Transform>

<Transform dim="1"
 xcoef=" 0.280310943878758 1 0 0 0 0"
 ycoef=" 0.219867409235819 0 1 0 0 0">
<Contour name="D055" hidden="false" closed="true" simplified="true" border="0 0 1" fill="0 0 1" mode="13"
 points="0.854689 0.91779,
	0.857647 0.887328,
	0.866357 0.85857,
	0.880331 0.833126,
	0.898787 0.812419,
	0.920693 0.797608,
	0.944823 0.789522,
	0.969826 0.788612,
	0.994303 0.794931,
	1.01689 0.808125,
	1.03631 0.827454,
	1.05149 0.851839,
	1.06157 0.879913,
	1.066 0.910107,
	1.06452 0.940731,
	1.05721 0.970071,
	1.04449 0.996486,
	1.02707 1.0185,
	1.00591 1.03487,
	0.982218 1.0447,
	0.957302 1.04742,
	0.932562 1.04289,
	0.909382 1.03136,
	0.889058 1.01348,
	0.872729 0.990241,
	0.861306 0.962948,
	"/>
</Transform>

<Transform dim="1"
 xcoef=" 0.280310943878758 1 0 0 0 0"
 ycoef=" 0.219867409235819 0 1 0 0 0">
<Contour name="D046_ax01" hidden="false" closed="true" simplified="false" border="0 1 1" fill="0 1 1" mode="11"
 points="11.4514 1.88294,
	11.4629 1.87141,
	11.4168 1.82527,
	11.4283 1.81373,
	11.4745 1.85987,
	11.486 1.84834,
	11.486 1.88294,
	"/>
</Transform>

<Transform dim="1"
 xcoef=" 0.280310943878758 1 0 0 0 0"
 ycoef=" 0.219867409235819 0 1 0 0 0">
<Contour name="D046_ax01" hidden="false" closed="true" simplified="false" border="0 1 1" fill="0 1 1" mode="11"
 points="13.3201 -0.069391,
	13.3317 -0.0809263,
	13.2855 -0.127067,
	13.297 -0.138602,
	13.3432 -0.0924615,
	13.3547 -0.103997,
	13.3547 -0.069391,
	"/>
</Transform>

<Transform dim="1"
 xcoef=" 0.280310943878758 1 0 0 0 0"
 ycoef=" 0.219867409235819 0 1 0 0 0">
<Contour name="D020_ax01" hidden="false" closed="true" simplified="false" border="0 1 1" fill="0 1 1" mode="11"
 points="11.7055 7.36913,
	11.7152 7.35944,
	11.6764 7.32067,
	11.6861 7.31097,
	11.7249 7.34974,
	11.7346 7.34005,
	11.7346 7.36913,
	"/>
</Transform>

<Transform dim="1"
 xcoef=" 0.280310943878758 1 0 0 0 0"
 ycoef=" 0.219867409235819 0 1 0 0 0">
<Contour name="D048_oblique" hidden="false" closed="true" simplified="true" border="0 0 1" fill="0 0 1" mode="13"
 points="11.4995 6.9778,
	11.5005 6.95266,
	11.5035 6.92795,
	11.5084 6.90409,
	11.5151 6.88149,
	11.5236 6.86054,
	11.5336 6.84159,
	11.545 6.82498,
	11.5577 6.81098,
	11.5713 6.79983,
	11.5857 6.79173,
	11.6007 6.78682,
	11.6159 6.78517,
	11.631 6.78682,
	11.646 6.79173,
	11.6604 6.79983,
	11.674 6.81098,
	11.6867 6.82498,
	11.6981 6.84159,
	11.7081 6.86054,
	11.7166 6.88149,
	11.7233 6.90409,
	11.7282 6.92795,
	11.7312 6.95266,
	11.7322 6.9778,
	11.7312 7.00295,
	11.7282 7.02766,
	11.7233 7.05152,
	11.7166 7.07412,
	11.7081 7.09507,
	11.6981 7.11402,
	11.6867 7.13063,
	11.674 7.14463,
	11.6604 7.15577,
	11.646 7.16387,
	11.631 7.16879,
	11.6159 7.17044,
	11.6007 7.16879,
	11.5857 7.16387,
	11.5713 7.15577,
	11.5577 7.14463,
	11.545 7.13063,
	11.5336 7.11402,
	11.5236 7.09507,
	11.5151 7.07412,
	11.5084 7.05152,
	11.5035 7.02766,
	11.5005 7.00295,
	"/>
</Transform>

<Transform dim="1"
 xcoef=" 0.775882589148706 1 0 0 0 0"
 ycoef=" 0.598066822731306 0 1 0 0 0">
<Contour name="D058_ax01" hidden="false" closed="true" simplified="false" border="0 1 1" fill="0 1 1" mode="11"
 points="3.23628 1.49275,
	3.25363 1.4754,
	3.18422 1.40598,
	3.20157 1.38863,
	3.27099 1.45804,
	3.28834 1.44069,
	3.28834 1.49275,
	"/>
</Transform>

<Transform dim="1"
 xcoef=" 0.775882589148706 1 0 0 0 0"
 ycoef=" 0.598066822731306 0 1 0 0 0">
<Contour name="d046_p15_incomplete" hidden="false" closed="true" simplified="true" border="0.501961 0.501961 0.501961" fill="1 1 0" mode="11"
 points="10.6275 0.117431,
	10.6313 0.109975,
	10.7505 0.109043,
	10.8102 0.106247,
	10.9295 0.105315,
	10.9593 0.106247,
	10.9742 0.107179,
	10.9891 0.109975,
	10.9966 0.112771,
	11.0031 0.117431,
	11.0096 0.124887,
	11.0143 0.132343,
	11.0208 0.147255,
	11.0255 0.162167,
	11.0357 0.176147,
	11.0423 0.182671,
	11.0441 0.184535,
	11.046 0.184535,
	11.0516 0.191059,
	11.0553 0.192923,
	11.059 0.196651,
	11.0656 0.201311,
	11.0777 0.214359,
	11.0795 0.218087,
	11.0786 0.24791,
	11.073 0.254434,
	11.0721 0.256298,
	11.0702 0.256298,
	11.0646 0.260958,
	11.0497 0.268414,
	11.0423 0.272142,
	11.0385 0.274006,
	11.0367 0.27587,
	11.0292 0.27587,
	11.0218 0.277734,
	10.9919 0.277734,
	10.977 0.277734,
	10.9621 0.274938,
	10.9323 0.273074,
	10.9174 0.27121,
	10.9099 0.270278,
	10.895 0.264686,
	10.8876 0.263754,
	10.8838 0.26189,
	10.8689 0.260026,
	10.8615 0.260026,
	10.8465 0.25723,
	10.8391 0.255366,
	10.8354 0.255366,
	10.8204 0.250706,
	10.813 0.250706,
	10.8093 0.248842,
	10.8055 0.248842,
	10.7757 0.239522,
	10.7683 0.235794,
	10.7608 0.23393,
	10.7589 0.232066,
	10.7552 0.231134,
	10.7533 0.231134,
	10.7515 0.22927,
	10.744 0.227406,
	10.7422 0.225542,
	10.7403 0.225542,
	10.7328 0.220883,
	10.731 0.220883,
	10.7245 0.216223,
	10.7105 0.203175,
	10.6862 0.176147,
	10.6741 0.164963,
	10.6667 0.157507,
	10.6611 0.151915,
	10.6536 0.145391,
	10.6424 0.134207,
	10.6396 0.130479,
	10.6331 0.125819,
	10.6294 0.122091,
	10.6275 0.120227,
	10.6275 0.118363,
	"/>
</Transform>

<Transform dim="1"
 xcoef=" 0.965981223568988 1 0 0 0 0"
 ycoef=" 1.17469231426363 0 1 0 0 0">
<Contour name="d046" hidden="false" closed="true" simplified="true" border="1 1 0" fill="1 1 0" mode="11"
 points="11.7414 2.06217,
	11.7493 2.0369,
	11.7603 2.01164,
	11.7651 1.99901,
	11.7635 1.97374,
	11.7556 1.94848,
	11.754 1.92321,
	11.7619 1.87269,
	11.7572 1.82216,
	11.754 1.7969,
	11.754 1.77163,
	11.7556 1.759,
	11.7588 1.75268,
	11.7651 1.70216,
	11.7651 1.69584,
	11.7777 1.67058,
	11.7935 1.64531,
	11.803 1.63268,
	11.8282 1.62005,
	11.8409 1.61373,
	11.8472 1.61057,
	11.8977 1.60742,
	11.923 1.61215,
	11.9356 1.61531,
	11.9388 1.61531,
	11.964 1.63584,
	11.9767 1.6611,
	11.9972 1.68637,
	12.0209 1.70058,
	12.0335 1.70847,
	12.0461 1.71321,
	12.0525 1.71637,
	12.0777 1.71795,
	12.1283 1.729,
	12.1409 1.73374,
	12.1472 1.74005,
	12.1598 1.76532,
	12.1851 1.77163,
	12.1977 1.77637,
	12.2104 1.78742,
	12.2198 1.81269,
	12.2214 1.82532,
	12.2246 1.83163,
	12.2372 1.84111,
	12.2483 1.85374,
	12.2514 1.8569,
	12.2514 1.86005,
	12.2593 1.87269,
	12.2656 1.89795,
	12.2704 1.91058,
	12.283 1.92164,
	12.2862 1.92164,
	12.2956 1.93427,
	12.3019 1.9469,
	12.3035 1.95953,
	12.3035 1.96585,
	12.2956 1.97848,
	12.2893 1.98322,
	12.2767 2.00848,
	12.2751 2.0148,
	12.2909 2.06532,
	12.2925 2.07796,
	12.2814 2.09059,
	12.2751 2.10322,
	12.2751 2.11585,
	12.2798 2.14112,
	12.2798 2.14743,
	12.2719 2.1727,
	12.2704 2.17901,
	12.2625 2.19164,
	12.2514 2.2027,
	12.2467 2.20901,
	12.2451 2.22164,
	12.2404 2.23428,
	12.2372 2.24059,
	12.2262 2.25007,
	12.2119 2.27533,
	12.2072 2.28796,
	12.1993 2.30059,
	12.174 2.32112,
	12.1488 2.33217,
	12.1235 2.34007,
	12.0983 2.34165,
	12.073 2.33691,
	12.0667 2.33533,
	12.0635 2.33217,
	12.0509 2.32744,
	12.0256 2.32902,
	12.013 2.33217,
	12.0067 2.33533,
	11.9814 2.35902,
	11.9688 2.36691,
	11.9625 2.37007,
	11.9372 2.37323,
	11.9119 2.37165,
	11.8867 2.36218,
	11.8361 2.32902,
	11.814 2.30691,
	11.7951 2.28165,
	11.7793 2.25638,
	11.7682 2.23112,
	11.7509 2.18059,
	11.7446 2.15533,
	11.7414 2.1048,
	11.7414 2.07954,
	11.7414 2.0669,
	11.7414 2.06375,
	"/>
</Transform>

<Transform dim="1"
 xcoef=" 0.965981223568988 1 0 0 0 0"
 ycoef=" 1.17469231426363 0 1 0 0 0">
<Contour name="D046_ax01" hidden="false" closed="true" simplified="false" border="0 1 1" fill="0 1 1" mode="-11"
 points="14.2045 2.32247,
	14.2139 2.31309,
	14.1763 2.27557,
	14.1857 2.26619,
	14.2232 2.30371,
	14.2326 2.29433,
	14.2326 2.32247,
	"/>
</Transform>

<Transform dim="1"
 xcoef=" 0.965981223568988 1 0 0 0 0"
 ycoef=" 1.17469231426363 0 1 0 0 0">
<Contour name="D046 ax01??" hidden="false" closed="true" simplified="false" border="1 1 0" fill="1 1 0" mode="11"
 points="8.65595 6.90994,
	8.6313 6.90994,
	8.6313 6.92226,
	8.64362 6.93459,
	8.6806 6.94692,
	8.65595 6.95924,
	8.64362 6.9839,
	8.61897 6.95924,
	8.60664 6.93459,
	8.60664 6.90994,
	8.58199 6.90994,
	8.61897 6.88528,
	"/>
</Transform>

<Transform dim="1"
 xcoef=" 0.965981223568988 1 0 0 0 0"
 ycoef=" 1.17469231426363 0 1 0 0 0">
<Contour name="D020" hidden="false" closed="true" simplified="true" border="0 0 1" fill="0 0 1" mode="11"
 points="11.1631 7.66625,
	11.1649 7.64709,
	11.1703 7.62841,
	11.1792 7.61068,
	11.1913 7.59436,
	11.2063 7.57985,
	11.2238 7.56753,
	11.2435 7.55769,
	11.2648 7.5506,
	11.2871 7.54643,
	11.3099 7.54528,
	11.3327 7.54719,
	11.3548 7.55211,
	11.3757 7.5599,
	11.3949 7.57038,
	11.4118 7.58329,
	11.4262 7.59828,
	11.4375 7.615,
	11.4455 7.63301,
	11.45 7.65185,
	11.4509 7.67106,
	11.4482 7.69015,
	11.4419 7.70864,
	11.4322 7.72605,
	11.4194 7.74196,
	11.4037 7.75595,
	11.3855 7.76768,
	11.3654 7.77685,
	11.3439 7.78323,
	11.3213 7.78665,
	11.2985 7.78703,
	11.2758 7.78436,
	11.254 7.77871,
	11.2334 7.77023,
	11.2148 7.75911,
	11.1984 7.74565,
	11.1848 7.73019,
	11.1743 7.71311,
	11.1672 7.69485,
	"/>
</Transform>

<Transform dim="1"
 xcoef=" 0.965981223568988 1 0 0 0 0"
 ycoef=" 1.17469231426363 0 1 0 0 0">
<Contour name="D060_large" hidden="false" closed="true" simplified="true" border="0 0 1" fill="0 0 1" mode="11"
 points="3.5612 2.44793,
	3.5631 2.43201,
	3.56868 2.41708,
	3.57758 2.40409,
	3.58925 2.39386,
	3.60295 2.38702,
	3.61782 2.38402,
	3.63294 2.38502,
	3.64734 2.38999,
	3.66013 2.39859,
	3.6705 2.41029,
	3.67779 2.42436,
	3.68156 2.43991,
	3.68156 2.45596,
	3.67779 2.47151,
	3.6705 2.48557,
	3.66013 2.49728,
	3.64734 2.50588,
	3.63294 2.51084,
	3.61782 2.51185,
	3.60295 2.50884,
	3.58925 2.502,
	3.57758 2.49177,
	3.56868 2.47878,
	3.5631 2.46386,
	"/>
</Transform>

<Transform dim="1"
 xcoef=" 0.965981223568988 1 0 0 0 0"
 ycoef=" 1.17469231426363 0 1 0 0 0">
<Contour name="D040_ax02" hidden="false" closed="true" simplified="false" border="0 1 1" fill="0 1 1" mode="11"
 points="7.67556 1.76416,
	7.68611 1.75361,
	7.64394 1.71145,
	7.65448 1.70091,
	7.69665 1.74307,
	7.70719 1.73253,
	7.70719 1.76416,
	"/>
</Transform>

<Transform dim="1"
 xcoef=" 0.965981223568988 1 0 0 0 0"
 ycoef=" 1.17469231426363 0 1 0 0 0">
<Contour name="D022" hidden="false" closed="true" simplified="true" border="0 0 1" fill="0 0 1" mode="11"
 points="15.9702 5.98371,
	15.9713 5.95547,
	15.9746 5.92787,
	15.98 5.90155,
	15.9873 5.87711,
	15.9965 5.85511,
	16.0073 5.83605,
	16.0195 5.82036,
	16.0327 5.80842,
	16.0468 5.80049,
	16.0612 5.79675,
	16.0758 5.79728,
	16.0902 5.80208,
	16.1041 5.81104,
	16.1171 5.82395,
	16.1289 5.84051,
	16.1393 5.86035,
	16.1481 5.88301,
	16.155 5.90798,
	16.1599 5.93467,
	16.1626 5.96249,
	16.1632 5.9908,
	16.1615 6.01894,
	16.1577 6.04628,
	16.1518 6.07219,
	16.1439 6.09607,
	16.1343 6.11738,
	16.1232 6.13563,
	16.1107 6.15041,
	16.0972 6.16137,
	16.0831 6.16827,
	16.0685 6.17095,
	16.054 6.16934,
	16.0397 6.16349,
	16.026 6.15352,
	16.0133 6.13967,
	16.0017 6.12225,
	15.9917 6.10166,
	15.9834 6.07837,
	15.977 6.05291,
	15.9726 6.02588,
	"/>
</Transform>

<Transform dim="1"
 xcoef=" 0.0403377598006099 1 0 0 0 0"
 ycoef=" 0.0498289974007534 0 1 0 0 0">
<Contour name="d020" hidden="false" closed="true" simplified="true" border="1 1 0" fill="1 1 0" mode="11"
 points="10.0636 6.45619,
	10.0656 6.45522,
	10.0656 6.45135,
	10.0704 6.4436,
	10.0859 6.431,
	10.0898 6.42712,
	10.0995 6.41162,
	10.1101 6.38061,
	10.1247 6.34961,
	10.1412 6.3186,
	10.1508 6.28759,
	10.1625 6.22558,
	10.1722 6.19457,
	10.177 6.17907,
	10.1857 6.16357,
	10.1964 6.14806,
	10.2109 6.11706,
	10.2138 6.10931,
	10.2148 6.10155,
	10.2167 6.09962,
	10.2167 6.09768,
	10.2187 6.09574,
	10.2497 6.09477,
	10.2574 6.09574,
	10.2729 6.10058,
	10.2807 6.10252,
	10.2846 6.10446,
	10.2865 6.10446,
	10.2904 6.10737,
	10.2943 6.10834,
	10.2962 6.11027,
	10.2981 6.11027,
	10.3001 6.11221,
	10.302 6.11221,
	10.3059 6.11512,
	10.3214 6.12093,
	10.3524 6.12868,
	10.3679 6.13353,
	10.3989 6.13934,
	10.4144 6.13934,
	10.4299 6.14322,
	10.4377 6.14419,
	10.4532 6.15388,
	10.4687 6.16647,
	10.4754 6.17423,
	10.4832 6.18004,
	10.4987 6.18585,
	10.5065 6.18876,
	10.522 6.20039,
	10.5346 6.21589,
	10.5404 6.23139,
	10.5442 6.23915,
	10.5442 6.24108,
	10.5472 6.24496,
	10.5568 6.27597,
	10.5607 6.29147,
	10.5636 6.29535,
	10.5723 6.32635,
	10.5772 6.34186,
	10.5801 6.35736,
	10.5782 6.38837,
	10.5791 6.41937,
	10.5859 6.45038,
	10.5888 6.46588,
	10.5908 6.46782,
	10.5927 6.49883,
	10.5898 6.50658,
	10.5898 6.52208,
	10.5898 6.52983,
	10.5927 6.54534,
	10.5956 6.55309,
	10.5975 6.56859,
	10.5966 6.5841,
	10.5956 6.58797,
	10.5937 6.58991,
	10.5927 6.59379,
	10.582 6.60929,
	10.5694 6.62479,
	10.5675 6.62867,
	10.553 6.64417,
	10.5452 6.65096,
	10.5413 6.65483,
	10.5258 6.66452,
	10.5229 6.6684,
	10.52 6.67615,
	10.5181 6.67809,
	10.5171 6.68196,
	10.5103 6.68971,
	10.5065 6.69359,
	10.491 6.70231,
	10.4871 6.70522,
	10.4561 6.71491,
	10.4483 6.71684,
	10.4328 6.72944,
	10.4202 6.74494,
	10.4144 6.7527,
	10.4105 6.76045,
	10.4047 6.7682,
	10.3892 6.77983,
	10.3737 6.78855,
	10.3582 6.79242,
	10.3427 6.79436,
	10.3117 6.79339,
	10.3039 6.79339,
	10.2884 6.78855,
	10.2574 6.77208,
	10.2419 6.76335,
	10.2342 6.75948,
	10.2187 6.76529,
	10.2109 6.76529,
	10.2032 6.76335,
	10.1964 6.75657,
	10.1857 6.74107,
	10.1731 6.72557,
	10.1538 6.69456,
	10.1315 6.63254,
	10.1266 6.61704,
	10.1237 6.60929,
	10.1227 6.60541,
	10.1208 6.60348,
	10.1189 6.59572,
	10.1024 6.56472,
	10.0985 6.55697,
	10.0782 6.52596,
	10.0753 6.51821,
	10.0704 6.51142,
	10.0646 6.48042,
	10.0636 6.46491,
	10.0636 6.45716,
	"/>
</Transform>

<Transform dim="1"
 xcoef=" 0.0403377598006099 1 0 0 0 0"
 ycoef=" 0.0498289974007534 0 1 0 0 0">
<Contour name="d020_p04_branched" hidden="false" closed="true" simplified="true" border="1 1 0" fill="1 1 0" mode="11"
 points="10.7143 6.38313,
	10.7155 6.38192,
	10.7167 6.37711,
	10.7192 6.3723,
	10.7258 6.36267,
	10.73 6.35846,
	10.7312 6.35606,
	10.7354 6.35124,
	10.7402 6.34763,
	10.7438 6.34402,
	10.7528 6.33681,
	10.7577 6.3338,
	10.7625 6.32959,
	10.7715 6.32417,
	10.7901 6.31034,
	10.7998 6.30492,
	10.8046 6.30192,
	10.8058 6.30192,
	10.8076 6.30011,
	10.81 6.29951,
	10.8148 6.2965,
	10.816 6.2965,
	10.8184 6.2947,
	10.828 6.29169,
	10.8377 6.28988,
	10.8569 6.28928,
	10.8762 6.29289,
	10.8858 6.29409,
	10.905 6.29831,
	10.9243 6.30011,
	10.9339 6.30131,
	10.9532 6.30552,
	10.9628 6.30793,
	10.9724 6.31395,
	10.9736 6.31395,
	10.9832 6.31936,
	10.9874 6.32237,
	10.9886 6.32237,
	10.9899 6.32357,
	10.9911 6.32357,
	10.9959 6.32718,
	11.0037 6.335,
	11.0175 6.35365,
	11.0187 6.35485,
	11.0187 6.35606,
	11.0241 6.36568,
	11.0259 6.37049,
	11.0271 6.38012,
	11.0265 6.39937,
	11.0241 6.40899,
	11.0229 6.4102,
	11.0229 6.4126,
	11.0211 6.41741,
	11.0211 6.41862,
	11.0199 6.41982,
	11.0187 6.42463,
	11.0163 6.42945,
	11.0163 6.43065,
	11.0151 6.43185,
	11.0133 6.43666,
	11.0103 6.44148,
	11.0103 6.44268,
	11.0067 6.44749,
	11.0049 6.4499,
	11.0049 6.4511,
	10.9983 6.46073,
	10.9965 6.46554,
	10.9953 6.46674,
	10.9923 6.47637,
	10.9917 6.47877,
	10.9917 6.47998,
	10.9899 6.48238,
	10.9893 6.48479,
	10.982 6.49381,
	10.9724 6.50284,
	10.9682 6.50644,
	10.9658 6.50825,
	10.9646 6.50945,
	10.9634 6.50945,
	10.961 6.51126,
	10.9514 6.51426,
	10.9465 6.51607,
	10.9441 6.51667,
	10.9429 6.51667,
	10.9417 6.51787,
	10.9393 6.51787,
	10.9201 6.52329,
	10.8816 6.53171,
	10.8719 6.53351,
	10.8623 6.53351,
	10.8575 6.53351,
	10.8527 6.53171,
	10.8503 6.53051,
	10.8461 6.52569,
	10.8449 6.52569,
	10.8425 6.52389,
	10.8401 6.52329,
	10.831 6.51547,
	10.822 6.50885,
	10.8172 6.50705,
	10.8076 6.50644,
	10.8028 6.50644,
	10.7931 6.50885,
	10.7883 6.51066,
	10.7787 6.51126,
	10.7739 6.50945,
	10.7649 6.50163,
	10.7589 6.49261,
	10.7552 6.48298,
	10.754 6.47817,
	10.7516 6.47336,
	10.7504 6.46855,
	10.7462 6.45892,
	10.7444 6.45411,
	10.7432 6.4517,
	10.7432 6.4505,
	10.742 6.4493,
	10.7378 6.43967,
	10.7318 6.43065,
	10.7282 6.42644,
	10.727 6.42463,
	10.7228 6.41982,
	10.7173 6.4102,
	10.7149 6.40057,
	10.7143 6.39095,
	10.7143 6.38613,
	10.7143 6.38373,
	"/>
</Transform>

<Transform dim="1"
 xcoef=" 0.0403377598006099 1 0 0 0 0"
 ycoef=" 0.0498289974007534 0 1 0 0 0">
<Contour name="d020_p05" hidden="false" closed="true" simplified="true" border="1 1 0" fill="1 1 0" mode="11"
 points="9.24465 6.89747,
	9.24755 6.88818,
	9.24987 6.88353,
	9.2583 6.87424,
	9.27253 6.85565,
	9.27601 6.85101,
	9.29169 6.83242,
	9.29228 6.83184,
	9.29576 6.81325,
	9.29634 6.81093,
	9.29663 6.80977,
	9.29663 6.80919,
	9.30418 6.79989,
	9.32248 6.78421,
	9.33148 6.77521,
	9.33555 6.77056,
	9.33845 6.76591,
	9.3399 6.76359,
	9.34078 6.76127,
	9.34339 6.75662,
	9.34542 6.75197,
	9.34629 6.74965,
	9.3492 6.745,
	9.35239 6.73571,
	9.35384 6.73106,
	9.35443 6.72874,
	9.36052 6.71945,
	9.36343 6.7148,
	9.37243 6.70551,
	9.37475 6.70318,
	9.3794 6.69389,
	9.38579 6.6753,
	9.38753 6.67066,
	9.3884 6.66833,
	9.39015 6.65904,
	9.39073 6.65439,
	9.39189 6.64974,
	9.39537 6.64045,
	9.40118 6.62186,
	9.4038 6.61257,
	9.40728 6.59398,
	9.40786 6.58934,
	9.40786 6.58469,
	9.40844 6.58004,
	9.41745 6.54287,
	9.42064 6.53358,
	9.42151 6.53125,
	9.42296 6.52196,
	9.42761 6.51267,
	9.42906 6.50802,
	9.43226 6.48943,
	9.43255 6.48479,
	9.43632 6.4662,
	9.43807 6.45691,
	9.43865 6.44761,
	9.43923 6.41044,
	9.43836 6.37327,
	9.43836 6.36862,
	9.4372 6.36397,
	9.43661 6.35468,
	9.43284 6.33609,
	9.43226 6.33377,
	9.43139 6.31518,
	9.43139 6.30589,
	9.43052 6.29659,
	9.42761 6.27801,
	9.42645 6.27336,
	9.42587 6.26871,
	9.42587 6.26639,
	9.42587 6.26523,
	9.42442 6.26291,
	9.42442 6.26058,
	9.42296 6.25594,
	9.42064 6.23735,
	9.42006 6.2327,
	9.42006 6.23038,
	9.41861 6.22573,
	9.41687 6.20714,
	9.41425 6.18856,
	9.41338 6.17926,
	9.40031 6.10492,
	9.39857 6.09562,
	9.39683 6.09098,
	9.39683 6.08865,
	9.39596 6.08633,
	9.39537 6.08517,
	9.39537 6.08285,
	9.39131 6.07355,
	9.39044 6.06891,
	9.3884 6.06658,
	9.38202 6.04799,
	9.37911 6.0387,
	9.37824 6.03638,
	9.37475 6.01779,
	9.37301 5.9992,
	9.37243 5.98991,
	9.37214 5.97132,
	9.37214 5.969,
	9.37214 5.96784,
	9.37417 5.96319,
	9.37563 5.96087,
	9.37998 5.95651,
	9.38231 5.95506,
	9.38347 5.95448,
	9.38463 5.95448,
	9.38695 5.95303,
	9.39625 5.95128,
	9.40554 5.95187,
	9.40786 5.95216,
	9.40873 5.95332,
	9.41106 5.9539,
	9.42035 5.96,
	9.42442 5.96435,
	9.4279 5.969,
	9.42993 5.97132,
	9.43545 5.98062,
	9.4369 5.98294,
	9.43981 5.99223,
	9.443 5.99688,
	9.44504 5.9992,
	9.44736 6.00385,
	9.44968 6.00617,
	9.45172 6.01082,
	9.46188 6.02941,
	9.47088 6.04799,
	9.4764 6.05729,
	9.47785 6.05961,
	9.47843 6.06193,
	9.47931 6.0631,
	9.48018 6.06542,
	9.48715 6.07471,
	9.49644 6.08226,
	9.49876 6.08343,
	9.49993 6.08372,
	9.50225 6.08517,
	9.50457 6.08604,
	9.50573 6.08604,
	9.50632 6.08604,
	9.51096 6.08952,
	9.51329 6.09098,
	9.52229 6.0994,
	9.52345 6.0994,
	9.53245 6.10869,
	9.53681 6.11334,
	9.53884 6.11566,
	9.55075 6.13425,
	9.55423 6.1389,
	9.55511 6.14122,
	9.56208 6.15051,
	9.56585 6.15516,
	9.5705 6.15952,
	9.57514 6.16155,
	9.57747 6.16242,
	9.59605 6.17462,
	9.60535 6.17897,
	9.60767 6.17985,
	9.62626 6.19088,
	9.62858 6.19233,
	9.64717 6.20773,
	9.65182 6.2115,
	9.65559 6.21615,
	9.66459 6.22544,
	9.66663 6.22776,
	9.67244 6.23706,
	9.68202 6.25565,
	9.68521 6.26494,
	9.68725 6.27423,
	9.68783 6.27888,
	9.68783 6.29747,
	9.68783 6.29979,
	9.68783 6.30095,
	9.68318 6.31024,
	9.67679 6.31954,
	9.66866 6.32883,
	9.65356 6.34742,
	9.63584 6.366,
	9.63149 6.37065,
	9.62916 6.37297,
	9.62771 6.3753,
	9.62713 6.37588,
	9.62597 6.38517,
	9.62423 6.39447,
	9.62277 6.39911,
	9.62219 6.40144,
	9.61784 6.41073,
	9.61551 6.41538,
	9.60012 6.45255,
	9.59112 6.47114,
	9.58996 6.47346,
	9.58908 6.47462,
	9.58879 6.47578,
	9.58705 6.47811,
	9.58531 6.48275,
	9.58444 6.48392,
	9.5827 6.48856,
	9.57195 6.50715,
	9.5673 6.51644,
	9.5644 6.52109,
	9.56324 6.52341,
	9.5612 6.52574,
	9.5583 6.53038,
	9.55714 6.53271,
	9.54785 6.54055,
	9.53855 6.54606,
	9.53391 6.54897,
	9.5249 6.55797,
	9.51183 6.57656,
	9.51009 6.57888,
	9.49935 6.59747,
	9.49673 6.60212,
	9.49499 6.60676,
	9.48918 6.61606,
	9.48453 6.62535,
	9.47902 6.63464,
	9.4764 6.63929,
	9.45927 6.67646,
	9.45259 6.69505,
	9.44997 6.6997,
	9.44852 6.70202,
	9.44562 6.71131,
	9.44417 6.71596,
	9.44358 6.71712,
	9.44358 6.71828,
	9.44213 6.72061,
	9.44155 6.72119,
	9.43952 6.73048,
	9.43778 6.73513,
	9.4372 6.73629,
	9.43632 6.74558,
	9.42819 6.75488,
	9.42413 6.75952,
	9.42151 6.76417,
	9.41367 6.78276,
	9.40757 6.80134,
	9.40554 6.81064,
	9.4006 6.82922,
	9.39857 6.83852,
	9.39218 6.8571,
	9.3916 6.85943,
	9.38928 6.86407,
	9.38782 6.86872,
	9.38695 6.87337,
	9.38347 6.88266,
	9.38172 6.88731,
	9.38085 6.88963,
	9.38027 6.89428,
	9.37563 6.90357,
	9.36227 6.94075,
	9.35849 6.95004,
	9.35646 6.95469,
	9.35268 6.95933,
	9.35065 6.96166,
	9.34949 6.96282,
	9.34484 6.96514,
	9.30767 6.97647,
	9.29837 6.97937,
	9.29373 6.98082,
	9.28443 6.98199,
	9.27979 6.98199,
	9.27746 6.98169,
	9.27282 6.97908,
	9.26817 6.9756,
	9.26033 6.9663,
	9.25917 6.96514,
	9.25394 6.95585,
	9.25046 6.94655,
	9.24784 6.93726,
	9.24697 6.93261,
	9.24552 6.91403,
	9.24465 6.90473,
	9.24465 6.90009,
	9.24465 6.89776,
	"/>
</Transform>

<Transform dim="1"
 xcoef=" 0.0403377598006099 1 0 0 0 0"
 ycoef=" 0.0498289974007534 0 1 0 0 0">
<Contour name="d020_c05" hidden="false" closed="true" simplified="true" border="1 0 0" fill="1 0 0" mode="-11"
 points="9.35844 6.10968,
	9.36089 6.09662,
	9.36497 6.08356,
	9.36497 6.08192,
	9.3666 6.08029,
	9.3666 6.07866,
	9.3715 6.07213,
	9.37803 6.06641,
	9.38457 6.06396,
	9.39763 6.06396,
	9.40416 6.06478,
	9.41069 6.06723,
	9.41233 6.06723,
	9.42457 6.07866,
	9.42947 6.08356,
	9.4311 6.08682,
	9.43274 6.08764,
	9.43274 6.08927,
	9.43682 6.0958,
	9.43845 6.09907,
	9.44009 6.1007,
	9.4409 6.10397,
	9.44254 6.1056,
	9.44743 6.11866,
	9.4507 6.1252,
	9.4507 6.12683,
	9.45233 6.12765,
	9.4605 6.15377,
	9.46131 6.16031,
	9.46376 6.16684,
	9.46376 6.1701,
	9.46621 6.17663,
	9.46866 6.1897,
	9.4703 6.21583,
	9.47193 6.22889,
	9.47274 6.28114,
	9.47193 6.3334,
	9.47274 6.35952,
	9.47601 6.38565,
	9.47764 6.41178,
	9.47764 6.46403,
	9.47519 6.49016,
	9.47519 6.49343,
	9.47356 6.49669,
	9.47193 6.50976,
	9.4703 6.51302,
	9.4703 6.51629,
	9.4654 6.52935,
	9.46295 6.53588,
	9.46213 6.53915,
	9.45968 6.54242,
	9.45968 6.54405,
	9.45315 6.54976,
	9.44988 6.5514,
	9.44825 6.55303,
	9.43519 6.55303,
	9.42866 6.55221,
	9.41641 6.54405,
	9.41069 6.53997,
	9.40416 6.53343,
	9.39681 6.52119,
	9.39273 6.50812,
	9.38865 6.45587,
	9.3862 6.42974,
	9.38538 6.41668,
	9.38375 6.41015,
	9.38293 6.39708,
	9.3813 6.39055,
	9.37558 6.3383,
	9.37232 6.31217,
	9.36742 6.28604,
	9.36415 6.25991,
	9.3617 6.24685,
	9.36089 6.23379,
	9.35925 6.22726,
	9.35844 6.12275,
	9.35844 6.1105,
	"/>
</Transform>

<Transform dim="1"
 xcoef=" 0.0403377598006099 1 0 0 0 0"
 ycoef=" 0.0498289974007534 0 1 0 0 0">
<Contour name="d020_cfa05" hidden="false" closed="false" simplified="false" border="0 1 0" fill="0 1 0" mode="11"
 points="9.41155 6.06545,
	9.44216 6.23264,
	9.45453 6.35626,
	9.44452 6.55287,
	"/>
</Transform>

<Transform dim="1"
 xcoef=" 0.83831413171795 1 0 0 0 0"
 ycoef=" 0.493749707854138 0 1 0 0 0">
<Image mag="0.00201646" contrast="1.79586" brightness="-0.54" red="true" green="true" blue="true"
 src="072____z71.0.tif" />
<Contour name="domain1" hidden="false" closed="true" simplified="false" border="1 0 1" fill="1 0 1" mode="11"
 points="0 0,
	9551 0,
	9551 5063,
	0 5063,
	"/>
</Transform>

</Section>