<?xml version="1.0"?>
<!DOCTYPE Section SYSTEM "section.dtd">

<Section index="214" thickness="0.052" alignLocked="true">
<Transform dim="1"
 xcoef=" 9.37583629758008 1 0 0 0 0"
 ycoef=" 8.3847331106088 0 1 0 0 0">
<Image mag="0.00201646" contrast="1.3401" brightness="-0.645" red="true" green="true" blue="true"
 src="214____z213.0.tif" />
<Contour name="domain1" hidden="false" closed="true" simplified="false" border="1 0 1" fill="1 0 1" mode="11"
 points="0 0,
	13727 0,
	13727 13535,
	0 13535,
	"/>
</Transform>

<Transform dim="1"
 xcoef=" 9.37583629758008 1 0 0 0 0"
 ycoef=" 8.3847331106088 0 1 0 0 0">
<Contour name="D057" hidden="false" closed="true" simplified="true" border="0 0 1" fill="0 0 1" mode="11"
 points="13.9461 18.0986,
	13.947 18.0858,
	13.9499 18.0731,
	13.9547 18.0609,
	13.9613 18.0492,
	13.9697 18.0383,
	13.9796 18.0283,
	13.9909 18.0195,
	14.0035 18.0118,
	14.0172 18.0055,
	14.0317 18.0006,
	14.0468 17.9972,
	14.0623 17.9954,
	14.078 17.9952,
	14.0935 17.9966,
	14.1088 17.9996,
	14.1235 18.0041,
	14.1374 18.0101,
	14.1502 18.0174,
	14.1619 18.026,
	14.1722 18.0357,
	14.1809 18.0464,
	14.188 18.0579,
	14.1932 18.07,
	14.1966 18.0826,
	14.1981 18.0954,
	14.1976 18.1083,
	14.1951 18.121,
	14.1908 18.1333,
	14.1847 18.1452,
	14.1767 18.1563,
	14.1672 18.1665,
	14.1562 18.1757,
	14.1439 18.1836,
	14.1305 18.1903,
	14.1162 18.1956,
	14.1012 18.1993,
	14.0858 18.2015,
	14.0701 18.2021,
	14.0545 18.2011,
	14.0392 18.1985,
	14.0243 18.1944,
	14.0102 18.1888,
	13.9971 18.1818,
	13.9851 18.1735,
	13.9744 18.164,
	13.9653 18.1536,
	13.9578 18.1423,
	13.9521 18.1303,
	13.9482 18.1178,
	"/>
</Transform>

<Transform dim="1"
 xcoef=" 9.37583629758008 1 0 0 0 0"
 ycoef=" 8.3847331106088 0 1 0 0 0">
<Contour name="D058" hidden="false" closed="true" simplified="true" border="0 0 1" fill="0 0 1" mode="11"
 points="15.0355 19.1992,
	15.036 19.1883,
	15.0377 19.1775,
	15.0403 19.1669,
	15.044 19.1565,
	15.0488 19.1464,
	15.0545 19.1367,
	15.0611 19.1276,
	15.0686 19.1189,
	15.077 19.1109,
	15.0861 19.1036,
	15.0959 19.097,
	15.1063 19.0912,
	15.1172 19.0863,
	15.1286 19.0822,
	15.1404 19.079,
	15.1524 19.0767,
	15.1646 19.0754,
	15.1769 19.075,
	15.1891 19.0756,
	15.2013 19.0772,
	15.2132 19.0797,
	15.2249 19.0831,
	15.2362 19.0874,
	15.247 19.0926,
	15.2573 19.0986,
	15.2669 19.1054,
	15.2758 19.1129,
	15.2839 19.121,
	15.2913 19.1298,
	15.2977 19.1391,
	15.3031 19.1489,
	15.3076 19.159,
	15.3111 19.1695,
	15.3135 19.1802,
	15.3148 19.191,
	15.3151 19.202,
	15.3143 19.2128,
	15.3124 19.2236,
	15.3095 19.2342,
	15.3055 19.2445,
	15.3005 19.2545,
	15.2946 19.2641,
	15.2877 19.2731,
	15.28 19.2816,
	15.2714 19.2894,
	15.2622 19.2966,
	15.2522 19.303,
	15.2417 19.3085,
	15.2306 19.3133,
	15.2191 19.3172,
	15.2073 19.3201,
	15.1952 19.3221,
	15.183 19.3232,
	15.1707 19.3233,
	15.1585 19.3225,
	15.1463 19.3207,
	15.1345 19.318,
	15.1229 19.3143,
	15.1117 19.3098,
	15.101 19.3044,
	15.0909 19.2982,
	15.0815 19.2913,
	15.0727 19.2836,
	15.0648 19.2753,
	15.0577 19.2664,
	15.0515 19.2569,
	15.0463 19.2471,
	15.0421 19.2368,
	15.0389 19.2263,
	15.0367 19.2155,
	"/>
</Transform>

<Transform dim="1"
 xcoef=" 9.23597734421374 1 0 0 0 0"
 ycoef=" 8.11349150408015 0 1 0 0 0">
<Contour name="D046" hidden="false" closed="true" simplified="true" border="0 0 1" fill="0 0 1" mode="11"
 points="23.5645 11.7716,
	23.5656 11.7577,
	23.5689 11.7441,
	23.5742 11.7309,
	23.5816 11.7185,
	23.5909 11.7071,
	23.6018 11.6968,
	23.6143 11.6879,
	23.628 11.6806,
	23.6428 11.6749,
	23.6583 11.6709,
	23.6743 11.6688,
	23.6904 11.6686,
	23.7065 11.6702,
	23.7222 11.6737,
	23.7372 11.679,
	23.7512 11.686,
	23.764 11.6945,
	23.7753 11.7044,
	23.785 11.7156,
	23.7928 11.7278,
	23.7987 11.7407,
	23.8025 11.7543,
	23.8041 11.7682,
	23.8036 11.7821,
	23.8009 11.7958,
	23.796 11.8091,
	23.7892 11.8217,
	23.7804 11.8334,
	23.7698 11.844,
	23.7577 11.8532,
	23.7443 11.861,
	23.7298 11.8671,
	23.7144 11.8715,
	23.6985 11.8741,
	23.6824 11.8748,
	23.6662 11.8736,
	23.6504 11.8706,
	23.6353 11.8658,
	23.621 11.8592,
	23.6079 11.8511,
	23.5961 11.8415,
	23.586 11.8306,
	23.5777 11.8186,
	23.5713 11.8058,
	23.567 11.7924,
	"/>
</Transform>

<Transform dim="0"
 xcoef=" 0 1 0 0 0 0"
 ycoef=" 0 0 1 0 0 0">
<Contour name="D045_ASPINY_NOCANDIDATES" hidden="false" closed="true" simplified="true" border="0 0 1" fill="0 0 1" mode="11"
 points="1.76729 8.86047,
	1.76954 8.83904,
	1.77619 8.81845,
	1.78698 8.79953,
	1.80149 8.78303,
	1.81914 8.76959,
	1.83922 8.75977,
	1.86095 8.75393,
	1.88346 8.75232,
	1.90585 8.755,
	1.92724 8.76186,
	1.94679 8.77263,
	1.96371 8.78689,
	1.97734 8.80406,
	1.98713 8.82347,
	1.9927 8.84435,
	1.99383 8.86587,
	1.99046 8.88717,
	1.98274 8.90741,
	1.97098 8.9258,
	1.95562 8.94159,
	1.9373 8.95417,
	1.91673 8.96303,
	1.89472 8.96782,
	1.87216 8.96836,
	1.84993 8.96462,
	1.82892 8.95675,
	1.80996 8.94506,
	1.79381 8.93002,
	1.78109 8.91221,
	1.77233 8.89236,
	"/>
</Transform>

<Transform dim="0"
 xcoef=" 0 1 0 0 0 0"
 ycoef=" 0 0 1 0 0 0">
<Contour name="D019" hidden="false" closed="true" simplified="true" border="0 0 1" fill="0 0 1" mode="11"
 points="2.30329 6.54434,
	2.30431 6.52753,
	2.30737 6.51107,
	2.3124 6.4953,
	2.3193 6.48055,
	2.32791 6.46714,
	2.33807 6.45533,
	2.34956 6.44537,
	2.36213 6.43748,
	2.37554 6.43181,
	2.3895 6.42848,
	2.40371 6.42757,
	2.41789 6.42909,
	2.43173 6.43301,
	2.44496 6.43925,
	2.45729 6.44768,
	2.46846 6.45812,
	2.47825 6.47035,
	2.48645 6.48413,
	2.49289 6.49916,
	2.49744 6.51513,
	2.5 6.53171,
	2.50051 6.54855,
	2.49897 6.56531,
	2.49541 6.58163,
	2.4899 6.59717,
	2.48256 6.61161,
	2.47355 6.62465,
	2.46304 6.63602,
	2.45125 6.64548,
	2.43844 6.65283,
	2.42487 6.65792,
	2.41082 6.66065,
	2.39659 6.66095,
	2.38247 6.65883,
	2.36875 6.65432,
	2.35573 6.64752,
	2.34366 6.63857,
	2.33281 6.62766,
	2.3234 6.61501,
	2.31563 6.60089,
	2.30965 6.5856,
	2.30559 6.56944,
	"/>
</Transform>

<Transform dim="0"
 xcoef=" 0 1 0 0 0 0"
 ycoef=" 0 0 1 0 0 0">
<Contour name="D037" hidden="false" closed="true" simplified="true" border="0 0 1" fill="0 0 1" mode="11"
 points="8.38195 0.756268,
	8.38356 0.743963,
	8.38835 0.732053,
	8.39616 0.720921,
	8.40674 0.710926,
	8.41975 0.702388,
	8.43478 0.695581,
	8.45133 0.690725,
	8.46889 0.687976,
	8.48687 0.687422,
	8.50471 0.68908,
	8.52183 0.692898,
	8.53769 0.698753,
	8.55176 0.706456,
	8.56361 0.715761,
	8.57284 0.726367,
	8.57917 0.737934,
	8.58238 0.750091,
	8.58238 0.762446,
	8.57917 0.774603,
	8.57284 0.78617,
	8.56361 0.796776,
	8.55176 0.806081,
	8.53769 0.813784,
	8.52183 0.819639,
	8.50471 0.823457,
	8.48687 0.825115,
	8.46889 0.824561,
	8.45133 0.821812,
	8.43478 0.816956,
	8.41975 0.810149,
	8.40674 0.801611,
	8.39616 0.791615,
	8.38835 0.780484,
	"/>
</Transform>

<Transform dim="0"
 xcoef=" 0 1 0 0 0 0"
 ycoef=" 0 0 1 0 0 0">
<Contour name="D020" hidden="false" closed="true" simplified="true" border="0 0 1" fill="0 0 1" mode="11"
 points="9.41527 6.00926,
	9.41719 5.98885,
	9.42288 5.96913,
	9.43216 5.95078,
	9.44469 5.93442,
	9.46007 5.9206,
	9.47775 5.90981,
	9.49715 5.90241,
	9.5176 5.89864,
	9.5384 5.89864,
	9.55885 5.90241,
	9.57824 5.90981,
	9.59593 5.9206,
	9.6113 5.93442,
	9.62384 5.95078,
	9.63311 5.96913,
	9.6388 5.98885,
	9.64072 6.00926,
	9.6388 6.02967,
	9.63311 6.04939,
	9.62384 6.06774,
	9.6113 6.0841,
	9.59593 6.09791,
	9.57824 6.1087,
	9.55885 6.11611,
	9.5384 6.11988,
	9.5176 6.11988,
	9.49715 6.11611,
	9.47775 6.1087,
	9.46007 6.09791,
	9.44469 6.0841,
	9.43216 6.06774,
	9.42288 6.04939,
	9.41719 6.02967,
	"/>
</Transform>

</Section>