<?xml version="1.0"?>
<!DOCTYPE Section SYSTEM "section.dtd">

<Section index="18" thickness="0.052" alignLocked="true">
<Transform dim="3"
 xcoef=" 0.392930346630802 1.25456401399526 0 0 0 0"
 ycoef=" 0.170542608925437 0 1.25456401399526 0 0 0">
<Contour name="D019" hidden="false" closed="true" simplified="true" border="0 0 1" fill="0 0 1" mode="13"
 points="9.71967 5.76548,
	9.72156 5.73138,
	9.72723 5.6979,
	9.73655 5.66562,
	9.74937 5.63512,
	9.76546 5.60695,
	9.78453 5.5816,
	9.80623 5.55954,
	9.83019 5.54115,
	9.85598 5.52677,
	9.88313 5.51665,
	9.91115 5.51096,
	9.93956 5.50982,
	9.96785 5.51324,
	9.9955 5.52116,
	10.022 5.53344,
	10.047 5.54987,
	10.0698 5.57014,
	10.0903 5.59389,
	10.1079 5.62071,
	10.1224 5.65011,
	10.1335 5.68157,
	10.141 5.71452,
	10.1448 5.74839,
	10.1448 5.78256,
	10.141 5.81643,
	10.1335 5.84938,
	10.1224 5.88084,
	10.1079 5.91024,
	10.0903 5.93706,
	10.0698 5.96082,
	10.047 5.98109,
	10.022 5.99751,
	9.9955 6.00979,
	9.96785 6.01771,
	9.93956 6.02113,
	9.91115 6.01999,
	9.88313 6.0143,
	9.85598 6.00418,
	9.83019 5.9898,
	9.80623 5.97141,
	9.78453 5.94935,
	9.76546 5.92401,
	9.74937 5.89583,
	9.73655 5.86534,
	9.72723 5.83306,
	"/>
</Transform>

<Transform dim="3"
 xcoef=" 0.392930346630802 1.25456401399526 0 0 0 0"
 ycoef=" 0.170542608925437 0 1.25456401399526 0 0 0">
<Contour name="D021" hidden="false" closed="true" simplified="true" border="0 0 1" fill="0 0 1" mode="13"
 points="8.10838 7.31642,
	8.10981 7.28522,
	8.11409 7.2544,
	8.12117 7.22435,
	8.13095 7.19543,
	8.14332 7.16801,
	8.15812 7.14242,
	8.17517 7.11898,
	8.19427 7.09798,
	8.21516 7.07968,
	8.23761 7.06431,
	8.26132 7.05205,
	8.28601 7.04305,
	8.31137 7.03744,
	8.33708 7.03527,
	8.36284 7.03657,
	8.38832 7.04133,
	8.4132 7.04949,
	8.43718 7.06095,
	8.45997 7.07556,
	8.48128 7.09315,
	8.50085 7.11349,
	8.51843 7.13635,
	8.53382 7.16143,
	8.54681 7.18842,
	8.55725 7.217,
	8.56501 7.2468,
	8.57 7.27746,
	8.57214 7.30861,
	8.57143 7.33985,
	8.56785 7.3708,
	8.56147 7.40108,
	8.55236 7.43032,
	8.54062 7.45814,
	8.52641 7.48422,
	8.5099 7.50823,
	8.4913 7.52986,
	8.47083 7.54886,
	8.44875 7.56498,
	8.42532 7.57804,
	8.40085 7.58786,
	8.37563 7.59433,
	8.34997 7.59737,
	8.3242 7.59693,
	8.29862 7.59303,
	8.27356 7.58572,
	8.24932 7.57507,
	8.22621 7.56123,
	8.2045 7.54437,
	8.18448 7.52469,
	8.16638 7.50244,
	8.15042 7.47788,
	8.13682 7.45134,
	8.12573 7.42313,
	8.11728 7.3936,
	8.1116 7.36311,
	"/>
</Transform>

<Transform dim="3"
 xcoef=" 0.392930346630802 1.25456401399526 0 0 0 0"
 ycoef=" 0.170542608925437 0 1.25456401399526 0 0 0">
<Contour name="D023" hidden="false" closed="true" simplified="true" border="0 0 1" fill="0 0 1" mode="13"
 points="9.87079 6.5388,
	9.87139 6.51285,
	9.87317 6.48702,
	9.87613 6.46143,
	9.88026 6.4362,
	9.88554 6.41145,
	9.89193 6.3873,
	9.89942 6.36385,
	9.90797 6.34122,
	9.91753 6.3195,
	9.92807 6.29881,
	9.93953 6.27924,
	9.95186 6.26088,
	9.965 6.24382,
	9.9789 6.22813,
	9.99348 6.21389,
	10.0087 6.20116,
	10.0244 6.19001,
	10.0406 6.18048,
	10.0573 6.17263,
	10.0742 6.16648,
	10.0914 6.16207,
	10.1087 6.15941,
	10.1262 6.15852,
	10.1436 6.15941,
	10.1609 6.16207,
	10.1781 6.16648,
	10.1951 6.17263,
	10.2117 6.18048,
	10.2279 6.19001,
	10.2436 6.20116,
	10.2588 6.21389,
	10.2734 6.22813,
	10.2873 6.24382,
	10.3005 6.26088,
	10.3128 6.27924,
	10.3243 6.29881,
	10.3348 6.3195,
	10.3444 6.34122,
	10.3529 6.36385,
	10.3604 6.3873,
	10.3668 6.41145,
	10.3721 6.4362,
	10.3762 6.46143,
	10.3792 6.48702,
	10.3809 6.51285,
	10.3815 6.5388,
	10.3809 6.56475,
	10.3792 6.59058,
	10.3762 6.61617,
	10.3721 6.6414,
	10.3668 6.66615,
	10.3604 6.6903,
	10.3529 6.71375,
	10.3444 6.73639,
	10.3348 6.7581,
	10.3243 6.77879,
	10.3128 6.79836,
	10.3005 6.81672,
	10.2873 6.83379,
	10.2734 6.84948,
	10.2588 6.86372,
	10.2436 6.87644,
	10.2279 6.8876,
	10.2117 6.89712,
	10.1951 6.90498,
	10.1781 6.91112,
	10.1609 6.91554,
	10.1436 6.91819,
	10.1262 6.91908,
	10.1087 6.91819,
	10.0914 6.91554,
	10.0742 6.91112,
	10.0573 6.90498,
	10.0406 6.89712,
	10.0244 6.8876,
	10.0087 6.87644,
	9.99348 6.86372,
	9.9789 6.84948,
	9.965 6.83379,
	9.95186 6.81672,
	9.93953 6.79836,
	9.92807 6.77879,
	9.91753 6.7581,
	9.90797 6.73639,
	9.89942 6.71375,
	9.89193 6.6903,
	9.88554 6.66615,
	9.88026 6.6414,
	9.87613 6.61617,
	9.87317 6.59058,
	"/>
</Transform>

<Transform dim="3"
 xcoef=" 0.392930346630802 1.25456401399526 0 0 0 0"
 ycoef=" 0.170542608925437 0 1.25456401399526 0 0 0">
<Contour name="D025" hidden="false" closed="true" simplified="true" border="0 0 1" fill="0 0 1" mode="13"
 points="5.73527 5.61829,
	5.73858 5.59027,
	5.74837 5.56339,
	5.76424 5.53876,
	5.78555 5.51739,
	5.81141 5.50015,
	5.84078 5.48775,
	5.87245 5.48069,
	5.90511 5.47926,
	5.93745 5.48352,
	5.96812 5.49331,
	5.99588 5.50821,
	6.01959 5.52761,
	6.03827 5.55073,
	6.05117 5.57661,
	6.05776 5.6042,
	6.05776 5.63237,
	6.05117 5.65996,
	6.03827 5.68584,
	6.01959 5.70896,
	5.99588 5.72837,
	5.96812 5.74327,
	5.93745 5.75305,
	5.90511 5.75732,
	5.87245 5.75589,
	5.84078 5.74883,
	5.81141 5.73642,
	5.78555 5.71918,
	5.76424 5.69781,
	5.74837 5.67318,
	5.73858 5.64631,
	"/>
</Transform>

<Transform dim="3"
 xcoef=" 0.392930346630802 1.25456401399526 0 0 0 0"
 ycoef=" 0.170542608925437 0 1.25456401399526 0 0 0">
<Contour name="D026_edge" hidden="false" closed="true" simplified="true" border="0 0 1" fill="0 0 1" mode="13"
 points="0.508499 5.71656,
	0.510136 5.69209,
	0.515029 5.66786,
	0.523133 5.64409,
	0.53437 5.62101,
	0.548635 5.59883,
	0.565791 5.57777,
	0.585677 5.55803,
	0.608104 5.53978,
	0.632858 5.52322,
	0.659706 5.50849,
	0.688393 5.49573,
	0.718646 5.48506,
	0.75018 5.47659,
	0.782694 5.47039,
	0.815881 5.46653,
	0.849425 5.46504,
	0.88301 5.46594,
	0.916316 5.46921,
	0.949027 5.47482,
	0.980834 5.48273,
	1.01143 5.49286,
	1.04054 5.50511,
	1.06787 5.51936,
	1.09317 5.53548,
	1.1162 5.55332,
	1.13674 5.5727,
	1.1546 5.59345,
	1.1696 5.61537,
	1.1816 5.63825,
	1.1905 5.66187,
	1.1962 5.68601,
	1.19865 5.71043,
	1.19784 5.73492,
	1.19375 5.75923,
	1.18645 5.78314,
	1.17598 5.80641,
	1.16246 5.82884,
	1.14602 5.8502,
	1.1268 5.87029,
	1.10499 5.88892,
	1.08079 5.90592,
	1.05444 5.92113,
	1.02619 5.93439,
	0.996304 5.94559,
	0.965063 5.95462,
	0.932765 5.96139,
	0.899717 5.96584,
	0.866232 5.96792,
	0.832628 5.96763,
	0.799223 5.96495,
	0.766333 5.95991,
	0.734271 5.95257,
	0.703341 5.94299,
	0.673836 5.93127,
	0.646036 5.9175,
	0.620204 5.90184,
	0.596586 5.88441,
	0.575404 5.8654,
	0.556861 5.84497,
	0.541132 5.82332,
	0.528366 5.80067,
	0.518684 5.77721,
	0.512177 5.75318,
	"/>
</Transform>

<Transform dim="3"
 xcoef=" 0.392930346630802 1.25456401399526 0 0 0 0"
 ycoef=" 0.170542608925437 0 1.25456401399526 0 0 0">
<Contour name="D028" hidden="false" closed="true" simplified="true" border="0 0 1" fill="0 0 1" mode="13"
 points="13.4409 10.0323,
	13.4456 10.0129,
	13.4596 9.99418,
	13.4823 9.97692,
	13.5129 9.96172,
	13.5503 9.94915,
	13.593 9.93967,
	13.6395 9.93365,
	13.6881 9.9313,
	13.7368 9.93271,
	13.784 9.93783,
	13.8278 9.94647,
	13.8667 9.95831,
	13.8991 9.9729,
	13.9239 9.9897,
	13.9401 10.0081,
	13.9472 10.0274,
	13.9448 10.0469,
	13.9331 10.0658,
	13.9125 10.0835,
	13.8838 10.0992,
	13.848 10.1125,
	13.8064 10.1228,
	13.7607 10.1297,
	13.7125 10.133,
	13.6637 10.1325,
	13.6159 10.1283,
	13.5711 10.1205,
	13.5309 10.1095,
	13.4967 10.0955,
	13.4699 10.0792,
	13.4515 10.0611,
	"/>
</Transform>

<Transform dim="3"
 xcoef=" 0.392930346630802 1.25456401399526 0 0 0 0"
 ycoef=" 0.170542608925437 0 1.25456401399526 0 0 0">
<Contour name="D029_edge" hidden="false" closed="true" simplified="true" border="0 0 1" fill="0 0 1" mode="13"
 points="10.8979 12.7544,
	10.9026 12.7291,
	10.9165 12.7048,
	10.9391 12.6825,
	10.9694 12.6631,
	11.0063 12.6472,
	11.0484 12.6356,
	11.0938 12.6287,
	11.1409 12.6268,
	11.1877 12.63,
	11.2324 12.6381,
	11.2733 12.6508,
	11.3087 12.6676,
	11.3372 12.6879,
	11.3577 12.7108,
	11.3693 12.7354,
	11.3717 12.7608,
	11.3647 12.7859,
	11.3485 12.8098,
	11.3239 12.8315,
	11.2918 12.8501,
	11.2535 12.865,
	11.2104 12.8754,
	11.1644 12.8811,
	11.1172 12.8817,
	11.0708 12.8773,
	11.0268 12.868,
	10.9872 12.8542,
	10.9534 12.8365,
	10.9268 12.8155,
	10.9084 12.792,
	"/>
</Transform>

<Transform dim="3"
 xcoef=" 0.392930346630802 1.25456401399526 0 0 0 0"
 ycoef=" 0.170542608925437 0 1.25456401399526 0 0 0">
<Contour name="D030_oblique" hidden="false" closed="true" simplified="true" border="0 0 1" fill="0 0 1" mode="13"
 points="10.5484 4.34735,
	10.5492 4.3329,
	10.5513 4.31858,
	10.5549 4.30452,
	10.5599 4.29085,
	10.5662 4.27769,
	10.5738 4.26516,
	10.5827 4.25338,
	10.5927 4.24244,
	10.6037 4.23246,
	10.6157 4.22352,
	10.6285 4.2157,
	10.642 4.20907,
	10.6562 4.20369,
	10.6708 4.19961,
	10.6857 4.19688,
	10.7009 4.1955,
	10.7161 4.1955,
	10.7313 4.19688,
	10.7463 4.19961,
	10.7609 4.20369,
	10.775 4.20907,
	10.7886 4.2157,
	10.8014 4.22352,
	10.8133 4.23246,
	10.8244 4.24244,
	10.8344 4.25338,
	10.8432 4.26516,
	10.8508 4.27769,
	10.8571 4.29085,
	10.8621 4.30452,
	10.8657 4.31858,
	10.8679 4.3329,
	10.8686 4.34735,
	10.8679 4.3618,
	10.8657 4.37612,
	10.8621 4.39018,
	10.8571 4.40385,
	10.8508 4.41701,
	10.8432 4.42954,
	10.8344 4.44132,
	10.8244 4.45226,
	10.8133 4.46224,
	10.8014 4.47118,
	10.7886 4.479,
	10.775 4.48563,
	10.7609 4.49101,
	10.7463 4.49508,
	10.7313 4.49782,
	10.7161 4.4992,
	10.7009 4.4992,
	10.6857 4.49782,
	10.6708 4.49508,
	10.6562 4.49101,
	10.642 4.48563,
	10.6285 4.479,
	10.6157 4.47118,
	10.6037 4.46224,
	10.5927 4.45226,
	10.5827 4.44132,
	10.5738 4.42954,
	10.5662 4.41701,
	10.5599 4.40385,
	10.5549 4.39018,
	10.5513 4.37612,
	"/>
</Transform>

<Transform dim="3"
 xcoef=" 0.392930346630802 1.25456401399526 0 0 0 0"
 ycoef=" 0.170542608925437 0 1.25456401399526 0 0 0">
<Contour name="D031_oblique" hidden="false" closed="true" simplified="true" border="0 0 1" fill="0 0 1" mode="13"
 points="11.5818 7.40939,
	11.5895 7.39086,
	11.6118 7.37413,
	11.6465 7.36086,
	11.6902 7.35234,
	11.7387 7.3494,
	11.7872 7.35234,
	11.8309 7.36086,
	11.8656 7.37413,
	11.8879 7.39086,
	11.8956 7.40939,
	11.8879 7.42793,
	11.8656 7.44466,
	11.8309 7.45793,
	11.7872 7.46645,
	11.7387 7.46939,
	11.6902 7.46645,
	11.6465 7.45793,
	11.6118 7.44466,
	"/>
</Transform>

<Transform dim="3"
 xcoef=" 0.392930346630802 1.25456401399526 0 0 0 0"
 ycoef=" 0.170542608925437 0 1.25456401399526 0 0 0">
<Contour name="D032" hidden="false" closed="true" simplified="true" border="0 0 1" fill="0 0 1" mode="13"
 points="6.71482 6.81708,
	6.71567 6.79603,
	6.71825 6.77515,
	6.72251 6.7546,
	6.72843 6.73453,
	6.73596 6.71512,
	6.74505 6.6965,
	6.75562 6.67882,
	6.76758 6.66223,
	6.78086 6.64684,
	6.79533 6.63279,
	6.81089 6.62018,
	6.82742 6.60912,
	6.84479 6.59968,
	6.86285 6.59194,
	6.88148 6.58596,
	6.90052 6.5818,
	6.91983 6.57947,
	6.93925 6.57901,
	6.95863 6.5804,
	6.97783 6.58365,
	6.99668 6.58873,
	7.01504 6.59559,
	7.03278 6.60419,
	7.04974 6.61445,
	7.0658 6.6263,
	7.08084 6.63964,
	7.09472 6.65437,
	7.10735 6.67038,
	7.11863 6.68753,
	7.12847 6.7057,
	7.13679 6.72474,
	7.14352 6.7445,
	7.14862 6.76482,
	7.15204 6.78556,
	7.15375 6.80655,
	7.15375 6.82761,
	7.15204 6.8486,
	7.14862 6.86934,
	7.14352 6.88966,
	7.13679 6.90942,
	7.12847 6.92846,
	7.11863 6.94663,
	7.10735 6.96378,
	7.09472 6.97979,
	7.08084 6.99452,
	7.0658 7.00786,
	7.04974 7.01971,
	7.03278 7.02997,
	7.01504 7.03857,
	6.99668 7.04543,
	6.97783 7.05051,
	6.95863 7.05376,
	6.93925 7.05515,
	6.91983 7.05469,
	6.90052 7.05236,
	6.88148 7.0482,
	6.86285 7.04222,
	6.84479 7.03448,
	6.82742 7.02504,
	6.81089 7.01398,
	6.79533 7.00137,
	6.78086 6.98732,
	6.76758 6.97194,
	6.75562 6.95534,
	6.74505 6.93766,
	6.73596 6.91904,
	6.72843 6.89963,
	6.72251 6.87956,
	6.71825 6.85901,
	"/>
</Transform>

<Transform dim="3"
 xcoef=" 0.392930346630802 1.25456401399526 0 0 0 0"
 ycoef=" 0.170542608925437 0 1.25456401399526 0 0 0">
<Contour name="D034" hidden="false" closed="true" simplified="true" border="0 0 1" fill="0 0 1" mode="13"
 points="10.5945 3.14437,
	10.595 3.12589,
	10.5965 3.10749,
	10.599 3.08922,
	10.6025 3.07117,
	10.607 3.0534,
	10.6124 3.03599,
	10.6187 3.01899,
	10.626 3.00248,
	10.6342 2.98652,
	10.6432 2.97117,
	10.653 2.95649,
	10.6636 2.94253,
	10.675 2.92936,
	10.687 2.91702,
	10.6997 2.90555,
	10.713 2.89502,
	10.7268 2.88544,
	10.7411 2.87687,
	10.7559 2.86933,
	10.771 2.86286,
	10.7865 2.85748,
	10.8022 2.8532,
	10.8181 2.85006,
	10.8342 2.84805,
	10.8504 2.84719,
	10.8665 2.84747,
	10.8826 2.84891,
	10.8986 2.85149,
	10.9145 2.8552,
	10.9301 2.86003,
	10.9454 2.86596,
	10.9604 2.87297,
	10.9749 2.88103,
	10.989 2.89011,
	11.0026 2.90017,
	11.0155 2.91117,
	11.0279 2.92308,
	11.0396 2.93584,
	11.0506 2.94942,
	11.0608 2.96374,
	11.0702 2.97876,
	11.0788 2.99443,
	11.0865 3.01067,
	11.0933 3.02743,
	11.0992 3.04465,
	11.1042 3.06225,
	11.1082 3.08017,
	11.1112 3.09833,
	11.1132 3.11668,
	11.1142 3.13513,
	11.1142 3.15361,
	11.1132 3.17206,
	11.1112 3.19041,
	11.1082 3.20857,
	11.1042 3.22649,
	11.0992 3.24409,
	11.0933 3.26131,
	11.0865 3.27807,
	11.0788 3.29431,
	11.0702 3.30998,
	11.0608 3.325,
	11.0506 3.33932,
	11.0396 3.3529,
	11.0279 3.36566,
	11.0155 3.37757,
	11.0026 3.38857,
	10.989 3.39863,
	10.9749 3.40771,
	10.9604 3.41577,
	10.9454 3.42278,
	10.9301 3.42871,
	10.9145 3.43354,
	10.8986 3.43725,
	10.8826 3.43983,
	10.8665 3.44127,
	10.8504 3.44155,
	10.8342 3.44069,
	10.8181 3.43868,
	10.8022 3.43554,
	10.7865 3.43126,
	10.771 3.42588,
	10.7559 3.41941,
	10.7411 3.41187,
	10.7268 3.4033,
	10.713 3.39372,
	10.6997 3.38318,
	10.687 3.37172,
	10.675 3.35938,
	10.6636 3.34621,
	10.653 3.33225,
	10.6432 3.31757,
	10.6342 3.30222,
	10.626 3.28626,
	10.6187 3.26975,
	10.6124 3.25275,
	10.607 3.23534,
	10.6025 3.21757,
	10.599 3.19952,
	10.5965 3.18125,
	10.595 3.16285,
	"/>
</Transform>

<Transform dim="3"
 xcoef=" 0.392930346630802 1.25456401399526 0 0 0 0"
 ycoef=" 0.170542608925437 0 1.25456401399526 0 0 0">
<Contour name="D035" hidden="false" closed="true" simplified="true" border="0 0 1" fill="0 0 1" mode="13"
 points="7.31534 4.20044,
	7.31656 4.17159,
	7.32023 4.14304,
	7.3263 4.1151,
	7.3347 4.08806,
	7.34535 4.06222,
	7.35813 4.03784,
	7.37291 4.01518,
	7.38953 3.99449,
	7.40782 3.97598,
	7.42758 3.95985,
	7.44861 3.94627,
	7.47067 3.93539,
	7.49354 3.92731,
	7.51697 3.92213,
	7.54072 3.9199,
	7.56453 3.92065,
	7.58815 3.92436,
	7.61133 3.93099,
	7.63382 3.94048,
	7.6554 3.95273,
	7.67582 3.96761,
	7.69487 3.98495,
	7.71235 4.00458,
	7.72807 4.02628,
	7.74187 4.04983,
	7.7536 4.07497,
	7.76314 4.10145,
	7.77038 4.12897,
	7.77525 4.15726,
	7.7777 4.186,
	7.7777 4.21489,
	7.77525 4.24363,
	7.77038 4.27191,
	7.76314 4.29944,
	7.7536 4.32592,
	7.74187 4.35106,
	7.72807 4.37461,
	7.71235 4.39631,
	7.69487 4.41594,
	7.67582 4.43328,
	7.6554 4.44816,
	7.63382 4.46041,
	7.61133 4.4699,
	7.58815 4.47653,
	7.56453 4.48024,
	7.54072 4.48099,
	7.51697 4.47876,
	7.49354 4.47358,
	7.47067 4.4655,
	7.44861 4.45462,
	7.42758 4.44104,
	7.40782 4.42491,
	7.38953 4.4064,
	7.37291 4.38571,
	7.35813 4.36305,
	7.34535 4.33867,
	7.3347 4.31283,
	7.3263 4.28579,
	7.32023 4.25785,
	"/>
</Transform>

<Transform dim="3"
 xcoef=" 0.392930346630802 1.25456401399526 0 0 0 0"
 ycoef=" 0.170542608925437 0 1.25456401399526 0 0 0">
<Contour name="D036" hidden="false" closed="true" simplified="true" border="0 0 1" fill="0 0 1" mode="13"
 points="17.9268 6.32808,
	17.9287 6.29224,
	17.9344 6.25691,
	17.9439 6.2226,
	17.9568 6.1898,
	17.9732 6.15898,
	17.9928 6.13058,
	18.0152 6.105,
	18.0402 6.08261,
	18.0674 6.06374,
	18.0963 6.04865,
	18.1267 6.03755,
	18.1581 6.03061,
	18.1899 6.02793,
	18.2219 6.02954,
	18.2534 6.03542,
	18.284 6.04549,
	18.3134 6.0596,
	18.3411 6.07755,
	18.3667 6.09909,
	18.3897 6.1239,
	18.41 6.15164,
	18.4272 6.18189,
	18.4411 6.21424,
	18.4514 6.24822,
	18.4581 6.28334,
	18.4609 6.3191,
	18.46 6.35499,
	18.4552 6.39049,
	18.4467 6.4251,
	18.4346 6.45833,
	18.419 6.48969,
	18.4003 6.51873,
	18.3785 6.54505,
	18.3542 6.56827,
	18.3275 6.58805,
	18.2989 6.60411,
	18.2688 6.61622,
	18.2377 6.62421,
	18.2059 6.62796,
	18.174 6.62743,
	18.1423 6.62261,
	18.1114 6.61357,
	18.0817 6.60046,
	18.0535 6.58344,
	18.0274 6.56277,
	18.0037 6.53875,
	17.9826 6.51171,
	17.9646 6.48205,
	17.9499 6.45018,
	17.9387 6.41656,
	17.9311 6.38168,
	"/>
</Transform>

<Transform dim="3"
 xcoef=" 0.392930346630802 1.25456401399526 0 0 0 0"
 ycoef=" 0.170542608925437 0 1.25456401399526 0 0 0">
<Contour name="D040_edge" hidden="false" closed="true" simplified="true" border="0 0 1" fill="0 0 1" mode="13"
 points="6.40069 3.95368,
	6.40266 3.91789,
	6.40856 3.8827,
	6.41827 3.84867,
	6.43164 3.81636,
	6.44846 3.78631,
	6.46844 3.75901,
	6.49126 3.7349,
	6.51654 3.71439,
	6.54387 3.6978,
	6.5728 3.68542,
	6.60285 3.67744,
	6.63353 3.67399,
	6.66434 3.67514,
	6.69477 3.68087,
	6.72432 3.69107,
	6.7525 3.70558,
	6.77886 3.72417,
	6.80296 3.74653,
	6.82441 3.77229,
	6.84284 3.80102,
	6.85797 3.83226,
	6.86954 3.8655,
	6.87736 3.90019,
	6.8813 3.93575,
	6.8813 3.9716,
	6.87736 4.00717,
	6.86954 4.04185,
	6.85797 4.07509,
	6.84284 4.10633,
	6.82441 4.13507,
	6.80296 4.16082,
	6.77886 4.18318,
	6.7525 4.20177,
	6.72432 4.21628,
	6.69477 4.22649,
	6.66434 4.23221,
	6.63353 4.23336,
	6.60285 4.22991,
	6.5728 4.22194,
	6.54387 4.20955,
	6.51654 4.19297,
	6.49126 4.17245,
	6.46844 4.14835,
	6.44846 4.12104,
	6.43164 4.09099,
	6.41827 4.05869,
	6.40856 4.02466,
	6.40266 3.98946,
	"/>
</Transform>

<Transform dim="3"
 xcoef=" 0.392930346630802 1.25456401399526 0 0 0 0"
 ycoef=" 0.170542608925437 0 1.25456401399526 0 0 0">
<Contour name="D041_oblique" hidden="false" closed="true" simplified="true" border="0 0 1" fill="0 0 1" mode="13"
 points="23.1531 3.64809,
	23.1557 3.62237,
	23.1636 3.59731,
	23.1765 3.57353,
	23.1941 3.55163,
	23.2159 3.53217,
	23.2415 3.51563,
	23.2701 3.50244,
	23.3011 3.49292,
	23.3336 3.48733,
	23.3668 3.48579,
	23.4 3.48835,
	23.4322 3.49494,
	23.4626 3.5054,
	23.4905 3.51947,
	23.5152 3.53678,
	23.536 3.5569,
	23.5525 3.57932,
	23.5642 3.60348,
	23.5707 3.62877,
	23.5721 3.65454,
	23.5681 3.68015,
	23.559 3.70495,
	23.5448 3.72832,
	23.5261 3.74966,
	23.5033 3.76843,
	23.4769 3.78417,
	23.4476 3.79647,
	23.4162 3.80502,
	23.3835 3.80961,
	23.3502 3.81013,
	23.3172 3.80655,
	23.2853 3.79897,
	23.2555 3.78758,
	23.2283 3.77267,
	23.2045 3.75461,
	23.1847 3.73386,
	23.1694 3.71095,
	23.159 3.68645,
	"/>
</Transform>

<Transform dim="3"
 xcoef=" 0.392930346630802 1.25456401399526 0 0 0 0"
 ycoef=" 0.170542608925437 0 1.25456401399526 0 0 0">
<Contour name="D042_edge" hidden="false" closed="true" simplified="true" border="0 0 1" fill="0 0 1" mode="13"
 points="7.14883 5.41861,
	7.15677 5.35881,
	7.17983 5.30486,
	7.21574 5.26204,
	7.26098 5.23455,
	7.31114 5.22508,
	7.3613 5.23455,
	7.40655 5.26204,
	7.44245 5.30486,
	7.46551 5.35881,
	7.47345 5.41861,
	7.46551 5.47841,
	7.44245 5.53236,
	7.40655 5.57518,
	7.3613 5.60266,
	7.31114 5.61214,
	7.26098 5.60266,
	7.21574 5.57518,
	7.17983 5.53236,
	"/>
</Transform>

<Transform dim="3"
 xcoef=" 0.392930346630802 1.25456401399526 0 0 0 0"
 ycoef=" 0.170542608925437 0 1.25456401399526 0 0 0">
<Contour name="D043" hidden="false" closed="true" simplified="true" border="0 0 1" fill="0 0 1" mode="13"
 points="3.58253 10.7005,
	3.58534 10.6742,
	3.59371 10.6483,
	3.6075 10.6233,
	3.62648 10.5996,
	3.65032 10.5776,
	3.67861 10.5578,
	3.71087 10.5404,
	3.74654 10.5257,
	3.78503 10.514,
	3.82566 10.5055,
	3.86774 10.5004,
	3.91056 10.4987,
	3.95338 10.5004,
	3.99546 10.5055,
	4.03609 10.514,
	4.07457 10.5257,
	4.11025 10.5404,
	4.14251 10.5578,
	4.1708 10.5776,
	4.19464 10.5996,
	4.21362 10.6233,
	4.22741 10.6483,
	4.23578 10.6742,
	4.23859 10.7005,
	4.23578 10.7269,
	4.22741 10.7528,
	4.21362 10.7778,
	4.19464 10.8015,
	4.1708 10.8234,
	4.14251 10.8433,
	4.11025 10.8607,
	4.07457 10.8753,
	4.03609 10.887,
	3.99546 10.8955,
	3.95338 10.9007,
	3.91056 10.9024,
	3.86774 10.9007,
	3.82566 10.8955,
	3.78503 10.887,
	3.74654 10.8753,
	3.71087 10.8607,
	3.67861 10.8433,
	3.65032 10.8234,
	3.62648 10.8015,
	3.6075 10.7778,
	3.59371 10.7528,
	3.58534 10.7269,
	"/>
</Transform>

<Transform dim="3"
 xcoef=" 0.392930346630802 1.25456401399526 0 0 0 0"
 ycoef=" 0.170542608925437 0 1.25456401399526 0 0 0">
<Contour name="D047" hidden="false" closed="true" simplified="true" border="0 0 1" fill="0 0 1" mode="13"
 points="7.85826 0.925701,
	7.86096 0.89857,
	7.869 0.872017,
	7.88223 0.846608,
	7.90034 0.822885,
	7.92296 0.801353,
	7.9496 0.782472,
	7.9797 0.766643,
	8.01262 0.754204,
	8.04764 0.745421,
	8.08404 0.740479,
	8.12102 0.739486,
	8.15781 0.742461,
	8.19362 0.749342,
	8.22768 0.759982,
	8.25927 0.774153,
	8.28772 0.791555,
	8.31242 0.811815,
	8.33284 0.834503,
	8.34855 0.859135,
	8.35921 0.885186,
	8.3646 0.912099,
	8.3646 0.939303,
	8.35921 0.966217,
	8.34855 0.992268,
	8.33284 1.0169,
	8.31242 1.03959,
	8.28772 1.05985,
	8.25927 1.07725,
	8.22768 1.09142,
	8.19362 1.10206,
	8.15781 1.10894,
	8.12102 1.11192,
	8.08404 1.11092,
	8.04764 1.10598,
	8.01262 1.0972,
	7.9797 1.08476,
	7.9496 1.06893,
	7.92296 1.05005,
	7.90034 1.02852,
	7.88223 1.00479,
	7.869 0.979386,
	7.86096 0.952833,
	"/>
</Transform>

<Transform dim="3"
 xcoef=" 0.392930346630802 1.25456401399526 0 0 0 0"
 ycoef=" 0.170542608925437 0 1.25456401399526 0 0 0">
<Contour name="D049" hidden="false" closed="true" simplified="true" border="0 0 1" fill="0 0 1" mode="13"
 points="8.65632 11.0671,
	8.66057 11.0125,
	8.67315 10.96,
	8.69357 10.9117,
	8.72106 10.8693,
	8.75456 10.8345,
	8.79277 10.8086,
	8.83424 10.7927,
	8.87736 10.7873,
	8.92048 10.7927,
	8.96195 10.8086,
	9.00016 10.8345,
	9.03366 10.8693,
	9.06115 10.9117,
	9.08157 10.96,
	9.09415 11.0125,
	9.0984 11.0671,
	9.09415 11.1217,
	9.08157 11.1741,
	9.06115 11.2225,
	9.03366 11.2649,
	9.00016 11.2997,
	8.96195 11.3255,
	8.92048 11.3415,
	8.87736 11.3468,
	8.83424 11.3415,
	8.79277 11.3255,
	8.75456 11.2997,
	8.72106 11.2649,
	8.69357 11.2225,
	8.67315 11.1741,
	"/>
</Transform>

<Transform dim="1"
 xcoef=" 0.133200715346109 1 0 0 0 0"
 ycoef=" 0.0559377497066328 0 1 0 0 0">
<Contour name="D049 ax01" hidden="false" closed="true" simplified="false" border="0 1 1" fill="0 1 1" mode="-9"
 points="7.63696 6.22217,
	7.64998 6.20915,
	7.59791 6.15708,
	7.61093 6.14406,
	7.663 6.19613,
	7.67602 6.18312,
	7.67602 6.22217,
	"/>
</Transform>

<Transform dim="1"
 xcoef=" 0.133200715346109 1 0 0 0 0"
 ycoef=" 0.0559377497066328 0 1 0 0 0">
<Contour name="D051 edge" hidden="false" closed="true" simplified="true" border="0 0 1" fill="0 0 1" mode="13"
 points="9.74488 1.50846,
	9.74908 1.48028,
	9.76141 1.45388,
	9.78111 1.43091,
	9.80693 1.4128,
	9.83725 1.40071,
	9.87016 1.39539,
	9.90361 1.39718,
	9.93548 1.40595,
	9.96377 1.42117,
	9.98671 1.44187,
	10.0028 1.46675,
	10.0112 1.49426,
	10.0112 1.52266,
	10.0028 1.55016,
	9.98671 1.57505,
	9.96377 1.59575,
	9.93548 1.61096,
	9.90361 1.61974,
	9.87016 1.62152,
	9.83725 1.6162,
	9.80693 1.60411,
	9.78111 1.58601,
	9.76141 1.56303,
	9.74908 1.53663,
	"/>
</Transform>

<Transform dim="1"
 xcoef=" 0.133200715346109 1 0 0 0 0"
 ycoef=" 0.0559377497066328 0 1 0 0 0">
<Contour name="D053_edge" hidden="false" closed="true" simplified="true" border="0 0 1" fill="0 0 1" mode="13"
 points="15.6318 2.42643,
	15.6335 2.4099,
	15.6386 2.39392,
	15.6468 2.37902,
	15.658 2.36568,
	15.6717 2.35436,
	15.6875 2.34542,
	15.7049 2.33915,
	15.7233 2.33578,
	15.742 2.3354,
	15.7605 2.33803,
	15.7782 2.34359,
	15.7945 2.35189,
	15.8087 2.36265,
	15.8206 2.37552,
	15.8296 2.39008,
	15.8355 2.40584,
	15.838 2.42228,
	15.8372 2.43885,
	15.8329 2.45502,
	15.8254 2.47024,
	15.815 2.48401,
	15.8019 2.49588,
	15.7865 2.50545,
	15.7695 2.51241,
	15.7513 2.51652,
	15.7326 2.51765,
	15.714 2.51577,
	15.696 2.51093,
	15.6794 2.50329,
	15.6646 2.49312,
	15.6521 2.48073,
	15.6423 2.46655,
	15.6356 2.45105,
	"/>
</Transform>

<Transform dim="1"
 xcoef=" 0.133200715346109 1 0 0 0 0"
 ycoef=" 0.0559377497066328 0 1 0 0 0">
<Contour name="D055" hidden="false" closed="true" simplified="true" border="0 0 1" fill="0 0 1" mode="13"
 points="1.36536 2.24353,
	1.37158 2.2155,
	1.38961 2.19022,
	1.4177 2.17016,
	1.4531 2.15728,
	1.49233 2.15284,
	1.53157 2.15728,
	1.56696 2.17016,
	1.59505 2.19022,
	1.61309 2.2155,
	1.6193 2.24353,
	1.61309 2.27155,
	1.59505 2.29684,
	1.56696 2.3169,
	1.53157 2.32978,
	1.49233 2.33422,
	1.4531 2.32978,
	1.4177 2.3169,
	1.38961 2.29684,
	"/>
</Transform>

<Transform dim="1"
 xcoef=" 0.133200715346109 1 0 0 0 0"
 ycoef=" 0.0559377497066328 0 1 0 0 0">
<Contour name="D039" hidden="false" closed="true" simplified="true" border="0 0 1" fill="0 0 1" mode="13"
 points="11.4528 2.91014,
	11.4552 2.89161,
	11.4625 2.87392,
	11.4742 2.85787,
	11.4898 2.84418,
	11.5087 2.83347,
	11.5299 2.82622,
	11.5526 2.82277,
	11.5756 2.82327,
	11.598 2.82769,
	11.6187 2.83584,
	11.6369 2.84734,
	11.6516 2.86169,
	11.6622 2.87822,
	11.6683 2.8962,
	11.6695 2.91481,
	11.6659 2.9332,
	11.6575 2.95056,
	11.6447 2.96608,
	11.6282 2.97908,
	11.6086 2.98897,
	11.587 2.99529,
	11.5641 2.99776,
	11.5411 2.99628,
	11.5191 2.9909,
	11.4989 2.98187,
	11.4815 2.9696,
	11.4678 2.95464,
	11.4583 2.93767,
	"/>
</Transform>

<Transform dim="1"
 xcoef=" 0.133200715346109 1 0 0 0 0"
 ycoef=" 0.0559377497066328 0 1 0 0 0">
<Contour name="D020_ax01" hidden="false" closed="true" simplified="false" border="0 1 1" fill="0 1 1" mode="11"
 points="10.0312 8.19539,
	10.0409 8.1857,
	10.0021 8.14693,
	10.0118 8.13724,
	10.0506 8.17601,
	10.0602 8.16631,
	10.0602 8.19539,
	"/>
</Transform>

<Transform dim="1"
 xcoef=" 0.133200715346109 1 0 0 0 0"
 ycoef=" 0.0559377497066328 0 1 0 0 0">
<Contour name="D046" hidden="false" closed="true" simplified="true" border="0 0 1" fill="0 0 1" mode="13"
 points="11.0696 1.58491,
	11.0707 1.56955,
	11.074 1.5545,
	11.0795 1.54004,
	11.0871 1.52645,
	11.0965 1.514,
	11.1077 1.50293,
	11.1203 1.49346,
	11.1343 1.48576,
	11.1492 1.48,
	11.1648 1.47628,
	11.1807 1.47467,
	11.1968 1.47521,
	11.2126 1.47788,
	11.2279 1.48263,
	11.2424 1.48938,
	11.2557 1.49798,
	11.2676 1.50828,
	11.278 1.52007,
	11.2865 1.53312,
	11.293 1.54718,
	11.2975 1.56197,
	11.2997 1.57721,
	11.2997 1.5926,
	11.2975 1.60784,
	11.293 1.62263,
	11.2865 1.63669,
	11.278 1.64974,
	11.2676 1.66153,
	11.2557 1.67183,
	11.2424 1.68043,
	11.2279 1.68718,
	11.2126 1.69193,
	11.1968 1.69461,
	11.1807 1.69514,
	11.1648 1.69353,
	11.1492 1.68981,
	11.1343 1.68405,
	11.1203 1.67635,
	11.1077 1.66688,
	11.0965 1.65581,
	11.0871 1.64336,
	11.0795 1.62977,
	11.074 1.61531,
	"/>
</Transform>

<Transform dim="1"
 xcoef=" 0.133200715346109 1 0 0 0 0"
 ycoef=" -0.944062250293367 0 1 0 0 0">
<Contour name="d046" hidden="false" closed="true" simplified="true" border="1 1 0" fill="1 1 0" mode="11"
 points="10.6808 0.585341,
	10.6843 0.579815,
	10.685 0.578434,
	10.6898 0.572909,
	10.696 0.561858,
	10.6988 0.556333,
	10.6998 0.55357,
	10.7019 0.542519,
	10.7026 0.531469,
	10.7026 0.530087,
	10.7098 0.519037,
	10.714 0.513511,
	10.7243 0.502461,
	10.7281 0.496935,
	10.7295 0.494173,
	10.7326 0.483122,
	10.7344 0.461021,
	10.735 0.455495,
	10.7364 0.44997,
	10.7402 0.438919,
	10.7461 0.416818,
	10.7471 0.411293,
	10.7485 0.389191,
	10.7492 0.37814,
	10.7495 0.375378,
	10.7547 0.364327,
	10.7575 0.361564,
	10.763 0.359492,
	10.7741 0.35742,
	10.7851 0.358456,
	10.7879 0.358802,
	10.7934 0.358111,
	10.7989 0.356384,
	10.8045 0.353276,
	10.81 0.348442,
	10.8127 0.345679,
	10.8172 0.340154,
	10.8193 0.334628,
	10.8224 0.323578,
	10.8235 0.318052,
	10.8269 0.307002,
	10.8276 0.304239,
	10.8241 0.282138,
	10.8238 0.279375,
	10.8245 0.27385,
	10.8248 0.271087,
	10.83 0.260036,
	10.8359 0.248986,
	10.8393 0.24346,
	10.8438 0.237935,
	10.8462 0.235172,
	10.8518 0.231719,
	10.8573 0.229302,
	10.8601 0.228266,
	10.8656 0.22792,
	10.8766 0.230683,
	10.8794 0.231719,
	10.8849 0.23241,
	10.8904 0.231374,
	10.8932 0.230338,
	10.8987 0.225848,
	10.9043 0.22205,
	10.9153 0.221014,
	10.9264 0.222395,
	10.9319 0.223086,
	10.9429 0.221704,
	10.9457 0.221014,
	10.9512 0.221704,
	10.954 0.222395,
	10.9761 0.233446,
	10.9871 0.238971,
	10.9885 0.239662,
	11.0106 0.261418,
	11.013 0.26418,
	11.0158 0.265907,
	11.0172 0.266943,
	11.0227 0.268324,
	11.0282 0.26867,
	11.0503 0.267634,
	11.0614 0.266943,
	11.0669 0.266598,
	11.0724 0.266943,
	11.0752 0.267288,
	11.0766 0.267288,
	11.0876 0.272814,
	11.0932 0.275922,
	11.1042 0.283864,
	11.1263 0.304239,
	11.1315 0.309419,
	11.1343 0.312182,
	11.1363 0.314944,
	11.1377 0.316326,
	11.1529 0.338427,
	11.1567 0.343952,
	11.1626 0.355003,
	11.1653 0.360528,
	11.1688 0.366054,
	11.1702 0.368816,
	11.1743 0.374342,
	11.176 0.377104,
	11.1854 0.388155,
	11.1867 0.390918,
	11.1874 0.392299,
	11.1985 0.402314,
	11.204 0.406458,
	11.2151 0.412329,
	11.2261 0.415782,
	11.2316 0.417163,
	11.2427 0.420962,
	11.2537 0.425797,
	11.2565 0.427178,
	11.2676 0.437538,
	11.2897 0.459639,
	11.3118 0.478633,
	11.3339 0.499698,
	11.3394 0.504878,
	11.3504 0.513511,
	11.356 0.518001,
	11.3615 0.523526,
	11.3642 0.526289,
	11.3729 0.537339,
	11.3784 0.542519,
	11.3812 0.544937,
	11.3867 0.548045,
	11.3977 0.552189,
	11.4033 0.554951,
	11.406 0.556678,
	11.4171 0.566693,
	11.4198 0.568765,
	11.4288 0.579815,
	11.4309 0.582578,
	11.4419 0.592593,
	11.4447 0.594665,
	11.4668 0.604679,
	11.4779 0.609859,
	11.4889 0.61573,
	11.5 0.622291,
	11.5055 0.625399,
	11.511 0.629198,
	11.5221 0.637831,
	11.5272 0.643011,
	11.5297 0.645774,
	11.5324 0.651299,
	11.5345 0.656825,
	11.5359 0.659588,
	11.5376 0.665113,
	11.5438 0.676164,
	11.548 0.681689,
	11.5528 0.687214,
	11.5542 0.688596,
	11.5618 0.699646,
	11.5652 0.705172,
	11.5821 0.727273,
	11.5904 0.738324,
	11.598 0.749374,
	11.6015 0.7549,
	11.6101 0.76595,
	11.6156 0.770094,
	11.6177 0.772857,
	11.6188 0.774238,
	11.6194 0.774929,
	11.6198 0.777692,
	11.6201 0.779073,
	11.6198 0.780454,
	11.6229 0.791505,
	11.625 0.79703,
	11.6253 0.798412,
	11.6333 0.809462,
	11.6523 0.831564,
	11.655 0.834326,
	11.6605 0.838816,
	11.665 0.844341,
	11.6671 0.847104,
	11.6702 0.852629,
	11.6719 0.855392,
	11.6737 0.860917,
	11.6744 0.86368,
	11.674 0.869205,
	11.673 0.871968,
	11.6706 0.87473,
	11.6595 0.880601,
	11.654 0.883364,
	11.6512 0.884745,
	11.6485 0.886817,
	11.6457 0.887853,
	11.6346 0.894069,
	11.6291 0.897868,
	11.6201 0.908573,
	11.616 0.914098,
	11.6143 0.916861,
	11.6053 0.927912,
	11.6029 0.933437,
	11.6011 0.938963,
	11.5998 0.941725,
	11.5987 0.943107,
	11.598 0.943797,
	11.5977 0.945179,
	11.5922 0.950359,
	11.5815 0.959683,
	11.5787 0.961755,
	11.5773 0.962791,
	11.5766 0.962791,
	11.5711 0.966935,
	11.5656 0.969352,
	11.5545 0.97246,
	11.549 0.97246,
	11.5462 0.973151,
	11.5241 0.973496,
	11.5131 0.973151,
	11.5076 0.972115,
	11.5048 0.971424,
	11.4827 0.959337,
	11.4772 0.956229,
	11.4716 0.952431,
	11.4661 0.950013,
	11.4606 0.946905,
	11.4578 0.945869,
	11.4551 0.944143,
	11.4495 0.942416,
	11.4468 0.94138,
	11.4357 0.939999,
	11.4247 0.939308,
	11.4026 0.938963,
	11.3805 0.936891,
	11.3584 0.938272,
	11.3363 0.937927,
	11.3335 0.937927,
	11.3225 0.934128,
	11.3114 0.929639,
	11.3059 0.926876,
	11.3045 0.926531,
	11.3017 0.924804,
	11.2907 0.920315,
	11.2879 0.919278,
	11.2865 0.918588,
	11.2859 0.917897,
	11.2845 0.917552,
	11.2831 0.916516,
	11.2776 0.914098,
	11.2555 0.901321,
	11.2527 0.899594,
	11.2513 0.898558,
	11.2499 0.898213,
	11.2472 0.896486,
	11.2417 0.894414,
	11.2389 0.893724,
	11.2334 0.890616,
	11.232 0.889925,
	11.2209 0.888889,
	11.2154 0.888544,
	11.2126 0.888544,
	11.2071 0.887508,
	11.2044 0.887162,
	11.203 0.887162,
	11.1974 0.885436,
	11.1947 0.8844,
	11.1919 0.884054,
	11.1809 0.880256,
	11.1698 0.87473,
	11.1684 0.873694,
	11.1671 0.873349,
	11.1615 0.868514,
	11.1602 0.867133,
	11.1584 0.86437,
	11.1539 0.858845,
	11.1488 0.853665,
	11.1474 0.852284,
	11.1418 0.849521,
	11.1363 0.847794,
	11.1253 0.846758,
	11.1142 0.846758,
	11.1087 0.847449,
	11.1032 0.849176,
	11.1018 0.850212,
	11.1011 0.850212,
	11.0997 0.851248,
	11.097 0.851938,
	11.0956 0.852284,
	11.0942 0.85332,
	11.0887 0.855046,
	11.0859 0.855392,
	11.0804 0.857118,
	11.0776 0.857464,
	11.0762 0.857464,
	11.0735 0.8585,
	11.0624 0.858845,
	11.0569 0.858845,
	11.0541 0.8585,
	11.0528 0.8585,
	11.0521 0.8585,
	11.0514 0.857809,
	11.0458 0.856428,
	11.0431 0.856082,
	11.0417 0.855392,
	11.0362 0.855046,
	11.0334 0.854356,
	11.0279 0.855046,
	11.0224 0.856773,
	11.0168 0.857809,
	11.0113 0.859536,
	11.0003 0.860917,
	10.9892 0.860226,
	10.9782 0.857809,
	10.9768 0.857464,
	10.9761 0.857464,
	10.9747 0.856428,
	10.9637 0.852629,
	10.9609 0.851938,
	10.9595 0.851248,
	10.9588 0.850557,
	10.9574 0.850212,
	10.9561 0.849176,
	10.9554 0.849176,
	10.954 0.847794,
	10.9485 0.844686,
	10.9457 0.843305,
	10.9346 0.835708,
	10.9236 0.829146,
	10.9181 0.826384,
	10.9125 0.824657,
	10.9098 0.823276,
	10.8987 0.819477,
	10.8932 0.818441,
	10.8904 0.817405,
	10.8794 0.815333,
	10.8739 0.814988,
	10.8711 0.814642,
	10.8683 0.813606,
	10.867 0.813606,
	10.8642 0.81257,
	10.8587 0.811534,
	10.8559 0.810498,
	10.8545 0.810498,
	10.8531 0.809808,
	10.8518 0.809808,
	10.8407 0.804973,
	10.8352 0.802556,
	10.8324 0.80152,
	10.8269 0.800829,
	10.8241 0.800484,
	10.8131 0.803937,
	10.802 0.804282,
	10.7965 0.804628,
	10.791 0.804282,
	10.7855 0.802901,
	10.7799 0.799102,
	10.7744 0.794268,
	10.772 0.791505,
	10.7703 0.788742,
	10.7689 0.783217,
	10.7679 0.772166,
	10.7675 0.750065,
	10.7668 0.74454,
	10.7644 0.739014,
	10.7627 0.736252,
	10.7578 0.730726,
	10.7565 0.729345,
	10.7509 0.725546,
	10.7482 0.723129,
	10.7447 0.717604,
	10.7423 0.712078,
	10.7409 0.709316,
	10.7378 0.665113,
	10.7375 0.659588,
	10.7354 0.648537,
	10.733 0.643011,
	10.7316 0.640249,
	10.7264 0.635759,
	10.7209 0.632651,
	10.7098 0.627817,
	10.7043 0.625745,
	10.6988 0.622637,
	10.6933 0.618493,
	10.6908 0.616075,
	10.685 0.605025,
	10.6829 0.599499,
	10.6815 0.593974,
	10.6808 0.592593,
	10.6808 0.587067,
	10.6808 0.585686,
	"/>
</Transform>

<Transform dim="1"
 xcoef=" 0.133200715346109 1 0 0 0 0"
 ycoef=" -0.944062250293367 0 1 0 0 0">
<Contour name="d046_p04" hidden="false" closed="true" simplified="true" border="1 1 0" fill="1 1 0" mode="11"
 points="9.50668 1.14701,
	9.51038 1.12335,
	9.51408 1.11152,
	9.5163 1.1056,
	9.51778 1.10412,
	9.51778 1.10264,
	9.52591 1.09081,
	9.52887 1.08563,
	9.54662 1.06567,
	9.56954 1.05014,
	9.57546 1.04644,
	9.57842 1.0457,
	9.57916 1.04422,
	9.58212 1.04348,
	9.58508 1.04126,
	9.58803 1.04052,
	9.58877 1.03904,
	9.59987 1.03387,
	9.6117 1.02721,
	9.61244 1.02573,
	9.61392 1.02573,
	9.62501 1.0176,
	9.63019 1.0139,
	9.63314 1.01168,
	9.63388 1.0102,
	9.63536 1.0102,
	9.6398 1.00502,
	9.64572 0.999847,
	9.65459 0.989494,
	9.65607 0.988754,
	9.65607 0.987275,
	9.6642 0.975443,
	9.6642 0.973964,
	9.67086 0.962131,
	9.67234 0.959913,
	9.67234 0.958434,
	9.67382 0.956954,
	9.67456 0.953996,
	9.67678 0.951038,
	9.679 0.945122,
	9.67974 0.942164,
	9.68195 0.939206,
	9.68269 0.936248,
	9.68269 0.934769,
	9.68417 0.933289,
	9.68565 0.927373,
	9.69083 0.915541,
	9.69083 0.914062,
	9.69231 0.912583,
	9.69379 0.906666,
	9.70044 0.894834,
	9.70044 0.893355,
	9.70266 0.890397,
	9.7034 0.887438,
	9.70784 0.881522,
	9.71153 0.877085,
	9.71523 0.871169,
	9.71819 0.868211,
	9.72189 0.863034,
	9.73372 0.85416,
	9.74555 0.848983,
	9.75739 0.845285,
	9.78105 0.843067,
	9.79288 0.842327,
	9.81655 0.846764,
	9.82838 0.851941,
	9.83134 0.85268,
	9.83208 0.85416,
	9.83799 0.855639,
	9.84095 0.857118,
	9.88828 0.856378,
	9.90012 0.854899,
	9.90603 0.85342,
	9.95336 0.85342,
	9.96519 0.85416,
	9.96815 0.855639,
	9.97111 0.855639,
	9.97407 0.857118,
	9.97999 0.857857,
	9.9859 0.860076,
	9.98886 0.860815,
	9.99034 0.860815,
	9.99182 0.862294,
	10.0037 0.864513,
	10.0155 0.86895,
	10.0214 0.870429,
	10.0244 0.871169,
	10.0258 0.872648,
	10.0377 0.874866,
	10.0436 0.878564,
	10.0465 0.879304,
	10.048 0.880783,
	10.0495 0.880783,
	10.0606 0.889657,
	10.0709 0.896313,
	10.0828 0.898531,
	10.0946 0.899271,
	10.1064 0.898531,
	10.1124 0.897792,
	10.1153 0.897052,
	10.1168 0.897052,
	10.1183 0.895573,
	10.1419 0.887438,
	10.1479 0.88448,
	10.1715 0.879304,
	10.1774 0.879304,
	10.1804 0.879304,
	10.1922 0.88448,
	10.1974 0.888178,
	10.2004 0.889657,
	10.2018 0.889657,
	10.2026 0.891136,
	10.2144 0.896313,
	10.2203 0.898531,
	10.2233 0.900011,
	10.2248 0.900011,
	10.2359 0.907406,
	10.247 0.91702,
	10.2521 0.920717,
	10.2617 0.93181,
	10.2654 0.937727,
	10.2677 0.943643,
	10.2684 0.946601,
	10.2699 0.94808,
	10.2721 0.953996,
	10.2736 0.956954,
	10.2736 0.958434,
	10.2751 0.959913,
	10.2825 0.983578,
	10.2832 0.99541,
	10.2832 0.998368,
	10.2817 0.999847,
	10.2751 1.02351,
	10.2743 1.03534,
	10.2751 1.04718,
	10.2795 1.05901,
	10.2825 1.07084,
	10.2832 1.08267,
	10.2832 1.08563,
	10.2832 1.08711,
	10.2817 1.08859,
	10.281 1.09451,
	10.2795 1.09599,
	10.278 1.1019,
	10.278 1.10338,
	10.2765 1.10486,
	10.2743 1.11078,
	10.2736 1.11374,
	10.2669 1.12557,
	10.2625 1.1374,
	10.2625 1.14036,
	10.261 1.14332,
	10.2603 1.16698,
	10.2603 1.1729,
	10.2551 1.18473,
	10.2507 1.18917,
	10.2447 1.1936,
	10.2388 1.19656,
	10.2373 1.19656,
	10.2359 1.19804,
	10.224 1.201,
	10.2181 1.20174,
	10.2122 1.201,
	10.2011 1.19508,
	10.19 1.18547,
	10.1856 1.18029,
	10.1841 1.17955,
	10.1841 1.17807,
	10.1826 1.1766,
	10.1826 1.17512,
	10.1811 1.17364,
	10.1804 1.17068,
	10.1789 1.16994,
	10.1782 1.16698,
	10.176 1.16402,
	10.176 1.16254,
	10.1686 1.15071,
	10.1582 1.14036,
	10.1375 1.12335,
	10.1257 1.11743,
	10.1198 1.11521,
	10.1175 1.113,
	10.1116 1.11078,
	10.1087 1.11004,
	10.1057 1.10782,
	10.1027 1.10708,
	10.0917 1.09968,
	10.0857 1.09525,
	10.0806 1.09229,
	10.0776 1.09155,
	10.0746 1.08933,
	10.0628 1.08563,
	10.0569 1.08415,
	10.0332 1.08194,
	10.0096 1.08194,
	9.9859 1.08563,
	9.97407 1.09007,
	9.97111 1.09155,
	9.96963 1.09303,
	9.9578 1.09747,
	9.95262 1.09968,
	9.95114 1.09968,
	9.94966 1.10116,
	9.94375 1.10264,
	9.94227 1.10264,
	9.94079 1.10412,
	9.89346 1.12039,
	9.89198 1.12187,
	9.88015 1.12557,
	9.87423 1.12779,
	9.86832 1.12853,
	9.85648 1.13222,
	9.80915 1.13518,
	9.78549 1.13814,
	9.77366 1.13962,
	9.76182 1.14258,
	9.74999 1.14701,
	9.74851 1.14849,
	9.73742 1.15367,
	9.72633 1.1618,
	9.72337 1.16328,
	9.72041 1.16624,
	9.70932 1.17438,
	9.7034 1.17807,
	9.69379 1.18621,
	9.68861 1.19065,
	9.68417 1.19656,
	9.67826 1.2084,
	9.6753 1.21431,
	9.6753 1.21579,
	9.67382 1.21727,
	9.67234 1.22319,
	9.66273 1.24685,
	9.65829 1.25868,
	9.65533 1.27052,
	9.6472 1.29418,
	9.6472 1.29566,
	9.64572 1.29714,
	9.64202 1.30823,
	9.64202 1.30971,
	9.6398 1.31267,
	9.63906 1.31563,
	9.63684 1.31859,
	9.63684 1.32006,
	9.61983 1.34225,
	9.61022 1.35334,
	9.60578 1.35778,
	9.59987 1.36148,
	9.58803 1.36444,
	9.5762 1.36592,
	9.57028 1.36592,
	9.56733 1.36592,
	9.56511 1.36296,
	9.56437 1.36,
	9.56289 1.35926,
	9.56215 1.3563,
	9.56067 1.35482,
	9.55845 1.34891,
	9.54514 1.32524,
	9.5444 1.32228,
	9.54292 1.3208,
	9.53848 1.30897,
	9.53701 1.30306,
	9.53405 1.29714,
	9.53405 1.29566,
	9.53257 1.29418,
	9.53109 1.28826,
	9.53109 1.28679,
	9.52961 1.28531,
	9.52517 1.27347,
	9.52369 1.26756,
	9.52221 1.26608,
	9.51926 1.24241,
	9.51852 1.2365,
	9.51704 1.23354,
	9.51334 1.20987,
	9.51112 1.19804,
	9.51038 1.19213,
	9.5089 1.18917,
	9.50668 1.1655,
	9.50668 1.15367,
	9.50668 1.14775,
	"/>
</Transform>

<Transform dim="1"
 xcoef=" 0.133200715346109 1 0 0 0 0"
 ycoef=" -0.944062250293367 0 1 0 0 0">
<Contour name="d046_p05" hidden="false" closed="true" simplified="true" border="1 1 0" fill="1 1 0" mode="11"
 points="11.9603 1.28615,
	11.9623 1.28089,
	11.9629 1.27957,
	11.9629 1.27891,
	11.9662 1.27365,
	11.9676 1.27102,
	11.9748 1.26049,
	11.9751 1.25917,
	11.9787 1.25391,
	11.981 1.25127,
	11.9853 1.247,
	11.988 1.24436,
	11.9929 1.24009,
	11.9949 1.23811,
	11.9962 1.2368,
	11.9978 1.23482,
	11.9991 1.23384,
	11.9998 1.23252,
	12.0047 1.22824,
	12.0093 1.22298,
	12.013 1.21804,
	12.0136 1.21706,
	12.0159 1.21442,
	12.0179 1.21245,
	12.0258 1.20192,
	12.0301 1.19731,
	12.0347 1.19337,
	12.0393 1.18843,
	12.0416 1.18679,
	12.0439 1.18448,
	12.0488 1.18119,
	12.0501 1.18053,
	12.0508 1.17988,
	12.0515 1.17988,
	12.0528 1.17889,
	12.058 1.17724,
	12.0607 1.17626,
	12.0633 1.17593,
	12.0844 1.16902,
	12.1054 1.16474,
	12.1265 1.16507,
	12.1317 1.1654,
	12.1423 1.16803,
	12.1429 1.16869,
	12.1442 1.16902,
	12.1456 1.17001,
	12.1469 1.17033,
	12.1492 1.17198,
	12.1505 1.17231,
	12.1515 1.1733,
	12.1528 1.17363,
	12.1577 1.17757,
	12.16 1.17988,
	12.1633 1.18481,
	12.1646 1.18744,
	12.1653 1.18876,
	12.1653 1.18942,
	12.166 1.19008,
	12.1686 1.2006,
	12.1696 1.21113,
	12.1696 1.2164,
	12.1686 1.22166,
	12.1686 1.22298,
	12.1679 1.22429,
	12.1676 1.22693,
	12.1676 1.22824,
	12.1643 1.23877,
	12.1623 1.24404,
	12.1613 1.24667,
	12.1584 1.2516,
	12.1571 1.25391,
	12.1535 1.25917,
	12.1518 1.26147,
	12.1518 1.26213,
	12.1475 1.2674,
	12.1449 1.2697,
	12.1439 1.27036,
	12.134 1.27891,
	12.1242 1.28582,
	12.1215 1.28747,
	12.1209 1.28813,
	12.1182 1.28911,
	12.1169 1.2901,
	12.1156 1.29043,
	12.115 1.29109,
	12.1123 1.29207,
	12.111 1.29273,
	12.1103 1.29273,
	12.1097 1.29339,
	12.0992 1.29734,
	12.0965 1.29832,
	12.0952 1.29865,
	12.0946 1.29865,
	12.0939 1.29931,
	12.0913 1.29964,
	12.0906 1.3003,
	12.0696 1.30556,
	12.059 1.30885,
	12.0538 1.31083,
	12.0511 1.31149,
	12.0505 1.31214,
	12.0399 1.31543,
	12.0347 1.31708,
	12.0334 1.31708,
	12.0307 1.31807,
	12.0294 1.31807,
	12.0281 1.31872,
	12.0176 1.32037,
	12.0123 1.32136,
	12.0018 1.32201,
	11.9912 1.32169,
	11.986 1.32037,
	11.9833 1.32004,
	11.9807 1.31872,
	11.9794 1.31774,
	11.9787 1.31774,
	11.9735 1.31412,
	11.9692 1.31017,
	11.9643 1.30589,
	11.9613 1.30063,
	11.9603 1.29536,
	11.9603 1.2901,
	11.9603 1.28747,
	11.9603 1.28648,
	"/>
</Transform>

<Transform dim="1"
 xcoef=" 0.133200715346109 1 0 0 0 0"
 ycoef=" -0.944062250293367 0 1 0 0 0">
<Contour name="d046_p06" hidden="false" closed="true" simplified="true" border="1 1 0" fill="1 1 0" mode="11"
 points="12.1227 -0.357898,
	12.1238 -0.362158,
	12.1296 -0.370147,
	12.1328 -0.373343,
	12.1414 -0.378668,
	12.1435 -0.379734,
	12.1446 -0.380799,
	12.1531 -0.383462,
	12.1552 -0.383462,
	12.1563 -0.384527,
	12.1648 -0.386125,
	12.1728 -0.390385,
	12.1749 -0.39145,
	12.176 -0.392516,
	12.177 -0.392516,
	12.1935 -0.404233,
	12.1978 -0.407961,
	12.2063 -0.413819,
	12.2133 -0.420743,
	12.2159 -0.424471,
	12.2175 -0.426601,
	12.2175 -0.427666,
	12.2186 -0.428731,
	12.226 -0.445774,
	12.2314 -0.454296,
	12.2388 -0.462284,
	12.2431 -0.464947,
	12.2452 -0.466012,
	12.2463 -0.466012,
	12.2473 -0.467078,
	12.2559 -0.469208,
	12.2601 -0.469741,
	12.2623 -0.470806,
	12.2793 -0.472936,
	12.2963 -0.476132,
	12.3049 -0.477197,
	12.3059 -0.478262,
	12.34 -0.488914,
	12.3571 -0.494772,
	12.3656 -0.4985,
	12.3677 -0.499033,
	12.3682 -0.500098,
	12.3725 -0.501696,
	12.3895 -0.51075,
	12.3911 -0.512347,
	12.3922 -0.512347,
	12.3943 -0.513945,
	12.3954 -0.513945,
	12.4039 -0.519804,
	12.405 -0.519804,
	12.413 -0.525129,
	12.4172 -0.526727,
	12.4194 -0.528325,
	12.4236 -0.529923,
	12.4279 -0.532586,
	12.4364 -0.535249,
	12.4449 -0.536846,
	12.4471 -0.536846,
	12.4492 -0.537912,
	12.4833 -0.538444,
	12.4918 -0.536314,
	12.5003 -0.536314,
	12.5024 -0.536314,
	12.5046 -0.535249,
	12.5131 -0.533651,
	12.5216 -0.530455,
	12.5259 -0.528325,
	12.528 -0.527792,
	12.5301 -0.526195,
	12.5344 -0.525129,
	12.5381 -0.522467,
	12.5403 -0.521934,
	12.5573 -0.512347,
	12.5658 -0.505956,
	12.5802 -0.492109,
	12.593 -0.476132,
	12.5951 -0.471871,
	12.5962 -0.470806,
	12.5962 -0.469741,
	12.6074 -0.453763,
	12.6132 -0.445774,
	12.618 -0.437253,
	12.6228 -0.42021,
	12.6244 -0.403167,
	12.6244 -0.394646,
	12.6244 -0.390385,
	12.6244 -0.388255,
	12.6228 -0.383994,
	12.6223 -0.379734,
	12.6212 -0.377603,
	12.6207 -0.373343,
	12.6191 -0.369082,
	12.6186 -0.366952,
	12.6186 -0.365886,
	12.6175 -0.365354,
	12.6164 -0.361093,
	12.6127 -0.352572,
	12.6116 -0.351507,
	12.6111 -0.349376,
	12.6111 -0.348311,
	12.61 -0.347246,
	12.6036 -0.330203,
	12.602 -0.325942,
	12.5967 -0.317954,
	12.5887 -0.312095,
	12.5845 -0.309432,
	12.5759 -0.306769,
	12.5717 -0.306237,
	12.5696 -0.305172,
	12.5355 -0.299846,
	12.5184 -0.297715,
	12.5099 -0.29665,
	12.5014 -0.29665,
	12.4843 -0.295052,
	12.4673 -0.295052,
	12.463 -0.295052,
	12.429 -0.304106,
	12.4204 -0.306769,
	12.4183 -0.306769,
	12.4162 -0.307835,
	12.4076 -0.308367,
	12.3906 -0.311563,
	12.3736 -0.312095,
	12.3693 -0.312095,
	12.365 -0.310497,
	12.3565 -0.3089,
	12.3523 -0.308367,
	12.3501 -0.308367,
	12.348 -0.307302,
	12.3395 -0.306769,
	12.331 -0.305172,
	12.3267 -0.303574,
	12.2926 -0.298781,
	12.2883 -0.298781,
	12.2798 -0.297183,
	12.2457 -0.295585,
	12.2287 -0.29452,
	12.2202 -0.296118,
	12.2159 -0.296118,
	12.2117 -0.297183,
	12.2031 -0.297715,
	12.1861 -0.302509,
	12.1776 -0.304639,
	12.1733 -0.305704,
	12.1712 -0.306769,
	12.1669 -0.307302,
	12.1584 -0.310497,
	12.1541 -0.312628,
	12.1531 -0.312628,
	12.136 -0.323812,
	12.1296 -0.330736,
	12.127 -0.334996,
	12.1238 -0.342985,
	12.1227 -0.347246,
	12.1227 -0.355767,
	12.1227 -0.357365,
	"/>
</Transform>

<Transform dim="1"
 xcoef=" 0.133200715346109 1 0 0 0 0"
 ycoef=" -0.944062250293367 0 1 0 0 0">
<Contour name="d046_p07" hidden="false" closed="true" simplified="true" border="1 1 0" fill="1 1 0" mode="11"
 points="12.1501 1.11095,
	12.1541 1.09916,
	12.1556 1.09621,
	12.1556 1.09548,
	12.1563 1.09511,
	12.1563 1.09437,
	12.1585 1.09142,
	12.1593 1.08995,
	12.1619 1.087,
	12.1641 1.08479,
	12.1696 1.0789,
	12.1703 1.07816,
	12.1711 1.07816,
	12.1766 1.07411,
	12.1825 1.0708,
	12.1884 1.06822,
	12.1943 1.06711,
	12.2002 1.06674,
	12.2061 1.06785,
	12.2175 1.07522,
	12.2234 1.0789,
	12.2263 1.08148,
	12.227 1.08148,
	12.2329 1.08553,
	12.2344 1.08664,
	12.2374 1.08737,
	12.2433 1.09106,
	12.2447 1.09216,
	12.2462 1.09253,
	12.2469 1.09327,
	12.2484 1.09363,
	12.2499 1.09474,
	12.2558 1.09695,
	12.2676 1.0999,
	12.2794 1.10358,
	12.2852 1.10616,
	12.2867 1.1069,
	12.2875 1.1069,
	12.2882 1.10763,
	12.2941 1.11021,
	12.297 1.11205,
	12.3015 1.11758,
	12.3051 1.1231,
	12.3096 1.129,
	12.3118 1.13194,
	12.3173 1.14373,
	12.321 1.15552,
	12.3228 1.16141,
	12.3239 1.1673,
	12.3247 1.17909,
	12.3236 1.18499,
	12.3225 1.18793,
	12.3213 1.18941,
	12.3213 1.19014,
	12.3169 1.19604,
	12.3162 1.19751,
	12.3147 1.19898,
	12.314 1.19972,
	12.311 1.20046,
	12.2992 1.20119,
	12.2757 1.20119,
	12.2698 1.20082,
	12.2683 1.20009,
	12.2565 1.19825,
	12.2536 1.19825,
	12.2418 1.1964,
	12.2182 1.18941,
	12.2153 1.18867,
	12.2123 1.1872,
	12.2108 1.18683,
	12.2094 1.18572,
	12.2035 1.18388,
	12.2005 1.18278,
	12.1991 1.18278,
	12.1932 1.1802,
	12.1873 1.17688,
	12.1814 1.17283,
	12.1799 1.17173,
	12.1784 1.17136,
	12.1725 1.1673,
	12.1633 1.15625,
	12.1593 1.15073,
	12.1571 1.14815,
	12.156 1.14668,
	12.1556 1.1452,
	12.1545 1.14373,
	12.1512 1.13194,
	12.1501 1.12016,
	12.1501 1.11426,
	12.1501 1.11132,
	"/>
</Transform>

<Transform dim="1"
 xcoef=" 0.132172693854413 1 0 0 0 0"
 ycoef=" -0.206585884934539 0 1 0 0 0">
<Contour name="d046_o03" hidden="false" closed="true" simplified="false" border="1 0 0" fill="1 0 0" mode="-13"
 points="10.9068 1.03123,
	10.9316 1.03123,
	10.9192 1.05396,
	"/>
</Transform>

<Transform dim="1"
 xcoef=" 0.0921726938544127 1 0 0 0 0"
 ycoef=" -0.246585884934539 0 1 0 0 0">
<Contour name="d046_checked" hidden="false" closed="true" simplified="false" border="0 1 0" fill="0 1 0" mode="-13"
 points="10.9124 1.01656,
	10.9233 1.00138,
	10.9124 0.986208,
	10.9189 0.986208,
	10.9276 0.999215,
	10.9363 0.986208,
	10.9428 0.986208,
	10.932 1.00138,
	10.9428 1.01656,
	10.9363 1.01656,
	10.9276 1.00355,
	10.9189 1.01656,
	"/>
</Transform>

<Transform dim="1"
 xcoef=" 0.313200715346109 1 0 0 0 0"
 ycoef=" 0.135937749706634 0 1 0 0 0">
<Image mag="0.00201646" contrast="1.27628" brightness="-0.6" red="true" green="true" blue="true"
 src="018____z17.0.tif" />
<Contour name="domain1" hidden="false" closed="true" simplified="false" border="1 0 1" fill="1 0 1" mode="11"
 points="0 0,
	9551 0,
	9551 5063,
	0 5063,
	"/>
</Transform>

<Transform dim="1"
 xcoef=" 0.0921726938544127 1 0 0 0 0"
 ycoef=" -0.246585884934539 0 1 0 0 0">
<Contour name="d046_p37" hidden="false" closed="true" simplified="true" border="1 1 0" fill="1 1 0" mode="11"
 points="12.1675 1.2615,
	12.1729 1.25287,
	12.1794 1.24641,
	12.1956 1.23562,
	12.2021 1.22915,
	12.2193 1.21514,
	12.2279 1.2119,
	12.2301 1.20975,
	12.2344 1.20867,
	12.2366 1.20651,
	12.2538 1.20543,
	12.2624 1.20543,
	12.2667 1.20543,
	12.2689 1.20543,
	12.2711 1.20759,
	12.2754 1.20759,
	12.2915 1.21622,
	12.2937 1.21622,
	12.2969 1.21945,
	12.2991 1.21945,
	12.3066 1.227,
	12.3109 1.23023,
	12.3217 1.24748,
	12.3228 1.25611,
	12.326 1.26474,
	12.3293 1.28199,
	12.3304 1.29061,
	12.3314 1.29492,
	12.3368 1.30355,
	12.339 1.30786,
	12.3411 1.31002,
	12.3411 1.31218,
	12.3465 1.31972,
	12.3476 1.32404,
	12.3519 1.32835,
	12.353 1.33266,
	12.3552 1.33482,
	12.3562 1.35207,
	12.3562 1.3607,
	12.3519 1.36932,
	12.3487 1.37256,
	12.3476 1.37471,
	12.3131 1.37363,
	12.3045 1.37256,
	12.2872 1.36501,
	12.2711 1.35423,
	12.2667 1.35315,
	12.2657 1.35099,
	12.2635 1.35099,
	12.256 1.34452,
	12.2516 1.34237,
	12.2463 1.3359,
	12.2387 1.32727,
	12.2247 1.31325,
	12.2074 1.30247,
	12.1988 1.29816,
	12.1967 1.29816,
	12.1956 1.296,
	12.1913 1.29492,
	12.1859 1.28953,
	12.1783 1.2863,
	12.1762 1.28199,
	12.1675 1.27336,
	12.1675 1.26474,
	12.1675 1.26258,
	"/>
</Transform>

<Transform dim="1"
 xcoef=" 0.0921726938544127 1 0 0 0 0"
 ycoef=" -0.246585884934539 0 1 0 0 0">
<Contour name="D046 ax01??" hidden="false" closed="true" simplified="false" border="1 1 0" fill="1 1 0" mode="11"
 points="8.68766 6.51111,
	8.66458 6.51111,
	8.66458 6.52265,
	8.67612 6.53418,
	8.71073 6.54572,
	8.68766 6.55726,
	8.67612 6.58033,
	8.65304 6.55726,
	8.64151 6.53418,
	8.64151 6.51111,
	8.61843 6.51111,
	8.65304 6.48803,
	"/>
</Transform>

<Transform dim="1"
 xcoef=" 0.0921726938544127 1 0 0 0 0"
 ycoef=" -0.246585884934539 0 1 0 0 0">
<Contour name="D037" hidden="false" closed="true" simplified="true" border="0 0 1" fill="0 0 1" mode="11"
 points="15.6359 1.18336,
	15.6382 1.1676,
	15.6451 1.15242,
	15.6562 1.13835,
	15.6711 1.12591,
	15.6894 1.11554,
	15.7104 1.10763,
	15.7333 1.10245,
	15.7573 1.1002,
	15.7815 1.10095,
	15.805 1.10468,
	15.827 1.11126,
	15.8468 1.12044,
	15.8635 1.13189,
	15.8766 1.14521,
	15.8856 1.1599,
	15.8902 1.17544,
	15.8902 1.19127,
	15.8856 1.20681,
	15.8766 1.22151,
	15.8635 1.23482,
	15.8468 1.24628,
	15.827 1.25546,
	15.805 1.26203,
	15.7815 1.26576,
	15.7573 1.26652,
	15.7333 1.26426,
	15.7104 1.25909,
	15.6894 1.25117,
	15.6711 1.24081,
	15.6562 1.22837,
	15.6451 1.2143,
	"/>
</Transform>

<Transform dim="1"
 xcoef=" 0.0921726938544127 1 0 0 0 0"
 ycoef=" -0.246585884934539 0 1 0 0 0">
<Contour name="D020" hidden="false" closed="true" simplified="true" border="0 0 1" fill="0 0 1" mode="11"
 points="10.5323 6.7807,
	10.5334 6.76527,
	10.5364 6.75018,
	10.5414 6.73575,
	10.5482 6.7223,
	10.5568 6.71013,
	10.5669 6.69949,
	10.5782 6.69063,
	10.5906 6.68373,
	10.6038 6.67895,
	10.6174 6.67639,
	10.6313 6.6761,
	10.645 6.6781,
	10.6583 6.68233,
	10.6709 6.68871,
	10.6825 6.6971,
	10.693 6.70731,
	10.7019 6.71913,
	10.7092 6.73228,
	10.7147 6.74649,
	10.7182 6.76145,
	10.7197 6.77683,
	10.7192 6.79229,
	10.7167 6.8075,
	10.7122 6.82213,
	10.7058 6.83585,
	10.6976 6.84837,
	10.6879 6.85941,
	10.6769 6.86874,
	10.6647 6.87614,
	10.6517 6.88146,
	10.6382 6.88459,
	10.6243 6.88544,
	10.6105 6.88402,
	10.5971 6.88033,
	10.5843 6.87448,
	10.5724 6.86658,
	10.5616 6.8568,
	10.5523 6.84537,
	10.5446 6.83252,
	10.5387 6.81854,
	10.5346 6.80374,
	"/>
</Transform>

<Transform dim="1"
 xcoef=" 0.0921726938544127 1 0 0 0 0"
 ycoef=" -0.246585884934539 0 1 0 0 0">
<Contour name="D060_large" hidden="false" closed="true" simplified="true" border="0 0 1" fill="0 0 1" mode="11"
 points="2.73443 4.51314,
	2.73785 4.49427,
	2.74795 4.47625,
	2.76429 4.45989,
	2.78611 4.44595,
	2.81243 4.43504,
	2.84207 4.42766,
	2.87369 4.42414,
	2.90584 4.42465,
	2.9371 4.42915,
	2.96603 4.43745,
	2.99133 4.44917,
	3.01186 4.46378,
	3.0267 4.48063,
	3.03516 4.49894,
	3.03687 4.51789,
	3.03176 4.53663,
	3.02004 4.55431,
	3.00226 4.57013,
	2.97921 4.58337,
	2.95194 4.59344,
	2.92167 4.59987,
	2.88979 4.60239,
	2.85772 4.60088,
	2.82692 4.5954,
	2.79878 4.5862,
	2.77457 4.5737,
	2.75538 4.55847,
	2.74209 4.54118,
	"/>
</Transform>

<Transform dim="1"
 xcoef=" 0.0921726938544127 1 0 0 0 0"
 ycoef=" -0.246585884934539 0 1 0 0 0">
<Contour name="D022" hidden="false" closed="true" simplified="true" border="0 0 1" fill="0 0 1" mode="11"
 points="14.3231 6.71096,
	14.3236 6.7012,
	14.3248 6.69153,
	14.327 6.68201,
	14.3299 6.67274,
	14.3337 6.66378,
	14.3382 6.65522,
	14.3435 6.64711,
	14.3494 6.63954,
	14.356 6.63255,
	14.3632 6.62622,
	14.3709 6.62059,
	14.379 6.61571,
	14.3876 6.61161,
	14.3965 6.60834,
	14.4056 6.60592,
	14.4149 6.60437,
	14.4243 6.60371,
	14.4337 6.60393,
	14.4431 6.60504,
	14.4523 6.60703,
	14.4613 6.60987,
	14.4701 6.61356,
	14.4784 6.61805,
	14.4864 6.62331,
	14.4938 6.6293,
	14.5007 6.63597,
	14.507 6.64326,
	14.5126 6.6511,
	14.5175 6.65945,
	14.5216 6.66822,
	14.525 6.67734,
	14.5275 6.68675,
	14.5292 6.69635,
	14.5301 6.70608,
	14.5301 6.71584,
	14.5292 6.72557,
	14.5275 6.73517,
	14.525 6.74457,
	14.5216 6.7537,
	14.5175 6.76247,
	14.5126 6.77081,
	14.507 6.77866,
	14.5007 6.78595,
	14.4938 6.79261,
	14.4864 6.7986,
	14.4784 6.80386,
	14.4701 6.80836,
	14.4613 6.81204,
	14.4523 6.81489,
	14.4431 6.81688,
	14.4337 6.81799,
	14.4243 6.81821,
	14.4149 6.81754,
	14.4056 6.81599,
	14.3965 6.81357,
	14.3876 6.8103,
	14.379 6.80621,
	14.3709 6.80133,
	14.3632 6.7957,
	14.356 6.78936,
	14.3494 6.78238,
	14.3435 6.7748,
	14.3382 6.7667,
	14.3337 6.75813,
	14.3299 6.74918,
	14.327 6.7399,
	14.3248 6.73039,
	"/>
</Transform>

<Transform dim="1"
 xcoef=" 0.0921726938544127 1 0 0 0 0"
 ycoef=" -0.246585884934539 0 1 0 0 0">
<Contour name="D033" hidden="false" closed="true" simplified="true" border="0 0 1" fill="0 0 1" mode="11"
 points="11.0142 3.14419,
	11.0149 3.13795,
	11.0171 3.13182,
	11.0207 3.12593,
	11.0256 3.12037,
	11.0317 3.11526,
	11.039 3.11069,
	11.0473 3.10674,
	11.0564 3.10349,
	11.0662 3.101,
	11.0765 3.09931,
	11.0871 3.09846,
	11.0977 3.09846,
	11.1083 3.09931,
	11.1186 3.101,
	11.1284 3.10349,
	11.1375 3.10674,
	11.1458 3.11069,
	11.1531 3.11526,
	11.1592 3.12037,
	11.1641 3.12593,
	11.1677 3.13182,
	11.1699 3.13795,
	11.1706 3.14419,
	11.1699 3.15043,
	11.1677 3.15655,
	11.1641 3.16245,
	11.1592 3.168,
	11.1531 3.17311,
	11.1458 3.17768,
	11.1375 3.18163,
	11.1284 3.18488,
	11.1186 3.18738,
	11.1083 3.18906,
	11.0977 3.18991,
	11.0871 3.18991,
	11.0765 3.18906,
	11.0662 3.18738,
	11.0564 3.18488,
	11.0473 3.18163,
	11.039 3.17768,
	11.0317 3.17311,
	11.0256 3.168,
	11.0207 3.16245,
	11.0171 3.15655,
	11.0149 3.15043,
	"/>
</Transform>

<Transform dim="1"
 xcoef=" 0.142172693854413 1 0 0 0 0"
 ycoef=" -0.206585884934539 0 1 0 0 0">
<Contour name="D048_oblique" hidden="false" closed="true" simplified="true" border="0 0 1" fill="0 0 1" mode="13"
 points="12.8639 3.95498,
	12.8652 3.93741,
	12.869 3.92029,
	12.8753 3.90408,
	12.8838 3.88918,
	12.8944 3.87599,
	12.9068 3.86485,
	12.9207 3.85604,
	12.9357 3.84978,
	12.9513 3.84626,
	12.9672 3.84555,
	12.9831 3.84768,
	12.9985 3.85258,
	13.0129 3.86014,
	13.026 3.87015,
	13.0376 3.88235,
	13.0472 3.89644,
	13.0547 3.91205,
	13.0597 3.92877,
	13.0622 3.94616,
	13.0622 3.96379,
	13.0597 3.98118,
	13.0547 3.9979,
	13.0472 4.01351,
	13.0376 4.0276,
	13.026 4.0398,
	13.0129 4.04981,
	12.9985 4.05737,
	12.9831 4.06227,
	12.9672 4.0644,
	12.9513 4.06369,
	12.9357 4.06016,
	12.9207 4.05391,
	12.9068 4.0451,
	12.8944 4.03396,
	12.8838 4.02077,
	12.8753 4.00587,
	12.869 3.98966,
	"/>
</Transform>

<Transform dim="1"
 xcoef=" 0.0921726938544127 1 0 0 0 0"
 ycoef=" -0.246585884934539 0 1 0 0 0">
<Contour name="D048 sym cand 4" hidden="false" closed="true" simplified="true" border="0 1 1" fill="0 1 1" mode="-11"
 points="12.6159 3.99429,
	12.6164 3.97571,
	12.6178 3.95733,
	12.6202 3.93938,
	12.6234 3.92205,
	12.6276 3.90554,
	12.6325 3.89003,
	12.6382 3.8757,
	12.6446 3.86272,
	12.6516 3.85123,
	12.6592 3.84136,
	12.6672 3.83322,
	12.6756 3.82691,
	12.6843 3.82249,
	12.6931 3.82002,
	12.702 3.81953,
	12.7109 3.82101,
	12.7197 3.82446,
	12.7282 3.82983,
	12.7365 3.83707,
	12.7443 3.84608,
	12.7516 3.85678,
	12.7583 3.86903,
	12.7644 3.88271,
	12.7697 3.89765,
	12.7742 3.91368,
	12.7779 3.93062,
	12.7807 3.94829,
	12.7826 3.96648,
	12.7835 3.98498,
	12.7835 4.00359,
	12.7826 4.0221,
	12.7807 4.04029,
	12.7779 4.05795,
	12.7742 4.0749,
	12.7697 4.09093,
	12.7644 4.10587,
	12.7583 4.11954,
	12.7516 4.1318,
	12.7443 4.14249,
	12.7365 4.15151,
	12.7282 4.15875,
	12.7197 4.16412,
	12.7109 4.16757,
	12.702 4.16905,
	12.6931 4.16856,
	12.6843 4.16609,
	12.6756 4.16167,
	12.6672 4.15536,
	12.6592 4.14722,
	12.6516 4.13735,
	12.6446 4.12586,
	12.6382 4.11287,
	12.6325 4.09855,
	12.6276 4.08304,
	12.6234 4.06653,
	12.6202 4.0492,
	12.6178 4.03124,
	12.6164 4.01287,
	"/>
</Transform>

<Transform dim="1"
 xcoef=" -0.0555861529774573 1 0 0 0 0"
 ycoef=" -0.0279837553750597 0 1 0 0 0">
<Contour name="d020" hidden="false" closed="true" simplified="true" border="1 1 0" fill="1 1 0" mode="11"
 points="10.2469 6.85221,
	10.2482 6.84959,
	10.2495 6.83912,
	10.2554 6.81819,
	10.2626 6.79726,
	10.2685 6.77633,
	10.2731 6.7554,
	10.2737 6.74494,
	10.275 6.74232,
	10.2757 6.73709,
	10.2796 6.72662,
	10.2881 6.71746,
	10.2979 6.71027,
	10.3032 6.70765,
	10.3045 6.70634,
	10.3097 6.70438,
	10.3123 6.70373,
	10.3149 6.70177,
	10.3254 6.69719,
	10.3306 6.69522,
	10.3333 6.69522,
	10.3346 6.69392,
	10.3555 6.69065,
	10.366 6.68999,
	10.3764 6.68672,
	10.3817 6.68476,
	10.383 6.68476,
	10.3849 6.6828,
	10.3875 6.68214,
	10.3902 6.68018,
	10.4006 6.67626,
	10.4019 6.67626,
	10.4032 6.67495,
	10.4085 6.67364,
	10.4111 6.67233,
	10.432 6.66906,
	10.4529 6.6671,
	10.4634 6.6671,
	10.4739 6.66579,
	10.4791 6.66579,
	10.4896 6.66383,
	10.4948 6.66383,
	10.5157 6.6599,
	10.5367 6.65729,
	10.5785 6.65729,
	10.589 6.65794,
	10.5995 6.6599,
	10.6099 6.66383,
	10.6152 6.66579,
	10.6256 6.66775,
	10.6309 6.66841,
	10.6413 6.67168,
	10.6466 6.67299,
	10.6492 6.67299,
	10.6544 6.6756,
	10.657 6.67626,
	10.6596 6.67822,
	10.6623 6.67887,
	10.6832 6.69065,
	10.6878 6.69326,
	10.6904 6.69522,
	10.693 6.69588,
	10.6943 6.69719,
	10.6969 6.69784,
	10.7041 6.70765,
	10.71 6.71746,
	10.7126 6.7227,
	10.7126 6.724,
	10.7146 6.72662,
	10.7152 6.72924,
	10.7152 6.73055,
	10.7165 6.73185,
	10.7224 6.75278,
	10.7244 6.77372,
	10.7244 6.81558,
	10.7231 6.82604,
	10.7224 6.83127,
	10.7224 6.83389,
	10.7211 6.83651,
	10.7211 6.84174,
	10.7159 6.86267,
	10.7146 6.86529,
	10.7146 6.8666,
	10.7133 6.8679,
	10.712 6.87314,
	10.7113 6.87575,
	10.71 6.87706,
	10.7094 6.88229,
	10.7054 6.89276,
	10.7035 6.89799,
	10.7035 6.8993,
	10.7022 6.90061,
	10.6989 6.91107,
	10.6982 6.91369,
	10.6969 6.915,
	10.6871 6.93593,
	10.674 6.95621,
	10.6662 6.96667,
	10.657 6.97714,
	10.6485 6.98629,
	10.6446 6.99022,
	10.6426 6.99153,
	10.6263 7.00919,
	10.6197 7.01834,
	10.6158 7.02358,
	10.6099 7.03404,
	10.6093 7.03666,
	10.5942 7.05628,
	10.5864 7.06675,
	10.5831 7.07132,
	10.5746 7.08114,
	10.5674 7.08964,
	10.5583 7.0988,
	10.5498 7.10926,
	10.5406 7.11515,
	10.538 7.11646,
	10.5367 7.11776,
	10.5341 7.11842,
	10.5236 7.12496,
	10.5223 7.12627,
	10.521 7.12627,
	10.5112 7.13281,
	10.5059 7.13477,
	10.5046 7.13477,
	10.5033 7.13608,
	10.4928 7.13804,
	10.4902 7.13804,
	10.485 7.14,
	10.4798 7.14066,
	10.4772 7.14197,
	10.4562 7.14393,
	10.4353 7.14327,
	10.4248 7.14,
	10.4222 7.13804,
	10.4196 7.13739,
	10.4144 7.13412,
	10.4091 7.12954,
	10.4032 7.11907,
	10.3987 7.11515,
	10.3888 7.10534,
	10.3843 7.10207,
	10.3653 7.08441,
	10.3607 7.08114,
	10.3503 7.07132,
	10.3463 7.0674,
	10.3267 7.04647,
	10.3221 7.04124,
	10.3189 7.03731,
	10.3117 7.0275,
	10.3032 7.01769,
	10.2875 7.00003,
	10.2829 6.9961,
	10.2803 6.99349,
	10.2678 6.97452,
	10.2678 6.97321,
	10.2665 6.9719,
	10.26 6.95097,
	10.26 6.94836,
	10.2587 6.94705,
	10.2561 6.93658,
	10.2548 6.93135,
	10.2548 6.92612,
	10.2489 6.90519,
	10.2469 6.88426,
	10.2469 6.86332,
	10.2469 6.85286,
	"/>
</Transform>

</Section>