<?xml version="1.0"?>
<!DOCTYPE Section SYSTEM "section.dtd">

<Section index="231" thickness="0.052" alignLocked="true">
<Transform dim="1"
 xcoef=" 9.44063825427528 1 0 0 0 0"
 ycoef=" 8.17024053130752 0 1 0 0 0">
<Image mag="0.00201646" contrast="1" brightness="0" red="true" green="true" blue="true"
 src="231____z230.0.tif" />
<Contour name="domain1" hidden="false" closed="true" simplified="false" border="1 0 1" fill="1 0 1" mode="11"
 points="0 0,
	13727 0,
	13727 13535,
	0 13535,
	"/>
</Transform>

<Transform dim="1"
 xcoef=" 9.44063825427528 1 0 0 0 0"
 ycoef=" 8.17024053130752 0 1 0 0 0">
<Contour name="D046" hidden="false" closed="true" simplified="true" border="0 0 1" fill="0 0 1" mode="11"
 points="24.0739 12.1315,
	24.0797 12.0999,
	24.0967 12.0699,
	24.1242 12.0431,
	24.1607 12.0206,
	24.2044 12.0037,
	24.2531 11.9932,
	24.3043 11.9897,
	24.3556 11.9932,
	24.4043 12.0037,
	24.448 12.0206,
	24.4845 12.0431,
	24.5119 12.0699,
	24.529 12.0999,
	24.5348 12.1315,
	24.529 12.163,
	24.5119 12.193,
	24.4845 12.2199,
	24.448 12.2423,
	24.4043 12.2592,
	24.3556 12.2697,
	24.3043 12.2733,
	24.2531 12.2697,
	24.2044 12.2592,
	24.1607 12.2423,
	24.1242 12.2199,
	24.0967 12.193,
	"/>
</Transform>

<Transform dim="0"
 xcoef=" 0 1 0 0 0 0"
 ycoef=" 0 0 1 0 0 0">
<Contour name="D057" hidden="false" closed="true" simplified="true" border="0 0 1" fill="0 0 1" mode="11"
 points="3.93832 10.4701,
	3.94314 10.4437,
	3.95723 10.4195,
	3.97944 10.3993,
	4.00797 10.3849,
	4.04051 10.3774,
	4.07443 10.3774,
	4.10697 10.3849,
	4.1355 10.3993,
	4.15771 10.4195,
	4.17179 10.4437,
	4.17662 10.4701,
	4.17179 10.4965,
	4.15771 10.5207,
	4.1355 10.5409,
	4.10697 10.5553,
	4.07443 10.5628,
	4.04051 10.5628,
	4.00797 10.5553,
	3.97944 10.5409,
	3.95723 10.5207,
	3.94314 10.4965,
	"/>
</Transform>

<Transform dim="0"
 xcoef=" 0 1 0 0 0 0"
 ycoef=" 0 0 1 0 0 0">
<Contour name="D058" hidden="false" closed="true" simplified="true" border="0 0 1" fill="0 0 1" mode="11"
 points="4.96956 10.4643,
	4.97412 10.4364,
	4.98748 10.4103,
	5.00879 10.3877,
	5.03664 10.3702,
	5.06921 10.3588,
	5.10437 10.3543,
	5.13983 10.357,
	5.17325 10.3667,
	5.20247 10.3828,
	5.22556 10.4042,
	5.24101 10.4296,
	5.24782 10.4572,
	5.24554 10.4853,
	5.23432 10.512,
	5.21488 10.5356,
	5.18852 10.5546,
	5.15694 10.5676,
	5.12221 10.5738,
	5.08661 10.5729,
	5.05246 10.5649,
	5.022 10.5503,
	4.99722 10.5301,
	4.97974 10.5056,
	"/>
</Transform>

<Transform dim="0"
 xcoef=" 0 1 0 0 0 0"
 ycoef=" 0 0 1 0 0 0">
<Contour name="D045_ASPINY_NOCANDIDATES" hidden="false" closed="true" simplified="true" border="0 0 1" fill="0 0 1" mode="11"
 points="1.66599 9.24905,
	1.6684 9.22659,
	1.67547 9.20535,
	1.68684 9.18646,
	1.70189 9.17095,
	1.71981 9.15965,
	1.73963 9.15316,
	1.76029 9.15185,
	1.78066 9.15578,
	1.79966 9.16473,
	1.81626 9.17823,
	1.82956 9.19555,
	1.83884 9.21575,
	1.84361 9.23774,
	1.84361 9.26035,
	1.83884 9.28235,
	1.82956 9.30255,
	1.81626 9.31987,
	1.79966 9.33336,
	1.78066 9.34232,
	1.76029 9.34624,
	1.73963 9.34493,
	1.71981 9.33845,
	1.70189 9.32714,
	1.68684 9.31163,
	1.67547 9.29274,
	"/>
</Transform>

<Transform dim="0"
 xcoef=" 0 1 0 0 0 0"
 ycoef=" 0 0 1 0 0 0">
<Contour name="D019" hidden="false" closed="true" simplified="true" border="0 0 1" fill="0 0 1" mode="11"
 points="2.44842 6.77677,
	2.44917 6.76243,
	2.45142 6.74825,
	2.45513 6.73439,
	2.46028 6.721,
	2.46679 6.70823,
	2.47461 6.69622,
	2.48363 6.68511,
	2.49377 6.67502,
	2.5049 6.66607,
	2.51691 6.65835,
	2.52966 6.65195,
	2.54301 6.64694,
	2.5568 6.64337,
	2.57089 6.64129,
	2.58513 6.64073,
	2.59934 6.64167,
	2.61337 6.64412,
	2.62707 6.64805,
	2.64028 6.65342,
	2.65285 6.66016,
	2.66466 6.6682,
	2.67555 6.67744,
	2.68542 6.6878,
	2.69415 6.69914,
	2.70165 6.71135,
	2.70783 6.72429,
	2.71262 6.73781,
	2.71597 6.75177,
	2.71785 6.76601,
	2.71822 6.78037,
	2.7171 6.79468,
	2.71448 6.8088,
	2.7104 6.82256,
	2.70491 6.83581,
	2.69806 6.8484,
	2.68994 6.86019,
	2.68062 6.87106,
	2.67022 6.88087,
	2.65886 6.88953,
	2.64665 6.89693,
	2.63374 6.90299,
	2.62027 6.90764,
	2.60638 6.91084,
	2.59224 6.91254,
	2.578 6.91273,
	2.56382 6.9114,
	2.54986 6.90858,
	2.53627 6.90428,
	2.5232 6.89857,
	2.51081 6.8915,
	2.49922 6.88315,
	2.48857 6.87362,
	2.47897 6.863,
	2.47054 6.85143,
	2.46337 6.83902,
	2.45753 6.82592,
	2.45309 6.81228,
	2.45011 6.79824,
	"/>
</Transform>

<Transform dim="0"
 xcoef=" 0 1 0 0 0 0"
 ycoef=" 0 0 1 0 0 0">
<Contour name="D037" hidden="false" closed="true" simplified="true" border="0 0 1" fill="0 0 1" mode="11"
 points="7.6697 1.20827,
	7.67317 1.18572,
	7.68327 1.165,
	7.69921 1.14778,
	7.71968 1.13547,
	7.74302 1.12905,
	7.76735 1.12905,
	7.7907 1.13547,
	7.81117 1.14778,
	7.8271 1.165,
	7.83721 1.18572,
	7.84067 1.20827,
	7.83721 1.23081,
	7.8271 1.25153,
	7.81117 1.26875,
	7.7907 1.28106,
	7.76735 1.28748,
	7.74302 1.28748,
	7.71968 1.28106,
	7.69921 1.26875,
	7.68327 1.25153,
	7.67317 1.23081,
	"/>
</Transform>

<Transform dim="0"
 xcoef=" 0 1 0 0 0 0"
 ycoef=" 0 0 1 0 0 0">
<Contour name="D020" hidden="false" closed="true" simplified="true" border="0 0 1" fill="0 0 1" mode="11"
 points="9.23556 6.10401,
	9.23754 6.08356,
	9.2434 6.06356,
	9.25304 6.04447,
	9.26622 6.02671,
	9.28266 6.01067,
	9.302 5.99672,
	9.32378 5.98517,
	9.34754 5.97627,
	9.37274 5.97022,
	9.39882 5.96717,
	9.42519 5.96717,
	9.45127 5.97022,
	9.47647 5.97627,
	9.50022 5.98517,
	9.52201 5.99672,
	9.54134 6.01067,
	9.55779 6.02671,
	9.57097 6.04447,
	9.58061 6.06356,
	9.58647 6.08356,
	9.58844 6.10401,
	9.58647 6.12447,
	9.58061 6.14446,
	9.57097 6.16356,
	9.55779 6.18132,
	9.54134 6.19735,
	9.52201 6.2113,
	9.50022 6.22286,
	9.47647 6.23176,
	9.45127 6.2378,
	9.42519 6.24086,
	9.39882 6.24086,
	9.37274 6.2378,
	9.34754 6.23176,
	9.32378 6.22286,
	9.302 6.2113,
	9.28266 6.19735,
	9.26622 6.18132,
	9.25304 6.16356,
	9.2434 6.14446,
	"/>
</Transform>

</Section>