<?xml version="1.0"?>
<!DOCTYPE Section SYSTEM "section.dtd">

<Section index="185" thickness="0.052" alignLocked="true">
<Transform dim="1"
 xcoef=" 9.07213000012298 1 0 0 0 0"
 ycoef=" 8.50769543763757 0 1 0 0 0">
<Image mag="0.00201646" contrast="1.3401" brightness="-0.84" red="true" green="true" blue="true"
 src="185____z184.0.tif" />
<Contour name="domain1" hidden="false" closed="true" simplified="false" border="1 0 1" fill="1 0 1" mode="11"
 points="0 0,
	13727 0,
	13727 13535,
	0 13535,
	"/>
</Transform>

<Transform dim="1"
 xcoef=" 9.07213000012298 1 0 0 0 0"
 ycoef=" 8.50769543763757 0 1 0 0 0">
<Contour name="D058" hidden="false" closed="true" simplified="true" border="0 0 1" fill="0 0 1" mode="11"
 points="15.3858 19.4487,
	15.3888 19.4291,
	15.3976 19.4106,
	15.4118 19.3943,
	15.4304 19.381,
	15.4525 19.3715,
	15.4769 19.3663,
	15.5022 19.3657,
	15.5269 19.3698,
	15.5498 19.3782,
	15.5694 19.3907,
	15.5847 19.4063,
	15.5949 19.4243,
	15.5994 19.4437,
	15.5979 19.4634,
	15.5905 19.4822,
	15.5776 19.4992,
	15.56 19.5133,
	15.5387 19.5239,
	15.5147 19.5302,
	15.4895 19.5319,
	15.4645 19.529,
	15.4411 19.5216,
	15.4206 19.5101,
	15.4041 19.4952,
	15.3925 19.4777,
	"/>
</Transform>

<Transform dim="1"
 xcoef=" 9.07213000012298 1 0 0 0 0"
 ycoef=" 8.50769543763757 0 1 0 0 0">
<Contour name="D057" hidden="false" closed="true" simplified="true" border="0 0 1" fill="0 0 1" mode="11"
 points="15.4195 19.0192,
	15.4205 19.0059,
	15.4232 18.9928,
	15.4279 18.9801,
	15.4342 18.9681,
	15.4422 18.9568,
	15.4517 18.9466,
	15.4626 18.9375,
	15.4746 18.9296,
	15.4877 18.9232,
	15.5016 18.9183,
	15.516 18.915,
	15.5308 18.9133,
	15.5457 18.9133,
	15.5605 18.915,
	15.575 18.9183,
	15.5888 18.9232,
	15.6019 18.9296,
	15.614 18.9375,
	15.6248 18.9466,
	15.6343 18.9568,
	15.6423 18.9681,
	15.6487 18.9801,
	15.6533 18.9928,
	15.6561 19.0059,
	15.657 19.0192,
	15.6561 19.0324,
	15.6533 19.0455,
	15.6487 19.0582,
	15.6423 19.0702,
	15.6343 19.0815,
	15.6248 19.0917,
	15.614 19.1008,
	15.6019 19.1087,
	15.5888 19.1151,
	15.575 19.12,
	15.5605 19.1233,
	15.5457 19.125,
	15.5308 19.125,
	15.516 19.1233,
	15.5016 19.12,
	15.4877 19.1151,
	15.4746 19.1087,
	15.4626 19.1008,
	15.4517 19.0917,
	15.4422 19.0815,
	15.4342 19.0702,
	15.4279 19.0582,
	15.4232 19.0455,
	"/>
</Transform>

<Transform dim="1"
 xcoef=" 8.52000000000001 1 0 0 0 0"
 ycoef=" 7.89 0 1 0 0 0">
<Contour name="D046" hidden="false" closed="true" simplified="true" border="0 0 1" fill="0 0 1" mode="11"
 points="22.2041 11.0458,
	22.206 11.0268,
	22.2113 11.0087,
	22.22 10.9926,
	22.2314 10.9795,
	22.245 10.9699,
	22.2601 10.9643,
	22.2758 10.9632,
	22.2913 10.9666,
	22.3057 10.9742,
	22.3183 10.9856,
	22.3284 11.0004,
	22.3355 11.0175,
	22.3391 11.0362,
	22.3391 11.0554,
	22.3355 11.0741,
	22.3284 11.0913,
	22.3183 11.106,
	22.3057 11.1175,
	22.2913 11.1251,
	22.2758 11.1285,
	22.2601 11.1273,
	22.245 11.1218,
	22.2314 11.1122,
	22.22 11.099,
	22.2113 11.083,
	"/>
</Transform>

<Transform dim="0"
 xcoef=" 0 1 0 0 0 0"
 ycoef=" 0 0 1 0 0 0">
<Contour name="D058_ax01" hidden="false" closed="true" simplified="false" border="0 1 1" fill="0 1 1" mode="11"
 points="5.34185 9.583,
	5.35381 9.57105,
	5.306 9.52324,
	5.31795 9.51129,
	5.36576 9.5591,
	5.37771 9.54715,
	5.37771 9.583,
	"/>
</Transform>

<Transform dim="0"
 xcoef=" 0 1 0 0 0 0"
 ycoef=" 0 0 1 0 0 0">
<Contour name="D045_ASPINY_NOCANDIDATES" hidden="false" closed="true" simplified="true" border="0 0 1" fill="0 0 1" mode="11"
 points="3.04842 9.51761,
	3.04989 9.50223,
	3.05428 9.48724,
	3.06147 9.47301,
	3.07127 9.45991,
	3.08345 9.44827,
	3.09769 9.43837,
	3.11364 9.43048,
	3.13088 9.42479,
	3.149 9.42144,
	3.16752 9.42052,
	3.18599 9.42205,
	3.20393 9.426,
	3.22089 9.43225,
	3.23645 9.44067,
	3.2502 9.45102,
	3.26182 9.46306,
	3.27099 9.47648,
	3.27749 9.49093,
	3.28115 9.50606,
	3.28189 9.52148,
	3.27968 9.5368,
	3.27458 9.55163,
	3.26672 9.56561,
	3.2563 9.57838,
	3.24357 9.58961,
	3.22887 9.59903,
	3.21256 9.60638,
	3.19505 9.6115,
	3.17679 9.61425,
	3.15824 9.61456,
	3.13986 9.61241,
	3.12212 9.60788,
	3.10547 9.60107,
	3.09033 9.59215,
	3.07708 9.58134,
	3.06605 9.56893,
	3.05753 9.55522,
	3.05173 9.54057,
	"/>
</Transform>

<Transform dim="0"
 xcoef=" 0 1 0 0 0 0"
 ycoef=" 0 0 1 0 0 0">
<Contour name="D019" hidden="false" closed="true" simplified="true" border="0 0 1" fill="0 0 1" mode="11"
 points="3.22056 6.85319,
	3.22238 6.83759,
	3.22781 6.82239,
	3.2367 6.80798,
	3.24883 6.79475,
	3.26387 6.78303,
	3.28143 6.77313,
	3.30108 6.7653,
	3.32228 6.75975,
	3.34451 6.75662,
	3.36717 6.75599,
	3.38969 6.75788,
	3.41147 6.76223,
	3.43196 6.76894,
	3.45063 6.77784,
	3.46699 6.78868,
	3.48061 6.8012,
	3.49115 6.81506,
	3.49834 6.82991,
	3.50197 6.84537,
	3.50197 6.86102,
	3.49834 6.87648,
	3.49115 6.89133,
	3.48061 6.90519,
	3.46699 6.9177,
	3.45063 6.92855,
	3.43196 6.93744,
	3.41147 6.94416,
	3.38969 6.94851,
	3.36717 6.9504,
	3.34451 6.94977,
	3.32228 6.94664,
	3.30108 6.94108,
	3.28143 6.93326,
	3.26387 6.92335,
	3.24883 6.91164,
	3.2367 6.8984,
	3.22781 6.884,
	"/>
</Transform>

<Transform dim="0"
 xcoef=" 0 1 0 0 0 0"
 ycoef=" 0 0 1 0 0 0">
<Contour name="D037" hidden="false" closed="true" simplified="true" border="0 0 1" fill="0 0 1" mode="11"
 points="9.41535 0.77904,
	9.41921 0.754957,
	9.43051 0.732586,
	9.44846 0.713515,
	9.47177 0.699101,
	9.49879 0.690367,
	9.52759 0.687935,
	9.55614 0.691977,
	9.58241 0.702205,
	9.60452 0.717894,
	9.6209 0.737928,
	9.6304 0.760883,
	9.63233 0.785129,
	9.62657 0.808942,
	9.61351 0.83063,
	9.59409 0.848652,
	9.56968 0.861727,
	9.54203 0.868927,
	9.51309 0.869739,
	9.48493 0.864106,
	9.45954 0.852428,
	9.43873 0.835534,
	9.42397 0.814627,
	"/>
</Transform>

<Transform dim="0"
 xcoef=" 0 1 0 0 0 0"
 ycoef=" 0 0 1 0 0 0">
<Contour name="D020" hidden="false" closed="true" simplified="true" border="0 0 1" fill="0 0 1" mode="11"
 points="9.77795 6.15793,
	9.7799 6.1335,
	9.78568 6.10996,
	9.79507 6.08815,
	9.80774 6.06886,
	9.82323 6.05279,
	9.84099 6.04053,
	9.86036 6.0325,
	9.88065 6.02901,
	9.90112 6.03018,
	9.92105 6.03596,
	9.93969 6.04615,
	9.95639 6.06039,
	9.97053 6.07814,
	9.98162 6.09879,
	9.98924 6.12156,
	9.99312 6.14566,
	9.99312 6.17019,
	9.98924 6.19429,
	9.98162 6.21707,
	9.97053 6.23771,
	9.95639 6.25546,
	9.93969 6.2697,
	9.92105 6.27989,
	9.90112 6.28567,
	9.88065 6.28684,
	9.86036 6.28335,
	9.84099 6.27532,
	9.82323 6.26306,
	9.80774 6.24699,
	9.79507 6.2277,
	9.78568 6.20589,
	"/>
</Transform>

<Transform dim="0"
 xcoef=" 0 1 0 0 0 0"
 ycoef=" 0 0 1 0 0 0">
<Contour name="D022" hidden="false" closed="true" simplified="true" border="0 0 1" fill="0 0 1" mode="11"
 points="18.3872 3.05393,
	18.3898 3.0337,
	18.3974 3.01433,
	18.4097 2.99663,
	18.4262 2.98135,
	18.4462 2.96915,
	18.4689 2.96053,
	18.4932 2.95586,
	18.5182 2.95533,
	18.5428 2.95898,
	18.566 2.96664,
	18.5867 2.97799,
	18.6042 2.99256,
	18.6176 3.00972,
	18.6264 3.02875,
	18.6303 3.04884,
	18.629 3.06915,
	18.6226 3.08882,
	18.6114 3.10701,
	18.5959 3.12296,
	18.5767 3.13599,
	18.5546 3.14554,
	18.5306 3.15123,
	18.5057 3.1528,
	18.4809 3.15019,
	18.4573 3.1435,
	18.4359 3.13303,
	18.4175 3.11922,
	18.403 3.10264,
	18.393 3.08401,
	"/>
</Transform>

</Section>