<?xml version="1.0"?>
<!DOCTYPE Section SYSTEM "section.dtd">

<Section index="115" thickness="0.052" alignLocked="true">
<Transform dim="1"
 xcoef=" 5.03678738544764 1 0 0 0 0"
 ycoef=" 9.47334175630298 0 1 0 0 0">
<Image mag="0.00201646" contrast="1.21551" brightness="-0.775" red="true" green="true" blue="true"
 src="115.tif_1.bmp" />
<Contour name="domain1" hidden="false" closed="true" simplified="false" border="1 0 1" fill="1 0 1" mode="11"
 points="0 0,
	12287 0,
	12287 12287,
	0 12287,
	"/>
</Transform>

<Transform dim="1"
 xcoef=" 5.03678738544764 1 0 0 0 0"
 ycoef=" 9.47334175630298 0 1 0 0 0">
<Contour name="D020" hidden="false" closed="true" simplified="true" border="0 0 1" fill="0 0 1" mode="13"
 points="15.392 15.8641,
	15.3927 15.8528,
	15.3947 15.8416,
	15.398 15.8306,
	15.4025 15.8201,
	15.4083 15.81,
	15.4152 15.8006,
	15.4232 15.792,
	15.4322 15.7842,
	15.442 15.7773,
	15.4526 15.7714,
	15.4638 15.7667,
	15.4755 15.763,
	15.4875 15.7606,
	15.4998 15.7594,
	15.5121 15.7594,
	15.5244 15.7606,
	15.5364 15.763,
	15.5481 15.7667,
	15.5593 15.7714,
	15.5699 15.7773,
	15.5797 15.7842,
	15.5887 15.792,
	15.5966 15.8006,
	15.6036 15.81,
	15.6093 15.8201,
	15.6139 15.8306,
	15.6172 15.8416,
	15.6192 15.8528,
	15.6199 15.8641,
	15.6192 15.8754,
	15.6172 15.8867,
	15.6139 15.8976,
	15.6093 15.9081,
	15.6036 15.9182,
	15.5966 15.9276,
	15.5887 15.9362,
	15.5797 15.944,
	15.5699 15.9509,
	15.5593 15.9568,
	15.5481 15.9615,
	15.5364 15.9652,
	15.5244 15.9676,
	15.5121 15.9688,
	15.4998 15.9688,
	15.4875 15.9676,
	15.4755 15.9652,
	15.4638 15.9615,
	15.4526 15.9568,
	15.442 15.9509,
	15.4322 15.944,
	15.4232 15.9362,
	15.4152 15.9276,
	15.4083 15.9182,
	15.4025 15.9081,
	15.398 15.8976,
	15.3947 15.8867,
	"/>
</Transform>

<Transform dim="1"
 xcoef=" 0.0367873854476438 1 0 0 0 0"
 ycoef=" 0.323341756302974 0 1 0 0 0">
<Contour name="D054" hidden="false" closed="true" simplified="true" border="0 0 1" fill="0 0 1" mode="13"
 points="2.04655 1.39275,
	2.04866 1.37329,
	2.05489 1.35464,
	2.06499 1.33754,
	2.07855 1.32271,
	2.09501 1.31074,
	2.11369 1.30213,
	2.13384 1.29723,
	2.15463 1.29624,
	2.1752 1.2992,
	2.19472 1.30599,
	2.21238 1.31633,
	2.22747 1.3298,
	2.23936 1.34585,
	2.24756 1.36382,
	2.25175 1.38297,
	2.25175 1.40252,
	2.24756 1.42167,
	2.23936 1.43964,
	2.22747 1.45569,
	2.21238 1.46916,
	2.19472 1.4795,
	2.1752 1.48629,
	2.15463 1.48925,
	2.13384 1.48826,
	2.11369 1.48336,
	2.09501 1.47475,
	2.07855 1.46278,
	2.06499 1.44795,
	2.05489 1.43085,
	2.04866 1.4122,
	"/>
</Transform>

<Transform dim="1"
 xcoef=" 0.0367873854476438 1 0 0 0 0"
 ycoef=" 0.323341756302974 0 1 0 0 0">
<Contour name="D019" hidden="false" closed="true" simplified="true" border="0 0 1" fill="0 0 1" mode="13"
 points="4.79152 4.69114,
	4.79304 4.6746,
	4.79758 4.6584,
	4.80505 4.64285,
	4.8153 4.62825,
	4.82812 4.61491,
	4.84326 4.60309,
	4.86042 4.59302,
	4.87925 4.5849,
	4.89939 4.5789,
	4.92042 4.57513,
	4.94194 4.57367,
	4.96352 4.57455,
	4.98471 4.57774,
	5.00511 4.5832,
	5.02431 4.5908,
	5.04192 4.6004,
	5.05759 4.61181,
	5.07102 4.62479,
	5.08193 4.6391,
	5.09011 4.65444,
	5.0954 4.67051,
	5.09768 4.68699,
	5.09692 4.70355,
	5.09312 4.71987,
	5.08638 4.73562,
	5.07681 4.75048,
	5.06461 4.76416,
	5.05002 4.77638,
	5.03334 4.78691,
	5.01489 4.79553,
	4.99504 4.80208,
	4.97419 4.80642,
	4.95275 4.80846,
	4.93115 4.80817,
	4.90982 4.80554,
	4.88918 4.80065,
	4.86965 4.79357,
	4.85161 4.78445,
	4.83542 4.77348,
	4.8214 4.76086,
	4.80984 4.74686,
	4.80096 4.73175,
	4.79494 4.71583,
	"/>
</Transform>

<Transform dim="1"
 xcoef=" 0.0367873854476438 1 0 0 0 0"
 ycoef=" 0.323341756302974 0 1 0 0 0">
<Contour name="D023" hidden="false" closed="true" simplified="true" border="0 0 1" fill="0 0 1" mode="13"
 points="8.15793 2.28387,
	8.15922 2.26388,
	8.16305 2.24428,
	8.16934 2.2255,
	8.17797 2.2079,
	8.18876 2.19185,
	8.20149 2.17767,
	8.2159 2.16565,
	8.2317 2.15604,
	8.24857 2.14904,
	8.26617 2.14477,
	8.28412 2.14334,
	8.30208 2.14477,
	8.31968 2.14904,
	8.33655 2.15604,
	8.35235 2.16565,
	8.36676 2.17767,
	8.37949 2.19185,
	8.39028 2.2079,
	8.39891 2.2255,
	8.4052 2.24428,
	8.40903 2.26388,
	8.41032 2.28387,
	8.40903 2.30387,
	8.4052 2.32347,
	8.39891 2.34225,
	8.39028 2.35985,
	8.37949 2.3759,
	8.36676 2.39008,
	8.35235 2.4021,
	8.33655 2.41171,
	8.31968 2.41871,
	8.30208 2.42298,
	8.28412 2.42441,
	8.26617 2.42298,
	8.24857 2.41871,
	8.2317 2.41171,
	8.2159 2.4021,
	8.20149 2.39008,
	8.18876 2.3759,
	8.17797 2.35985,
	8.16934 2.34225,
	8.16305 2.32347,
	8.15922 2.30387,
	"/>
</Transform>

<Transform dim="1"
 xcoef=" 0.0367873854476438 1 0 0 0 0"
 ycoef=" 0.323341756302974 0 1 0 0 0">
<Contour name="D021" hidden="false" closed="true" simplified="true" border="0 0 1" fill="0 0 1" mode="13"
 points="5.91636 7.46994,
	5.91749 7.45242,
	5.92084 7.43524,
	5.92636 7.41874,
	5.93393 7.40323,
	5.94341 7.38902,
	5.95461 7.37639,
	5.96732 7.36558,
	5.98129 7.3568,
	5.99625 7.35022,
	6.0119 7.34597,
	6.02794 7.34413,
	6.04406 7.34474,
	6.05994 7.34779,
	6.07528 7.35322,
	6.08978 7.36092,
	6.10315 7.37074,
	6.11513 7.38249,
	6.1255 7.39595,
	6.13405 7.41084,
	6.14061 7.42688,
	6.14505 7.44377,
	6.1473 7.46116,
	6.1473 7.47872,
	6.14505 7.49611,
	6.14061 7.513,
	6.13405 7.52904,
	6.1255 7.54393,
	6.11513 7.55739,
	6.10315 7.56914,
	6.08978 7.57896,
	6.07528 7.58666,
	6.05994 7.59209,
	6.04406 7.59514,
	6.02794 7.59575,
	6.0119 7.59391,
	5.99625 7.58966,
	5.98129 7.58308,
	5.96732 7.5743,
	5.95461 7.56349,
	5.94341 7.55086,
	5.93393 7.53665,
	5.92636 7.52114,
	5.92084 7.50464,
	"/>
</Transform>

<Transform dim="1"
 xcoef=" 0.0367873854476438 1 0 0 0 0"
 ycoef=" 0.323341756302974 0 1 0 0 0">
<Contour name="D025" hidden="false" closed="true" simplified="true" border="0 0 1" fill="0 0 1" mode="13"
 points="3.56412 4.20454,
	3.56499 4.19044,
	3.56761 4.17656,
	3.57194 4.16309,
	3.5779 4.15024,
	3.58541 4.13819,
	3.59436 4.12714,
	3.60462 4.11723,
	3.61602 4.10862,
	3.62842 4.10143,
	3.64161 4.09578,
	3.6554 4.09175,
	3.66959 4.08939,
	3.68397 4.08874,
	3.69833 4.08982,
	3.71244 4.0926,
	3.7261 4.09705,
	3.73911 4.10309,
	3.75127 4.11064,
	3.76241 4.11959,
	3.77235 4.1298,
	3.78095 4.14112,
	3.78809 4.15338,
	3.79365 4.16641,
	3.79755 4.18,
	3.79974 4.19396,
	3.80017 4.20807,
	3.79886 4.22213,
	3.79581 4.23593,
	3.79107 4.24926,
	3.78471 4.26193,
	3.77683 4.27375,
	3.76754 4.28453,
	3.75698 4.29413,
	3.74531 4.30239,
	3.7327 4.3092,
	3.71934 4.31446,
	3.70543 4.31808,
	3.69117 4.32001,
	3.67677 4.32022,
	3.66246 4.31872,
	3.64844 4.31552,
	3.63492 4.31067,
	3.62211 4.30424,
	3.61019 4.29632,
	3.59933 4.28705,
	3.58971 4.27655,
	3.58147 4.26497,
	3.57472 4.2525,
	3.56957 4.23932,
	3.56609 4.22561,
	"/>
</Transform>

<Transform dim="1"
 xcoef=" 0.0367873854476438 1 0 0 0 0"
 ycoef=" 0.323341756302974 0 1 0 0 0">
<Contour name="D028" hidden="false" closed="true" simplified="true" border="0 0 1" fill="0 0 1" mode="13"
 points="6.55283 7.31475,
	6.55321 7.30624,
	6.55435 7.29778,
	6.55623 7.28941,
	6.55886 7.28119,
	6.56222 7.27316,
	6.56627 7.26537,
	6.57102 7.25785,
	6.57642 7.25065,
	6.58244 7.24382,
	6.58906 7.23739,
	6.59623 7.2314,
	6.60392 7.22588,
	6.61207 7.22086,
	6.62065 7.21638,
	6.62961 7.21245,
	6.63889 7.2091,
	6.64844 7.20634,
	6.65821 7.2042,
	6.66815 7.20269,
	6.67819 7.20181,
	6.68828 7.20157,
	6.69836 7.20197,
	6.70838 7.20301,
	6.71828 7.20468,
	6.728 7.20697,
	6.73749 7.20988,
	6.7467 7.21338,
	6.75556 7.21745,
	6.76404 7.22207,
	6.77208 7.22721,
	6.77965 7.23286,
	6.78668 7.23896,
	6.79316 7.2455,
	6.79903 7.25242,
	6.80427 7.2597,
	6.80884 7.26729,
	6.81273 7.27515,
	6.8159 7.28323,
	6.81834 7.29149,
	6.82004 7.29988,
	6.82099 7.30836,
	6.82118 7.31687,
	6.82061 7.32538,
	6.81929 7.33382,
	6.81721 7.34215,
	6.8144 7.35033,
	6.81087 7.3583,
	6.80664 7.36603,
	6.80173 7.37347,
	6.79617 7.38058,
	6.78999 7.38731,
	6.78323 7.39364,
	6.77593 7.39952,
	6.76812 7.40491,
	6.75985 7.4098,
	6.75118 7.41415,
	6.74213 7.41794,
	6.73278 7.42114,
	6.72317 7.42374,
	6.71335 7.42572,
	6.70338 7.42708,
	6.69333 7.4278,
	6.68323 7.42788,
	6.67316 7.42732,
	6.66316 7.42612,
	6.6533 7.42429,
	6.64364 7.42185,
	6.63421 7.41879,
	6.62509 7.41515,
	6.61631 7.41094,
	6.60794 7.40618,
	6.60001 7.40091,
	6.59258 7.39515,
	6.58568 7.38894,
	6.57935 7.3823,
	6.57364 7.37528,
	6.56856 7.36792,
	6.56416 7.36026,
	6.56045 7.35234,
	6.55746 7.34421,
	6.5552 7.33591,
	6.55368 7.32749,
	"/>
</Transform>

<Transform dim="1"
 xcoef=" 0.0367873854476438 1 0 0 0 0"
 ycoef=" 0.323341756302974 0 1 0 0 0">
<Contour name="D032" hidden="false" closed="true" simplified="true" border="0 0 1" fill="0 0 1" mode="13"
 points="4.95063 0.732856,
	4.95231 0.700197,
	4.95731 0.668832,
	4.96542 0.640007,
	4.97631 0.614863,
	4.98956 0.594399,
	5.00465 0.579425,
	5.02096 0.570535,
	5.03786 0.568082,
	5.05468 0.572163,
	5.07075 0.582617,
	5.08543 0.599028,
	5.09814 0.620746,
	5.10837 0.64691,
	5.11572 0.676483,
	5.11991 0.70829,
	5.12075 0.741072,
	5.11822 0.773528,
	5.11243 0.804371,
	5.10359 0.832378,
	5.09206 0.856439,
	5.0783 0.875599,
	5.06285 0.889099,
	5.04633 0.896402,
	5.02938 0.897221,
	5.01269 0.891521,
	4.99691 0.87953,
	4.98267 0.861722,
	4.97054 0.838804,
	4.96099 0.811685,
	4.95441 0.781439,
	"/>
</Transform>

<Transform dim="1"
 xcoef=" 0.0367873854476438 1 0 0 0 0"
 ycoef=" 0.323341756302974 0 1 0 0 0">
<Contour name="D041" hidden="false" closed="true" simplified="true" border="0 0 1" fill="0 0 1" mode="13"
 points="7.9375 0.525353,
	7.93992 0.506541,
	7.94708 0.488475,
	7.95871 0.471872,
	7.97433 0.457389,
	7.99334 0.445601,
	8.01497 0.436976,
	8.03837 0.431856,
	8.06261 0.430443,
	8.08673 0.432794,
	8.10977 0.438815,
	8.13082 0.448268,
	8.14904 0.460778,
	8.16372 0.475848,
	8.17427 0.492882,
	8.18026 0.511203,
	8.18148 0.530085,
	8.17785 0.54878,
	8.16954 0.566546,
	8.15687 0.582678,
	8.14033 0.596537,
	8.1206 0.607573,
	8.09844 0.615349,
	8.07474 0.619556,
	8.05044 0.620027,
	8.0265 0.616744,
	8.00388 0.609837,
	7.98346 0.59958,
	7.96606 0.586379,
	7.95236 0.570758,
	7.94292 0.553337,
	"/>
</Transform>

<Transform dim="1"
 xcoef=" 0.0367873854476438 1 0 0 0 0"
 ycoef=" 0.323341756302974 0 1 0 0 0">
<Contour name="D043" hidden="false" closed="true" simplified="true" border="0 0 1" fill="0 0 1" mode="13"
 points="1.29821 8.49345,
	1.29913 8.48305,
	1.30188 8.47284,
	1.30642 8.463,
	1.31265 8.45372,
	1.32046 8.44516,
	1.32972 8.43748,
	1.34025 8.43082,
	1.35185 8.42531,
	1.36433 8.42104,
	1.37745 8.41808,
	1.39097 8.4165,
	1.40465 8.41633,
	1.41823 8.41756,
	1.43147 8.42017,
	1.44413 8.42412,
	1.45598 8.42933,
	1.46679 8.43572,
	1.47638 8.44315,
	1.48457 8.4515,
	1.49121 8.46062,
	1.49617 8.47034,
	1.49938 8.48047,
	1.50076 8.49085,
	1.5003 8.50127,
	1.498 8.51154,
	1.49391 8.52149,
	1.48809 8.53093,
	1.48066 8.53969,
	1.47175 8.5476,
	1.46152 8.55452,
	1.45017 8.56033,
	1.43789 8.56492,
	1.42491 8.56821,
	1.41146 8.57014,
	1.3978 8.57067,
	1.38417 8.56979,
	1.37082 8.56752,
	1.358 8.5639,
	1.34593 8.55899,
	1.33483 8.55289,
	1.32492 8.54571,
	1.31637 8.53757,
	1.30933 8.52863,
	1.30393 8.51905,
	1.30028 8.509,
	"/>
</Transform>

<Transform dim="1"
 xcoef=" 0.0367873854476438 1 0 0 0 0"
 ycoef=" 0.323341756302974 0 1 0 0 0">
<Contour name="D044" hidden="false" closed="true" simplified="true" border="0 0 1" fill="0 0 1" mode="13"
 points="1.90214 7.54126,
	1.90441 7.52608,
	1.91117 7.51137,
	1.9222 7.49759,
	1.93716 7.48518,
	1.95558 7.47452,
	1.97689 7.46594,
	2.00041 7.45972,
	2.02542 7.45605,
	2.05112 7.45504,
	2.07673 7.45672,
	2.10144 7.46105,
	2.12447 7.46788,
	2.14512 7.477,
	2.16272 7.48813,
	2.17674 7.50092,
	2.18673 7.51497,
	2.19238 7.52985,
	2.19352 7.54508,
	2.19011 7.56019,
	2.18226 7.57471,
	2.17021 7.58818,
	2.15433 7.60019,
	2.13514 7.61036,
	2.11321 7.61836,
	2.08925 7.62396,
	2.06399 7.62698,
	2.03823 7.62732,
	2.01278 7.62496,
	1.98842 7.62,
	1.96591 7.61257,
	1.94597 7.60292,
	1.92922 7.59134,
	1.91617 7.57819,
	1.90724 7.56389,
	"/>
</Transform>

<Transform dim="1"
 xcoef=" 0.0367873854476438 1 0 0 0 0"
 ycoef=" 0.323341756302974 0 1 0 0 0">
<Contour name="D045" hidden="false" closed="true" simplified="true" border="0 0 1" fill="0 0 1" mode="13"
 points="3.06074 8.47645,
	3.06241 8.45868,
	3.06735 8.44147,
	3.07542 8.42535,
	3.08636 8.41083,
	3.09983 8.39836,
	3.1154 8.38832,
	3.1326 8.38105,
	3.15089 8.37675,
	3.16969 8.37556,
	3.18842 8.37753,
	3.20648 8.38259,
	3.22333 8.39059,
	3.23842 8.40126,
	3.2513 8.41428,
	3.26155 8.42925,
	3.26885 8.44569,
	3.27299 8.46309,
	3.27382 8.48091,
	3.27133 8.49859,
	3.26558 8.51558,
	3.25677 8.53134,
	3.24516 8.54539,
	3.23113 8.55729,
	3.21509 8.56666,
	3.19757 8.57321,
	3.1791 8.57674,
	3.16026 8.57713,
	3.14165 8.57438,
	3.12383 8.56857,
	3.10738 8.55988,
	3.0928 8.54859,
	3.08055 8.53503,
	3.07101 8.51965,
	3.06447 8.50292,
	"/>
</Transform>

<Transform dim="1"
 xcoef=" 0.0367873854476438 1 0 0 0 0"
 ycoef=" 0.323341756302974 0 1 0 0 0">
<Contour name="D046" hidden="false" closed="true" simplified="true" border="0 0 1" fill="0 0 1" mode="13"
 points="12.6438 2.6764,
	12.6451 2.6624,
	12.6491 2.64875,
	12.6556 2.63578,
	12.6645 2.6238,
	12.6756 2.61313,
	12.6885 2.60401,
	12.703 2.59667,
	12.7188 2.5913,
	12.7353 2.58802,
	12.7523 2.58692,
	12.7693 2.58802,
	12.7858 2.5913,
	12.8016 2.59667,
	12.8161 2.60401,
	12.829 2.61313,
	12.8401 2.6238,
	12.849 2.63578,
	12.8555 2.64875,
	12.8595 2.6624,
	12.8608 2.6764,
	12.8595 2.6904,
	12.8555 2.70406,
	12.849 2.71703,
	12.8401 2.729,
	12.829 2.73968,
	12.8161 2.7488,
	12.8016 2.75614,
	12.7858 2.76151,
	12.7693 2.76479,
	12.7523 2.76589,
	12.7353 2.76479,
	12.7188 2.76151,
	12.703 2.75614,
	12.6885 2.7488,
	12.6756 2.73968,
	12.6645 2.729,
	12.6556 2.71703,
	12.6491 2.70406,
	"/>
</Transform>

<Transform dim="1"
 xcoef=" 0.0367873854476438 1 0 0 0 0"
 ycoef=" 0.323341756302974 0 1 0 0 0">
<Contour name="D047" hidden="false" closed="true" simplified="true" border="0 0 1" fill="0 0 1" mode="13"
 points="3.98516 4.19869,
	3.98671 4.14334,
	3.99128 4.09086,
	3.99865 4.04399,
	4.00841 4.00517,
	4.02008 3.9764,
	4.03303 3.95918,
	4.0466 3.95441,
	4.06008 3.96234,
	4.07277 3.98255,
	4.08401 4.014,
	4.09322 4.05505,
	4.09992 4.10356,
	4.10375 4.15702,
	4.10453 4.21264,
	4.10221 4.26753,
	4.09691 4.31885,
	4.0889 4.36393,
	4.07861 4.40041,
	4.06656 4.42641,
	4.05339 4.44057,
	4.03978 4.44216,
	4.02643 4.4311,
	4.01404 4.40796,
	4.00326 4.37393,
	3.99464 4.3308,
	3.98863 4.28081,
	"/>
</Transform>

<Transform dim="1"
 xcoef=" 0.0367873854476438 1 0 0 0 0"
 ycoef=" 0.323341756302974 0 1 0 0 0">
<Contour name="D034" hidden="false" closed="true" simplified="true" border="0 0 1" fill="0 0 1" mode="13"
 points="9.47098 3.00545,
	9.47201 2.98917,
	9.4751 2.97322,
	9.48017 2.95793,
	9.48712 2.9436,
	9.49582 2.93053,
	9.50608 2.91899,
	9.51769 2.9092,
	9.53043 2.90138,
	9.54403 2.89568,
	9.5582 2.89221,
	9.57268 2.89104,
	9.58715 2.89221,
	9.60133 2.89568,
	9.61492 2.90138,
	9.62766 2.9092,
	9.63928 2.91899,
	9.64954 2.93053,
	9.65823 2.9436,
	9.66519 2.95793,
	9.67026 2.97322,
	9.67334 2.98917,
	9.67438 3.00545,
	9.67334 3.02174,
	9.67026 3.03769,
	9.66519 3.05298,
	9.65823 3.06731,
	9.64954 3.08038,
	9.63928 3.09192,
	9.62766 3.1017,
	9.61492 3.10953,
	9.60133 3.11523,
	9.58715 3.1187,
	9.57268 3.11987,
	9.5582 3.1187,
	9.54403 3.11523,
	9.53043 3.10953,
	9.51769 3.1017,
	9.50608 3.09192,
	9.49582 3.08038,
	9.48712 3.06731,
	9.48017 3.05298,
	9.4751 3.03769,
	9.47201 3.02174,
	"/>
</Transform>

<Transform dim="1"
 xcoef=" 0.0367873854476438 1 0 0 0 0"
 ycoef=" 0.323341756302974 0 1 0 0 0">
<Contour name="D035" hidden="false" closed="true" simplified="true" border="0 0 1" fill="0 0 1" mode="13"
 points="6.9745 2.82155,
	6.9752 2.81161,
	6.9773 2.8018,
	6.98076 2.79226,
	6.98555 2.78312,
	6.99159 2.77449,
	6.9988 2.7665,
	7.00709 2.75926,
	7.01634 2.75286,
	7.02643 2.74739,
	7.03723 2.74292,
	7.04858 2.73951,
	7.06033 2.73722,
	7.07233 2.73606,
	7.0844 2.73606,
	7.0964 2.73722,
	7.10815 2.73951,
	7.1195 2.74292,
	7.1303 2.74739,
	7.14039 2.75286,
	7.14964 2.75926,
	7.15793 2.7665,
	7.16514 2.77449,
	7.17118 2.78312,
	7.17597 2.79226,
	7.17943 2.8018,
	7.18153 2.81161,
	7.18223 2.82155,
	7.18153 2.83149,
	7.17943 2.84129,
	7.17597 2.85083,
	7.17118 2.85998,
	7.16514 2.8686,
	7.15793 2.87659,
	7.14964 2.88383,
	7.14039 2.89023,
	7.1303 2.8957,
	7.1195 2.90017,
	7.10815 2.90358,
	7.0964 2.90587,
	7.0844 2.90703,
	7.07233 2.90703,
	7.06033 2.90587,
	7.04858 2.90358,
	7.03723 2.90017,
	7.02643 2.8957,
	7.01634 2.89023,
	7.00709 2.88383,
	6.9988 2.87659,
	6.99159 2.8686,
	6.98555 2.85998,
	6.98076 2.85083,
	6.9773 2.84129,
	"/>
</Transform>

<Transform dim="1"
 xcoef=" 0.0367873854476438 1 0 0 0 0"
 ycoef=" 0.323341756302974 0 1 0 0 0">
<Contour name="D036" hidden="false" closed="true" simplified="true" border="0 0 1" fill="0 0 1" mode="13"
 points="14.3693 -0.45839,
	14.3704 -0.475499,
	14.374 -0.492176,
	14.3797 -0.508001,
	14.3876 -0.522572,
	14.3974 -0.535523,
	14.4088 -0.546526,
	14.4216 -0.555304,
	14.4355 -0.561635,
	14.45 -0.56536,
	14.4649 -0.566383,
	14.4797 -0.564679,
	14.4941 -0.560292,
	14.5077 -0.553332,
	14.5202 -0.543974,
	14.5313 -0.532456,
	14.5406 -0.519067,
	14.548 -0.504147,
	14.5532 -0.488071,
	14.5561 -0.471246,
	14.5567 -0.454096,
	14.5549 -0.437054,
	14.5509 -0.420551,
	14.5445 -0.405004,
	14.5362 -0.390804,
	14.526 -0.378312,
	14.5141 -0.36784,
	14.5011 -0.359656,
	14.487 -0.353964,
	14.4723 -0.350909,
	14.4574 -0.350568,
	14.4427 -0.352949,
	14.4284 -0.357992,
	14.4151 -0.365571,
	14.4029 -0.375493,
	14.3923 -0.387508,
	14.3834 -0.401313,
	14.3766 -0.416559,
	14.3719 -0.432861,
	"/>
</Transform>

<Transform dim="1"
 xcoef=" 0.0367873854476438 1 0 0 0 0"
 ycoef=" 0.323341756302974 0 1 0 0 0">
<Contour name="D039" hidden="false" closed="true" simplified="true" border="0 0 1" fill="0 0 1" mode="13"
 points="8.72632 1.74944,
	8.72727 1.73221,
	8.73007 1.71533,
	8.73469 1.69915,
	8.74103 1.684,
	8.74895 1.67017,
	8.75829 1.65796,
	8.76887 1.64761,
	8.78047 1.63933,
	8.79285 1.6333,
	8.80577 1.62962,
	8.81895 1.62839,
	8.83213 1.62962,
	8.84504 1.6333,
	8.85743 1.63933,
	8.86902 1.64761,
	8.8796 1.65796,
	8.88895 1.67017,
	8.89687 1.684,
	8.9032 1.69915,
	8.90782 1.71533,
	8.91063 1.73221,
	8.91157 1.74944,
	8.91063 1.76666,
	8.90782 1.78354,
	8.9032 1.79972,
	8.89687 1.81488,
	8.88895 1.8287,
	8.8796 1.84092,
	8.86902 1.85127,
	8.85743 1.85954,
	8.84504 1.86558,
	8.83213 1.86925,
	8.81895 1.87048,
	8.80577 1.86925,
	8.79285 1.86558,
	8.78047 1.85954,
	8.76887 1.85127,
	8.75829 1.84092,
	8.74895 1.8287,
	8.74103 1.81488,
	8.73469 1.79972,
	8.73007 1.78354,
	8.72727 1.76666,
	"/>
</Transform>

<Transform dim="1"
 xcoef=" 0.0367873854476438 1 0 0 0 0"
 ycoef=" 0.323341756302974 0 1 0 0 0">
<Contour name="D049" hidden="false" closed="true" simplified="true" border="0 0 1" fill="0 0 1" mode="13"
 points="10.0452 2.1849,
	10.0462 2.1732,
	10.049 2.16175,
	10.0538 2.1508,
	10.0602 2.14057,
	10.0683 2.13129,
	10.0779 2.12315,
	10.0886 2.11633,
	10.1004 2.11096,
	10.1129 2.10718,
	10.1259 2.10505,
	10.1391 2.10462,
	10.1523 2.1059,
	10.1651 2.10887,
	10.1772 2.11346,
	10.1885 2.11956,
	10.1987 2.12707,
	10.2075 2.1358,
	10.2148 2.14558,
	10.2204 2.1562,
	10.2243 2.16743,
	10.2262 2.17903,
	10.2262 2.19076,
	10.2243 2.20236,
	10.2204 2.21359,
	10.2148 2.22421,
	10.2075 2.23399,
	10.1987 2.24273,
	10.1885 2.25023,
	10.1772 2.25634,
	10.1651 2.26092,
	10.1523 2.26389,
	10.1391 2.26517,
	10.1259 2.26475,
	10.1129 2.26261,
	10.1004 2.25883,
	10.0886 2.25347,
	10.0779 2.24664,
	10.0683 2.2385,
	10.0602 2.22922,
	10.0538 2.21899,
	10.049 2.20804,
	10.0462 2.19659,
	"/>
</Transform>

<Transform dim="1"
 xcoef=" 0.0367873854476438 1 0 0 0 0"
 ycoef=" 0.323341756302974 0 1 0 0 0">
<Contour name="D055" hidden="false" closed="true" simplified="true" border="0 0 1" fill="0 0 1" mode="13"
 points="1.24794 2.51334,
	1.24844 2.50155,
	1.24995 2.4899,
	1.25244 2.47855,
	1.25588 2.46764,
	1.26024 2.4573,
	1.26545 2.44767,
	1.27144 2.43886,
	1.27815 2.43099,
	1.28549 2.42416,
	1.29337 2.41845,
	1.30168 2.41393,
	1.31033 2.41066,
	1.3192 2.40868,
	1.32818 2.40802,
	1.33717 2.40868,
	1.34604 2.41066,
	1.35469 2.41393,
	1.363 2.41845,
	1.37088 2.42416,
	1.37822 2.43099,
	1.38493 2.43886,
	1.39092 2.44767,
	1.39613 2.4573,
	1.40048 2.46764,
	1.40393 2.47855,
	1.40642 2.4899,
	1.40792 2.50155,
	1.40843 2.51334,
	1.40792 2.52513,
	1.40642 2.53678,
	1.40393 2.54812,
	1.40048 2.55904,
	1.39613 2.56937,
	1.39092 2.57901,
	1.38493 2.58781,
	1.37822 2.59568,
	1.37088 2.60252,
	1.363 2.60823,
	1.35469 2.61275,
	1.34604 2.61602,
	1.33717 2.618,
	1.32818 2.61866,
	1.3192 2.618,
	1.31033 2.61602,
	1.30168 2.61275,
	1.29337 2.60823,
	1.28549 2.60252,
	1.27815 2.59568,
	1.27144 2.58781,
	1.26545 2.57901,
	1.26024 2.56937,
	1.25588 2.55904,
	1.25244 2.54812,
	1.24995 2.53678,
	"/>
</Transform>

<Transform dim="1"
 xcoef=" 0.0367873854476438 1 0 0 0 0"
 ycoef=" 0.323341756302974 0 1 0 0 0">
<Contour name="D049_ax03" hidden="false" closed="true" simplified="false" border="0 1 1" fill="0 1 1" mode="11"
 points="10.8286 0.595466,
	10.8404 0.583685,
	10.7933 0.536562,
	10.805 0.524781,
	10.8522 0.571905,
	10.864 0.560124,
	10.864 0.595466,
	"/>
</Transform>

<Transform dim="1"
 xcoef=" 0.0367873854476438 1 0 0 0 0"
 ycoef=" 0.323341756302974 0 1 0 0 0">
<Contour name="D057" hidden="false" closed="true" simplified="true" border="0 0 1" fill="0 0 1" mode="11"
 points="6.81529 9.26967,
	6.81586 9.25766,
	6.81758 9.24576,
	6.82041 9.23409,
	6.82434 9.22276,
	6.82933 9.21187,
	6.83533 9.20153,
	6.84228 9.19183,
	6.85012 9.18288,
	6.85878 9.17474,
	6.86817 9.16751,
	6.8782 9.16124,
	6.88878 9.15601,
	6.89981 9.15185,
	6.91118 9.14881,
	6.92279 9.14691,
	6.93452 9.14618,
	6.94626 9.14662,
	6.95791 9.14822,
	6.96935 9.15098,
	6.98047 9.15486,
	6.99117 9.15984,
	7.00135 9.16585,
	7.01091 9.17285,
	7.01976 9.18076,
	7.02781 9.18952,
	7.03499 9.19904,
	7.04124 9.20923,
	7.04648 9.21999,
	7.05068 9.23122,
	7.05379 9.24282,
	7.05579 9.25467,
	7.05664 9.26666,
	7.05636 9.27868,
	7.05493 9.29062,
	7.05237 9.30236,
	7.04872 9.31379,
	7.04399 9.3248,
	7.03824 9.33529,
	7.03151 9.34515,
	7.02389 9.3543,
	7.01543 9.36265,
	7.00621 9.37011,
	6.99633 9.37662,
	6.98588 9.38212,
	6.97496 9.38656,
	6.96366 9.38988,
	6.9521 9.39206,
	6.94039 9.39309,
	6.92864 9.39294,
	6.91696 9.39163,
	6.90546 9.38915,
	6.89425 9.38555,
	6.88343 9.38085,
	6.87311 9.37509,
	6.86339 9.36833,
	6.85436 9.36064,
	6.8461 9.35208,
	6.83869 9.34275,
	6.8322 9.33272,
	6.8267 9.32209,
	6.82224 9.31097,
	6.81885 9.29945,
	6.81658 9.28765,
	"/>
</Transform>

<Transform dim="1"
 xcoef=" 0.0367873854476438 1 0 0 0 0"
 ycoef=" 0.323341756302974 0 1 0 0 0">
<Contour name="D057 ax01" hidden="false" closed="true" simplified="false" border="0 1 1" fill="0 1 1" mode="-9"
 points="3.33209 6.96519,
	3.34794 6.94933,
	3.28452 6.88591,
	3.30038 6.87005,
	3.3638 6.93348,
	3.37966 6.91762,
	3.37966 6.96519,
	"/>
</Transform>

<Transform dim="1"
 xcoef=" 0.0367873854476438 1 0 0 0 0"
 ycoef=" 0.323341756302974 0 1 0 0 0">
<Contour name="d046_p22" hidden="false" closed="true" simplified="true" border="1 1 0" fill="1 1 0" mode="11"
 points="12.511 1.89471,
	12.5115 1.89133,
	12.5127 1.88794,
	12.514 1.88116,
	12.5144 1.87778,
	12.5144 1.87608,
	12.5153 1.87439,
	12.5165 1.86762,
	12.5178 1.86423,
	12.5182 1.86254,
	12.5191 1.86169,
	12.5216 1.85491,
	12.5297 1.84137,
	12.5343 1.83459,
	12.5356 1.8329,
	12.5356 1.83205,
	12.5394 1.8257,
	12.5419 1.81892,
	12.5428 1.81723,
	12.5428 1.81554,
	12.5441 1.81215,
	12.5445 1.80876,
	12.5453 1.80792,
	12.5466 1.80453,
	12.5513 1.79775,
	12.5551 1.79225,
	12.5576 1.78929,
	12.561 1.78675,
	12.5673 1.78378,
	12.5809 1.77997,
	12.5877 1.77786,
	12.5911 1.77658,
	12.5944 1.77616,
	12.5961 1.77531,
	12.6097 1.77489,
	12.6131 1.77489,
	12.6198 1.77616,
	12.6232 1.77658,
	12.63 1.77913,
	12.6317 1.77955,
	12.6326 1.77955,
	12.6334 1.7804,
	12.6402 1.78209,
	12.6537 1.78675,
	12.6554 1.78717,
	12.6563 1.78802,
	12.6698 1.79267,
	12.6715 1.79394,
	12.6749 1.79521,
	12.6817 1.79903,
	12.688 1.80411,
	12.6889 1.80411,
	12.6952 1.80919,
	12.7016 1.81511,
	12.7071 1.82147,
	12.7096 1.82443,
	12.7096 1.82528,
	12.7134 1.83163,
	12.7143 1.83501,
	12.7151 1.83671,
	12.716 1.86381,
	12.7168 1.87058,
	12.7185 1.87735,
	12.7193 1.8782,
	12.7202 1.88159,
	12.7202 1.88328,
	12.721 1.88498,
	12.7215 1.88836,
	12.7215 1.89006,
	12.7227 1.89344,
	12.724 1.90699,
	12.724 1.91377,
	12.7236 1.91715,
	12.7215 1.92393,
	12.7206 1.92477,
	12.7202 1.92647,
	12.7172 1.92986,
	12.7138 1.9324,
	12.7109 1.93578,
	12.7092 1.93917,
	12.7083 1.94002,
	12.7037 1.95357,
	12.702 1.96711,
	12.702 1.98066,
	12.702 1.98744,
	12.702 1.99083,
	12.7003 1.9976,
	12.6978 2.00437,
	12.6973 2.00607,
	12.6973 2.00691,
	12.6961 2.00861,
	12.6961 2.0103,
	12.6948 2.012,
	12.6944 2.01369,
	12.6935 2.01454,
	12.6935 2.01538,
	12.6893 2.02216,
	12.6872 2.02512,
	12.6872 2.02597,
	12.6821 2.03274,
	12.68 2.03613,
	12.677 2.03952,
	12.6707 2.0446,
	12.6698 2.04544,
	12.663 2.04798,
	12.6622 2.04798,
	12.6613 2.04883,
	12.6546 2.05052,
	12.6529 2.05095,
	12.652 2.05179,
	12.6453 2.05264,
	12.6182 2.05264,
	12.6114 2.05306,
	12.608 2.05306,
	12.6012 2.05095,
	12.5995 2.05052,
	12.5978 2.04925,
	12.5944 2.04798,
	12.5928 2.04756,
	12.586 2.04248,
	12.5826 2.03952,
	12.5813 2.03782,
	12.5796 2.03698,
	12.5762 2.03401,
	12.5712 2.02851,
	12.5686 2.02597,
	12.5657 2.02258,
	12.5635 2.01919,
	12.5635 2.01835,
	12.5597 2.012,
	12.5585 2.00861,
	12.5576 2.00691,
	12.5576 2.00607,
	12.5568 2.00522,
	12.5521 1.99167,
	12.5504 1.9849,
	12.5458 1.97135,
	12.5449 1.96838,
	12.5432 1.965,
	12.5419 1.9633,
	12.539 1.95695,
	12.5352 1.9506,
	12.5237 1.93748,
	12.522 1.93451,
	12.5195 1.93113,
	12.5187 1.92943,
	12.5178 1.92901,
	12.5132 1.91546,
	12.511 1.90869,
	12.511 1.89514,
	"/>
</Transform>

<Transform dim="0"
 xcoef=" 0 1 0 0 0 0"
 ycoef=" 0 0 1 0 0 0">
<Contour name="d046" hidden="false" closed="true" simplified="true" border="1 1 0" fill="1 1 0" mode="11"
 points="12.4294 2.65047,
	12.4315 2.63831,
	12.4317 2.63679,
	12.4336 2.63071,
	12.4358 2.61855,
	12.4393 2.60639,
	12.4395 2.60487,
	12.4391 2.59879,
	12.4357 2.58663,
	12.4341 2.58055,
	12.4334 2.57751,
	12.4326 2.5532,
	12.4324 2.54712,
	12.433 2.53496,
	12.4345 2.5228,
	12.4349 2.51672,
	12.4351 2.51368,
	12.4374 2.50152,
	12.4387 2.49544,
	12.4395 2.48936,
	12.4415 2.48328,
	12.4427 2.48024,
	12.4442 2.46808,
	12.4446 2.462,
	12.4448 2.45896,
	12.4444 2.45288,
	12.4444 2.44984,
	12.4425 2.43768,
	12.4421 2.43464,
	12.4417 2.41032,
	12.4419 2.40424,
	12.4433 2.39208,
	12.4469 2.37992,
	12.4472 2.37688,
	12.4488 2.37536,
	12.4507 2.36928,
	12.4626 2.34496,
	12.4754 2.32064,
	12.4788 2.31456,
	12.4803 2.31152,
	12.4879 2.29936,
	12.4921 2.29328,
	12.4942 2.29024,
	12.5004 2.27808,
	12.5039 2.272,
	12.5056 2.26896,
	12.5069 2.26592,
	12.5086 2.25984,
	12.5147 2.24768,
	12.516 2.24464,
	12.5168 2.2416,
	12.517 2.24084,
	12.5185 2.23932,
	12.5196 2.23628,
	12.5215 2.23324,
	12.5272 2.22108,
	12.5398 2.19676,
	12.543 2.19068,
	12.5502 2.17852,
	12.554 2.17244,
	12.5561 2.1694,
	12.5656 2.15724,
	12.5778 2.14546,
	12.5808 2.14242,
	12.5869 2.13691,
	12.5991 2.12665,
	12.6051 2.12228,
	12.6082 2.12039,
	12.6203 2.11431,
	12.6219 2.11355,
	12.6226 2.11317,
	12.6287 2.11203,
	12.6317 2.11108,
	12.6561 2.10804,
	12.6682 2.10671,
	12.6743 2.10633,
	12.6865 2.10633,
	12.6925 2.10671,
	12.6941 2.10671,
	12.7184 2.11241,
	12.7245 2.11507,
	12.726 2.11583,
	12.7321 2.11754,
	12.7564 2.12247,
	12.7685 2.12513,
	12.7807 2.12608,
	12.7837 2.12627,
	12.7898 2.12722,
	12.7959 2.12874,
	12.7989 2.12874,
	12.8111 2.13121,
	12.8172 2.13273,
	12.8202 2.13349,
	12.8217 2.13349,
	12.8278 2.13634,
	12.84 2.14261,
	12.8461 2.14584,
	12.8491 2.14736,
	12.8552 2.15135,
	12.8582 2.15382,
	12.8643 2.15952,
	12.8704 2.16465,
	12.8825 2.17662,
	12.888 2.1827,
	12.8907 2.18574,
	12.8941 2.19182,
	12.9025 2.20398,
	12.9065 2.21006,
	12.9139 2.22222,
	12.92 2.23438,
	12.9228 2.24046,
	12.9236 2.24198,
	12.9274 2.25414,
	12.9277 2.25566,
	12.9306 2.26174,
	12.9319 2.26478,
	12.9325 2.2663,
	12.9329 2.26934,
	12.9331 2.27086,
	12.9418 2.29518,
	12.9439 2.30126,
	12.9448 2.3043,
	12.9452 2.30582,
	12.9568 2.33014,
	12.9597 2.33622,
	12.9621 2.3423,
	12.9627 2.34382,
	12.9646 2.34686,
	12.9682 2.35902,
	12.969 2.36206,
	12.9733 2.37422,
	12.9756 2.3803,
	12.9773 2.38638,
	12.9781 2.38942,
	12.9785 2.39246,
	12.9785 2.39322,
	12.9827 2.40538,
	12.9849 2.41146,
	12.9876 2.41754,
	12.9887 2.42058,
	12.9948 2.43274,
	12.998 2.43882,
	13.0051 2.45098,
	13.0083 2.45706,
	13.01 2.4601,
	13.0199 2.47226,
	13.0243 2.47834,
	13.0264 2.48138,
	13.0296 2.48746,
	13.0317 2.49354,
	13.0322 2.49658,
	13.0324 2.49962,
	13.0321 2.5057,
	13.0328 2.51786,
	13.0332 2.52394,
	13.0334 2.52698,
	13.0326 2.5513,
	13.0324 2.57561,
	13.0324 2.58169,
	13.0336 2.59385,
	13.0338 2.59689,
	13.0364 2.60905,
	13.0368 2.61057,
	13.0368 2.61209,
	13.0378 2.61513,
	13.0381 2.61589,
	13.0381 2.61741,
	13.0387 2.61817,
	13.0391 2.61855,
	13.0395 2.62159,
	13.0404 2.62463,
	13.0408 2.62539,
	13.0412 2.62843,
	13.0412 2.62919,
	13.0423 2.63223,
	13.0436 2.63831,
	13.0438 2.63983,
	13.0476 2.65199,
	13.0499 2.65807,
	13.0509 2.66111,
	13.052 2.66719,
	13.0524 2.66871,
	13.0531 2.66947,
	13.0543 2.67555,
	13.0575 2.68771,
	13.0585 2.69075,
	13.0596 2.69227,
	13.0638 2.70443,
	13.0661 2.71051,
	13.0672 2.71355,
	13.0672 2.71431,
	13.0691 2.71735,
	13.0702 2.72039,
	13.0773 2.73255,
	13.0815 2.73863,
	13.0911 2.76295,
	13.0923 2.76599,
	13.0938 2.76903,
	13.0944 2.77055,
	13.0963 2.78271,
	13.0968 2.78879,
	13.0972 2.79183,
	13.0989 2.79791,
	13.1048 2.81007,
	13.1115 2.82223,
	13.1151 2.82831,
	13.1233 2.84047,
	13.1278 2.84655,
	13.1333 2.85263,
	13.1381 2.85871,
	13.1404 2.86175,
	13.1443 2.86783,
	13.1462 2.87391,
	13.1466 2.87467,
	13.147 2.88075,
	13.1468 2.88379,
	13.1462 2.88683,
	13.1461 2.88835,
	13.1461 2.88911,
	13.143 2.89519,
	13.1426 2.89595,
	13.1411 2.89747,
	13.1381 2.89899,
	13.135 2.89994,
	13.1335 2.90032,
	13.1274 2.90032,
	13.1259 2.90032,
	13.1252 2.90032,
	13.1244 2.89956,
	13.1236 2.89918,
	13.1206 2.89861,
	13.1145 2.895,
	13.1115 2.8931,
	13.1054 2.89044,
	13.1039 2.89006,
	13.1024 2.89006,
	13.1016 2.88987,
	13.1008 2.8893,
	13.1005 2.88892,
	13.0883 2.88664,
	13.0822 2.88531,
	13.0336 2.88493,
	13.0275 2.88493,
	13.0153 2.88417,
	13.0093 2.88398,
	12.9849 2.88455,
	12.9728 2.88512,
	12.9667 2.88569,
	12.9606 2.88588,
	12.9485 2.88759,
	12.9363 2.88854,
	12.9302 2.88911,
	12.9241 2.89006,
	12.9211 2.89044,
	12.915 2.89196,
	12.9089 2.89291,
	12.9074 2.89348,
	12.9067 2.89348,
	12.8945 2.89842,
	12.8884 2.9007,
	12.8823 2.9026,
	12.8763 2.90488,
	12.8732 2.90583,
	12.8671 2.90868,
	12.8611 2.91115,
	12.858 2.91229,
	12.8565 2.91267,
	12.8557 2.91267,
	12.8527 2.91362,
	12.8466 2.91457,
	12.8436 2.91514,
	12.8405 2.91533,
	12.8375 2.9159,
	12.8132 2.91723,
	12.801 2.91685,
	12.798 2.91666,
	12.7919 2.91761,
	12.7889 2.91913,
	12.7873 2.91989,
	12.7843 2.92046,
	12.7835 2.92046,
	12.7775 2.92312,
	12.7744 2.92407,
	12.7729 2.92445,
	12.7668 2.92749,
	12.7607 2.93129,
	12.7577 2.93319,
	12.7562 2.93414,
	12.7501 2.93965,
	12.7486 2.94117,
	12.7364 2.95105,
	12.7334 2.95352,
	12.7212 2.96454,
	12.7151 2.96967,
	12.7121 2.97214,
	12.7106 2.97347,
	12.7045 2.97727,
	12.7015 2.97917,
	12.6954 2.98221,
	12.6832 2.98544,
	12.6771 2.98677,
	12.6741 2.98696,
	12.668 2.98905,
	12.6619 2.98962,
	12.6376 2.99589,
	12.6255 2.9995,
	12.6224 3.00026,
	12.6194 3.00064,
	12.6072 3.00406,
	12.6042 3.00539,
	12.6027 3.00615,
	12.5996 3.00653,
	12.5935 3.00843,
	12.5905 3.00938,
	12.589 3.00995,
	12.5829 3.01052,
	12.5814 3.01052,
	12.5783 3.00995,
	12.5662 3.00501,
	12.5631 3.00368,
	12.5616 3.00273,
	12.5609 3.00235,
	12.5487 2.99171,
	12.5426 2.98658,
	12.5369 2.9805,
	12.5248 2.97024,
	12.5217 2.96758,
	12.5193 2.96454,
	12.512 2.95238,
	12.5088 2.9463,
	12.5073 2.94326,
	12.5056 2.93718,
	12.5044 2.93414,
	12.5041 2.93338,
	12.5033 2.92122,
	12.5031 2.91514,
	12.5031 2.9121,
	12.5048 2.90602,
	12.5054 2.90298,
	12.5058 2.90146,
	12.5107 2.8893,
	12.5115 2.88778,
	12.5134 2.8817,
	12.5143 2.87562,
	12.5147 2.86954,
	12.5155 2.8665,
	12.5143 2.86042,
	12.5134 2.85738,
	12.5084 2.84522,
	12.5061 2.83914,
	12.5046 2.8361,
	12.5035 2.83306,
	12.4864 2.80874,
	12.478 2.79658,
	12.4738 2.7905,
	12.4666 2.77834,
	12.4647 2.7753,
	12.456 2.76314,
	12.4522 2.75706,
	12.4503 2.75402,
	12.4493 2.7525,
	12.445 2.74034,
	12.4436 2.73426,
	12.4427 2.72818,
	12.4421 2.7221,
	12.4417 2.70994,
	12.4417 2.70386,
	12.4415 2.70082,
	12.4372 2.68866,
	12.436 2.68562,
	12.43 2.67346,
	12.4294 2.6613,
	12.4294 2.65522,
	12.4294 2.65218,
	12.4294 2.65066,
	"/>
<Contour name="Copy of d046_i16_p25" hidden="false" closed="true" simplified="true" border="1 1 0" fill="1 1 0" mode="11"
 points="12.4294 2.65047,
	12.4315 2.63831,
	12.4317 2.63679,
	12.4336 2.63071,
	12.4358 2.61855,
	12.4393 2.60639,
	12.4395 2.60487,
	12.4391 2.59879,
	12.4357 2.58663,
	12.4341 2.58055,
	12.4334 2.57751,
	12.4326 2.5532,
	12.4324 2.54712,
	12.433 2.53496,
	12.4345 2.5228,
	12.4349 2.51672,
	12.4351 2.51368,
	12.4374 2.50152,
	12.4387 2.49544,
	12.4395 2.48936,
	12.4415 2.48328,
	12.4427 2.48024,
	12.4442 2.46808,
	12.4446 2.462,
	12.4448 2.45896,
	12.4444 2.45288,
	12.4444 2.44984,
	12.4425 2.43768,
	12.4421 2.43464,
	12.4417 2.41032,
	12.4419 2.40424,
	12.4433 2.39208,
	12.4469 2.37992,
	12.4472 2.37688,
	12.4488 2.37536,
	12.4507 2.36928,
	12.4626 2.34496,
	12.4754 2.32064,
	12.4788 2.31456,
	12.4803 2.31152,
	12.4879 2.29936,
	12.4921 2.29328,
	12.4942 2.29024,
	12.5004 2.27808,
	12.5039 2.272,
	12.5056 2.26896,
	12.5069 2.26592,
	12.5086 2.25984,
	12.5147 2.24768,
	12.516 2.24464,
	12.5168 2.2416,
	12.517 2.24084,
	12.5185 2.23932,
	12.5196 2.23628,
	12.5215 2.23324,
	12.5272 2.22108,
	12.5398 2.19676,
	12.543 2.19068,
	12.5502 2.17852,
	12.554 2.17244,
	12.5561 2.1694,
	12.5656 2.15724,
	12.5778 2.14546,
	12.5808 2.14242,
	12.5869 2.13691,
	12.5991 2.12665,
	12.6051 2.12228,
	12.6082 2.12039,
	12.6203 2.11431,
	12.6219 2.11355,
	12.6226 2.11317,
	12.6287 2.11203,
	12.6317 2.11108,
	12.6561 2.10804,
	12.6682 2.10671,
	12.6743 2.10633,
	12.6865 2.10633,
	12.6925 2.10671,
	12.6941 2.10671,
	12.7184 2.11241,
	12.7245 2.11507,
	12.726 2.11583,
	12.7321 2.11754,
	12.7564 2.12247,
	12.7685 2.12513,
	12.7807 2.12608,
	12.7837 2.12627,
	12.7898 2.12722,
	12.7959 2.12874,
	12.7989 2.12874,
	12.8111 2.13121,
	12.8172 2.13273,
	12.8202 2.13349,
	12.8217 2.13349,
	12.8278 2.13634,
	12.84 2.14261,
	12.8461 2.14584,
	12.8491 2.14736,
	12.8552 2.15135,
	12.8582 2.15382,
	12.8643 2.15952,
	12.8704 2.16465,
	12.8825 2.17662,
	12.888 2.1827,
	12.8907 2.18574,
	12.8941 2.19182,
	12.9025 2.20398,
	12.9065 2.21006,
	12.9139 2.22222,
	12.92 2.23438,
	12.9228 2.24046,
	12.9236 2.24198,
	12.9274 2.25414,
	12.9277 2.25566,
	12.9306 2.26174,
	12.9319 2.26478,
	12.9325 2.2663,
	12.9329 2.26934,
	12.9331 2.27086,
	12.9418 2.29518,
	12.9439 2.30126,
	12.9448 2.3043,
	12.9452 2.30582,
	12.9568 2.33014,
	12.9597 2.33622,
	12.9621 2.3423,
	12.9627 2.34382,
	12.9646 2.34686,
	12.9682 2.35902,
	12.969 2.36206,
	12.9733 2.37422,
	12.9756 2.3803,
	12.9773 2.38638,
	12.9781 2.38942,
	12.9785 2.39246,
	12.9785 2.39322,
	12.9827 2.40538,
	12.9849 2.41146,
	12.9876 2.41754,
	12.9887 2.42058,
	12.9948 2.43274,
	12.998 2.43882,
	13.0051 2.45098,
	13.0083 2.45706,
	13.01 2.4601,
	13.0199 2.47226,
	13.0243 2.47834,
	13.0264 2.48138,
	13.0296 2.48746,
	13.0317 2.49354,
	13.0322 2.49658,
	13.0324 2.49962,
	13.0321 2.5057,
	13.0328 2.51786,
	13.0332 2.52394,
	13.0334 2.52698,
	13.0326 2.5513,
	13.0324 2.57561,
	13.0324 2.58169,
	13.0336 2.59385,
	13.0338 2.59689,
	13.0364 2.60905,
	13.0368 2.61057,
	13.0368 2.61209,
	13.0378 2.61513,
	13.0381 2.61589,
	13.0381 2.61741,
	13.0387 2.61817,
	13.0391 2.61855,
	13.0395 2.62159,
	13.0404 2.62463,
	13.0408 2.62539,
	13.0412 2.62843,
	13.0412 2.62919,
	13.0423 2.63223,
	13.0436 2.63831,
	13.0438 2.63983,
	13.0476 2.65199,
	13.0499 2.65807,
	13.0509 2.66111,
	13.052 2.66719,
	13.0524 2.66871,
	13.0531 2.66947,
	13.0543 2.67555,
	13.0575 2.68771,
	13.0585 2.69075,
	13.0596 2.69227,
	13.0638 2.70443,
	13.0661 2.71051,
	13.0672 2.71355,
	13.0672 2.71431,
	13.0691 2.71735,
	13.0702 2.72039,
	13.0773 2.73255,
	13.0815 2.73863,
	13.0911 2.76295,
	13.0923 2.76599,
	13.0938 2.76903,
	13.0944 2.77055,
	13.0963 2.78271,
	13.0968 2.78879,
	13.0972 2.79183,
	13.0989 2.79791,
	13.1048 2.81007,
	13.1115 2.82223,
	13.1151 2.82831,
	13.1233 2.84047,
	13.1278 2.84655,
	13.1333 2.85263,
	13.1381 2.85871,
	13.1404 2.86175,
	13.1443 2.86783,
	13.1462 2.87391,
	13.1466 2.87467,
	13.147 2.88075,
	13.1468 2.88379,
	13.1462 2.88683,
	13.1461 2.88835,
	13.1461 2.88911,
	13.143 2.89519,
	13.1426 2.89595,
	13.1411 2.89747,
	13.1381 2.89899,
	13.135 2.89994,
	13.1335 2.90032,
	13.1274 2.90032,
	13.1259 2.90032,
	13.1252 2.90032,
	13.1244 2.89956,
	13.1236 2.89918,
	13.1206 2.89861,
	13.1145 2.895,
	13.1115 2.8931,
	13.1054 2.89044,
	13.1039 2.89006,
	13.1024 2.89006,
	13.1016 2.88987,
	13.1008 2.8893,
	13.1005 2.88892,
	13.0883 2.88664,
	13.0822 2.88531,
	13.0336 2.88493,
	13.0275 2.88493,
	13.0153 2.88417,
	13.0093 2.88398,
	12.9849 2.88455,
	12.9728 2.88512,
	12.9667 2.88569,
	12.9606 2.88588,
	12.9485 2.88759,
	12.9363 2.88854,
	12.9302 2.88911,
	12.9241 2.89006,
	12.9211 2.89044,
	12.915 2.89196,
	12.9089 2.89291,
	12.9074 2.89348,
	12.9067 2.89348,
	12.8945 2.89842,
	12.8884 2.9007,
	12.8823 2.9026,
	12.8763 2.90488,
	12.8732 2.90583,
	12.8671 2.90868,
	12.8611 2.91115,
	12.858 2.91229,
	12.8565 2.91267,
	12.8557 2.91267,
	12.8527 2.91362,
	12.8466 2.91457,
	12.8436 2.91514,
	12.8405 2.91533,
	12.8375 2.9159,
	12.8132 2.91723,
	12.801 2.91685,
	12.798 2.91666,
	12.7919 2.91761,
	12.7889 2.91913,
	12.7873 2.91989,
	12.7843 2.92046,
	12.7835 2.92046,
	12.7775 2.92312,
	12.7744 2.92407,
	12.7729 2.92445,
	12.7668 2.92749,
	12.7607 2.93129,
	12.7577 2.93319,
	12.7562 2.93414,
	12.7501 2.93965,
	12.7486 2.94117,
	12.7364 2.95105,
	12.7334 2.95352,
	12.7212 2.96454,
	12.7151 2.96967,
	12.7121 2.97214,
	12.7106 2.97347,
	12.7045 2.97727,
	12.7015 2.97917,
	12.6954 2.98221,
	12.6832 2.98544,
	12.6771 2.98677,
	12.6741 2.98696,
	12.668 2.98905,
	12.6619 2.98962,
	12.6376 2.99589,
	12.6255 2.9995,
	12.6224 3.00026,
	12.6194 3.00064,
	12.6072 3.00406,
	12.6042 3.00539,
	12.6027 3.00615,
	12.5996 3.00653,
	12.5935 3.00843,
	12.5905 3.00938,
	12.589 3.00995,
	12.5829 3.01052,
	12.5814 3.01052,
	12.5783 3.00995,
	12.5662 3.00501,
	12.5631 3.00368,
	12.5616 3.00273,
	12.5609 3.00235,
	12.5487 2.99171,
	12.5426 2.98658,
	12.5369 2.9805,
	12.5248 2.97024,
	12.5217 2.96758,
	12.5193 2.96454,
	12.512 2.95238,
	12.5088 2.9463,
	12.5073 2.94326,
	12.5056 2.93718,
	12.5044 2.93414,
	12.5041 2.93338,
	12.5033 2.92122,
	12.5031 2.91514,
	12.5031 2.9121,
	12.5048 2.90602,
	12.5054 2.90298,
	12.5058 2.90146,
	12.5107 2.8893,
	12.5115 2.88778,
	12.5134 2.8817,
	12.5143 2.87562,
	12.5147 2.86954,
	12.5155 2.8665,
	12.5143 2.86042,
	12.5134 2.85738,
	12.5084 2.84522,
	12.5061 2.83914,
	12.5046 2.8361,
	12.5035 2.83306,
	12.4864 2.80874,
	12.478 2.79658,
	12.4738 2.7905,
	12.4666 2.77834,
	12.4647 2.7753,
	12.456 2.76314,
	12.4522 2.75706,
	12.4503 2.75402,
	12.4493 2.7525,
	12.445 2.74034,
	12.4436 2.73426,
	12.4427 2.72818,
	12.4421 2.7221,
	12.4417 2.70994,
	12.4417 2.70386,
	12.4415 2.70082,
	12.4372 2.68866,
	12.436 2.68562,
	12.43 2.67346,
	12.4294 2.6613,
	12.4294 2.65522,
	12.4294 2.65218,
	12.4294 2.65066,
	"/>
</Transform>

<Transform dim="0"
 xcoef=" 0 1 0 0 0 0"
 ycoef=" 0 0 1 0 0 0">
<Contour name="d046_p24" hidden="false" closed="true" simplified="true" border="1 1 0" fill="1 1 0" mode="11"
 points="12.7755 1.88544,
	12.778 1.88293,
	12.778 1.88041,
	12.7944 1.86029,
	12.8019 1.84016,
	12.8069 1.82004,
	12.8094 1.79991,
	12.8183 1.77979,
	12.8296 1.75966,
	12.8434 1.73954,
	12.861 1.72067,
	12.8711 1.71313,
	12.8736 1.71061,
	12.8761 1.71061,
	12.8811 1.70558,
	12.8837 1.70306,
	12.8862 1.70306,
	12.8912 1.69803,
	12.9113 1.6842,
	12.9201 1.67665,
	12.9201 1.67413,
	12.9239 1.6691,
	12.9264 1.66659,
	12.9277 1.66156,
	12.9591 1.62131,
	12.9667 1.61124,
	12.9767 1.60495,
	12.9969 1.59615,
	13.017 1.59238,
	13.027 1.58986,
	13.0472 1.59112,
	13.0572 1.59741,
	13.0736 1.61753,
	13.0748 1.62256,
	13.0811 1.63263,
	13.0862 1.65275,
	13.0887 1.67288,
	13.0862 1.693,
	13.0698 1.71313,
	13.0509 1.72948,
	13.0421 1.73954,
	13.0421 1.74205,
	13.0396 1.74457,
	13.0396 1.7647,
	13.0384 1.76973,
	13.0421 1.78985,
	13.0434 1.80998,
	13.0409 1.81249,
	13.0396 1.81752,
	13.0321 1.82759,
	13.022 1.83765,
	13.017 1.84268,
	13.0044 1.8628,
	12.9956 1.87287,
	12.9818 1.89299,
	12.9742 1.90305,
	12.9642 1.91186,
	12.9591 1.91689,
	12.9541 1.91815,
	12.944 1.92444,
	12.934 1.92695,
	12.9138 1.92695,
	12.9038 1.92947,
	12.8988 1.93073,
	12.8962 1.93073,
	12.8912 1.9345,
	12.8887 1.9345,
	12.8786 1.94205,
	12.8585 1.95211,
	12.8384 1.95462,
	12.8283 1.95337,
	12.8233 1.95211,
	12.783 1.9194,
	12.7767 1.90934,
	12.7755 1.88922,
	12.7755 1.8867,
	"/>
</Transform>

<Transform dim="1"
 xcoef=" 0.02 1 0 0 0 0"
 ycoef=" -0.12 0 1 0 0 0">
<Contour name="d046_o24" hidden="false" closed="true" simplified="false" border="1 0 0" fill="1 0 0" mode="-13"
 points="12.7911 2.07071,
	12.8244 2.07071,
	12.8078 2.10123,
	"/>
</Transform>

<Transform dim="0"
 xcoef=" 0 1 0 0 0 0"
 ycoef=" 0 0 1 0 0 0">
<Contour name="d046_p24" hidden="false" closed="true" simplified="true" border="1 1 0" fill="1 1 0" mode="11"
 points="12.6936 2.11325,
	12.7152 2.10853,
	12.7261 2.10515,
	12.7315 2.10515,
	12.7423 2.10042,
	12.7477 2.0984,
	12.7531 2.09502,
	12.7639 2.09164,
	12.7693 2.08962,
	12.7747 2.08624,
	12.7774 2.08557,
	12.7801 2.08287,
	12.7828 2.08287,
	12.7882 2.07949,
	12.7936 2.07746,
	12.8152 2.07746,
	12.8206 2.07746,
	12.8314 2.08084,
	12.8368 2.08422,
	12.8395 2.08557,
	12.849 2.09637,
	12.8537 2.10177,
	12.8584 2.11258,
	12.8604 2.11528,
	12.8638 2.12608,
	12.8699 2.13689,
	12.8793 2.1585,
	12.8841 2.1693,
	12.8841 2.172,
	12.8868 2.1747,
	12.8908 2.18551,
	12.8942 2.19091,
	12.8982 2.20171,
	12.903 2.20644,
	12.9036 2.21725,
	12.9036 2.21995,
	12.903 2.2213,
	12.8922 2.21589,
	12.8908 2.21522,
	12.8841 2.20509,
	12.8766 2.19631,
	12.8739 2.19496,
	12.8652 2.18618,
	12.8564 2.17875,
	12.8462 2.17133,
	12.8449 2.16998,
	12.8435 2.16998,
	12.8381 2.1666,
	12.8327 2.16457,
	12.83 2.16255,
	12.8199 2.15917,
	12.8091 2.15444,
	12.7983 2.15107,
	12.7929 2.15039,
	12.7828 2.14634,
	12.7774 2.14499,
	12.7747 2.14297,
	12.7531 2.14094,
	12.7436 2.13891,
	12.7004 2.11663,
	12.695 2.11393,
	12.6943 2.11393,
	"/>
</Transform>

<Transform dim="0"
 xcoef=" 0 1 0 0 0 0"
 ycoef=" 0 0 1 0 0 0">
<Contour name="d046_checked" hidden="false" closed="true" simplified="false" border="0 1 0" fill="0 1 0" mode="-13"
 points="12.7747 2.21754,
	12.7839 2.20466,
	12.7747 2.19177,
	12.7802 2.19177,
	12.7875 2.20282,
	12.7949 2.19177,
	12.8004 2.19177,
	12.7912 2.20466,
	12.8004 2.21754,
	12.7949 2.21754,
	12.7875 2.2065,
	12.7802 2.21754,
	"/>
</Transform>

<Transform dim="0"
 xcoef=" 0 1 0 0 0 0"
 ycoef=" 0 0 1 0 0 0">
<Contour name="D046_ax01" hidden="false" closed="true" simplified="false" border="0 1 1" fill="0 1 1" mode="-11"
 points="9.99351 6.87205,
	10.0023 6.86322,
	9.96701 6.82788,
	9.97584 6.81904,
	10.0112 6.85438,
	10.02 6.84555,
	10.02 6.87205,
	"/>
</Transform>

<Transform dim="0"
 xcoef=" 0 1 0 0 0 0"
 ycoef=" 0 0 1 0 0 0">
<Contour name="D046_ax01" hidden="false" closed="true" simplified="true" border="0 1 1" fill="0 1 1" mode="-11"
 points="10.023 6.41178,
	10.0257 6.3932,
	10.0339 6.37552,
	10.0472 6.3596,
	10.0648 6.3462,
	10.0859 6.33598,
	10.1095 6.32943,
	10.1346 6.32686,
	10.1597 6.3284,
	10.1838 6.33398,
	10.2057 6.34333,
	10.2243 6.35599,
	10.2387 6.37135,
	10.2482 6.38866,
	10.2523 6.4071,
	10.2509 6.42576,
	10.244 6.44375,
	10.232 6.46019,
	10.2154 6.47428,
	10.1951 6.48535,
	10.172 6.49286,
	10.1472 6.49645,
	10.122 6.49593,
	10.0975 6.49134,
	10.075 6.4829,
	10.0555 6.47102,
	10.04 6.45627,
	10.0292 6.43937,
	"/>
</Transform>

</Section>