<?xml version="1.0"?>
<!DOCTYPE Section SYSTEM "section.dtd">

<Section index="77" thickness="0.052" alignLocked="true">
<Transform dim="3"
 xcoef=" 0.489279965458151 1.25456401399526 0 0 0 0"
 ycoef=" -0.451527387488239 0 1.25456401399526 0 0 0">
<Contour name="D019" hidden="false" closed="true" simplified="true" border="0 0 1" fill="0 0 1" mode="13"
 points="7.70498 5.71115,
	7.70659 5.67867,
	7.71139 5.64661,
	7.71933 5.61537,
	7.73031 5.58536,
	7.74417 5.55697,
	7.76075 5.53054,
	7.77984 5.50643,
	7.80118 5.48494,
	7.82451 5.46634,
	7.84952 5.45088,
	7.8759 5.43875,
	7.90331 5.43011,
	7.9314 5.42507,
	7.9598 5.42369,
	7.98816 5.42599,
	8.01612 5.43194,
	8.0433 5.44146,
	8.06937 5.45444,
	8.09399 5.47071,
	8.11685 5.49005,
	8.13765 5.51222,
	8.15613 5.53694,
	8.17206 5.56389,
	8.18521 5.59273,
	8.19544 5.62308,
	8.2026 5.65456,
	8.20661 5.68677,
	8.20742 5.71928,
	8.20501 5.75169,
	8.19941 5.78359,
	8.1907 5.81455,
	8.17899 5.8442,
	8.16443 5.87213,
	8.1472 5.89801,
	8.12753 5.9215,
	8.10566 5.94229,
	8.08188 5.96012,
	8.0565 5.97476,
	8.02983 5.98603,
	8.00221 5.99379,
	7.97401 5.99792,
	7.94558 5.99838,
	7.91729 5.99516,
	7.8895 5.98831,
	7.86256 5.97791,
	7.83682 5.96409,
	7.81261 5.94703,
	7.79024 5.92696,
	7.77 5.90412,
	7.75213 5.87881,
	7.73689 5.85135,
	7.72445 5.8221,
	7.71498 5.79143,
	7.70859 5.75973,
	"/>
</Transform>

<Transform dim="3"
 xcoef=" 0.489279965458151 1.25456401399526 0 0 0 0"
 ycoef=" -0.451527387488239 0 1.25456401399526 0 0 0">
<Contour name="D020" hidden="false" closed="true" simplified="true" border="0 0 1" fill="0 0 1" mode="13"
 points="13.6764 8.38565,
	13.6791 8.34917,
	13.6871 8.3138,
	13.7002 8.28061,
	13.718 8.25062,
	13.7399 8.22472,
	13.7653 8.20372,
	13.7935 8.18824,
	13.8234 8.17877,
	13.8543 8.17557,
	13.8852 8.17877,
	13.9152 8.18824,
	13.9433 8.20372,
	13.9687 8.22472,
	13.9906 8.25062,
	14.0084 8.28061,
	14.0215 8.3138,
	14.0296 8.34917,
	14.0323 8.38565,
	14.0296 8.42213,
	14.0215 8.4575,
	14.0084 8.49069,
	13.9906 8.52069,
	13.9687 8.54658,
	13.9433 8.56759,
	13.9152 8.58306,
	13.8852 8.59254,
	13.8543 8.59573,
	13.8234 8.59254,
	13.7935 8.58306,
	13.7653 8.56759,
	13.7399 8.54658,
	13.718 8.52069,
	13.7002 8.49069,
	13.6871 8.4575,
	13.6791 8.42213,
	"/>
</Transform>

<Transform dim="3"
 xcoef=" 0.489279965458151 1.25456401399526 0 0 0 0"
 ycoef=" -0.451527387488239 0 1.25456401399526 0 0 0">
<Contour name="D021" hidden="false" closed="true" simplified="true" border="0 0 1" fill="0 0 1" mode="13"
 points="8.01777 7.831,
	8.0211 7.79186,
	8.03099 7.75397,
	8.04712 7.71857,
	8.06897 7.68677,
	8.09584 7.65961,
	8.12687 7.63796,
	8.16105 7.62252,
	8.1973 7.61377,
	8.23443 7.61201,
	8.27127 7.61728,
	8.30663 7.62943,
	8.33937 7.64805,
	8.36843 7.67255,
	8.39289 7.70215,
	8.41196 7.73589,
	8.42502 7.77268,
	8.43166 7.81135,
	8.43166 7.85065,
	8.42502 7.88932,
	8.41196 7.92611,
	8.39289 7.95985,
	8.36843 7.98944,
	8.33937 8.01395,
	8.30663 8.03257,
	8.27127 8.04471,
	8.23443 8.04999,
	8.1973 8.04823,
	8.16105 8.03948,
	8.12687 8.02403,
	8.09584 8.00238,
	8.06897 7.97523,
	8.04712 7.94343,
	8.03099 7.90802,
	"/>
</Transform>

<Transform dim="3"
 xcoef=" 0.489279965458151 1.25456401399526 0 0 0 0"
 ycoef=" -0.451527387488239 0 1.25456401399526 0 0 0">
<Contour name="D022" hidden="false" closed="true" simplified="true" border="0 0 1" fill="0 0 1" mode="13"
 points="20.1975 6.2929,
	20.199 6.25943,
	20.2036 6.22635,
	20.2112 6.19402,
	20.2217 6.16281,
	20.235 6.13307,
	20.251 6.10515,
	20.2694 6.07935,
	20.2901 6.05597,
	20.3128 6.03528,
	20.3372 6.0175,
	20.3632 6.00285,
	20.3903 5.99148,
	20.4184 5.98353,
	20.447 5.97908,
	20.4758 5.97819,
	20.5046 5.98086,
	20.533 5.98707,
	20.5606 5.99675,
	20.5872 6.00978,
	20.6125 6.02601,
	20.6361 6.04528,
	20.6578 6.06734,
	20.6774 6.09197,
	20.6946 6.11886,
	20.7092 6.14774,
	20.7212 6.17825,
	20.7302 6.21007,
	20.7363 6.24282,
	20.7394 6.27614,
	20.7394 6.30965,
	20.7363 6.34297,
	20.7302 6.37573,
	20.7212 6.40754,
	20.7092 6.43806,
	20.6946 6.46693,
	20.6774 6.49383,
	20.6578 6.51845,
	20.6361 6.54052,
	20.6125 6.55978,
	20.5872 6.57602,
	20.5606 6.58905,
	20.533 6.59872,
	20.5046 6.60493,
	20.4758 6.6076,
	20.447 6.60671,
	20.4184 6.60226,
	20.3903 6.59431,
	20.3632 6.58294,
	20.3372 6.56829,
	20.3128 6.55051,
	20.2901 6.52982,
	20.2694 6.50644,
	20.251 6.48064,
	20.235 6.45272,
	20.2217 6.42298,
	20.2112 6.39177,
	20.2036 6.35944,
	20.199 6.32636,
	"/>
</Transform>

<Transform dim="3"
 xcoef=" 0.489279965458151 1.25456401399526 0 0 0 0"
 ycoef=" -0.451527387488239 0 1.25456401399526 0 0 0">
<Contour name="D023" hidden="false" closed="true" simplified="true" border="0 0 1" fill="0 0 1" mode="13"
 points="10.6563 3.40499,
	10.6568 3.38504,
	10.6584 3.36517,
	10.6609 3.34543,
	10.6644 3.32589,
	10.669 3.30662,
	10.6745 3.28769,
	10.681 3.26916,
	10.6884 3.2511,
	10.6967 3.23356,
	10.7059 3.2166,
	10.7159 3.20029,
	10.7268 3.18468,
	10.7384 3.16982,
	10.7508 3.15576,
	10.7638 3.14256,
	10.7776 3.13025,
	10.7919 3.11888,
	10.8068 3.10848,
	10.8222 3.0991,
	10.838 3.09076,
	10.8543 3.0835,
	10.8708 3.07733,
	10.8877 3.07229,
	10.9048 3.06838,
	10.9221 3.06562,
	10.9395 3.06401,
	10.9569 3.06358,
	10.9743 3.06431,
	10.9917 3.0662,
	11.0089 3.06925,
	11.026 3.07344,
	11.0428 3.07877,
	11.0593 3.08521,
	11.0754 3.09275,
	11.0912 3.10135,
	11.1064 3.11099,
	11.1212 3.12163,
	11.1354 3.13324,
	11.1489 3.14578,
	11.1618 3.1592,
	11.174 3.17346,
	11.1855 3.18851,
	11.1961 3.20431,
	11.206 3.22078,
	11.2149 3.23789,
	11.223 3.25557,
	11.2302 3.27375,
	11.2364 3.29239,
	11.2417 3.31141,
	11.246 3.33075,
	11.2493 3.35034,
	11.2516 3.37012,
	11.2528 3.39002,
	11.2531 3.40997,
	11.2523 3.42991,
	11.2505 3.44976,
	11.2477 3.46945,
	11.244 3.48893,
	11.2392 3.50811,
	11.2334 3.52695,
	11.2267 3.54537,
	11.2191 3.56331,
	11.2106 3.58071,
	11.2011 3.59751,
	11.1909 3.61365,
	11.1798 3.62908,
	11.168 3.64374,
	11.1555 3.65759,
	11.1422 3.67058,
	11.1283 3.68266,
	11.1139 3.69379,
	11.0989 3.70393,
	11.0833 3.71305,
	11.0674 3.72112,
	11.0511 3.72812,
	11.0344 3.734,
	11.0175 3.73877,
	11.0003 3.74239,
	10.983 3.74486,
	10.9656 3.74617,
	10.9482 3.74632,
	10.9308 3.7453,
	10.9134 3.74312,
	10.8962 3.73978,
	10.8792 3.7353,
	10.8625 3.72969,
	10.8461 3.72297,
	10.83 3.71517,
	10.8144 3.70631,
	10.7993 3.69642,
	10.7847 3.68553,
	10.7706 3.67368,
	10.7572 3.66092,
	10.7445 3.64728,
	10.7325 3.63282,
	10.7212 3.61758,
	10.7108 3.60161,
	10.7012 3.58497,
	10.6924 3.56771,
	10.6845 3.5499,
	10.6776 3.5316,
	10.6716 3.51286,
	10.6666 3.49375,
	10.6626 3.47434,
	10.6595 3.4547,
	10.6575 3.43488,
	"/>
</Transform>

<Transform dim="3"
 xcoef=" 0.489279965458151 1.25456401399526 0 0 0 0"
 ycoef=" -0.451527387488239 0 1.25456401399526 0 0 0">
<Contour name="D024_edge" hidden="false" closed="true" simplified="true" border="0 0 1" fill="0 0 1" mode="13"
 points="14.7806 11.3032,
	14.7809 11.288,
	14.7821 11.2728,
	14.784 11.2577,
	14.7866 11.2428,
	14.7899 11.228,
	14.794 11.2135,
	14.7988 11.1993,
	14.8043 11.1855,
	14.8104 11.172,
	14.8173 11.159,
	14.8247 11.1464,
	14.8328 11.1344,
	14.8414 11.1229,
	14.8506 11.112,
	14.8603 11.1017,
	14.8705 11.0921,
	14.8812 11.0832,
	14.8923 11.075,
	14.9038 11.0676,
	14.9156 11.0609,
	14.9277 11.0551,
	14.9401 11.05,
	14.9528 11.0458,
	14.9656 11.0425,
	14.9785 11.04,
	14.9916 11.0383,
	15.0047 11.0376,
	15.0179 11.0377,
	15.031 11.0387,
	15.0441 11.0405,
	15.057 11.0432,
	15.0698 11.0468,
	15.0823 11.0512,
	15.0947 11.0565,
	15.1067 11.0625,
	15.1185 11.0694,
	15.1299 11.077,
	15.1409 11.0854,
	15.1514 11.0945,
	15.1615 11.1042,
	15.1711 11.1147,
	15.1802 11.1257,
	15.1887 11.1373,
	15.1966 11.1495,
	15.2039 11.1622,
	15.2105 11.1753,
	15.2165 11.1889,
	15.2218 11.2029,
	15.2264 11.2171,
	15.2303 11.2317,
	15.2335 11.2465,
	15.2359 11.2615,
	15.2376 11.2766,
	15.2386 11.2918,
	15.2388 11.307,
	15.2382 11.3223,
	15.2369 11.3374,
	15.2348 11.3525,
	15.232 11.3674,
	15.2285 11.3821,
	15.2242 11.3965,
	15.2192 11.4106,
	15.2136 11.4244,
	15.2073 11.4377,
	15.2003 11.4507,
	15.1927 11.4631,
	15.1845 11.475,
	15.1757 11.4864,
	15.1664 11.4971,
	15.1565 11.5072,
	15.1462 11.5166,
	15.1354 11.5254,
	15.1242 11.5334,
	15.1127 11.5406,
	15.1008 11.5471,
	15.0885 11.5527,
	15.0761 11.5575,
	15.0634 11.5615,
	15.0505 11.5647,
	15.0375 11.567,
	15.0245 11.5684,
	15.0113 11.5689,
	14.9982 11.5686,
	14.9851 11.5674,
	14.9721 11.5653,
	14.9592 11.5624,
	14.9464 11.5586,
	14.9339 11.554,
	14.9216 11.5485,
	14.9096 11.5423,
	14.898 11.5352,
	14.8867 11.5274,
	14.8758 11.5189,
	14.8654 11.5096,
	14.8554 11.4997,
	14.8459 11.4891,
	14.837 11.4779,
	14.8287 11.4661,
	14.8209 11.4538,
	14.8138 11.441,
	14.8073 11.4278,
	14.8015 11.4141,
	14.7963 11.4001,
	14.7919 11.3857,
	14.7882 11.3711,
	14.7852 11.3562,
	14.7829 11.3412,
	14.7814 11.3261,
	"/>
</Transform>

<Transform dim="3"
 xcoef=" 0.489279965458151 1.25456401399526 0 0 0 0"
 ycoef=" -0.451527387488239 0 1.25456401399526 0 0 0">
<Contour name="D025" hidden="false" closed="true" simplified="true" border="0 0 1" fill="0 0 1" mode="13"
 points="5.57827 4.97082,
	5.57897 4.95326,
	5.58106 4.93582,
	5.58453 4.91859,
	5.58935 4.9017,
	5.59551 4.88525,
	5.60295 4.86933,
	5.61163 4.85406,
	5.6215 4.83952,
	5.6325 4.82582,
	5.64454 4.81303,
	5.65757 4.80124,
	5.67149 4.79052,
	5.68622 4.78094,
	5.70166 4.77257,
	5.71772 4.76544,
	5.73429 4.75961,
	5.75128 4.75512,
	5.76857 4.752,
	5.78605 4.75025,
	5.80362 4.7499,
	5.82115 4.75095,
	5.83855 4.75339,
	5.8557 4.7572,
	5.8725 4.76236,
	5.88883 4.76884,
	5.90459 4.7766,
	5.91969 4.78559,
	5.93402 4.79574,
	5.94751 4.80701,
	5.96005 4.8193,
	5.97158 4.83256,
	5.98202 4.84669,
	5.9913 4.86161,
	5.99937 4.87721,
	6.00618 4.89341,
	6.01167 4.9101,
	6.01583 4.92717,
	6.01861 4.94452,
	6.02 4.96203,
	6.02 4.9796,
	6.01861 4.99711,
	6.01583 5.01446,
	6.01167 5.03153,
	6.00618 5.04822,
	5.99937 5.06442,
	5.9913 5.08002,
	5.98202 5.09494,
	5.97158 5.10907,
	5.96005 5.12233,
	5.94751 5.13463,
	5.93402 5.14589,
	5.91969 5.15605,
	5.90459 5.16503,
	5.88883 5.17279,
	5.8725 5.17927,
	5.8557 5.18443,
	5.83855 5.18824,
	5.82115 5.19068,
	5.80362 5.19173,
	5.78605 5.19138,
	5.76857 5.18964,
	5.75128 5.18651,
	5.73429 5.18202,
	5.71772 5.17619,
	5.70166 5.16907,
	5.68622 5.16069,
	5.67149 5.15111,
	5.65757 5.14039,
	5.64454 5.1286,
	5.6325 5.11581,
	5.6215 5.10211,
	5.61163 5.08757,
	5.60295 5.0723,
	5.59551 5.05639,
	5.58935 5.03993,
	5.58453 5.02304,
	5.58106 5.00581,
	5.57897 4.98837,
	"/>
</Transform>

<Transform dim="3"
 xcoef=" 0.489279965458151 1.25456401399526 0 0 0 0"
 ycoef=" -0.451527387488239 0 1.25456401399526 0 0 0">
<Contour name="D026_edge" hidden="false" closed="true" simplified="true" border="0 0 1" fill="0 0 1" mode="13"
 points="5.01479 5.94605,
	5.01523 5.92593,
	5.01653 5.90587,
	5.0187 5.88591,
	5.02172 5.8661,
	5.0256 5.84651,
	5.03032 5.82717,
	5.03586 5.80814,
	5.04222 5.78948,
	5.04938 5.77122,
	5.05732 5.75342,
	5.06601 5.73612,
	5.07544 5.71937,
	5.08558 5.70321,
	5.0964 5.68768,
	5.10788 5.67283,
	5.11999 5.65869,
	5.13269 5.6453,
	5.14595 5.63269,
	5.15974 5.62091,
	5.17402 5.60997,
	5.18876 5.5999,
	5.20391 5.59075,
	5.21943 5.58251,
	5.23529 5.57523,
	5.25144 5.56891,
	5.26785 5.56358,
	5.28446 5.55924,
	5.30124 5.55592,
	5.31814 5.55361,
	5.33512 5.55233,
	5.35213 5.55207,
	5.36913 5.55284,
	5.38608 5.55464,
	5.40292 5.55745,
	5.41963 5.56129,
	5.43614 5.56612,
	5.45243 5.57195,
	5.46844 5.57875,
	5.48413 5.58651,
	5.49948 5.59521,
	5.51442 5.60482,
	5.52893 5.61533,
	5.54297 5.6267,
	5.5565 5.6389,
	5.56949 5.6519,
	5.5819 5.66567,
	5.5937 5.68017,
	5.60485 5.69536,
	5.61534 5.71121,
	5.62513 5.72767,
	5.63419 5.7447,
	5.64251 5.76226,
	5.65006 5.7803,
	5.65682 5.79876,
	5.66277 5.81762,
	5.66791 5.8368,
	5.6722 5.85628,
	5.67566 5.87598,
	5.67825 5.89587,
	5.67999 5.91589,
	5.68086 5.93599,
	5.68086 5.95612,
	5.67999 5.97621,
	5.67825 5.99624,
	5.67566 6.01612,
	5.6722 6.03583,
	5.66791 6.0553,
	5.66277 6.07449,
	5.65682 6.09334,
	5.65006 6.11181,
	5.64251 6.12985,
	5.63419 6.1474,
	5.62513 6.16443,
	5.61534 6.18089,
	5.60485 6.19674,
	5.5937 6.21194,
	5.5819 6.22644,
	5.56949 6.24021,
	5.5565 6.25321,
	5.54297 6.26541,
	5.52893 6.27678,
	5.51442 6.28728,
	5.49948 6.2969,
	5.48413 6.30559,
	5.46844 6.31336,
	5.45243 6.32016,
	5.43614 6.32599,
	5.41963 6.33082,
	5.40292 6.33465,
	5.38608 6.33747,
	5.36913 6.33927,
	5.35213 6.34004,
	5.33512 6.33978,
	5.31814 6.3385,
	5.30124 6.33619,
	5.28446 6.33286,
	5.26785 6.32853,
	5.25144 6.32319,
	5.23529 6.31688,
	5.21943 6.30959,
	5.20391 6.30136,
	5.18876 6.2922,
	5.17402 6.28214,
	5.15974 6.2712,
	5.14595 6.25941,
	5.13269 6.24681,
	5.11999 6.23342,
	5.10788 6.21928,
	5.0964 6.20442,
	5.08558 6.1889,
	5.07544 6.17274,
	5.06601 6.15599,
	5.05732 6.13869,
	5.04938 6.12089,
	5.04222 6.10263,
	5.03586 6.08396,
	5.03032 6.06494,
	5.0256 6.0456,
	5.02172 6.026,
	5.0187 6.0062,
	5.01653 5.98624,
	"/>
</Transform>

<Transform dim="3"
 xcoef=" 0.489279965458151 1.25456401399526 0 0 0 0"
 ycoef=" -0.451527387488239 0 1.25456401399526 0 0 0">
<Contour name="D027_longitudinal" hidden="false" closed="true" simplified="true" border="0 0 1" fill="0 0 1" mode="13"
 points="13.2347 7.60301,
	13.2361 7.58545,
	13.2402 7.56806,
	13.247 7.55102,
	13.2565 7.5345,
	13.2685 7.51866,
	13.2829 7.50366,
	13.2995 7.48964,
	13.3183 7.47676,
	13.339 7.46512,
	13.3615 7.45486,
	13.3854 7.44607,
	13.4106 7.43884,
	13.4368 7.43324,
	13.4637 7.42932,
	13.4911 7.42714,
	13.5188 7.4267,
	13.5463 7.42801,
	13.5735 7.43107,
	13.6001 7.43583,
	13.6258 7.44225,
	13.6504 7.45027,
	13.6736 7.45981,
	13.6952 7.47077,
	13.715 7.48305,
	13.7328 7.49652,
	13.7483 7.51105,
	13.7615 7.52649,
	13.7723 7.54269,
	13.7804 7.55949,
	13.7859 7.57672,
	13.7886 7.59422,
	13.7886 7.6118,
	13.7859 7.6293,
	13.7804 7.64653,
	13.7723 7.66333,
	13.7615 7.67953,
	13.7483 7.69497,
	13.7328 7.7095,
	13.715 7.72297,
	13.6952 7.73524,
	13.6736 7.74621,
	13.6504 7.75575,
	13.6258 7.76377,
	13.6001 7.77019,
	13.5735 7.77495,
	13.5463 7.77801,
	13.5188 7.77932,
	13.4911 7.77888,
	13.4637 7.7767,
	13.4368 7.77278,
	13.4106 7.76718,
	13.3854 7.75995,
	13.3615 7.75116,
	13.339 7.7409,
	13.3183 7.72926,
	13.2995 7.71637,
	13.2829 7.70236,
	13.2685 7.68736,
	13.2565 7.67152,
	13.247 7.65499,
	13.2402 7.63796,
	13.2361 7.62057,
	"/>
</Transform>

<Transform dim="3"
 xcoef=" 0.489279965458151 1.25456401399526 0 0 0 0"
 ycoef=" -0.451527387488239 0 1.25456401399526 0 0 0">
<Contour name="D028" hidden="false" closed="true" simplified="true" border="0 0 1" fill="0 0 1" mode="13"
 points="9.86412 9.14109,
	9.86588 9.11615,
	9.87112 9.09201,
	9.87967 9.06945,
	9.89124 9.04919,
	9.90548 9.03189,
	9.92191 9.0181,
	9.94002 9.00825,
	9.95922 9.00268,
	9.9789 9.00156,
	9.99842 9.00492,
	10.0171 9.01266,
	10.0345 9.02452,
	10.0499 9.04014,
	10.0628 9.05899,
	10.0729 9.08049,
	10.0799 9.10393,
	10.0834 9.12857,
	10.0834 9.15361,
	10.0799 9.17825,
	10.0729 9.20169,
	10.0628 9.22318,
	10.0499 9.24204,
	10.0345 9.25765,
	10.0171 9.26952,
	9.99842 9.27726,
	9.9789 9.28062,
	9.95922 9.27949,
	9.94002 9.27392,
	9.92191 9.26408,
	9.90548 9.25029,
	9.89124 9.23298,
	9.87967 9.21273,
	9.87112 9.19017,
	"/>
</Transform>

<Transform dim="3"
 xcoef=" 0.489279965458151 1.25456401399526 0 0 0 0"
 ycoef=" -0.451527387488239 0 1.25456401399526 0 0 0">
<Contour name="D029_edge" hidden="false" closed="true" simplified="true" border="0 0 1" fill="0 0 1" mode="13"
 points="13.0633 10.7249,
	13.0653 10.7025,
	13.0711 10.6804,
	13.0808 10.6589,
	13.0941 10.6383,
	13.1109 10.6187,
	13.131 10.6005,
	13.1542 10.5839,
	13.1801 10.5691,
	13.2084 10.5563,
	13.2388 10.5457,
	13.2708 10.5373,
	13.304 10.5314,
	13.3381 10.5279,
	13.3726 10.527,
	13.407 10.5285,
	13.4409 10.5326,
	13.4739 10.5392,
	13.5056 10.5481,
	13.5355 10.5593,
	13.5632 10.5726,
	13.5884 10.5879,
	13.6109 10.6049,
	13.6302 10.6235,
	13.6462 10.6433,
	13.6586 10.6642,
	13.6673 10.6859,
	13.6721 10.7081,
	13.6731 10.7305,
	13.6702 10.7528,
	13.6634 10.7748,
	13.6528 10.7961,
	13.6386 10.8165,
	13.6209 10.8357,
	13.6 10.8535,
	13.5761 10.8697,
	13.5496 10.884,
	13.5208 10.8963,
	13.4899 10.9064,
	13.4576 10.9141,
	13.4241 10.9195,
	13.3898 10.9223,
	13.3553 10.9226,
	13.321 10.9204,
	13.2873 10.9157,
	13.2546 10.9085,
	13.2234 10.899,
	13.194 10.8873,
	13.1668 10.8735,
	13.1423 10.8577,
	13.1206 10.8403,
	13.1021 10.8214,
	13.087 10.8013,
	13.0755 10.7802,
	13.0677 10.7583,
	"/>
</Transform>

<Transform dim="3"
 xcoef=" 0.489279965458151 1.25456401399526 0 0 0 0"
 ycoef=" -0.451527387488239 0 1.25456401399526 0 0 0">
<Contour name="D030" hidden="false" closed="true" simplified="true" border="0 0 1" fill="0 0 1" mode="13"
 points="12.822 7.81895,
	12.825 7.78602,
	12.8339 7.75564,
	12.8478 7.73016,
	12.8658 7.71156,
	12.8864 7.70129,
	12.9081 7.70013,
	12.9291 7.70817,
	12.9479 7.7248,
	12.963 7.74872,
	12.9732 7.77809,
	12.9777 7.81062,
	12.9762 7.84379,
	12.9688 7.87504,
	12.956 7.90195,
	12.9389 7.92242,
	12.9188 7.93488,
	12.8972 7.93836,
	12.8759 7.93258,
	12.8564 7.918,
	12.8403 7.89575,
	12.8288 7.86755,
	"/>
</Transform>

<Transform dim="3"
 xcoef=" 0.489279965458151 1.25456401399526 0 0 0 0"
 ycoef=" -0.451527387488239 0 1.25456401399526 0 0 0">
<Contour name="D032" hidden="false" closed="true" simplified="true" border="0 0 1" fill="0 0 1" mode="13"
 points="7.36968 3.12121,
	7.37052 3.08971,
	7.37301 3.05855,
	7.37712 3.0281,
	7.38282 2.99869,
	7.39004 2.97063,
	7.39869 2.94426,
	7.40869 2.91986,
	7.41991 2.8977,
	7.43224 2.87803,
	7.44554 2.86107,
	7.45966 2.84701,
	7.47445 2.83601,
	7.48972 2.82818,
	7.50533 2.82361,
	7.52109 2.82236,
	7.53683 2.82444,
	7.55237 2.82983,
	7.56754 2.83846,
	7.58217 2.85025,
	7.5961 2.86505,
	7.60917 2.8827,
	7.62124 2.90302,
	7.63217 2.92576,
	7.64184 2.95068,
	7.65015 2.9775,
	7.65699 3.00592,
	7.6623 3.03563,
	7.66601 3.06629,
	7.66809 3.09756,
	7.6685 3.1291,
	7.66726 3.16054,
	7.66436 3.19155,
	7.65984 3.22178,
	7.65376 3.25088,
	7.64617 3.27854,
	7.63717 3.30445,
	7.62686 3.32831,
	7.61534 3.34987,
	7.60276 3.36888,
	7.58924 3.38514,
	7.57494 3.39845,
	7.56001 3.40867,
	7.54464 3.41569,
	7.52898 3.41943,
	7.5132 3.41984,
	7.4975 3.41693,
	7.48203 3.41073,
	7.46698 3.4013,
	7.45251 3.38874,
	7.43878 3.37321,
	7.42595 3.35487,
	7.41415 3.33393,
	7.40353 3.31062,
	7.39419 3.28519,
	7.38624 3.25794,
	7.37978 3.22917,
	7.37486 3.1992,
	7.37156 3.16835,
	"/>
</Transform>

<Transform dim="3"
 xcoef=" 0.489279965458151 1.25456401399526 0 0 0 0"
 ycoef=" -0.451527387488239 0 1.25456401399526 0 0 0">
<Contour name="D033" hidden="false" closed="true" simplified="true" border="0 0 1" fill="0 0 1" mode="13"
 points="13.6057 2.53691,
	13.607 2.51368,
	13.6111 2.49141,
	13.6177 2.471,
	13.6266 2.45329,
	13.6374 2.439,
	13.6497 2.42872,
	13.6629 2.42287,
	13.6765 2.42169,
	13.69 2.42522,
	13.7028 2.43333,
	13.7144 2.44567,
	13.7243 2.46176,
	13.7321 2.48092,
	13.7375 2.50237,
	13.7403 2.52523,
	13.7403 2.54858,
	13.7375 2.57144,
	13.7321 2.59289,
	13.7243 2.61205,
	13.7144 2.62814,
	13.7028 2.64048,
	13.69 2.64859,
	13.6765 2.65212,
	13.6629 2.65094,
	13.6497 2.64509,
	13.6374 2.63481,
	13.6266 2.62052,
	13.6177 2.60281,
	13.6111 2.5824,
	13.607 2.56013,
	"/>
</Transform>

<Transform dim="3"
 xcoef=" 0.489279965458151 1.25456401399526 0 0 0 0"
 ycoef=" -0.451527387488239 0 1.25456401399526 0 0 0">
<Contour name="D034" hidden="false" closed="true" simplified="true" border="0 0 1" fill="0 0 1" mode="13"
 points="11.7572 2.58479,
	11.7577 2.56807,
	11.7592 2.55142,
	11.7616 2.53494,
	11.765 2.51871,
	11.7693 2.50279,
	11.7745 2.48727,
	11.7806 2.47223,
	11.7876 2.45774,
	11.7954 2.44387,
	11.804 2.43068,
	11.8133 2.41824,
	11.8233 2.40662,
	11.834 2.39586,
	11.8453 2.38603,
	11.8571 2.37716,
	11.8694 2.3693,
	11.8822 2.3625,
	11.8953 2.35677,
	11.9087 2.35216,
	11.9223 2.34868,
	11.9361 2.34635,
	11.9501 2.34518,
	11.964 2.34518,
	11.9779 2.34635,
	11.9917 2.34868,
	12.0054 2.35216,
	12.0188 2.35677,
	12.0319 2.3625,
	12.0446 2.3693,
	12.0569 2.37716,
	12.0688 2.38603,
	12.08 2.39586,
	12.0907 2.40662,
	12.1007 2.41824,
	12.1101 2.43068,
	12.1187 2.44387,
	12.1265 2.45774,
	12.1334 2.47223,
	12.1395 2.48727,
	12.1448 2.50279,
	12.1491 2.51871,
	12.1525 2.53494,
	12.1549 2.55142,
	12.1563 2.56807,
	12.1568 2.58479,
	12.1563 2.60151,
	12.1549 2.61816,
	12.1525 2.63464,
	12.1491 2.65087,
	12.1448 2.66679,
	12.1395 2.68231,
	12.1334 2.69735,
	12.1265 2.71184,
	12.1187 2.72571,
	12.1101 2.7389,
	12.1007 2.75133,
	12.0907 2.76296,
	12.08 2.77372,
	12.0688 2.78355,
	12.0569 2.79242,
	12.0446 2.80028,
	12.0319 2.80708,
	12.0188 2.81281,
	12.0054 2.81742,
	11.9917 2.8209,
	11.9779 2.82323,
	11.964 2.82439,
	11.9501 2.82439,
	11.9361 2.82323,
	11.9223 2.8209,
	11.9087 2.81742,
	11.8953 2.81281,
	11.8822 2.80708,
	11.8694 2.80028,
	11.8571 2.79242,
	11.8453 2.78355,
	11.834 2.77372,
	11.8233 2.76296,
	11.8133 2.75133,
	11.804 2.7389,
	11.7954 2.72571,
	11.7876 2.71184,
	11.7806 2.69735,
	11.7745 2.68231,
	11.7693 2.66679,
	11.765 2.65087,
	11.7616 2.63464,
	11.7592 2.61816,
	"/>
</Transform>

<Transform dim="3"
 xcoef=" 0.489279965458151 1.25456401399526 0 0 0 0"
 ycoef=" -0.451527387488239 0 1.25456401399526 0 0 0">
<Contour name="D035" hidden="false" closed="true" simplified="true" border="0 0 1" fill="0 0 1" mode="13"
 points="8.82037 3.41277,
	8.82136 3.39621,
	8.82432 3.37979,
	8.82921 3.36365,
	8.83601 3.34792,
	8.84465 3.33274,
	8.85505 3.31823,
	8.86715 3.30451,
	8.88082 3.29171,
	8.89596 3.27992,
	8.91244 3.26925,
	8.93012 3.25979,
	8.94885 3.25161,
	8.96848 3.24479,
	8.98884 3.23938,
	9.00975 3.23542,
	9.03105 3.23296,
	9.05255 3.23201,
	9.07407 3.23258,
	9.09544 3.23467,
	9.11646 3.23825,
	9.13698 3.2433,
	9.1568 3.24977,
	9.17577 3.25762,
	9.19373 3.26677,
	9.21052 3.27715,
	9.22601 3.28866,
	9.24006 3.30122,
	9.25256 3.31472,
	9.2634 3.32905,
	9.27249 3.34407,
	9.27975 3.35968,
	9.28513 3.37573,
	9.28857 3.39209,
	9.29005 3.40863,
	9.28955 3.4252,
	9.28709 3.44166,
	9.28268 3.45789,
	9.27635 3.47373,
	9.26817 3.48906,
	9.25819 3.50375,
	9.24651 3.51768,
	9.23322 3.53072,
	9.21844 3.54277,
	9.20228 3.55373,
	9.18489 3.5635,
	9.1664 3.57201,
	9.14698 3.57918,
	9.1268 3.58495,
	9.106 3.58927,
	9.08479 3.5921,
	9.06332 3.59343,
	9.04178 3.59324,
	9.02036 3.59154,
	8.99924 3.58832,
	8.97858 3.58364,
	8.95857 3.57752,
	8.93937 3.57001,
	8.92114 3.56118,
	8.90404 3.5511,
	8.88822 3.53986,
	8.87379 3.52755,
	8.8609 3.51427,
	8.84963 3.50015,
	8.8401 3.48528,
	8.83237 3.46981,
	8.82652 3.45386,
	8.82259 3.43756,
	"/>
</Transform>

<Transform dim="3"
 xcoef=" 0.489279965458151 1.25456401399526 0 0 0 0"
 ycoef=" -0.451527387488239 0 1.25456401399526 0 0 0">
<Contour name="D036" hidden="false" closed="true" simplified="true" border="0 0 1" fill="0 0 1" mode="13"
 points="17.6009 2.07449,
	17.6021 2.02893,
	17.6055 1.98385,
	17.6111 1.93974,
	17.6189 1.89705,
	17.6288 1.85624,
	17.6406 1.81774,
	17.6543 1.78197,
	17.6697 1.7493,
	17.6867 1.72008,
	17.705 1.69461,
	17.7245 1.67317,
	17.745 1.65598,
	17.7662 1.64323,
	17.7879 1.63505,
	17.8099 1.63153,
	17.832 1.6327,
	17.8539 1.63856,
	17.8754 1.64904,
	17.8963 1.66403,
	17.9163 1.68337,
	17.9352 1.70685,
	17.9529 1.73424,
	17.9691 1.76523,
	17.9837 1.79949,
	17.9965 1.83668,
	18.0073 1.87638,
	18.0162 1.91818,
	18.0229 1.96164,
	18.0274 2.0063,
	18.0297 2.05168,
	18.0297 2.0973,
	18.0274 2.14268,
	18.0229 2.18734,
	18.0162 2.2308,
	18.0073 2.2726,
	17.9965 2.31231,
	17.9837 2.34949,
	17.9691 2.38376,
	17.9529 2.41475,
	17.9352 2.44213,
	17.9163 2.46561,
	17.8963 2.48495,
	17.8754 2.49994,
	17.8539 2.51042,
	17.832 2.51628,
	17.8099 2.51745,
	17.7879 2.51393,
	17.7662 2.50575,
	17.745 2.493,
	17.7245 2.47582,
	17.705 2.45437,
	17.6867 2.42891,
	17.6697 2.39968,
	17.6543 2.36701,
	17.6406 2.33124,
	17.6288 2.29274,
	17.6189 2.25194,
	17.6111 2.20925,
	17.6055 2.16513,
	"/>
</Transform>

<Transform dim="3"
 xcoef=" 0.489279965458151 1.25456401399526 0 0 0 0"
 ycoef=" -0.451527387488239 0 1.25456401399526 0 0 0">
<Contour name="D039" hidden="false" closed="true" simplified="true" border="0 0 1" fill="0 0 1" mode="13"
 points="12.9735 2.45943,
	12.9743 2.44023,
	12.9767 2.4212,
	12.9807 2.40252,
	12.9863 2.38435,
	12.9934 2.36687,
	13.0019 2.35022,
	13.0118 2.33456,
	13.0229 2.32003,
	13.0353 2.30677,
	13.0486 2.29488,
	13.063 2.28449,
	13.0781 2.27568,
	13.0939 2.26854,
	13.1103 2.26312,
	13.127 2.25948,
	13.1439 2.25766,
	13.161 2.25766,
	13.1779 2.25948,
	13.1946 2.26312,
	13.211 2.26854,
	13.2268 2.27568,
	13.2419 2.28449,
	13.2563 2.29488,
	13.2696 2.30677,
	13.282 2.32003,
	13.2931 2.33456,
	13.303 2.35022,
	13.3115 2.36687,
	13.3186 2.38435,
	13.3242 2.40252,
	13.3282 2.4212,
	13.3306 2.44023,
	13.3314 2.45943,
	13.3306 2.47863,
	13.3282 2.49766,
	13.3242 2.51634,
	13.3186 2.53451,
	13.3115 2.552,
	13.303 2.56865,
	13.2931 2.58431,
	13.282 2.59883,
	13.2696 2.6121,
	13.2563 2.62398,
	13.2419 2.63438,
	13.2268 2.64318,
	13.211 2.65033,
	13.1946 2.65575,
	13.1779 2.65938,
	13.161 2.66121,
	13.1439 2.66121,
	13.127 2.65938,
	13.1103 2.65575,
	13.0939 2.65033,
	13.0781 2.64318,
	13.063 2.63438,
	13.0486 2.62398,
	13.0353 2.6121,
	13.0229 2.59883,
	13.0118 2.58431,
	13.0019 2.56865,
	12.9934 2.552,
	12.9863 2.53451,
	12.9807 2.51634,
	12.9767 2.49766,
	"/>
</Transform>

<Transform dim="3"
 xcoef=" 0.489279965458151 1.25456401399526 0 0 0 0"
 ycoef=" -0.451527387488239 0 1.25456401399526 0 0 0">
<Contour name="D040_edge" hidden="false" closed="true" simplified="true" border="0 0 1" fill="0 0 1" mode="13"
 points="9.75948 0.663703,
	9.76109 0.644755,
	9.7659 0.625943,
	9.77389 0.607398,
	9.785 0.589254,
	9.79915 0.571639,
	9.81623 0.554679,
	9.83613 0.538493,
	9.85871 0.523198,
	9.88379 0.508901,
	9.91122 0.495705,
	9.94078 0.483703,
	9.97227 0.472981,
	10.0055 0.463614,
	10.0401 0.45567,
	10.076 0.449205,
	10.1129 0.444264,
	10.1505 0.440884,
	10.1885 0.439087,
	10.2267 0.438887,
	10.2648 0.440286,
	10.3025 0.443272,
	10.3395 0.447825,
	10.3757 0.453913,
	10.4107 0.461493,
	10.4443 0.470509,
	10.4762 0.4809,
	10.5063 0.492589,
	10.5343 0.505495,
	10.56 0.519526,
	10.5832 0.534582,
	10.6038 0.550555,
	10.6216 0.567333,
	10.6364 0.584796,
	10.6483 0.602819,
	10.6571 0.621276,
	10.6627 0.640034,
	10.6651 0.658961,
	10.6643 0.677921,
	10.6603 0.69678,
	10.6531 0.715404,
	10.6428 0.73366,
	10.6294 0.751419,
	10.613 0.768555,
	10.5938 0.784945,
	10.5719 0.800474,
	10.5474 0.81503,
	10.5206 0.82851,
	10.4915 0.840819,
	10.4605 0.851868,
	10.4277 0.861581,
	10.3933 0.869886,
	10.3577 0.876726,
	10.3211 0.882051,
	10.2837 0.885824,
	10.2457 0.888019,
	10.2076 0.888618,
	10.1694 0.887619,
	10.1316 0.885028,
	10.0944 0.880864,
	10.058 0.875156,
	10.0226 0.867945,
	9.98868 0.859282,
	9.9563 0.849229,
	9.92574 0.837856,
	9.89722 0.825246,
	9.87095 0.811488,
	9.84709 0.796678,
	9.82584 0.780924,
	9.80733 0.764336,
	9.7917 0.747033,
	9.77906 0.729138,
	9.76951 0.710777,
	9.7631 0.692082,
	"/>
</Transform>

<Transform dim="3"
 xcoef=" 0.489279965458151 1.25456401399526 0 0 0 0"
 ycoef=" -0.451527387488239 0 1.25456401399526 0 0 0">
<Contour name="D041_longitudinal" hidden="false" closed="true" simplified="true" border="0 0 1" fill="0 0 1" mode="13"
 points="16.0754 2.07084,
	16.0786 2.03854,
	16.088 2.0068,
	16.1034 1.97618,
	16.1248 1.94722,
	16.1515 1.92041,
	16.1832 1.89624,
	16.2194 1.87511,
	16.2593 1.8574,
	16.3024 1.84343,
	16.3477 1.83342,
	16.3946 1.82757,
	16.4423 1.82596,
	16.4898 1.82863,
	16.5365 1.83554,
	16.5813 1.84656,
	16.6236 1.86149,
	16.6627 1.88008,
	16.6978 1.90201,
	16.7283 1.92689,
	16.7538 1.95428,
	16.7736 1.9837,
	16.7876 2.01465,
	16.7955 2.04659,
	16.7971 2.07894,
	16.7923 2.11116,
	16.7814 2.14267,
	16.7644 2.17292,
	16.7417 2.20139,
	16.7137 2.22758,
	16.6808 2.25104,
	16.6436 2.27134,
	16.6028 2.28814,
	16.5592 2.30114,
	16.5133 2.31012,
	16.4661 2.31492,
	16.4184 2.31546,
	16.371 2.31172,
	16.3248 2.30377,
	16.2805 2.29176,
	16.2389 2.27588,
	16.2008 2.25642,
	16.1668 2.23372,
	16.1375 2.20817,
	16.1134 2.18023,
	16.095 2.15037,
	16.0825 2.11912,
	"/>
</Transform>

<Transform dim="3"
 xcoef=" 0.489279965458151 1.25456401399526 0 0 0 0"
 ycoef=" -0.451527387488239 0 1.25456401399526 0 0 0">
<Contour name="D042_edge" hidden="false" closed="true" simplified="true" border="0 0 1" fill="0 0 1" mode="13"
 points="1.62026 4.64395,
	1.62413 4.61832,
	1.63569 4.59312,
	1.65473 4.56877,
	1.68094 4.54569,
	1.71388 4.52425,
	1.753 4.50481,
	1.79764 4.48771,
	1.84705 4.47323,
	1.90041 4.4616,
	1.95682 4.45304,
	2.01534 4.44767,
	2.07498 4.44559,
	2.13474 4.44684,
	2.19363 4.45139,
	2.25066 4.45917,
	2.30487 4.47004,
	2.35535 4.48383,
	2.40125 4.50031,
	2.44182 4.51919,
	2.47636 4.54016,
	2.5043 4.56287,
	2.52517 4.58694,
	2.53862 4.61196,
	2.54442 4.63752,
	2.54248 4.66319,
	2.53284 4.68854,
	2.51564 4.71314,
	2.49119 4.73657,
	2.45988 4.75846,
	2.42225 4.77843,
	2.37892 4.79614,
	2.33063 4.8113,
	2.27817 4.82366,
	2.22244 4.83301,
	2.16436 4.83919,
	2.10491 4.84209,
	2.04508 4.84167,
	1.98588 4.83794,
	1.92829 4.83096,
	1.87329 4.82085,
	1.8218 4.80777,
	1.77468 4.79194,
	1.73271 4.77364,
	1.6966 4.75316,
	1.66697 4.73085,
	1.64429 4.70708,
	1.62896 4.68225,
	"/>
</Transform>

<Transform dim="3"
 xcoef=" 0.489279965458151 1.25456401399526 0 0 0 0"
 ycoef=" -0.451527387488239 0 1.25456401399526 0 0 0">
<Contour name="D043" hidden="false" closed="true" simplified="true" border="0 0 1" fill="0 0 1" mode="13"
 points="2.60642 10.2129,
	2.60739 10.1866,
	2.61028 10.1605,
	2.61508 10.1348,
	2.62175 10.1097,
	2.63023 10.0854,
	2.64047 10.062,
	2.65238 10.0398,
	2.66588 10.019,
	2.68086 9.99954,
	2.69721 9.98175,
	2.7148 9.96572,
	2.7335 9.95158,
	2.75316 9.93942,
	2.77365 9.92934,
	2.79479 9.92143,
	2.81644 9.91573,
	2.83842 9.91229,
	2.86057 9.91114,
	2.88272 9.91229,
	2.90471 9.91573,
	2.92635 9.92143,
	2.9475 9.92934,
	2.96798 9.93942,
	2.98765 9.95158,
	3.00635 9.96572,
	3.02394 9.98175,
	3.04029 9.99954,
	3.05527 10.019,
	3.06876 10.0398,
	3.08068 10.062,
	3.09091 10.0854,
	3.0994 10.1097,
	3.10607 10.1348,
	3.11087 10.1605,
	3.11376 10.1866,
	3.11473 10.2129,
	3.11376 10.2393,
	3.11087 10.2654,
	3.10607 10.2911,
	3.0994 10.3162,
	3.09091 10.3405,
	3.08068 10.3639,
	3.06876 10.3861,
	3.05527 10.4069,
	3.04029 10.4264,
	3.02394 10.4441,
	3.00635 10.4602,
	2.98765 10.4743,
	2.96798 10.4865,
	2.9475 10.4966,
	2.92635 10.5045,
	2.90471 10.5102,
	2.88272 10.5136,
	2.86057 10.5148,
	2.83842 10.5136,
	2.81644 10.5102,
	2.79479 10.5045,
	2.77365 10.4966,
	2.75316 10.4865,
	2.7335 10.4743,
	2.7148 10.4602,
	2.69721 10.4441,
	2.68086 10.4264,
	2.66588 10.4069,
	2.65238 10.3861,
	2.64047 10.3639,
	2.63023 10.3405,
	2.62175 10.3162,
	2.61508 10.2911,
	2.61028 10.2654,
	2.60739 10.2393,
	"/>
</Transform>

<Transform dim="3"
 xcoef=" 0.489279965458151 1.25456401399526 0 0 0 0"
 ycoef=" -0.451527387488239 0 1.25456401399526 0 0 0">
<Contour name="D044" hidden="false" closed="true" simplified="true" border="0 0 1" fill="0 0 1" mode="13"
 points="5.95355 10.8217,
	5.95518 10.8007,
	5.96004 10.78,
	5.96805 10.7601,
	5.97907 10.7412,
	5.99292 10.7236,
	6.00937 10.7077,
	6.02814 10.6937,
	6.04892 10.6818,
	6.07135 10.6723,
	6.09507 10.6653,
	6.11968 10.6609,
	6.14476 10.6592,
	6.16989 10.6602,
	6.19465 10.6639,
	6.21863 10.6703,
	6.24142 10.6792,
	6.26265 10.6905,
	6.28195 10.704,
	6.29901 10.7195,
	6.31353 10.7366,
	6.32528 10.7552,
	6.33406 10.775,
	6.33971 10.7955,
	6.34215 10.8164,
	6.34134 10.8374,
	6.33728 10.8582,
	6.33005 10.8783,
	6.31977 10.8975,
	6.3066 10.9155,
	6.29078 10.9318,
	6.27256 10.9463,
	6.25225 10.9588,
	6.2302 10.9689,
	6.20676 10.9765,
	6.18234 10.9816,
	6.15734 10.984,
	6.13218 10.9836,
	6.10729 10.9806,
	6.08308 10.9749,
	6.05995 10.9666,
	6.0383 10.9559,
	6.01848 10.9429,
	6.00083 10.9279,
	5.98565 10.9111,
	5.97319 10.8929,
	5.96366 10.8734,
	5.95721 10.853,
	"/>
</Transform>

<Transform dim="3"
 xcoef=" 0.489279965458151 1.25456401399526 0 0 0 0"
 ycoef=" -0.451527387488239 0 1.25456401399526 0 0 0">
<Contour name="D045" hidden="false" closed="true" simplified="true" border="0 0 1" fill="0 0 1" mode="13"
 points="4.98112 11.3845,
	4.98193 11.3696,
	4.98435 11.3548,
	4.98834 11.3405,
	4.99386 11.3267,
	5.00084 11.3136,
	5.00919 11.3014,
	5.01881 11.2903,
	5.02957 11.2803,
	5.04134 11.2717,
	5.05396 11.2644,
	5.0673 11.2587,
	5.08116 11.2546,
	5.09539 11.2521,
	5.10979 11.2512,
	5.1242 11.2521,
	5.13843 11.2546,
	5.15229 11.2587,
	5.16562 11.2644,
	5.17825 11.2717,
	5.19002 11.2803,
	5.20078 11.2903,
	5.21039 11.3014,
	5.21874 11.3136,
	5.22572 11.3267,
	5.23125 11.3405,
	5.23524 11.3548,
	5.23766 11.3696,
	5.23847 11.3845,
	5.23766 11.3994,
	5.23524 11.4141,
	5.23125 11.4285,
	5.22572 11.4423,
	5.21874 11.4554,
	5.21039 11.4676,
	5.20078 11.4787,
	5.19002 11.4887,
	5.17825 11.4973,
	5.16562 11.5046,
	5.15229 11.5103,
	5.13843 11.5144,
	5.1242 11.5169,
	5.10979 11.5178,
	5.09539 11.5169,
	5.08116 11.5144,
	5.0673 11.5103,
	5.05396 11.5046,
	5.04134 11.4973,
	5.02957 11.4887,
	5.01881 11.4787,
	5.00919 11.4676,
	5.00084 11.4554,
	4.99386 11.4423,
	4.98834 11.4285,
	4.98435 11.4141,
	"/>
</Transform>

<Transform dim="3"
 xcoef=" 0.489279965458151 1.25456401399526 0 0 0 0"
 ycoef=" -0.451527387488239 0 1.25456401399526 0 0 0">
<Contour name="D047" hidden="false" closed="true" simplified="true" border="0 0 1" fill="0 0 1" mode="13"
 points="7.13456 1.91157,
	7.13598 1.85923,
	7.1402 1.80746,
	7.14719 1.75681,
	7.15686 1.70783,
	7.16912 1.66104,
	7.18384 1.61695,
	7.20085 1.57604,
	7.21997 1.53874,
	7.24099 1.50546,
	7.26369 1.47656,
	7.28783 1.45234,
	7.31314 1.43307,
	7.33935 1.41896,
	7.36618 1.41016,
	7.39334 1.40676,
	7.42053 1.4088,
	7.44747 1.41626,
	7.47386 1.42906,
	7.49942 1.44705,
	7.52388 1.47005,
	7.54696 1.49781,
	7.56843 1.53003,
	7.58804 1.56636,
	7.6056 1.60641,
	7.6209 1.64974,
	7.63379 1.6959,
	7.64412 1.74439,
	7.65179 1.79467,
	7.65671 1.84621,
	7.65883 1.89846,
	7.65812 1.95085,
	7.6546 2.00282,
	7.6483 2.0538,
	7.63928 2.10325,
	7.62766 2.15064,
	7.61354 2.19545,
	7.59709 2.23719,
	7.57848 2.27544,
	7.55791 2.30976,
	7.53561 2.33978,
	7.51181 2.3652,
	7.48676 2.38572,
	7.46075 2.40114,
	7.43405 2.41128,
	7.40695 2.41604,
	7.37973 2.41536,
	7.3527 2.40925,
	7.32615 2.39778,
	7.30035 2.38106,
	7.2756 2.35929,
	7.25215 2.3327,
	7.23025 2.30156,
	7.21015 2.26623,
	7.19207 2.22707,
	7.17618 2.18451,
	7.16268 2.13901,
	7.15169 2.09106,
	7.14335 2.04118,
	7.13774 1.9899,
	"/>
</Transform>

<Transform dim="3"
 xcoef=" 0.489279965458151 1.25456401399526 0 0 0 0"
 ycoef=" -0.451527387488239 0 1.25456401399526 0 0 0">
<Contour name="D048" hidden="false" closed="true" simplified="true" border="0 0 1" fill="0 0 1" mode="13"
 points="14.4775 9.39679,
	14.4797 9.36112,
	14.486 9.32627,
	14.4963 9.29303,
	14.5105 9.26217,
	14.5281 9.23438,
	14.5488 9.21031,
	14.5722 9.19051,
	14.5976 9.17542,
	14.6245 9.16541,
	14.6522 9.16068,
	14.6802 9.16136,
	14.7078 9.16742,
	14.7344 9.17873,
	14.7593 9.19503,
	14.7821 9.21595,
	14.802 9.241,
	14.8188 9.26962,
	14.8321 9.30115,
	14.8414 9.33486,
	14.8467 9.37,
	14.8478 9.40574,
	14.8446 9.44128,
	14.8373 9.47581,
	14.8259 9.50852,
	14.8109 9.53868,
	14.7924 9.56559,
	14.771 9.58864,
	14.7471 9.60731,
	14.7213 9.62115,
	14.6941 9.62986,
	14.6662 9.63324,
	14.6383 9.63121,
	14.6109 9.62382,
	14.5846 9.61123,
	14.5602 9.59374,
	14.5381 9.57174,
	14.5189 9.54574,
	14.5029 9.51633,
	14.4907 9.48418,
	14.4823 9.45004,
	"/>
</Transform>

<Transform dim="3"
 xcoef=" 0.489279965458151 1.25456401399526 0 0 0 0"
 ycoef=" -0.451527387488239 0 1.25456401399526 0 0 0">
<Contour name="D049" hidden="false" closed="true" simplified="true" border="0 0 1" fill="0 0 1" mode="13"
 points="11.7287 4.33664,
	11.7306 4.31117,
	11.7365 4.28595,
	11.7463 4.26126,
	11.7598 4.23733,
	11.7769 4.21443,
	11.7975 4.19278,
	11.8213 4.17261,
	11.848 4.15412,
	11.8776 4.1375,
	11.9095 4.12293,
	11.9435 4.11055,
	11.9792 4.10049,
	12.0163 4.09286,
	12.0544 4.08772,
	12.0931 4.08514,
	12.1319 4.08514,
	12.1706 4.08772,
	12.2087 4.09286,
	12.2458 4.10049,
	12.2815 4.11055,
	12.3155 4.12293,
	12.3474 4.1375,
	12.3769 4.15412,
	12.4037 4.17261,
	12.4275 4.19278,
	12.4481 4.21443,
	12.4652 4.23733,
	12.4787 4.26126,
	12.4885 4.28595,
	12.4944 4.31117,
	12.4963 4.33664,
	12.4944 4.36212,
	12.4885 4.38734,
	12.4787 4.41203,
	12.4652 4.43595,
	12.4481 4.45886,
	12.4275 4.4805,
	12.4037 4.50068,
	12.3769 4.51917,
	12.3474 4.53578,
	12.3155 4.55035,
	12.2815 4.56273,
	12.2458 4.57279,
	12.2087 4.58043,
	12.1706 4.58557,
	12.1319 4.58815,
	12.0931 4.58815,
	12.0544 4.58557,
	12.0163 4.58043,
	11.9792 4.57279,
	11.9435 4.56273,
	11.9095 4.55035,
	11.8776 4.53578,
	11.848 4.51917,
	11.8213 4.50068,
	11.7975 4.4805,
	11.7769 4.45886,
	11.7598 4.43595,
	11.7463 4.41203,
	11.7365 4.38734,
	11.7306 4.36212,
	"/>
</Transform>

<Transform dim="1"
 xcoef=" 0 1 0 0 0 0"
 ycoef=" -0.33990781056306 0 1 0 0 0">
<Contour name="D049 ax01" hidden="false" closed="true" simplified="false" border="0 1 1" fill="0 1 1" mode="-9"
 points="9.32694 2.81956,
	9.34725 2.79925,
	9.26601 2.71802,
	9.28632 2.69771,
	9.36756 2.77894,
	9.38787 2.75863,
	9.38787 2.81956,
	"/>
</Transform>

<Transform dim="1"
 xcoef=" 0 1 0 0 0 0"
 ycoef=" -0.33990781056306 0 1 0 0 0">
<Contour name="D054" hidden="false" closed="true" simplified="true" border="0 0 1" fill="0 0 1" mode="13"
 points="2.79154 1.7216,
	2.79377 1.69301,
	2.80034 1.6659,
	2.81091 1.64169,
	2.82492 1.62163,
	2.84166 1.60677,
	2.86024 1.59787,
	2.87971 1.59541,
	2.89906 1.59951,
	2.91727 1.60995,
	2.9334 1.62619,
	2.94662 1.6474,
	2.95623 1.67246,
	2.96173 1.70008,
	2.96285 1.72881,
	2.95951 1.75717,
	2.95191 1.78368,
	2.94042 1.80697,
	2.92565 1.82581,
	2.90837 1.83924,
	2.88947 1.84656,
	2.86993 1.84738,
	2.85078 1.84167,
	2.833 1.82971,
	2.81752 1.81214,
	2.80515 1.78986,
	2.79653 1.76403,
	"/>
</Transform>

<Transform dim="1"
 xcoef=" 0 1 0 0 0 0"
 ycoef=" -0.33990781056306 0 1 0 0 0">
<Contour name="D055" hidden="false" closed="true" simplified="true" border="0 0 1" fill="0 0 1" mode="13"
 points="1.20984 1.56025,
	1.2158 1.53744,
	1.23308 1.51686,
	1.26001 1.50053,
	1.29394 1.49004,
	1.33155 1.48643,
	1.36916 1.49004,
	1.40309 1.50053,
	1.43001 1.51686,
	1.4473 1.53744,
	1.45326 1.56025,
	1.4473 1.58307,
	1.43001 1.60365,
	1.40309 1.61998,
	1.36916 1.63046,
	1.33155 1.63408,
	1.29394 1.63046,
	1.26001 1.61998,
	1.23308 1.60365,
	"/>
</Transform>

<Transform dim="1"
 xcoef=" 0 1 0 0 0 0"
 ycoef=" -0.33990781056306 0 1 0 0 0">
<Contour name="D046_ax01" hidden="false" closed="true" simplified="false" border="0 1 1" fill="0 1 1" mode="11"
 points="13.7556 0.957243,
	13.7671 0.945708,
	13.721 0.899567,
	13.7325 0.888032,
	13.7786 0.934172,
	13.7902 0.922637,
	13.7902 0.957243,
	"/>
</Transform>

<Transform dim="1"
 xcoef=" 0 1 0 0 0 0"
 ycoef=" -0.33990781056306 0 1 0 0 0">
<Contour name="D020_ax01" hidden="false" closed="true" simplified="false" border="0 1 1" fill="0 1 1" mode="11"
 points="11.7889 7.32534,
	11.7974 7.31684,
	11.7634 7.28283,
	11.7719 7.27433,
	11.8059 7.30834,
	11.8144 7.29984,
	11.8144 7.32534,
	"/>
</Transform>

<Transform dim="1"
 xcoef=" 0 1 0 0 0 0"
 ycoef=" -0.33990781056306 0 1 0 0 0">
<Contour name="D046" hidden="false" closed="true" simplified="true" border="0 0 1" fill="0 0 1" mode="13"
 points="12.0187 1.78852,
	12.0189 1.7797,
	12.0196 1.77091,
	12.0208 1.76222,
	12.0225 1.75364,
	12.0247 1.74524,
	12.0273 1.73704,
	12.0303 1.72908,
	12.0338 1.72141,
	12.0377 1.71406,
	12.042 1.70706,
	12.0466 1.70045,
	12.0516 1.69427,
	12.0569 1.68853,
	12.0626 1.68326,
	12.0685 1.6785,
	12.0746 1.67426,
	12.081 1.67057,
	12.0876 1.66744,
	12.0943 1.66489,
	12.1011 1.66292,
	12.1081 1.66155,
	12.1151 1.66079,
	12.1221 1.66064,
	12.1291 1.6611,
	12.136 1.66216,
	12.1429 1.66383,
	12.1497 1.66609,
	12.1564 1.66893,
	12.1628 1.67235,
	12.1691 1.67631,
	12.1751 1.68082,
	12.1809 1.68583,
	12.1864 1.69134,
	12.1916 1.69731,
	12.1964 1.70371,
	12.2009 1.71051,
	12.205 1.71769,
	12.2086 1.72521,
	12.2119 1.73303,
	12.2147 1.74111,
	12.2171 1.74942,
	12.219 1.75791,
	12.2205 1.76655,
	12.2214 1.7753,
	12.2219 1.78411,
	12.2219 1.79293,
	12.2214 1.80174,
	12.2205 1.81049,
	12.219 1.81913,
	12.2171 1.82762,
	12.2147 1.83593,
	12.2119 1.84401,
	12.2086 1.85183,
	12.205 1.85935,
	12.2009 1.86653,
	12.1964 1.87333,
	12.1916 1.87974,
	12.1864 1.8857,
	12.1809 1.89121,
	12.1751 1.89622,
	12.1691 1.90073,
	12.1628 1.90469,
	12.1564 1.90811,
	12.1497 1.91095,
	12.1429 1.91321,
	12.136 1.91488,
	12.1291 1.91594,
	12.1221 1.9164,
	12.1151 1.91625,
	12.1081 1.91549,
	12.1011 1.91412,
	12.0943 1.91216,
	12.0876 1.9096,
	12.081 1.90647,
	12.0746 1.90278,
	12.0685 1.89854,
	12.0626 1.89378,
	12.0569 1.88852,
	12.0516 1.88278,
	12.0466 1.87659,
	12.042 1.86998,
	12.0377 1.86298,
	12.0338 1.85563,
	12.0303 1.84796,
	12.0273 1.84,
	12.0247 1.8318,
	12.0225 1.8234,
	12.0208 1.81482,
	12.0196 1.80613,
	"/>
</Transform>

<Transform dim="1"
 xcoef=" 0 1 0 0 0 0"
 ycoef=" -0.33990781056306 0 1 0 0 0">
<Contour name="D057" hidden="false" closed="true" simplified="true" border="0 0 1" fill="0 0 1" mode="11"
 points="8.31094 9.83521,
	8.31147 9.82424,
	8.31305 9.81343,
	8.31567 9.80291,
	8.31928 9.79284,
	8.32384 9.78335,
	8.32929 9.77458,
	8.33554 9.76664,
	8.34251 9.75965,
	8.35011 9.7537,
	8.35823 9.74887,
	8.36677 9.74523,
	8.37559 9.74283,
	8.38459 9.7417,
	8.39363 9.74186,
	8.40259 9.74331,
	8.41135 9.74602,
	8.41979 9.74996,
	8.4278 9.75508,
	8.43525 9.7613,
	8.44205 9.76854,
	8.44811 9.7767,
	8.45334 9.78566,
	8.45767 9.79531,
	8.46104 9.8055,
	8.4634 9.81611,
	8.46472 9.82698,
	8.46499 9.83796,
	8.46419 9.8489,
	8.46234 9.85966,
	8.45948 9.87008,
	8.45562 9.88001,
	8.45083 9.88933,
	8.44518 9.89791,
	8.43874 9.90562,
	8.4316 9.91236,
	8.42386 9.91804,
	8.41562 9.92258,
	8.40701 9.92591,
	8.39813 9.928,
	8.38911 9.9288,
	8.38008 9.92832,
	8.37115 9.92655,
	8.36246 9.92353,
	8.35412 9.91928,
	8.34624 9.91388,
	8.33894 9.9074,
	8.33232 9.89992,
	8.32646 9.89155,
	8.32145 9.88241,
	8.31735 9.87261,
	8.31423 9.8623,
	8.31213 9.85161,
	"/>
</Transform>

<Transform dim="1"
 xcoef=" 0 1 0 0 0 0"
 ycoef=" -0.33990781056306 0 1 0 0 0">
<Contour name="D057 ax01" hidden="false" closed="true" simplified="false" border="0 1 1" fill="0 1 1" mode="-9"
 points="3.12348 1.57952,
	3.14084 1.56216,
	3.07143 1.49275,
	3.08878 1.4754,
	3.15819 1.54481,
	3.17554 1.52746,
	3.17554 1.57952,
	"/>
</Transform>

<Transform dim="1"
 xcoef=" -0.05 1 0 0 0 0"
 ycoef=" -0.33990781056306 0 1 0 0 0">
<Contour name="d046_o17" hidden="false" closed="true" simplified="false" border="1 0 0" fill="1 0 0" mode="-13"
 points="11.7557 1.91763,
	11.7816 1.91763,
	11.7687 1.94134,
	"/>
</Transform>

<Transform dim="0"
 xcoef=" 0 1 0 0 0 0"
 ycoef=" 0 0 1 0 0 0">
<Contour name="d046_checked" hidden="false" closed="true" simplified="false" border="0 1 0" fill="0 1 0" mode="-13"
 points="12.1914 2.42847,
	12.1978 2.41943,
	12.1914 2.41038,
	12.1953 2.41038,
	12.2004 2.41813,
	12.2056 2.41038,
	12.2095 2.41038,
	12.203 2.41943,
	12.2095 2.42847,
	12.2056 2.42847,
	12.2004 2.42072,
	12.1953 2.42847,
	"/>
</Transform>

<Transform dim="0"
 xcoef=" 0 1 0 0 0 0"
 ycoef=" 0 0 1 0 0 0">
<Contour name="d046_p17" hidden="false" closed="true" simplified="true" border="1 1 0" fill="1 1 0" mode="11"
 points="11.2066 2.25895,
	11.2161 2.24819,
	11.2201 2.24281,
	11.2214 2.24012,
	11.212 2.21859,
	11.2093 2.21321,
	11.2134 2.20245,
	11.2201 2.19168,
	11.2416 2.18226,
	11.2524 2.17957,
	11.2578 2.17823,
	11.2685 2.18092,
	11.2901 2.17688,
	11.3008 2.17554,
	11.3223 2.17823,
	11.3439 2.18765,
	11.3546 2.19168,
	11.3627 2.19706,
	11.3721 2.20514,
	11.3775 2.20783,
	11.3802 2.21052,
	11.3856 2.21186,
	11.3883 2.21455,
	11.4098 2.22128,
	11.4125 2.22128,
	11.4179 2.22532,
	11.4206 2.22801,
	11.4259 2.22935,
	11.4313 2.23339,
	11.434 2.23339,
	11.4354 2.23608,
	11.4407 2.23743,
	11.4461 2.24281,
	11.4488 2.24281,
	11.4596 2.25088,
	11.4703 2.25492,
	11.4717 2.25761,
	11.4744 2.25761,
	11.4851 2.26434,
	11.4959 2.26837,
	11.5174 2.28183,
	11.5282 2.28721,
	11.5309 2.2899,
	11.5336 2.2899,
	11.5443 2.29663,
	11.5551 2.30066,
	11.5766 2.30066,
	11.5874 2.30066,
	11.5928 2.30066,
	11.5982 2.29797,
	11.6008 2.29797,
	11.6035 2.29528,
	11.6062 2.29528,
	11.6251 2.28048,
	11.6412 2.26164,
	11.6466 2.25088,
	11.6493 2.24819,
	11.6493 2.2455,
	11.656 2.23474,
	11.6735 2.21725,
	11.6923 2.19706,
	11.695 2.19706,
	11.7058 2.18899,
	11.7085 2.1863,
	11.7179 2.18226,
	11.7381 2.16746,
	11.7462 2.1567,
	11.7488 2.15535,
	11.7488 2.15401,
	11.761 2.14459,
	11.765 2.14056,
	11.7663 2.14594,
	11.7623 2.18899,
	11.7636 2.2751,
	11.7636 2.31815,
	11.7771 2.40426,
	11.7811 2.42579,
	11.7879 2.44731,
	11.7906 2.45673,
	11.769 2.44731,
	11.7583 2.44462,
	11.7556 2.44328,
	11.7125 2.45539,
	11.691 2.45673,
	11.6802 2.45539,
	11.6587 2.44462,
	11.6479 2.44059,
	11.6426 2.4379,
	11.5995 2.44597,
	11.578 2.4527,
	11.5726 2.45539,
	11.5659 2.47691,
	11.5578 2.48768,
	11.5363 2.49441,
	11.5147 2.4971,
	11.504 2.49979,
	11.4986 2.49979,
	11.4878 2.50382,
	11.4663 2.51728,
	11.4555 2.52535,
	11.434 2.52939,
	11.4125 2.52939,
	11.391 2.52535,
	11.3694 2.51324,
	11.3479 2.49306,
	11.3385 2.4823,
	11.3345 2.47691,
	11.3318 2.47422,
	11.3304 2.46884,
	11.317 2.44731,
	11.2981 2.42579,
	11.2685 2.38273,
	11.2349 2.33968,
	11.2214 2.31815,
	11.2187 2.31277,
	11.2161 2.29124,
	11.2066 2.26972,
	11.2053 2.2603,
	"/>
</Transform>

<Transform dim="0"
 xcoef=" 0 1 0 0 0 0"
 ycoef=" 0 0 1 0 0 0">
<Contour name="d046" hidden="false" closed="true" simplified="true" border="1 1 0" fill="1 1 0" mode="11"
 points="11.6655 2.26586,
	11.6677 2.24817,
	11.6688 2.23932,
	11.6688 2.2349,
	11.6754 2.2172,
	11.6843 2.19951,
	11.6931 2.19066,
	11.7108 2.1796,
	11.7152 2.17629,
	11.7197 2.17518,
	11.7208 2.17297,
	11.7252 2.17186,
	11.7606 2.14532,
	11.7749 2.12873,
	11.7816 2.11989,
	11.7949 2.0845,
	11.8015 2.06681,
	11.8358 1.99603,
	11.8524 1.96065,
	11.8612 1.94295,
	11.8723 1.92526,
	11.8866 1.90757,
	11.8988 1.88987,
	11.9065 1.87218,
	11.9121 1.86333,
	11.9276 1.84564,
	11.9452 1.8379,
	11.9629 1.83458,
	11.9983 1.83901,
	12.0072 1.84011,
	12.0249 1.8379,
	12.0426 1.84011,
	12.0603 1.84564,
	12.0956 1.85006,
	12.131 1.85228,
	12.1487 1.86002,
	12.1841 1.88103,
	12.2195 1.89872,
	12.2372 1.90978,
	12.246 1.91531,
	12.2549 1.92416,
	12.2648 1.94185,
	12.2715 1.95954,
	12.2903 1.99493,
	12.2991 2.01262,
	12.3102 2.03032,
	12.3168 2.03916,
	12.319 2.04359,
	12.3234 2.04801,
	12.3245 2.05243,
	12.3323 2.06128,
	12.3356 2.07013,
	12.361 2.10551,
	12.3688 2.11436,
	12.3787 2.13205,
	12.3909 2.14975,
	12.4064 2.16633,
	12.4152 2.16855,
	12.4241 2.16855,
	12.4285 2.16855,
	12.4373 2.17297,
	12.4407 2.18182,
	12.4396 2.19951,
	12.4384 2.20836,
	12.4429 2.22605,
	12.4429 2.22826,
	12.4506 2.23711,
	12.4517 2.2548,
	12.4517 2.26365,
	12.4528 2.26807,
	12.4517 2.27249,
	12.4473 2.27249,
	12.4384 2.27581,
	12.4208 2.27802,
	12.4163 2.27802,
	12.4075 2.28355,
	12.3997 2.2924,
	12.392 2.31009,
	12.392 2.31452,
	12.3898 2.31894,
	12.3909 2.35433,
	12.3898 2.36317,
	12.3854 2.37202,
	12.3787 2.37976,
	12.361 2.38861,
	12.3566 2.38971,
	12.3522 2.39414,
	12.3345 2.40298,
	12.3168 2.40962,
	12.308 2.41404,
	12.2903 2.4262,
	12.2549 2.43616,
	12.246 2.44058,
	12.2106 2.44832,
	12.1753 2.45385,
	12.1045 2.45717,
	12.0868 2.45827,
	12.0779 2.46049,
	12.0735 2.46049,
	12.0558 2.46602,
	11.9851 2.47597,
	11.9497 2.47707,
	11.9143 2.47486,
	11.9054 2.47376,
	11.87 2.47929,
	11.8524 2.47929,
	11.817 2.47486,
	11.7993 2.4638,
	11.7904 2.45827,
	11.7727 2.45164,
	11.7683 2.45053,
	11.7661 2.44832,
	11.7573 2.44722,
	11.7484 2.4439,
	11.7307 2.44279,
	11.7219 2.43947,
	11.7064 2.42178,
	11.6964 2.40409,
	11.6942 2.40188,
	11.6787 2.36649,
	11.6765 2.36207,
	11.6765 2.35764,
	11.671 2.33995,
	11.6655 2.30456,
	11.6655 2.26918,
	11.6655 2.26696,
	"/>
</Transform>

<Transform dim="0"
 xcoef=" 0 1 0 0 0 0"
 ycoef=" 0 0 1 0 0 0">
<Contour name="d046_checked" hidden="false" closed="true" simplified="false" border="0 1 0" fill="0 1 0" mode="-13"
 points="11.8093 2.27414,
	11.8161 2.26461,
	11.8093 2.25508,
	11.8134 2.25508,
	11.8188 2.26325,
	11.8243 2.25508,
	11.8284 2.25508,
	11.8216 2.26461,
	11.8284 2.27414,
	11.8243 2.27414,
	11.8188 2.26597,
	11.8134 2.27414,
	"/>
</Transform>

<Transform dim="0"
 xcoef=" 0 1 0 0 0 0"
 ycoef=" 0 0 1 0 0 0">
<Contour name="d046_cfa16_shaft_symmetric" hidden="false" closed="false" simplified="false" border="0 1 0" fill="0 1 0" mode="11"
 points="12.3639 2.37777,
	12.3461 2.38131,
	12.3142 2.39373,
	12.2663 2.41412,
	12.2327 2.42653,
	12.1724 2.43717,
	12.1165 2.44072,
	12.05 2.45313,
	"/>
</Transform>

<Transform dim="0"
 xcoef=" 0 1 0 0 0 0"
 ycoef=" 0 0 1 0 0 0">
<Contour name="D046_ax01" hidden="false" closed="true" simplified="false" border="0 1 1" fill="0 1 1" mode="-11"
 points="13.3814 3.23701,
	13.3908 3.22763,
	13.3533 3.19011,
	13.3626 3.18073,
	13.4002 3.21825,
	13.4095 3.20887,
	13.4095 3.23701,
	"/>
</Transform>

<Transform dim="0"
 xcoef=" 0 1 0 0 0 0"
 ycoef=" 0 0 1 0 0 0">
<Contour name="D046_ax01" hidden="false" closed="true" simplified="false" border="0 1 1" fill="0 1 1" mode="-11"
 points="8.85226 6.11798,
	8.86608 6.10415,
	8.81078 6.04884,
	8.8246 6.03502,
	8.87991 6.09032,
	8.89374 6.0765,
	8.89374 6.11798,
	"/>
</Transform>

<Transform dim="1"
 xcoef=" 0.39 1 0 0 0 0"
 ycoef=" -0.35990781056306 0 1 0 0 0">
<Image mag="0.00201646" contrast="1.886" brightness="-0.895" red="true" green="true" blue="true"
 src="077____z76.0.tif" />
<Contour name="domain1" hidden="false" closed="true" simplified="false" border="1 0 1" fill="1 0 1" mode="11"
 points="0 0,
	9551 0,
	9551 5063,
	0 5063,
	"/>
</Transform>

<Transform dim="1"
 xcoef=" 0.01 1 0 0 0 0"
 ycoef=" 0.08 0 1 0 0 0">
<Contour name="d046_o16_shaft_symmetric" hidden="false" closed="true" simplified="false" border="1 0 0" fill="1 0 0" mode="-13"
 points="12.1916 2.40984,
	12.2163 2.40984,
	12.204 2.43253,
	"/>
</Transform>

<Transform dim="0"
 xcoef=" 0 1 0 0 0 0"
 ycoef=" 0 0 1 0 0 0">
<Contour name="D046_ax01" hidden="false" closed="true" simplified="false" border="0 1 1" fill="0 1 1" mode="11"
 points="12.2272 2.67273,
	12.2387 2.66119,
	12.1925 2.61505,
	12.2041 2.60352,
	12.2502 2.64966,
	12.2618 2.63812,
	12.2618 2.67273,
	"/>
</Transform>

<Transform dim="0"
 xcoef=" 0 1 0 0 0 0"
 ycoef=" 0 0 1 0 0 0">
<Contour name="d046_c16_shaft_symmetric" hidden="false" closed="true" simplified="true" border="0 0 1" fill="0 0 1" mode="11"
 points="12.0462 2.43212,
	12.0746 2.41261,
	12.0888 2.40286,
	12.0959 2.39754,
	12.1242 2.38867,
	12.1526 2.38158,
	12.1668 2.37714,
	12.2235 2.36739,
	12.2519 2.36207,
	12.2661 2.35852,
	12.3228 2.35586,
	12.3512 2.3532,
	12.3548 2.35409,
	12.361 2.36118,
	12.3654 2.36828,
	12.3698 2.38246,
	12.3725 2.39665,
	12.3734 2.40374,
	12.3743 2.40729,
	12.3654 2.43566,
	12.3619 2.44276,
	12.3494 2.45694,
	12.3441 2.46404,
	12.3406 2.46758,
	12.3122 2.48532,
	12.298 2.49152,
	12.2696 2.50039,
	12.2555 2.50571,
	12.2271 2.5128,
	12.1987 2.51812,
	12.1703 2.5199,
	12.1136 2.51901,
	12.0994 2.51724,
	12.0923 2.51635,
	12.0781 2.51103,
	12.0639 2.49862,
	12.056 2.48443,
	12.0551 2.48088,
	12.056 2.47379,
	12.0515 2.4667,
	12.0471 2.45251,
	12.0462 2.43832,
	12.0462 2.43478,
	12.0462 2.433,
	"/>
</Transform>

</Section>