<?xml version="1.0"?>
<!DOCTYPE Section SYSTEM "section.dtd">

<Section index="17" thickness="0.052" alignLocked="true">
<Transform dim="3"
 xcoef=" 0.302385082127958 1.25456401399526 0 0 0 0"
 ycoef=" 0.505636526187938 0 1.25456401399526 0 0 0">
<Contour name="D019" hidden="false" closed="true" simplified="true" border="0 0 1" fill="0 0 1" mode="13"
 points="9.79663 5.79717,
	9.79868 5.76752,
	9.80479 5.73848,
	9.81483 5.71067,
	9.8286 5.68466,
	9.8458 5.661,
	9.86608 5.64017,
	9.88901 5.6226,
	9.91412 5.60868,
	9.94089 5.59868,
	9.96875 5.59281,
	9.99713 5.5912,
	10.0254 5.59389,
	10.0531 5.6008,
	10.0795 5.6118,
	10.1041 5.62667,
	10.1264 5.64508,
	10.146 5.66666,
	10.1623 5.69097,
	10.1752 5.71748,
	10.1843 5.74565,
	10.1894 5.7749,
	10.1904 5.8046,
	10.1873 5.83416,
	10.1802 5.86294,
	10.1692 5.89036,
	10.1546 5.91583,
	10.1366 5.93883,
	10.1156 5.95888,
	10.092 5.97557,
	10.0665 5.98853,
	10.0394 5.99752,
	10.0113 6.00232,
	9.98291 6.00286,
	9.95472 5.99911,
	9.92733 5.99116,
	9.90132 5.97917,
	9.87724 5.96338,
	9.85558 5.94414,
	9.83679 5.92183,
	9.82127 5.89693,
	9.80933 5.86995,
	9.80124 5.84145,
	"/>
</Transform>

<Transform dim="3"
 xcoef=" 0.302385082127958 1.25456401399526 0 0 0 0"
 ycoef=" 0.505636526187938 0 1.25456401399526 0 0 0">
<Contour name="D020" hidden="false" closed="true" simplified="true" border="0 0 1" fill="0 0 1" mode="13"
 points="13.522 8.88748,
	13.5244 8.85863,
	13.5315 8.83062,
	13.5431 8.80423,
	13.5589 8.78025,
	13.5784 8.75935,
	13.6011 8.74213,
	13.6263 8.7291,
	13.6532 8.72062,
	13.6812 8.71694,
	13.7093 8.71817,
	13.7369 8.72427,
	13.763 8.73506,
	13.7871 8.75024,
	13.8082 8.76937,
	13.8259 8.7919,
	13.8397 8.81717,
	13.8491 8.84447,
	13.8538 8.87301,
	13.8538 8.90196,
	13.8491 8.93049,
	13.8397 8.95779,
	13.8259 8.98307,
	13.8082 9.00559,
	13.7871 9.02472,
	13.763 9.0399,
	13.7369 9.05069,
	13.7093 9.05679,
	13.6812 9.05802,
	13.6532 9.05435,
	13.6263 9.04587,
	13.6011 9.03283,
	13.5784 9.01562,
	13.5589 8.99472,
	13.5431 8.97073,
	13.5315 8.94435,
	13.5244 8.91633,
	"/>
</Transform>

<Transform dim="3"
 xcoef=" 0.302385082127958 1.25456401399526 0 0 0 0"
 ycoef=" 0.505636526187938 0 1.25456401399526 0 0 0">
<Contour name="D021" hidden="false" closed="true" simplified="true" border="0 0 1" fill="0 0 1" mode="13"
 points="8.16174 7.31642,
	8.16341 7.28646,
	8.16839 7.257,
	8.17659 7.22854,
	8.18788 7.20155,
	8.20207 7.17648,
	8.21892 7.15376,
	8.23815 7.13377,
	8.25943 7.11683,
	8.28241 7.10325,
	8.30671 7.09323,
	8.33192 7.08696,
	8.35761 7.08453,
	8.38335 7.08599,
	8.40872 7.09131,
	8.43328 7.1004,
	8.45663 7.11311,
	8.47837 7.12923,
	8.49815 7.14849,
	8.51562 7.17057,
	8.5305 7.19508,
	8.54253 7.22163,
	8.55152 7.24977,
	8.55731 7.27903,
	8.55981 7.30891,
	8.55898 7.33892,
	8.55482 7.36856,
	8.54742 7.39732,
	8.53688 7.42472,
	8.5234 7.45031,
	8.50719 7.47365,
	8.48853 7.49436,
	8.46772 7.51209,
	8.44513 7.52653,
	8.42112 7.53746,
	8.39611 7.54468,
	8.3705 7.54808,
	8.34473 7.54759,
	8.31923 7.54323,
	8.29442 7.53507,
	8.27073 7.52324,
	8.24855 7.50795,
	8.22825 7.48945,
	8.21018 7.46805,
	8.19463 7.4441,
	8.18186 7.41802,
	8.17209 7.39023,
	8.16549 7.36121,
	"/>
</Transform>

<Transform dim="3"
 xcoef=" 0.302385082127958 1.25456401399526 0 0 0 0"
 ycoef=" 0.505636526187938 0 1.25456401399526 0 0 0">
<Contour name="D022" hidden="false" closed="true" simplified="true" border="0 0 1" fill="0 0 1" mode="13"
 points="18.2994 9.08719,
	18.301 9.05606,
	18.3058 9.02532,
	18.3138 8.99536,
	18.3249 8.96655,
	18.3388 8.93926,
	18.3555 8.91383,
	18.3747 8.89058,
	18.3963 8.8698,
	18.4198 8.85176,
	18.4451 8.83668,
	18.4717 8.82474,
	18.4995 8.81611,
	18.5279 8.81089,
	18.5567 8.80914,
	18.5856 8.81089,
	18.614 8.81611,
	18.6417 8.82474,
	18.6684 8.83668,
	18.6937 8.85176,
	18.7172 8.8698,
	18.7387 8.89058,
	18.758 8.91383,
	18.7747 8.93926,
	18.7886 8.96655,
	18.7997 8.99536,
	18.8077 9.02532,
	18.8125 9.05606,
	18.8141 9.08719,
	18.8125 9.11832,
	18.8077 9.14906,
	18.7997 9.17903,
	18.7886 9.20783,
	18.7747 9.23512,
	18.758 9.26055,
	18.7387 9.2838,
	18.7172 9.30458,
	18.6937 9.32262,
	18.6684 9.33771,
	18.6417 9.34964,
	18.614 9.35827,
	18.5856 9.36349,
	18.5567 9.36524,
	18.5279 9.36349,
	18.4995 9.35827,
	18.4717 9.34964,
	18.4451 9.33771,
	18.4198 9.32262,
	18.3963 9.30458,
	18.3747 9.2838,
	18.3555 9.26055,
	18.3388 9.23512,
	18.3249 9.20783,
	18.3138 9.17903,
	18.3058 9.14906,
	"/>
</Transform>

<Transform dim="3"
 xcoef=" 0.302385082127958 1.25456401399526 0 0 0 0"
 ycoef=" 0.505636526187938 0 1.25456401399526 0 0 0">
<Contour name="D023" hidden="false" closed="true" simplified="true" border="0 0 1" fill="0 0 1" mode="13"
 points="9.94296 6.5166,
	9.94356 6.48979,
	9.94537 6.4631,
	9.94836 6.43668,
	9.95253 6.41063,
	9.95787 6.38509,
	9.96433 6.36017,
	9.9719 6.336,
	9.98053 6.31269,
	9.99018 6.29036,
	10.0008 6.2691,
	10.0124 6.24902,
	10.0248 6.23021,
	10.0381 6.21277,
	10.0521 6.19678,
	10.0667 6.18231,
	10.082 6.16944,
	10.0979 6.15822,
	10.1142 6.1487,
	10.1309 6.14094,
	10.1479 6.13498,
	10.1651 6.13082,
	10.1825 6.12851,
	10.1999 6.12805,
	10.2173 6.12944,
	10.2346 6.13267,
	10.2518 6.13773,
	10.2686 6.1446,
	10.2851 6.15324,
	10.3012 6.16362,
	10.3168 6.17567,
	10.3318 6.18935,
	10.3461 6.20459,
	10.3598 6.22132,
	10.3726 6.23945,
	10.3846 6.2589,
	10.3957 6.27959,
	10.4059 6.3014,
	10.415 6.32423,
	10.4231 6.34799,
	10.4302 6.37254,
	10.4361 6.39779,
	10.4408 6.4236,
	10.4444 6.44985,
	10.4468 6.47642,
	10.448 6.50318,
	10.448 6.53001,
	10.4468 6.55677,
	10.4444 6.58334,
	10.4408 6.60959,
	10.4361 6.6354,
	10.4302 6.66065,
	10.4231 6.6852,
	10.415 6.70896,
	10.4059 6.73179,
	10.3957 6.75361,
	10.3846 6.77429,
	10.3726 6.79374,
	10.3598 6.81187,
	10.3461 6.8286,
	10.3318 6.84384,
	10.3168 6.85752,
	10.3012 6.86957,
	10.2851 6.87995,
	10.2686 6.88859,
	10.2518 6.89546,
	10.2346 6.90052,
	10.2173 6.90375,
	10.1999 6.90514,
	10.1825 6.90468,
	10.1651 6.90237,
	10.1479 6.89822,
	10.1309 6.89225,
	10.1142 6.88449,
	10.0979 6.87497,
	10.082 6.86375,
	10.0667 6.85088,
	10.0521 6.83641,
	10.0381 6.82042,
	10.0248 6.80298,
	10.0124 6.78417,
	10.0008 6.76409,
	9.99018 6.74284,
	9.98053 6.7205,
	9.9719 6.69719,
	9.96433 6.67302,
	9.95787 6.6481,
	9.95253 6.62256,
	9.94836 6.59652,
	9.94537 6.57009,
	"/>
</Transform>

<Transform dim="3"
 xcoef=" 0.302385082127958 1.25456401399526 0 0 0 0"
 ycoef=" 0.505636526187938 0 1.25456401399526 0 0 0">
<Contour name="D025" hidden="false" closed="true" simplified="true" border="0 0 1" fill="0 0 1" mode="13"
 points="5.77568 5.62502,
	5.77804 5.5932,
	5.78505 5.56226,
	5.79651 5.53308,
	5.81211 5.50648,
	5.8314 5.4832,
	5.85385 5.46388,
	5.87882 5.44909,
	5.90562 5.43922,
	5.9335 5.43455,
	5.96168 5.43522,
	5.98936 5.44121,
	6.01578 5.45234,
	6.04018 5.46831,
	6.0619 5.48867,
	6.08031 5.51285,
	6.09491 5.54017,
	6.10529 5.56986,
	6.11114 5.6011,
	6.11233 5.63302,
	6.10879 5.6647,
	6.10065 5.69528,
	6.08812 5.72389,
	6.07155 5.74973,
	6.05142 5.77207,
	6.02827 5.7903,
	6.00278 5.8039,
	5.97563 5.81249,
	5.9476 5.81583,
	5.91948 5.81382,
	5.89204 5.80653,
	5.86606 5.79415,
	5.84227 5.77704,
	5.82132 5.75567,
	5.80382 5.73064,
	5.79024 5.70265,
	5.78097 5.67249,
	"/>
</Transform>

<Transform dim="3"
 xcoef=" 0.302385082127958 1.25456401399526 0 0 0 0"
 ycoef=" 0.505636526187938 0 1.25456401399526 0 0 0">
<Contour name="D026_edge" hidden="false" closed="true" simplified="true" border="0 0 1" fill="0 0 1" mode="13"
 points="0.290113 5.75946,
	0.291878 5.73499,
	0.297157 5.71071,
	0.305909 5.68682,
	0.318065 5.66351,
	0.333528 5.64096,
	0.352175 5.61935,
	0.373858 5.59885,
	0.398405 5.57962,
	0.425622 5.56183,
	0.455292 5.5456,
	0.48718 5.53107,
	0.521032 5.51835,
	0.55658 5.50755,
	0.593542 5.49875,
	0.631624 5.49201,
	0.670525 5.4874,
	0.709934 5.48495,
	0.749541 5.48468,
	0.789029 5.48658,
	0.828086 5.49066,
	0.866401 5.49687,
	0.903671 5.50516,
	0.939599 5.51547,
	0.973902 5.52772,
	1.0063 5.5418,
	1.03655 5.55762,
	1.0644 5.57504,
	1.08964 5.59392,
	1.11205 5.61411,
	1.13147 5.63546,
	1.14775 5.65779,
	1.16074 5.68093,
	1.17035 5.70469,
	1.1765 5.72889,
	1.17915 5.75333,
	1.17826 5.77782,
	1.17386 5.80216,
	1.16597 5.82617,
	1.15466 5.84964,
	1.14001 5.8724,
	1.12215 5.89426,
	1.10121 5.91505,
	1.07736 5.93461,
	1.05079 5.95278,
	1.02171 5.96941,
	0.990357 5.98437,
	0.956971 5.99755,
	0.921821 6.00884,
	0.885185 6.01816,
	0.847355 6.02541,
	0.808631 6.03056,
	0.769319 6.03355,
	0.729733 6.03437,
	0.690185 6.03301,
	0.650992 6.02947,
	0.612462 6.02379,
	0.574903 6.01602,
	0.538611 6.0062,
	0.503877 5.99443,
	0.470974 5.9808,
	0.440165 5.9654,
	0.411693 5.94837,
	0.385785 5.92985,
	0.362647 5.90996,
	0.342462 5.88889,
	0.32539 5.86679,
	0.311567 5.84383,
	0.301103 5.82021,
	0.29408 5.7961,
	"/>
</Transform>

<Transform dim="3"
 xcoef=" 0.302385082127958 1.25456401399526 0 0 0 0"
 ycoef=" 0.505636526187938 0 1.25456401399526 0 0 0">
<Contour name="D028" hidden="false" closed="true" simplified="true" border="0 0 1" fill="0 0 1" mode="13"
 points="13.6149 10.0229,
	13.6173 10.0035,
	13.6244 9.98458,
	13.6359 9.96668,
	13.6517 9.95027,
	13.6712 9.93579,
	13.694 9.92363,
	13.7194 9.91411,
	13.7468 9.90748,
	13.7754 9.90392,
	13.8045 9.90352,
	13.8334 9.9063,
	13.8612 9.91218,
	13.8871 9.92099,
	13.9106 9.93252,
	13.931 9.94645,
	13.9478 9.96242,
	13.9604 9.97999,
	13.9686 9.9987,
	13.9722 10.0181,
	13.971 10.0375,
	13.9651 10.0566,
	13.9546 10.0749,
	13.9399 10.0917,
	13.9213 10.1067,
	13.8992 10.1194,
	13.8744 10.1297,
	13.8474 10.137,
	13.8191 10.1414,
	13.79 10.1426,
	13.761 10.1406,
	13.7329 10.1355,
	13.7064 10.1274,
	13.6822 10.1165,
	13.661 10.1031,
	13.6433 10.0876,
	13.6296 10.0704,
	13.6203 10.0519,
	"/>
</Transform>

<Transform dim="3"
 xcoef=" 0.302385082127958 1.25456401399526 0 0 0 0"
 ycoef=" 0.505636526187938 0 1.25456401399526 0 0 0">
<Contour name="D029_edge" hidden="false" closed="true" simplified="true" border="0 0 1" fill="0 0 1" mode="13"
 points="10.8817 12.7524,
	10.8861 12.7271,
	10.899 12.7027,
	10.92 12.6801,
	10.9483 12.6601,
	10.9829 12.6435,
	11.0226 12.6308,
	11.066 12.6225,
	11.1113 12.6188,
	11.1571 12.62,
	11.2016 12.626,
	11.2433 12.6366,
	11.2807 12.6513,
	11.3123 12.6697,
	11.3371 12.6911,
	11.3541 12.7147,
	11.3628 12.7397,
	11.3628 12.7651,
	11.3541 12.7901,
	11.3371 12.8137,
	11.3123 12.8351,
	11.2807 12.8535,
	11.2433 12.8682,
	11.2016 12.8788,
	11.1571 12.8848,
	11.1113 12.886,
	11.066 12.8823,
	11.0226 12.874,
	10.9829 12.8613,
	10.9483 12.8447,
	10.92 12.8247,
	10.899 12.8021,
	"/>
</Transform>

<Transform dim="3"
 xcoef=" 0.302385082127958 1.25456401399526 0 0 0 0"
 ycoef=" 0.505636526187938 0 1.25456401399526 0 0 0">
<Contour name="D030" hidden="false" closed="true" simplified="true" border="0 0 1" fill="0 0 1" mode="13"
 points="10.5715 4.36578,
	10.5723 4.34378,
	10.5749 4.32209,
	10.5792 4.30103,
	10.5851 4.28089,
	10.5925 4.26197,
	10.6013 4.24454,
	10.6115 4.22884,
	10.6228 4.2151,
	10.6351 4.20351,
	10.6482 4.19425,
	10.662 4.18744,
	10.6762 4.18318,
	10.6906 4.18153,
	10.705 4.18252,
	10.7193 4.18613,
	10.7332 4.19231,
	10.7465 4.20097,
	10.759 4.21199,
	10.7706 4.22521,
	10.781 4.24044,
	10.7902 4.25747,
	10.798 4.27604,
	10.8043 4.2959,
	10.809 4.31675,
	10.812 4.33831,
	10.8133 4.36026,
	10.8128 4.38229,
	10.8107 4.40409,
	10.8068 4.42533,
	10.8013 4.44573,
	10.7943 4.46498,
	10.7858 4.48281,
	10.776 4.49896,
	10.7649 4.51321,
	10.7529 4.52536,
	10.7399 4.53521,
	10.7263 4.54265,
	10.7122 4.54755,
	10.6978 4.54986,
	10.6834 4.54953,
	10.669 4.54657,
	10.655 4.54102,
	10.6416 4.53297,
	10.6288 4.52253,
	10.617 4.50984,
	10.6063 4.49509,
	10.5967 4.4785,
	10.5886 4.46029,
	10.5819 4.44072,
	10.5768 4.42009,
	10.5734 4.39868,
	"/>
</Transform>

<Transform dim="3"
 xcoef=" 0.302385082127958 1.25456401399526 0 0 0 0"
 ycoef=" 0.505636526187938 0 1.25456401399526 0 0 0">
<Contour name="D031" hidden="false" closed="true" simplified="true" border="0 0 1" fill="0 0 1" mode="13"
 points="11.4372 7.44478,
	11.4403 7.42554,
	11.4497 7.40689,
	11.465 7.3894,
	11.4858 7.37358,
	11.5114 7.35993,
	11.541 7.34886,
	11.5738 7.3407,
	11.6088 7.3357,
	11.6449 7.33402,
	11.6809 7.3357,
	11.7159 7.3407,
	11.7487 7.34886,
	11.7784 7.35993,
	11.8039 7.37358,
	11.8247 7.3894,
	11.84 7.40689,
	11.8494 7.42554,
	11.8525 7.44478,
	11.8494 7.46401,
	11.84 7.48266,
	11.8247 7.50016,
	11.8039 7.51597,
	11.7784 7.52962,
	11.7487 7.5407,
	11.7159 7.54886,
	11.6809 7.55385,
	11.6449 7.55554,
	11.6088 7.55385,
	11.5738 7.54886,
	11.541 7.5407,
	11.5114 7.52962,
	11.4858 7.51597,
	11.465 7.50016,
	11.4497 7.48266,
	11.4403 7.46401,
	"/>
</Transform>

<Transform dim="3"
 xcoef=" 0.302385082127958 1.25456401399526 0 0 0 0"
 ycoef=" 0.505636526187938 0 1.25456401399526 0 0 0">
<Contour name="D032" hidden="false" closed="true" simplified="true" border="0 0 1" fill="0 0 1" mode="13"
 points="6.62513 6.82172,
	6.62601 6.80217,
	6.62866 6.78279,
	6.63304 6.76373,
	6.63913 6.74515,
	6.64687 6.7272,
	6.6562 6.71004,
	6.66703 6.6938,
	6.67929 6.67863,
	6.69287 6.66463,
	6.70765 6.65194,
	6.72352 6.64066,
	6.74035 6.63088,
	6.75798 6.62268,
	6.77629 6.61613,
	6.79511 6.61128,
	6.81428 6.60817,
	6.83366 6.60684,
	6.85308 6.60728,
	6.87238 6.6095,
	6.8914 6.61349,
	6.90998 6.61919,
	6.92797 6.62658,
	6.94522 6.63558,
	6.96158 6.64612,
	6.97692 6.65812,
	6.99112 6.67147,
	7.00405 6.68607,
	7.01561 6.7018,
	7.0257 6.71852,
	7.03425 6.73609,
	7.04117 6.75437,
	7.04641 6.77321,
	7.04992 6.79245,
	7.05169 6.81194,
	7.05169 6.8315,
	7.04992 6.85099,
	7.04641 6.87023,
	7.04117 6.88907,
	7.03425 6.90735,
	7.0257 6.92492,
	7.01561 6.94164,
	7.00405 6.95736,
	6.99112 6.97196,
	6.97692 6.98532,
	6.96158 6.99732,
	6.94522 7.00786,
	6.92797 7.01686,
	6.90998 7.02425,
	6.8914 7.02995,
	6.87238 7.03393,
	6.85308 7.03616,
	6.83366 7.0366,
	6.81428 7.03527,
	6.79511 7.03216,
	6.77629 7.02731,
	6.75798 7.02076,
	6.74035 7.01256,
	6.72352 7.00278,
	6.70765 6.99149,
	6.69287 6.9788,
	6.67929 6.96481,
	6.66703 6.94963,
	6.6562 6.9334,
	6.64687 6.91623,
	6.63913 6.89829,
	6.63304 6.87971,
	6.62866 6.86065,
	"/>
</Transform>

<Transform dim="3"
 xcoef=" 0.302385082127958 1.25456401399526 0 0 0 0"
 ycoef=" 0.505636526187938 0 1.25456401399526 0 0 0">
<Contour name="D033" hidden="false" closed="true" simplified="true" border="0 0 1" fill="0 0 1" mode="13"
 points="14.2131 4.48528,
	14.2166 4.46267,
	14.2267 4.44228,
	14.2425 4.4261,
	14.2624 4.4157,
	14.2845 4.41212,
	14.3065 4.4157,
	14.3264 4.4261,
	14.3422 4.44228,
	14.3524 4.46267,
	14.3558 4.48528,
	14.3524 4.50788,
	14.3422 4.52828,
	14.3264 4.54446,
	14.3065 4.55485,
	14.2845 4.55843,
	14.2624 4.55485,
	14.2425 4.54446,
	14.2267 4.52828,
	"/>
</Transform>

<Transform dim="3"
 xcoef=" 0.302385082127958 1.25456401399526 0 0 0 0"
 ycoef=" 0.505636526187938 0 1.25456401399526 0 0 0">
<Contour name="D034" hidden="false" closed="true" simplified="true" border="0 0 1" fill="0 0 1" mode="13"
 points="10.6074 3.22543,
	10.6079 3.20491,
	10.6094 3.18447,
	10.6119 3.16419,
	10.6154 3.14415,
	10.62 3.12444,
	10.6254 3.10512,
	10.6318 3.08628,
	10.6392 3.06799,
	10.6474 3.05031,
	10.6565 3.03333,
	10.6664 3.01711,
	10.6771 3.00171,
	10.6885 2.98719,
	10.7007 2.97362,
	10.7134 2.96103,
	10.7268 2.94949,
	10.7407 2.93904,
	10.7551 2.92972,
	10.77 2.92157,
	10.7852 2.91461,
	10.8007 2.90888,
	10.8165 2.90441,
	10.8324 2.90119,
	10.8485 2.89926,
	10.8647 2.89862,
	10.8808 2.89926,
	10.8969 2.90119,
	10.9129 2.90441,
	10.9287 2.90888,
	10.9442 2.91461,
	10.9594 2.92157,
	10.9743 2.92972,
	10.9887 2.93904,
	11.0026 2.94949,
	11.0159 2.96103,
	11.0287 2.97362,
	11.0408 2.98719,
	11.0523 3.00171,
	11.063 3.01711,
	11.0729 3.03333,
	11.082 3.05031,
	11.0902 3.06799,
	11.0975 3.08628,
	11.104 3.10512,
	11.1094 3.12444,
	11.1139 3.14415,
	11.1175 3.16419,
	11.12 3.18447,
	11.1215 3.20491,
	11.122 3.22543,
	11.1215 3.24595,
	11.12 3.26639,
	11.1175 3.28667,
	11.1139 3.3067,
	11.1094 3.32642,
	11.104 3.34574,
	11.0975 3.36458,
	11.0902 3.38287,
	11.082 3.40054,
	11.0729 3.41753,
	11.063 3.43375,
	11.0523 3.44915,
	11.0408 3.46367,
	11.0287 3.47724,
	11.0159 3.48983,
	11.0026 3.50137,
	10.9887 3.51182,
	10.9743 3.52114,
	10.9594 3.52929,
	10.9442 3.53625,
	10.9287 3.54198,
	10.9129 3.54645,
	10.8969 3.54967,
	10.8808 3.5516,
	10.8647 3.55224,
	10.8485 3.5516,
	10.8324 3.54967,
	10.8165 3.54645,
	10.8007 3.54198,
	10.7852 3.53625,
	10.77 3.52929,
	10.7551 3.52114,
	10.7407 3.51182,
	10.7268 3.50137,
	10.7134 3.48983,
	10.7007 3.47724,
	10.6885 3.46367,
	10.6771 3.44915,
	10.6664 3.43375,
	10.6565 3.41753,
	10.6474 3.40054,
	10.6392 3.38287,
	10.6318 3.36458,
	10.6254 3.34574,
	10.62 3.32642,
	10.6154 3.3067,
	10.6119 3.28667,
	10.6094 3.26639,
	"/>
</Transform>

<Transform dim="3"
 xcoef=" 0.302385082127958 1.25456401399526 0 0 0 0"
 ycoef=" 0.505636526187938 0 1.25456401399526 0 0 0">
<Contour name="D035" hidden="false" closed="true" simplified="true" border="0 0 1" fill="0 0 1" mode="13"
 points="7.26225 4.20993,
	7.26337 4.18434,
	7.26673 4.15899,
	7.27231 4.13409,
	7.28004 4.10987,
	7.28987 4.08654,
	7.3017 4.06431,
	7.31542 4.04338,
	7.33092 4.02393,
	7.34806 4.00615,
	7.36669 3.99018,
	7.38663 3.97617,
	7.40771 3.96425,
	7.42974 3.95452,
	7.45253 3.94707,
	7.47587 3.94196,
	7.49956 3.93924,
	7.52337 3.93894,
	7.54711 3.94106,
	7.57056 3.94557,
	7.5935 3.95244,
	7.61574 3.96161,
	7.63708 3.97299,
	7.65732 3.98649,
	7.67629 4.00198,
	7.69382 4.01933,
	7.70974 4.03837,
	7.72392 4.05895,
	7.73624 4.08087,
	7.74657 4.10394,
	7.75484 4.12796,
	7.76096 4.15271,
	7.76488 4.17798,
	7.76656 4.20352,
	7.766 4.22912,
	7.76319 4.25456,
	7.75817 4.27959,
	7.75097 4.304,
	7.74166 4.32758,
	7.73032 4.3501,
	7.71706 4.37137,
	7.70199 4.39121,
	7.68525 4.40942,
	7.66698 4.42586,
	7.64735 4.44037,
	7.62654 4.45282,
	7.60472 4.46311,
	7.58211 4.47114,
	7.55888 4.47684,
	7.53527 4.48016,
	7.51146 4.48106,
	7.48768 4.47955,
	7.46414 4.47563,
	7.44105 4.46935,
	7.41862 4.46075,
	7.39704 4.44991,
	7.3765 4.43693,
	7.3572 4.42192,
	7.3393 4.40503,
	7.32296 4.38639,
	7.30833 4.36618,
	7.29554 4.34458,
	7.2847 4.32177,
	7.27591 4.29797,
	7.26925 4.27338,
	7.26477 4.24823,
	"/>
</Transform>

<Transform dim="3"
 xcoef=" 0.302385082127958 1.25456401399526 0 0 0 0"
 ycoef=" 0.505636526187938 0 1.25456401399526 0 0 0">
<Contour name="D036" hidden="false" closed="true" simplified="true" border="0 0 1" fill="0 0 1" mode="13"
 points="17.9828 6.45782,
	17.9855 6.41412,
	17.9934 6.37165,
	18.0064 6.33159,
	18.0241 6.29507,
	18.0459 6.2631,
	18.0714 6.23659,
	18.0996 6.21627,
	18.13 6.20272,
	18.1616 6.19631,
	18.1935 6.19723,
	18.2249 6.20545,
	18.2548 6.22073,
	18.2825 6.24266,
	18.3071 6.27061,
	18.3279 6.30381,
	18.3445 6.34132,
	18.3562 6.38209,
	18.3629 6.42498,
	18.3642 6.46879,
	18.3602 6.5123,
	18.351 6.55428,
	18.3368 6.59356,
	18.318 6.62903,
	18.2952 6.65972,
	18.269 6.68474,
	18.2401 6.70341,
	18.2093 6.71521,
	18.1776 6.71979,
	18.1457 6.71704,
	18.1146 6.70702,
	18.0852 6.69003,
	18.0582 6.66653,
	18.0345 6.63719,
	18.0147 6.60282,
	17.9993 6.5644,
	17.9888 6.52298,
	"/>
</Transform>

<Transform dim="3"
 xcoef=" 0.302385082127958 1.25456401399526 0 0 0 0"
 ycoef=" 0.505636526187938 0 1.25456401399526 0 0 0">
<Contour name="D037_edge" hidden="false" closed="true" simplified="true" border="0 0 1" fill="0 0 1" mode="13"
 points="19.9292 2.16074,
	19.9346 2.12231,
	19.9507 2.08563,
	19.9766 2.05234,
	20.0113 2.02394,
	20.0531 2.00173,
	20.1001 1.98671,
	20.1503 1.97955,
	20.2014 1.98058,
	20.251 1.98975,
	20.297 2.00665,
	20.3371 2.03051,
	20.3697 2.06026,
	20.3933 2.09454,
	20.4067 2.13182,
	20.4095 2.17041,
	20.4013 2.20856,
	20.3827 2.24455,
	20.3545 2.27675,
	20.3179 2.30371,
	20.2746 2.3242,
	20.2265 2.33731,
	20.1759 2.34244,
	20.125 2.33936,
	20.0761 2.3282,
	20.0314 2.30948,
	19.9929 2.28403,
	19.9625 2.25301,
	19.9414 2.21783,
	"/>
</Transform>

<Transform dim="3"
 xcoef=" 0.302385082127958 1.25456401399526 0 0 0 0"
 ycoef=" 0.505636526187938 0 1.25456401399526 0 0 0">
<Contour name="D040_edge" hidden="false" closed="true" simplified="true" border="0 0 1" fill="0 0 1" mode="13"
 points="6.49887 3.95859,
	6.50093 3.92129,
	6.50707 3.88466,
	6.51718 3.84934,
	6.53108 3.81598,
	6.54853 3.78516,
	6.5692 3.75744,
	6.59274 3.73331,
	6.61872 3.71319,
	6.64668 3.69746,
	6.67612 3.68638,
	6.70651 3.68017,
	6.73732 3.67892,
	6.76798 3.68266,
	6.79797 3.69132,
	6.82673 3.70476,
	6.85376 3.72272,
	6.87857 3.7449,
	6.90073 3.77088,
	6.91983 3.80022,
	6.93554 3.83238,
	6.94757 3.8668,
	6.95572 3.90285,
	6.95982 3.9399,
	6.95982 3.97728,
	6.95572 4.01432,
	6.94757 4.05038,
	6.93554 4.08479,
	6.91983 4.11695,
	6.90073 4.14629,
	6.87857 4.17227,
	6.85376 4.19445,
	6.82673 4.21241,
	6.79797 4.22585,
	6.76798 4.23451,
	6.73732 4.23825,
	6.70651 4.23701,
	6.67612 4.23079,
	6.64668 4.21971,
	6.61872 4.20398,
	6.59274 4.18386,
	6.5692 4.15973,
	6.54853 4.13201,
	6.53108 4.10119,
	6.51718 4.06783,
	6.50707 4.03251,
	"/>
</Transform>

<Transform dim="3"
 xcoef=" 0.302385082127958 1.25456401399526 0 0 0 0"
 ycoef=" 0.505636526187938 0 1.25456401399526 0 0 0">
<Contour name="D041_longitudinal" hidden="false" closed="true" simplified="true" border="0 0 1" fill="0 0 1" mode="13"
 points="23.1613 3.73439,
	23.1639 3.70866,
	23.1715 3.68349,
	23.1841 3.65944,
	23.2014 3.63702,
	23.223 3.61672,
	23.2483 3.59899,
	23.2769 3.58422,
	23.3082 3.57272,
	23.3414 3.56475,
	23.3758 3.56048,
	23.4107 3.56,
	23.4453 3.56333,
	23.4789 3.57039,
	23.5107 3.58102,
	23.54 3.59501,
	23.5662 3.61203,
	23.5888 3.63173,
	23.6071 3.65366,
	23.6209 3.67736,
	23.6299 3.70229,
	23.6337 3.72793,
	23.6324 3.75371,
	23.626 3.77907,
	23.6146 3.80346,
	23.5985 3.82633,
	23.578 3.8472,
	23.5535 3.86561,
	23.5257 3.88116,
	23.495 3.8935,
	23.4622 3.90238,
	23.4281 3.90759,
	23.3932 3.90901,
	23.3585 3.90663,
	23.3246 3.9005,
	23.2923 3.89073,
	23.2622 3.87756,
	23.2352 3.86126,
	23.2117 3.8422,
	23.1922 3.82078,
	23.1772 3.79748,
	23.1671 3.7728,
	"/>
</Transform>

<Transform dim="3"
 xcoef=" 0.302385082127958 1.25456401399526 0 0 0 0"
 ycoef=" 0.505636526187938 0 1.25456401399526 0 0 0">
<Contour name="D042_edge" hidden="false" closed="true" simplified="true" border="0 0 1" fill="0 0 1" mode="13"
 points="7.09889 5.39988,
	7.10958 5.30342,
	7.14061 5.21641,
	7.18895 5.14735,
	7.24986 5.10302,
	7.31738 5.08774,
	7.3849 5.10302,
	7.44581 5.14735,
	7.49415 5.21641,
	7.52519 5.30342,
	7.53588 5.39988,
	7.52519 5.49634,
	7.49415 5.58335,
	7.44581 5.65241,
	7.3849 5.69674,
	7.31738 5.71202,
	7.24986 5.69674,
	7.18895 5.65241,
	7.14061 5.58335,
	"/>
</Transform>

<Transform dim="3"
 xcoef=" 0.302385082127958 1.25456401399526 0 0 0 0"
 ycoef=" 0.505636526187938 0 1.25456401399526 0 0 0">
<Contour name="D043" hidden="false" closed="true" simplified="true" border="0 0 1" fill="0 0 1" mode="13"
 points="3.68767 10.6816,
	3.69059 10.6552,
	3.69932 10.6293,
	3.7137 10.6043,
	3.73349 10.5806,
	3.75837 10.5585,
	3.78791 10.5385,
	3.82163 10.521,
	3.85894 10.5061,
	3.89924 10.4941,
	3.94184 10.4853,
	3.98603 10.4798,
	4.03107 10.4777,
	4.07621 10.4789,
	4.12068 10.4836,
	4.16375 10.4916,
	4.20469 10.5028,
	4.24281 10.517,
	4.27748 10.5339,
	4.30811 10.5533,
	4.3342 10.5749,
	4.3553 10.5982,
	4.37106 10.623,
	4.38122 10.6487,
	4.3856 10.675,
	4.38414 10.7014,
	4.37685 10.7274,
	4.36386 10.7527,
	4.34539 10.7768,
	4.32175 10.7993,
	4.29333 10.8199,
	4.26061 10.8381,
	4.22414 10.8537,
	4.18453 10.8664,
	4.14244 10.876,
	4.09857 10.8823,
	4.05368 10.8853,
	4.00849 10.8849,
	3.96378 10.8811,
	3.9203 10.8739,
	3.87876 10.8635,
	3.83987 10.85,
	3.80428 10.8338,
	3.77259 10.8149,
	3.74532 10.7939,
	3.72294 10.7709,
	3.70581 10.7465,
	3.69424 10.721,
	"/>
</Transform>

<Transform dim="3"
 xcoef=" 0.302385082127958 1.25456401399526 0 0 0 0"
 ycoef=" 0.505636526187938 0 1.25456401399526 0 0 0">
<Contour name="D047" hidden="false" closed="true" simplified="true" border="0 0 1" fill="0 0 1" mode="13"
 points="7.93626 0.8802,
	7.93874 0.853062,
	7.94613 0.826465,
	7.95828 0.800936,
	7.97495 0.776986,
	7.99582 0.75509,
	8.02045 0.735684,
	8.04837 0.719154,
	8.07902 0.705829,
	8.11179 0.695975,
	8.14602 0.689788,
	8.18104 0.68739,
	8.21614 0.68883,
	8.25063 0.694078,
	8.28383 0.703031,
	8.31506 0.715511,
	8.34372 0.731268,
	8.36923 0.749989,
	8.39108 0.771302,
	8.40883 0.794782,
	8.42214 0.819962,
	8.43074 0.846341,
	8.43445 0.873394,
	8.43321 0.900583,
	8.42704 0.927366,
	8.41606 0.95321,
	8.40049 0.977601,
	8.38064 1.00005,
	8.3569 1.02012,
	8.32975 1.0374,
	8.29973 1.05156,
	8.26743 1.0623,
	8.23351 1.06942,
	8.19862 1.07277,
	8.16347 1.07229,
	8.12876 1.06799,
	8.09518 1.05995,
	8.06339 1.04833,
	8.03404 1.03336,
	8.00769 1.01535,
	7.98489 0.994647,
	7.96607 0.971666,
	7.95162 0.946865,
	7.94183 0.920737,
	"/>
</Transform>

<Transform dim="3"
 xcoef=" 0.302385082127958 1.25456401399526 0 0 0 0"
 ycoef=" 0.505636526187938 0 1.25456401399526 0 0 0">
<Contour name="D048" hidden="false" closed="true" simplified="true" border="0 0 1" fill="0 0 1" mode="13"
 points="16.3935 5.36978,
	16.3949 5.34503,
	16.3989 5.32073,
	16.4056 5.29733,
	16.4147 5.27525,
	16.4262 5.25489,
	16.4398 5.23662,
	16.4552 5.22078,
	16.4722 5.20766,
	16.4905 5.1975,
	16.5098 5.19047,
	16.5296 5.18672,
	16.5496 5.1863,
	16.5696 5.18922,
	16.589 5.19544,
	16.6075 5.20484,
	16.6249 5.21724,
	16.6408 5.23242,
	16.6548 5.25011,
	16.6669 5.26998,
	16.6766 5.29167,
	16.6839 5.31478,
	16.6886 5.3389,
	16.6906 5.36358,
	16.6899 5.38837,
	16.6866 5.41282,
	16.6806 5.43649,
	16.672 5.45894,
	16.6611 5.47977,
	16.6481 5.49859,
	16.6331 5.51506,
	16.6164 5.52888,
	16.5984 5.53981,
	16.5794 5.54763,
	16.5596 5.55222,
	16.5396 5.55347,
	16.5196 5.55138,
	16.5 5.54598,
	16.4812 5.53736,
	16.4635 5.52569,
	16.4473 5.51118,
	16.4327 5.49409,
	16.4202 5.47473,
	16.4099 5.45346,
	16.4019 5.43067,
	16.3966 5.40676,
	"/>
</Transform>

<Transform dim="3"
 xcoef=" 0.302385082127958 1.25456401399526 0 0 0 0"
 ycoef=" 0.505636526187938 0 1.25456401399526 0 0 0">
<Contour name="D049" hidden="false" closed="true" simplified="true" border="0 0 1" fill="0 0 1" mode="13"
 points="8.56652 11.2778,
	8.57113 11.2106,
	8.58473 11.1465,
	8.60673 11.0883,
	8.63611 11.0386,
	8.67156 10.9998,
	8.71147 10.9735,
	8.75404 10.961,
	8.79734 10.9628,
	8.83942 10.9789,
	8.87838 11.0084,
	8.91245 11.0501,
	8.9401 11.1021,
	8.96007 11.162,
	8.97147 11.2272,
	8.97377 11.2947,
	8.96688 11.3614,
	8.95111 11.4243,
	8.92716 11.4806,
	8.89613 11.5277,
	8.8594 11.5635,
	8.81865 11.5864,
	8.77572 11.5954,
	8.73254 11.59,
	8.69106 11.5705,
	8.65317 11.5378,
	8.62057 11.4933,
	8.59474 11.4391,
	8.57684 11.3776,
	"/>
</Transform>

<Transform dim="1"
 xcoef=" 0.0410280214916957 1 0 0 0 0"
 ycoef=" 0.32303764538702 0 1 0 0 0">
<Contour name="D049 ax01" hidden="false" closed="true" simplified="false" border="0 1 1" fill="0 1 1" mode="-9"
 points="7.60116 6.27099,
	7.61418 6.25797,
	7.56211 6.2059,
	7.57512 6.19288,
	7.6272 6.24496,
	7.64022 6.23194,
	7.64022 6.27099,
	"/>
</Transform>

<Transform dim="1"
 xcoef=" 0.0410280214916957 1 0 0 0 0"
 ycoef=" 0.32303764538702 0 1 0 0 0">
<Contour name="D051 edge" hidden="false" closed="true" simplified="true" border="0 0 1" fill="0 0 1" mode="13"
 points="9.79019 1.55604,
	9.79349 1.5273,
	9.80321 1.50011,
	9.81882 1.47594,
	9.83948 1.45608,
	9.86408 1.44161,
	9.8913 1.43331,
	9.91966 1.43163,
	9.94763 1.43666,
	9.97372 1.44812,
	9.99651 1.4654,
	10.0148 1.48756,
	10.0275 1.51342,
	10.0341 1.54157,
	10.0341 1.57051,
	10.0275 1.59866,
	10.0148 1.62452,
	9.99651 1.64668,
	9.97372 1.66396,
	9.94763 1.67542,
	9.91966 1.68044,
	9.8913 1.67876,
	9.86408 1.67046,
	9.83948 1.656,
	9.81882 1.63614,
	9.80321 1.61197,
	"/>
</Transform>

<Transform dim="1"
 xcoef=" 0.0410280214916957 1 0 0 0 0"
 ycoef=" 0.32303764538702 0 1 0 0 0">
<Contour name="D053_edge" hidden="false" closed="true" simplified="true" border="0 0 1" fill="0 0 1" mode="13"
 points="15.608 2.4899,
	15.6095 2.47336,
	15.6139 2.45723,
	15.6212 2.44192,
	15.631 2.42783,
	15.6433 2.4153,
	15.6577 2.40466,
	15.6737 2.39617,
	15.6911 2.39005,
	15.7094 2.38645,
	15.7281 2.38546,
	15.7467 2.3871,
	15.7647 2.39135,
	15.7818 2.39808,
	15.7975 2.40713,
	15.8114 2.41827,
	15.8231 2.43122,
	15.8323 2.44565,
	15.8389 2.4612,
	15.8426 2.47747,
	15.8433 2.49406,
	15.8411 2.51054,
	15.8359 2.5265,
	15.828 2.54154,
	15.8175 2.55527,
	15.8047 2.56735,
	15.7899 2.57748,
	15.7734 2.5854,
	15.7558 2.5909,
	15.7374 2.59386,
	15.7187 2.59419,
	15.7002 2.59188,
	15.6823 2.58701,
	15.6655 2.57968,
	15.6503 2.57008,
	15.6369 2.55846,
	15.6258 2.54511,
	15.6172 2.53036,
	15.6114 2.5146,
	"/>
</Transform>

<Transform dim="1"
 xcoef=" 0.0410280214916957 1 0 0 0 0"
 ycoef=" 0.32303764538702 0 1 0 0 0">
<Contour name="D055" hidden="false" closed="true" simplified="true" border="0 0 1" fill="0 0 1" mode="13"
 points="1.31872 2.23057,
	1.32468 2.20175,
	1.34198 2.17574,
	1.36892 2.15511,
	1.40287 2.14186,
	1.44051 2.13729,
	1.47814 2.14186,
	1.51209 2.15511,
	1.53904 2.17574,
	1.55633 2.20175,
	1.5623 2.23057,
	1.55633 2.2594,
	1.53904 2.2854,
	1.51209 2.30604,
	1.47814 2.31929,
	1.44051 2.32386,
	1.40287 2.31929,
	1.36892 2.30604,
	1.34198 2.2854,
	"/>
</Transform>

<Transform dim="1"
 xcoef=" 0.0410280214916957 1 0 0 0 0"
 ycoef=" 0.32303764538702 0 1 0 0 0">
<Contour name="D039" hidden="false" closed="true" simplified="true" border="0 0 1" fill="0 0 1" mode="13"
 points="11.4795 2.9354,
	11.4825 2.9169,
	11.4912 2.89939,
	11.5052 2.88383,
	11.5238 2.87105,
	11.5459 2.86174,
	11.5704 2.85639,
	11.5958 2.85531,
	11.621 2.85855,
	11.6444 2.86592,
	11.6649 2.87705,
	11.6813 2.89131,
	11.6928 2.90796,
	11.6986 2.92608,
	11.6986 2.94471,
	11.6928 2.96284,
	11.6813 2.97948,
	11.6649 2.99375,
	11.6444 3.00487,
	11.621 3.01225,
	11.5958 3.01548,
	11.5704 3.0144,
	11.5459 3.00906,
	11.5238 2.99975,
	11.5052 2.98696,
	11.4912 2.9714,
	"/>
</Transform>

<Transform dim="1"
 xcoef=" 0.0410280214916957 1 0 0 0 0"
 ycoef=" 0.32303764538702 0 1 0 0 0">
<Contour name="D046" hidden="false" closed="true" simplified="true" border="0 0 1" fill="0 0 1" mode="13"
 points="11.0598 1.6278,
	11.0608 1.61083,
	11.0638 1.59415,
	11.0688 1.57806,
	11.0757 1.56284,
	11.0843 1.54876,
	11.0945 1.53606,
	11.1062 1.52496,
	11.1191 1.51565,
	11.133 1.50831,
	11.1476 1.50305,
	11.1627 1.49997,
	11.1781 1.49913,
	11.1934 1.50054,
	11.2085 1.50416,
	11.223 1.50995,
	11.2366 1.5178,
	11.2492 1.52757,
	11.2605 1.53909,
	11.2704 1.55216,
	11.2786 1.56655,
	11.285 1.58202,
	11.2895 1.59828,
	11.292 1.61506,
	11.2926 1.63206,
	11.291 1.64898,
	11.2875 1.66554,
	11.282 1.68144,
	11.2747 1.6964,
	11.2657 1.71016,
	11.255 1.72248,
	11.2431 1.73315,
	11.2299 1.74198,
	11.2158 1.74881,
	11.201 1.75353,
	11.1858 1.75605,
	11.1704 1.75633,
	11.1551 1.75437,
	11.1402 1.75019,
	11.1259 1.74388,
	11.1125 1.73554,
	11.1002 1.72531,
	11.0892 1.71338,
	11.0798 1.69996,
	11.072 1.68528,
	11.0661 1.66959,
	11.062 1.65317,
	"/>
</Transform>

<Transform dim="1"
 xcoef=" 0.0410280214916957 1 0 0 0 0"
 ycoef=" -0.67696235461298 0 1 0 0 0">
<Contour name="d046" hidden="false" closed="true" simplified="true" border="1 1 0" fill="1 1 0" mode="11"
 points="10.7077 0.549878,
	10.7106 0.544103,
	10.7149 0.538328,
	10.7263 0.526778,
	10.7292 0.523891,
	10.7306 0.522447,
	10.7368 0.510897,
	10.74 0.505122,
	10.7415 0.502235,
	10.7435 0.49646,
	10.746 0.48491,
	10.7471 0.479135,
	10.7474 0.473361,
	10.7462 0.461811,
	10.7458 0.456036,
	10.7458 0.453148,
	10.746 0.451705,
	10.748 0.44593,
	10.7491 0.443042,
	10.7565 0.431493,
	10.7581 0.428605,
	10.7615 0.417055,
	10.7619 0.415612,
	10.7675 0.404062,
	10.7711 0.392512,
	10.7714 0.391068,
	10.781 0.367969,
	10.7841 0.356419,
	10.7851 0.350644,
	10.7853 0.3492,
	10.7871 0.343425,
	10.7916 0.331876,
	10.7924 0.330432,
	10.7962 0.318882,
	10.7971 0.315995,
	10.7998 0.31022,
	10.801 0.307332,
	10.8016 0.305889,
	10.8052 0.300114,
	10.8073 0.297226,
	10.8187 0.285677,
	10.8212 0.282789,
	10.8234 0.279902,
	10.829 0.274127,
	10.8319 0.271781,
	10.8348 0.269796,
	10.8377 0.268171,
	10.8434 0.265825,
	10.8463 0.264562,
	10.8521 0.261494,
	10.855 0.260411,
	10.8564 0.25969,
	10.8593 0.258968,
	10.8709 0.257163,
	10.8824 0.254817,
	10.9286 0.251208,
	10.9517 0.250305,
	10.9748 0.249042,
	10.9979 0.246696,
	11.0095 0.245252,
	11.0124 0.244711,
	11.0152 0.243809,
	11.021 0.243267,
	11.0326 0.242726,
	11.0383 0.242365,
	11.0412 0.242184,
	11.0528 0.242906,
	11.0643 0.245794,
	11.0759 0.249584,
	11.0817 0.25211,
	11.0831 0.252832,
	11.086 0.253554,
	11.0867 0.253734,
	11.1098 0.269254,
	11.1214 0.276292,
	11.1242 0.277917,
	11.1358 0.289286,
	11.1387 0.292173,
	11.1432 0.297948,
	11.1455 0.300836,
	11.1466 0.302279,
	11.1479 0.305167,
	11.1479 0.305889,
	11.1519 0.311664,
	11.158 0.323213,
	11.1625 0.334763,
	11.1657 0.346313,
	11.1667 0.3492,
	11.1692 0.36075,
	11.1703 0.366525,
	11.1737 0.378075,
	11.1764 0.389625,
	11.1775 0.395399,
	11.1777 0.396843,
	11.1786 0.398287,
	11.1813 0.400994,
	11.187 0.404784,
	11.1928 0.40731,
	11.1986 0.409115,
	11.2044 0.411822,
	11.2275 0.421387,
	11.2332 0.423552,
	11.2361 0.424815,
	11.2419 0.428064,
	11.2477 0.432034,
	11.2506 0.433839,
	11.252 0.43456,
	11.2549 0.437087,
	11.2578 0.438711,
	11.2592 0.439613,
	11.265 0.444847,
	11.2746 0.456397,
	11.2812 0.467947,
	11.2816 0.468668,
	11.2831 0.470112,
	11.2897 0.481662,
	11.2917 0.484549,
	11.3009 0.496099,
	11.3107 0.507649,
	11.3211 0.519199,
	11.3327 0.530748,
	11.3379 0.536523,
	11.3475 0.548073,
	11.3585 0.559623,
	11.3643 0.564856,
	11.3671 0.567383,
	11.3787 0.576045,
	11.3845 0.579655,
	11.396 0.585249,
	11.4076 0.589941,
	11.4105 0.591024,
	11.4133 0.592648,
	11.4249 0.602032,
	11.4321 0.613582,
	11.4343 0.61647,
	11.4374 0.622244,
	11.4381 0.623688,
	11.4402 0.626576,
	11.4431 0.629102,
	11.4478 0.634877,
	11.4594 0.6439,
	11.4651 0.648231,
	11.4709 0.652021,
	11.4767 0.65527,
	11.4825 0.659781,
	11.4854 0.662127,
	11.4861 0.662488,
	11.4976 0.673497,
	11.5029 0.679271,
	11.5057 0.682159,
	11.5081 0.685046,
	11.5121 0.690821,
	11.514 0.693709,
	11.5151 0.695152,
	11.5281 0.718252,
	11.5297 0.721139,
	11.5373 0.732689,
	11.5409 0.738464,
	11.5438 0.744239,
	11.5518 0.755789,
	11.5561 0.761564,
	11.5597 0.767339,
	11.5639 0.773113,
	11.5658 0.776001,
	11.5667 0.777445,
	11.5873 0.800544,
	11.5922 0.806319,
	11.5933 0.807763,
	11.616 0.830862,
	11.6214 0.836637,
	11.6265 0.842412,
	11.6279 0.843856,
	11.6359 0.855406,
	11.6391 0.86118,
	11.64 0.862624,
	11.6407 0.865512,
	11.6409 0.866955,
	11.6406 0.87273,
	11.6406 0.875618,
	11.6402 0.877061,
	11.6413 0.882836,
	11.6416 0.894386,
	11.6411 0.900161,
	11.6407 0.903048,
	11.6406 0.904492,
	11.6398 0.905936,
	11.6397 0.906658,
	11.6346 0.912252,
	11.6339 0.912433,
	11.6332 0.912974,
	11.6216 0.91514,
	11.6187 0.915681,
	11.6158 0.915681,
	11.6101 0.919651,
	11.6086 0.920914,
	11.6077 0.922358,
	11.6072 0.923802,
	11.6064 0.929577,
	11.6063 0.932464,
	11.6057 0.935352,
	11.6045 0.938239,
	11.6028 0.941127,
	11.5972 0.945999,
	11.5944 0.948526,
	11.5936 0.949248,
	11.5907 0.950691,
	11.5893 0.951052,
	11.5886 0.951594,
	11.5882 0.951955,
	11.5853 0.952676,
	11.5839 0.952676,
	11.5832 0.953218,
	11.5716 0.95412,
	11.5687 0.954481,
	11.563 0.955925,
	11.5601 0.956466,
	11.5586 0.956827,
	11.5557 0.958632,
	11.5528 0.961158,
	11.548 0.966933,
	11.5473 0.967655,
	11.5415 0.970723,
	11.5299 0.974152,
	11.5242 0.975595,
	11.5213 0.976137,
	11.5155 0.976317,
	11.5126 0.976137,
	11.5097 0.975595,
	11.4982 0.971986,
	11.4953 0.970723,
	11.4938 0.970182,
	11.4881 0.970182,
	11.4823 0.971264,
	11.4816 0.971445,
	11.4787 0.97343,
	11.4729 0.977942,
	11.4671 0.98137,
	11.4614 0.983897,
	11.4599 0.984438,
	11.4541 0.985521,
	11.4484 0.985882,
	11.4368 0.98516,
	11.4339 0.984799,
	11.4224 0.981731,
	11.4195 0.981009,
	11.4079 0.976317,
	11.4022 0.973791,
	11.3993 0.972528,
	11.3935 0.970542,
	11.3877 0.969821,
	11.3646 0.971084,
	11.3632 0.971264,
	11.3516 0.970182,
	11.3502 0.970182,
	11.3386 0.968377,
	11.3372 0.967835,
	11.3314 0.96964,
	11.3285 0.970182,
	11.3228 0.969279,
	11.3199 0.968377,
	11.3141 0.96585,
	11.3112 0.964768,
	11.3083 0.963143,
	11.3025 0.958812,
	11.2997 0.956827,
	11.2939 0.952135,
	11.2823 0.944916,
	11.2794 0.943473,
	11.2766 0.941127,
	11.2751 0.940224,
	11.2744 0.939683,
	11.2737 0.939683,
	11.2621 0.93066,
	11.2592 0.929035,
	11.2578 0.928133,
	11.2565 0.92687,
	11.245 0.91929,
	11.2421 0.917486,
	11.2414 0.916944,
	11.241 0.916583,
	11.2396 0.916583,
	11.2338 0.914418,
	11.228 0.91153,
	11.2266 0.910447,
	11.2251 0.909906,
	11.2237 0.909004,
	11.223 0.908462,
	11.2222 0.908282,
	11.2215 0.907741,
	11.2201 0.907199,
	11.2193 0.906658,
	11.2165 0.905575,
	11.215 0.905034,
	11.2136 0.904131,
	11.202 0.898898,
	11.1962 0.896371,
	11.1847 0.892401,
	11.1818 0.891499,
	11.1804 0.890957,
	11.1796 0.890957,
	11.1739 0.888972,
	11.1731 0.888972,
	11.1724 0.888611,
	11.1717 0.888611,
	11.1688 0.887709,
	11.1573 0.885182,
	11.1558 0.885002,
	11.1544 0.88446,
	11.1486 0.883919,
	11.1428 0.883017,
	11.1414 0.883017,
	11.1385 0.882475,
	11.1327 0.882295,
	11.132 0.882295,
	11.1306 0.881754,
	11.1248 0.881032,
	11.119 0.879949,
	11.1176 0.879949,
	11.1118 0.877964,
	11.106 0.877061,
	11.1002 0.87652,
	11.0974 0.876159,
	11.0743 0.870384,
	11.0627 0.867858,
	11.0569 0.867316,
	11.0555 0.867316,
	11.0439 0.870926,
	11.0324 0.873091,
	11.0093 0.873633,
	11.0035 0.873633,
	11.0006 0.873633,
	10.9891 0.871647,
	10.9833 0.870384,
	10.9717 0.866955,
	10.966 0.865151,
	10.9645 0.86479,
	10.9631 0.863887,
	10.9624 0.863346,
	10.9609 0.862985,
	10.958 0.861361,
	10.9573 0.860639,
	10.9559 0.860098,
	10.9501 0.855767,
	10.9472 0.85342,
	10.9465 0.852699,
	10.9436 0.851074,
	10.9378 0.846021,
	10.9371 0.8453,
	10.9256 0.838622,
	10.914 0.832306,
	10.9082 0.82996,
	10.8967 0.82599,
	10.8938 0.824907,
	10.8822 0.818952,
	10.8765 0.814801,
	10.8736 0.813177,
	10.8678 0.808304,
	10.862 0.804334,
	10.8505 0.795311,
	10.8447 0.790619,
	10.8418 0.788092,
	10.8362 0.782317,
	10.8335 0.77943,
	10.8288 0.773655,
	10.823 0.76788,
	10.8185 0.762105,
	10.8164 0.759218,
	10.8108 0.753443,
	10.7925 0.730343,
	10.7833 0.718793,
	10.7812 0.715906,
	10.7779 0.710131,
	10.7772 0.70959,
	10.7768 0.708868,
	10.7745 0.697318,
	10.7745 0.685768,
	10.774 0.679993,
	10.7711 0.674218,
	10.7696 0.671331,
	10.7655 0.665556,
	10.7622 0.659781,
	10.7545 0.648231,
	10.7521 0.645344,
	10.7312 0.622244,
	10.7263 0.61647,
	10.7234 0.610695,
	10.7225 0.607807,
	10.7222 0.602032,
	10.722 0.599145,
	10.7177 0.587595,
	10.7157 0.58182,
	10.7101 0.57027,
	10.7088 0.567383,
	10.7083 0.564495,
	10.7077 0.552946,
	10.7077 0.550058,
	"/>
</Transform>

<Transform dim="1"
 xcoef=" 0.0410280214916957 1 0 0 0 0"
 ycoef=" -0.67696235461298 0 1 0 0 0">
<Contour name="d046_p04" hidden="false" closed="true" simplified="true" border="1 1 0" fill="1 1 0" mode="11"
 points="9.54121 1.29623,
	9.54268 1.29038,
	9.54268 1.28453,
	9.54779 1.26115,
	9.55144 1.24946,
	9.55364 1.24362,
	9.5551 1.24216,
	9.5624 1.21877,
	9.56606 1.20708,
	9.56752 1.20124,
	9.56898 1.19831,
	9.56898 1.19539,
	9.57702 1.17201,
	9.58067 1.16032,
	9.58213 1.1574,
	9.58213 1.15594,
	9.58359 1.15447,
	9.58506 1.14863,
	9.58652 1.14717,
	9.58725 1.14424,
	9.5909 1.1384,
	9.59163 1.13548,
	9.6004 1.12379,
	9.61574 1.10186,
	9.6267 1.09017,
	9.64789 1.07264,
	9.65958 1.06314,
	9.67858 1.04414,
	9.6837 1.0383,
	9.69173 1.0288,
	9.71073 1.00907,
	9.72169 0.998839,
	9.72608 0.992994,
	9.73411 0.983495,
	9.74069 0.972535,
	9.7458 0.961574,
	9.74946 0.949883,
	9.75457 0.938193,
	9.76115 0.926502,
	9.76992 0.914811,
	9.77503 0.911157,
	9.78672 0.907504,
	9.8101 0.904581,
	9.83349 0.90312,
	9.84518 0.901659,
	9.85687 0.901659,
	9.88025 0.899467,
	9.92701 0.898005,
	9.95039 0.898005,
	9.96209 0.898005,
	9.97378 0.900197,
	9.97962 0.901659,
	9.98254 0.901659,
	9.99424 0.905312,
	10.0001 0.906773,
	10.003 0.906773,
	10.0088 0.908965,
	10.0147 0.909696,
	10.0264 0.91335,
	10.0381 0.918464,
	10.041 0.920656,
	10.0425 0.922118,
	10.0439 0.922118,
	10.049 0.926502,
	10.052 0.927232,
	10.0571 0.931617,
	10.0585 0.931617,
	10.0644 0.936001,
	10.0746 0.941846,
	10.0775 0.943307,
	10.079 0.943307,
	10.0805 0.944769,
	10.0921 0.946961,
	10.1038 0.947691,
	10.1272 0.942577,
	10.1301 0.941115,
	10.136 0.940385,
	10.1389 0.938923,
	10.1623 0.93527,
	10.2091 0.934539,
	10.2207 0.93527,
	10.2324 0.937462,
	10.2354 0.938193,
	10.2368 0.938193,
	10.2383 0.939654,
	10.2412 0.940385,
	10.2471 0.945499,
	10.2514 0.949883,
	10.2595 0.960844,
	10.2609 0.963766,
	10.2609 0.965228,
	10.2624 0.966689,
	10.266 0.97838,
	10.2668 0.990071,
	10.2682 0.995916,
	10.269 1.0193,
	10.269 1.02514,
	10.269 1.02807,
	10.2646 1.03976,
	10.2631 1.0456,
	10.2617 1.04706,
	10.2595 1.05291,
	10.2492 1.0646,
	10.2339 1.08652,
	10.2332 1.09821,
	10.2332 1.10113,
	10.2332 1.1026,
	10.2354 1.10552,
	10.2376 1.11136,
	10.2529 1.13475,
	10.2536 1.13767,
	10.2551 1.1384,
	10.2573 1.15009,
	10.2573 1.15594,
	10.2558 1.16178,
	10.2544 1.16324,
	10.2529 1.16909,
	10.2514 1.17201,
	10.2507 1.17786,
	10.2558 1.18955,
	10.2587 1.19539,
	10.2617 1.20708,
	10.2624 1.21877,
	10.2609 1.22462,
	10.2565 1.23046,
	10.2463 1.2385,
	10.2405 1.24069,
	10.2288 1.24216,
	10.2171 1.24216,
	10.2112 1.24216,
	10.1996 1.23923,
	10.1879 1.23412,
	10.182 1.23046,
	10.1711 1.22023,
	10.1659 1.21585,
	10.1638 1.21293,
	10.1528 1.20562,
	10.1426 1.19978,
	10.1309 1.19247,
	10.1294 1.19247,
	10.1265 1.19028,
	10.1031 1.18005,
	10.0563 1.16763,
	10.0447 1.16616,
	10.0388 1.16543,
	10.0359 1.16397,
	10.0125 1.16397,
	10.0008 1.16397,
	9.97743 1.16763,
	9.96574 1.16836,
	9.94236 1.17347,
	9.93067 1.17639,
	9.92774 1.17639,
	9.92482 1.17786,
	9.90144 1.18297,
	9.89559 1.18443,
	9.89267 1.18589,
	9.88683 1.18662,
	9.87513 1.19028,
	9.86929 1.19174,
	9.86637 1.19174,
	9.84299 1.19978,
	9.83129 1.20489,
	9.80937 1.22023,
	9.79768 1.229,
	9.79184 1.23339,
	9.79038 1.23339,
	9.78088 1.24069,
	9.73923 1.28746,
	9.71877 1.31084,
	9.71439 1.31668,
	9.71219 1.32838,
	9.71219 1.35176,
	9.71219 1.35322,
	9.71073 1.35468,
	9.71 1.3576,
	9.70562 1.36272,
	9.69977 1.3671,
	9.69466 1.37002,
	9.6932 1.37002,
	9.69027 1.37222,
	9.67858 1.37587,
	9.67566 1.37733,
	9.67274 1.37733,
	9.66689 1.37952,
	9.6552 1.38098,
	9.64351 1.38098,
	9.63182 1.37952,
	9.62597 1.37879,
	9.61428 1.37952,
	9.5909 1.38464,
	9.58506 1.38464,
	9.58213 1.38464,
	9.57044 1.37733,
	9.56167 1.36637,
	9.5551 1.35468,
	9.55144 1.34883,
	9.54414 1.32545,
	9.54195 1.31376,
	9.54121 1.30207,
	9.54121 1.29696,
	"/>
</Transform>

<Transform dim="1"
 xcoef=" 0.0410280214916957 1 0 0 0 0"
 ycoef=" -0.67696235461298 0 1 0 0 0">
<Contour name="d046_p05" hidden="false" closed="true" simplified="true" border="1 1 0" fill="1 1 0" mode="11"
 points="12.061 1.26976,
	12.0613 1.2686,
	12.0613 1.26802,
	12.0618 1.26744,
	12.0633 1.26279,
	12.0662 1.25815,
	12.0662 1.25757,
	12.0685 1.25525,
	12.07 1.25351,
	12.0749 1.24916,
	12.0755 1.24916,
	12.0778 1.24713,
	12.0958 1.23581,
	12.1004 1.23291,
	12.1016 1.23262,
	12.1106 1.22536,
	12.1152 1.22217,
	12.1164 1.2213,
	12.117 1.2213,
	12.1181 1.22043,
	12.1187 1.22043,
	12.1193 1.21985,
	12.1379 1.21376,
	12.1564 1.20998,
	12.1611 1.20911,
	12.1634 1.20911,
	12.1646 1.20853,
	12.1831 1.20882,
	12.1878 1.20882,
	12.1924 1.20969,
	12.1947 1.20969,
	12.1971 1.21027,
	12.1982 1.21027,
	12.1994 1.21086,
	12.2087 1.21173,
	12.2133 1.2126,
	12.2156 1.21318,
	12.2179 1.21434,
	12.2185 1.21434,
	12.2191 1.21492,
	12.2203 1.21521,
	12.2243 1.21898,
	12.2275 1.22333,
	12.229 1.22565,
	12.2298 1.22681,
	12.2301 1.22797,
	12.231 1.22914,
	12.2322 1.23378,
	12.2322 1.23842,
	12.2322 1.24074,
	12.2301 1.24538,
	12.2301 1.24597,
	12.2275 1.25061,
	12.2266 1.25148,
	12.2266 1.25206,
	12.2226 1.25641,
	12.2136 1.26308,
	12.2124 1.26367,
	12.2081 1.26744,
	12.1994 1.27353,
	12.1947 1.27643,
	12.1924 1.27759,
	12.1912 1.27846,
	12.1907 1.27846,
	12.1898 1.27933,
	12.1886 1.27962,
	12.1866 1.28107,
	12.1843 1.28195,
	12.1831 1.28253,
	12.1825 1.28311,
	12.1802 1.28398,
	12.1779 1.28543,
	12.1686 1.28949,
	12.164 1.2921,
	12.1593 1.29529,
	12.1573 1.29703,
	12.1561 1.29819,
	12.1529 1.30284,
	12.1492 1.30748,
	12.1451 1.31096,
	12.1408 1.31386,
	12.1364 1.31764,
	12.1318 1.32083,
	12.1294 1.32199,
	12.1283 1.32257,
	12.1236 1.32344,
	12.119 1.32373,
	12.1178 1.32373,
	12.1173 1.32344,
	12.1161 1.32402,
	12.1068 1.32431,
	12.1045 1.32431,
	12.1033 1.32431,
	12.1022 1.32373,
	12.0998 1.32344,
	12.0906 1.32054,
	12.0882 1.31938,
	12.0871 1.31909,
	12.0859 1.31822,
	12.0853 1.31822,
	12.083 1.31648,
	12.0819 1.3156,
	12.0813 1.3156,
	12.0807 1.31502,
	12.0801 1.31502,
	12.0717 1.30719,
	12.0685 1.30313,
	12.0662 1.29878,
	12.0653 1.29761,
	12.0653 1.29703,
	12.0644 1.29587,
	12.0642 1.29471,
	12.0636 1.29413,
	12.063 1.29181,
	12.0624 1.29123,
	12.0613 1.28659,
	12.061 1.2773,
	12.061 1.27266,
	12.061 1.27034,
	12.061 1.27005,
	"/>
</Transform>

<Transform dim="0"
 xcoef=" 0 1 0 0 0 0"
 ycoef=" 0 0 1 0 0 0">
<Contour name="d046_p37" hidden="false" closed="true" simplified="true" border="1 1 0" fill="1 1 0" mode="11"
 points="12.2301 1.24209,
	12.2333 1.23778,
	12.2506 1.23023,
	12.2678 1.227,
	12.2721 1.22592,
	12.2743 1.22592,
	12.2764 1.22376,
	12.3109 1.22161,
	12.3282 1.22268,
	12.3455 1.23023,
	12.3541 1.23562,
	12.3584 1.23778,
	12.3713 1.25503,
	12.3724 1.27228,
	12.3724 1.28091,
	12.3703 1.28522,
	12.3681 1.30247,
	12.3649 1.30679,
	12.3573 1.34129,
	12.3498 1.35854,
	12.3444 1.36716,
	12.3401 1.3704,
	12.3314 1.37256,
	12.3142 1.37256,
	12.3056 1.37256,
	12.2969 1.36609,
	12.2926 1.36177,
	12.2883 1.35315,
	12.2862 1.35099,
	12.2829 1.34237,
	12.2775 1.33374,
	12.2743 1.32511,
	12.2743 1.31649,
	12.2732 1.31433,
	12.2743 1.31218,
	12.2689 1.30355,
	12.2516 1.29277,
	12.2473 1.28953,
	12.2376 1.27228,
	12.2333 1.26366,
	12.2301 1.24641,
	12.2301 1.24317,
	"/>
</Transform>

<Transform dim="0"
 xcoef=" 0 1 0 0 0 0"
 ycoef=" 0 0 1 0 0 0">
<Contour name="d046_cfa04" hidden="false" closed="false" simplified="false" border="0 1 0" fill="0 1 0" mode="11"
 points="10.1195 1.84301,
	10.1008 1.83247,
	10.0481 1.81022,
	9.99421 1.80437,
	9.84082 1.82895,
	9.73661 1.8875,
	"/>
</Transform>

<Transform dim="0"
 xcoef=" 0 1 0 0 0 0"
 ycoef=" 0 0 1 0 0 0">
<Contour name="d046_c04" hidden="false" closed="true" simplified="true" border="1 0 0" fill="1 0 0" mode="11"
 points="9.73134 1.87812,
	9.73602 1.84065,
	9.73602 1.83597,
	9.74422 1.82894,
	9.78169 1.80787,
	9.80042 1.79616,
	9.81916 1.78796,
	9.89409 1.7704,
	9.93156 1.76103,
	10.0065 1.75986,
	10.0252 1.75986,
	10.0299 1.75986,
	10.1049 1.78445,
	10.1142 1.78796,
	10.1224 1.8067,
	10.1236 1.84417,
	10.1224 1.85353,
	10.1049 1.891,
	10.085 1.92847,
	10.0803 1.93784,
	10.0768 1.94135,
	10.0018 1.96243,
	9.96435 1.97296,
	9.94561 1.97765,
	9.87068 1.98467,
	9.83321 1.97765,
	9.81447 1.97296,
	9.80511 1.97062,
	9.78637 1.95423,
	9.7852 1.95657,
	9.7571 1.9191,
	9.74305 1.90037,
	9.73602 1.891,
	9.73251 1.88632,
	9.73134 1.88163,
	9.73134 1.87929,
	"/>
</Transform>

<Transform dim="1"
 xcoef=" 0.241028021491696 1 0 0 0 0"
 ycoef=" 0.40303764538702 0 1 0 0 0">
<Image mag="0.00201646" contrast="2.18288" brightness="-1.215" red="true" green="true" blue="true"
 src="017____z16.0.tif" />
<Contour name="domain1" hidden="false" closed="true" simplified="false" border="1 0 1" fill="1 0 1" mode="11"
 points="0 0,
	9551 0,
	9551 5063,
	0 5063,
	"/>
</Transform>

<Transform dim="0"
 xcoef=" 0 1 0 0 0 0"
 ycoef=" 0 0 1 0 0 0">
<Contour name="d046_p06" hidden="false" closed="true" simplified="true" border="1 1 0" fill="1 1 0" mode="11"
 points="12.1712 0.35298,
	12.1721 0.337839,
	12.1745 0.330268,
	12.1759 0.326483,
	12.1792 0.311342,
	12.1821 0.303771,
	12.1835 0.296201,
	12.1849 0.292415,
	12.1849 0.290523,
	12.1873 0.282952,
	12.1887 0.279167,
	12.1901 0.277274,
	12.1925 0.269703,
	12.1939 0.265918,
	12.202 0.250777,
	12.2062 0.243206,
	12.2072 0.241314,
	12.2147 0.234216,
	12.2223 0.229958,
	12.2261 0.227592,
	12.2412 0.221441,
	12.2488 0.219075,
	12.2507 0.218129,
	12.281 0.215763,
	12.2961 0.211031,
	12.3037 0.209138,
	12.334 0.209138,
	12.3377 0.209138,
	12.3415 0.207246,
	12.3567 0.203934,
	12.3605 0.202514,
	12.3624 0.202041,
	12.3633 0.202041,
	12.3642 0.201095,
	12.3661 0.201095,
	12.3813 0.196836,
	12.3889 0.19447,
	12.3907 0.19447,
	12.3983 0.191158,
	12.4059 0.189266,
	12.4097 0.188319,
	12.4135 0.186427,
	12.421 0.184534,
	12.4362 0.182641,
	12.4513 0.181695,
	12.4665 0.182168,
	12.474 0.185007,
	12.4816 0.191158,
	12.4859 0.198729,
	12.4882 0.202514,
	12.4896 0.204407,
	12.492 0.211977,
	12.4929 0.215763,
	12.5005 0.221441,
	12.5043 0.223807,
	12.5109 0.230904,
	12.5147 0.238475,
	12.5161 0.24226,
	12.5161 0.244153,
	12.5213 0.259294,
	12.5246 0.274435,
	12.5261 0.289576,
	12.528 0.297147,
	12.5289 0.300932,
	12.5289 0.304718,
	12.5303 0.30803,
	12.5313 0.3156,
	12.5336 0.323171,
	12.5341 0.326956,
	12.536 0.330742,
	12.5365 0.334527,
	12.5393 0.342098,
	12.5407 0.349668,
	12.5412 0.353453,
	12.5403 0.361024,
	12.5398 0.364809,
	12.537 0.37238,
	12.5317 0.379951,
	12.5294 0.383736,
	12.5284 0.384682,
	12.5284 0.385629,
	12.5265 0.387521,
	12.5261 0.389414,
	12.5242 0.390833,
	12.5232 0.392726,
	12.5157 0.398877,
	12.5081 0.403609,
	12.5005 0.406448,
	12.4967 0.406921,
	12.4948 0.407867,
	12.4929 0.407867,
	12.4854 0.410706,
	12.4778 0.412126,
	12.4702 0.414492,
	12.4665 0.414492,
	12.4627 0.415911,
	12.4551 0.416857,
	12.4513 0.418277,
	12.4475 0.420643,
	12.4324 0.427267,
	12.4305 0.428213,
	12.4229 0.428687,
	12.3926 0.425374,
	12.3851 0.424428,
	12.3775 0.424428,
	12.3737 0.423482,
	12.3434 0.423955,
	12.3283 0.424428,
	12.3245 0.424428,
	12.3094 0.421116,
	12.2942 0.415911,
	12.2866 0.412599,
	12.2848 0.411653,
	12.281 0.411179,
	12.2772 0.40976,
	12.2767 0.408814,
	12.2748 0.40834,
	12.2672 0.402663,
	12.2639 0.398877,
	12.262 0.396985,
	12.2602 0.396038,
	12.2526 0.395092,
	12.2374 0.395092,
	12.2223 0.396985,
	12.2147 0.397931,
	12.1996 0.397931,
	12.192 0.397931,
	12.1901 0.397931,
	12.1826 0.394619,
	12.175 0.389887,
	12.1731 0.387994,
	12.1712 0.372853,
	12.1712 0.357712,
	12.1712 0.353927,
	12.1712 0.353453,
	"/>
</Transform>

<Transform dim="0"
 xcoef=" 0 1 0 0 0 0"
 ycoef=" 0 0 1 0 0 0">
<Contour name="d046_cfa06" hidden="false" closed="true" simplified="true" border="0 1 0" fill="0 1 0" mode="11"
 points="12.4396 0.328867,
	12.4403 0.324893,
	12.4416 0.320919,
	12.4421 0.318931,
	12.4443 0.314957,
	12.4453 0.31297,
	12.448 0.308996,
	12.4555 0.302538,
	12.4575 0.300799,
	12.4604 0.297818,
	12.4609 0.296825,
	12.4609 0.296328,
	12.4622 0.294589,
	12.4627 0.293596,
	12.4627 0.293099,
	12.4632 0.292602,
	12.4632 0.292105,
	12.4637 0.291857,
	12.4649 0.287883,
	12.4654 0.285896,
	12.4654 0.269999,
	12.4657 0.266025,
	12.4674 0.26205,
	12.4684 0.260063,
	12.4684 0.259567,
	12.4689 0.25907,
	12.4689 0.258573,
	12.4721 0.255096,
	12.4721 0.254599,
	12.4736 0.253108,
	12.4743 0.252115,
	12.4748 0.252115,
	12.4753 0.25137,
	12.4771 0.249631,
	12.4776 0.249383,
	12.4776 0.248886,
	12.4793 0.247147,
	12.4801 0.246402,
	12.4806 0.246402,
	12.4808 0.245408,
	12.4811 0.244912,
	12.4815 0.244912,
	12.4843 0.241434,
	12.4855 0.239695,
	12.4863 0.23895,
	12.4865 0.238702,
	12.4868 0.23895,
	12.4905 0.236218,
	12.4925 0.235473,
	12.4935 0.235473,
	12.4974 0.233982,
	12.4994 0.233237,
	12.5004 0.232989,
	12.5024 0.233237,
	12.5064 0.232989,
	12.5069 0.233486,
	12.5074 0.233486,
	12.5084 0.234479,
	12.5081 0.234976,
	12.5099 0.236715,
	12.5101 0.236963,
	12.5099 0.237212,
	12.5104 0.237212,
	12.5138 0.240192,
	12.5156 0.241931,
	12.5178 0.245657,
	12.5186 0.24665,
	12.5191 0.248637,
	12.52 0.250625,
	12.5203 0.251618,
	12.5203 0.252115,
	12.5208 0.252363,
	12.5208 0.253357,
	12.5213 0.253605,
	12.5225 0.257579,
	12.5233 0.261554,
	12.5233 0.277451,
	12.5233 0.285399,
	12.5238 0.289373,
	12.5265 0.297322,
	12.5277 0.301296,
	12.5292 0.309244,
	12.53 0.311231,
	12.5307 0.315206,
	12.532 0.31918,
	12.532 0.320173,
	12.5327 0.322161,
	12.533 0.324148,
	12.5335 0.325141,
	12.534 0.329115,
	12.5345 0.330109,
	12.5345 0.334083,
	12.5352 0.33607,
	12.5359 0.337064,
	12.5362 0.338057,
	12.5369 0.339051,
	12.5372 0.340045,
	12.5377 0.340541,
	12.5389 0.344516,
	12.5399 0.352464,
	12.5399 0.360412,
	12.5399 0.3624,
	12.5394 0.363393,
	12.5392 0.36538,
	12.5379 0.369354,
	12.5377 0.370348,
	12.5372 0.370596,
	12.5364 0.372584,
	12.5359 0.37308,
	12.5352 0.375067,
	12.5327 0.378793,
	12.532 0.379787,
	12.5302 0.383264,
	12.527 0.387238,
	12.526 0.388232,
	12.5243 0.389474,
	12.5238 0.389474,
	12.523 0.390468,
	12.522 0.390964,
	12.5215 0.390964,
	12.5198 0.392206,
	12.5193 0.392703,
	12.5188 0.392703,
	12.5151 0.395435,
	12.5116 0.397671,
	12.5104 0.398664,
	12.5084 0.398913,
	12.5079 0.399658,
	12.4999 0.4009,
	12.492 0.401645,
	12.49 0.402142,
	12.486 0.401893,
	12.4781 0.402142,
	12.4761 0.402142,
	12.4721 0.401148,
	12.4711 0.4009,
	12.4704 0.399906,
	12.4696 0.39941,
	12.4691 0.398416,
	12.4674 0.397174,
	12.4661 0.395435,
	12.4661 0.394939,
	12.4654 0.393945,
	12.4632 0.385997,
	12.4624 0.384258,
	12.4622 0.383513,
	12.4609 0.381526,
	12.4592 0.379787,
	12.4584 0.378793,
	12.4567 0.377551,
	12.4547 0.375813,
	12.453 0.374819,
	12.4525 0.374819,
	12.4522 0.374322,
	12.4517 0.374322,
	12.4512 0.373825,
	12.4507 0.373825,
	12.4498 0.372832,
	12.4488 0.372335,
	12.4483 0.371342,
	12.4473 0.370845,
	12.4453 0.369106,
	12.4426 0.365629,
	12.4413 0.36389,
	12.4406 0.361903,
	12.4401 0.361654,
	12.4396 0.35768,
	12.4396 0.341783,
	12.4396 0.333835,
	12.4396 0.329861,
	12.4396 0.329115,
	"/>
</Transform>

<Transform dim="0"
 xcoef=" 0 1 0 0 0 0"
 ycoef=" 0 0 1 0 0 0">
<Contour name="d046_c06" hidden="false" closed="true" simplified="true" border="1 0 0" fill="1 0 0" mode="11"
 points="12.4253 0.335811,
	12.4264 0.33026,
	12.4267 0.32471,
	12.4278 0.319159,
	12.4278 0.317771,
	12.4285 0.317425,
	12.4295 0.311874,
	12.4295 0.306323,
	12.4309 0.295222,
	12.4316 0.293834,
	12.4319 0.288284,
	12.434 0.277183,
	12.4344 0.274407,
	12.4354 0.271632,
	12.4358 0.268857,
	12.4368 0.266082,
	12.4375 0.264694,
	12.4375 0.263306,
	12.4385 0.260531,
	12.4396 0.25949,
	12.4399 0.258103,
	12.4399 0.257409,
	12.4406 0.256715,
	12.441 0.255327,
	12.4451 0.25047,
	12.4486 0.245614,
	12.4493 0.245267,
	12.4493 0.244573,
	12.4514 0.242492,
	12.4521 0.241104,
	12.4531 0.24041,
	12.4576 0.2359,
	12.4587 0.234859,
	12.4597 0.234513,
	12.4611 0.233472,
	12.4618 0.232778,
	12.4673 0.23139,
	12.4687 0.23139,
	12.4715 0.23035,
	12.477 0.229656,
	12.4784 0.229309,
	12.4788 0.228615,
	12.4815 0.228268,
	12.4829 0.228268,
	12.4857 0.227227,
	12.4913 0.22688,
	12.5024 0.224799,
	12.5246 0.225146,
	12.5357 0.225493,
	12.5384 0.22584,
	12.5412 0.22688,
	12.5426 0.22688,
	12.5433 0.227574,
	12.5447 0.227574,
	12.5461 0.228268,
	12.5468 0.228268,
	12.5471 0.228962,
	12.5499 0.229656,
	12.5513 0.230003,
	12.552 0.230697,
	12.5527 0.230697,
	12.5554 0.233125,
	12.5582 0.234859,
	12.5596 0.237635,
	12.5631 0.248389,
	12.5648 0.25394,
	12.5655 0.25949,
	12.5658 0.262265,
	12.5679 0.267469,
	12.5679 0.268857,
	12.5686 0.269898,
	12.5693 0.275448,
	12.5707 0.280999,
	12.5707 0.281693,
	12.5714 0.282386,
	12.5714 0.283774,
	12.5724 0.286549,
	12.5728 0.289325,
	12.5728 0.290018,
	12.5735 0.290712,
	12.5745 0.296263,
	12.5749 0.299038,
	12.5759 0.301813,
	12.5783 0.324016,
	12.579 0.346218,
	12.579 0.357319,
	12.579 0.36287,
	12.578 0.373971,
	12.5776 0.375359,
	12.5766 0.376746,
	12.5749 0.382297,
	12.5749 0.382991,
	12.5742 0.383685,
	12.5724 0.389235,
	12.5714 0.390623,
	12.5711 0.393398,
	12.57 0.394439,
	12.57 0.395133,
	12.5693 0.395827,
	12.5693 0.397214,
	12.5679 0.39999,
	12.5655 0.402765,
	12.5655 0.403459,
	12.5648 0.403806,
	12.5648 0.404499,
	12.5634 0.405887,
	12.5617 0.408662,
	12.5603 0.409703,
	12.5596 0.410744,
	12.5582 0.411091,
	12.5575 0.411785,
	12.5568 0.411785,
	12.5516 0.415601,
	12.5509 0.415601,
	12.5495 0.416641,
	12.5384 0.418376,
	12.5162 0.418029,
	12.5107 0.418029,
	12.5051 0.416641,
	12.4996 0.415948,
	12.4968 0.415948,
	12.4961 0.415254,
	12.4906 0.415254,
	12.4878 0.41456,
	12.4854 0.413172,
	12.4798 0.411438,
	12.477 0.410744,
	12.4757 0.409703,
	12.4743 0.409356,
	12.4736 0.409356,
	12.4722 0.408315,
	12.4694 0.407622,
	12.468 0.406581,
	12.4625 0.405193,
	12.4597 0.404499,
	12.459 0.403806,
	12.4583 0.403806,
	12.4534 0.400336,
	12.4534 0.399643,
	12.451 0.397908,
	12.4486 0.39548,
	12.4476 0.394092,
	12.4469 0.393745,
	12.4469 0.393051,
	12.4444 0.39097,
	12.4427 0.388888,
	12.4382 0.383338,
	12.4347 0.378828,
	12.434 0.37744,
	12.434 0.376746,
	12.4333 0.3764,
	12.4323 0.373624,
	12.4306 0.370849,
	12.4285 0.365298,
	12.4281 0.362523,
	12.4274 0.362176,
	12.4274 0.360789,
	12.4264 0.358013,
	12.4253 0.346912,
	12.4253 0.336158,
	"/>
</Transform>

<Transform dim="0"
 xcoef=" 0 1 0 0 0 0"
 ycoef=" 0 0 1 0 0 0">
<Contour name="d046_p07" hidden="false" closed="true" simplified="true" border="1 1 0" fill="1 1 0" mode="11"
 points="12.5445 2.21248,
	12.547 2.20218,
	12.5477 2.19961,
	12.5477 2.19832,
	12.5516 2.19318,
	12.5612 2.1861,
	12.5664 2.18224,
	12.5689 2.18159,
	12.5741 2.17837,
	12.5947 2.17129,
	12.605 2.16808,
	12.6101 2.1655,
	12.6127 2.16357,
	12.623 2.15971,
	12.6333 2.15971,
	12.6436 2.16357,
	12.6449 2.16357,
	12.65 2.16743,
	12.6552 2.17001,
	12.6655 2.17773,
	12.6758 2.18417,
	12.6783 2.18545,
	12.6783 2.18674,
	12.6835 2.19124,
	12.6931 2.19832,
	12.6957 2.2009,
	12.706 2.20798,
	12.7111 2.21119,
	12.7163 2.2157,
	12.7189 2.21827,
	12.7292 2.22471,
	12.7388 2.23372,
	12.7459 2.24337,
	12.7562 2.24659,
	12.7613 2.24788,
	12.7639 2.24981,
	12.7742 2.25174,
	12.7948 2.25302,
	12.836 2.25174,
	12.8411 2.25174,
	12.8514 2.24981,
	12.872 2.24852,
	12.8926 2.24595,
	12.9338 2.24401,
	12.9544 2.24337,
	12.975 2.2408,
	12.9956 2.23951,
	13.0007 2.23822,
	13.0059 2.23822,
	13.011 2.23694,
	13.0316 2.23629,
	13.0522 2.23436,
	13.0934 2.23372,
	13.114 2.23372,
	13.1243 2.23372,
	13.1294 2.23372,
	13.132 2.23372,
	13.1333 2.23372,
	13.1346 2.23501,
	13.1397 2.23565,
	13.1423 2.23758,
	13.1475 2.23887,
	13.1526 2.24208,
	13.1552 2.24337,
	13.1578 2.24337,
	13.1623 2.2453,
	13.1726 2.25238,
	13.1751 2.25431,
	13.1764 2.2556,
	13.1777 2.2556,
	13.1822 2.26075,
	13.1874 2.27104,
	13.1938 2.29164,
	13.197 2.30193,
	13.1977 2.30708,
	13.2015 2.31738,
	13.2041 2.33797,
	13.2041 2.34827,
	13.2041 2.35084,
	13.2009 2.36114,
	13.1977 2.36629,
	13.1957 2.36886,
	13.1951 2.37143,
	13.1874 2.38173,
	13.1822 2.38624,
	13.1771 2.38945,
	13.1719 2.39396,
	13.1307 2.41584,
	13.1204 2.42099,
	13.1179 2.42163,
	13.1166 2.42163,
	13.1153 2.42292,
	13.1127 2.42292,
	13.1076 2.42549,
	13.0973 2.42807,
	13.0947 2.42807,
	13.0895 2.43064,
	13.0793 2.43257,
	13.0587 2.43901,
	13.0484 2.44222,
	13.0471 2.44351,
	13.0368 2.44544,
	13.0316 2.44737,
	12.9904 2.44866,
	12.9699 2.44802,
	12.9493 2.4448,
	12.9441 2.44351,
	12.939 2.44351,
	12.9184 2.44029,
	12.9081 2.43708,
	12.8978 2.43515,
	12.8952 2.43386,
	12.8849 2.43193,
	12.8746 2.42871,
	12.8733 2.42742,
	12.8682 2.42678,
	12.827 2.41069,
	12.8064 2.40232,
	12.8012 2.39975,
	12.7961 2.39589,
	12.7858 2.3901,
	12.7755 2.38302,
	12.7742 2.38173,
	12.7742 2.38044,
	12.7691 2.37594,
	12.7665 2.37079,
	12.7646 2.36822,
	12.7588 2.34762,
	12.7562 2.34248,
	12.7556 2.3399,
	12.751 2.33475,
	12.7459 2.33089,
	12.7356 2.32574,
	12.733 2.32381,
	12.7227 2.3206,
	12.7124 2.31866,
	12.6918 2.31802,
	12.6815 2.31802,
	12.6764 2.31802,
	12.6558 2.31416,
	12.6455 2.3103,
	12.6352 2.3103,
	12.6146 2.30579,
	12.6043 2.30258,
	12.5992 2.30129,
	12.5966 2.3,
	12.594 2.3,
	12.5837 2.29614,
	12.5786 2.29421,
	12.576 2.29357,
	12.5734 2.29164,
	12.5709 2.29099,
	12.5689 2.28906,
	12.5638 2.28713,
	12.5612 2.28456,
	12.5567 2.28134,
	12.5516 2.27619,
	12.5483 2.27104,
	12.5464 2.26589,
	12.5445 2.2453,
	12.5445 2.22471,
	12.5445 2.21441,
	12.5445 2.21312,
	"/>
</Transform>

</Section>