<?xml version="1.0"?>
<!DOCTYPE Section SYSTEM "section.dtd">

<Section index="180" thickness="0.052" alignLocked="true">
<Transform dim="1"
 xcoef=" 11.9612690311126 1 0 0 0 0"
 ycoef=" 12.4228899477134 0 1 0 0 0">
<Image mag="0.00201646" contrast="1.27628" brightness="-0.465" red="true" green="true" blue="true"
 src="180.tif_1.bmp" />
<Contour name="domain1" hidden="false" closed="true" simplified="false" border="1 0 1" fill="1 0 1" mode="11"
 points="0 0,
	16383 0,
	16383 16383,
	0 16383,
	"/>
</Transform>

<Transform dim="1"
 xcoef=" 11.9612690311126 1 0 0 0 0"
 ycoef=" 12.4228899477134 0 1 0 0 0">
<Contour name="D058" hidden="false" closed="true" simplified="true" border="0 0 1" fill="0 0 1" mode="11"
 points="17.2637 22.2295,
	17.2691 22.2014,
	17.2848 22.1756,
	17.3096 22.1544,
	17.3412 22.1396,
	17.377 22.1324,
	17.4141 22.1335,
	17.4491 22.1427,
	17.4793 22.1592,
	17.5019 22.1817,
	17.5152 22.2083,
	17.5179 22.2367,
	17.5098 22.2645,
	17.4917 22.2893,
	17.465 22.309,
	17.432 22.322,
	17.3956 22.3272,
	17.3588 22.3241,
	17.3247 22.313,
	17.2962 22.2948,
	17.2757 22.271,
	"/>
</Transform>

<Transform dim="1"
 xcoef=" 11.9612690311126 1 0 0 0 0"
 ycoef=" 12.4228899477134 0 1 0 0 0">
<Contour name="D057" hidden="false" closed="true" simplified="true" border="0 0 1" fill="0 0 1" mode="11"
 points="17.4289 21.8625,
	17.4294 21.8509,
	17.4309 21.8395,
	17.4334 21.8284,
	17.4369 21.8177,
	17.4413 21.8076,
	17.4465 21.7981,
	17.4526 21.7894,
	17.4593 21.7817,
	17.4668 21.7749,
	17.4747 21.7692,
	17.4831 21.7647,
	17.4919 21.7613,
	17.5008 21.7593,
	17.51 21.7585,
	17.5191 21.7589,
	17.5281 21.7607,
	17.5369 21.7637,
	17.5454 21.768,
	17.5535 21.7734,
	17.5611 21.7799,
	17.568 21.7874,
	17.5742 21.7958,
	17.5797 21.8051,
	17.5843 21.8151,
	17.588 21.8257,
	17.5907 21.8367,
	17.5925 21.848,
	17.5933 21.8596,
	17.593 21.8711,
	17.5917 21.8826,
	17.5895 21.8938,
	17.5862 21.9046,
	17.5821 21.9149,
	17.5771 21.9245,
	17.5712 21.9334,
	17.5646 21.9414,
	17.5574 21.9484,
	17.5495 21.9544,
	17.5412 21.9592,
	17.5326 21.9629,
	17.5236 21.9653,
	17.5145 21.9664,
	17.5054 21.9662,
	17.4963 21.9648,
	17.4874 21.9621,
	17.4789 21.9581,
	17.4707 21.953,
	17.463 21.9468,
	17.4559 21.9395,
	17.4495 21.9313,
	17.4438 21.9222,
	17.439 21.9124,
	17.4351 21.9019,
	17.4321 21.891,
	17.43 21.8797,
	"/>
</Transform>

<Transform dim="1"
 xcoef=" 9.61917422909965 1 0 0 0 0"
 ycoef=" 8.94598216015598 0 1 0 0 0">
<Contour name="D046" hidden="true" closed="true" simplified="true" border="0 0 1" fill="0 0 1" mode="11"
 points="22.963 12.2052,
	22.9688 12.1863,
	22.9855 12.1691,
	23.0118 12.1551,
	23.0453 12.1456,
	23.0829 12.1413,
	23.1214 12.1427,
	23.1574 12.1497,
	23.1876 12.1616,
	23.2093 12.1774,
	23.2207 12.1956,
	23.2207 12.2147,
	23.2093 12.2329,
	23.1876 12.2487,
	23.1574 12.2606,
	23.1214 12.2676,
	23.0829 12.269,
	23.0453 12.2648,
	23.0118 12.2552,
	22.9855 12.2412,
	"/>
</Transform>

<Transform dim="0"
 xcoef=" 0 1 0 0 0 0"
 ycoef=" 0 0 1 0 0 0">
<Contour name="D057 ax01" hidden="false" closed="true" simplified="false" border="0 1 1" fill="0 1 1" mode="-9"
 points="4.48543 8.10647,
	4.4962 8.0957,
	4.45313 8.05263,
	4.46389 8.04186,
	4.50697 8.08493,
	4.51774 8.07417,
	4.51774 8.10647,
	"/>
</Transform>

<Transform dim="0"
 xcoef=" 0 1 0 0 0 0"
 ycoef=" 0 0 1 0 0 0">
<Contour name="D045" hidden="false" closed="true" simplified="true" border="0 0 1" fill="0 0 1" mode="11"
 points="2.38984 7.98001,
	2.39071 7.966,
	2.39332 7.9522,
	2.39762 7.9388,
	2.40354 7.92602,
	2.41101 7.91405,
	2.41991 7.90305,
	2.43011 7.8932,
	2.44145 7.88464,
	2.45378 7.8775,
	2.46689 7.87188,
	2.48061 7.86787,
	2.49472 7.86552,
	2.50902 7.86488,
	2.52329 7.86595,
	2.53732 7.86871,
	2.5509 7.87313,
	2.56384 7.87914,
	2.57593 7.88665,
	2.58701 7.89555,
	2.59689 7.9057,
	2.60545 7.91696,
	2.61254 7.92915,
	2.61807 7.9421,
	2.62195 7.95562,
	2.62412 7.96949,
	2.62456 7.98353,
	2.62325 7.99751,
	2.62022 8.01123,
	2.6155 8.02449,
	2.60918 8.03708,
	2.60134 8.04883,
	2.59211 8.05955,
	2.58161 8.0691,
	2.57 8.07731,
	2.55747 8.08408,
	2.54418 8.08931,
	2.53035 8.09291,
	2.51617 8.09483,
	2.50186 8.09504,
	2.48763 8.09355,
	2.47369 8.09036,
	2.46025 8.08554,
	2.4475 8.07915,
	2.43565 8.07128,
	2.42486 8.06206,
	2.41529 8.05161,
	2.40709 8.04011,
	2.40038 8.0277,
	2.39526 8.01459,
	2.3918 8.00097,
	"/>
</Transform>

<Transform dim="0"
 xcoef=" 0 1 0 0 0 0"
 ycoef=" 0 0 1 0 0 0">
<Contour name="D019" hidden="false" closed="true" simplified="true" border="0 0 1" fill="0 0 1" mode="11"
 points="2.99022 5.27926,
	2.99133 5.26486,
	2.99465 5.2507,
	3.00013 5.23701,
	3.00766 5.22402,
	3.01714 5.21193,
	3.0284 5.20094,
	3.04125 5.19125,
	3.0555 5.18299,
	3.0709 5.17632,
	3.0872 5.17134,
	3.10413 5.16813,
	3.12142 5.16674,
	3.13878 5.16721,
	3.15593 5.16951,
	3.17258 5.17361,
	3.18846 5.17945,
	3.20331 5.18693,
	3.21689 5.19592,
	3.22898 5.20629,
	3.23936 5.21785,
	3.24789 5.23042,
	3.2544 5.24379,
	3.25881 5.25774,
	3.26103 5.27205,
	3.26103 5.28647,
	3.25881 5.30078,
	3.2544 5.31473,
	3.24789 5.3281,
	3.23936 5.34067,
	3.22898 5.35223,
	3.21689 5.36259,
	3.20331 5.37159,
	3.18846 5.37906,
	3.17258 5.3849,
	3.15593 5.38901,
	3.13878 5.39131,
	3.12142 5.39177,
	3.10413 5.39039,
	3.0872 5.38718,
	3.0709 5.38219,
	3.0555 5.37552,
	3.04125 5.36727,
	3.0284 5.35757,
	3.01714 5.34659,
	3.00766 5.3345,
	3.00013 5.3215,
	2.99465 5.30781,
	2.99133 5.29365,
	"/>
</Transform>

<Transform dim="0"
 xcoef=" 0 1 0 0 0 0"
 ycoef=" 0 0 1 0 0 0">
<Contour name="D020" hidden="false" closed="true" simplified="true" border="0 0 1" fill="0 0 1" mode="11"
 points="9.37606 5.74296,
	9.37773 5.71987,
	9.3827 5.69739,
	9.39084 5.67612,
	9.40193 5.65663,
	9.41567 5.63943,
	9.4317 5.62499,
	9.4496 5.61368,
	9.46889 5.6058,
	9.48905 5.60157,
	9.50955 5.6011,
	9.52985 5.6044,
	9.5494 5.61138,
	9.5677 5.62185,
	9.58424 5.63555,
	9.59859 5.6521,
	9.61037 5.67106,
	9.61927 5.69194,
	9.62505 5.71417,
	9.62755 5.73717,
	9.62671 5.76032,
	9.62256 5.78301,
	9.6152 5.80463,
	9.60482 5.82462,
	9.59171 5.84244,
	9.57621 5.85761,
	9.55874 5.86974,
	9.53975 5.87849,
	9.51976 5.88365,
	9.49929 5.88507,
	9.47889 5.88271,
	9.4591 5.87663,
	9.44045 5.86701,
	9.42343 5.85409,
	9.40849 5.83821,
	9.39603 5.81981,
	9.38639 5.79936,
	9.37981 5.77741,
	"/>
</Transform>

</Section>