<?xml version="1.0"?>
<!DOCTYPE Section SYSTEM "section.dtd">

<Section index="106" thickness="0.052" alignLocked="true">
<Transform dim="1"
 xcoef=" 6.61457514542368 1 0 0 0 0"
 ycoef=" 8.7762783090128 0 1 0 0 0">
<Image mag="0.00201646" contrast="1.27628" brightness="-0.715" red="true" green="true" blue="true"
 src="106.tif_1.bmp" />
<Contour name="domain1" hidden="false" closed="true" simplified="false" border="1 0 1" fill="1 0 1" mode="11"
 points="0 0,
	12287 0,
	12287 12287,
	0 12287,
	"/>
</Transform>

<Transform dim="1"
 xcoef=" 6.61457514542368 1 0 0 0 0"
 ycoef=" 8.7762783090128 0 1 0 0 0">
<Contour name="D020" hidden="false" closed="true" simplified="true" border="0 0 1" fill="0 0 1" mode="13"
 points="17.0163 15.1587,
	17.0168 15.1474,
	17.018 15.1362,
	17.0201 15.1253,
	17.0231 15.1149,
	17.0267 15.1051,
	17.0311 15.096,
	17.0362 15.0878,
	17.0418 15.0807,
	17.0479 15.0746,
	17.0544 15.0697,
	17.0612 15.0661,
	17.0683 15.0637,
	17.0755 15.0627,
	17.0827 15.063,
	17.0899 15.0647,
	17.0968 15.0677,
	17.1035 15.072,
	17.1099 15.0775,
	17.1157 15.0841,
	17.1211 15.0918,
	17.1258 15.1004,
	17.1298 15.1099,
	17.1331 15.12,
	17.1356 15.1307,
	17.1373 15.1417,
	17.1382 15.153,
	17.1382 15.1644,
	17.1373 15.1757,
	17.1356 15.1868,
	17.1331 15.1975,
	17.1298 15.2076,
	17.1258 15.217,
	17.1211 15.2257,
	17.1157 15.2333,
	17.1099 15.24,
	17.1035 15.2455,
	17.0968 15.2498,
	17.0899 15.2528,
	17.0827 15.2544,
	17.0755 15.2548,
	17.0683 15.2538,
	17.0612 15.2514,
	17.0544 15.2478,
	17.0479 15.2429,
	17.0418 15.2368,
	17.0362 15.2296,
	17.0311 15.2215,
	17.0267 15.2124,
	17.0231 15.2026,
	17.0201 15.1922,
	17.018 15.1813,
	17.0168 15.1701,
	"/>
</Transform>

<Transform dim="1"
 xcoef=" 0.16457514542367 1 0 0 0 0"
 ycoef=" 0.416278309012811 0 1 0 0 0">
<Contour name="D054" hidden="false" closed="true" simplified="true" border="0 0 1" fill="0 0 1" mode="13"
 points="2.2367 1.28521,
	2.23844 1.26571,
	2.24363 1.24676,
	2.25212 1.22889,
	2.26367 1.2126,
	2.27795 1.19834,
	2.29457 1.18651,
	2.31306 1.17745,
	2.33291 1.1714,
	2.35355 1.16854,
	2.37441 1.16895,
	2.39491 1.17262,
	2.41447 1.17944,
	2.43254 1.18922,
	2.44862 1.20169,
	2.46225 1.2165,
	2.47306 1.23323,
	2.48075 1.25142,
	2.48508 1.27055,
	2.48596 1.2901,
	2.48334 1.30951,
	2.47731 1.32824,
	2.46803 1.34576,
	2.45577 1.36159,
	2.44086 1.37527,
	2.42372 1.38644,
	2.40484 1.39477,
	2.38475 1.40003,
	2.36399 1.40207,
	2.34317 1.40084,
	2.32285 1.39638,
	2.30362 1.3888,
	2.286 1.37831,
	2.27049 1.36522,
	2.25753 1.34989,
	2.24748 1.33275,
	2.24061 1.31428,
	"/>
</Transform>

<Transform dim="1"
 xcoef=" 0.16457514542367 1 0 0 0 0"
 ycoef=" 0.416278309012811 0 1 0 0 0">
<Contour name="D019" hidden="false" closed="true" simplified="true" border="0 0 1" fill="0 0 1" mode="13"
 points="5.10569 4.63305,
	5.10705 4.61653,
	5.1111 4.60038,
	5.11774 4.58498,
	5.12682 4.57068,
	5.13814 4.55781,
	5.15144 4.54666,
	5.1664 4.53748,
	5.1827 4.53049,
	5.19995 4.52585,
	5.21776 4.52366,
	5.23573 4.52398,
	5.25344 4.52679,
	5.27049 4.53203,
	5.28648 4.53958,
	5.30106 4.54927,
	5.31389 4.56088,
	5.32467 4.57413,
	5.33316 4.58874,
	5.33916 4.60436,
	5.34254 4.62064,
	5.34322 4.6372,
	5.34119 4.65367,
	5.33648 4.66966,
	5.32921 4.68482,
	5.31955 4.69879,
	5.30771 4.71126,
	5.29397 4.72194,
	5.27864 4.73058,
	5.26207 4.737,
	5.24464 4.74103,
	5.22675 4.7426,
	5.20881 4.74166,
	5.19123 4.73823,
	5.17441 4.7324,
	5.15873 4.7243,
	5.14456 4.71411,
	5.13222 4.70206,
	5.12199 4.68843,
	5.1141 4.67354,
	5.10875 4.65772,
	"/>
</Transform>

<Transform dim="1"
 xcoef=" 0.16457514542367 1 0 0 0 0"
 ycoef=" 0.416278309012811 0 1 0 0 0">
<Contour name="D021" hidden="false" closed="true" simplified="true" border="0 0 1" fill="0 0 1" mode="13"
 points="5.67487 7.1912,
	5.67628 7.17512,
	5.68048 7.1594,
	5.68737 7.14442,
	5.6968 7.1305,
	5.70855 7.11798,
	5.72235 7.10713,
	5.73788 7.0982,
	5.75479 7.0914,
	5.7727 7.08688,
	5.79119 7.08475,
	5.80984 7.08506,
	5.82822 7.08779,
	5.84592 7.09289,
	5.86252 7.10024,
	5.87765 7.10967,
	5.89096 7.12096,
	5.90215 7.13386,
	5.91097 7.14808,
	5.9172 7.16328,
	5.92071 7.17911,
	5.92141 7.19523,
	5.9193 7.21125,
	5.91442 7.22682,
	5.90687 7.24157,
	5.89684 7.25516,
	5.88455 7.26729,
	5.87029 7.27769,
	5.85438 7.2861,
	5.83718 7.29234,
	5.81909 7.29627,
	5.80052 7.29779,
	5.7819 7.29688,
	5.76365 7.29354,
	5.74619 7.28787,
	5.72992 7.27998,
	5.71521 7.27007,
	5.7024 7.25834,
	5.69178 7.24509,
	5.6836 7.23059,
	5.67804 7.2152,
	"/>
</Transform>

<Transform dim="1"
 xcoef=" 0.16457514542367 1 0 0 0 0"
 ycoef=" 0.416278309012811 0 1 0 0 0">
<Contour name="D025" hidden="false" closed="true" simplified="true" border="0 0 1" fill="0 0 1" mode="13"
 points="3.64957 4.06737,
	3.65083 4.05329,
	3.6546 4.03948,
	3.6608 4.02624,
	3.6693 4.01381,
	3.67993 4.00245,
	3.6925 3.99238,
	3.70673 3.9838,
	3.72236 3.97688,
	3.73907 3.97177,
	3.75652 3.96856,
	3.77438 3.96732,
	3.79227 3.96806,
	3.80986 3.97079,
	3.82679 3.97543,
	3.84271 3.98191,
	3.85733 3.99009,
	3.87033 3.9998,
	3.88147 4.01086,
	3.89053 4.02304,
	3.89731 4.03611,
	3.9017 4.0498,
	3.90359 4.06384,
	3.90296 4.07794,
	3.89981 4.09184,
	3.89421 4.10525,
	3.88627 4.11791,
	3.87615 4.12956,
	3.86405 4.13997,
	3.8502 4.14894,
	3.8349 4.15629,
	3.81843 4.16186,
	3.80113 4.16555,
	3.78334 4.16729,
	3.76542 4.16705,
	3.74772 4.16481,
	3.7306 4.16064,
	3.71439 4.15461,
	3.69942 4.14685,
	3.68599 4.1375,
	3.67436 4.12676,
	3.66477 4.11483,
	3.6574 4.10196,
	3.65241 4.0884,
	"/>
</Transform>

<Transform dim="1"
 xcoef=" 0.16457514542367 1 0 0 0 0"
 ycoef=" 0.416278309012811 0 1 0 0 0">
<Contour name="D028" hidden="false" closed="true" simplified="true" border="0 0 1" fill="0 0 1" mode="13"
 points="6.78596 7.31136,
	6.78647 7.30286,
	6.788 7.29446,
	6.79052 7.28627,
	6.794 7.27838,
	6.79841 7.2709,
	6.80368 7.2639,
	6.80977 7.25748,
	6.81658 7.25172,
	6.82404 7.24668,
	6.83206 7.24242,
	6.84054 7.239,
	6.84937 7.23646,
	6.85846 7.23483,
	6.86769 7.23413,
	6.87694 7.23436,
	6.88611 7.23553,
	6.89509 7.23762,
	6.90376 7.2406,
	6.91202 7.24445,
	6.91977 7.2491,
	6.92692 7.25451,
	6.93337 7.26062,
	6.93906 7.26733,
	6.94391 7.27459,
	6.94786 7.28228,
	6.95087 7.29033,
	6.95289 7.29864,
	6.95391 7.3071,
	6.95391 7.31561,
	6.95289 7.32407,
	6.95087 7.33238,
	6.94786 7.34043,
	6.94391 7.34813,
	6.93906 7.35538,
	6.93337 7.3621,
	6.92692 7.3682,
	6.91977 7.37361,
	6.91202 7.37827,
	6.90376 7.38211,
	6.89509 7.38509,
	6.88611 7.38718,
	6.87694 7.38835,
	6.86769 7.38859,
	6.85846 7.38788,
	6.84937 7.38625,
	6.84054 7.38371,
	6.83206 7.38029,
	6.82404 7.37604,
	6.81658 7.371,
	6.80977 7.36523,
	6.80368 7.35881,
	6.79841 7.35182,
	6.794 7.34433,
	6.79052 7.33644,
	6.788 7.32825,
	"/>
</Transform>

<Transform dim="1"
 xcoef=" 0.16457514542367 1 0 0 0 0"
 ycoef=" 0.416278309012811 0 1 0 0 0">
<Contour name="D032" hidden="false" closed="true" simplified="true" border="0 0 1" fill="0 0 1" mode="13"
 points="4.95333 1.14492,
	4.95519 1.12276,
	4.96069 1.10168,
	4.96957 1.08268,
	4.98138 1.0667,
	4.99557 1.05451,
	5.01143 1.04669,
	5.02822 1.04363,
	5.0451 1.04547,
	5.06127 1.05213,
	5.07594 1.06327,
	5.08841 1.07837,
	5.09806 1.09669,
	5.10444 1.11735,
	5.10723 1.13934,
	5.1063 1.1616,
	5.10169 1.18305,
	5.09362 1.20266,
	5.08249 1.21947,
	5.06884 1.23267,
	5.05333 1.24163,
	5.0367 1.2459,
	5.01976 1.24529,
	5.00334 1.23981,
	4.98822 1.22975,
	4.97514 1.21557,
	4.96473 1.19798,
	4.9575 1.17782,
	"/>
</Transform>

<Transform dim="1"
 xcoef=" 0.16457514542367 1 0 0 0 0"
 ycoef=" 0.416278309012811 0 1 0 0 0">
<Contour name="D041" hidden="false" closed="true" simplified="true" border="0 0 1" fill="0 0 1" mode="13"
 points="8.48001 0.653446,
	8.48446 0.634708,
	8.49753 0.617147,
	8.5184 0.601866,
	8.54576 0.589827,
	8.57789 0.581785,
	8.61277 0.578246,
	8.64821 0.579432,
	8.68198 0.585269,
	8.71196 0.595389,
	8.73627 0.609157,
	8.75337 0.625709,
	8.76221 0.644003,
	8.76221 0.66289,
	8.75337 0.681184,
	8.73627 0.697735,
	8.71196 0.711504,
	8.68198 0.721624,
	8.64821 0.727461,
	8.61277 0.728647,
	8.57789 0.725107,
	8.54576 0.717066,
	8.5184 0.705026,
	8.49753 0.689746,
	8.48446 0.672185,
	"/>
</Transform>

<Transform dim="1"
 xcoef=" 0.16457514542367 1 0 0 0 0"
 ycoef=" 0.416278309012811 0 1 0 0 0">
<Contour name="D043" hidden="false" closed="true" simplified="true" border="0 0 1" fill="0 0 1" mode="13"
 points="1.34416 8.29248,
	1.34515 8.2781,
	1.34808 8.26398,
	1.35291 8.25041,
	1.35954 8.23765,
	1.36784 8.22592,
	1.37766 8.21546,
	1.38881 8.20647,
	1.40108 8.19912,
	1.41424 8.19354,
	1.42803 8.18985,
	1.44219 8.18811,
	1.45645 8.18836,
	1.47054 8.19059,
	1.48419 8.19476,
	1.49715 8.2008,
	1.50916 8.20857,
	1.52 8.21795,
	1.52946 8.22874,
	1.53736 8.24075,
	1.54354 8.25374,
	1.54791 8.26747,
	1.55036 8.28168,
	1.55085 8.29609,
	1.54937 8.31043,
	1.54596 8.32443,
	1.54067 8.33783,
	1.53361 8.35036,
	1.52491 8.36178,
	1.51474 8.37189,
	1.50329 8.38049,
	1.49077 8.38741,
	1.47744 8.39252,
	1.46353 8.39573,
	1.44932 8.39697,
	1.43508 8.39623,
	1.42107 8.39351,
	1.40757 8.38886,
	1.39482 8.38238,
	1.38309 8.37419,
	1.37257 8.36444,
	1.36349 8.35332,
	1.35601 8.34105,
	1.35026 8.32785,
	1.34637 8.31397,
	"/>
</Transform>

<Transform dim="1"
 xcoef=" 0.16457514542367 1 0 0 0 0"
 ycoef=" 0.416278309012811 0 1 0 0 0">
<Contour name="D044" hidden="false" closed="true" simplified="true" border="0 0 1" fill="0 0 1" mode="13"
 points="2.51678 7.86559,
	2.52284 7.85057,
	2.54044 7.83703,
	2.56785 7.82628,
	2.60239 7.81938,
	2.64068 7.817,
	2.67896 7.81938,
	2.7135 7.82628,
	2.74091 7.83703,
	2.75851 7.85057,
	2.76458 7.86559,
	2.75851 7.8806,
	2.74091 7.89415,
	2.7135 7.9049,
	2.67896 7.9118,
	2.64068 7.91418,
	2.60239 7.9118,
	2.56785 7.9049,
	2.54044 7.89415,
	"/>
</Transform>

<Transform dim="1"
 xcoef=" 0.16457514542367 1 0 0 0 0"
 ycoef=" 0.416278309012811 0 1 0 0 0">
<Contour name="D045" hidden="false" closed="true" simplified="true" border="0 0 1" fill="0 0 1" mode="13"
 points="3.03232 8.56599,
	3.03525 8.54837,
	3.04382 8.53218,
	3.05733 8.51873,
	3.07469 8.5091,
	3.09448 8.50409,
	3.11511 8.50409,
	3.13491 8.5091,
	3.15226 8.51873,
	3.16577 8.53218,
	3.17435 8.54837,
	3.17728 8.56599,
	3.17435 8.5836,
	3.16577 8.59979,
	3.15226 8.61325,
	3.13491 8.62287,
	3.11511 8.62788,
	3.09448 8.62788,
	3.07469 8.62287,
	3.05733 8.61325,
	3.04382 8.59979,
	3.03525 8.5836,
	"/>
</Transform>

<Transform dim="1"
 xcoef=" 0.16457514542367 1 0 0 0 0"
 ycoef=" 0.416278309012811 0 1 0 0 0">
<Contour name="D046" hidden="false" closed="true" simplified="true" border="0 0 1" fill="0 0 1" mode="13"
 points="12.8138 2.55336,
	12.8147 2.53833,
	12.8174 2.52355,
	12.8219 2.50927,
	12.8281 2.49574,
	12.8358 2.48316,
	12.845 2.47177,
	12.8555 2.46174,
	12.8671 2.45324,
	12.8796 2.44643,
	12.8928 2.4414,
	12.9066 2.43826,
	12.9206 2.43704,
	12.9346 2.43777,
	12.9484 2.44044,
	12.9618 2.445,
	12.9745 2.45138,
	12.9864 2.45946,
	12.9972 2.46912,
	13.0067 2.4802,
	13.0148 2.49249,
	13.0213 2.50581,
	13.0262 2.51993,
	13.0294 2.5346,
	13.0308 2.54959,
	13.0303 2.56464,
	13.028 2.57951,
	13.024 2.59393,
	13.0183 2.60768,
	13.0109 2.62051,
	13.0021 2.63222,
	12.9919 2.64261,
	12.9806 2.6515,
	12.9683 2.65875,
	12.9552 2.66423,
	12.9415 2.66785,
	12.9276 2.66955,
	12.9135 2.66931,
	12.8996 2.66712,
	12.8861 2.66303,
	12.8732 2.6571,
	12.8611 2.64943,
	12.8501 2.64015,
	12.8402 2.62941,
	12.8317 2.6174,
	12.8248 2.60432,
	12.8195 2.59038,
	12.8159 2.57582,
	"/>
</Transform>

<Transform dim="1"
 xcoef=" 0.16457514542367 1 0 0 0 0"
 ycoef=" 0.416278309012811 0 1 0 0 0">
<Contour name="D047" hidden="false" closed="true" simplified="true" border="0 0 1" fill="0 0 1" mode="13"
 points="4.12994 3.30571,
	4.13112 3.28177,
	4.13462 3.25843,
	4.14036 3.23628,
	4.1482 3.21589,
	4.15792 3.19777,
	4.1693 3.18237,
	4.18204 3.17008,
	4.19582 3.16122,
	4.21029 3.15601,
	4.22509 3.15458,
	4.23984 3.15696,
	4.25417 3.1631,
	4.26772 3.17284,
	4.28015 3.18594,
	4.29114 3.20206,
	4.30041 3.2208,
	4.30774 3.24168,
	4.31293 3.26417,
	4.31586 3.28772,
	4.31645 3.31172,
	4.31469 3.33557,
	4.31061 3.35866,
	4.30433 3.38042,
	4.29601 3.40029,
	4.28584 3.41777,
	4.2741 3.43243,
	4.26107 3.44388,
	4.24708 3.45185,
	4.23249 3.45612,
	4.21767 3.4566,
	4.20299 3.45327,
	4.18882 3.44621,
	4.17552 3.4356,
	4.16342 3.42172,
	4.15284 3.4049,
	4.14403 3.38558,
	4.13722 3.36425,
	4.13258 3.34143,
	"/>
</Transform>

<Transform dim="1"
 xcoef=" 0.16457514542367 1 0 0 0 0"
 ycoef=" 0.416278309012811 0 1 0 0 0">
<Contour name="D034" hidden="false" closed="true" simplified="true" border="0 0 1" fill="0 0 1" mode="13"
 points="9.58423 2.96154,
	9.58537 2.94706,
	9.58876 2.93284,
	9.59435 2.91915,
	9.60203 2.90623,
	9.61165 2.89432,
	9.62305 2.88364,
	9.63603 2.87437,
	9.65033 2.8667,
	9.6657 2.86075,
	9.68186 2.85664,
	9.69852 2.85444,
	9.71537 2.8542,
	9.7321 2.85591,
	9.74842 2.85955,
	9.76401 2.86504,
	9.77861 2.8723,
	9.79193 2.88118,
	9.80375 2.89153,
	9.81384 2.90315,
	9.82202 2.91584,
	9.82814 2.92936,
	9.83208 2.94347,
	9.83379 2.95791,
	9.83322 2.97241,
	9.83039 2.98672,
	9.82534 3.00056,
	9.81818 3.0137,
	9.80902 3.02588,
	9.79805 3.03689,
	9.78545 3.04653,
	9.77145 3.05462,
	9.75632 3.06101,
	9.74033 3.06558,
	9.72377 3.06827,
	9.70694 3.069,
	9.69015 3.06778,
	9.6737 3.06462,
	9.6579 3.05958,
	9.64303 3.05275,
	9.62936 3.04426,
	9.61714 3.03426,
	9.6066 3.02294,
	9.59793 3.01049,
	9.59129 2.99716,
	9.58679 2.98317,
	"/>
</Transform>

<Transform dim="1"
 xcoef=" 0.16457514542367 1 0 0 0 0"
 ycoef=" 0.416278309012811 0 1 0 0 0">
<Contour name="D035" hidden="false" closed="true" simplified="true" border="0 0 1" fill="0 0 1" mode="13"
 points="7.02366 2.88656,
	7.02442 2.87662,
	7.0267 2.86683,
	7.03046 2.85732,
	7.03565 2.84824,
	7.04218 2.83972,
	7.04998 2.83188,
	7.05891 2.82484,
	7.06886 2.8187,
	7.07968 2.81355,
	7.0912 2.80946,
	7.10327 2.8065,
	7.1157 2.8047,
	7.12832 2.8041,
	7.14093 2.8047,
	7.15336 2.8065,
	7.16543 2.80946,
	7.17695 2.81355,
	7.18777 2.8187,
	7.19772 2.82484,
	7.20665 2.83188,
	7.21445 2.83972,
	7.22099 2.84824,
	7.22617 2.85732,
	7.22993 2.86683,
	7.23221 2.87662,
	7.23297 2.88656,
	7.23221 2.8965,
	7.22993 2.90629,
	7.22617 2.9158,
	7.22099 2.92488,
	7.21445 2.9334,
	7.20665 2.94124,
	7.19772 2.94828,
	7.18777 2.95442,
	7.17695 2.95957,
	7.16543 2.96366,
	7.15336 2.96662,
	7.14093 2.96842,
	7.12832 2.96902,
	7.1157 2.96842,
	7.10327 2.96662,
	7.0912 2.96366,
	7.07968 2.95957,
	7.06886 2.95442,
	7.05891 2.94828,
	7.04998 2.94124,
	7.04218 2.9334,
	7.03565 2.92488,
	7.03046 2.9158,
	7.0267 2.90629,
	7.02442 2.8965,
	"/>
</Transform>

<Transform dim="1"
 xcoef=" 0.16457514542367 1 0 0 0 0"
 ycoef=" 0.416278309012811 0 1 0 0 0">
<Contour name="D036" hidden="false" closed="true" simplified="true" border="0 0 1" fill="0 0 1" mode="13"
 points="14.6351 0.203939,
	14.6361 0.179615,
	14.639 0.155707,
	14.6438 0.132625,
	14.6504 0.110762,
	14.6587 0.0904941,
	14.6685 0.072167,
	14.6797 0.0560946,
	14.6921 0.0425519,
	14.7055 0.0317705,
	14.7196 0.023935,
	14.7342 0.0191794,
	14.7491 0.0175851,
	14.764 0.0191794,
	14.7786 0.023935,
	14.7927 0.0317705,
	14.8061 0.0425519,
	14.8185 0.0560946,
	14.8297 0.072167,
	14.8395 0.0904941,
	14.8478 0.110762,
	14.8544 0.132625,
	14.8592 0.155707,
	14.8621 0.179615,
	14.863 0.203939,
	14.8621 0.228264,
	14.8592 0.252171,
	14.8544 0.275254,
	14.8478 0.297117,
	14.8395 0.317385,
	14.8297 0.335712,
	14.8185 0.351784,
	14.8061 0.365327,
	14.7927 0.376108,
	14.7786 0.383944,
	14.764 0.388699,
	14.7491 0.390294,
	14.7342 0.388699,
	14.7196 0.383944,
	14.7055 0.376108,
	14.6921 0.365327,
	14.6797 0.351784,
	14.6685 0.335712,
	14.6587 0.317385,
	14.6504 0.297117,
	14.6438 0.275254,
	14.639 0.252171,
	14.6361 0.228264,
	"/>
</Transform>

<Transform dim="1"
 xcoef=" 0.16457514542367 1 0 0 0 0"
 ycoef=" 0.416278309012811 0 1 0 0 0">
<Contour name="D039" hidden="false" closed="true" simplified="true" border="0 0 1" fill="0 0 1" mode="13"
 points="9.13944 2.1196,
	9.1409 2.10054,
	9.14525 2.08201,
	9.15237 2.06454,
	9.16205 2.04861,
	9.17403 2.03466,
	9.18796 2.0231,
	9.20347 2.01424,
	9.22011 2.00833,
	9.23741 2.00553,
	9.2549 2.00593,
	9.27209 2.00952,
	9.28849 2.01618,
	9.30364 2.02575,
	9.31712 2.03794,
	9.32855 2.05242,
	9.33761 2.06878,
	9.34405 2.08657,
	9.34769 2.10528,
	9.34842 2.12439,
	9.34623 2.14336,
	9.34117 2.16167,
	9.33339 2.17881,
	9.32311 2.19428,
	9.31061 2.20767,
	9.29624 2.21858,
	9.28041 2.22673,
	9.26356 2.23187,
	9.24617 2.23387,
	9.22871 2.23267,
	9.21167 2.2283,
	9.19554 2.22089,
	9.18077 2.21064,
	9.16777 2.19784,
	9.15691 2.18285,
	9.14848 2.16609,
	9.14272 2.14802,
	"/>
</Transform>

<Transform dim="1"
 xcoef=" 0.16457514542367 1 0 0 0 0"
 ycoef=" 0.416278309012811 0 1 0 0 0">
<Contour name="D049" hidden="false" closed="true" simplified="true" border="0 0 1" fill="0 0 1" mode="13"
 points="9.90928 2.66341,
	9.91048 2.64185,
	9.91406 2.62082,
	9.91992 2.60088,
	9.92791 2.58251,
	9.93783 2.56618,
	9.94944 2.55231,
	9.96244 2.54125,
	9.9765 2.53326,
	9.99127 2.52857,
	10.0064 2.52728,
	10.0214 2.52943,
	10.036 2.53496,
	10.0499 2.54373,
	10.0625 2.55553,
	10.0738 2.57005,
	10.0832 2.58693,
	10.0907 2.60573,
	10.096 2.626,
	10.099 2.64721,
	10.0996 2.66883,
	10.0978 2.69031,
	10.0936 2.71111,
	10.0872 2.73071,
	10.0787 2.74861,
	10.0684 2.76436,
	10.0564 2.77756,
	10.0431 2.78788,
	10.0288 2.79505,
	10.0139 2.7989,
	9.9988 2.79933,
	9.98382 2.79633,
	9.96936 2.78997,
	9.95579 2.78042,
	9.94345 2.76791,
	9.93264 2.75277,
	9.92366 2.73536,
	9.91671 2.71614,
	9.91198 2.69559,
	"/>
</Transform>

<Transform dim="1"
 xcoef=" 0.16457514542367 1 0 0 0 0"
 ycoef=" 0.416278309012811 0 1 0 0 0">
<Contour name="D055" hidden="false" closed="true" simplified="true" border="0 0 1" fill="0 0 1" mode="13"
 points="1.31242 2.4159,
	1.31286 2.40445,
	1.31418 2.39311,
	1.31637 2.382,
	1.3194 2.37121,
	1.32325 2.36085,
	1.32788 2.35102,
	1.33324 2.34181,
	1.33928 2.33332,
	1.34595 2.32562,
	1.35318 2.31879,
	1.3609 2.3129,
	1.36903 2.308,
	1.37751 2.30414,
	1.38624 2.30136,
	1.39514 2.29967,
	1.40413 2.29911,
	1.41312 2.29967,
	1.42202 2.30136,
	1.43075 2.30414,
	1.43923 2.308,
	1.44736 2.3129,
	1.45508 2.31879,
	1.46231 2.32562,
	1.46898 2.33332,
	1.47502 2.34181,
	1.48038 2.35102,
	1.48501 2.36085,
	1.48886 2.37121,
	1.49189 2.382,
	1.49408 2.39311,
	1.4954 2.40445,
	1.49584 2.4159,
	1.4954 2.42734,
	1.49408 2.43868,
	1.49189 2.4498,
	1.48886 2.46059,
	1.48501 2.47095,
	1.48038 2.48078,
	1.47502 2.48999,
	1.46898 2.49848,
	1.46231 2.50617,
	1.45508 2.513,
	1.44736 2.51889,
	1.43923 2.52379,
	1.43075 2.52766,
	1.42202 2.53044,
	1.41312 2.53212,
	1.40413 2.53268,
	1.39514 2.53212,
	1.38624 2.53044,
	1.37751 2.52766,
	1.36903 2.52379,
	1.3609 2.51889,
	1.35318 2.513,
	1.34595 2.50617,
	1.33928 2.49848,
	1.33324 2.48999,
	1.32788 2.48078,
	1.32325 2.47095,
	1.3194 2.46059,
	1.31637 2.4498,
	1.31418 2.43868,
	"/>
</Transform>

<Transform dim="1"
 xcoef=" 0.16457514542367 1 0 0 0 0"
 ycoef=" 0.416278309012811 0 1 0 0 0">
<Contour name="D049_ax03" hidden="false" closed="true" simplified="false" border="0 1 1" fill="0 1 1" mode="11"
 points="10.9346 0.630808,
	10.9464 0.619028,
	10.8993 0.571905,
	10.9111 0.560124,
	10.9582 0.607247,
	10.97 0.595466,
	10.97 0.630808,
	"/>
</Transform>

<Transform dim="1"
 xcoef=" 0.16457514542367 1 0 0 0 0"
 ycoef=" 0.416278309012811 0 1 0 0 0">
<Contour name="D057" hidden="false" closed="true" simplified="true" border="0 0 1" fill="0 0 1" mode="11"
 points="7.1334 9.34545,
	7.13442 9.33373,
	7.13748 9.32219,
	7.14251 9.31103,
	7.14945 9.30042,
	7.15818 9.29054,
	7.16855 9.28154,
	7.18041 9.27356,
	7.19356 9.26675,
	7.20778 9.2612,
	7.22286 9.25701,
	7.23855 9.25424,
	7.25459 9.25293,
	7.27073 9.25312,
	7.2867 9.25479,
	7.30226 9.25792,
	7.31715 9.26246,
	7.33113 9.26834,
	7.34397 9.27545,
	7.35547 9.28369,
	7.36545 9.29293,
	7.37374 9.30301,
	7.38021 9.31377,
	7.38476 9.32505,
	7.38731 9.33665,
	7.38782 9.34839,
	7.38629 9.36009,
	7.38273 9.37155,
	7.37721 9.38259,
	7.36982 9.39303,
	7.36066 9.40271,
	7.3499 9.41147,
	7.3377 9.41916,
	7.32426 9.42567,
	7.3098 9.43089,
	7.29455 9.43473,
	7.27875 9.43714,
	7.26266 9.43807,
	7.24654 9.43751,
	7.23064 9.43547,
	7.21523 9.43198,
	7.20055 9.4271,
	7.18683 9.4209,
	7.17431 9.4135,
	7.16317 9.40499,
	7.1536 9.39553,
	7.14575 9.38526,
	7.13975 9.37436,
	7.1357 9.36298,
	"/>
</Transform>

<Transform dim="1"
 xcoef=" 0.16457514542367 1 0 0 0 0"
 ycoef=" 0.416278309012811 0 1 0 0 0">
<Contour name="D057 ax01" hidden="false" closed="true" simplified="false" border="0 1 1" fill="0 1 1" mode="-9"
 points="2.90482 4.02037,
	2.91992 4.00527,
	2.8595 3.94485,
	2.87461 3.92974,
	2.93503 3.99016,
	2.95013 3.97506,
	2.95013 4.02037,
	"/>
</Transform>

<Transform dim="1"
 xcoef=" 0.16457514542367 1 0 0 0 0"
 ycoef=" 0.416278309012811 0 1 0 0 0">
<Contour name="d046" hidden="false" closed="true" simplified="true" border="1 1 0" fill="1 1 0" mode="11"
 points="12.4829 2.73864,
	12.4848 2.72671,
	12.4859 2.72075,
	12.4896 2.70882,
	12.499 2.68495,
	12.5105 2.66109,
	12.5131 2.65512,
	12.5142 2.65214,
	12.5165 2.64916,
	12.5172 2.64618,
	12.5206 2.64021,
	12.5362 2.61635,
	12.5381 2.61336,
	12.5482 2.60143,
	12.5661 2.57757,
	12.5746 2.56564,
	12.5765 2.56266,
	12.5862 2.55072,
	12.5914 2.54476,
	12.6149 2.52201,
	12.6201 2.51008,
	12.6261 2.49815,
	12.6295 2.49219,
	12.6336 2.48622,
	12.6388 2.48025,
	12.6507 2.46981,
	12.6567 2.46422,
	12.6675 2.45229,
	12.6705 2.44931,
	12.6798 2.43738,
	12.6846 2.43141,
	12.6858 2.42992,
	12.6869 2.42694,
	12.6887 2.42395,
	12.6899 2.42246,
	12.691 2.41948,
	12.6921 2.41799,
	12.6925 2.4165,
	12.6943 2.41351,
	12.6966 2.40755,
	12.6977 2.40158,
	12.6984 2.3986,
	12.6984 2.39785,
	12.6996 2.39673,
	12.7007 2.39077,
	12.7018 2.38778,
	12.7037 2.3848,
	12.7093 2.37921,
	12.7152 2.37436,
	12.7212 2.37063,
	12.7331 2.36541,
	12.7391 2.36318,
	12.745 2.36019,
	12.757 2.35684,
	12.7629 2.35572,
	12.7659 2.35497,
	12.7674 2.35423,
	12.7793 2.35311,
	12.8271 2.35348,
	12.8748 2.3546,
	12.8867 2.35497,
	12.8987 2.35684,
	12.9225 2.36243,
	12.9345 2.36616,
	12.9404 2.36728,
	12.9524 2.37212,
	12.9583 2.37436,
	12.9643 2.37734,
	12.9703 2.38107,
	12.9822 2.39039,
	12.9941 2.39823,
	13.018 2.41239,
	13.021 2.41389,
	13.0269 2.41873,
	13.0299 2.42097,
	13.0355 2.42694,
	13.0422 2.43887,
	13.0452 2.44483,
	13.05 2.45676,
	13.0519 2.46273,
	13.0553 2.4687,
	13.0575 2.47168,
	13.0605 2.47466,
	13.0653 2.48063,
	13.0765 2.49256,
	13.0773 2.49405,
	13.0802 2.49703,
	13.0881 2.50896,
	13.0922 2.51493,
	13.0952 2.5209,
	13.1026 2.54476,
	13.1071 2.55072,
	13.1097 2.55371,
	13.1112 2.5552,
	13.1172 2.55855,
	13.1291 2.56415,
	13.1321 2.56601,
	13.1336 2.56638,
	13.1455 2.57384,
	13.1485 2.57571,
	13.15 2.57608,
	13.1559 2.58018,
	13.1619 2.58503,
	13.1731 2.59696,
	13.1783 2.60292,
	13.1805 2.60591,
	13.1813 2.6074,
	13.1813 2.60814,
	13.1824 2.60964,
	13.1832 2.61262,
	13.1835 2.61411,
	13.1846 2.6156,
	13.1861 2.62157,
	13.1873 2.62455,
	13.188 2.63052,
	13.1876 2.64245,
	13.1865 2.64841,
	13.1865 2.64916,
	13.1858 2.6499,
	13.1854 2.6514,
	13.1809 2.65736,
	13.1753 2.66333,
	13.1727 2.66631,
	13.1608 2.676,
	13.1548 2.68085,
	13.1429 2.68719,
	13.1369 2.6898,
	13.1339 2.69129,
	13.1324 2.69204,
	13.1298 2.69502,
	13.1287 2.69651,
	13.1228 2.70061,
	13.1172 2.70621,
	13.1127 2.71217,
	13.1056 2.7241,
	13.0993 2.73603,
	13.0985 2.73902,
	13.0985 2.74051,
	13.0959 2.74647,
	13.0955 2.74946,
	13.0925 2.75542,
	13.0888 2.76139,
	13.0832 2.76735,
	13.0802 2.77034,
	13.0717 2.78227,
	13.0676 2.78823,
	13.065 2.7942,
	13.0635 2.79718,
	13.0616 2.80315,
	13.0609 2.80911,
	13.0609 2.8121,
	13.0597 2.81508,
	13.0597 2.81806,
	13.0597 2.81955,
	13.053 2.84342,
	13.0527 2.84491,
	13.0493 2.85088,
	13.0467 2.85684,
	13.0448 2.85982,
	13.0441 2.86057,
	13.0441 2.86206,
	13.0366 2.87399,
	13.0329 2.87996,
	13.0269 2.89189,
	13.0221 2.90382,
	13.021 2.91575,
	13.0206 2.92172,
	13.0195 2.92768,
	13.0191 2.93067,
	13.0172 2.93663,
	13.0057 2.9605,
	13.0008 2.97243,
	12.9993 2.97541,
	12.9971 2.98734,
	12.996 2.99331,
	12.9941 3.01717,
	12.9937 3.02314,
	12.9934 3.02612,
	12.993 3.02761,
	12.9941 3.03358,
	12.9945 3.03656,
	13.0016 3.06042,
	13.0019 3.0634,
	13.0012 3.07534,
	13.0001 3.0813,
	12.9978 3.08727,
	12.9964 3.09025,
	12.9859 3.10218,
	12.9762 3.11411,
	12.9703 3.11821,
	12.9583 3.12418,
	12.9524 3.12716,
	12.9475 3.13313,
	12.9453 3.13611,
	12.9423 3.14208,
	12.94 3.14804,
	12.9333 3.17191,
	12.9277 3.19577,
	12.924 3.2077,
	12.9177 3.21963,
	12.9158 3.22261,
	12.8927 3.24275,
	12.883 3.25468,
	12.8714 3.26661,
	12.8655 3.27258,
	12.8595 3.2778,
	12.8535 3.28115,
	12.8506 3.28265,
	12.8386 3.28526,
	12.8148 3.28936,
	12.8028 3.29532,
	12.7909 3.29644,
	12.7879 3.29681,
	12.776 3.29495,
	12.77 3.29309,
	12.7581 3.28749,
	12.7521 3.28414,
	12.7491 3.28227,
	12.7253 3.27444,
	12.7223 3.27407,
	12.7208 3.27258,
	12.6969 3.26624,
	12.6731 3.26102,
	12.6612 3.25766,
	12.6552 3.25617,
	12.6492 3.25356,
	12.6462 3.2517,
	12.6433 3.25095,
	12.6313 3.24238,
	12.6194 3.23231,
	12.6086 3.22038,
	12.6045 3.21441,
	12.6019 3.21143,
	12.5955 3.1995,
	12.5937 3.19353,
	12.5881 3.16967,
	12.5858 3.15774,
	12.5847 3.15177,
	12.5843 3.14879,
	12.5832 3.14581,
	12.5817 3.13387,
	12.5799 3.12791,
	12.5787 3.12194,
	12.5776 3.11001,
	12.5773 3.10703,
	12.562 3.0593,
	12.5609 3.05334,
	12.5605 3.05035,
	12.5519 3.02649,
	12.5325 2.97877,
	12.5303 2.9728,
	12.5288 2.96683,
	12.5269 2.9549,
	12.5258 2.94894,
	12.5213 2.93701,
	12.5187 2.93104,
	12.5169 2.92507,
	12.5139 2.91911,
	12.5101 2.90718,
	12.5053 2.89525,
	12.5016 2.88331,
	12.4997 2.87735,
	12.4941 2.85349,
	12.4919 2.84155,
	12.4911 2.83559,
	12.4878 2.82366,
	12.4859 2.81172,
	12.4833 2.764,
	12.4829 2.74014,
	12.4829 2.73902,
	"/>
<Contour name="Copy of d046_i16_p22" hidden="false" closed="true" simplified="true" border="1 1 0" fill="1 1 0" mode="11"
 points="12.4829 2.73864,
	12.4848 2.72671,
	12.4859 2.72075,
	12.4896 2.70882,
	12.499 2.68495,
	12.5105 2.66109,
	12.5131 2.65512,
	12.5142 2.65214,
	12.5165 2.64916,
	12.5172 2.64618,
	12.5206 2.64021,
	12.5362 2.61635,
	12.5381 2.61336,
	12.5482 2.60143,
	12.5661 2.57757,
	12.5746 2.56564,
	12.5765 2.56266,
	12.5862 2.55072,
	12.5914 2.54476,
	12.6149 2.52201,
	12.6201 2.51008,
	12.6261 2.49815,
	12.6295 2.49219,
	12.6336 2.48622,
	12.6388 2.48025,
	12.6507 2.46981,
	12.6567 2.46422,
	12.6675 2.45229,
	12.6705 2.44931,
	12.6798 2.43738,
	12.6846 2.43141,
	12.6858 2.42992,
	12.6869 2.42694,
	12.6887 2.42395,
	12.6899 2.42246,
	12.691 2.41948,
	12.6921 2.41799,
	12.6925 2.4165,
	12.6943 2.41351,
	12.6966 2.40755,
	12.6977 2.40158,
	12.6984 2.3986,
	12.6984 2.39785,
	12.6996 2.39673,
	12.7007 2.39077,
	12.7018 2.38778,
	12.7037 2.3848,
	12.7093 2.37921,
	12.7152 2.37436,
	12.7212 2.37063,
	12.7331 2.36541,
	12.7391 2.36318,
	12.745 2.36019,
	12.757 2.35684,
	12.7629 2.35572,
	12.7659 2.35497,
	12.7674 2.35423,
	12.7793 2.35311,
	12.8271 2.35348,
	12.8748 2.3546,
	12.8867 2.35497,
	12.8987 2.35684,
	12.9225 2.36243,
	12.9345 2.36616,
	12.9404 2.36728,
	12.9524 2.37212,
	12.9583 2.37436,
	12.9643 2.37734,
	12.9703 2.38107,
	12.9822 2.39039,
	12.9941 2.39823,
	13.018 2.41239,
	13.021 2.41389,
	13.0269 2.41873,
	13.0299 2.42097,
	13.0355 2.42694,
	13.0422 2.43887,
	13.0452 2.44483,
	13.05 2.45676,
	13.0519 2.46273,
	13.0553 2.4687,
	13.0575 2.47168,
	13.0605 2.47466,
	13.0653 2.48063,
	13.0765 2.49256,
	13.0773 2.49405,
	13.0802 2.49703,
	13.0881 2.50896,
	13.0922 2.51493,
	13.0952 2.5209,
	13.1026 2.54476,
	13.1071 2.55072,
	13.1097 2.55371,
	13.1112 2.5552,
	13.1172 2.55855,
	13.1291 2.56415,
	13.1321 2.56601,
	13.1336 2.56638,
	13.1455 2.57384,
	13.1485 2.57571,
	13.15 2.57608,
	13.1559 2.58018,
	13.1619 2.58503,
	13.1731 2.59696,
	13.1783 2.60292,
	13.1805 2.60591,
	13.1813 2.6074,
	13.1813 2.60814,
	13.1824 2.60964,
	13.1832 2.61262,
	13.1835 2.61411,
	13.1846 2.6156,
	13.1861 2.62157,
	13.1873 2.62455,
	13.188 2.63052,
	13.1876 2.64245,
	13.1865 2.64841,
	13.1865 2.64916,
	13.1858 2.6499,
	13.1854 2.6514,
	13.1809 2.65736,
	13.1753 2.66333,
	13.1727 2.66631,
	13.1608 2.676,
	13.1548 2.68085,
	13.1429 2.68719,
	13.1369 2.6898,
	13.1339 2.69129,
	13.1324 2.69204,
	13.1298 2.69502,
	13.1287 2.69651,
	13.1228 2.70061,
	13.1172 2.70621,
	13.1127 2.71217,
	13.1056 2.7241,
	13.0993 2.73603,
	13.0985 2.73902,
	13.0985 2.74051,
	13.0959 2.74647,
	13.0955 2.74946,
	13.0925 2.75542,
	13.0888 2.76139,
	13.0832 2.76735,
	13.0802 2.77034,
	13.0717 2.78227,
	13.0676 2.78823,
	13.065 2.7942,
	13.0635 2.79718,
	13.0616 2.80315,
	13.0609 2.80911,
	13.0609 2.8121,
	13.0597 2.81508,
	13.0597 2.81806,
	13.0597 2.81955,
	13.053 2.84342,
	13.0527 2.84491,
	13.0493 2.85088,
	13.0467 2.85684,
	13.0448 2.85982,
	13.0441 2.86057,
	13.0441 2.86206,
	13.0366 2.87399,
	13.0329 2.87996,
	13.0269 2.89189,
	13.0221 2.90382,
	13.021 2.91575,
	13.0206 2.92172,
	13.0195 2.92768,
	13.0191 2.93067,
	13.0172 2.93663,
	13.0057 2.9605,
	13.0008 2.97243,
	12.9993 2.97541,
	12.9971 2.98734,
	12.996 2.99331,
	12.9941 3.01717,
	12.9937 3.02314,
	12.9934 3.02612,
	12.993 3.02761,
	12.9941 3.03358,
	12.9945 3.03656,
	13.0016 3.06042,
	13.0019 3.0634,
	13.0012 3.07534,
	13.0001 3.0813,
	12.9978 3.08727,
	12.9964 3.09025,
	12.9859 3.10218,
	12.9762 3.11411,
	12.9703 3.11821,
	12.9583 3.12418,
	12.9524 3.12716,
	12.9475 3.13313,
	12.9453 3.13611,
	12.9423 3.14208,
	12.94 3.14804,
	12.9333 3.17191,
	12.9277 3.19577,
	12.924 3.2077,
	12.9177 3.21963,
	12.9158 3.22261,
	12.8927 3.24275,
	12.883 3.25468,
	12.8714 3.26661,
	12.8655 3.27258,
	12.8595 3.2778,
	12.8535 3.28115,
	12.8506 3.28265,
	12.8386 3.28526,
	12.8148 3.28936,
	12.8028 3.29532,
	12.7909 3.29644,
	12.7879 3.29681,
	12.776 3.29495,
	12.77 3.29309,
	12.7581 3.28749,
	12.7521 3.28414,
	12.7491 3.28227,
	12.7253 3.27444,
	12.7223 3.27407,
	12.7208 3.27258,
	12.6969 3.26624,
	12.6731 3.26102,
	12.6612 3.25766,
	12.6552 3.25617,
	12.6492 3.25356,
	12.6462 3.2517,
	12.6433 3.25095,
	12.6313 3.24238,
	12.6194 3.23231,
	12.6086 3.22038,
	12.6045 3.21441,
	12.6019 3.21143,
	12.5955 3.1995,
	12.5937 3.19353,
	12.5881 3.16967,
	12.5858 3.15774,
	12.5847 3.15177,
	12.5843 3.14879,
	12.5832 3.14581,
	12.5817 3.13387,
	12.5799 3.12791,
	12.5787 3.12194,
	12.5776 3.11001,
	12.5773 3.10703,
	12.562 3.0593,
	12.5609 3.05334,
	12.5605 3.05035,
	12.5519 3.02649,
	12.5325 2.97877,
	12.5303 2.9728,
	12.5288 2.96683,
	12.5269 2.9549,
	12.5258 2.94894,
	12.5213 2.93701,
	12.5187 2.93104,
	12.5169 2.92507,
	12.5139 2.91911,
	12.5101 2.90718,
	12.5053 2.89525,
	12.5016 2.88331,
	12.4997 2.87735,
	12.4941 2.85349,
	12.4919 2.84155,
	12.4911 2.83559,
	12.4878 2.82366,
	12.4859 2.81172,
	12.4833 2.764,
	12.4829 2.74014,
	12.4829 2.73902,
	"/>
</Transform>

<Transform dim="1"
 xcoef=" 0.16457514542367 1 0 0 0 0"
 ycoef=" 0.416278309012811 0 1 0 0 0">
<Contour name="d046_p21" hidden="false" closed="true" simplified="true" border="1 1 0" fill="1 1 0" mode="11"
 points="13.1938 2.38542,
	13.195 2.38218,
	13.1958 2.38178,
	13.1986 2.37529,
	13.2011 2.37205,
	13.2015 2.37043,
	13.2059 2.36435,
	13.2092 2.36152,
	13.2149 2.35787,
	13.2213 2.35422,
	13.2343 2.35017,
	13.2473 2.34815,
	13.2602 2.34733,
	13.2862 2.34774,
	13.2894 2.34815,
	13.291 2.34896,
	13.304 2.35139,
	13.3056 2.3526,
	13.3064 2.3526,
	13.308 2.35382,
	13.3145 2.35665,
	13.3162 2.35706,
	13.317 2.35787,
	13.3202 2.35909,
	13.3218 2.35949,
	13.323 2.36071,
	13.3247 2.36111,
	13.3311 2.36557,
	13.3324 2.36678,
	13.3332 2.36678,
	13.3384 2.37165,
	13.3437 2.37732,
	13.3465 2.38016,
	13.3474 2.38178,
	13.3482 2.38259,
	13.3482 2.3834,
	13.3494 2.38502,
	13.3502 2.38583,
	13.3502 2.38664,
	13.351 2.38745,
	13.3514 2.38907,
	13.3522 2.38988,
	13.3542 2.39636,
	13.3551 2.39799,
	13.3559 2.40447,
	13.3567 2.40609,
	13.3563 2.41906,
	13.3542 2.42554,
	13.3514 2.43202,
	13.3514 2.43283,
	13.3502 2.43445,
	13.3498 2.43607,
	13.3486 2.43769,
	13.3486 2.43851,
	13.3474 2.44013,
	13.3474 2.44094,
	13.3429 2.44742,
	13.3401 2.45066,
	13.3348 2.45552,
	13.332 2.45836,
	13.3287 2.46039,
	13.3271 2.4616,
	13.3263 2.4616,
	13.323 2.46363,
	13.3198 2.46484,
	13.3133 2.46565,
	13.3101 2.46565,
	13.3036 2.46687,
	13.2971 2.46727,
	13.2906 2.46646,
	13.2874 2.46525,
	13.2858 2.46484,
	13.285 2.46484,
	13.2841 2.46403,
	13.2777 2.46201,
	13.276 2.46079,
	13.2744 2.46039,
	13.2732 2.45877,
	13.2667 2.45471,
	13.261 2.45066,
	13.2546 2.44782,
	13.2529 2.44701,
	13.2521 2.44701,
	13.2505 2.4458,
	13.2497 2.4458,
	13.2489 2.44499,
	13.2456 2.44377,
	13.244 2.44296,
	13.2432 2.44215,
	13.24 2.44094,
	13.2392 2.44013,
	13.2384 2.44013,
	13.2379 2.43932,
	13.2371 2.43932,
	13.2363 2.43851,
	13.2355 2.43851,
	13.2294 2.43405,
	13.2246 2.43,
	13.214 2.42027,
	13.208 2.41419,
	13.2055 2.41136,
	13.2043 2.41055,
	13.199 2.40447,
	13.1966 2.40123,
	13.1962 2.39961,
	13.195 2.39799,
	13.1938 2.3915,
	13.1938 2.38826,
	13.1938 2.38664,
	13.1938 2.38583,
	"/>
</Transform>

<Transform dim="0"
 xcoef=" 0 1 0 0 0 0"
 ycoef=" 0 0 1 0 0 0">
<Contour name="d046_p23" hidden="false" closed="true" simplified="true" border="1 1 0" fill="1 1 0" mode="11"
 points="13.1931 3.16027,
	13.196 3.1488,
	13.1974 3.14306,
	13.2003 3.1402,
	13.2003 3.13733,
	13.2032 3.13446,
	13.2032 3.13159,
	13.2132 3.12156,
	13.2232 3.11439,
	13.229 3.11008,
	13.2318 3.10722,
	13.2347 3.10722,
	13.2462 3.10005,
	13.2691 3.09575,
	13.2921 3.09575,
	13.3035 3.09718,
	13.315 3.10148,
	13.3179 3.10435,
	13.3236 3.10435,
	13.3293 3.10865,
	13.3351 3.11008,
	13.3566 3.12299,
	13.401 3.1574,
	13.4125 3.1617,
	13.4182 3.16601,
	13.424 3.16744,
	13.4268 3.17031,
	13.4498 3.17604,
	13.4613 3.17891,
	13.4641 3.18178,
	13.4871 3.18465,
	13.4985 3.18895,
	13.5043 3.19325,
	13.5071 3.19325,
	13.51 3.19612,
	13.5129 3.19612,
	13.5344 3.21189,
	13.5401 3.21619,
	13.543 3.21619,
	13.5602 3.2334,
	13.5674 3.24343,
	13.5674 3.2463,
	13.5717 3.25204,
	13.576 3.26351,
	13.5774 3.28645,
	13.5745 3.30939,
	13.5659 3.33234,
	13.5616 3.34381,
	13.5588 3.34954,
	13.5545 3.37248,
	13.5473 3.39543,
	13.5459 3.40116,
	13.543 3.4026,
	13.5344 3.42554,
	13.52 3.44705,
	13.5143 3.45708,
	13.4928 3.47429,
	13.4813 3.48146,
	13.4799 3.48433,
	13.477 3.48433,
	13.4713 3.49006,
	13.4598 3.49436,
	13.4541 3.49723,
	13.4311 3.49723,
	13.4082 3.49436,
	13.4025 3.49006,
	13.3795 3.48146,
	13.3695 3.47429,
	13.3638 3.47142,
	13.3609 3.47142,
	13.3566 3.46712,
	13.3537 3.46712,
	13.3107 3.43701,
	13.3078 3.43701,
	13.3021 3.43271,
	13.2964 3.43127,
	13.2921 3.42697,
	13.2906 3.4241,
	13.2878 3.4241,
	13.2835 3.41837,
	13.2749 3.41263,
	13.2533 3.39829,
	13.2419 3.38969,
	13.2261 3.37105,
	13.2232 3.35958,
	13.2247 3.31369,
	13.2204 3.29075,
	13.2161 3.27928,
	13.2132 3.27641,
	13.1974 3.23053,
	13.1931 3.18465,
	13.1931 3.1617,
	"/>
</Transform>

<Transform dim="0"
 xcoef=" 0 1 0 0 0 0"
 ycoef=" 0 0 1 0 0 0">
<Contour name="D046_ax01" hidden="false" closed="true" simplified="false" border="0 1 1" fill="0 1 1" mode="-11"
 points="9.71133 5.76593,
	9.71887 5.75839,
	9.68871 5.72822,
	9.69625 5.72068,
	9.72641 5.75084,
	9.73396 5.7433,
	9.73396 5.76593,
	"/>
</Transform>

<Transform dim="0"
 xcoef=" 0 1 0 0 0 0"
 ycoef=" 0 0 1 0 0 0">
<Contour name="d046_SER_p23" hidden="false" closed="true" simplified="false" border="1 0.501961 0" fill="1 0.501961 0" mode="11"
 points="13.3846 3.35203,
	13.3846 3.33297,
	13.4036 3.33297,
	13.4036 3.3139,
	13.4227 3.3139,
	13.4227 3.33297,
	13.4418 3.33297,
	13.4418 3.35203,
	13.4227 3.35203,
	13.4227 3.37109,
	13.4036 3.37109,
	13.4036 3.35203,
	"/>
</Transform>

</Section>