<?xml version="1.0"?>
<!DOCTYPE Section SYSTEM "section.dtd">

<Section index="221" thickness="0.052" alignLocked="true">
<Transform dim="1"
 xcoef=" 9.4 1 0 0 0 0"
 ycoef=" 8.68183255678163 0 1 0 0 0">
<Image mag="0.00201646" contrast="1.4071" brightness="-0.645" red="true" green="true" blue="true"
 src="221____z220.0.tif" />
<Contour name="domain1" hidden="false" closed="true" simplified="false" border="1 0 1" fill="1 0 1" mode="11"
 points="0 0,
	13727 0,
	13727 13535,
	0 13535,
	"/>
</Transform>

<Transform dim="1"
 xcoef=" 9.4 1 0 0 0 0"
 ycoef=" 8.68183255678163 0 1 0 0 0">
<Contour name="D057" hidden="false" closed="true" simplified="true" border="0 0 1" fill="0 0 1" mode="11"
 points="14.0178 18.5454,
	14.0185 18.5325,
	14.0205 18.5198,
	14.0239 18.5073,
	14.0287 18.4953,
	14.0347 18.4838,
	14.0418 18.4729,
	14.0502 18.4627,
	14.0595 18.4535,
	14.0698 18.4451,
	14.081 18.4379,
	14.0928 18.4317,
	14.1053 18.4268,
	14.1182 18.423,
	14.1315 18.4206,
	14.1449 18.4194,
	14.1584 18.4196,
	14.1718 18.4211,
	14.185 18.4238,
	14.1978 18.4279,
	14.2101 18.4331,
	14.2218 18.4396,
	14.2328 18.4471,
	14.2428 18.4557,
	14.2519 18.4652,
	14.26 18.4755,
	14.2669 18.4866,
	14.2726 18.4983,
	14.277 18.5104,
	14.28 18.523,
	14.2818 18.5357,
	14.2821 18.5486,
	14.2811 18.5614,
	14.2787 18.5741,
	14.2749 18.5865,
	14.2699 18.5984,
	14.2636 18.6098,
	14.2561 18.6205,
	14.2475 18.6304,
	14.2379 18.6395,
	14.2274 18.6475,
	14.2161 18.6545,
	14.204 18.6604,
	14.1915 18.665,
	14.1784 18.6684,
	14.1651 18.6706,
	14.1517 18.6714,
	14.1382 18.6709,
	14.1248 18.6691,
	14.1117 18.666,
	14.099 18.6617,
	14.0868 18.6561,
	14.0753 18.6494,
	14.0646 18.6416,
	14.0547 18.6328,
	14.0459 18.623,
	14.0381 18.6125,
	14.0315 18.6013,
	14.0261 18.5895,
	14.0221 18.5772,
	14.0193 18.5646,
	"/>
</Transform>

<Transform dim="1"
 xcoef=" 9.4 1 0 0 0 0"
 ycoef=" 8.68183255678163 0 1 0 0 0">
<Contour name="D058" hidden="false" closed="true" simplified="true" border="0 0 1" fill="0 0 1" mode="11"
 points="15.0824 19.2453,
	15.0832 19.2344,
	15.0855 19.2236,
	15.0893 19.2132,
	15.0946 19.2033,
	15.1013 19.1939,
	15.1093 19.1854,
	15.1184 19.1776,
	15.1285 19.1709,
	15.1396 19.1653,
	15.1513 19.1608,
	15.1636 19.1576,
	15.1763 19.1556,
	15.1892 19.1549,
	15.2021 19.1556,
	15.2148 19.1576,
	15.2271 19.1608,
	15.2389 19.1653,
	15.2499 19.1709,
	15.26 19.1776,
	15.2692 19.1854,
	15.2771 19.1939,
	15.2838 19.2033,
	15.2891 19.2132,
	15.2929 19.2236,
	15.2953 19.2344,
	15.296 19.2453,
	15.2953 19.2561,
	15.2929 19.2669,
	15.2891 19.2773,
	15.2838 19.2872,
	15.2771 19.2966,
	15.2692 19.3051,
	15.26 19.3129,
	15.2499 19.3196,
	15.2389 19.3252,
	15.2271 19.3297,
	15.2148 19.3329,
	15.2021 19.3349,
	15.1892 19.3356,
	15.1763 19.3349,
	15.1636 19.3329,
	15.1513 19.3297,
	15.1396 19.3252,
	15.1285 19.3196,
	15.1184 19.3129,
	15.1093 19.3051,
	15.1013 19.2966,
	15.0946 19.2872,
	15.0893 19.2773,
	15.0855 19.2669,
	15.0832 19.2561,
	"/>
</Transform>

<Transform dim="1"
 xcoef=" 9 1 0 0 0 0"
 ycoef=" 8.13183255678162 0 1 0 0 0">
<Contour name="D046" hidden="true" closed="true" simplified="true" border="0 0 1" fill="0 0 1" mode="11"
 points="23.4624 11.7506,
	23.4651 11.7367,
	23.4728 11.7233,
	23.4853 11.711,
	23.5023 11.7,
	23.523 11.6909,
	23.5468 11.6839,
	23.5727 11.6794,
	23.5998 11.6774,
	23.6272 11.6781,
	23.6539 11.6813,
	23.6788 11.6871,
	23.7012 11.6952,
	23.7201 11.7053,
	23.7349 11.717,
	23.7451 11.7299,
	23.7503 11.7436,
	23.7503 11.7575,
	23.7451 11.7712,
	23.7349 11.7841,
	23.7201 11.7958,
	23.7012 11.8059,
	23.6788 11.814,
	23.6539 11.8198,
	23.6272 11.823,
	23.5998 11.8237,
	23.5727 11.8217,
	23.5468 11.8172,
	23.523 11.8102,
	23.5023 11.8011,
	23.4853 11.7901,
	23.4728 11.7778,
	"/>
</Transform>

<Transform dim="0"
 xcoef=" 0 1 0 0 0 0"
 ycoef=" 0 0 1 0 0 0">
<Contour name="D045 sym cand 6" hidden="false" closed="true" simplified="true" border="0 1 1" fill="0 1 1" mode="11"
 points="2.2859 8.56511,
	2.2873 8.54358,
	2.29147 8.52234,
	2.29835 8.5017,
	2.30785 8.48193,
	2.31985 8.4633,
	2.33416 8.44608,
	2.35061 8.4305,
	2.36895 8.41677,
	2.38894 8.40509,
	2.41031 8.39561,
	2.43275 8.38846,
	2.45596 8.38375,
	2.47962 8.38154,
	2.5034 8.38185,
	2.52698 8.3847,
	2.55002 8.39002,
	2.57222 8.39776,
	2.59327 8.40781,
	2.61288 8.42002,
	2.63077 8.43423,
	2.6467 8.45024,
	2.66045 8.46784,
	2.67184 8.48677,
	2.6807 8.50679,
	2.68691 8.52761,
	2.69039 8.54894,
	2.69109 8.5705,
	2.689 8.59198,
	2.68414 8.6131,
	2.67659 8.63355,
	2.66645 8.65306,
	2.65386 8.67136,
	2.63899 8.68819,
	2.62205 8.70333,
	2.60327 8.71656,
	2.58291 8.72771,
	2.56125 8.73662,
	2.53859 8.74316,
	2.51523 8.74725,
	2.49151 8.74883,
	2.46775 8.74788,
	2.44428 8.74442,
	2.42141 8.73848,
	2.39947 8.73015,
	2.37876 8.71955,
	2.35956 8.70682,
	2.34213 8.69214,
	2.32673 8.67571,
	2.31355 8.65776,
	2.30278 8.63853,
	2.29457 8.61828,
	2.28904 8.59731,
	"/>
<Contour name="D045" hidden="false" closed="true" simplified="true" border="0 0 1" fill="0 0 1" mode="11"
 points="1.88063 8.98927,
	1.88372 8.96784,
	1.89288 8.94728,
	1.90772 8.92845,
	1.92763 8.9121,
	1.95181 8.89891,
	1.97926 8.88943,
	2.00886 8.88403,
	2.0394 8.88293,
	2.06963 8.8862,
	2.0983 8.89368,
	2.12425 8.90507,
	2.14641 8.91992,
	2.16388 8.9376,
	2.17594 8.95739,
	2.18209 8.9785,
	2.18209 9.00004,
	2.17594 9.02114,
	2.16388 9.04094,
	2.14641 9.05862,
	2.12425 9.07346,
	2.0983 9.08486,
	2.06963 9.09234,
	2.0394 9.0956,
	2.00886 9.09451,
	1.97926 9.08911,
	1.95181 9.07962,
	1.92763 9.06644,
	1.90772 9.05009,
	1.89288 9.03125,
	1.88372 9.0107,
	"/>
</Transform>

<Transform dim="0"
 xcoef=" 0 1 0 0 0 0"
 ycoef=" 0 0 1 0 0 0">
<Contour name="D019" hidden="false" closed="true" simplified="true" border="0 0 1" fill="0 0 1" mode="11"
 points="2.62303 6.53187,
	2.62401 6.51766,
	2.62694 6.50372,
	2.63176 6.49031,
	2.63838 6.47767,
	2.64668 6.46603,
	2.6565 6.45563,
	2.66767 6.44664,
	2.67996 6.43925,
	2.69316 6.43358,
	2.70702 6.42973,
	2.72128 6.4278,
	2.73567 6.4278,
	2.74993 6.42973,
	2.76379 6.43358,
	2.77699 6.43925,
	2.78928 6.44664,
	2.80045 6.45563,
	2.81027 6.46603,
	2.81857 6.47767,
	2.82519 6.49031,
	2.83001 6.50372,
	2.83294 6.51766,
	2.83392 6.53187,
	2.83294 6.54607,
	2.83001 6.56001,
	2.82519 6.57342,
	2.81857 6.58606,
	2.81027 6.5977,
	2.80045 6.6081,
	2.78928 6.61709,
	2.77699 6.62448,
	2.76379 6.63015,
	2.74993 6.634,
	2.73567 6.63593,
	2.72128 6.63593,
	2.70702 6.634,
	2.69316 6.63015,
	2.67996 6.62448,
	2.66767 6.61709,
	2.6565 6.6081,
	2.64668 6.5977,
	2.63838 6.58606,
	2.63176 6.57342,
	2.62694 6.56001,
	2.62401 6.54607,
	"/>
</Transform>

<Transform dim="0"
 xcoef=" 0 1 0 0 0 0"
 ycoef=" 0 0 1 0 0 0">
<Contour name="D020" hidden="false" closed="true" simplified="true" border="0 0 1" fill="0 0 1" mode="11"
 points="9.40547 5.83282,
	9.40942 5.8125,
	9.42103 5.79347,
	9.43956 5.7769,
	9.46386 5.76385,
	9.49239 5.75513,
	9.52337 5.75129,
	9.55484 5.75258,
	9.58483 5.75891,
	9.61145 5.76988,
	9.63304 5.7848,
	9.64823 5.80275,
	9.65607 5.82258,
	9.65607 5.84306,
	9.64823 5.86289,
	9.63304 5.88083,
	9.61145 5.89576,
	9.58483 5.90673,
	9.55484 5.91306,
	9.52337 5.91434,
	9.49239 5.91051,
	9.46386 5.90179,
	9.43956 5.88874,
	9.42103 5.87217,
	9.40942 5.85313,
	"/>
</Transform>

</Section>