<?xml version="1.0"?>
<!DOCTYPE Section SYSTEM "section.dtd">

<Section index="139" thickness="0.052" alignLocked="true">
<Transform dim="1"
 xcoef=" 10.7877352209335 1 0 0 0 0"
 ycoef=" 11.2627283876809 0 1 0 0 0">
<Contour name="D020" hidden="false" closed="true" simplified="true" border="0 0 1" fill="0 0 1" mode="13"
 points="20.7688 17.3324,
	20.7727 17.2981,
	20.784 17.2662,
	20.8021 17.2385,
	20.8257 17.217,
	20.8533 17.203,
	20.8831 17.1975,
	20.9131 17.2008,
	20.9415 17.2127,
	20.9662 17.2325,
	20.9858 17.2588,
	20.9989 17.2898,
	21.0047 17.3237,
	21.0027 17.3581,
	20.9932 17.3909,
	20.9768 17.4198,
	20.9544 17.443,
	20.9276 17.459,
	20.8982 17.4666,
	20.868 17.4655,
	20.8391 17.4557,
	20.8133 17.4378,
	20.7923 17.413,
	20.7775 17.383,
	"/>
</Transform>

<Transform dim="1"
 xcoef=" 0.157735220933463 1 0 0 0 0"
 ycoef=" 0.532728387680942 0 1 0 0 0">
<Contour name="D052 " hidden="false" closed="true" simplified="true" border="0 0 1" fill="0 0 1" mode="13"
 points="6.12879 -0.679366,
	6.13156 -0.701606,
	6.13971 -0.72277,
	6.15287 -0.741833,
	6.17039 -0.757872,
	6.19142 -0.77011,
	6.21495 -0.777956,
	6.23984 -0.78103,
	6.26488 -0.779182,
	6.28885 -0.772502,
	6.31061 -0.761314,
	6.3291 -0.746159,
	6.34341 -0.727771,
	6.35287 -0.70704,
	6.357 -0.684969,
	6.35562 -0.662626,
	6.34878 -0.641095,
	6.33682 -0.621415,
	6.32032 -0.604541,
	6.30008 -0.591289,
	6.27707 -0.582301,
	6.25241 -0.578011,
	6.2273 -0.578628,
	6.20294 -0.584121,
	6.18053 -0.594224,
	6.16113 -0.608449,
	6.1457 -0.626107,
	6.13498 -0.646343,
	"/>
</Transform>

<Transform dim="1"
 xcoef=" 0.157735220933463 1 0 0 0 0"
 ycoef=" 0.532728387680942 0 1 0 0 0">
<Contour name="D054" hidden="false" closed="true" simplified="true" border="0 0 1" fill="0 0 1" mode="13"
 points="1.68611 0.884256,
	1.68658 0.875554,
	1.688 0.86693,
	1.69034 0.85846,
	1.6936 0.85022,
	1.69773 0.842284,
	1.70271 0.834723,
	1.70848 0.827603,
	1.715 0.820988,
	1.72222 0.814938,
	1.73005 0.809507,
	1.73844 0.804742,
	1.74731 0.800686,
	1.75658 0.797376,
	1.76617 0.794841,
	1.77599 0.793104,
	1.78595 0.792179,
	1.79597 0.792076,
	1.80596 0.792796,
	1.81583 0.794331,
	1.82548 0.796669,
	1.83484 0.799787,
	1.84382 0.80366,
	1.85233 0.808251,
	1.86031 0.81352,
	1.86769 0.819421,
	1.87439 0.825899,
	1.88035 0.832899,
	1.88554 0.840356,
	1.88988 0.848205,
	1.89336 0.856376,
	1.89594 0.864795,
	1.89759 0.873388,
	1.89829 0.882078,
	1.89806 0.890787,
	1.89688 0.899438,
	1.89476 0.907954,
	1.89173 0.916258,
	1.88782 0.924277,
	1.88305 0.931938,
	1.87747 0.939175,
	1.87113 0.945921,
	1.86408 0.952118,
	1.8564 0.957709,
	1.84814 0.962645,
	1.83938 0.966881,
	1.8302 0.970381,
	1.82069 0.973112,
	1.81092 0.97505,
	1.80098 0.976179,
	1.79096 0.976487,
	1.78096 0.975973,
	1.77105 0.974641,
	1.76134 0.972502,
	1.7519 0.969577,
	1.74282 0.96589,
	1.73418 0.961475,
	1.72606 0.956371,
	1.71853 0.950623,
	1.71165 0.944284,
	1.7055 0.937409,
	1.70012 0.93006,
	1.69556 0.922303,
	1.69186 0.914206,
	1.68905 0.905842,
	1.68717 0.897285,
	"/>
</Transform>

<Transform dim="1"
 xcoef=" 0.157735220933463 1 0 0 0 0"
 ycoef=" 0.532728387680942 0 1 0 0 0">
<Contour name="D019" hidden="false" closed="true" simplified="true" border="0 0 1" fill="0 0 1" mode="13"
 points="4.37965 4.95251,
	4.38127 4.936,
	4.38607 4.91992,
	4.39392 4.90471,
	4.40462 4.89077,
	4.41789 4.87847,
	4.43337 4.86814,
	4.45065 4.86005,
	4.46927 4.85442,
	4.48873 4.85139,
	4.50853 4.85106,
	4.52813 4.85341,
	4.547 4.85841,
	4.56466 4.8659,
	4.58063 4.87569,
	4.59449 4.88753,
	4.60586 4.90109,
	4.61445 4.91602,
	4.62003 4.93192,
	4.62245 4.94837,
	4.62164 4.96492,
	4.61763 4.98115,
	4.61052 4.99661,
	4.60051 5.01091,
	4.58785 5.02365,
	4.57289 5.0345,
	4.55602 5.04317,
	4.53769 5.04944,
	4.51838 5.05312,
	4.49862 5.05414,
	4.47893 5.05245,
	4.45982 5.04811,
	4.44181 5.04122,
	4.42538 5.03198,
	4.41096 5.02063,
	4.39893 5.00747,
	4.38962 4.99284,
	4.38327 4.97715,
	"/>
</Transform>

<Transform dim="1"
 xcoef=" 0.157735220933463 1 0 0 0 0"
 ycoef=" 0.532728387680942 0 1 0 0 0">
<Contour name="D023" hidden="false" closed="true" simplified="true" border="0 0 1" fill="0 0 1" mode="13"
 points="8.14754 1.83087,
	8.15217 1.8097,
	8.16566 1.79042,
	8.18681 1.77472,
	8.21374 1.76402,
	8.24405 1.75925,
	8.27506 1.76085,
	8.30401 1.76867,
	8.32832 1.78202,
	8.34583 1.79971,
	8.355 1.82017,
	8.355 1.84158,
	8.34583 1.86204,
	8.32832 1.87973,
	8.30401 1.89308,
	8.27506 1.9009,
	8.24405 1.9025,
	8.21374 1.89773,
	8.18681 1.88703,
	8.16566 1.87133,
	"/>
</Transform>

<Transform dim="1"
 xcoef=" 0.157735220933463 1 0 0 0 0"
 ycoef=" 0.532728387680942 0 1 0 0 0">
<Contour name="D021" hidden="false" closed="true" simplified="true" border="0 0 1" fill="0 0 1" mode="13"
 points="6.17327 7.60739,
	6.17425 7.58896,
	6.17715 7.5708,
	6.18195 7.55318,
	6.18857 7.53635,
	6.19692 7.52055,
	6.20687 7.50602,
	6.21828 7.49297,
	6.23097 7.48158,
	6.24478 7.47203,
	6.25949 7.46446,
	6.27489 7.45897,
	6.29076 7.45564,
	6.30686 7.45453,
	6.32297 7.45564,
	6.33883 7.45897,
	6.35424 7.46446,
	6.36895 7.47203,
	6.38275 7.48158,
	6.39545 7.49297,
	6.40686 7.50602,
	6.41681 7.52055,
	6.42515 7.53635,
	6.43177 7.55318,
	6.43657 7.5708,
	6.43948 7.58896,
	6.44045 7.60739,
	6.43948 7.62581,
	6.43657 7.64397,
	6.43177 7.66159,
	6.42515 7.67842,
	6.41681 7.69422,
	6.40686 7.70875,
	6.39545 7.7218,
	6.38275 7.73319,
	6.36895 7.74274,
	6.35424 7.75031,
	6.33883 7.7558,
	6.32297 7.75913,
	6.30686 7.76025,
	6.29076 7.75913,
	6.27489 7.7558,
	6.25949 7.75031,
	6.24478 7.74274,
	6.23097 7.73319,
	6.21828 7.7218,
	6.20687 7.70875,
	6.19692 7.69422,
	6.18857 7.67842,
	6.18195 7.66159,
	6.17715 7.64397,
	6.17425 7.62581,
	"/>
</Transform>

<Transform dim="1"
 xcoef=" 0.157735220933463 1 0 0 0 0"
 ycoef=" 0.532728387680942 0 1 0 0 0">
<Contour name="D025" hidden="false" closed="true" simplified="true" border="0 0 1" fill="0 0 1" mode="13"
 points="4.05246 4.50641,
	4.05285 4.49796,
	4.05399 4.48958,
	4.05589 4.48133,
	4.05852 4.47328,
	4.06187 4.4655,
	4.06591 4.45805,
	4.0706 4.45099,
	4.07591 4.44437,
	4.0818 4.43825,
	4.08822 4.43269,
	4.09512 4.42771,
	4.10243 4.42337,
	4.11011 4.4197,
	4.11809 4.41673,
	4.1263 4.41448,
	4.13469 4.41297,
	4.14318 4.41221,
	4.1517 4.41221,
	4.16019 4.41297,
	4.16857 4.41448,
	4.17679 4.41673,
	4.18476 4.4197,
	4.19244 4.42337,
	4.19976 4.42771,
	4.20665 4.43269,
	4.21307 4.43825,
	4.21896 4.44437,
	4.22427 4.45099,
	4.22897 4.45805,
	4.23301 4.4655,
	4.23636 4.47328,
	4.23899 4.48133,
	4.24089 4.48958,
	4.24203 4.49796,
	4.24241 4.50641,
	4.24203 4.51487,
	4.24089 4.52325,
	4.23899 4.5315,
	4.23636 4.53955,
	4.23301 4.54733,
	4.22897 4.55478,
	4.22427 4.56184,
	4.21896 4.56846,
	4.21307 4.57458,
	4.20665 4.58014,
	4.19976 4.58512,
	4.19244 4.58946,
	4.18476 4.59313,
	4.17679 4.5961,
	4.16857 4.59835,
	4.16019 4.59986,
	4.1517 4.60062,
	4.14318 4.60062,
	4.13469 4.59986,
	4.1263 4.59835,
	4.11809 4.5961,
	4.11011 4.59313,
	4.10243 4.58946,
	4.09512 4.58512,
	4.08822 4.58014,
	4.0818 4.57458,
	4.07591 4.56846,
	4.0706 4.56184,
	4.06591 4.55478,
	4.06187 4.54733,
	4.05852 4.53955,
	4.05589 4.5315,
	4.05399 4.52325,
	"/>
</Transform>

<Transform dim="1"
 xcoef=" 0.157735220933463 1 0 0 0 0"
 ycoef=" 0.532728387680942 0 1 0 0 0">
<Contour name="D028" hidden="false" closed="true" simplified="true" border="0 0 1" fill="0 0 1" mode="13"
 points="6.61182 6.92872,
	6.61226 6.92175,
	6.61356 6.91484,
	6.61572 6.90805,
	6.61871 6.90144,
	6.62252 6.89507,
	6.6271 6.88898,
	6.63242 6.88324,
	6.63844 6.8779,
	6.64509 6.87299,
	6.65233 6.86857,
	6.66008 6.86467,
	6.66829 6.86132,
	6.67688 6.85856,
	6.68578 6.8564,
	6.69491 6.85487,
	6.70419 6.85398,
	6.71354 6.85374,
	6.72288 6.85414,
	6.73213 6.85519,
	6.74121 6.85688,
	6.75004 6.85919,
	6.75854 6.8621,
	6.76664 6.86559,
	6.77427 6.86963,
	6.78137 6.87418,
	6.78787 6.87919,
	6.79372 6.88464,
	6.79886 6.89047,
	6.80325 6.89663,
	6.80685 6.90307,
	6.80964 6.90974,
	6.81159 6.91656,
	6.81267 6.92349,
	6.81289 6.93047,
	6.81224 6.93743,
	6.81072 6.94432,
	6.80835 6.95107,
	6.80515 6.95762,
	6.80115 6.96393,
	6.79638 6.96993,
	6.79088 6.97558,
	6.7847 6.98082,
	6.77789 6.98561,
	6.77052 6.9899,
	6.76264 6.99367,
	6.75433 6.99687,
	6.74566 6.99949,
	6.7367 7.00149,
	6.72752 7.00286,
	6.71822 7.00359,
	6.70886 7.00367,
	6.69954 7.0031,
	6.69032 7.00189,
	6.6813 7.00005,
	6.67255 6.99758,
	6.66414 6.99452,
	6.65615 6.9909,
	6.64864 6.98673,
	6.64169 6.98206,
	6.63535 6.97693,
	6.62967 6.97138,
	6.62472 6.96546,
	6.62052 6.95923,
	6.61711 6.95273,
	6.61453 6.94602,
	6.6128 6.93916,
	"/>
</Transform>

<Transform dim="1"
 xcoef=" 0.157735220933463 1 0 0 0 0"
 ycoef=" 0.532728387680942 0 1 0 0 0">
<Contour name="D032" hidden="false" closed="true" simplified="true" border="0 0 1" fill="0 0 1" mode="13"
 points="4.47385 -0.583571,
	4.47567 -0.598496,
	4.48107 -0.612829,
	4.48984 -0.626002,
	4.50163 -0.637492,
	4.51596 -0.646844,
	4.53227 -0.653687,
	4.54992 -0.65775,
	4.5682 -0.65887,
	4.58639 -0.657005,
	4.60377 -0.652228,
	4.61965 -0.644729,
	4.63339 -0.634804,
	4.64446 -0.622847,
	4.65242 -0.609333,
	4.65694 -0.594797,
	4.65785 -0.579817,
	4.65512 -0.564985,
	4.64885 -0.55089,
	4.63929 -0.538091,
	4.62682 -0.527095,
	4.61194 -0.51834,
	4.59523 -0.512171,
	4.57735 -0.508833,
	4.55903 -0.508459,
	4.54097 -0.511064,
	4.52391 -0.516543,
	4.50851 -0.524681,
	4.49538 -0.535155,
	4.48506 -0.547548,
	4.47794 -0.561369,
	"/>
</Transform>

<Transform dim="1"
 xcoef=" 0.157735220933463 1 0 0 0 0"
 ycoef=" 0.532728387680942 0 1 0 0 0">
<Contour name="D041" hidden="false" closed="true" simplified="true" border="0 0 1" fill="0 0 1" mode="13"
 points="6.68239 0.308416,
	6.68372 0.294336,
	6.68768 0.280571,
	6.69419 0.267428,
	6.7031 0.2552,
	6.71421 0.244162,
	6.72727 0.234558,
	6.74199 0.226604,
	6.75804 0.220478,
	6.77507 0.216317,
	6.79269 0.214212,
	6.8105 0.214212,
	6.82812 0.216317,
	6.84515 0.220478,
	6.8612 0.226604,
	6.87592 0.234558,
	6.88898 0.244162,
	6.90009 0.2552,
	6.909 0.267428,
	6.91551 0.280571,
	6.91947 0.294336,
	6.9208 0.308416,
	6.91947 0.322495,
	6.91551 0.33626,
	6.909 0.349403,
	6.90009 0.361631,
	6.88898 0.37267,
	6.87592 0.382273,
	6.8612 0.390227,
	6.84515 0.396353,
	6.82812 0.400514,
	6.8105 0.402619,
	6.79269 0.402619,
	6.77507 0.400514,
	6.75804 0.396353,
	6.74199 0.390227,
	6.72727 0.382273,
	6.71421 0.37267,
	6.7031 0.361631,
	6.69419 0.349403,
	6.68768 0.33626,
	"/>
</Transform>

<Transform dim="1"
 xcoef=" 0.157735220933463 1 0 0 0 0"
 ycoef=" 0.532728387680942 0 1 0 0 0">
<Contour name="D043" hidden="false" closed="true" simplified="true" border="0 0 1" fill="0 0 1" mode="13"
 points="1.13711 8.26178,
	1.13772 8.25137,
	1.13953 8.2411,
	1.14252 8.2311,
	1.14665 8.22153,
	1.15187 8.2125,
	1.1581 8.20413,
	1.16525 8.19655,
	1.17324 8.18984,
	1.18195 8.18411,
	1.19127 8.17943,
	1.20107 8.17586,
	1.21122 8.17346,
	1.22158 8.17225,
	1.23201 8.17225,
	1.24237 8.17346,
	1.25252 8.17586,
	1.26232 8.17943,
	1.27164 8.18411,
	1.28035 8.18984,
	1.28834 8.19655,
	1.2955 8.20413,
	1.30172 8.2125,
	1.30694 8.22153,
	1.31107 8.2311,
	1.31406 8.2411,
	1.31587 8.25137,
	1.31648 8.26178,
	1.31587 8.27219,
	1.31406 8.28246,
	1.31107 8.29245,
	1.30694 8.30203,
	1.30172 8.31106,
	1.2955 8.31942,
	1.28834 8.32701,
	1.28035 8.33371,
	1.27164 8.33944,
	1.26232 8.34412,
	1.25252 8.34769,
	1.24237 8.3501,
	1.23201 8.35131,
	1.22158 8.35131,
	1.21122 8.3501,
	1.20107 8.34769,
	1.19127 8.34412,
	1.18195 8.33944,
	1.17324 8.33371,
	1.16525 8.32701,
	1.1581 8.31942,
	1.15187 8.31106,
	1.14665 8.30203,
	1.14252 8.29245,
	1.13953 8.28246,
	"/>
</Transform>

<Transform dim="1"
 xcoef=" 0.157735220933463 1 0 0 0 0"
 ycoef=" 0.532728387680942 0 1 0 0 0">
<Contour name="D044" hidden="false" closed="true" simplified="true" border="0 0 1" fill="0 0 1" mode="13"
 points="0.993985 7.4475,
	0.994789 7.4342,
	0.997191 7.4211,
	1.00115 7.40842,
	1.00661 7.39636,
	1.01348 7.38511,
	1.02165 7.37483,
	1.03099 7.36571,
	1.04137 7.35787,
	1.0526 7.35145,
	1.06452 7.34654,
	1.07693 7.34323,
	1.08965 7.34155,
	1.10247 7.34155,
	1.11519 7.34323,
	1.1276 7.34654,
	1.13952 7.35145,
	1.15076 7.35787,
	1.16113 7.36571,
	1.17047 7.37483,
	1.17864 7.38511,
	1.18551 7.39636,
	1.19097 7.40842,
	1.19493 7.4211,
	1.19733 7.4342,
	1.19814 7.4475,
	1.19733 7.46081,
	1.19493 7.47391,
	1.19097 7.48658,
	1.18551 7.49865,
	1.17864 7.5099,
	1.17047 7.52018,
	1.16113 7.5293,
	1.15076 7.53714,
	1.13952 7.54356,
	1.1276 7.54847,
	1.11519 7.55178,
	1.10247 7.55345,
	1.08965 7.55345,
	1.07693 7.55178,
	1.06452 7.54847,
	1.0526 7.54356,
	1.04137 7.53714,
	1.03099 7.5293,
	1.02165 7.52018,
	1.01348 7.5099,
	1.00661 7.49865,
	1.00115 7.48658,
	0.997191 7.47391,
	"/>
</Transform>

<Transform dim="1"
 xcoef=" 0.157735220933463 1 0 0 0 0"
 ycoef=" 0.532728387680942 0 1 0 0 0">
<Contour name="D045" hidden="false" closed="true" simplified="true" border="0 0 1" fill="0 0 1" mode="13"
 points="2.83826 8.19448,
	2.83913 8.18187,
	2.84173 8.16948,
	2.84601 8.15756,
	2.85189 8.1463,
	2.85927 8.13592,
	2.86801 8.12662,
	2.87795 8.11854,
	2.88891 8.11186,
	2.90068 8.10668,
	2.91307 8.1031,
	2.92584 8.10118,
	2.93875 8.10097,
	2.95157 8.10246,
	2.96407 8.10563,
	2.97602 8.11042,
	2.98721 8.11674,
	2.99742 8.12448,
	3.00647 8.13349,
	3.01421 8.14362,
	3.02047 8.15467,
	3.02516 8.16645,
	3.02819 8.17874,
	3.02949 8.19132,
	3.02906 8.20395,
	3.02689 8.21641,
	3.02302 8.22848,
	3.01753 8.23992,
	3.01052 8.25053,
	3.0021 8.26013,
	2.99245 8.26852,
	2.98173 8.27557,
	2.97013 8.28114,
	2.95788 8.28512,
	2.94519 8.28746,
	2.93229 8.2881,
	2.91942 8.28703,
	2.90682 8.28428,
	2.89471 8.27989,
	2.88331 8.27394,
	2.87284 8.26654,
	2.86348 8.25783,
	2.8554 8.24797,
	2.84876 8.23713,
	2.84366 8.22551,
	2.84022 8.21333,
	"/>
</Transform>

<Transform dim="1"
 xcoef=" 0.157735220933463 1 0 0 0 0"
 ycoef=" 0.532728387680942 0 1 0 0 0">
<Contour name="D046" hidden="false" closed="true" simplified="true" border="0 0 1" fill="0 0 1" mode="13"
 points="12.657 3.2352,
	12.6581 3.21464,
	12.6613 3.19464,
	12.6665 3.17571,
	12.6736 3.15836,
	12.6824 3.14306,
	12.6926 3.1302,
	12.7041 3.12013,
	12.7164 3.11312,
	12.7293 3.10936,
	12.7424 3.10894,
	12.7554 3.11187,
	12.7679 3.11809,
	12.7797 3.12741,
	12.7902 3.1396,
	12.7994 3.15433,
	12.807 3.17121,
	12.8127 3.18978,
	12.8163 3.20957,
	12.818 3.23004,
	12.8174 3.25064,
	12.8148 3.27083,
	12.81 3.29008,
	12.8034 3.30787,
	12.795 3.32373,
	12.7851 3.33723,
	12.7739 3.34802,
	12.7618 3.35582,
	12.749 3.3604,
	12.7359 3.36167,
	12.7228 3.35957,
	12.7102 3.35416,
	12.6982 3.34559,
	12.6873 3.33409,
	12.6778 3.31997,
	12.6698 3.30359,
	12.6636 3.28539,
	12.6594 3.26585,
	"/>
</Transform>

<Transform dim="1"
 xcoef=" 0.157735220933463 1 0 0 0 0"
 ycoef=" 0.532728387680942 0 1 0 0 0">
<Contour name="D047" hidden="false" closed="true" simplified="true" border="0 0 1" fill="0 0 1" mode="13"
 points="2.96038 6.6844,
	2.96177 6.66647,
	2.96592 6.64897,
	2.97272 6.63235,
	2.98201 6.61701,
	2.99355 6.60333,
	3.00706 6.59164,
	3.02221 6.58224,
	3.03863 6.57536,
	3.05591 6.57116,
	3.07362 6.56974,
	3.09134 6.57116,
	3.10862 6.57536,
	3.12503 6.58224,
	3.14019 6.59164,
	3.1537 6.60333,
	3.16524 6.61701,
	3.17452 6.63235,
	3.18132 6.64897,
	3.18547 6.66647,
	3.18687 6.6844,
	3.18547 6.70234,
	3.18132 6.71984,
	3.17452 6.73646,
	3.16524 6.7518,
	3.1537 6.76548,
	3.14019 6.77717,
	3.12503 6.78657,
	3.10862 6.79345,
	3.09134 6.79765,
	3.07362 6.79906,
	3.05591 6.79765,
	3.03863 6.79345,
	3.02221 6.78657,
	3.00706 6.77717,
	2.99355 6.76548,
	2.98201 6.7518,
	2.97272 6.73646,
	2.96592 6.71984,
	"/>
</Transform>

<Transform dim="1"
 xcoef=" 0.157735220933463 1 0 0 0 0"
 ycoef=" 0.532728387680942 0 1 0 0 0">
<Contour name="D034" hidden="false" closed="true" simplified="true" border="0 0 1" fill="0 0 1" mode="13"
 points="9.49409 3.47235,
	9.49498 3.45545,
	9.49765 3.4388,
	9.50205 3.42267,
	9.50812 3.40728,
	9.51576 3.39289,
	9.52486 3.3797,
	9.53528 3.36791,
	9.54686 3.35771,
	9.55943 3.34924,
	9.57279 3.34264,
	9.58675 3.33801,
	9.60109 3.33541,
	9.6156 3.33489,
	9.63005 3.33645,
	9.64423 3.34007,
	9.65792 3.3457,
	9.67091 3.35325,
	9.68301 3.3626,
	9.69403 3.37362,
	9.70381 3.38613,
	9.71219 3.39995,
	9.71906 3.41487,
	9.7243 3.43066,
	9.72784 3.44708,
	9.72963 3.46388,
	9.72963 3.48081,
	9.72784 3.49762,
	9.7243 3.51404,
	9.71906 3.52983,
	9.71219 3.54474,
	9.70381 3.55856,
	9.69403 3.57108,
	9.68301 3.58209,
	9.67091 3.59145,
	9.65792 3.59899,
	9.64423 3.60462,
	9.63005 3.60824,
	9.6156 3.60981,
	9.60109 3.60929,
	9.58675 3.60669,
	9.57279 3.60205,
	9.55943 3.59545,
	9.54686 3.58699,
	9.53528 3.57678,
	9.52486 3.565,
	9.51576 3.55181,
	9.50812 3.53741,
	9.50205 3.52203,
	9.49765 3.50589,
	"/>
</Transform>

<Transform dim="1"
 xcoef=" 0.157735220933463 1 0 0 0 0"
 ycoef=" 0.532728387680942 0 1 0 0 0">
<Contour name="D035" hidden="false" closed="true" simplified="true" border="0 0 1" fill="0 0 1" mode="13"
 points="7.26697 2.88607,
	7.26772 2.87639,
	7.26995 2.86686,
	7.27363 2.85765,
	7.2787 2.84891,
	7.28508 2.84078,
	7.29265 2.83339,
	7.3013 2.82687,
	7.31088 2.82132,
	7.32124 2.81683,
	7.3322 2.81348,
	7.34359 2.81132,
	7.35522 2.81039,
	7.3669 2.8107,
	7.37843 2.81225,
	7.38963 2.81501,
	7.40031 2.81894,
	7.4103 2.82397,
	7.41943 2.83002,
	7.42756 2.83699,
	7.43455 2.84476,
	7.44028 2.85322,
	7.44467 2.86221,
	7.44763 2.8716,
	7.44912 2.88122,
	7.44912 2.89092,
	7.44763 2.90054,
	7.44467 2.90993,
	7.44028 2.91892,
	7.43455 2.92738,
	7.42756 2.93515,
	7.41943 2.94212,
	7.4103 2.94817,
	7.40031 2.9532,
	7.38963 2.95713,
	7.37843 2.95989,
	7.3669 2.96144,
	7.35522 2.96175,
	7.34359 2.96082,
	7.3322 2.95866,
	7.32124 2.95531,
	7.31088 2.95082,
	7.3013 2.94527,
	7.29265 2.93874,
	7.28508 2.93136,
	7.2787 2.92323,
	7.27363 2.91448,
	7.26995 2.90528,
	7.26772 2.89575,
	"/>
</Transform>

<Transform dim="1"
 xcoef=" 0.157735220933463 1 0 0 0 0"
 ycoef=" 0.532728387680942 0 1 0 0 0">
<Contour name="D036" hidden="false" closed="true" simplified="true" border="0 0 1" fill="0 0 1" mode="13"
 points="15.2012 -2.67522,
	15.2062 -2.72311,
	15.2209 -2.76632,
	15.2437 -2.80061,
	15.2725 -2.82262,
	15.3045 -2.8302,
	15.3364 -2.82262,
	15.3652 -2.80061,
	15.3881 -2.76632,
	15.4027 -2.72311,
	15.4078 -2.67522,
	15.4027 -2.62733,
	15.3881 -2.58413,
	15.3652 -2.54984,
	15.3364 -2.52783,
	15.3045 -2.52024,
	15.2725 -2.52783,
	15.2437 -2.54984,
	15.2209 -2.58413,
	"/>
</Transform>

<Transform dim="1"
 xcoef=" 0.157735220933463 1 0 0 0 0"
 ycoef=" 0.532728387680942 0 1 0 0 0">
<Contour name="D039" hidden="false" closed="true" simplified="true" border="0 0 1" fill="0 0 1" mode="13"
 points="8.2601 1.05731,
	8.26092 1.04437,
	8.26338 1.03168,
	8.26741 1.01949,
	8.27294 1.00804,
	8.27987 0.997548,
	8.28807 0.988217,
	8.29736 0.980232,
	8.30757 0.973746,
	8.3185 0.968887,
	8.32994 0.965749,
	8.34167 0.964393,
	8.35346 0.964846,
	8.36507 0.967098,
	8.37628 0.971107,
	8.38688 0.976793,
	8.39666 0.984046,
	8.40542 0.992725,
	8.413 1.00266,
	8.41925 1.01366,
	8.42404 1.02551,
	8.42729 1.03798,
	8.42894 1.05082,
	8.42894 1.06379,
	8.42729 1.07664,
	8.42404 1.08911,
	8.41925 1.10096,
	8.413 1.11196,
	8.40542 1.12189,
	8.39666 1.13057,
	8.38688 1.13782,
	8.37628 1.14351,
	8.36507 1.14752,
	8.35346 1.14977,
	8.34167 1.15022,
	8.32994 1.14887,
	8.3185 1.14573,
	8.30757 1.14087,
	8.29736 1.13439,
	8.28807 1.1264,
	8.27987 1.11707,
	8.27294 1.10658,
	8.26741 1.09512,
	8.26338 1.08294,
	"/>
</Transform>

<Transform dim="1"
 xcoef=" 0.157735220933463 1 0 0 0 0"
 ycoef=" 0.532728387680942 0 1 0 0 0">
<Contour name="D049" hidden="false" closed="true" simplified="true" border="0 0 1" fill="0 0 1" mode="13"
 points="10.3142 1.15741,
	10.315 1.1422,
	10.3172 1.12722,
	10.3208 1.11271,
	10.3258 1.09892,
	10.3321 1.08604,
	10.3395 1.07429,
	10.3481 1.06385,
	10.3576 1.05489,
	10.3679 1.04754,
	10.3788 1.04193,
	10.3901 1.03814,
	10.4018 1.03622,
	10.4135 1.03622,
	10.4251 1.03814,
	10.4365 1.04193,
	10.4474 1.04754,
	10.4577 1.05489,
	10.4672 1.06385,
	10.4757 1.07429,
	10.4832 1.08604,
	10.4895 1.09892,
	10.4945 1.11271,
	10.4981 1.12722,
	10.5003 1.1422,
	10.501 1.15741,
	10.5003 1.17263,
	10.4981 1.18761,
	10.4945 1.20212,
	10.4895 1.21591,
	10.4832 1.22879,
	10.4757 1.24054,
	10.4672 1.25098,
	10.4577 1.25994,
	10.4474 1.26729,
	10.4365 1.2729,
	10.4251 1.27669,
	10.4135 1.2786,
	10.4018 1.2786,
	10.3901 1.27669,
	10.3788 1.2729,
	10.3679 1.26729,
	10.3576 1.25994,
	10.3481 1.25098,
	10.3395 1.24054,
	10.3321 1.22879,
	10.3258 1.21591,
	10.3208 1.20212,
	10.3172 1.18761,
	"/>
</Transform>

<Transform dim="1"
 xcoef=" 0.157735220933463 1 0 0 0 0"
 ycoef=" 0.532728387680942 0 1 0 0 0">
<Contour name="D055" hidden="false" closed="true" simplified="true" border="0 0 1" fill="0 0 1" mode="13"
 points="0.955384 2.54863,
	0.958229 2.53425,
	0.966605 2.52066,
	0.980044 2.50865,
	0.997792 2.49887,
	1.01886 2.49187,
	1.04206 2.48806,
	1.06611 2.48763,
	1.08965 2.49061,
	1.11136 2.49684,
	1.13004 2.50597,
	1.14464 2.51749,
	1.15434 2.53074,
	1.15859 2.545,
	1.15717 2.55947,
	1.15014 2.57332,
	1.13791 2.5858,
	1.12115 2.59619,
	1.10081 2.60393,
	1.07802 2.60857,
	1.05406 2.60985,
	1.03027 2.60771,
	1.00798 2.60227,
	0.988436 2.59382,
	0.972732 2.58285,
	0.961748 2.56996,
	"/>
</Transform>

<Transform dim="1"
 xcoef=" 0.157735220933463 1 0 0 0 0"
 ycoef=" 0.532728387680942 0 1 0 0 0">
<Contour name="D049_ax03" hidden="false" closed="true" simplified="false" border="0 1 1" fill="0 1 1" mode="11"
 points="11.1818 1.10785,
	11.1934 1.0963,
	11.1472 1.05011,
	11.1587 1.03856,
	11.2049 1.08475,
	11.2164 1.07321,
	11.2164 1.10785,
	"/>
</Transform>

<Transform dim="1"
 xcoef=" 0.157735220933463 1 0 0 0 0"
 ycoef=" 0.532728387680942 0 1 0 0 0">
<Contour name="D057" hidden="false" closed="true" simplified="true" border="0 0 1" fill="0 0 1" mode="11"
 points="6.3915 9.37584,
	6.3925 9.36337,
	6.39547 9.35111,
	6.40037 9.33925,
	6.40712 9.32799,
	6.41561 9.31752,
	6.42569 9.308,
	6.4372 9.2996,
	6.44996 9.29246,
	6.46375 9.28668,
	6.47835 9.28236,
	6.49352 9.27958,
	6.509 9.27838,
	6.52455 9.27878,
	6.5399 9.28078,
	6.55481 9.28433,
	6.56904 9.28939,
	6.58234 9.29587,
	6.5945 9.30366,
	6.60532 9.31263,
	6.61463 9.32265,
	6.62226 9.33353,
	6.6281 9.34511,
	6.63204 9.3572,
	6.63403 9.36959,
	6.63403 9.38209,
	6.63204 9.39448,
	6.6281 9.40657,
	6.62226 9.41815,
	6.61463 9.42904,
	6.60532 9.43905,
	6.5945 9.44803,
	6.58234 9.45582,
	6.56904 9.46229,
	6.55481 9.46735,
	6.5399 9.47091,
	6.52455 9.4729,
	6.509 9.4733,
	6.49352 9.4721,
	6.47835 9.46932,
	6.46375 9.46501,
	6.44996 9.45923,
	6.4372 9.45208,
	6.42569 9.44368,
	6.41561 9.43416,
	6.40712 9.42369,
	6.40037 9.41243,
	6.39547 9.40058,
	6.3925 9.38831,
	"/>
</Transform>

<Transform dim="1"
 xcoef=" 0.157735220933463 1 0 0 0 0"
 ycoef=" 0.532728387680942 0 1 0 0 0">
<Contour name="D057 ax01" hidden="false" closed="true" simplified="false" border="0 1 1" fill="0 1 1" mode="-9"
 points="3.7047 7.42105,
	3.72056 7.40519,
	3.65714 7.34177,
	3.67299 7.32591,
	3.73642 7.38934,
	3.75227 7.37348,
	3.75227 7.42105,
	"/>
</Transform>

<Transform dim="1"
 xcoef=" 0.157735220933463 1 0 0 0 0"
 ycoef=" 0.532728387680942 0 1 0 0 0">
<Contour name="D045 sym cand 4" hidden="false" closed="true" simplified="true" border="0 1 1" fill="0 1 1" mode="11"
 points="3.18114 8.19402,
	3.18238 8.16668,
	3.1861 8.13994,
	3.1922 8.11438,
	3.20055 8.09055,
	3.21097 8.06898,
	3.22324 8.05014,
	3.23708 8.03444,
	3.2522 8.02222,
	3.26825 8.01375,
	3.28491 8.00921,
	3.30179 8.00871,
	3.31853 8.01224,
	3.33477 8.01975,
	3.35016 8.03105,
	3.36435 8.04591,
	3.37703 8.064,
	3.38794 8.08493,
	3.39683 8.10824,
	3.4035 8.13341,
	3.40782 8.15992,
	3.40969 8.18716,
	3.40907 8.21456,
	3.40597 8.2415,
	3.40045 8.26741,
	3.39265 8.29172,
	3.38272 8.3139,
	3.37089 8.33346,
	3.35742 8.34998,
	3.34259 8.3631,
	3.32674 8.37253,
	3.3102 8.37807,
	3.29334 8.37958,
	3.27653 8.37705,
	3.26013 8.37053,
	3.2445 8.36016,
	3.22998 8.34616,
	3.21689 8.32884,
	3.20552 8.30858,
	3.1961 8.28583,
	3.18886 8.26106,
	3.18394 8.23484,
	"/>
</Transform>

<Transform dim="1"
 xcoef=" 0.157735220933463 1 0 0 0 0"
 ycoef=" 0.532728387680942 0 1 0 0 0">
<Contour name="d046" hidden="false" closed="true" simplified="true" border="1 1 0" fill="1 1 0" mode="11"
 points="12.4824 3.30639,
	12.4864 3.29554,
	12.4919 3.28469,
	12.4963 3.27927,
	12.499 3.27689,
	12.5424 3.25486,
	12.5641 3.24401,
	12.5695 3.24095,
	12.5722 3.23892,
	12.5776 3.23383,
	12.5804 3.23146,
	12.5834 3.22604,
	12.5932 3.20434,
	12.6021 3.18264,
	12.6041 3.17721,
	12.6054 3.1745,
	12.6061 3.17179,
	12.6085 3.16636,
	12.6102 3.16094,
	12.6153 3.15009,
	12.6173 3.14466,
	12.6183 3.14195,
	12.62 3.13924,
	12.6224 3.13382,
	12.6224 3.13246,
	12.6254 3.12703,
	12.6305 3.11618,
	12.6397 3.10534,
	12.6499 3.09449,
	12.6607 3.08499,
	12.6716 3.07618,
	12.6729 3.07482,
	12.6838 3.06906,
	12.6946 3.06431,
	12.7163 3.05821,
	12.7217 3.05685,
	12.7434 3.0538,
	12.7489 3.05278,
	12.7706 3.05177,
	12.7814 3.05143,
	12.8031 3.05346,
	12.8085 3.0538,
	12.814 3.05482,
	12.8167 3.0555,
	12.8275 3.05583,
	12.8384 3.0555,
	12.8411 3.0555,
	12.8628 3.05007,
	12.8845 3.04668,
	12.9279 3.04092,
	12.9387 3.03922,
	12.9604 3.03447,
	12.9713 3.0321,
	12.9767 3.03074,
	12.9794 3.03007,
	13.0011 3.02905,
	13.0445 3.02803,
	13.0662 3.02735,
	13.0716 3.02634,
	13.0771 3.02464,
	13.0798 3.02396,
	13.0906 3.01684,
	13.0933 3.01481,
	13.1042 3.00972,
	13.1096 3.00837,
	13.1205 3.00837,
	13.1232 3.00837,
	13.1286 3.01006,
	13.134 3.01278,
	13.1449 3.02091,
	13.1554 3.03142,
	13.1642 3.04227,
	13.1689 3.0477,
	13.1727 3.05312,
	13.1747 3.05583,
	13.1757 3.05651,
	13.1761 3.05787,
	13.1771 3.05922,
	13.1778 3.05956,
	13.1788 3.06228,
	13.1862 3.07313,
	13.1906 3.07855,
	13.212 3.09923,
	13.2228 3.10906,
	13.2337 3.11686,
	13.2364 3.1189,
	13.2581 3.13076,
	13.269 3.13653,
	13.2798 3.14433,
	13.2907 3.1528,
	13.3015 3.16297,
	13.3069 3.16738,
	13.3174 3.17789,
	13.3229 3.18332,
	13.3273 3.18874,
	13.3344 3.19959,
	13.3364 3.2023,
	13.3388 3.20773,
	13.3391 3.20908,
	13.3408 3.2118,
	13.3408 3.21247,
	13.3419 3.21349,
	13.3422 3.21485,
	13.3439 3.21756,
	13.3459 3.22298,
	13.3469 3.22434,
	13.3507 3.23519,
	13.3534 3.24604,
	13.3554 3.25689,
	13.3571 3.27859,
	13.3578 3.30029,
	13.3581 3.31114,
	13.3585 3.31656,
	13.3591 3.31927,
	13.3591 3.32199,
	13.3602 3.32741,
	13.3608 3.33012,
	13.3612 3.34097,
	13.3608 3.3464,
	13.3575 3.35725,
	13.3534 3.3681,
	13.3524 3.37081,
	13.3524 3.37217,
	13.348 3.38302,
	13.3412 3.40471,
	13.3364 3.41556,
	13.3307 3.42641,
	13.3273 3.43184,
	13.3232 3.43726,
	13.3124 3.44642,
	13.3015 3.45354,
	13.2961 3.45727,
	13.2852 3.46371,
	13.2744 3.46913,
	13.269 3.47218,
	13.2662 3.47354,
	13.2649 3.47388,
	13.2635 3.4749,
	13.2527 3.47829,
	13.231 3.48337,
	13.2201 3.48405,
	13.1767 3.48439,
	13.1713 3.48439,
	13.1659 3.48575,
	13.1645 3.48575,
	13.1639 3.48642,
	13.1611 3.48676,
	13.1503 3.49049,
	13.1489 3.49151,
	13.1381 3.49524,
	13.1367 3.49524,
	13.1354 3.49626,
	13.1245 3.49965,
	13.1137 3.50236,
	13.1083 3.50372,
	13.1055 3.50439,
	13.1042 3.50473,
	13.1035 3.50473,
	13.1021 3.50575,
	13.0994 3.50609,
	13.0981 3.50711,
	13.0954 3.50778,
	13.094 3.50812,
	13.0913 3.50982,
	13.0696 3.51762,
	13.0682 3.51863,
	13.0574 3.52236,
	13.056 3.5227,
	13.0554 3.5227,
	13.0547 3.52338,
	13.0438 3.52508,
	13.0425 3.52575,
	13.0316 3.52643,
	13.0289 3.52711,
	13.0235 3.52711,
	13.0126 3.52881,
	13.0072 3.52982,
	13.0045 3.5305,
	13.0031 3.53118,
	13.0004 3.53152,
	12.9896 3.53525,
	12.9869 3.53593,
	12.9855 3.53694,
	12.9747 3.53999,
	12.9692 3.54169,
	12.9665 3.54237,
	12.9652 3.54271,
	12.9638 3.54372,
	12.9421 3.5505,
	12.9313 3.55356,
	12.9286 3.5539,
	12.9231 3.55559,
	12.9123 3.55627,
	12.9014 3.55864,
	12.8797 3.55898,
	12.8689 3.56,
	12.8662 3.56,
	12.8553 3.56271,
	12.8499 3.56407,
	12.8445 3.5661,
	12.839 3.56746,
	12.8282 3.56881,
	12.8173 3.56949,
	12.8119 3.56915,
	12.8092 3.56814,
	12.8038 3.56746,
	12.7984 3.56576,
	12.7875 3.56339,
	12.7767 3.56034,
	12.774 3.55966,
	12.7726 3.55898,
	12.7509 3.55593,
	12.74 3.55423,
	12.7346 3.55322,
	12.7319 3.55152,
	12.7211 3.54881,
	12.6994 3.54135,
	12.698 3.54135,
	12.6966 3.54033,
	12.6939 3.53966,
	12.6912 3.53796,
	12.6858 3.53593,
	12.6831 3.53423,
	12.6804 3.53321,
	12.6777 3.53118,
	12.6722 3.52881,
	12.6668 3.52711,
	12.6451 3.51762,
	12.6234 3.5088,
	12.6126 3.50439,
	12.5909 3.49456,
	12.5854 3.49219,
	12.5746 3.48609,
	12.5692 3.4827,
	12.5665 3.47998,
	12.5637 3.47795,
	12.5614 3.47524,
	12.5587 3.46981,
	12.5566 3.46439,
	12.5556 3.46167,
	12.5546 3.45082,
	12.5542 3.44811,
	12.5553 3.43726,
	12.5556 3.43455,
	12.5566 3.43184,
	12.5583 3.42099,
	12.5583 3.41556,
	12.5576 3.41014,
	12.5573 3.40743,
	12.557 3.40607,
	12.5461 3.39624,
	12.5353 3.3881,
	12.5298 3.38403,
	12.5244 3.37861,
	12.5159 3.36776,
	12.5139 3.36505,
	12.4922 3.3464,
	12.4878 3.34097,
	12.4864 3.33996,
	12.4841 3.33453,
	12.4827 3.32911,
	12.4824 3.30741,
	12.4824 3.30673,
	"/>
<Contour name="Copy of d046_i16_p31" hidden="false" closed="true" simplified="true" border="1 1 0" fill="1 1 0" mode="11"
 points="12.4824 3.30639,
	12.4864 3.29554,
	12.4919 3.28469,
	12.4963 3.27927,
	12.499 3.27689,
	12.5424 3.25486,
	12.5641 3.24401,
	12.5695 3.24095,
	12.5722 3.23892,
	12.5776 3.23383,
	12.5804 3.23146,
	12.5834 3.22604,
	12.5932 3.20434,
	12.6021 3.18264,
	12.6041 3.17721,
	12.6054 3.1745,
	12.6061 3.17179,
	12.6085 3.16636,
	12.6102 3.16094,
	12.6153 3.15009,
	12.6173 3.14466,
	12.6183 3.14195,
	12.62 3.13924,
	12.6224 3.13382,
	12.6224 3.13246,
	12.6254 3.12703,
	12.6305 3.11618,
	12.6397 3.10534,
	12.6499 3.09449,
	12.6607 3.08499,
	12.6716 3.07618,
	12.6729 3.07482,
	12.6838 3.06906,
	12.6946 3.06431,
	12.7163 3.05821,
	12.7217 3.05685,
	12.7434 3.0538,
	12.7489 3.05278,
	12.7706 3.05177,
	12.7814 3.05143,
	12.8031 3.05346,
	12.8085 3.0538,
	12.814 3.05482,
	12.8167 3.0555,
	12.8275 3.05583,
	12.8384 3.0555,
	12.8411 3.0555,
	12.8628 3.05007,
	12.8845 3.04668,
	12.9279 3.04092,
	12.9387 3.03922,
	12.9604 3.03447,
	12.9713 3.0321,
	12.9767 3.03074,
	12.9794 3.03007,
	13.0011 3.02905,
	13.0445 3.02803,
	13.0662 3.02735,
	13.0716 3.02634,
	13.0771 3.02464,
	13.0798 3.02396,
	13.0906 3.01684,
	13.0933 3.01481,
	13.1042 3.00972,
	13.1096 3.00837,
	13.1205 3.00837,
	13.1232 3.00837,
	13.1286 3.01006,
	13.134 3.01278,
	13.1449 3.02091,
	13.1554 3.03142,
	13.1642 3.04227,
	13.1689 3.0477,
	13.1727 3.05312,
	13.1747 3.05583,
	13.1757 3.05651,
	13.1761 3.05787,
	13.1771 3.05922,
	13.1778 3.05956,
	13.1788 3.06228,
	13.1862 3.07313,
	13.1906 3.07855,
	13.212 3.09923,
	13.2228 3.10906,
	13.2337 3.11686,
	13.2364 3.1189,
	13.2581 3.13076,
	13.269 3.13653,
	13.2798 3.14433,
	13.2907 3.1528,
	13.3015 3.16297,
	13.3069 3.16738,
	13.3174 3.17789,
	13.3229 3.18332,
	13.3273 3.18874,
	13.3344 3.19959,
	13.3364 3.2023,
	13.3388 3.20773,
	13.3391 3.20908,
	13.3408 3.2118,
	13.3408 3.21247,
	13.3419 3.21349,
	13.3422 3.21485,
	13.3439 3.21756,
	13.3459 3.22298,
	13.3469 3.22434,
	13.3507 3.23519,
	13.3534 3.24604,
	13.3554 3.25689,
	13.3571 3.27859,
	13.3578 3.30029,
	13.3581 3.31114,
	13.3585 3.31656,
	13.3591 3.31927,
	13.3591 3.32199,
	13.3602 3.32741,
	13.3608 3.33012,
	13.3612 3.34097,
	13.3608 3.3464,
	13.3575 3.35725,
	13.3534 3.3681,
	13.3524 3.37081,
	13.3524 3.37217,
	13.348 3.38302,
	13.3412 3.40471,
	13.3364 3.41556,
	13.3307 3.42641,
	13.3273 3.43184,
	13.3232 3.43726,
	13.3124 3.44642,
	13.3015 3.45354,
	13.2961 3.45727,
	13.2852 3.46371,
	13.2744 3.46913,
	13.269 3.47218,
	13.2662 3.47354,
	13.2649 3.47388,
	13.2635 3.4749,
	13.2527 3.47829,
	13.231 3.48337,
	13.2201 3.48405,
	13.1767 3.48439,
	13.1713 3.48439,
	13.1659 3.48575,
	13.1645 3.48575,
	13.1639 3.48642,
	13.1611 3.48676,
	13.1503 3.49049,
	13.1489 3.49151,
	13.1381 3.49524,
	13.1367 3.49524,
	13.1354 3.49626,
	13.1245 3.49965,
	13.1137 3.50236,
	13.1083 3.50372,
	13.1055 3.50439,
	13.1042 3.50473,
	13.1035 3.50473,
	13.1021 3.50575,
	13.0994 3.50609,
	13.0981 3.50711,
	13.0954 3.50778,
	13.094 3.50812,
	13.0913 3.50982,
	13.0696 3.51762,
	13.0682 3.51863,
	13.0574 3.52236,
	13.056 3.5227,
	13.0554 3.5227,
	13.0547 3.52338,
	13.0438 3.52508,
	13.0425 3.52575,
	13.0316 3.52643,
	13.0289 3.52711,
	13.0235 3.52711,
	13.0126 3.52881,
	13.0072 3.52982,
	13.0045 3.5305,
	13.0031 3.53118,
	13.0004 3.53152,
	12.9896 3.53525,
	12.9869 3.53593,
	12.9855 3.53694,
	12.9747 3.53999,
	12.9692 3.54169,
	12.9665 3.54237,
	12.9652 3.54271,
	12.9638 3.54372,
	12.9421 3.5505,
	12.9313 3.55356,
	12.9286 3.5539,
	12.9231 3.55559,
	12.9123 3.55627,
	12.9014 3.55864,
	12.8797 3.55898,
	12.8689 3.56,
	12.8662 3.56,
	12.8553 3.56271,
	12.8499 3.56407,
	12.8445 3.5661,
	12.839 3.56746,
	12.8282 3.56881,
	12.8173 3.56949,
	12.8119 3.56915,
	12.8092 3.56814,
	12.8038 3.56746,
	12.7984 3.56576,
	12.7875 3.56339,
	12.7767 3.56034,
	12.774 3.55966,
	12.7726 3.55898,
	12.7509 3.55593,
	12.74 3.55423,
	12.7346 3.55322,
	12.7319 3.55152,
	12.7211 3.54881,
	12.6994 3.54135,
	12.698 3.54135,
	12.6966 3.54033,
	12.6939 3.53966,
	12.6912 3.53796,
	12.6858 3.53593,
	12.6831 3.53423,
	12.6804 3.53321,
	12.6777 3.53118,
	12.6722 3.52881,
	12.6668 3.52711,
	12.6451 3.51762,
	12.6234 3.5088,
	12.6126 3.50439,
	12.5909 3.49456,
	12.5854 3.49219,
	12.5746 3.48609,
	12.5692 3.4827,
	12.5665 3.47998,
	12.5637 3.47795,
	12.5614 3.47524,
	12.5587 3.46981,
	12.5566 3.46439,
	12.5556 3.46167,
	12.5546 3.45082,
	12.5542 3.44811,
	12.5553 3.43726,
	12.5556 3.43455,
	12.5566 3.43184,
	12.5583 3.42099,
	12.5583 3.41556,
	12.5576 3.41014,
	12.5573 3.40743,
	12.557 3.40607,
	12.5461 3.39624,
	12.5353 3.3881,
	12.5298 3.38403,
	12.5244 3.37861,
	12.5159 3.36776,
	12.5139 3.36505,
	12.4922 3.3464,
	12.4878 3.34097,
	12.4864 3.33996,
	12.4841 3.33453,
	12.4827 3.32911,
	12.4824 3.30741,
	12.4824 3.30673,
	"/>
</Transform>

<Transform dim="1"
 xcoef=" 0.157735220933463 1 0 0 0 0"
 ycoef=" 0.532728387680942 0 1 0 0 0">
<Contour name="d046_p30" hidden="false" closed="true" simplified="true" border="1 1 0" fill="1 1 0" mode="11"
 points="12.634 4.34083,
	12.637 4.33286,
	12.6413 4.32489,
	12.643 4.3209,
	12.65 4.31293,
	12.6537 4.30894,
	12.6617 4.30246,
	12.6697 4.29823,
	12.6737 4.29598,
	12.6896 4.28925,
	12.6936 4.28701,
	12.7095 4.28078,
	12.7135 4.27879,
	12.7155 4.27804,
	12.7175 4.2763,
	12.7255 4.27281,
	12.7275 4.27156,
	12.7285 4.27082,
	12.7305 4.27007,
	12.7315 4.26932,
	12.732 4.26882,
	12.734 4.26832,
	12.7419 4.2621,
	12.7499 4.25537,
	12.7539 4.25188,
	12.7551 4.24989,
	12.7556 4.24939,
	12.7556 4.24889,
	12.7619 4.24092,
	12.7659 4.23768,
	12.7698 4.23494,
	12.7778 4.2307,
	12.7818 4.22896,
	12.7898 4.22696,
	12.7918 4.22621,
	12.7997 4.22472,
	12.8017 4.22397,
	12.8177 4.22223,
	12.8257 4.22223,
	12.8296 4.22248,
	12.8336 4.22397,
	12.8356 4.22472,
	12.8436 4.22597,
	12.8595 4.23145,
	12.8675 4.23444,
	12.8755 4.23842,
	12.8795 4.24241,
	12.8815 4.2444,
	12.883 4.2464,
	12.887 4.24889,
	12.8909 4.25213,
	12.8989 4.2601,
	12.9029 4.26409,
	12.9084 4.27206,
	12.9106 4.27605,
	12.9114 4.27705,
	12.9131 4.28103,
	12.9154 4.28502,
	12.9166 4.28701,
	12.9169 4.28801,
	12.9181 4.29,
	12.9183 4.291,
	12.9231 4.29897,
	12.9273 4.30695,
	12.9291 4.31093,
	12.9301 4.31492,
	12.9303 4.31691,
	12.9311 4.31891,
	12.9311 4.32688,
	12.9311 4.33087,
	12.9306 4.33485,
	12.9281 4.34283,
	12.9266 4.34681,
	12.9263 4.3508,
	12.9271 4.36675,
	12.9271 4.37472,
	12.9266 4.38269,
	12.9266 4.38469,
	12.9256 4.38867,
	12.9241 4.39266,
	12.9233 4.39465,
	12.9228 4.39565,
	12.9188 4.39964,
	12.9149 4.40188,
	12.883 4.40512,
	12.875 4.40587,
	12.871 4.40686,
	12.869 4.40736,
	12.865 4.40761,
	12.8491 4.41035,
	12.8451 4.41135,
	12.8431 4.4121,
	12.8411 4.41235,
	12.8331 4.41534,
	12.8291 4.41658,
	12.8281 4.41708,
	12.8262 4.41733,
	12.8252 4.41783,
	12.8242 4.41783,
	12.8232 4.41833,
	12.8222 4.41833,
	12.8212 4.41882,
	12.8132 4.42007,
	12.8092 4.42057,
	12.8082 4.42057,
	12.8072 4.42107,
	12.7913 4.42281,
	12.7753 4.42356,
	12.7713 4.42406,
	12.7673 4.42406,
	12.7664 4.42406,
	12.7654 4.42456,
	12.7494 4.42431,
	12.7454 4.42406,
	12.7295 4.41808,
	12.7255 4.41658,
	12.7175 4.41434,
	12.7095 4.4126,
	12.7016 4.41135,
	12.6856 4.40736,
	12.6776 4.40512,
	12.6697 4.40088,
	12.6617 4.3954,
	12.6537 4.38942,
	12.6458 4.38145,
	12.6428 4.37746,
	12.6385 4.36949,
	12.6373 4.3655,
	12.6358 4.36351,
	12.634 4.35553,
	12.634 4.34756,
	12.634 4.34357,
	12.634 4.34158,
	12.634 4.34108,
	"/>
</Transform>

<Transform dim="0"
 xcoef=" 0 1 0 0 0 0"
 ycoef=" 0 0 1 0 0 0">
<Contour name="d046_p29" hidden="false" closed="true" simplified="true" border="1 1 0" fill="1 1 0" mode="11"
 points="11.6514 1.5831,
	11.6533 1.57932,
	11.6566 1.57602,
	11.6604 1.57366,
	11.6642 1.57319,
	11.6717 1.5746,
	11.6736 1.57508,
	11.6811 1.58074,
	11.6868 1.58829,
	11.7 1.6034,
	11.7071 1.61095,
	11.7222 1.62416,
	11.726 1.627,
	11.7562 1.64352,
	11.7864 1.66145,
	11.8015 1.67137,
	11.8091 1.67656,
	11.8128 1.67892,
	11.8261 1.69402,
	11.8294 1.6978,
	11.8322 1.70535,
	11.8336 1.70913,
	11.8341 1.7129,
	11.8327 1.72801,
	11.8261 1.74311,
	11.8232 1.75066,
	11.8194 1.75821,
	11.8171 1.76199,
	11.8105 1.76954,
	11.8072 1.77332,
	11.7996 1.77757,
	11.7958 1.77804,
	11.7807 1.77709,
	11.777 1.77615,
	11.7699 1.76907,
	11.7661 1.76529,
	11.7619 1.75019,
	11.7628 1.74264,
	11.7619 1.73509,
	11.76 1.72753,
	11.7519 1.71243,
	11.7472 1.70488,
	11.7241 1.67467,
	11.718 1.66712,
	11.7128 1.65956,
	11.7057 1.65201,
	11.6939 1.63691,
	11.6878 1.62936,
	11.6575 1.59962,
	11.6557 1.59773,
	11.6533 1.59396,
	11.6519 1.59018,
	11.6514 1.5864,
	11.6514 1.58452,
	11.6514 1.58357,
	"/>
</Transform>

<Transform dim="0"
 xcoef=" 0 1 0 0 0 0"
 ycoef=" 0 0 1 0 0 0">
<Contour name="d046_p31" hidden="false" closed="true" simplified="true" border="1 1 0" fill="1 1 0" mode="11"
 points="13.9811 2.02811,
	13.984 2.02023,
	13.985 2.01629,
	14.0008 2.00151,
	14.0037 1.99856,
	14.0057 1.99856,
	14.0175 1.98477,
	14.0283 1.96901,
	14.0323 1.96605,
	14.0342 1.96211,
	14.0382 1.95817,
	14.0461 1.95325,
	14.0589 1.94044,
	14.0608 1.94044,
	14.0638 1.93749,
	14.0638 1.93552,
	14.0786 1.92074,
	14.0855 1.91286,
	14.0904 1.90498,
	14.0933 1.90104,
	14.0953 1.89907,
	14.0953 1.8971,
	14.0973 1.89513,
	14.0983 1.89119,
	14.1002 1.88922,
	14.1111 1.8577,
	14.114 1.84982,
	14.115 1.84194,
	14.116 1.838,
	14.116 1.83603,
	14.118 1.83406,
	14.1219 1.8183,
	14.1249 1.78679,
	14.1318 1.75527,
	14.1347 1.74739,
	14.1357 1.74345,
	14.1387 1.73951,
	14.1396 1.73557,
	14.1505 1.71981,
	14.1613 1.70602,
	14.1613 1.70405,
	14.1712 1.68829,
	14.1721 1.68435,
	14.1741 1.68238,
	14.1741 1.68041,
	14.179 1.67253,
	14.18 1.66859,
	14.183 1.66465,
	14.1859 1.65677,
	14.1879 1.65283,
	14.1879 1.65086,
	14.1909 1.64692,
	14.1909 1.64495,
	14.1928 1.64298,
	14.1938 1.63904,
	14.1958 1.63707,
	14.1958 1.6351,
	14.1978 1.63313,
	14.1978 1.63116,
	14.2046 1.62328,
	14.2096 1.6154,
	14.2155 1.61047,
	14.2234 1.60555,
	14.2391 1.60062,
	14.247 1.60062,
	14.2549 1.60259,
	14.2588 1.60259,
	14.2608 1.60456,
	14.2647 1.60555,
	14.2687 1.6085,
	14.2766 1.61146,
	14.2834 1.61638,
	14.2844 1.61835,
	14.2864 1.61835,
	14.314 1.64692,
	14.3278 1.66071,
	14.3416 1.67253,
	14.3475 1.67942,
	14.3622 1.69223,
	14.3682 1.69814,
	14.3751 1.70602,
	14.3898 1.71882,
	14.3957 1.7267,
	14.3987 1.72966,
	14.4007 1.73064,
	14.4007 1.73261,
	14.4204 1.76118,
	14.4223 1.76512,
	14.4243 1.76709,
	14.4243 1.76906,
	14.4273 1.773,
	14.4273 1.77497,
	14.4292 1.77694,
	14.4292 1.77891,
	14.4381 1.79467,
	14.444 1.81042,
	14.446 1.81436,
	14.446 1.8183,
	14.4479 1.82224,
	14.4489 1.838,
	14.4479 1.84588,
	14.445 1.85376,
	14.444 1.8577,
	14.4391 1.8646,
	14.4361 1.86755,
	14.4341 1.86854,
	14.4341 1.87051,
	14.4046 1.89612,
	14.3997 1.90203,
	14.3928 1.90695,
	14.3908 1.90892,
	14.3888 1.90892,
	14.3849 1.91188,
	14.3839 1.91385,
	14.3819 1.91385,
	14.379 1.9168,
	14.378 1.91877,
	14.376 1.91877,
	14.3682 1.92468,
	14.3524 1.93256,
	14.3485 1.93453,
	14.3465 1.93453,
	14.3425 1.93749,
	14.3406 1.93749,
	14.3248 1.94734,
	14.2933 1.96211,
	14.2854 1.96507,
	14.2815 1.96704,
	14.2775 1.96704,
	14.2697 1.96999,
	14.2677 1.97196,
	14.2519 1.97787,
	14.248 1.97984,
	14.244 1.97984,
	14.2362 1.9828,
	14.2046 1.98772,
	14.1731 1.99757,
	14.1692 1.99954,
	14.1672 2.00151,
	14.1593 2.00447,
	14.1574 2.00447,
	14.1554 2.00644,
	14.1475 2.00939,
	14.1455 2.00939,
	14.1436 2.01136,
	14.1416 2.01136,
	14.1337 2.01629,
	14.1258 2.01924,
	14.1219 2.0222,
	14.1061 2.02811,
	14.1042 2.03008,
	14.0727 2.0419,
	14.0411 2.05175,
	14.0372 2.05372,
	14.0057 2.05273,
	13.9978 2.04978,
	13.9899 2.04485,
	13.983 2.03796,
	13.9811 2.03599,
	13.9811 2.02909,
	"/>
</Transform>

<Transform dim="1"
 xcoef=" 10.7877352209335 1 0 0 0 0"
 ycoef=" 11.2627283876809 0 1 0 0 0">
<Image mag="0.00201646" contrast="1.27628" brightness="-0.4" red="true" green="true" blue="true"
 src="139.tif_1.bmp" />
<Contour name="domain1" hidden="false" closed="true" simplified="false" border="1 0 1" fill="1 0 1" mode="11"
 points="0 0,
	16383 0,
	16383 16383,
	0 16383,
	"/>
</Transform>

<Transform dim="0"
 xcoef=" 0 1 0 0 0 0"
 ycoef=" 0 0 1 0 0 0">
<Contour name="d046_c31a" hidden="false" closed="true" simplified="true" border="1 0 0" fill="1 0 0" mode="11"
 points="14.2649 1.69558,
	14.2749 1.66662,
	14.2803 1.65215,
	14.283 1.64491,
	14.2912 1.63043,
	14.2957 1.62319,
	14.2984 1.61957,
	14.3273 1.60238,
	14.3346 1.59876,
	14.3364 1.59786,
	14.3509 1.60238,
	14.3581 1.60419,
	14.3617 1.6051,
	14.3907 1.63224,
	14.4169 1.66119,
	14.4305 1.67567,
	14.4441 1.70462,
	14.4513 1.7191,
	14.4468 1.74805,
	14.4459 1.75167,
	14.4459 1.75348,
	14.388 1.77791,
	14.359 1.77429,
	14.3445 1.76977,
	14.2866 1.73629,
	14.2713 1.70824,
	14.2676 1.701,
	14.2658 1.69739,
	14.2649 1.69648,
	"/>
</Transform>

<Transform dim="0"
 xcoef=" 0 1 0 0 0 0"
 ycoef=" 0 0 1 0 0 0">
<Contour name="d046_cfa31a" hidden="false" closed="false" simplified="false" border="0 1 0" fill="0 1 0" mode="11"
 points="14.2785 1.63516,
	14.4025 1.76907,
	"/>
</Transform>

</Section>