<?xml version="1.0"?>
<!DOCTYPE Section SYSTEM "section.dtd">

<Section index="23" thickness="0.052" alignLocked="true">
<Transform dim="3"
 xcoef=" 0.452998295615622 1.25456401399526 0 0 0 0"
 ycoef=" 0.56661858982943 0 1.25456401399526 0 0 0">
<Contour name="D019" hidden="false" closed="true" simplified="true" border="0 0 1" fill="0 0 1" mode="13"
 points="9.74683 5.86734,
	9.74912 5.82522,
	9.75592 5.78419,
	9.76706 5.74531,
	9.78224 5.70959,
	9.80109 5.67796,
	9.8231 5.65124,
	9.84771 5.63011,
	9.87427 5.61512,
	9.90212 5.60667,
	9.93051 5.60497,
	9.95872 5.61006,
	9.98601 5.62182,
	10.0117 5.63993,
	10.0351 5.66394,
	10.0556 5.69321,
	10.0726 5.727,
	10.0858 5.76442,
	10.0948 5.8045,
	10.0994 5.84621,
	10.0994 5.88847,
	10.0948 5.93018,
	10.0858 5.97027,
	10.0726 6.00769,
	10.0556 6.04147,
	10.0351 6.07074,
	10.0117 6.09475,
	9.98601 6.11287,
	9.95872 6.12462,
	9.93051 6.12972,
	9.90212 6.12802,
	9.87427 6.11956,
	9.84771 6.10458,
	9.8231 6.08345,
	9.80109 6.05672,
	9.78224 6.02509,
	9.76706 5.98937,
	9.75592 5.9505,
	"/>
</Transform>

<Transform dim="3"
 xcoef=" 0.452998295615622 1.25456401399526 0 0 0 0"
 ycoef=" 0.56661858982943 0 1.25456401399526 0 0 0">
<Contour name="D020" hidden="false" closed="true" simplified="true" border="0 0 1" fill="0 0 1" mode="13"
 points="13.6433 8.87401,
	13.6459 8.84594,
	13.6536 8.81883,
	13.6662 8.79361,
	13.6832 8.77111,
	13.704 8.75213,
	13.728 8.73729,
	13.7542 8.72711,
	13.7819 8.72193,
	13.8101 8.72193,
	13.8378 8.72711,
	13.8641 8.73729,
	13.8881 8.75213,
	13.9089 8.77111,
	13.9259 8.79361,
	13.9384 8.81883,
	13.9462 8.84594,
	13.9488 8.87401,
	13.9462 8.90207,
	13.9384 8.92918,
	13.9259 8.95441,
	13.9089 8.9769,
	13.8881 8.99588,
	13.8641 9.01072,
	13.8378 9.0209,
	13.8101 9.02608,
	13.7819 9.02608,
	13.7542 9.0209,
	13.728 9.01072,
	13.704 8.99588,
	13.6832 8.9769,
	13.6662 8.95441,
	13.6536 8.92918,
	13.6459 8.90207,
	"/>
</Transform>

<Transform dim="3"
 xcoef=" 0.452998295615622 1.25456401399526 0 0 0 0"
 ycoef=" 0.56661858982943 0 1.25456401399526 0 0 0">
<Contour name="D021" hidden="false" closed="true" simplified="true" border="0 0 1" fill="0 0 1" mode="13"
 points="8.17406 7.61608,
	8.17583 7.57342,
	8.18114 7.53157,
	8.18986 7.49133,
	8.20183 7.45347,
	8.21684 7.4187,
	8.23458 7.38769,
	8.25473 7.36102,
	8.2769 7.33922,
	8.30067 7.32268,
	8.32558 7.31173,
	8.35116 7.30658,
	8.37693 7.30732,
	8.40239 7.31393,
	8.42706 7.3263,
	8.45047 7.34419,
	8.47217 7.36725,
	8.49175 7.39505,
	8.50884 7.42706,
	8.52312 7.46267,
	8.5343 7.5012,
	8.54218 7.54191,
	8.5466 7.58404,
	8.54749 7.62678,
	8.54483 7.66931,
	8.53866 7.71084,
	8.52911 7.75055,
	8.51635 7.78771,
	8.50063 7.8216,
	8.48225 7.85157,
	8.46156 7.87707,
	8.43895 7.89759,
	8.41485 7.91276,
	8.38973 7.92227,
	8.36405 7.92596,
	8.33832 7.92374,
	8.31301 7.91567,
	8.28861 7.9019,
	8.26559 7.88268,
	8.24438 7.85839,
	8.22539 7.82948,
	8.20897 7.79651,
	8.19545 7.76011,
	8.18508 7.72096,
	8.17805 7.67982,
	"/>
</Transform>

<Transform dim="3"
 xcoef=" 0.452998295615622 1.25456401399526 0 0 0 0"
 ycoef=" 0.56661858982943 0 1.25456401399526 0 0 0">
<Contour name="D022" hidden="false" closed="true" simplified="true" border="0 0 1" fill="0 0 1" mode="13"
 points="18.5016 9.03893,
	18.5036 9.01013,
	18.5095 8.98172,
	18.5193 8.95412,
	18.5328 8.92771,
	18.5498 8.90286,
	18.5701 8.87992,
	18.5935 8.85921,
	18.6195 8.84103,
	18.6478 8.82562,
	18.678 8.81321,
	18.7097 8.80397,
	18.7425 8.79802,
	18.7759 8.79546,
	18.8093 8.79632,
	18.8425 8.80058,
	18.8748 8.80818,
	18.9058 8.81903,
	18.9351 8.83296,
	18.9623 8.84979,
	18.987 8.86927,
	19.0089 8.89113,
	19.0276 8.91507,
	19.0429 8.94074,
	19.0546 8.9678,
	19.0624 8.99585,
	19.0664 9.0245,
	19.0664 9.05336,
	19.0624 9.08202,
	19.0546 9.11007,
	19.0429 9.13713,
	19.0276 9.1628,
	19.0089 9.18674,
	18.987 9.2086,
	18.9623 9.22808,
	18.9351 9.24491,
	18.9058 9.25884,
	18.8748 9.26969,
	18.8425 9.27729,
	18.8093 9.28155,
	18.7759 9.28241,
	18.7425 9.27985,
	18.7097 9.2739,
	18.678 9.26466,
	18.6478 9.25225,
	18.6195 9.23684,
	18.5935 9.21866,
	18.5701 9.19795,
	18.5498 9.17501,
	18.5328 9.15016,
	18.5193 9.12375,
	18.5095 9.09615,
	18.5036 9.06774,
	"/>
</Transform>

<Transform dim="3"
 xcoef=" 0.452998295615622 1.25456401399526 0 0 0 0"
 ycoef=" 0.56661858982943 0 1.25456401399526 0 0 0">
<Contour name="D023" hidden="false" closed="true" simplified="true" border="0 0 1" fill="0 0 1" mode="13"
 points="10.1345 6.40557,
	10.1351 6.38201,
	10.1369 6.35857,
	10.1399 6.33535,
	10.1441 6.31247,
	10.1494 6.29003,
	10.1559 6.26814,
	10.1634 6.2469,
	10.1721 6.22642,
	10.1817 6.2068,
	10.1923 6.18812,
	10.2039 6.17048,
	10.2163 6.15396,
	10.2296 6.13864,
	10.2436 6.12459,
	10.2583 6.11187,
	10.2736 6.10056,
	10.2894 6.0907,
	10.3057 6.08235,
	10.3224 6.07553,
	10.3394 6.07029,
	10.3566 6.06664,
	10.374 6.06461,
	10.3914 6.0642,
	10.4089 6.06542,
	10.4262 6.06826,
	10.4433 6.07271,
	10.4601 6.07874,
	10.4767 6.08634,
	10.4927 6.09545,
	10.5083 6.10604,
	10.5233 6.11806,
	10.5377 6.13145,
	10.5513 6.14614,
	10.5641 6.16207,
	10.5761 6.17916,
	10.5873 6.19734,
	10.5974 6.2165,
	10.6066 6.23656,
	10.6147 6.25743,
	10.6217 6.27901,
	10.6276 6.30118,
	10.6323 6.32386,
	10.6359 6.34692,
	10.6383 6.37027,
	10.6395 6.39378,
	10.6395 6.41735,
	10.6383 6.44086,
	10.6359 6.46421,
	10.6323 6.48727,
	10.6276 6.50995,
	10.6217 6.53213,
	10.6147 6.5537,
	10.6066 6.57457,
	10.5974 6.59463,
	10.5873 6.6138,
	10.5761 6.63197,
	10.5641 6.64906,
	10.5513 6.66499,
	10.5377 6.67968,
	10.5233 6.69307,
	10.5083 6.70509,
	10.4927 6.71568,
	10.4767 6.7248,
	10.4601 6.73239,
	10.4433 6.73842,
	10.4262 6.74287,
	10.4089 6.74571,
	10.3914 6.74693,
	10.374 6.74652,
	10.3566 6.74449,
	10.3394 6.74085,
	10.3224 6.7356,
	10.3057 6.72878,
	10.2894 6.72043,
	10.2736 6.71057,
	10.2583 6.69926,
	10.2436 6.68655,
	10.2296 6.6725,
	10.2163 6.65717,
	10.2039 6.64065,
	10.1923 6.62301,
	10.1817 6.60433,
	10.1721 6.58471,
	10.1634 6.56423,
	10.1559 6.543,
	10.1494 6.52111,
	10.1441 6.49867,
	10.1399 6.47578,
	10.1369 6.45256,
	"/>
</Transform>

<Transform dim="3"
 xcoef=" 0.452998295615622 1.25456401399526 0 0 0 0"
 ycoef=" 0.56661858982943 0 1.25456401399526 0 0 0">
<Contour name="D025" hidden="false" closed="true" simplified="true" border="0 0 1" fill="0 0 1" mode="13"
 points="5.73078 5.58012,
	5.73304 5.54662,
	5.73979 5.51399,
	5.75084 5.48308,
	5.7659 5.45468,
	5.78459 5.42952,
	5.80642 5.40827,
	5.83083 5.39147,
	5.85718 5.37955,
	5.8848 5.37283,
	5.91296 5.37148,
	5.94094 5.37553,
	5.96801 5.38488,
	5.99347 5.39928,
	6.01667 5.41837,
	6.037 5.44165,
	6.05393 5.46852,
	6.06702 5.49827,
	6.07595 5.53015,
	6.08047 5.56332,
	6.08047 5.59692,
	6.07595 5.63009,
	6.06702 5.66196,
	6.05393 5.69172,
	6.037 5.71858,
	6.01667 5.74186,
	5.99347 5.76095,
	5.96801 5.77536,
	5.94094 5.78471,
	5.91296 5.78876,
	5.8848 5.78741,
	5.85718 5.78068,
	5.83083 5.76877,
	5.80642 5.75197,
	5.78459 5.73071,
	5.7659 5.70556,
	5.75084 5.67716,
	5.73979 5.64624,
	"/>
</Transform>

<Transform dim="3"
 xcoef=" 0.452998295615622 1.25456401399526 0 0 0 0"
 ycoef=" 0.56661858982943 0 1.25456401399526 0 0 0">
<Contour name="D026_edge" hidden="false" closed="true" simplified="true" border="0 0 1" fill="0 0 1" mode="13"
 points="0.837757 5.86865,
	0.841364 5.82598,
	0.852109 5.78418,
	0.869776 5.7441,
	0.894003 5.70656,
	0.924298 5.67232,
	0.960043 5.64207,
	1.00051 5.61644,
	1.04488 5.59594,
	1.09225 5.58099,
	1.14164 5.5719,
	1.19207 5.56885,
	1.24249 5.5719,
	1.29189 5.58099,
	1.33925 5.59594,
	1.38362 5.61644,
	1.42409 5.64207,
	1.45984 5.67232,
	1.49013 5.70656,
	1.51436 5.7441,
	1.53202 5.78418,
	1.54277 5.82598,
	1.54638 5.86865,
	1.54277 5.91131,
	1.53202 5.95311,
	1.51436 5.99319,
	1.49013 6.03073,
	1.45984 6.06497,
	1.42409 6.09522,
	1.38362 6.12085,
	1.33925 6.14135,
	1.29189 6.1563,
	1.24249 6.16539,
	1.19207 6.16845,
	1.14164 6.16539,
	1.09225 6.1563,
	1.04488 6.14135,
	1.00051 6.12085,
	0.960043 6.09522,
	0.924298 6.06497,
	0.894003 6.03073,
	0.869776 5.99319,
	0.852109 5.95311,
	0.841364 5.91131,
	"/>
</Transform>

<Transform dim="3"
 xcoef=" 0.452998295615622 1.25456401399526 0 0 0 0"
 ycoef=" 0.56661858982943 0 1.25456401399526 0 0 0">
<Contour name="D028" hidden="false" closed="true" simplified="true" border="0 0 1" fill="0 0 1" mode="13"
 points="12.9748 10.0509,
	12.9778 10.0315,
	12.9868 10.0128,
	13.0014 9.99538,
	13.0211 9.97993,
	13.0452 9.96698,
	13.0729 9.95697,
	13.1033 9.95025,
	13.1351 9.94706,
	13.1674 9.94752,
	13.199 9.9516,
	13.2288 9.95917,
	13.2557 9.96996,
	13.2788 9.98358,
	13.2973 9.99956,
	13.3105 10.0174,
	13.318 10.0363,
	13.3195 10.0558,
	13.315 10.0751,
	13.3046 10.0936,
	13.2887 10.1105,
	13.2678 10.1254,
	13.2426 10.1376,
	13.2142 10.1469,
	13.1834 10.1527,
	13.1513 10.155,
	13.1191 10.1536,
	13.0878 10.1486,
	13.0587 10.1402,
	13.0326 10.1287,
	13.0106 10.1144,
	12.9934 10.098,
	12.9816 10.0798,
	"/>
</Transform>

<Transform dim="3"
 xcoef=" 0.452998295615622 1.25456401399526 0 0 0 0"
 ycoef=" 0.56661858982943 0 1.25456401399526 0 0 0">
<Contour name="D029_edge" hidden="false" closed="true" simplified="true" border="0 0 1" fill="0 0 1" mode="13"
 points="11.0924 12.7443,
	11.098 12.719,
	11.1148 12.6946,
	11.1419 12.672,
	11.1786 12.652,
	11.2234 12.6354,
	11.2748 12.6227,
	11.3308 12.6143,
	11.3896 12.6107,
	11.4488 12.6119,
	11.5065 12.6179,
	11.5604 12.6285,
	11.6087 12.6432,
	11.6497 12.6616,
	11.6817 12.683,
	11.7038 12.7066,
	11.715 12.7316,
	11.715 12.757,
	11.7038 12.782,
	11.6817 12.8056,
	11.6497 12.8269,
	11.6087 12.8453,
	11.5604 12.8601,
	11.5065 12.8707,
	11.4488 12.8766,
	11.3896 12.8779,
	11.3308 12.8742,
	11.2748 12.8659,
	11.2234 12.8532,
	11.1786 12.8366,
	11.1419 12.8166,
	11.1148 12.794,
	"/>
</Transform>

<Transform dim="3"
 xcoef=" 0.452998295615622 1.25456401399526 0 0 0 0"
 ycoef=" 0.56661858982943 0 1.25456401399526 0 0 0">
<Contour name="D030" hidden="false" closed="true" simplified="true" border="0 0 1" fill="0 0 1" mode="13"
 points="10.7865 4.75038,
	10.7875 4.72707,
	10.7904 4.70405,
	10.7953 4.68159,
	10.802 4.65996,
	10.8105 4.63944,
	10.8207 4.62026,
	10.8324 4.60265,
	10.8455 4.58685,
	10.8599 4.57302,
	10.8754 4.56135,
	10.8918 4.55198,
	10.9088 4.54501,
	10.9263 4.54053,
	10.9441 4.53861,
	10.962 4.53925,
	10.9797 4.54246,
	10.997 4.54819,
	11.0137 4.55637,
	11.0296 4.56691,
	11.0446 4.57967,
	11.0584 4.59451,
	11.0708 4.61124,
	11.0818 4.62966,
	11.0911 4.64955,
	11.0988 4.67066,
	11.1046 4.69273,
	11.1085 4.71551,
	11.1104 4.73871,
	11.1104 4.76205,
	11.1085 4.78525,
	11.1046 4.80802,
	11.0988 4.8301,
	11.0911 4.85121,
	11.0818 4.87109,
	11.0708 4.88951,
	11.0584 4.90624,
	11.0446 4.92108,
	11.0296 4.93384,
	11.0137 4.94438,
	10.997 4.95257,
	10.9797 4.9583,
	10.962 4.9615,
	10.9441 4.96215,
	10.9263 4.96022,
	10.9088 4.95574,
	10.8918 4.94878,
	10.8754 4.9394,
	10.8599 4.92773,
	10.8455 4.91391,
	10.8324 4.8981,
	10.8207 4.8805,
	10.8105 4.86132,
	10.802 4.84079,
	10.7953 4.81916,
	10.7904 4.7967,
	"/>
</Transform>

<Transform dim="3"
 xcoef=" 0.452998295615622 1.25456401399526 0 0 0 0"
 ycoef=" 0.56661858982943 0 1.25456401399526 0 0 0">
<Contour name="D031" hidden="false" closed="true" simplified="true" border="0 0 1" fill="0 0 1" mode="13"
 points="12.0648 7.38786,
	12.0673 7.36406,
	12.0745 7.34181,
	12.0861 7.32258,
	12.1011 7.30761,
	12.1188 7.2979,
	12.1378 7.29407,
	12.157 7.29637,
	12.1751 7.30466,
	12.1909 7.31839,
	12.2034 7.33667,
	12.2117 7.35829,
	12.2154 7.38185,
	12.2142 7.4058,
	12.2081 7.42857,
	12.1976 7.44869,
	12.1833 7.46482,
	12.1662 7.47592,
	12.1474 7.48126,
	12.1282 7.48049,
	12.1097 7.47367,
	12.0932 7.46122,
	12.0798 7.44398,
	12.0703 7.42307,
	"/>
</Transform>

<Transform dim="3"
 xcoef=" 0.452998295615622 1.25456401399526 0 0 0 0"
 ycoef=" 0.56661858982943 0 1.25456401399526 0 0 0">
<Contour name="D032" hidden="false" closed="true" simplified="true" border="0 0 1" fill="0 0 1" mode="13"
 points="6.82924 6.67482,
	6.83056 6.65541,
	6.83449 6.63616,
	6.841 6.61723,
	6.85005 6.59875,
	6.86155 6.58089,
	6.87543 6.56378,
	6.89156 6.54757,
	6.90981 6.53239,
	6.93004 6.51835,
	6.95209 6.50556,
	6.97577 6.49415,
	7.00091 6.48418,
	7.02728 6.47576,
	7.05469 6.46893,
	7.08291 6.46376,
	7.11172 6.46029,
	7.14088 6.45855,
	7.17015 6.45855,
	7.19931 6.46029,
	7.22812 6.46376,
	7.25634 6.46893,
	7.28375 6.47576,
	7.31013 6.48418,
	7.33526 6.49415,
	7.35894 6.50556,
	7.38099 6.51835,
	7.40122 6.53239,
	7.41948 6.54757,
	7.4356 6.56378,
	7.44948 6.58089,
	7.46098 6.59875,
	7.47003 6.61723,
	7.47654 6.63616,
	7.48047 6.65541,
	7.48179 6.67482,
	7.48047 6.69422,
	7.47654 6.71347,
	7.47003 6.73241,
	7.46098 6.75089,
	7.44948 6.76875,
	7.4356 6.78585,
	7.41948 6.80207,
	7.40122 6.81725,
	7.38099 6.83129,
	7.35894 6.84407,
	7.33526 6.85549,
	7.31013 6.86545,
	7.28375 6.87388,
	7.25634 6.88071,
	7.22812 6.88588,
	7.19931 6.88934,
	7.17015 6.89109,
	7.14088 6.89109,
	7.11172 6.88934,
	7.08291 6.88588,
	7.05469 6.88071,
	7.02728 6.87388,
	7.00091 6.86545,
	6.97577 6.85549,
	6.95209 6.84407,
	6.93004 6.83129,
	6.90981 6.81725,
	6.89156 6.80207,
	6.87543 6.78585,
	6.86155 6.76875,
	6.85005 6.75089,
	6.841 6.73241,
	6.83449 6.71347,
	"/>
</Transform>

<Transform dim="3"
 xcoef=" 0.452998295615622 1.25456401399526 0 0 0 0"
 ycoef=" 0.56661858982943 0 1.25456401399526 0 0 0">
<Contour name="D033" hidden="false" closed="true" simplified="true" border="0 0 1" fill="0 0 1" mode="13"
 points="14.288 4.39607,
	14.291 4.36354,
	14.2996 4.33419,
	14.3131 4.3109,
	14.33 4.29595,
	14.3487 4.2908,
	14.3675 4.29595,
	14.3844 4.3109,
	14.3978 4.33419,
	14.4064 4.36354,
	14.4094 4.39607,
	14.4064 4.4286,
	14.3978 4.45794,
	14.3844 4.48123,
	14.3675 4.49618,
	14.3487 4.50134,
	14.33 4.49618,
	14.3131 4.48123,
	14.2996 4.45794,
	"/>
</Transform>

<Transform dim="3"
 xcoef=" 0.452998295615622 1.25456401399526 0 0 0 0"
 ycoef=" 0.56661858982943 0 1.25456401399526 0 0 0">
<Contour name="D034" hidden="false" closed="true" simplified="true" border="0 0 1" fill="0 0 1" mode="13"
 points="10.7232 3.0839,
	10.7237 3.06774,
	10.7255 3.05163,
	10.7284 3.03564,
	10.7325 3.0198,
	10.7376 3.00419,
	10.744 2.98884,
	10.7514 2.97382,
	10.7598 2.95917,
	10.7694 2.94494,
	10.7799 2.93118,
	10.7914 2.91793,
	10.8038 2.90525,
	10.8172 2.89318,
	10.8313 2.88175,
	10.8463 2.871,
	10.8621 2.86097,
	10.8785 2.8517,
	10.8956 2.84321,
	10.9132 2.83554,
	10.9314 2.82871,
	10.95 2.82274,
	10.9691 2.81765,
	10.9885 2.81347,
	11.0081 2.8102,
	11.028 2.80786,
	11.0479 2.80645,
	11.068 2.80598,
	11.088 2.80645,
	11.108 2.80786,
	11.1279 2.8102,
	11.1475 2.81347,
	11.1669 2.81765,
	11.1859 2.82274,
	11.2046 2.82871,
	11.2227 2.83554,
	11.2404 2.84321,
	11.2575 2.8517,
	11.2739 2.86097,
	11.2896 2.871,
	11.3046 2.88175,
	11.3188 2.89318,
	11.3321 2.90525,
	11.3446 2.91793,
	11.3561 2.93118,
	11.3666 2.94494,
	11.3761 2.95917,
	11.3846 2.97382,
	11.392 2.98884,
	11.3983 3.00419,
	11.4035 3.0198,
	11.4076 3.03564,
	11.4105 3.05163,
	11.4122 3.06774,
	11.4128 3.0839,
	11.4122 3.10006,
	11.4105 3.11616,
	11.4076 3.13216,
	11.4035 3.14799,
	11.3983 3.1636,
	11.392 3.17895,
	11.3846 3.19398,
	11.3761 3.20863,
	11.3666 3.22286,
	11.3561 3.23662,
	11.3446 3.24986,
	11.3321 3.26254,
	11.3188 3.27462,
	11.3046 3.28605,
	11.2896 3.2968,
	11.2739 3.30682,
	11.2575 3.3161,
	11.2404 3.32458,
	11.2227 3.33225,
	11.2046 3.33909,
	11.1859 3.34506,
	11.1669 3.35014,
	11.1475 3.35432,
	11.1279 3.35759,
	11.108 3.35994,
	11.088 3.36135,
	11.068 3.36182,
	11.0479 3.36135,
	11.028 3.35994,
	11.0081 3.35759,
	10.9885 3.35432,
	10.9691 3.35014,
	10.95 3.34506,
	10.9314 3.33909,
	10.9132 3.33225,
	10.8956 3.32458,
	10.8785 3.3161,
	10.8621 3.30682,
	10.8463 3.2968,
	10.8313 3.28605,
	10.8172 3.27462,
	10.8038 3.26254,
	10.7914 3.24986,
	10.7799 3.23662,
	10.7694 3.22286,
	10.7598 3.20863,
	10.7514 3.19398,
	10.744 3.17895,
	10.7376 3.1636,
	10.7325 3.14799,
	10.7284 3.13216,
	10.7255 3.11616,
	10.7237 3.10006,
	"/>
</Transform>

<Transform dim="3"
 xcoef=" 0.452998295615622 1.25456401399526 0 0 0 0"
 ycoef=" 0.56661858982943 0 1.25456401399526 0 0 0">
<Contour name="D035" hidden="false" closed="true" simplified="true" border="0 0 1" fill="0 0 1" mode="13"
 points="7.51254 4.23078,
	7.5138 4.202,
	7.51756 4.17354,
	7.52377 4.14572,
	7.53238 4.11885,
	7.54327 4.09322,
	7.55634 4.06912,
	7.57143 4.04683,
	7.58839 4.02659,
	7.60701 4.00862,
	7.62709 3.99312,
	7.64841 3.98028,
	7.67073 3.97022,
	7.6938 3.96307,
	7.71737 3.9589,
	7.74117 3.95776,
	7.76493 3.95966,
	7.7884 3.96458,
	7.81131 3.97247,
	7.8334 3.98323,
	7.85444 3.99675,
	7.87417 4.01288,
	7.8924 4.03144,
	7.9089 4.05222,
	7.9235 4.07499,
	7.93604 4.09949,
	7.94637 4.12546,
	7.95439 4.1526,
	7.95999 4.18061,
	7.96313 4.20918,
	7.96376 4.23799,
	7.96187 4.26672,
	7.9575 4.29505,
	7.95068 4.32267,
	7.94149 4.34926,
	7.93004 4.37453,
	7.91645 4.3982,
	7.90087 4.42,
	7.88349 4.4397,
	7.86448 4.45706,
	7.84407 4.47191,
	7.82247 4.48407,
	7.79994 4.49341,
	7.77672 4.49983,
	7.75307 4.50324,
	7.72926 4.50362,
	7.70554 4.50096,
	7.68219 4.49529,
	7.65946 4.48668,
	7.63761 4.47521,
	7.61688 4.46102,
	7.5975 4.44426,
	7.57969 4.42513,
	7.56364 4.40383,
	7.54954 4.38061,
	7.53754 4.35571,
	7.52778 4.32942,
	7.52036 4.30203,
	7.51537 4.27385,
	"/>
</Transform>

<Transform dim="3"
 xcoef=" 0.452998295615622 1.25456401399526 0 0 0 0"
 ycoef=" 0.56661858982943 0 1.25456401399526 0 0 0">
<Contour name="D036" hidden="false" closed="true" simplified="true" border="0 0 1" fill="0 0 1" mode="13"
 points="17.993 6.01518,
	17.995 5.98329,
	18.001 5.95193,
	18.011 5.92157,
	18.0247 5.89273,
	18.042 5.86585,
	18.0625 5.84138,
	18.086 5.8197,
	18.112 5.80117,
	18.1402 5.78609,
	18.17 5.77469,
	18.2011 5.76715,
	18.2328 5.76361,
	18.2648 5.76412,
	18.2964 5.76867,
	18.3272 5.77718,
	18.3567 5.78952,
	18.3843 5.80549,
	18.4097 5.82484,
	18.4325 5.84725,
	18.4523 5.87236,
	18.4687 5.89977,
	18.4815 5.92904,
	18.4905 5.95969,
	18.4955 5.99124,
	18.4965 6.02317,
	18.4935 6.05497,
	18.4865 6.08613,
	18.4755 6.11615,
	18.4609 6.14455,
	18.4428 6.17086,
	18.4215 6.19467,
	18.3973 6.21559,
	18.3707 6.23328,
	18.3421 6.24747,
	18.3119 6.25792,
	18.2807 6.26446,
	18.2488 6.26699,
	18.2169 6.26547,
	18.1854 6.25993,
	18.1549 6.25044,
	18.1259 6.23717,
	18.0987 6.22033,
	18.0739 6.20018,
	18.0519 6.17706,
	18.0329 6.15134,
	18.0174 6.12342,
	18.0055 6.09376,
	17.9975 6.06284,
	"/>
</Transform>

<Transform dim="3"
 xcoef=" 0.452998295615622 1.25456401399526 0 0 0 0"
 ycoef=" 0.56661858982943 0 1.25456401399526 0 0 0">
<Contour name="D037_edge" hidden="false" closed="true" simplified="true" border="0 0 1" fill="0 0 1" mode="13"
 points="19.6026 1.942,
	19.6107 1.90363,
	19.6344 1.86733,
	19.6725 1.83506,
	19.723 1.80855,
	19.7831 1.78924,
	19.8496 1.77816,
	19.9188 1.77592,
	19.9872 1.78262,
	20.0509 1.79792,
	20.1065 1.82099,
	20.1511 1.85058,
	20.1823 1.8851,
	20.1983 1.92269,
	20.1983 1.96131,
	20.1823 1.9989,
	20.1511 2.03342,
	20.1065 2.06301,
	20.0509 2.08607,
	19.9872 2.10137,
	19.9188 2.10808,
	19.8496 2.10584,
	19.7831 2.09476,
	19.723 2.07544,
	19.6725 2.04894,
	19.6344 2.01666,
	"/>
</Transform>

<Transform dim="3"
 xcoef=" 0.452998295615622 1.25456401399526 0 0 0 0"
 ycoef=" 0.56661858982943 0 1.25456401399526 0 0 0">
<Contour name="D040_edge" hidden="false" closed="true" simplified="true" border="0 0 1" fill="0 0 1" mode="13"
 points="6.6707 3.61003,
	6.67238 3.57925,
	6.67741 3.54882,
	6.68573 3.51911,
	6.69724 3.49047,
	6.7118 3.46324,
	6.72925 3.43772,
	6.74939 3.41422,
	6.77196 3.39302,
	6.79672 3.37436,
	6.82336 3.35846,
	6.85158 3.34552,
	6.88105 3.33568,
	6.91142 3.32905,
	6.94234 3.32571,
	6.97343 3.32571,
	7.00435 3.32905,
	7.03472 3.33568,
	7.06418 3.34552,
	7.09241 3.35846,
	7.11905 3.37436,
	7.14381 3.39302,
	7.16638 3.41422,
	7.18651 3.43772,
	7.20396 3.46324,
	7.21853 3.49047,
	7.23004 3.51911,
	7.23836 3.54882,
	7.24339 3.57925,
	7.24507 3.61003,
	7.24339 3.64082,
	7.23836 3.67124,
	7.23004 3.70095,
	7.21853 3.72959,
	7.20396 3.75683,
	7.18651 3.78235,
	7.16638 3.80584,
	7.14381 3.82705,
	7.11905 3.8457,
	7.09241 3.8616,
	7.06418 3.87454,
	7.03472 3.88439,
	7.00435 3.89101,
	6.97343 3.89435,
	6.94234 3.89435,
	6.91142 3.89101,
	6.88105 3.88439,
	6.85158 3.87454,
	6.82336 3.8616,
	6.79672 3.8457,
	6.77196 3.82705,
	6.74939 3.80584,
	6.72925 3.78235,
	6.7118 3.75683,
	6.69724 3.72959,
	6.68573 3.70095,
	6.67741 3.67124,
	"/>
</Transform>

<Transform dim="3"
 xcoef=" 0.452998295615622 1.25456401399526 0 0 0 0"
 ycoef=" 0.56661858982943 0 1.25456401399526 0 0 0">
<Contour name="D041_longitudinal" hidden="false" closed="true" simplified="true" border="0 0 1" fill="0 0 1" mode="13"
 points="22.8859 3.56384,
	22.888 3.53045,
	22.8943 3.49796,
	22.9045 3.46721,
	22.9185 3.43903,
	22.9358 3.41417,
	22.9559 3.39328,
	22.9784 3.37693,
	23.0027 3.36554,
	23.028 3.35943,
	23.0538 3.35875,
	23.0794 3.36351,
	23.104 3.3736,
	23.127 3.38875,
	23.1478 3.40855,
	23.1658 3.43248,
	23.1806 3.45989,
	23.1918 3.49007,
	23.1991 3.52221,
	23.2022 3.55546,
	23.2012 3.58893,
	23.196 3.62173,
	23.1867 3.65299,
	23.1737 3.68189,
	23.1572 3.70765,
	23.1377 3.72958,
	23.1157 3.74711,
	23.0918 3.75977,
	23.0667 3.76723,
	23.0409 3.76928,
	23.0153 3.76587,
	22.9904 3.75709,
	22.9669 3.74317,
	22.9455 3.72449,
	22.9267 3.70154,
	22.9111 3.67493,
	22.8989 3.64537,
	22.8907 3.61364,
	"/>
</Transform>

<Transform dim="3"
 xcoef=" 0.452998295615622 1.25456401399526 0 0 0 0"
 ycoef=" 0.56661858982943 0 1.25456401399526 0 0 0">
<Contour name="D042_edge" hidden="false" closed="true" simplified="true" border="0 0 1" fill="0 0 1" mode="13"
 points="6.72432 5.28751,
	6.73776 5.22192,
	6.77678 5.16275,
	6.83755 5.11579,
	6.91412 5.08564,
	6.999 5.07526,
	7.08388 5.08564,
	7.16046 5.11579,
	7.22122 5.16275,
	7.26024 5.22192,
	7.27368 5.28751,
	7.26024 5.3531,
	7.22122 5.41227,
	7.16046 5.45923,
	7.08388 5.48938,
	6.999 5.49977,
	6.91412 5.48938,
	6.83755 5.45923,
	6.77678 5.41227,
	"/>
</Transform>

<Transform dim="3"
 xcoef=" 0.452998295615622 1.25456401399526 0 0 0 0"
 ycoef=" 0.56661858982943 0 1.25456401399526 0 0 0">
<Contour name="D043" hidden="false" closed="true" simplified="true" border="0 0 1" fill="0 0 1" mode="13"
 points="3.36384 10.7888,
	3.36669 10.7625,
	3.37521 10.7364,
	3.38928 10.7111,
	3.40872 10.6868,
	3.43327 10.6638,
	3.46263 10.6424,
	3.49639 10.623,
	3.53413 10.6057,
	3.57536 10.5908,
	3.61952 10.5784,
	3.66606 10.5689,
	3.71436 10.5621,
	3.76379 10.5584,
	3.81371 10.5576,
	3.86346 10.5599,
	3.9124 10.5651,
	3.9599 10.5733,
	4.00532 10.5843,
	4.04809 10.5979,
	4.08763 10.614,
	4.12345 10.6324,
	4.15506 10.6529,
	4.18206 10.6751,
	4.20409 10.6988,
	4.22087 10.7237,
	4.23218 10.7494,
	4.23788 10.7756,
	4.23788 10.802,
	4.23218 10.8283,
	4.22087 10.854,
	4.20409 10.8789,
	4.18206 10.9026,
	4.15506 10.9248,
	4.12345 10.9452,
	4.08763 10.9636,
	4.04809 10.9798,
	4.00532 10.9934,
	3.9599 11.0044,
	3.9124 11.0125,
	3.86346 11.0178,
	3.81371 11.02,
	3.76379 11.0193,
	3.71436 11.0155,
	3.66606 11.0088,
	3.61952 10.9992,
	3.57536 10.9869,
	3.53413 10.972,
	3.49639 10.9547,
	3.46263 10.9353,
	3.43327 10.9139,
	3.40872 10.8909,
	3.38928 10.8666,
	3.37521 10.8412,
	"/>
</Transform>

<Transform dim="3"
 xcoef=" 0.452998295615622 1.25456401399526 0 0 0 0"
 ycoef=" 0.56661858982943 0 1.25456401399526 0 0 0">
<Contour name="D047" hidden="false" closed="true" simplified="true" border="0 0 1" fill="0 0 1" mode="13"
 points="7.86692 1.01887,
	7.8701 0.991747,
	7.87954 0.965244,
	7.89504 0.939967,
	7.91625 0.916495,
	7.94267 0.895366,
	7.9737 0.877063,
	8.00864 0.862004,
	8.04667 0.850533,
	8.08695 0.842915,
	8.12853 0.839322,
	8.17047 0.839836,
	8.21181 0.844447,
	8.25161 0.853049,
	8.28895 0.865444,
	8.32298 0.88135,
	8.35293 0.900401,
	8.3781 0.922164,
	8.39792 0.946139,
	8.41193 0.971778,
	8.41982 0.998494,
	8.42141 1.02568,
	8.41666 1.0527,
	8.40567 1.07896,
	8.38871 1.10383,
	8.36615 1.12677,
	8.33851 1.14723,
	8.30643 1.16476,
	8.27064 1.17895,
	8.23196 1.18948,
	8.19128 1.19611,
	8.14951 1.19868,
	8.10763 1.19714,
	8.06659 1.19151,
	8.02732 1.18194,
	7.99073 1.16864,
	7.95765 1.15191,
	7.92884 1.13214,
	7.90496 1.10977,
	7.88655 1.08533,
	7.87404 1.05936,
	"/>
</Transform>

<Transform dim="3"
 xcoef=" 0.452998295615622 1.25456401399526 0 0 0 0"
 ycoef=" 0.56661858982943 0 1.25456401399526 0 0 0">
<Contour name="D048" hidden="false" closed="true" simplified="true" border="0 0 1" fill="0 0 1" mode="13"
 points="16.3041 5.75479,
	16.306 5.73422,
	16.3119 5.71444,
	16.3213 5.69621,
	16.334 5.68023,
	16.3495 5.66712,
	16.3672 5.65738,
	16.3864 5.65138,
	16.4063 5.64935,
	16.4263 5.65138,
	16.4455 5.65738,
	16.4631 5.66712,
	16.4786 5.68023,
	16.4913 5.69621,
	16.5008 5.71444,
	16.5066 5.73422,
	16.5086 5.75479,
	16.5066 5.77536,
	16.5008 5.79514,
	16.4913 5.81337,
	16.4786 5.82935,
	16.4631 5.84246,
	16.4455 5.8522,
	16.4263 5.8582,
	16.4063 5.86023,
	16.3864 5.8582,
	16.3672 5.8522,
	16.3495 5.84246,
	16.334 5.82935,
	16.3213 5.81337,
	16.3119 5.79514,
	"/>
</Transform>

<Transform dim="3"
 xcoef=" 0.452998295615622 1.25456401399526 0 0 0 0"
 ycoef=" 0.56661858982943 0 1.25456401399526 0 0 0">
<Contour name="D049" hidden="false" closed="true" simplified="true" border="0 0 1" fill="0 0 1" mode="13"
 points="8.89117 10.5974,
	8.89449 10.5462,
	8.90437 10.4963,
	8.92058 10.4487,
	8.94274 10.4046,
	8.97032 10.3651,
	9.00269 10.3309,
	9.03909 10.3031,
	9.07865 10.2821,
	9.12046 10.2685,
	9.16353 10.2626,
	9.20686 10.2646,
	9.24942 10.2743,
	9.29023 10.2917,
	9.32832 10.3162,
	9.3628 10.3473,
	9.39287 10.3842,
	9.41781 10.4262,
	9.43705 10.4721,
	9.45014 10.521,
	9.45675 10.5717,
	9.45675 10.623,
	9.45014 10.6737,
	9.43705 10.7226,
	9.41781 10.7686,
	9.39287 10.8105,
	9.3628 10.8475,
	9.32832 10.8786,
	9.29023 10.9031,
	9.24942 10.9204,
	9.20686 10.9302,
	9.16353 10.9321,
	9.12046 10.9263,
	9.07865 10.9127,
	9.03909 10.8917,
	9.00269 10.8638,
	8.97032 10.8297,
	8.94274 10.7901,
	8.92058 10.746,
	8.90437 10.6985,
	8.89449 10.6485,
	"/>
</Transform>

<Transform dim="1"
 xcoef=" 0.0310802562182633 1 0 0 0 0"
 ycoef=" 0.33164581759761 0 1 0 0 0">
<Contour name="D049 ax01" hidden="false" closed="true" simplified="false" border="0 1 1" fill="0 1 1" mode="-9"
 points="7.80621 6.04967,
	7.81923 6.03665,
	7.76715 5.98458,
	7.78017 5.97156,
	7.83225 6.02363,
	7.84527 6.01062,
	7.84527 6.04967,
	"/>
</Transform>

<Transform dim="1"
 xcoef=" 0.0310802562182633 1 0 0 0 0"
 ycoef=" 0.33164581759761 0 1 0 0 0">
<Contour name="D051 edge" hidden="false" closed="true" simplified="true" border="0 0 1" fill="0 0 1" mode="13"
 points="9.70409 1.27055,
	9.70711 1.23846,
	9.71604 1.20782,
	9.73047 1.18002,
	9.74974 1.15631,
	9.773 1.13776,
	9.79918 1.12521,
	9.82711 1.11923,
	9.85552 1.12009,
	9.88312 1.12775,
	9.90868 1.14186,
	9.93103 1.16179,
	9.94917 1.18663,
	9.96227 1.21527,
	9.96975 1.2464,
	9.97126 1.27863,
	9.96674 1.31049,
	9.95639 1.34055,
	9.94068 1.36744,
	9.92032 1.38996,
	9.89623 1.40707,
	9.8695 1.41802,
	9.84133 1.4223,
	9.813 1.41973,
	9.7858 1.41041,
	9.76094 1.39478,
	9.73955 1.37352,
	9.7226 1.34762,
	9.71086 1.31823,
	"/>
</Transform>

<Transform dim="1"
 xcoef=" 0.0310802562182633 1 0 0 0 0"
 ycoef=" 0.33164581759761 0 1 0 0 0">
<Contour name="D053_edge" hidden="false" closed="true" simplified="true" border="0 0 1" fill="0 0 1" mode="13"
 points="15.6477 2.36957,
	15.6492 2.34815,
	15.6535 2.3274,
	15.6606 2.30796,
	15.6703 2.29045,
	15.6821 2.27542,
	15.6958 2.26332,
	15.711 2.25455,
	15.7271 2.24936,
	15.7437 2.24794,
	15.7602 2.25031,
	15.7761 2.25641,
	15.7909 2.26605,
	15.8042 2.27892,
	15.8155 2.29462,
	15.8246 2.31266,
	15.831 2.33248,
	15.8346 2.35347,
	15.8354 2.37495,
	15.8332 2.39626,
	15.8281 2.41675,
	15.8204 2.43575,
	15.8101 2.45269,
	15.7978 2.46703,
	15.7836 2.47833,
	15.7682 2.48623,
	15.7519 2.49048,
	15.7354 2.49096,
	15.719 2.48764,
	15.7033 2.48064,
	15.6888 2.47016,
	15.6759 2.45654,
	15.6651 2.4402,
	15.6567 2.42166,
	15.651 2.40149,
	"/>
</Transform>

<Transform dim="1"
 xcoef=" 0.0310802562182633 1 0 0 0 0"
 ycoef=" 0.33164581759761 0 1 0 0 0">
<Contour name="D055" hidden="false" closed="true" simplified="true" border="0 0 1" fill="0 0 1" mode="13"
 points="1.36018 2.18134,
	1.36716 2.15011,
	1.3874 2.12194,
	1.41893 2.09958,
	1.45866 2.08523,
	1.5027 2.08028,
	1.54674 2.08523,
	1.58647 2.09958,
	1.618 2.12194,
	1.63824 2.15011,
	1.64521 2.18134,
	1.63824 2.21257,
	1.618 2.24074,
	1.58647 2.2631,
	1.54674 2.27745,
	1.5027 2.2824,
	1.45866 2.27745,
	1.41893 2.2631,
	1.3874 2.24074,
	"/>
</Transform>

<Transform dim="1"
 xcoef=" 0.0310802562182633 1 0 0 0 0"
 ycoef=" 0.33164581759761 0 1 0 0 0">
<Contour name="D039" hidden="false" closed="true" simplified="true" border="0 0 1" fill="0 0 1" mode="13"
 points="11.3933 2.84478,
	11.395 2.82619,
	11.3998 2.8081,
	11.4077 2.79098,
	11.4184 2.77529,
	11.4317 2.76145,
	11.4472 2.74983,
	11.4646 2.74072,
	11.4832 2.73438,
	11.5028 2.73098,
	11.5226 2.7306,
	11.5423 2.73325,
	11.5612 2.73887,
	11.5789 2.7473,
	11.5949 2.75832,
	11.6088 2.77164,
	11.6203 2.78691,
	11.6289 2.80371,
	11.6345 2.8216,
	11.6369 2.84011,
	11.6361 2.85874,
	11.6321 2.877,
	11.6249 2.89441,
	11.6149 2.91049,
	11.6022 2.92483,
	11.5872 2.93705,
	11.5703 2.94681,
	11.5519 2.95385,
	11.5325 2.958,
	11.5127 2.95914,
	11.4929 2.95724,
	11.4738 2.95236,
	11.4557 2.94461,
	11.4392 2.93421,
	11.4248 2.92143,
	11.4127 2.90662,
	11.4033 2.89016,
	11.397 2.8725,
	"/>
</Transform>

<Transform dim="1"
 xcoef=" 0.0310802562182633 1 0 0 0 0"
 ycoef=" 0.33164581759761 0 1 0 0 0">
<Contour name="D046" hidden="false" closed="true" simplified="true" border="0 0 1" fill="0 0 1" mode="13"
 points="11.1161 1.53956,
	11.1183 1.52421,
	11.1248 1.50918,
	11.1354 1.49479,
	11.1499 1.48132,
	11.1681 1.46907,
	11.1896 1.45829,
	11.2139 1.4492,
	11.2404 1.44199,
	11.2687 1.43682,
	11.2982 1.43378,
	11.3282 1.43295,
	11.3582 1.43434,
	11.3874 1.43791,
	11.4154 1.44361,
	11.4414 1.4513,
	11.465 1.46084,
	11.4857 1.47201,
	11.503 1.48459,
	11.5166 1.49831,
	11.5262 1.51289,
	11.5316 1.52803,
	11.5327 1.54341,
	11.5294 1.55871,
	11.5219 1.5736,
	11.5103 1.58779,
	11.4948 1.60098,
	11.4757 1.61289,
	11.4535 1.62327,
	11.4287 1.6319,
	11.4016 1.63861,
	11.3729 1.64326,
	11.3433 1.64575,
	11.3132 1.64603,
	11.2834 1.64409,
	11.2544 1.63997,
	11.2269 1.63377,
	11.2014 1.6256,
	11.1785 1.61563,
	11.1586 1.60409,
	11.1422 1.5912,
	11.1296 1.57723,
	11.121 1.56248,
	"/>
</Transform>

<Transform dim="1"
 xcoef=" 0.0310802562182633 1 0 0 0 0"
 ycoef=" 0.33164581759761 0 1 0 0 0">
<Contour name="d046_o06" hidden="false" closed="true" simplified="false" border="1 0 0" fill="1 0 0" mode="-13"
 points="11.6226 1.41489,
	11.6567 1.41489,
	11.6397 1.44612,
	"/>
</Transform>

<Transform dim="1"
 xcoef=" 0.0210802562182633 1 0 0 0 0"
 ycoef=" -0.61835418240239 0 1 0 0 0">
<Contour name="d046_p03" hidden="false" closed="true" simplified="true" border="1 1 0" fill="1 1 0" mode="11"
 points="10.7427 0.0394709,
	10.743 0.0380518,
	10.7432 0.037697,
	10.7439 0.0370761,
	10.7441 0.0368987,
	10.7444 0.0354795,
	10.7447 0.0347699,
	10.7514 0.0234165,
	10.753 0.0205781,
	10.7549 0.0177397,
	10.7558 0.0163206,
	10.7607 0.0106438,
	10.7619 0.00922467,
	10.764 0.00638631,
	10.7646 0.00567672,
	10.7702 0.00141918,
	10.7717 0.000354795,
	10.7731 -0.000532192,
	10.7745 -0.00195137,
	10.7749 -0.00230617,
	10.7763 -0.00301576,
	10.7766 -0.00319315,
	10.7777 -0.00461233,
	10.7783 -0.00523323,
	10.7812 -0.0070072,
	10.7819 -0.00745069,
	10.7932 -0.0188041,
	10.7946 -0.0202233,
	10.7953 -0.0209329,
	10.7958 -0.0223521,
	10.796 -0.0230617,
	10.7981 -0.0259,
	10.7988 -0.0273192,
	10.7992 -0.0280288,
	10.7999 -0.0283836,
	10.8001 -0.0286497,
	10.8001 -0.0293593,
	10.8032 -0.035036,
	10.8066 -0.0407127,
	10.8088 -0.0463894,
	10.81 -0.0492278,
	10.8103 -0.0499374,
	10.8103 -0.050647,
	10.8104 -0.0510018,
	10.8111 -0.0516227,
	10.8113 -0.0518001,
	10.812 -0.0546384,
	10.8122 -0.055348,
	10.8122 -0.0560576,
	10.8122 -0.0564124,
	10.8128 -0.0570333,
	10.8132 -0.0573881,
	10.8157 -0.0630648,
	10.8169 -0.0659032,
	10.8173 -0.0666127,
	10.8173 -0.0673223,
	10.8173 -0.0676771,
	10.8181 -0.0680319,
	10.8183 -0.068298,
	10.8183 -0.0690076,
	10.8224 -0.0746843,
	10.8235 -0.0761035,
	10.8291 -0.0792967,
	10.8306 -0.080095,
	10.8313 -0.0803611,
	10.8369 -0.0814254,
	10.8384 -0.0816915,
	10.844 -0.0816915,
	10.8455 -0.0816915,
	10.8458 -0.0816915,
	10.8472 -0.0810706,
	10.8479 -0.0808045,
	10.8508 -0.0803611,
	10.8515 -0.0802724,
	10.8572 -0.0778775,
	10.8586 -0.0772566,
	10.8593 -0.0768131,
	10.8621 -0.0743295,
	10.8636 -0.0732652,
	10.8642 -0.0726443,
	10.8649 -0.0712251,
	10.8651 -0.0708703,
	10.8665 -0.0694511,
	10.8668 -0.0690963,
	10.8673 -0.0676771,
	10.8674 -0.0673223,
	10.8686 -0.0659032,
	10.8691 -0.064484,
	10.8693 -0.0637744,
	10.8711 -0.060936,
	10.8715 -0.0602264,
	10.8754 -0.048873,
	10.8764 -0.0460346,
	10.8772 -0.0431963,
	10.8775 -0.0417771,
	10.8782 -0.0403579,
	10.8785 -0.0396483,
	10.8789 -0.03681,
	10.8792 -0.0353908,
	10.8802 -0.0325524,
	10.8804 -0.0321976,
	10.8808 -0.0293593,
	10.881 -0.0279401,
	10.8846 -0.0165867,
	10.8855 -0.0137483,
	10.8869 -0.00807158,
	10.8872 -0.00665241,
	10.8874 -0.00594282,
	10.8881 -0.00452364,
	10.8884 -0.00381405,
	10.8887 -0.000975686,
	10.8897 0.00186267,
	10.8903 0.00328185,
	10.8906 0.00895857,
	10.8907 0.0103778,
	10.8913 0.0132161,
	10.8916 0.0146353,
	10.8912 0.0259887,
	10.8911 0.0288271,
	10.8905 0.0345038,
	10.8903 0.0373422,
	10.8903 0.060049,
	10.8903 0.0714025,
	10.8903 0.0770792,
	10.8903 0.0799176,
	10.8903 0.0813367,
	10.8893 0.0870135,
	10.8887 0.0898518,
	10.8877 0.101205,
	10.8874 0.104044,
	10.8846 0.115397,
	10.8839 0.118235,
	10.8834 0.119655,
	10.8832 0.120364,
	10.8831 0.120719,
	10.8832 0.121429,
	10.8832 0.122848,
	10.8821 0.125686,
	10.8798 0.128436,
	10.8784 0.129411,
	10.8769 0.130032,
	10.8766 0.130298,
	10.8764 0.130298,
	10.8761 0.130565,
	10.8732 0.131452,
	10.8718 0.131806,
	10.8711 0.131895,
	10.8709 0.131895,
	10.8707 0.132072,
	10.8679 0.132605,
	10.8651 0.132871,
	10.8636 0.132871,
	10.858 0.13225,
	10.8551 0.131984,
	10.8537 0.131806,
	10.8509 0.131008,
	10.8505 0.130919,
	10.8503 0.130742,
	10.8496 0.130565,
	10.8495 0.130565,
	10.8493 0.130387,
	10.8486 0.13021,
	10.8482 0.129944,
	10.848 0.129944,
	10.8479 0.129766,
	10.8471 0.129589,
	10.847 0.129589,
	10.8468 0.129411,
	10.8454 0.129057,
	10.8425 0.127904,
	10.8422 0.127815,
	10.8408 0.12675,
	10.84 0.126307,
	10.8397 0.125952,
	10.8395 0.125952,
	10.8367 0.12338,
	10.8353 0.122227,
	10.8347 0.121606,
	10.8344 0.121251,
	10.8342 0.121251,
	10.8328 0.120098,
	10.8321 0.119566,
	10.8317 0.119388,
	10.831 0.118679,
	10.8288 0.115929,
	10.8278 0.11451,
	10.825 0.112736,
	10.8136 0.105108,
	10.8079 0.101028,
	10.8065 0.100318,
	10.8059 0.0996087,
	10.8057 0.0994313,
	10.8043 0.0990765,
	10.8036 0.0988104,
	10.8022 0.097746,
	10.802 0.0975686,
	10.8006 0.0972138,
	10.7999 0.0969477,
	10.797 0.0949076,
	10.7956 0.0941981,
	10.7949 0.0937546,
	10.7945 0.093045,
	10.7931 0.0926015,
	10.7928 0.0925128,
	10.7914 0.0914484,
	10.7906 0.0910049,
	10.7892 0.0906501,
	10.7889 0.0905614,
	10.7882 0.0898518,
	10.7875 0.0894083,
	10.7818 0.0870135,
	10.7761 0.083909,
	10.7733 0.0823124,
	10.7704 0.0808932,
	10.7697 0.0805385,
	10.7694 0.0803611,
	10.7679 0.0789419,
	10.7665 0.0777888,
	10.7651 0.0768131,
	10.7644 0.0762809,
	10.763 0.0758374,
	10.7623 0.07566,
	10.7566 0.0708703,
	10.7509 0.0664354,
	10.7502 0.0659032,
	10.7477 0.0630648,
	10.7471 0.0623552,
	10.7463 0.060936,
	10.7459 0.0602264,
	10.7459 0.0595169,
	10.7459 0.0593395,
	10.7452 0.0589847,
	10.745 0.0587186,
	10.7435 0.0530418,
	10.7432 0.0516227,
	10.7427 0.0459459,
	10.7427 0.0402692,
	10.7427 0.0395596,
	"/>
</Transform>

<Transform dim="1"
 xcoef=" 0.0210802562182633 1 0 0 0 0"
 ycoef=" -0.61835418240239 0 1 0 0 0">
<Contour name="d046_p03" hidden="false" closed="true" simplified="true" border="1 1 0" fill="1 1 0" mode="11"
 points="10.9134 -0.247781,
	10.915 -0.251981,
	10.9213 -0.259855,
	10.9255 -0.263005,
	10.9286 -0.26563,
	10.9307 -0.26773,
	10.9344 -0.270355,
	10.9386 -0.274554,
	10.9402 -0.276129,
	10.9407 -0.278229,
	10.9423 -0.280329,
	10.9428 -0.282429,
	10.9438 -0.283479,
	10.9438 -0.284529,
	10.9465 -0.288728,
	10.9522 -0.305002,
	10.9538 -0.313401,
	10.9549 -0.317601,
	10.9554 -0.3344,
	10.9554 -0.338599,
	10.9554 -0.340699,
	10.9564 -0.342799,
	10.957 -0.351198,
	10.9591 -0.359598,
	10.9612 -0.376397,
	10.9612 -0.380596,
	10.9648 -0.397395,
	10.9675 -0.405794,
	10.9685 -0.407894,
	10.9685 -0.408944,
	10.9696 -0.409469,
	10.9701 -0.411569,
	10.9753 -0.419968,
	10.978 -0.424168,
	10.979 -0.425743,
	10.9827 -0.429943,
	10.9853 -0.434142,
	10.9927 -0.442017,
	11.0074 -0.454091,
	11.0152 -0.460915,
	11.0184 -0.464065,
	11.0252 -0.471939,
	11.0284 -0.476139,
	11.0294 -0.478239,
	11.0305 -0.479289,
	11.031 -0.481389,
	11.042 -0.497662,
	11.042 -0.498712,
	11.053 -0.514986,
	11.053 -0.516036,
	11.0583 -0.524435,
	11.0609 -0.528635,
	11.0683 -0.537034,
	11.0683 -0.538084,
	11.0693 -0.538609,
	11.0693 -0.539659,
	11.0761 -0.548059,
	11.0798 -0.551208,
	11.0819 -0.552258,
	11.083 -0.552258,
	11.084 -0.553308,
	11.1008 -0.555933,
	11.1176 -0.555933,
	11.126 -0.555408,
	11.1344 -0.553833,
	11.1365 -0.553833,
	11.1376 -0.552783,
	11.1418 -0.552258,
	11.1586 -0.546484,
	11.167 -0.542284,
	11.1712 -0.539659,
	11.1796 -0.535985,
	11.1817 -0.53546,
	11.1838 -0.533885,
	11.1859 -0.53336,
	11.1901 -0.53021,
	11.1922 -0.529685,
	11.2 -0.52391,
	11.2153 -0.508687,
	11.221 -0.500812,
	11.2237 -0.496612,
	11.2247 -0.494513,
	11.2258 -0.493988,
	11.2258 -0.492938,
	11.2321 -0.485063,
	11.2342 -0.480864,
	11.2357 -0.479289,
	11.2357 -0.478239,
	11.2368 -0.477714,
	11.2373 -0.475614,
	11.2399 -0.471414,
	11.241 -0.470364,
	11.241 -0.469315,
	11.2525 -0.452516,
	11.2578 -0.445166,
	11.2609 -0.440967,
	11.2625 -0.438867,
	11.2625 -0.437817,
	11.2641 -0.435717,
	11.2651 -0.434667,
	11.2656 -0.432567,
	11.2772 -0.416819,
	11.2798 -0.412619,
	11.2856 -0.405794,
	11.2924 -0.39792,
	11.2982 -0.390046,
	11.3003 -0.385846,
	11.3034 -0.381646,
	11.3061 -0.373247,
	11.3076 -0.364847,
	11.3082 -0.348049,
	11.3082 -0.339649,
	11.3061 -0.322851,
	11.3055 -0.314451,
	11.304 -0.306052,
	11.304 -0.303952,
	11.3029 -0.301852,
	11.3019 -0.293453,
	11.3019 -0.285053,
	11.3024 -0.280854,
	11.304 -0.276654,
	11.305 -0.268255,
	11.305 -0.259855,
	11.304 -0.255656,
	11.304 -0.254606,
	11.3029 -0.253556,
	11.3024 -0.251456,
	11.3024 -0.250406,
	11.3013 -0.249356,
	11.3003 -0.245156,
	11.2956 -0.236757,
	11.2924 -0.232557,
	11.2893 -0.229408,
	11.2872 -0.228358,
	11.2861 -0.228358,
	11.2856 -0.227308,
	11.2772 -0.224158,
	11.273 -0.223108,
	11.2709 -0.222058,
	11.2541 -0.219433,
	11.2373 -0.218908,
	11.2205 -0.219433,
	11.2163 -0.219433,
	11.2121 -0.221008,
	11.1785 -0.225733,
	11.1701 -0.226783,
	11.168 -0.226783,
	11.1659 -0.227833,
	11.1491 -0.228358,
	11.1407 -0.229408,
	11.1239 -0.229933,
	11.0903 -0.228883,
	11.0567 -0.228883,
	11.0399 -0.230458,
	11.0357 -0.230458,
	11.0189 -0.233082,
	11.0105 -0.234657,
	11.0063 -0.235707,
	11.0053 -0.236232,
	10.9969 -0.232557,
	10.9948 -0.232032,
	10.9937 -0.232032,
	10.9927 -0.230983,
	10.9759 -0.225208,
	10.9675 -0.223108,
	10.9654 -0.222058,
	10.9486 -0.219958,
	10.9402 -0.219958,
	10.936 -0.219958,
	10.9318 -0.221008,
	10.9276 -0.223108,
	10.9192 -0.229408,
	10.9145 -0.237282,
	10.9134 -0.245681,
	10.9134 -0.247256,
	"/>
</Transform>

<Transform dim="0"
 xcoef=" 0 1 0 0 0 0"
 ycoef=" 0 0 1 0 0 0">
<Contour name="d046_p04" hidden="false" closed="true" simplified="true" border="1 1 0" fill="1 1 0" mode="11"
 points="9.31026 1.79971,
	9.31158 1.79267,
	9.31158 1.78562,
	9.31422 1.77858,
	9.32126 1.76449,
	9.32435 1.75744,
	9.33227 1.72926,
	9.33447 1.72222,
	9.34812 1.69404,
	9.35825 1.67995,
	9.36926 1.66586,
	9.38731 1.63768,
	9.39435 1.62359,
	9.39788 1.61655,
	9.40272 1.60246,
	9.41461 1.57428,
	9.41769 1.56723,
	9.42165 1.56019,
	9.43266 1.5461,
	9.43442 1.54434,
	9.44851 1.53465,
	9.4626 1.52672,
	9.46965 1.52276,
	9.48374 1.51792,
	9.49783 1.5144,
	9.51192 1.50955,
	9.54009 1.49502,
	9.55418 1.48754,
	9.55771 1.48533,
	9.5718 1.48049,
	9.59998 1.47257,
	9.62816 1.46596,
	9.65634 1.462,
	9.66338 1.46112,
	9.71974 1.46464,
	9.72678 1.46508,
	9.73383 1.46464,
	9.73559 1.46464,
	9.74968 1.45804,
	9.75672 1.45275,
	9.76025 1.45011,
	9.76729 1.44659,
	9.78138 1.43734,
	9.79503 1.42325,
	9.80208 1.41753,
	9.80912 1.41357,
	9.82321 1.40784,
	9.82673 1.40564,
	9.84082 1.40212,
	9.84787 1.4008,
	9.87605 1.39904,
	9.87957 1.39904,
	9.89366 1.39551,
	9.90775 1.38979,
	9.92184 1.38583,
	9.92536 1.38451,
	9.93241 1.38362,
	9.96059 1.38274,
	9.97468 1.38186,
	9.98876 1.3801,
	10.0169 1.37438,
	10.031 1.36953,
	10.0381 1.36777,
	10.0663 1.36557,
	10.0733 1.36557,
	10.0803 1.36469,
	10.0944 1.35941,
	10.1226 1.34576,
	10.1297 1.34312,
	10.1332 1.3418,
	10.1614 1.33871,
	10.1649 1.33871,
	10.179 1.33607,
	10.1931 1.33079,
	10.1966 1.32947,
	10.1983 1.32859,
	10.2124 1.32638,
	10.2195 1.32594,
	10.2336 1.32815,
	10.2477 1.32859,
	10.2758 1.3255,
	10.2829 1.3255,
	10.2864 1.3255,
	10.2882 1.3255,
	10.3164 1.33827,
	10.3234 1.34136,
	10.3375 1.34576,
	10.3516 1.34708,
	10.3657 1.34752,
	10.3727 1.34796,
	10.3868 1.34708,
	10.3938 1.34752,
	10.3974 1.34752,
	10.4044 1.35016,
	10.4062 1.3506,
	10.4132 1.34796,
	10.4167 1.34752,
	10.4203 1.3462,
	10.4273 1.34532,
	10.4414 1.3462,
	10.4555 1.34928,
	10.4625 1.35104,
	10.4766 1.35589,
	10.4801 1.35677,
	10.5083 1.35809,
	10.5154 1.35853,
	10.5189 1.35853,
	10.5207 1.35809,
	10.5224 1.35677,
	10.5365 1.35368,
	10.5506 1.35236,
	10.5788 1.35368,
	10.5858 1.35456,
	10.5876 1.35456,
	10.5911 1.35589,
	10.5929 1.35589,
	10.5964 1.35809,
	10.6034 1.36073,
	10.6175 1.36425,
	10.6316 1.36865,
	10.6387 1.36998,
	10.6395 1.37086,
	10.6431 1.3713,
	10.6466 1.37262,
	10.6536 1.37306,
	10.6607 1.37262,
	10.6642 1.37174,
	10.6677 1.37174,
	10.6748 1.36909,
	10.6774 1.36557,
	10.6792 1.36381,
	10.6853 1.34972,
	10.6875 1.34268,
	10.6884 1.34092,
	10.6884 1.34047,
	10.6888 1.344,
	10.688 1.35104,
	10.688 1.36513,
	10.6893 1.37922,
	10.6906 1.38627,
	10.6915 1.40036,
	10.6981 1.41445,
	10.7021 1.42149,
	10.7078 1.42854,
	10.7126 1.43558,
	10.7126 1.43646,
	10.7117 1.4369,
	10.7047 1.43514,
	10.7012 1.43426,
	10.6977 1.4325,
	10.6941 1.43162,
	10.6906 1.42986,
	10.6836 1.42898,
	10.6695 1.42898,
	10.6554 1.43118,
	10.6519 1.43162,
	10.6483 1.43294,
	10.6466 1.43294,
	10.6431 1.4347,
	10.6413 1.43514,
	10.6378 1.43734,
	10.6343 1.43866,
	10.6272 1.44351,
	10.6202 1.44967,
	10.6166 1.45231,
	10.6131 1.45407,
	10.6122 1.45451,
	10.6114 1.45407,
	10.5973 1.46288,
	10.5902 1.4664,
	10.5761 1.47609,
	10.562 1.48666,
	10.555 1.49194,
	10.5515 1.49458,
	10.5449 1.50163,
	10.5405 1.50867,
	10.5378 1.51219,
	10.5369 1.51395,
	10.5308 1.521,
	10.5273 1.52364,
	10.5132 1.53025,
	10.5096 1.53201,
	10.5079 1.53245,
	10.5008 1.53685,
	10.4867 1.54125,
	10.4727 1.54346,
	10.4445 1.54962,
	10.4163 1.5527,
	10.4093 1.55358,
	10.4057 1.55358,
	10.4022 1.55446,
	10.3881 1.5549,
	10.3811 1.55578,
	10.367 1.55975,
	10.3599 1.56195,
	10.3564 1.56239,
	10.3547 1.56371,
	10.3476 1.56591,
	10.3406 1.56899,
	10.3124 1.58749,
	10.3053 1.59409,
	10.2833 1.62227,
	10.2811 1.62579,
	10.267 1.63856,
	10.26 1.64252,
	10.2318 1.65045,
	10.2177 1.65397,
	10.2107 1.65749,
	10.1966 1.66674,
	10.1895 1.6707,
	10.1825 1.67643,
	10.1759 1.68303,
	10.1724 1.68655,
	10.164 1.70064,
	10.1587 1.70769,
	10.146 1.72178,
	10.1424 1.72486,
	10.1376 1.73191,
	10.1358 1.73543,
	10.1341 1.74247,
	10.1332 1.74952,
	10.1336 1.76361,
	10.1349 1.77065,
	10.1358 1.77417,
	10.1358 1.78122,
	10.1332 1.79531,
	10.1323 1.79707,
	10.1292 1.80059,
	10.1279 1.80235,
	10.1261 1.80323,
	10.1191 1.80368,
	10.1121 1.80279,
	10.105 1.79971,
	10.0909 1.79003,
	10.0878 1.7865,
	10.0861 1.78474,
	10.0781 1.77065,
	10.0759 1.76713,
	10.0755 1.76537,
	10.0698 1.75876,
	10.0654 1.75172,
	10.0544 1.73763,
	10.0403 1.72882,
	10.0121 1.71429,
	10.0051 1.71077,
	9.99097 1.70593,
	9.98392 1.70417,
	9.97688 1.70108,
	9.96279 1.69668,
	9.93461 1.69096,
	9.90643 1.68876,
	9.87825 1.68876,
	9.86416 1.68788,
	9.85711 1.68743,
	9.84302 1.68347,
	9.83598 1.68127,
	9.82893 1.67995,
	9.82189 1.67775,
	9.76553 1.6685,
	9.73735 1.66454,
	9.72326 1.66102,
	9.69508 1.65089,
	9.68804 1.64781,
	9.68099 1.64561,
	9.6669 1.64252,
	9.63872 1.6412,
	9.63168 1.64076,
	9.6035 1.64825,
	9.59645 1.65001,
	9.58236 1.65221,
	9.56827 1.65749,
	9.56475 1.65926,
	9.56299 1.66014,
	9.55947 1.66058,
	9.55595 1.6619,
	9.5489 1.6663,
	9.53481 1.67334,
	9.53129 1.67511,
	9.5172 1.68479,
	9.51015 1.68964,
	9.50311 1.69536,
	9.49122 1.70945,
	9.47757 1.7231,
	9.47053 1.72882,
	9.45644 1.73895,
	9.44235 1.75084,
	9.4353 1.75744,
	9.42958 1.76405,
	9.42121 1.77814,
	9.41373 1.79223,
	9.4102 1.79927,
	9.4014 1.81336,
	9.397 1.82041,
	9.38995 1.8345,
	9.38863 1.83802,
	9.38775 1.83978,
	9.38775 1.84066,
	9.38555 1.84198,
	9.38379 1.84242,
	9.38203 1.84374,
	9.38026 1.84418,
	9.37938 1.84506,
	9.37586 1.84594,
	9.37234 1.84771,
	9.36882 1.84859,
	9.36705 1.84859,
	9.36529 1.84991,
	9.3512 1.84947,
	9.34768 1.84815,
	9.3468 1.84815,
	9.34372 1.84594,
	9.3424 1.84462,
	9.34152 1.84462,
	9.33535 1.83978,
	9.33447 1.83978,
	9.32875 1.83362,
	9.32391 1.82745,
	9.32258 1.82569,
	9.32258 1.82481,
	9.32126 1.82349,
	9.32126 1.82261,
	9.32038 1.82217,
	9.3173 1.81512,
	9.31686 1.81336,
	9.31422 1.81028,
	9.31422 1.8094,
	9.31334 1.80896,
	9.3129 1.8072,
	9.31202 1.80632,
	9.3107 1.80279,
	9.3107 1.80235,
	"/>
</Transform>

<Transform dim="1"
 xcoef=" 0 1 0 0 0 0"
 ycoef=" 0.05 0 1 0 0 0">
<Contour name="d046_o04" hidden="false" closed="true" simplified="false" border="1 0 0" fill="1 0 0" mode="-13"
 points="10.7172 1.41413,
	10.742 1.41413,
	10.7296 1.43687,
	"/>
</Transform>

<Transform dim="0"
 xcoef=" 0 1 0 0 0 0"
 ycoef=" 0 0 1 0 0 0">
<Contour name="d046_checked" hidden="false" closed="true" simplified="false" border="0 1 0" fill="0 1 0" mode="-13"
 points="10.7527 1.3825,
	10.762 1.36944,
	10.7527 1.35638,
	10.7583 1.35638,
	10.7657 1.36757,
	10.7732 1.35638,
	10.7788 1.35638,
	10.7695 1.36944,
	10.7788 1.3825,
	10.7732 1.3825,
	10.7657 1.3713,
	10.7583 1.3825,
	"/>
</Transform>

<Transform dim="0"
 xcoef=" 0 1 0 0 0 0"
 ycoef=" 0 0 1 0 0 0">
<Contour name="d046_p37" hidden="false" closed="true" simplified="true" border="1 1 0" fill="1 1 0" mode="11"
 points="11.7826 1.19142,
	11.7869 1.19034,
	11.7956 1.19357,
	11.8042 1.19465,
	11.8214 1.20112,
	11.8387 1.20328,
	11.8732 1.20328,
	11.8818 1.20328,
	11.8904 1.20004,
	11.8991 1.19465,
	11.9012 1.1925,
	11.9055 1.19142,
	11.9099 1.18818,
	11.9185 1.18603,
	11.953 1.1871,
	11.9605 1.1925,
	11.9681 1.20004,
	11.9735 1.20651,
	11.981 1.21514,
	11.9864 1.22376,
	11.9896 1.22808,
	11.9907 1.23239,
	11.9961 1.24101,
	11.9993 1.24533,
	11.9993 1.24748,
	12.0015 1.24856,
	12.0037 1.25719,
	12.0037 1.26581,
	12.0037 1.27013,
	12.0037 1.27228,
	11.995 1.27875,
	11.9875 1.28199,
	11.9832 1.28414,
	11.9487 1.28306,
	11.9314 1.28306,
	11.9142 1.27767,
	11.9099 1.2766,
	11.9077 1.27444,
	11.9055 1.27444,
	11.9034 1.27228,
	11.9012 1.27228,
	11.898 1.26905,
	11.8958 1.26905,
	11.8915 1.26581,
	11.8894 1.26581,
	11.8872 1.26366,
	11.8786 1.26042,
	11.8743 1.25719,
	11.8721 1.25719,
	11.8678 1.25395,
	11.8657 1.25395,
	11.8613 1.25072,
	11.8527 1.24964,
	11.8182 1.25072,
	11.8096 1.2518,
	11.8053 1.25287,
	11.7977 1.25934,
	11.7956 1.22484,
	11.7902 1.20759,
	11.7869 1.20436,
	11.7859 1.20004,
	11.7837 1.19896,
	11.7826 1.19465,
	11.7826 1.1925,
	"/>
</Transform>

<Transform dim="0"
 xcoef=" 0 1 0 0 0 0"
 ycoef=" 0 0 1 0 0 0">
<Contour name="d046" hidden="false" closed="true" simplified="true" border="1 1 0" fill="1 1 0" mode="11"
 points="10.6752 1.37493,
	10.6948 1.3269,
	10.7083 1.30288,
	10.7143 1.29088,
	10.7233 1.27887,
	10.7458 1.23083,
	10.7428 1.1828,
	10.7398 1.17079,
	10.7413 1.15879,
	10.7428 1.15278,
	10.7533 1.14227,
	10.7653 1.13777,
	10.8133 1.13477,
	10.8374 1.13327,
	10.8614 1.12877,
	10.8854 1.11826,
	10.9094 1.09875,
	10.9334 1.07473,
	10.9649 1.0267,
	10.9739 1.00268,
	10.986 0.978664,
	10.998 0.971159,
	11.004 0.966656,
	11.028 0.965155,
	11.04 0.963654,
	11.064 0.974161,
	11.076 0.980165,
	11.1 0.986169,
	11.1481 1.00718,
	11.1721 1.01619,
	11.2201 1.01469,
	11.2441 1.01919,
	11.2681 1.0267,
	11.2922 1.0282,
	11.3162 1.0267,
	11.3642 1.0312,
	11.3882 1.0342,
	11.4122 1.0342,
	11.4363 1.0312,
	11.4843 1.01769,
	11.5083 1.00718,
	11.5323 0.999678,
	11.5563 0.989171,
	11.5683 0.983167,
	11.5744 0.980165,
	11.5774 0.978664,
	11.6254 1.00118,
	11.6374 1.00868,
	11.6494 1.01319,
	11.6614 1.02069,
	11.6674 1.02219,
	11.6704 1.0252,
	11.6824 1.0282,
	11.7064 1.0387,
	11.7305 1.05221,
	11.7365 1.05522,
	11.7515 1.07923,
	11.7575 1.09124,
	11.7575 1.09724,
	11.7605 1.10325,
	11.759 1.10925,
	11.7515 1.12126,
	11.7485 1.13327,
	11.777 1.1813,
	11.7935 1.20532,
	11.804 1.22933,
	11.8055 1.23534,
	11.798 1.25935,
	11.792 1.26536,
	11.768 1.27887,
	11.7455 1.29688,
	11.7275 1.3209,
	11.72 1.3329,
	11.7169 1.34491,
	11.7169 1.35092,
	11.6974 1.37493,
	11.6944 1.38094,
	11.6959 1.40495,
	11.6989 1.41696,
	11.7004 1.42297,
	11.6989 1.42897,
	11.6779 1.45148,
	11.6779 1.46349,
	11.6749 1.46649,
	11.6764 1.4785,
	11.6734 1.50252,
	11.6734 1.52654,
	11.6689 1.55055,
	11.6644 1.56256,
	11.6659 1.57457,
	11.6629 1.58057,
	11.6389 1.60009,
	11.6149 1.60759,
	11.6089 1.60909,
	11.6059 1.60909,
	11.5999 1.61359,
	11.5939 1.61359,
	11.5698 1.6226,
	11.5578 1.6286,
	11.5338 1.63311,
	11.5278 1.63311,
	11.5038 1.6181,
	11.4798 1.60609,
	11.4738 1.60459,
	11.4678 1.60009,
	11.4438 1.59558,
	11.3957 1.60009,
	11.3837 1.60159,
	11.3357 1.59258,
	11.2877 1.56856,
	11.2756 1.56256,
	11.2636 1.55355,
	11.2396 1.54905,
	11.2156 1.55205,
	11.1916 1.55055,
	11.1436 1.54004,
	11.1195 1.53554,
	11.1075 1.53404,
	11.0955 1.52954,
	11.0835 1.52203,
	11.0595 1.51453,
	11.0475 1.51153,
	11.0235 1.49952,
	10.9995 1.48451,
	10.9754 1.474,
	10.9274 1.46499,
	10.8794 1.46049,
	10.8554 1.45899,
	10.8494 1.45899,
	10.8374 1.45299,
	10.7893 1.44248,
	10.7413 1.43798,
	10.7293 1.43497,
	10.7053 1.43347,
	10.6933 1.42597,
	10.6827 1.41546,
	10.6752 1.39144,
	10.6752 1.37944,
	10.6752 1.37643,
	"/>
</Transform>

<Transform dim="1"
 xcoef=" -0.07 1 0 0 0 0"
 ycoef=" -0.08 0 1 0 0 0">
<Contour name="d046_o05" hidden="false" closed="true" simplified="false" border="1 0 0" fill="1 0 0" mode="-13"
 points="11.4989 1.48887,
	11.533 1.48887,
	11.516 1.5201,
	"/>
</Transform>

<Transform dim="0"
 xcoef=" 0 1 0 0 0 0"
 ycoef=" 0 0 1 0 0 0">
<Contour name="d046_checked" hidden="false" closed="true" simplified="false" border="0 1 0" fill="0 1 0" mode="-13"
 points="11.535 1.55843,
	11.5461 1.54282,
	11.535 1.52721,
	11.5417 1.52721,
	11.5506 1.54059,
	11.5595 1.52721,
	11.5662 1.52721,
	11.5551 1.54282,
	11.5662 1.55843,
	11.5595 1.55843,
	11.5506 1.54505,
	11.5417 1.55843,
	"/>
</Transform>

<Transform dim="0"
 xcoef=" 0 1 0 0 0 0"
 ycoef=" 0 0 1 0 0 0">
<Contour name="d046_checked" hidden="false" closed="true" simplified="false" border="0 1 0" fill="0 1 0" mode="-13"
 points="11.6323 1.11384,
	11.6417 1.10071,
	11.6323 1.08757,
	11.638 1.08757,
	11.6455 1.09883,
	11.653 1.08757,
	11.6586 1.08757,
	11.6492 1.10071,
	11.6586 1.11384,
	11.653 1.11384,
	11.6455 1.10258,
	11.638 1.11384,
	"/>
</Transform>

<Transform dim="0"
 xcoef=" 0 1 0 0 0 0"
 ycoef=" 0 0 1 0 0 0">
<Contour name="d046_o37" hidden="false" closed="true" simplified="false" border="1 0 0" fill="1 0 0" mode="-13"
 points="11.7276 1.22416,
	11.7481 1.22416,
	11.7379 1.2429,
	"/>
<Contour name="d046_checked" hidden="false" closed="true" simplified="false" border="0 1 0" fill="0 1 0" mode="-13"
 points="11.7302 1.23717,
	11.7342 1.23157,
	11.7302 1.22596,
	11.7326 1.22596,
	11.7358 1.23077,
	11.739 1.22596,
	11.7414 1.22596,
	11.7374 1.23157,
	11.7414 1.23717,
	11.739 1.23717,
	11.7358 1.23237,
	11.7326 1.23717,
	"/>
</Transform>

<Transform dim="1"
 xcoef=" 0.15 1 0 0 0 0"
 ycoef=" 0 0 1 0 0 0">
<Contour name="d046_p05" hidden="false" closed="true" simplified="true" border="1 1 0" fill="1 1 0" mode="11"
 points="11.8165 1.58621,
	11.827 1.63424,
	11.83 1.64625,
	11.8525 1.69429,
	11.8796 1.74232,
	11.8856 1.75282,
	11.9036 1.77684,
	11.9126 1.78885,
	11.9171 1.79485,
	11.9201 1.79786,
	11.9216 1.80386,
	11.9171 1.81587,
	11.9141 1.82187,
	11.9021 1.83238,
	11.8901 1.83538,
	11.8841 1.83688,
	11.8601 1.83238,
	11.836 1.82337,
	11.824 1.81737,
	11.812 1.80836,
	11.797 1.78435,
	11.791 1.77834,
	11.788 1.77234,
	11.7775 1.76183,
	11.767 1.73781,
	11.761 1.7138,
	11.758 1.70179,
	11.7445 1.67777,
	11.7205 1.66426,
	11.7085 1.65826,
	11.6844 1.64025,
	11.6829 1.63575,
	11.6949 1.63575,
	11.7009 1.63274,
	11.707 1.63274,
	11.719 1.62824,
	11.7205 1.62524,
	11.7445 1.61623,
	11.7505 1.61623,
	11.773 1.60723,
	11.785 1.60422,
	11.788 1.60422,
	11.8105 1.58771,
	11.8135 1.58621,
	11.8135 1.58471,
	"/>
</Transform>

<Transform dim="1"
 xcoef=" 0 1 0 0 0 0"
 ycoef=" -0.05 0 1 0 0 0">
<Contour name="d046_p06" hidden="false" closed="true" simplified="true" border="1 1 0" fill="1 1 0" mode="11"
 points="11.5752 0.930754,
	11.5779 0.928227,
	11.5792 0.926879,
	11.5806 0.926037,
	11.5813 0.925531,
	11.5846 0.92014,
	11.5863 0.917444,
	11.5872 0.916097,
	11.5895 0.910705,
	11.5907 0.908009,
	11.5936 0.897227,
	11.5944 0.891835,
	11.5949 0.886444,
	11.5944 0.875661,
	11.5944 0.872966,
	11.5922 0.862183,
	11.591 0.856792,
	11.5905 0.854096,
	11.5875 0.843313,
	11.5858 0.837922,
	11.5846 0.83253,
	11.5843 0.821748,
	11.5841 0.816356,
	11.5846 0.805574,
	11.5846 0.804226,
	11.5868 0.793443,
	11.5875 0.790747,
	11.5878 0.7894,
	11.5927 0.778617,
	11.5951 0.773226,
	11.5963 0.77053,
	11.5981 0.759747,
	11.5991 0.748964,
	11.5996 0.743573,
	11.5998 0.740877,
	11.5983 0.719312,
	11.5979 0.716616,
	11.599 0.705834,
	11.5995 0.700442,
	11.6013 0.68966,
	11.6022 0.686964,
	11.607 0.676181,
	11.6102 0.67079,
	11.6109 0.669442,
	11.6113 0.668768,
	11.614 0.666409,
	11.6153 0.665062,
	11.6207 0.661524,
	11.6234 0.660176,
	11.6261 0.657985,
	11.6315 0.6531,
	11.6527 0.631703,
	11.6635 0.62092,
	11.6842 0.599354,
	11.6869 0.596659,
	11.6876 0.595985,
	11.6928 0.585202,
	11.6977 0.574419,
	11.7022 0.563637,
	11.7031 0.560941,
	11.7041 0.55555,
	11.7046 0.552854,
	11.708 0.542071,
	11.7129 0.531289,
	11.7159 0.525897,
	11.7174 0.523202,
	11.7218 0.51781,
	11.7238 0.515115,
	11.7287 0.509723,
	11.7299 0.508375,
	11.7369 0.497593,
	11.74 0.492201,
	11.7415 0.489506,
	11.7427 0.48681,
	11.7435 0.484114,
	11.7439 0.481419,
	11.744 0.480071,
	11.7462 0.474679,
	11.7474 0.471984,
	11.7479 0.470636,
	11.7518 0.465244,
	11.7538 0.462549,
	11.7592 0.460358,
	11.7646 0.458505,
	11.77 0.457494,
	11.7727 0.457157,
	11.774 0.456989,
	11.7747 0.45682,
	11.7799 0.451429,
	11.7818 0.448733,
	11.7828 0.447385,
	11.7877 0.436603,
	11.7912 0.42582,
	11.793 0.420429,
	11.7936 0.419081,
	11.7937 0.418407,
	11.804 0.407624,
	11.8094 0.402233,
	11.8119 0.399537,
	11.8126 0.398863,
	11.818 0.396336,
	11.8207 0.395157,
	11.8234 0.394314,
	11.8342 0.392293,
	11.8369 0.391956,
	11.8476 0.393977,
	11.853 0.394988,
	11.8557 0.395494,
	11.8665 0.398863,
	11.8679 0.3992,
	11.8685 0.399369,
	11.8737 0.404086,
	11.8749 0.405434,
	11.8764 0.410825,
	11.8744 0.421608,
	11.8741 0.424304,
	11.8732 0.426999,
	11.8709 0.432391,
	11.8697 0.435086,
	11.8677 0.445869,
	11.8675 0.448565,
	11.8673 0.449913,
	11.8684 0.455304,
	11.8689 0.458,
	11.8722 0.468783,
	11.8739 0.474174,
	11.8748 0.47687,
	11.8751 0.478217,
	11.8753 0.478891,
	11.8717 0.500457,
	11.8707 0.505848,
	11.8705 0.507196,
	11.8684 0.512587,
	11.8588 0.534153,
	11.8566 0.539544,
	11.8557 0.54224,
	11.8557 0.553022,
	11.8557 0.555718,
	11.8562 0.558414,
	11.8564 0.559088,
	11.8557 0.561783,
	11.8554 0.563131,
	11.8498 0.573914,
	11.847 0.579305,
	11.8454 0.582001,
	11.8433 0.587392,
	11.8397 0.608958,
	11.8387 0.614349,
	11.8382 0.617045,
	11.8374 0.619741,
	11.8246 0.641306,
	11.8183 0.652089,
	11.8151 0.65748,
	11.8096 0.668263,
	11.803 0.689828,
	11.8011 0.695219,
	11.8003 0.697915,
	11.7979 0.703306,
	11.7968 0.706002,
	11.7936 0.711393,
	11.7925 0.712741,
	11.7826 0.723524,
	11.7777 0.728915,
	11.7754 0.731611,
	11.7733 0.734307,
	11.7723 0.735655,
	11.7674 0.746437,
	11.7659 0.751829,
	11.7651 0.754524,
	11.7646 0.755872,
	11.7627 0.766655,
	11.7617 0.772046,
	11.7612 0.774742,
	11.759 0.780133,
	11.7555 0.785525,
	11.7508 0.790916,
	11.7484 0.793612,
	11.7477 0.794286,
	11.7444 0.799677,
	11.74 0.805068,
	11.7378 0.807764,
	11.7368 0.809112,
	11.7314 0.819894,
	11.7309 0.821242,
	11.7312 0.826634,
	11.7314 0.829329,
	11.7314 0.830677,
	11.7329 0.836069,
	11.7341 0.84146,
	11.7348 0.846851,
	11.7351 0.849547,
	11.7332 0.86033,
	11.7332 0.861677,
	11.7321 0.864373,
	11.7331 0.869765,
	11.7336 0.87246,
	11.7339 0.873808,
	11.7332 0.884591,
	11.7332 0.887286,
	11.7332 0.888634,
	11.7314 0.894026,
	11.731 0.899417,
	11.7309 0.902113,
	11.7321 0.912895,
	11.7386 0.934461,
	11.7413 0.945244,
	11.7427 0.950635,
	11.743 0.951983,
	11.7393 0.973548,
	11.7374 0.984331,
	11.7364 0.989722,
	11.7361 0.992418,
	11.7359 0.993766,
	11.7371 0.999157,
	11.7401 1.00994,
	11.7405 1.01129,
	11.7406 1.01196,
	11.7405 1.01247,
	11.7297 1.00286,
	11.727 1.00034,
	11.7216 0.997472,
	11.7 0.987363,
	11.6569 0.968831,
	11.6353 0.959396,
	11.6246 0.954847,
	11.5814 0.933281,
	11.576 0.93126,
	11.5754 0.930923,
	"/>
</Transform>

<Transform dim="0"
 xcoef=" 0 1 0 0 0 0"
 ycoef=" 0 0 1 0 0 0">
<Contour name="d046_cfa03" hidden="false" closed="false" simplified="false" border="0 1 0" fill="0 1 0" mode="11"
 points="11.1908 0.38361,
	11.157 0.378267,
	11.0599 0.373814,
	"/>
<Contour name="d046_c03" hidden="false" closed="true" simplified="true" border="1 0 0" fill="1 0 0" mode="11"
 points="11.0567 0.401657,
	11.0585 0.387407,
	11.0585 0.380282,
	11.0603 0.373158,
	11.0709 0.358908,
	11.0781 0.354455,
	11.0852 0.351784,
	11.1137 0.349112,
	11.1279 0.348221,
	11.1564 0.350893,
	11.1707 0.351784,
	11.1778 0.351784,
	11.1849 0.353565,
	11.1912 0.367814,
	11.1938 0.374939,
	11.1947 0.382064,
	11.193 0.396313,
	11.1867 0.424812,
	11.1725 0.429265,
	11.1155 0.430156,
	11.1012 0.431046,
	11.0941 0.431046,
	11.0656 0.42125,
	11.0585 0.418578,
	11.0567 0.404328,
	11.0567 0.402547,
	"/>
</Transform>

<Transform dim="0"
 xcoef=" 0 1 0 0 0 0"
 ycoef=" 0 0 1 0 0 0">
<Contour name="d046_cfa04" hidden="false" closed="false" simplified="false" border="0 1 0" fill="0 1 0" mode="11"
 points="9.91061 1.68046,
	9.92451 1.68046,
	9.95787 1.68255,
	9.98914 1.68602,
	10.0559 1.72911,
	"/>
<Contour name="d046_c04" hidden="false" closed="true" simplified="true" border="1 0 0" fill="1 0 0" mode="11"
 points="9.90543 1.68171,
	9.91168 1.65948,
	9.91516 1.64836,
	9.91585 1.64697,
	9.96033 1.63654,
	9.96588 1.63585,
	10.0104 1.64349,
	10.0159 1.64488,
	10.0382 1.65948,
	10.0493 1.66712,
	10.0548 1.67059,
	10.0576 1.67268,
	10.0618 1.71715,
	10.0625 1.72271,
	10.0625 1.72549,
	10.0521 1.74773,
	10.0486 1.75329,
	10.0277 1.77553,
	10.0229 1.78039,
	10.0222 1.779,
	10.0166 1.78943,
	10.0131 1.79429,
	9.9909 1.79499,
	9.98534 1.79499,
	9.98256 1.79499,
	9.96033 1.78665,
	9.94921 1.78178,
	9.91168 1.73731,
	9.9096 1.73453,
	9.90612 1.69005,
	9.90543 1.68449,
	9.90543 1.68241,
	"/>
</Transform>

<Transform dim="0"
 xcoef=" 0 1 0 0 0 0"
 ycoef=" 0 0 1 0 0 0">
<Contour name="d046_c04" hidden="false" closed="true" simplified="true" border="1 0 0" fill="1 0 0" mode="11"
 points="9.54129 1.63585,
	9.54337 1.62473,
	9.56561 1.60875,
	9.57117 1.60527,
	9.66012 1.58998,
	9.66568 1.58929,
	9.71015 1.59207,
	9.72127 1.59415,
	9.76575 1.60875,
	9.78798 1.61639,
	9.80605 1.63863,
	9.81439 1.64975,
	9.81717 1.65253,
	9.81856 1.65531,
	9.81648 1.66642,
	9.80883 1.68866,
	9.80814 1.69978,
	9.80744 1.70256,
	9.80883 1.70534,
	9.80536 1.71576,
	9.80466 1.71507,
	9.79424 1.72549,
	9.78937 1.73105,
	9.78659 1.73383,
	9.78104 1.73592,
	9.77548 1.74078,
	9.77339 1.74217,
	9.7727 1.73939,
	9.772 1.7387,
	9.74976 1.74495,
	9.72753 1.74704,
	9.70529 1.74634,
	9.69417 1.74565,
	9.64969 1.738,
	9.64692 1.738,
	9.60244 1.71924,
	9.5802 1.7102,
	9.57464 1.70673,
	9.54824 1.66225,
	9.54476 1.6567,
	9.54198 1.64558,
	9.54129 1.64002,
	9.54129 1.63724,
	9.54129 1.63654,
	"/>
</Transform>

<Transform dim="0"
 xcoef=" 0 1 0 0 0 0"
 ycoef=" 0 0 1 0 0 0">
<Contour name="d046_cfa04" hidden="false" closed="false" simplified="false" border="0 1 0" fill="0 1 0" mode="11"
 points="9.543 1.65336,
	9.55064 1.64572,
	9.57774 1.63182,
	9.6528 1.62487,
	9.71325 1.63877,
	9.81471 1.66518,
	"/>
</Transform>

<Transform dim="1"
 xcoef=" 0.361080256218263 1 0 0 0 0"
 ycoef=" 0.45164581759761 0 1 0 0 0">
<Image mag="0.00201646" contrast="1.71032" brightness="-0.885" red="true" green="true" blue="true"
 src="023____z22.0.tif" />
<Contour name="domain1" hidden="false" closed="true" simplified="false" border="1 0 1" fill="1 0 1" mode="11"
 points="0 0,
	9551 0,
	9551 5063,
	0 5063,
	"/>
</Transform>

<Transform dim="0"
 xcoef=" 0 1 0 0 0 0"
 ycoef=" 0 0 1 0 0 0">
<Contour name="d046_cfa03b" hidden="false" closed="false" simplified="false" border="0 1 0" fill="0 1 0" mode="11"
 points="11.1441 0.0926043,
	11.2053 0.180526,
	11.2275 0.220861,
	11.2547 0.265728,
	11.2683 0.307423,
	"/>
</Transform>

<Transform dim="0"
 xcoef=" 0 1 0 0 0 0"
 ycoef=" 0 0 1 0 0 0">
<Contour name="d046_c03b" hidden="false" closed="true" simplified="true" border="1 0 0" fill="1 0 0" mode="11"
 points="11.1316 0.124027,
	11.1332 0.11551,
	11.1342 0.111252,
	11.1347 0.109122,
	11.1347 0.108058,
	11.1363 0.106461,
	11.1374 0.102202,
	11.1395 0.0979441,
	11.1395 0.0968795,
	11.1427 0.0936856,
	11.1433 0.0915564,
	11.1465 0.0878303,
	11.1507 0.0841041,
	11.1544 0.0814426,
	11.155 0.080378,
	11.156 0.080378,
	11.1592 0.0771842,
	11.1614 0.0761196,
	11.1651 0.0718611,
	11.1672 0.0697319,
	11.1693 0.0686673,
	11.1704 0.0665381,
	11.1773 0.0617473,
	11.1789 0.0596181,
	11.1811 0.0585535,
	11.1827 0.0564243,
	11.1864 0.0537628,
	11.1885 0.0521659,
	11.1896 0.0521659,
	11.1922 0.0495043,
	11.196 0.0479074,
	11.2045 0.0473751,
	11.213 0.0484397,
	11.2215 0.0516336,
	11.2236 0.0521659,
	11.2247 0.0532305,
	11.2268 0.0532305,
	11.2311 0.0548274,
	11.2391 0.0606827,
	11.246 0.0665381,
	11.2476 0.068135,
	11.2487 0.068135,
	11.2545 0.0739904,
	11.2566 0.0755873,
	11.2588 0.0793134,
	11.2625 0.0830395,
	11.2646 0.0846364,
	11.2657 0.0867657,
	11.2668 0.0867657,
	11.27 0.0904918,
	11.2726 0.0931533,
	11.2726 0.0942179,
	11.2737 0.0942179,
	11.2747 0.0963471,
	11.2758 0.0974118,
	11.2758 0.0984764,
	11.2769 0.099541,
	11.2774 0.10167,
	11.2806 0.105929,
	11.2838 0.109122,
	11.2896 0.117107,
	11.2896 0.118172,
	11.2907 0.119236,
	11.2907 0.120301,
	11.2918 0.120833,
	11.2918 0.121898,
	11.2928 0.122962,
	11.2928 0.124027,
	11.2955 0.127753,
	11.2987 0.13627,
	11.303 0.144255,
	11.3062 0.152771,
	11.3072 0.153836,
	11.3072 0.154901,
	11.3083 0.155965,
	11.3104 0.164482,
	11.3115 0.165014,
	11.3115 0.167144,
	11.3125 0.168208,
	11.3125 0.170337,
	11.3136 0.17087,
	11.3189 0.187904,
	11.3216 0.19642,
	11.3227 0.200679,
	11.3237 0.202808,
	11.3237 0.204937,
	11.3248 0.20547,
	11.3269 0.213986,
	11.3285 0.218245,
	11.3285 0.220374,
	11.3296 0.222503,
	11.3312 0.239537,
	11.3317 0.273605,
	11.3317 0.275734,
	11.3285 0.284251,
	11.3269 0.28638,
	11.3253 0.290638,
	11.3221 0.294364,
	11.3184 0.297026,
	11.3168 0.298623,
	11.3157 0.298623,
	11.3141 0.300752,
	11.3104 0.302881,
	11.3083 0.303946,
	11.3072 0.303946,
	11.3062 0.305011,
	11.3051 0.305011,
	11.303 0.306607,
	11.2987 0.30714,
	11.2976 0.308204,
	11.2934 0.308737,
	11.2891 0.310334,
	11.2721 0.312463,
	11.2636 0.312463,
	11.2593 0.311398,
	11.2551 0.309269,
	11.2529 0.309269,
	11.2487 0.307672,
	11.2444 0.305011,
	11.2401 0.304478,
	11.238 0.302881,
	11.2338 0.301284,
	11.23 0.298623,
	11.2295 0.297558,
	11.2284 0.297558,
	11.2263 0.295429,
	11.222 0.292768,
	11.2178 0.289041,
	11.2173 0.287977,
	11.2151 0.287445,
	11.2135 0.285848,
	11.2125 0.285848,
	11.2066 0.279992,
	11.2066 0.278928,
	11.2039 0.275202,
	11.2008 0.266685,
	11.2002 0.262426,
	11.1992 0.260297,
	11.1986 0.25178,
	11.1986 0.249651,
	11.1928 0.242199,
	11.189 0.238472,
	11.1864 0.234746,
	11.1853 0.232617,
	11.1832 0.23102,
	11.1779 0.222503,
	11.1752 0.218245,
	11.1736 0.216648,
	11.1731 0.214519,
	11.1704 0.21026,
	11.1704 0.209196,
	11.1693 0.208663,
	11.1693 0.206534,
	11.1683 0.20547,
	11.1683 0.204405,
	11.1672 0.20334,
	11.1672 0.202276,
	11.1651 0.200147,
	11.1651 0.198017,
	11.163 0.195888,
	11.1614 0.192162,
	11.1587 0.188436,
	11.1587 0.187371,
	11.1576 0.186307,
	11.1576 0.185242,
	11.1555 0.183645,
	11.155 0.181516,
	11.1518 0.17779,
	11.1518 0.176725,
	11.1459 0.168208,
	11.1459 0.167144,
	11.1427 0.163418,
	11.1427 0.162353,
	11.1411 0.160224,
	11.1401 0.159159,
	11.1385 0.154901,
	11.1385 0.152771,
	11.1374 0.152239,
	11.1342 0.144255,
	11.1321 0.135738,
	11.1316 0.127221,
	11.1316 0.125092,
	11.1316 0.124559,
	"/>
</Transform>

<Transform dim="0"
 xcoef=" 0 1 0 0 0 0"
 ycoef=" 0 0 1 0 0 0">
<Contour name="d046_p07" hidden="false" closed="true" simplified="true" border="1 1 0" fill="1 1 0" mode="11"
 points="12.2486 1.96945,
	12.2517 1.95539,
	12.253 1.94836,
	12.2548 1.94484,
	12.2557 1.94133,
	12.2566 1.94001,
	12.2566 1.93825,
	12.2574 1.93649,
	12.2574 1.93562,
	12.2583 1.93518,
	12.2592 1.93166,
	12.2601 1.93034,
	12.2601 1.92946,
	12.2609 1.92858,
	12.2609 1.92771,
	12.2618 1.92683,
	12.2627 1.92375,
	12.2671 1.91672,
	12.2675 1.91496,
	12.2706 1.91145,
	12.2719 1.91013,
	12.2728 1.91013,
	12.2785 1.9053,
	12.2856 1.90134,
	12.2926 1.89914,
	12.2996 1.89827,
	12.3137 1.89827,
	12.3207 1.8987,
	12.3348 1.90266,
	12.3378 1.90398,
	12.3396 1.90486,
	12.3431 1.9053,
	12.344 1.90617,
	12.3458 1.90617,
	12.3466 1.90705,
	12.3502 1.90837,
	12.3572 1.90969,
	12.3708 1.91408,
	12.3778 1.91672,
	12.3796 1.91716,
	12.3805 1.91716,
	12.3809 1.91804,
	12.3844 1.91848,
	12.3915 1.92068,
	12.3932 1.92155,
	12.395 1.92155,
	12.409 1.92595,
	12.4099 1.92639,
	12.4099 1.92727,
	12.413 1.93034,
	12.4147 1.93166,
	12.4161 1.93518,
	12.4161 1.94924,
	12.4152 1.95275,
	12.4152 1.95451,
	12.4099 1.96857,
	12.4086 1.97209,
	12.4064 1.97516,
	12.4055 1.97604,
	12.4042 1.97956,
	12.4038 1.98131,
	12.4029 1.98219,
	12.4016 1.98571,
	12.4016 1.98659,
	12.4007 1.98747,
	12.4007 1.98835,
	12.3998 1.98922,
	12.3976 1.99625,
	12.3941 2.00329,
	12.3937 2.00504,
	12.3915 2.00856,
	12.3901 2.01207,
	12.3862 2.0191,
	12.3857 2.02086,
	12.3849 2.02174,
	12.3818 2.02877,
	12.3805 2.03185,
	12.3783 2.03536,
	12.3726 2.04195,
	12.3704 2.04547,
	12.3638 2.04942,
	12.3497 2.05074,
	12.3356 2.05074,
	12.3286 2.04986,
	12.3146 2.04547,
	12.3075 2.04283,
	12.304 2.04107,
	12.3023 2.04064,
	12.3014 2.04064,
	12.3005 2.03976,
	12.2987 2.03976,
	12.2952 2.03844,
	12.2935 2.03756,
	12.2926 2.03756,
	12.2891 2.03536,
	12.2825 2.03229,
	12.279 2.03097,
	12.2785 2.03009,
	12.2728 2.02701,
	12.2662 2.02218,
	12.2566 2.00944,
	12.2544 2.00592,
	12.2544 2.00504,
	12.253 2.00329,
	12.253 2.00241,
	12.2522 2.00197,
	12.25 1.99494,
	12.2486 1.98791,
	12.2486 1.97384,
	12.2486 1.97033,
	12.2486 1.96989,
	"/>
</Transform>

<Transform dim="0"
 xcoef=" 0 1 0 0 0 0"
 ycoef=" 0 0 1 0 0 0">
<Contour name="d046_SER_p04" hidden="false" closed="true" simplified="false" border="1 0.501961 0" fill="1 0.501961 0" mode="11"
 points="10.2173 1.47579,
	10.2173 1.45827,
	10.2349 1.45827,
	10.2349 1.44074,
	10.2524 1.44074,
	10.2524 1.45827,
	10.2699 1.45827,
	10.2699 1.47579,
	10.2524 1.47579,
	10.2524 1.49332,
	10.2349 1.49332,
	10.2349 1.47579,
	"/>
</Transform>

</Section>