<?xml version="1.0"?>
<!DOCTYPE Section SYSTEM "section.dtd">

<Section index="33" thickness="0.052" alignLocked="true">
<Transform dim="3"
 xcoef=" 1.63796250905573 1.25456401399526 0 0 0 0"
 ycoef=" 1.14318279452325 0 1.25456401399526 0 0 0">
<Contour name="D019" hidden="false" closed="true" simplified="true" border="0 0 1" fill="0 0 1" mode="13"
 points="9.90982 6.11861,
	9.91313 6.09031,
	9.92297 6.06284,
	9.93904 6.03702,
	9.96088 6.01361,
	9.98783 5.9933,
	10.0191 5.9767,
	10.0538 5.9643,
	10.0908 5.95645,
	10.1291 5.9534,
	10.1676 5.95523,
	10.205 5.9619,
	10.2404 5.97319,
	10.2726 5.98878,
	10.3007 6.00821,
	10.3239 6.03091,
	10.3414 6.0562,
	10.3529 6.08333,
	10.3578 6.1115,
	10.3562 6.13989,
	10.3479 6.16764,
	10.3334 6.19395,
	10.3129 6.21803,
	10.2872 6.23917,
	10.2569 6.25675,
	10.223 6.27024,
	10.1865 6.27925,
	10.1484 6.28352,
	10.1099 6.28291,
	10.072 6.27744,
	10.0361 6.26728,
	10.003 6.25272,
	9.97376 6.2342,
	9.94928 6.21226,
	9.93025 6.18755,
	9.91725 6.16081,
	"/>
</Transform>

<Transform dim="3"
 xcoef=" 1.63796250905573 1.25456401399526 0 0 0 0"
 ycoef=" 1.14318279452325 0 1.25456401399526 0 0 0">
<Contour name="D020" hidden="false" closed="true" simplified="true" border="0 0 1" fill="0 0 1" mode="13"
 points="14.2049 8.9139,
	14.2065 8.88971,
	14.2113 8.86598,
	14.2192 8.84319,
	14.23 8.82177,
	14.2435 8.80215,
	14.2594 8.7847,
	14.2775 8.76977,
	14.2974 8.75764,
	14.3187 8.74855,
	14.341 8.74269,
	14.3639 8.74015,
	14.3868 8.741,
	14.4095 8.74521,
	14.4313 8.7527,
	14.452 8.76334,
	14.471 8.7769,
	14.4881 8.79313,
	14.5029 8.81171,
	14.5151 8.83228,
	14.5244 8.85444,
	14.5307 8.87776,
	14.5339 8.90177,
	14.5339 8.92603,
	14.5307 8.95005,
	14.5244 8.97336,
	14.5151 8.99552,
	14.5029 9.01609,
	14.4881 9.03467,
	14.471 9.0509,
	14.452 9.06447,
	14.4313 9.0751,
	14.4095 9.08259,
	14.3868 9.08681,
	14.3639 9.08765,
	14.341 9.08512,
	14.3187 9.07925,
	14.2974 9.07016,
	14.2775 9.05804,
	14.2594 9.0431,
	14.2435 9.02566,
	14.23 9.00603,
	14.2192 8.98462,
	14.2113 8.96182,
	"/>
</Transform>

<Transform dim="3"
 xcoef=" 1.63796250905573 1.25456401399526 0 0 0 0"
 ycoef=" 1.14318279452325 0 1.25456401399526 0 0 0">
<Contour name="D021" hidden="false" closed="true" simplified="true" border="0 0 1" fill="0 0 1" mode="13"
 points="8.37917 7.72436,
	8.38171 7.68241,
	8.38928 7.64124,
	8.40173 7.60162,
	8.41885 7.56428,
	8.4403 7.52993,
	8.46569 7.4992,
	8.49454 7.47266,
	8.52632 7.45082,
	8.56044 7.43406,
	8.59626 7.42272,
	8.63311 7.41699,
	8.6703 7.41699,
	8.70715 7.42272,
	8.74297 7.43406,
	8.77709 7.45082,
	8.80887 7.47266,
	8.83772 7.4992,
	8.86311 7.52993,
	8.88456 7.56428,
	8.90167 7.60162,
	8.91413 7.64124,
	8.9217 7.68241,
	8.92424 7.72436,
	8.9217 7.76631,
	8.91413 7.80747,
	8.90167 7.8471,
	8.88456 7.88443,
	8.86311 7.91878,
	8.83772 7.94951,
	8.80887 7.97605,
	8.77709 7.9979,
	8.74297 8.01465,
	8.70715 8.02599,
	8.6703 8.03172,
	8.63311 8.03172,
	8.59626 8.02599,
	8.56044 8.01465,
	8.52632 7.9979,
	8.49454 7.97605,
	8.46569 7.94951,
	8.4403 7.91878,
	8.41885 7.88443,
	8.40173 7.8471,
	8.38928 7.80747,
	8.38171 7.76631,
	"/>
</Transform>

<Transform dim="3"
 xcoef=" 1.63796250905573 1.25456401399526 0 0 0 0"
 ycoef=" 1.14318279452325 0 1.25456401399526 0 0 0">
<Contour name="D022" hidden="false" closed="true" simplified="true" border="0 0 1" fill="0 0 1" mode="13"
 points="19.7195 9.25035,
	19.7226 9.22156,
	19.7319 9.19331,
	19.7471 9.16612,
	19.768 9.1405,
	19.7942 9.11693,
	19.8253 9.09584,
	19.8605 9.07763,
	19.8994 9.06264,
	19.9411 9.05114,
	19.9849 9.04336,
	20.03 9.03943,
	20.0754 9.03943,
	20.1205 9.04336,
	20.1643 9.05114,
	20.206 9.06264,
	20.2448 9.07763,
	20.2801 9.09584,
	20.3112 9.11693,
	20.3374 9.1405,
	20.3583 9.16612,
	20.3735 9.19331,
	20.3828 9.22156,
	20.3859 9.25035,
	20.3828 9.27913,
	20.3735 9.30738,
	20.3583 9.33457,
	20.3374 9.36019,
	20.3112 9.38376,
	20.2801 9.40485,
	20.2448 9.42306,
	20.206 9.43805,
	20.1643 9.44955,
	20.1205 9.45733,
	20.0754 9.46126,
	20.03 9.46126,
	19.9849 9.45733,
	19.9411 9.44955,
	19.8994 9.43805,
	19.8605 9.42306,
	19.8253 9.40485,
	19.7942 9.38376,
	19.768 9.36019,
	19.7471 9.33457,
	19.7319 9.30738,
	19.7226 9.27913,
	"/>
</Transform>

<Transform dim="3"
 xcoef=" 1.63796250905573 1.25456401399526 0 0 0 0"
 ycoef=" 1.14318279452325 0 1.25456401399526 0 0 0">
<Contour name="D023" hidden="false" closed="true" simplified="true" border="0 0 1" fill="0 0 1" mode="13"
 points="10.8256 5.89802,
	10.826 5.87852,
	10.8274 5.85907,
	10.8297 5.83975,
	10.8329 5.82061,
	10.8369 5.80171,
	10.8419 5.7831,
	10.8476 5.76485,
	10.8543 5.74701,
	10.8617 5.72964,
	10.87 5.71279,
	10.879 5.69651,
	10.8888 5.68085,
	10.8993 5.66587,
	10.9105 5.6516,
	10.9223 5.6381,
	10.9348 5.62539,
	10.9478 5.61353,
	10.9613 5.60255,
	10.9754 5.59249,
	10.9899 5.58336,
	11.0048 5.57521,
	11.02 5.56806,
	11.0356 5.56193,
	11.0514 5.55684,
	11.0674 5.5528,
	11.0836 5.54983,
	11.1 5.54793,
	11.1163 5.54712,
	11.1327 5.54739,
	11.1491 5.54874,
	11.1653 5.55118,
	11.1815 5.55468,
	11.1974 5.55925,
	11.2131 5.56487,
	11.2285 5.57151,
	11.2436 5.57917,
	11.2583 5.58781,
	11.2726 5.5974,
	11.2864 5.60793,
	11.2996 5.61936,
	11.3124 5.63164,
	11.3245 5.64475,
	11.336 5.65864,
	11.3469 5.67327,
	11.357 5.6886,
	11.3664 5.70457,
	11.3751 5.72115,
	11.383 5.73826,
	11.39 5.75588,
	11.3962 5.77393,
	11.4016 5.79236,
	11.4061 5.81112,
	11.4097 5.83015,
	11.4124 5.84939,
	11.4142 5.86878,
	11.4152 5.88827,
	11.4152 5.90778,
	11.4142 5.92726,
	11.4124 5.94665,
	11.4097 5.96589,
	11.4061 5.98492,
	11.4016 6.00368,
	11.3962 6.02211,
	11.39 6.04017,
	11.383 6.05778,
	11.3751 6.0749,
	11.3664 6.09147,
	11.357 6.10744,
	11.3469 6.12277,
	11.336 6.1374,
	11.3245 6.15129,
	11.3124 6.1644,
	11.2996 6.17669,
	11.2864 6.18811,
	11.2726 6.19864,
	11.2583 6.20824,
	11.2436 6.21688,
	11.2285 6.22453,
	11.2131 6.23117,
	11.1974 6.23679,
	11.1815 6.24136,
	11.1653 6.24486,
	11.1491 6.2473,
	11.1327 6.24865,
	11.1163 6.24892,
	11.1 6.24811,
	11.0836 6.24622,
	11.0674 6.24324,
	11.0514 6.2392,
	11.0356 6.23411,
	11.02 6.22798,
	11.0048 6.22083,
	10.9899 6.21268,
	10.9754 6.20355,
	10.9613 6.19349,
	10.9478 6.18251,
	10.9348 6.17065,
	10.9223 6.15795,
	10.9105 6.14444,
	10.8993 6.13017,
	10.8888 6.11519,
	10.879 6.09953,
	10.87 6.08325,
	10.8617 6.0664,
	10.8543 6.04903,
	10.8476 6.03119,
	10.8419 6.01294,
	10.8369 5.99434,
	10.8329 5.97543,
	10.8297 5.95629,
	10.8274 5.93697,
	10.826 5.91752,
	"/>
</Transform>

<Transform dim="3"
 xcoef=" 1.63796250905573 1.25456401399526 0 0 0 0"
 ycoef=" 1.14318279452325 0 1.25456401399526 0 0 0">
<Contour name="D024_edge" hidden="false" closed="true" simplified="true" border="0 0 1" fill="0 0 1" mode="13"
 points="15.4208 12.6224,
	15.4215 12.6035,
	15.4234 12.5847,
	15.4266 12.5663,
	15.431 12.5484,
	15.4366 12.5312,
	15.4434 12.5149,
	15.4512 12.4997,
	15.46 12.4856,
	15.4698 12.4728,
	15.4803 12.4615,
	15.4916 12.4518,
	15.5035 12.4436,
	15.5159 12.4372,
	15.5286 12.4326,
	15.5416 12.4298,
	15.5547 12.4289,
	15.5679 12.4298,
	15.5809 12.4326,
	15.5936 12.4372,
	15.606 12.4436,
	15.6179 12.4518,
	15.6291 12.4615,
	15.6397 12.4728,
	15.6494 12.4856,
	15.6582 12.4997,
	15.6661 12.5149,
	15.6728 12.5312,
	15.6784 12.5484,
	15.6829 12.5663,
	15.6861 12.5847,
	15.688 12.6035,
	15.6886 12.6224,
	15.688 12.6414,
	15.6861 12.6602,
	15.6829 12.6786,
	15.6784 12.6965,
	15.6728 12.7137,
	15.6661 12.73,
	15.6582 12.7452,
	15.6494 12.7593,
	15.6397 12.7721,
	15.6291 12.7834,
	15.6179 12.7931,
	15.606 12.8012,
	15.5936 12.8076,
	15.5809 12.8123,
	15.5679 12.8151,
	15.5547 12.816,
	15.5416 12.8151,
	15.5286 12.8123,
	15.5159 12.8076,
	15.5035 12.8012,
	15.4916 12.7931,
	15.4803 12.7834,
	15.4698 12.7721,
	15.46 12.7593,
	15.4512 12.7452,
	15.4434 12.73,
	15.4366 12.7137,
	15.431 12.6965,
	15.4266 12.6786,
	15.4234 12.6602,
	"/>
</Transform>

<Transform dim="3"
 xcoef=" 1.63796250905573 1.25456401399526 0 0 0 0"
 ycoef=" 1.14318279452325 0 1.25456401399526 0 0 0">
<Contour name="D025" hidden="false" closed="true" simplified="true" border="0 0 1" fill="0 0 1" mode="13"
 points="6.03416 5.3456,
	6.03545 5.32806,
	6.03928 5.31072,
	6.04563 5.29377,
	6.05441 5.27742,
	6.06553 5.26183,
	6.07886 5.24719,
	6.09425 5.23367,
	6.11153 5.22141,
	6.1305 5.21057,
	6.15094 5.20125,
	6.17263 5.19357,
	6.19531 5.18761,
	6.21874 5.18344,
	6.24264 5.18111,
	6.26674 5.18064,
	6.29078 5.18204,
	6.31448 5.1853,
	6.33757 5.19037,
	6.35979 5.1972,
	6.38088 5.20571,
	6.40061 5.21581,
	6.41876 5.22737,
	6.43512 5.24028,
	6.4495 5.25438,
	6.46174 5.26951,
	6.47171 5.28551,
	6.47928 5.30219,
	6.48438 5.31935,
	6.48694 5.33682,
	6.48694 5.35439,
	6.48438 5.37185,
	6.47928 5.38902,
	6.47171 5.4057,
	6.46174 5.42169,
	6.4495 5.43682,
	6.43512 5.45092,
	6.41876 5.46383,
	6.40061 5.4754,
	6.38088 5.48549,
	6.35979 5.49401,
	6.33757 5.50083,
	6.31448 5.50591,
	6.29078 5.50916,
	6.26674 5.51056,
	6.24264 5.51009,
	6.21874 5.50776,
	6.19531 5.50359,
	6.17263 5.49764,
	6.15094 5.48995,
	6.1305 5.48064,
	6.11153 5.46979,
	6.09425 5.45754,
	6.07886 5.44401,
	6.06553 5.42938,
	6.05441 5.41379,
	6.04563 5.39743,
	6.03928 5.38048,
	6.03545 5.36314,
	"/>
</Transform>

<Transform dim="3"
 xcoef=" 1.63796250905573 1.25456401399526 0 0 0 0"
 ycoef=" 1.14318279452325 0 1.25456401399526 0 0 0">
<Contour name="D026_edge" hidden="false" closed="true" simplified="true" border="0 0 1" fill="0 0 1" mode="13"
 points="2.09826 5.45184,
	2.09951 5.43484,
	2.10324 5.41796,
	2.10943 5.40129,
	2.11805 5.38495,
	2.12903 5.36905,
	2.14231 5.35368,
	2.15779 5.33895,
	2.17538 5.32495,
	2.19497 5.31177,
	2.21642 5.2995,
	2.2396 5.28822,
	2.26435 5.27801,
	2.29053 5.26891,
	2.31795 5.26101,
	2.34644 5.25434,
	2.37581 5.24895,
	2.40588 5.24488,
	2.43645 5.24215,
	2.46731 5.24079,
	2.49828 5.24079,
	2.52915 5.24215,
	2.55971 5.24488,
	2.58978 5.24895,
	2.61916 5.25434,
	2.64765 5.26101,
	2.67507 5.26891,
	2.70124 5.27801,
	2.726 5.28822,
	2.74918 5.2995,
	2.77063 5.31177,
	2.79021 5.32495,
	2.80781 5.33895,
	2.82329 5.35368,
	2.83656 5.36905,
	2.84755 5.38495,
	2.85616 5.40129,
	2.86236 5.41796,
	2.86609 5.43484,
	2.86734 5.45184,
	2.86609 5.46884,
	2.86236 5.48572,
	2.85616 5.50239,
	2.84755 5.51873,
	2.83656 5.53463,
	2.82329 5.55,
	2.80781 5.56473,
	2.79021 5.57873,
	2.77063 5.59191,
	2.74918 5.60418,
	2.726 5.61546,
	2.70124 5.62568,
	2.67507 5.63477,
	2.64765 5.64267,
	2.61916 5.64934,
	2.58978 5.65473,
	2.55971 5.6588,
	2.52915 5.66153,
	2.49828 5.66289,
	2.46731 5.66289,
	2.43645 5.66153,
	2.40588 5.6588,
	2.37581 5.65473,
	2.34644 5.64934,
	2.31795 5.64267,
	2.29053 5.63477,
	2.26435 5.62568,
	2.2396 5.61546,
	2.21642 5.60418,
	2.19497 5.59191,
	2.17538 5.57873,
	2.15779 5.56473,
	2.14231 5.55,
	2.12903 5.53463,
	2.11805 5.51873,
	2.10943 5.50239,
	2.10324 5.48572,
	"/>
</Transform>

<Transform dim="3"
 xcoef=" 1.63796250905573 1.25456401399526 0 0 0 0"
 ycoef=" 1.14318279452325 0 1.25456401399526 0 0 0">
<Contour name="D028" hidden="false" closed="true" simplified="true" border="0 0 1" fill="0 0 1" mode="13"
 points="11.9741 10.0214,
	11.9775 10.0019,
	11.9875 9.98298,
	12.0039 9.96496,
	12.0264 9.94832,
	12.0542 9.93349,
	12.0869 9.92083,
	12.1234 9.91063,
	12.1631 9.90317,
	12.2048 9.89862,
	12.2476 9.89709,
	12.2904 9.89862,
	12.3321 9.90317,
	12.3718 9.91063,
	12.4083 9.92083,
	12.441 9.93349,
	12.4688 9.94832,
	12.4913 9.96496,
	12.5077 9.98298,
	12.5177 10.0019,
	12.5211 10.0214,
	12.5177 10.0408,
	12.5077 10.0598,
	12.4913 10.0778,
	12.4688 10.0945,
	12.441 10.1093,
	12.4083 10.122,
	12.3718 10.1321,
	12.3321 10.1396,
	12.2904 10.1442,
	12.2476 10.1457,
	12.2048 10.1442,
	12.1631 10.1396,
	12.1234 10.1321,
	12.0869 10.122,
	12.0542 10.1093,
	12.0264 10.0945,
	12.0039 10.0778,
	11.9875 10.0598,
	"/>
</Transform>

<Transform dim="3"
 xcoef=" 1.63796250905573 1.25456401399526 0 0 0 0"
 ycoef=" 1.14318279452325 0 1.25456401399526 0 0 0">
<Contour name="D029_edge" hidden="false" closed="true" simplified="true" border="0 0 1" fill="0 0 1" mode="13"
 points="11.3841 12.252,
	11.3863 12.2266,
	11.3927 12.2016,
	11.4033 12.1775,
	11.4179 12.1546,
	11.4363 12.1334,
	11.458 12.1142,
	11.4829 12.0972,
	11.5104 12.0829,
	11.5401 12.0713,
	11.5715 12.0629,
	11.6041 12.0575,
	11.6373 12.0555,
	11.6705 12.0567,
	11.7033 12.0612,
	11.7351 12.0689,
	11.7653 12.0797,
	11.7934 12.0934,
	11.8189 12.1097,
	11.8415 12.1284,
	11.8607 12.1492,
	11.8763 12.1717,
	11.8879 12.1955,
	11.8954 12.2203,
	11.8986 12.2456,
	11.8975 12.271,
	11.8922 12.2962,
	11.8826 12.3205,
	11.869 12.3437,
	11.8515 12.3654,
	11.8306 12.3852,
	11.8065 12.4028,
	11.7796 12.4178,
	11.7504 12.43,
	11.7194 12.4393,
	11.687 12.4454,
	11.6539 12.4483,
	11.6206 12.4479,
	11.5877 12.4442,
	11.5556 12.4372,
	11.525 12.4272,
	11.4963 12.4143,
	11.4701 12.3986,
	11.4467 12.3805,
	11.4266 12.3602,
	11.4101 12.3381,
	11.3975 12.3145,
	11.389 12.2899,
	"/>
</Transform>

<Transform dim="3"
 xcoef=" 1.63796250905573 1.25456401399526 0 0 0 0"
 ycoef=" 1.14318279452325 0 1.25456401399526 0 0 0">
<Contour name="D030" hidden="false" closed="true" simplified="true" border="0 0 1" fill="0 0 1" mode="13"
 points="11.8386 6.27883,
	11.8403 6.24708,
	11.8454 6.21647,
	11.8535 6.18812,
	11.8646 6.16305,
	11.8781 6.14216,
	11.8935 6.12621,
	11.9104 6.11578,
	11.928 6.11124,
	11.9458 6.11276,
	11.9632 6.12028,
	11.9794 6.13353,
	11.9939 6.15203,
	12.0063 6.17512,
	12.0159 6.20195,
	12.0225 6.23156,
	12.0259 6.26288,
	12.0259 6.29478,
	12.0225 6.3261,
	12.0159 6.35571,
	12.0063 6.38254,
	11.9939 6.40562,
	11.9794 6.42412,
	11.9632 6.43737,
	11.9458 6.44489,
	11.928 6.44641,
	11.9104 6.44187,
	11.8935 6.43144,
	11.8781 6.41549,
	11.8646 6.39461,
	11.8535 6.36953,
	11.8454 6.34118,
	"/>
</Transform>

<Transform dim="3"
 xcoef=" 1.63796250905573 1.25456401399526 0 0 0 0"
 ycoef=" 1.14318279452325 0 1.25456401399526 0 0 0">
<Contour name="D031" hidden="false" closed="true" simplified="true" border="0 0 1" fill="0 0 1" mode="13"
 points="13.3447 7.81398,
	13.3461 7.79471,
	13.3502 7.77579,
	13.357 7.75759,
	13.3662 7.74044,
	13.3779 7.72466,
	13.3916 7.71055,
	13.4072 7.69835,
	13.4245 7.68832,
	13.443 7.68062,
	13.4624 7.67541,
	13.4823 7.67278,
	13.5025 7.67278,
	13.5225 7.67541,
	13.5419 7.68062,
	13.5604 7.68832,
	13.5776 7.69835,
	13.5932 7.71055,
	13.607 7.72466,
	13.6186 7.74044,
	13.6279 7.75759,
	13.6346 7.77579,
	13.6387 7.79471,
	13.6401 7.81398,
	13.6387 7.83325,
	13.6346 7.85216,
	13.6279 7.87036,
	13.6186 7.88751,
	13.607 7.90329,
	13.5932 7.91741,
	13.5776 7.9296,
	13.5604 7.93964,
	13.5419 7.94733,
	13.5225 7.95255,
	13.5025 7.95518,
	13.4823 7.95518,
	13.4624 7.95255,
	13.443 7.94733,
	13.4245 7.93964,
	13.4072 7.9296,
	13.3916 7.91741,
	13.3779 7.90329,
	13.3662 7.88751,
	13.357 7.87036,
	13.3502 7.85216,
	13.3461 7.83325,
	"/>
</Transform>

<Transform dim="3"
 xcoef=" 1.63796250905573 1.25456401399526 0 0 0 0"
 ycoef=" 1.14318279452325 0 1.25456401399526 0 0 0">
<Contour name="D032" hidden="false" closed="true" simplified="true" border="0 0 1" fill="0 0 1" mode="13"
 points="7.71549 5.85567,
	7.71618 5.8306,
	7.71823 5.80576,
	7.72165 5.78137,
	7.72638 5.75765,
	7.73239 5.73482,
	7.73962 5.71308,
	7.74801 5.69264,
	7.75749 5.67367,
	7.76796 5.65635,
	7.77933 5.64084,
	7.7915 5.62727,
	7.80436 5.61577,
	7.81779 5.60644,
	7.83167 5.59937,
	7.84587 5.59462,
	7.86027 5.59224,
	7.87474 5.59224,
	7.88914 5.59462,
	7.90335 5.59937,
	7.91723 5.60644,
	7.93066 5.61577,
	7.94352 5.62727,
	7.95569 5.64084,
	7.96706 5.65635,
	7.97753 5.67367,
	7.987 5.69264,
	7.99539 5.71308,
	8.00263 5.73482,
	8.00864 5.75765,
	8.01337 5.78137,
	8.01678 5.80576,
	8.01884 5.8306,
	8.01953 5.85567,
	8.01884 5.88074,
	8.01678 5.90558,
	8.01337 5.92997,
	8.00864 5.95369,
	8.00263 5.97652,
	7.99539 5.99825,
	7.987 6.0187,
	7.97753 6.03766,
	7.96706 6.05498,
	7.95569 6.0705,
	7.94352 6.08407,
	7.93066 6.09557,
	7.91723 6.10489,
	7.90335 6.11196,
	7.88914 6.11671,
	7.87474 6.1191,
	7.86027 6.1191,
	7.84587 6.11671,
	7.83167 6.11196,
	7.81779 6.10489,
	7.80436 6.09557,
	7.7915 6.08407,
	7.77933 6.0705,
	7.76796 6.05498,
	7.75749 6.03766,
	7.74801 6.0187,
	7.73962 5.99825,
	7.73239 5.97652,
	7.72638 5.95369,
	7.72165 5.92997,
	7.71823 5.90558,
	"/>
</Transform>

<Transform dim="3"
 xcoef=" 1.63796250905573 1.25456401399526 0 0 0 0"
 ycoef=" 1.14318279452325 0 1.25456401399526 0 0 0">
<Contour name="D033" hidden="false" closed="true" simplified="true" border="0 0 1" fill="0 0 1" mode="13"
 points="15.3152 4.805,
	15.316 4.79246,
	15.3183 4.78006,
	15.322 4.76791,
	15.3273 4.75614,
	15.3339 4.74487,
	15.3419 4.73422,
	15.3511 4.72429,
	15.3615 4.7152,
	15.373 4.70702,
	15.3853 4.69985,
	15.3985 4.69376,
	15.4124 4.68881,
	15.4268 4.68505,
	15.4416 4.68253,
	15.4566 4.68126,
	15.4716 4.68126,
	15.4866 4.68253,
	15.5014 4.68505,
	15.5158 4.68881,
	15.5297 4.69376,
	15.5429 4.69985,
	15.5552 4.70702,
	15.5667 4.7152,
	15.5771 4.72429,
	15.5863 4.73422,
	15.5943 4.74487,
	15.6009 4.75614,
	15.6062 4.76791,
	15.6099 4.78006,
	15.6122 4.79246,
	15.613 4.805,
	15.6122 4.81753,
	15.6099 4.82994,
	15.6062 4.84209,
	15.6009 4.85386,
	15.5943 4.86513,
	15.5863 4.87578,
	15.5771 4.8857,
	15.5667 4.8948,
	15.5552 4.90298,
	15.5429 4.91015,
	15.5297 4.91624,
	15.5158 4.92119,
	15.5014 4.92494,
	15.4866 4.92747,
	15.4716 4.92874,
	15.4566 4.92874,
	15.4416 4.92747,
	15.4268 4.92494,
	15.4124 4.92119,
	15.3985 4.91624,
	15.3853 4.91015,
	15.373 4.90298,
	15.3615 4.8948,
	15.3511 4.8857,
	15.3419 4.87578,
	15.3339 4.86513,
	15.3273 4.85386,
	15.322 4.84209,
	15.3183 4.82994,
	15.316 4.81753,
	"/>
</Transform>

<Transform dim="3"
 xcoef=" 1.63796250905573 1.25456401399526 0 0 0 0"
 ycoef=" 1.14318279452325 0 1.25456401399526 0 0 0">
<Contour name="D034" hidden="false" closed="true" simplified="true" border="0 0 1" fill="0 0 1" mode="13"
 points="12.0664 3.33994,
	12.067 3.32379,
	12.0687 3.30769,
	12.0714 3.29173,
	12.0753 3.27595,
	12.0802 3.26044,
	12.0862 3.24524,
	12.0933 3.23041,
	12.1013 3.21603,
	12.1103 3.20213,
	12.1203 3.18879,
	12.1311 3.17605,
	12.1428 3.16396,
	12.1553 3.15258,
	12.1686 3.14194,
	12.1826 3.13209,
	12.1972 3.12307,
	12.2124 3.11491,
	12.2282 3.10765,
	12.2444 3.10132,
	12.261 3.09593,
	12.278 3.09152,
	12.2952 3.0881,
	12.3127 3.08569,
	12.3302 3.08429,
	12.3478 3.0839,
	12.3655 3.08454,
	12.383 3.0862,
	12.4004 3.08887,
	12.4175 3.09253,
	12.4344 3.09719,
	12.451 3.10281,
	12.4671 3.10938,
	12.4827 3.11687,
	12.4978 3.12524,
	12.5122 3.13447,
	12.526 3.14452,
	12.5391 3.15535,
	12.5515 3.16692,
	12.5629 3.17917,
	12.5736 3.19207,
	12.5833 3.20556,
	12.5921 3.21958,
	12.5999 3.23408,
	12.6066 3.249,
	12.6124 3.26429,
	12.6171 3.27988,
	12.6206 3.2957,
	12.6231 3.31171,
	12.6245 3.32782,
	12.6248 3.34398,
	12.624 3.36013,
	12.622 3.3762,
	12.619 3.39212,
	12.6149 3.40784,
	12.6096 3.42328,
	12.6034 3.43839,
	12.5961 3.45311,
	12.5878 3.46738,
	12.5786 3.48114,
	12.5684 3.49434,
	12.5573 3.50692,
	12.5454 3.51884,
	12.5327 3.53004,
	12.5192 3.54049,
	12.5051 3.55013,
	12.4903 3.55894,
	12.4749 3.56688,
	12.4591 3.57391,
	12.4427 3.58001,
	12.426 3.58515,
	12.409 3.58931,
	12.3917 3.59248,
	12.3742 3.59464,
	12.3567 3.59579,
	12.339 3.59592,
	12.3214 3.59502,
	12.3039 3.59312,
	12.2866 3.5902,
	12.2695 3.58628,
	12.2527 3.58138,
	12.2363 3.57552,
	12.2203 3.56872,
	12.2048 3.56101,
	12.1898 3.55242,
	12.1755 3.54298,
	12.1619 3.53273,
	12.149 3.52171,
	12.1369 3.50997,
	12.1256 3.49755,
	12.1152 3.4845,
	12.1057 3.47087,
	12.0972 3.45673,
	12.0896 3.44211,
	12.0831 3.42709,
	12.0776 3.41173,
	12.0732 3.39607,
	12.0699 3.3802,
	12.0677 3.36416,
	"/>
</Transform>

<Transform dim="3"
 xcoef=" 1.63796250905573 1.25456401399526 0 0 0 0"
 ycoef=" 1.14318279452325 0 1.25456401399526 0 0 0">
<Contour name="D035" hidden="false" closed="true" simplified="true" border="0 0 1" fill="0 0 1" mode="13"
 points="8.54856 4.27439,
	8.54915 4.25782,
	8.55093 4.24133,
	8.55389 4.225,
	8.558 4.20889,
	8.56326 4.19309,
	8.56964 4.17767,
	8.57711 4.1627,
	8.58563 4.14825,
	8.59517 4.13438,
	8.60568 4.12117,
	8.61711 4.10868,
	8.6294 4.09696,
	8.64251 4.08606,
	8.65636 4.07604,
	8.6709 4.06695,
	8.68606 4.05883,
	8.70176 4.05171,
	8.71794 4.04563,
	8.73451 4.04061,
	8.75141 4.03669,
	8.76854 4.03387,
	8.78584 4.03217,
	8.80322 4.03161,
	8.8206 4.03217,
	8.8379 4.03387,
	8.85503 4.03669,
	8.87193 4.04061,
	8.8885 4.04563,
	8.90468 4.05171,
	8.92038 4.05883,
	8.93554 4.06695,
	8.95008 4.07604,
	8.96393 4.08606,
	8.97704 4.09696,
	8.98934 4.10868,
	9.00076 4.12117,
	9.01127 4.13438,
	9.02081 4.14825,
	9.02933 4.1627,
	9.0368 4.17767,
	9.04318 4.19309,
	9.04844 4.20889,
	9.05255 4.225,
	9.05551 4.24133,
	9.05729 4.25782,
	9.05788 4.27439,
	9.05729 4.29096,
	9.05551 4.30745,
	9.05255 4.32379,
	9.04844 4.3399,
	9.04318 4.3557,
	9.0368 4.37112,
	9.02933 4.38609,
	9.02081 4.40054,
	9.01127 4.4144,
	9.00076 4.42761,
	8.98934 4.44011,
	8.97704 4.45183,
	8.96393 4.46272,
	8.95008 4.47274,
	8.93554 4.48183,
	8.92038 4.48996,
	8.90468 4.49708,
	8.8885 4.50316,
	8.87193 4.50817,
	8.85503 4.5121,
	8.8379 4.51492,
	8.8206 4.51661,
	8.80322 4.51718,
	8.78584 4.51661,
	8.76854 4.51492,
	8.75141 4.5121,
	8.73451 4.50817,
	8.71794 4.50316,
	8.70176 4.49708,
	8.68606 4.48996,
	8.6709 4.48183,
	8.65636 4.47274,
	8.64251 4.46272,
	8.6294 4.45183,
	8.61711 4.44011,
	8.60568 4.42761,
	8.59517 4.4144,
	8.58563 4.40054,
	8.57711 4.38609,
	8.56964 4.37112,
	8.56326 4.3557,
	8.558 4.3399,
	8.55389 4.32379,
	8.55093 4.30745,
	"/>
</Transform>

<Transform dim="3"
 xcoef=" 1.63796250905573 1.25456401399526 0 0 0 0"
 ycoef=" 1.14318279452325 0 1.25456401399526 0 0 0">
<Contour name="D036" hidden="false" closed="true" simplified="true" border="0 0 1" fill="0 0 1" mode="13"
 points="19.0307 5.93326,
	19.0415 5.84673,
	19.073 5.76866,
	19.122 5.70671,
	19.1837 5.66693,
	19.2521 5.65323,
	19.3205 5.66693,
	19.3823 5.70671,
	19.4312 5.76866,
	19.4627 5.84673,
	19.4735 5.93326,
	19.4627 6.0198,
	19.4312 6.09786,
	19.3823 6.15982,
	19.3205 6.19959,
	19.2521 6.2133,
	19.1837 6.19959,
	19.122 6.15982,
	19.073 6.09786,
	"/>
</Transform>

<Transform dim="3"
 xcoef=" 1.63796250905573 1.25456401399526 0 0 0 0"
 ycoef=" 1.14318279452325 0 1.25456401399526 0 0 0">
<Contour name="D037_edge" hidden="false" closed="true" simplified="true" border="0 0 1" fill="0 0 1" mode="13"
 points="20.6244 2.78052,
	20.6255 2.76396,
	20.6285 2.74753,
	20.6336 2.73137,
	20.6406 2.7156,
	20.6495 2.70035,
	20.6603 2.68575,
	20.6728 2.67192,
	20.687 2.65895,
	20.7027 2.64697,
	20.7199 2.63606,
	20.7382 2.62632,
	20.7578 2.61781,
	20.7783 2.61062,
	20.7995 2.60479,
	20.8215 2.60038,
	20.8438 2.59742,
	20.8665 2.59594,
	20.8892 2.59594,
	20.9119 2.59742,
	20.9342 2.60038,
	20.9562 2.60479,
	20.9774 2.61062,
	20.9979 2.61781,
	21.0175 2.62632,
	21.0358 2.63606,
	21.053 2.64697,
	21.0687 2.65895,
	21.0829 2.67192,
	21.0954 2.68575,
	21.1062 2.70035,
	21.1151 2.7156,
	21.1221 2.73137,
	21.1272 2.74753,
	21.1302 2.76396,
	21.1313 2.78052,
	21.1302 2.79709,
	21.1272 2.81352,
	21.1221 2.82968,
	21.1151 2.84545,
	21.1062 2.8607,
	21.0954 2.8753,
	21.0829 2.88913,
	21.0687 2.9021,
	21.053 2.91408,
	21.0358 2.92499,
	21.0175 2.93473,
	20.9979 2.94324,
	20.9774 2.95043,
	20.9562 2.95626,
	20.9342 2.96067,
	20.9119 2.96363,
	20.8892 2.96511,
	20.8665 2.96511,
	20.8438 2.96363,
	20.8215 2.96067,
	20.7995 2.95626,
	20.7783 2.95043,
	20.7578 2.94324,
	20.7382 2.93473,
	20.7199 2.92499,
	20.7027 2.91408,
	20.687 2.9021,
	20.6728 2.88913,
	20.6603 2.8753,
	20.6495 2.8607,
	20.6406 2.84545,
	20.6336 2.82968,
	20.6285 2.81352,
	"/>
</Transform>

<Transform dim="3"
 xcoef=" 1.63796250905573 1.25456401399526 0 0 0 0"
 ycoef=" 1.14318279452325 0 1.25456401399526 0 0 0">
<Contour name="D038_edge" hidden="false" closed="true" simplified="true" border="0 0 1" fill="0 0 1" mode="13"
 points="9.75485 1.66804,
	9.75613 1.65049,
	9.75995 1.63315,
	9.76626 1.61622,
	9.77499 1.59991,
	9.78603 1.58441,
	9.79925 1.56991,
	9.81451 1.55658,
	9.8316 1.54458,
	9.85033 1.53406,
	9.87048 1.52513,
	9.8918 1.51791,
	9.91405 1.51247,
	9.93694 1.5089,
	9.96023 1.50722,
	9.98361 1.50746,
	10.0068 1.50961,
	10.0296 1.51366,
	10.0516 1.51955,
	10.0727 1.52721,
	10.0925 1.53654,
	10.1108 1.54745,
	10.1275 1.5598,
	10.1422 1.57343,
	10.1549 1.5882,
	10.1654 1.60392,
	10.1735 1.6204,
	10.1792 1.63745,
	10.1824 1.65487,
	10.1831 1.67244,
	10.1811 1.68996,
	10.1767 1.70722,
	10.1698 1.72401,
	10.1605 1.74014,
	10.1489 1.7554,
	10.1351 1.76962,
	10.1194 1.78263,
	10.1019 1.79428,
	10.0828 1.80441,
	10.0623 1.81292,
	10.0407 1.81971,
	10.0183 1.82468,
	9.99526 1.82779,
	9.97192 1.82899,
	9.94856 1.82827,
	9.92543 1.82563,
	9.90282 1.82112,
	9.88101 1.81479,
	9.86024 1.8067,
	9.84077 1.79696,
	9.82283 1.78568,
	9.80664 1.77299,
	9.79238 1.75906,
	9.78023 1.74404,
	9.77033 1.72811,
	9.7628 1.71147,
	9.75772 1.69431,
	"/>
</Transform>

<Transform dim="3"
 xcoef=" 1.63796250905573 1.25456401399526 0 0 0 0"
 ycoef=" 1.14318279452325 0 1.25456401399526 0 0 0">
<Contour name="D040_edge" hidden="false" closed="true" simplified="true" border="0 0 1" fill="0 0 1" mode="13"
 points="8.26128 2.99392,
	8.26389 2.94373,
	8.27166 2.89498,
	8.28435 2.84908,
	8.3016 2.80734,
	8.32292 2.77097,
	8.34769 2.74101,
	8.3752 2.71833,
	8.40465 2.70358,
	8.43521 2.69718,
	8.46599 2.69932,
	8.49611 2.70994,
	8.5247 2.72872,
	8.55093 2.75513,
	8.57406 2.78841,
	8.59341 2.82761,
	8.60844 2.87159,
	8.6187 2.91908,
	8.62391 2.96874,
	8.62391 3.01911,
	8.6187 3.06876,
	8.60844 3.11626,
	8.59341 3.16024,
	8.57406 3.19944,
	8.55093 3.23272,
	8.5247 3.25913,
	8.49611 3.27791,
	8.46599 3.28853,
	8.43521 3.29066,
	8.40465 3.28427,
	8.3752 3.26951,
	8.34769 3.24683,
	8.32292 3.21688,
	8.3016 3.18051,
	8.28435 3.13877,
	8.27166 3.09287,
	8.26389 3.04412,
	"/>
</Transform>

<Transform dim="3"
 xcoef=" 1.63796250905573 1.25456401399526 0 0 0 0"
 ycoef=" 1.14318279452325 0 1.25456401399526 0 0 0">
<Contour name="D041_longitudinal" hidden="false" closed="true" simplified="true" border="0 0 1" fill="0 0 1" mode="13"
 points="21.2791 4.59945,
	21.2885 4.57376,
	21.3165 4.5488,
	21.3623 4.5253,
	21.4246 4.50393,
	21.5015 4.48531,
	21.5909 4.46998,
	21.6902 4.45837,
	21.7965 4.45081,
	21.9067 4.44754,
	22.0178 4.44863,
	22.1265 4.45407,
	22.2297 4.46368,
	22.3243 4.4772,
	22.4078 4.49424,
	22.4776 4.51431,
	22.5319 4.53682,
	22.5689 4.56114,
	22.5877 4.58656,
	22.5877 4.61235,
	22.5689 4.63777,
	22.5319 4.66209,
	22.4776 4.6846,
	22.4078 4.70467,
	22.3243 4.72171,
	22.2297 4.73523,
	22.1265 4.74484,
	22.0178 4.75028,
	21.9067 4.75137,
	21.7965 4.7481,
	21.6902 4.74054,
	21.5909 4.72893,
	21.5015 4.7136,
	21.4246 4.69498,
	21.3623 4.67361,
	21.3165 4.65011,
	21.2885 4.62515,
	"/>
</Transform>

<Transform dim="3"
 xcoef=" 1.63796250905573 1.25456401399526 0 0 0 0"
 ycoef=" 1.14318279452325 0 1.25456401399526 0 0 0">
<Contour name="D042_edge" hidden="false" closed="true" simplified="true" border="0 0 1" fill="0 0 1" mode="13"
 points="6.43861 4.94458,
	6.44372 4.91899,
	6.45893 4.89402,
	6.48386 4.8703,
	6.5179 4.84841,
	6.56021 4.82889,
	6.60975 4.81222,
	6.6653 4.7988,
	6.72548 4.78898,
	6.78883 4.78298,
	6.85378 4.78097,
	6.91872 4.78298,
	6.98207 4.78898,
	7.04226 4.7988,
	7.0978 4.81222,
	7.14734 4.82889,
	7.18965 4.84841,
	7.22369 4.8703,
	7.24862 4.89402,
	7.26383 4.91899,
	7.26894 4.94458,
	7.26383 4.97018,
	7.24862 4.99514,
	7.22369 5.01886,
	7.18965 5.04075,
	7.14734 5.06027,
	7.0978 5.07695,
	7.04226 5.09036,
	6.98207 5.10019,
	6.91872 5.10618,
	6.85378 5.10819,
	6.78883 5.10618,
	6.72548 5.10019,
	6.6653 5.09036,
	6.60975 5.07695,
	6.56021 5.06027,
	6.5179 5.04075,
	6.48386 5.01886,
	6.45893 4.99514,
	"/>
</Transform>

<Transform dim="3"
 xcoef=" 1.63796250905573 1.25456401399526 0 0 0 0"
 ycoef=" 1.14318279452325 0 1.25456401399526 0 0 0">
<Contour name="D043" hidden="false" closed="true" simplified="true" border="0 0 1" fill="0 0 1" mode="13"
 points="2.87205 9.61396,
	2.87293 9.59387,
	2.87557 9.57392,
	2.87996 9.55423,
	2.88606 9.53493,
	2.89383 9.51615,
	2.90323 9.49801,
	2.91419 9.48063,
	2.92664 9.46413,
	2.94049 9.44862,
	2.95567 9.43419,
	2.97205 9.42094,
	2.98955 9.40896,
	3.00804 9.39832,
	3.02741 9.3891,
	3.04752 9.38136,
	3.06824 9.37515,
	3.08944 9.37051,
	3.11098 9.36746,
	3.13272 9.36604,
	3.15451 9.36624,
	3.1762 9.36807,
	3.19767 9.37152,
	3.21877 9.37656,
	3.23935 9.38316,
	3.25928 9.39127,
	3.27844 9.40085,
	3.2967 9.41183,
	3.31393 9.42413,
	3.33002 9.43769,
	3.34487 9.4524,
	3.35839 9.46817,
	3.37047 9.4849,
	3.38104 9.50248,
	3.39004 9.52079,
	3.3974 9.53971,
	3.40308 9.55912,
	3.40703 9.57889,
	3.40923 9.59889,
	3.40968 9.61899,
	3.40835 9.63906,
	3.40527 9.65896,
	3.40045 9.67856,
	3.39393 9.69775,
	3.38574 9.71638,
	3.37595 9.73434,
	3.36461 9.7515,
	3.3518 9.76777,
	3.33761 9.78302,
	3.32212 9.79716,
	3.30545 9.8101,
	3.28769 9.82176,
	3.26897 9.83204,
	3.24941 9.8409,
	3.22913 9.84826,
	3.20827 9.85408,
	3.18698 9.85833,
	3.16537 9.86097,
	3.14361 9.86199,
	3.12183 9.86138,
	3.10018 9.85914,
	3.07879 9.85529,
	3.05781 9.84986,
	3.03738 9.84288,
	3.01762 9.83439,
	2.99868 9.82446,
	2.98067 9.81314,
	2.96371 9.80052,
	2.94792 9.78667,
	2.9334 9.77168,
	2.92023 9.75566,
	2.90852 9.73871,
	2.89833 9.72093,
	2.88974 9.70246,
	2.8828 9.6834,
	2.87755 9.66389,
	2.87403 9.64405,
	"/>
</Transform>

<Transform dim="3"
 xcoef=" 1.63796250905573 1.25456401399526 0 0 0 0"
 ycoef=" 1.14318279452325 0 1.25456401399526 0 0 0">
<Contour name="D044" hidden="false" closed="true" simplified="true" border="0 0 1" fill="0 0 1" mode="13"
 points="9.35469 10.9339,
	9.35849 10.9131,
	9.36959 10.8941,
	9.38707 10.8782,
	9.40954 10.8669,
	9.43516 10.8609,
	9.46187 10.8609,
	9.48749 10.8669,
	9.50996 10.8782,
	9.52745 10.8941,
	9.53854 10.9131,
	9.54234 10.9339,
	9.53854 10.9547,
	9.52745 10.9738,
	9.50996 10.9896,
	9.48749 11.001,
	9.46187 11.0069,
	9.43516 11.0069,
	9.40954 11.001,
	9.38707 10.9896,
	9.36959 10.9738,
	9.35849 10.9547,
	"/>
</Transform>

<Transform dim="3"
 xcoef=" 1.63796250905573 1.25456401399526 0 0 0 0"
 ycoef=" 1.14318279452325 0 1.25456401399526 0 0 0">
<Contour name="D047" hidden="false" closed="true" simplified="true" border="0 0 1" fill="0 0 1" mode="13"
 points="8.28727 1.65806,
	8.28892 1.63089,
	8.29386 1.60403,
	8.30202 1.57781,
	8.3133 1.55252,
	8.32759 1.52848,
	8.34471 1.50595,
	8.36445 1.48521,
	8.38659 1.4665,
	8.41087 1.45003,
	8.43701 1.436,
	8.46469 1.42457,
	8.49359 1.41588,
	8.52338 1.41003,
	8.5537 1.40709,
	8.5842 1.40709,
	8.61452 1.41003,
	8.6443 1.41588,
	8.67321 1.42457,
	8.70089 1.436,
	8.72702 1.45003,
	8.7513 1.4665,
	8.77344 1.48521,
	8.79319 1.50595,
	8.8103 1.52848,
	8.82459 1.55252,
	8.83588 1.57781,
	8.84404 1.60403,
	8.84897 1.63089,
	8.85062 1.65806,
	8.84897 1.68523,
	8.84404 1.71209,
	8.83588 1.73831,
	8.82459 1.7636,
	8.8103 1.78764,
	8.79319 1.81017,
	8.77344 1.83091,
	8.7513 1.84962,
	8.72702 1.86609,
	8.70089 1.88012,
	8.67321 1.89155,
	8.6443 1.90024,
	8.61452 1.90609,
	8.5842 1.90903,
	8.5537 1.90903,
	8.52338 1.90609,
	8.49359 1.90024,
	8.46469 1.89155,
	8.43701 1.88012,
	8.41087 1.86609,
	8.38659 1.84962,
	8.36445 1.83091,
	8.34471 1.81017,
	8.32759 1.78764,
	8.3133 1.7636,
	8.30202 1.73831,
	8.29386 1.71209,
	"/>
</Transform>

<Transform dim="3"
 xcoef=" 1.63796250905573 1.25456401399526 0 0 0 0"
 ycoef=" 1.14318279452325 0 1.25456401399526 0 0 0">
<Contour name="D048" hidden="false" closed="true" simplified="true" border="0 0 1" fill="0 0 1" mode="13"
 points="16.9239 6.87787,
	16.9256 6.85222,
	16.9307 6.82731,
	16.9389 6.80385,
	16.9502 6.78252,
	16.964 6.76394,
	16.9802 6.74863,
	16.9981 6.73704,
	17.0172 6.72951,
	17.0371 6.72624,
	17.0572 6.72733,
	17.0768 6.73275,
	17.0954 6.74235,
	17.1124 6.75585,
	17.1275 6.77285,
	17.1401 6.79288,
	17.1499 6.81535,
	17.1566 6.83963,
	17.1599 6.865,
	17.1599 6.89074,
	17.1566 6.91611,
	17.1499 6.94038,
	17.1401 6.96285,
	17.1275 6.98288,
	17.1124 6.99989,
	17.0954 7.01338,
	17.0768 7.02298,
	17.0572 7.02841,
	17.0371 7.0295,
	17.0172 7.02623,
	16.9981 7.01869,
	16.9802 7.0071,
	16.964 6.9918,
	16.9502 6.97321,
	16.9389 6.95188,
	16.9307 6.92843,
	16.9256 6.90352,
	"/>
</Transform>

<Transform dim="3"
 xcoef=" 1.63796250905573 1.25456401399526 0 0 0 0"
 ycoef=" 1.14318279452325 0 1.25456401399526 0 0 0">
<Contour name="D049" hidden="false" closed="true" simplified="true" border="0 0 1" fill="0 0 1" mode="13"
 points="9.34707 8.722,
	9.35074 8.63795,
	9.36167 8.55632,
	9.37952 8.47945,
	9.40379 8.40957,
	9.43379 8.34867,
	9.46864 8.29851,
	9.50735 8.26053,
	9.5488 8.23583,
	9.59179 8.22511,
	9.6351 8.22869,
	9.67748 8.24647,
	9.7177 8.27792,
	9.75462 8.32215,
	9.78716 8.37788,
	9.81439 8.44351,
	9.83553 8.51715,
	9.84997 8.59668,
	9.8573 8.67983,
	9.8573 8.76418,
	9.84997 8.84732,
	9.83553 8.92686,
	9.81439 9.0005,
	9.78716 9.06613,
	9.75462 9.12186,
	9.7177 9.16609,
	9.67748 9.19754,
	9.6351 9.21531,
	9.59179 9.21889,
	9.5488 9.20818,
	9.50735 9.18348,
	9.46864 9.1455,
	9.43379 9.09534,
	9.40379 9.03444,
	9.37952 8.96455,
	9.36167 8.88769,
	9.35074 8.80605,
	"/>
</Transform>

<Transform dim="1"
 xcoef=" 0.535602975044298 1 0 0 0 0"
 ycoef=" 0.626785603447622 0 1 0 0 0">
<Contour name="D049 ax01" hidden="false" closed="true" simplified="false" border="0 1 1" fill="0 1 1" mode="-9"
 points="7.8799 5.55626,
	7.90021 5.53595,
	7.81897 5.45471,
	7.83928 5.4344,
	7.92051 5.51564,
	7.94082 5.49533,
	7.94082 5.55626,
	"/>
</Transform>

<Transform dim="1"
 xcoef=" 0.535602975044298 1 0 0 0 0"
 ycoef=" 0.626785603447622 0 1 0 0 0">
<Contour name="D032 ax01" hidden="false" closed="true" simplified="false" border="0 1 1" fill="0 1 1" mode="-9"
 points="6.20434 4.33161,
	6.22078 4.31518,
	6.15504 4.24944,
	6.17147 4.23301,
	6.23721 4.29874,
	6.25365 4.28231,
	6.25365 4.33161,
	"/>
</Transform>

<Transform dim="1"
 xcoef=" 0.535602975044298 1 0 0 0 0"
 ycoef=" 0.626785603447622 0 1 0 0 0">
<Contour name="D051 edge" hidden="false" closed="true" simplified="true" border="0 0 1" fill="0 0 1" mode="13"
 points="10.2252 1.54018,
	10.229 1.51194,
	10.2403 1.48513,
	10.2583 1.46107,
	10.2824 1.44098,
	10.3112 1.42586,
	10.3432 1.41648,
	10.377 1.41329,
	10.4108 1.41648,
	10.4429 1.42586,
	10.4717 1.44098,
	10.4957 1.46107,
	10.5138 1.48513,
	10.525 1.51194,
	10.5288 1.54018,
	10.525 1.56841,
	10.5138 1.59523,
	10.4957 1.61929,
	10.4717 1.63938,
	10.4429 1.6545,
	10.4108 1.66388,
	10.377 1.66706,
	10.3432 1.66388,
	10.3112 1.6545,
	10.2824 1.63938,
	10.2583 1.61929,
	10.2403 1.59523,
	"/>
</Transform>

<Transform dim="1"
 xcoef=" 0.535602975044298 1 0 0 0 0"
 ycoef=" 0.626785603447622 0 1 0 0 0">
<Contour name="D044 ax02" hidden="false" closed="true" simplified="false" border="0 1 1" fill="0 1 1" mode="-9"
 points="6.81304 8.77919,
	6.8256 8.76663,
	6.77535 8.71638,
	6.78791 8.70382,
	6.83816 8.75407,
	6.85072 8.7415,
	6.85072 8.77919,
	"/>
</Transform>

<Transform dim="1"
 xcoef=" 0.535602975044298 1 0 0 0 0"
 ycoef=" 0.626785603447622 0 1 0 0 0">
<Contour name="D053_edge" hidden="false" closed="true" simplified="true" border="0 0 1" fill="0 0 1" mode="13"
 points="16.5734 2.71736,
	16.5753 2.70082,
	16.5809 2.68477,
	16.5901 2.66969,
	16.6026 2.65601,
	16.618 2.64415,
	16.6359 2.63446,
	16.6558 2.62721,
	16.6769 2.62263,
	16.6989 2.62084,
	16.7209 2.62191,
	16.7423 2.62581,
	16.7626 2.6324,
	16.781 2.64151,
	16.7971 2.65286,
	16.8103 2.66612,
	16.8204 2.68089,
	16.8269 2.69674,
	16.8298 2.7132,
	16.8288 2.72978,
	16.8241 2.746,
	16.8158 2.76137,
	16.8041 2.77543,
	16.7894 2.78778,
	16.772 2.79805,
	16.7526 2.80593,
	16.7317 2.8112,
	16.7099 2.81369,
	16.6879 2.81333,
	16.6662 2.81014,
	16.6456 2.8042,
	16.6267 2.7957,
	16.61 2.78488,
	16.5959 2.77206,
	16.5851 2.75763,
	16.5776 2.74201,
	"/>
</Transform>

<Transform dim="1"
 xcoef=" 0.535602975044298 1 0 0 0 0"
 ycoef=" 0.626785603447622 0 1 0 0 0">
<Contour name="D055" hidden="false" closed="true" simplified="true" border="0 0 1" fill="0 0 1" mode="13"
 points="1.59339 1.49208,
	1.60003 1.46002,
	1.61934 1.43096,
	1.64951 1.40759,
	1.68773 1.39209,
	1.73045 1.38592,
	1.77367 1.38964,
	1.81337 1.40291,
	1.84586 1.42449,
	1.86809 1.45237,
	1.878 1.48395,
	1.87467 1.51629,
	1.85841 1.54637,
	1.83073 1.57139,
	1.79421 1.58902,
	1.75225 1.59762,
	1.70877 1.59638,
	1.66782 1.58541,
	1.63322 1.56575,
	1.60819 1.53922,
	"/>
</Transform>

<Transform dim="1"
 xcoef=" 0.535602975044298 1 0 0 0 0"
 ycoef=" 0.626785603447622 0 1 0 0 0">
<Contour name="D039" hidden="false" closed="true" simplified="true" border="0 0 1" fill="0 0 1" mode="13"
 points="11.4583 3.02946,
	11.4588 3.02032,
	11.4603 3.01126,
	11.4628 3.00233,
	11.4663 2.99359,
	11.4708 2.98511,
	11.4761 2.97695,
	11.4824 2.96916,
	11.4895 2.96182,
	11.4973 2.95496,
	11.5059 2.94863,
	11.5152 2.94289,
	11.5251 2.93777,
	11.5355 2.93331,
	11.5464 2.92955,
	11.5576 2.92651,
	11.5691 2.9242,
	11.5809 2.92266,
	11.5928 2.92188,
	11.6047 2.92188,
	11.6165 2.92266,
	11.6283 2.9242,
	11.6398 2.92651,
	11.6511 2.92955,
	11.6619 2.93331,
	11.6723 2.93777,
	11.6822 2.94289,
	11.6915 2.94863,
	11.7001 2.95496,
	11.708 2.96182,
	11.715 2.96916,
	11.7213 2.97695,
	11.7267 2.98511,
	11.7311 2.99359,
	11.7346 3.00233,
	11.7371 3.01126,
	11.7386 3.02032,
	11.7391 3.02946,
	11.7386 3.03859,
	11.7371 3.04765,
	11.7346 3.05659,
	11.7311 3.06532,
	11.7267 3.07381,
	11.7213 3.08197,
	11.715 3.08975,
	11.708 3.0971,
	11.7001 3.10396,
	11.6915 3.11028,
	11.6822 3.11602,
	11.6723 3.12114,
	11.6619 3.1256,
	11.6511 3.12936,
	11.6398 3.13241,
	11.6283 3.13471,
	11.6165 3.13625,
	11.6047 3.13703,
	11.5928 3.13703,
	11.5809 3.13625,
	11.5691 3.13471,
	11.5576 3.13241,
	11.5464 3.12936,
	11.5355 3.1256,
	11.5251 3.12114,
	11.5152 3.11602,
	11.5059 3.11028,
	11.4973 3.10396,
	11.4895 3.0971,
	11.4824 3.08975,
	11.4761 3.08197,
	11.4708 3.07381,
	11.4663 3.06532,
	11.4628 3.05659,
	11.4603 3.04765,
	"/>
</Transform>

<Transform dim="1"
 xcoef=" 0.535602975044298 1 0 0 0 0"
 ycoef=" 0.626785603447622 0 1 0 0 0">
<Contour name="D040_ax02" hidden="false" closed="true" simplified="false" border="0 1 1" fill="0 1 1" mode="11"
 points="8.67617 1.82095,
	8.68723 1.80989,
	8.64298 1.76564,
	8.65404 1.75458,
	8.69829 1.79883,
	8.70935 1.78777,
	8.70935 1.82095,
	"/>
</Transform>

<Transform dim="1"
 xcoef=" 0.535602975044298 1 0 0 0 0"
 ycoef=" 0.626785603447622 0 1 0 0 0">
<Contour name="D020_ax01" hidden="false" closed="true" simplified="false" border="0 1 1" fill="0 1 1" mode="11"
 points="10.4414 8.10984,
	10.4491 8.10218,
	10.4185 8.07154,
	10.4261 8.06387,
	10.4568 8.09452,
	10.4644 8.08686,
	10.4644 8.10984,
	"/>
</Transform>

<Transform dim="1"
 xcoef=" 0.535602975044298 1 0 0 0 0"
 ycoef=" 0.626785603447622 0 1 0 0 0">
<Contour name="D046" hidden="false" closed="true" simplified="true" border="0 0 1" fill="0 0 1" mode="13"
 points="12.2346 2.0769,
	12.2351 2.06321,
	12.2367 2.04962,
	12.2393 2.03621,
	12.243 2.02307,
	12.2476 2.01029,
	12.2532 1.99795,
	12.2598 1.98614,
	12.2672 1.97493,
	12.2755 1.9644,
	12.2845 1.95462,
	12.2943 1.94565,
	12.3048 1.93755,
	12.3158 1.93038,
	12.3273 1.92419,
	12.3393 1.91902,
	12.3516 1.91489,
	12.3643 1.91184,
	12.3771 1.90989,
	12.39 1.90906,
	12.4029 1.90934,
	12.4158 1.91073,
	12.4285 1.91323,
	12.441 1.91682,
	12.4532 1.92147,
	12.4649 1.92716,
	12.4762 1.93385,
	12.487 1.94149,
	12.4971 1.95003,
	12.5065 1.95941,
	12.5152 1.96957,
	12.523 1.98045,
	12.53 1.99197,
	12.5361 2.00406,
	12.5412 2.01663,
	12.5454 2.0296,
	12.5485 2.04289,
	12.5506 2.0564,
	12.5517 2.07005,
	12.5517 2.08375,
	12.5506 2.0974,
	12.5485 2.11091,
	12.5454 2.12419,
	12.5412 2.13717,
	12.5361 2.14974,
	12.53 2.16182,
	12.523 2.17334,
	12.5152 2.18422,
	12.5065 2.19439,
	12.4971 2.20377,
	12.487 2.21231,
	12.4762 2.21995,
	12.4649 2.22663,
	12.4532 2.23232,
	12.441 2.23698,
	12.4285 2.24057,
	12.4158 2.24307,
	12.4029 2.24446,
	12.39 2.24474,
	12.3771 2.2439,
	12.3643 2.24195,
	12.3516 2.23891,
	12.3393 2.23478,
	12.3273 2.2296,
	12.3158 2.22341,
	12.3048 2.21624,
	12.2943 2.20815,
	12.2845 2.19918,
	12.2755 2.1894,
	12.2672 2.17887,
	12.2598 2.16766,
	12.2532 2.15585,
	12.2476 2.14351,
	12.243 2.13073,
	12.2393 2.11759,
	12.2367 2.10417,
	"/>
</Transform>

<Transform dim="1"
 xcoef=" -0.212264082625377 1 0 0 0 0"
 ycoef=" -0.651430057054808 0 1 0 0 0">
<Contour name="d046_p08" hidden="false" closed="true" simplified="true" border="1 1 0" fill="1 1 0" mode="11"
 points="10.4571 -0.167516,
	10.4607 -0.179195,
	10.4616 -0.182114,
	10.4641 -0.187954,
	10.465 -0.189413,
	10.4656 -0.190143,
	10.4659 -0.190508,
	10.4661 -0.190691,
	10.4663 -0.192151,
	10.4663 -0.192333,
	10.469 -0.195253,
	10.4697 -0.195983,
	10.4701 -0.196348,
	10.4759 -0.199997,
	10.4789 -0.201913,
	10.4796 -0.202461,
	10.4913 -0.207023,
	10.4942 -0.208026,
	10.4971 -0.208847,
	10.4986 -0.209304,
	10.5015 -0.209851,
	10.5073 -0.210125,
	10.5088 -0.210125,
	10.5095 -0.210125,
	10.5124 -0.211585,
	10.5128 -0.211767,
	10.5245 -0.21195,
	10.5274 -0.211858,
	10.5332 -0.21049,
	10.5362 -0.210216,
	10.5376 -0.210125,
	10.5384 -0.210125,
	10.5442 -0.208026,
	10.5471 -0.207023,
	10.5478 -0.20684,
	10.5486 -0.206475,
	10.5489 -0.206293,
	10.5498 -0.204833,
	10.5614 -0.20091,
	10.5629 -0.200453,
	10.5636 -0.200362,
	10.564 -0.200271,
	10.5654 -0.198811,
	10.5668 -0.198172,
	10.5683 -0.197899,
	10.5686 -0.197899,
	10.5716 -0.195983,
	10.5723 -0.195344,
	10.5727 -0.19507,
	10.5741 -0.194888,
	10.5749 -0.194797,
	10.5865 -0.187589,
	10.588 -0.186676,
	10.5997 -0.180563,
	10.6055 -0.177643,
	10.6084 -0.176275,
	10.6099 -0.175545,
	10.6106 -0.17518,
	10.6135 -0.17445,
	10.6143 -0.174085,
	10.6157 -0.172808,
	10.6161 -0.172443,
	10.6394 -0.163775,
	10.6511 -0.159304,
	10.654 -0.159031,
	10.6555 -0.158848,
	10.6613 -0.155928,
	10.673 -0.15237,
	10.6847 -0.149268,
	10.6876 -0.148538,
	10.6905 -0.147626,
	10.6935 -0.146987,
	10.6993 -0.145983,
	10.7051 -0.144797,
	10.711 -0.143429,
	10.7124 -0.142972,
	10.7154 -0.141695,
	10.7161 -0.14133,
	10.7165 -0.141148,
	10.7281 -0.140418,
	10.7311 -0.140235,
	10.734 -0.140235,
	10.7369 -0.140053,
	10.7384 -0.139962,
	10.75 -0.137954,
	10.753 -0.137589,
	10.7763 -0.136677,
	10.7778 -0.136677,
	10.7894 -0.1354,
	10.7953 -0.134852,
	10.7967 -0.13467,
	10.8201 -0.135582,
	10.8216 -0.135673,
	10.8223 -0.135765,
	10.8252 -0.136586,
	10.8267 -0.136859,
	10.8274 -0.137042,
	10.8278 -0.137224,
	10.8281 -0.137224,
	10.8285 -0.137407,
	10.8289 -0.137407,
	10.8296 -0.137681,
	10.8325 -0.138228,
	10.8332 -0.138319,
	10.834 -0.138593,
	10.8347 -0.138684,
	10.8354 -0.138958,
	10.8369 -0.139232,
	10.8384 -0.139688,
	10.8391 -0.13987,
	10.8393 -0.140053,
	10.84 -0.140144,
	10.8404 -0.140235,
	10.8405 -0.140235,
	10.8409 -0.140509,
	10.8424 -0.140965,
	10.8438 -0.141604,
	10.8442 -0.141695,
	10.8449 -0.142151,
	10.8478 -0.143429,
	10.8537 -0.146805,
	10.8566 -0.148356,
	10.8573 -0.148812,
	10.8575 -0.148994,
	10.8579 -0.149086,
	10.8586 -0.149542,
	10.8588 -0.149724,
	10.859 -0.149724,
	10.8604 -0.150545,
	10.8619 -0.151184,
	10.8623 -0.151275,
	10.8626 -0.151549,
	10.863 -0.15164,
	10.8632 -0.151823,
	10.8639 -0.152096,
	10.8654 -0.152918,
	10.8661 -0.153191,
	10.8663 -0.153374,
	10.8666 -0.153465,
	10.8668 -0.153647,
	10.867 -0.153647,
	10.8728 -0.159304,
	10.8742 -0.160764,
	10.8767 -0.163684,
	10.8781 -0.165052,
	10.8811 -0.167425,
	10.8825 -0.167972,
	10.8832 -0.168246,
	10.8891 -0.167698,
	10.8905 -0.167516,
	10.8913 -0.167425,
	10.8927 -0.166786,
	10.8942 -0.166512,
	10.8957 -0.1656,
	10.8971 -0.165052,
	10.8978 -0.16487,
	10.8986 -0.164414,
	10.9044 -0.159669,
	10.9102 -0.154469,
	10.9117 -0.153191,
	10.9124 -0.152826,
	10.9154 -0.149907,
	10.916 -0.149177,
	10.9198 -0.143337,
	10.9218 -0.140418,
	10.9235 -0.137498,
	10.9241 -0.136038,
	10.925 -0.133119,
	10.9254 -0.130199,
	10.9256 -0.11852,
	10.9247 -0.0951629,
	10.9246 -0.0834842,
	10.9245 -0.0776449,
	10.9236 -0.0659662,
	10.9234 -0.0601269,
	10.9233 -0.0572072,
	10.9231 -0.0557474,
	10.9227 -0.0542876,
	10.9225 -0.0535576,
	10.9224 -0.0302003,
	10.9224 -0.0272806,
	10.921 -0.015602,
	10.9207 -0.0039233,
	10.9207 0.00775537,
	10.9206 0.010675,
	10.9207 0.0165144,
	10.9212 0.0223537,
	10.9214 0.0238135,
	10.9235 0.0296529,
	10.925 0.0325725,
	10.9269 0.0354922,
	10.9282 0.0384119,
	10.9288 0.0398717,
	10.9297 0.0413315,
	10.9396 0.0530102,
	10.9409 0.05447,
	10.9467 0.059397,
	10.9496 0.0622254,
	10.9509 0.0636852,
	10.9517 0.0644152,
	10.9519 0.0645976,
	10.9526 0.070437,
	10.9528 0.0718968,
	10.9528 0.0733566,
	10.9529 0.0740866,
	10.9527 0.0755464,
	10.9527 0.0759113,
	10.9502 0.0817507,
	10.9501 0.0821156,
	10.9444 0.0867689,
	10.9429 0.087955,
	10.9422 0.0885024,
	10.942 0.0886849,
	10.9391 0.0889586,
	10.9376 0.0890498,
	10.9318 0.0912396,
	10.9201 0.0915133,
	10.9172 0.0915133,
	10.9143 0.0903272,
	10.9135 0.0899622,
	10.9132 0.0896885,
	10.9102 0.0896885,
	10.9099 0.0896885,
	10.9091 0.0883199,
	10.9032 0.0864951,
	10.9018 0.0859477,
	10.9003 0.0851265,
	10.8886 0.0771887,
	10.8828 0.0731742,
	10.8813 0.071988,
	10.8759 0.0661487,
	10.8526 0.0435213,
	10.8497 0.0407841,
	10.8482 0.0393243,
	10.8453 0.0368608,
	10.8424 0.0347623,
	10.8307 0.0270982,
	10.8248 0.0230836,
	10.819 0.020164,
	10.8183 0.019799,
	10.8154 0.0176092,
	10.8152 0.0174268,
	10.8137 0.0170618,
	10.813 0.0169706,
	10.8115 0.0157845,
	10.8112 0.0154195,
	10.7878 0.00857652,
	10.7849 0.00766413,
	10.782 0.00693421,
	10.7761 0.00474446,
	10.7732 0.00447074,
	10.7717 0.00428826,
	10.771 0.00419702,
	10.7652 0.00200727,
	10.7644 0.00182479,
	10.7615 0.00182479,
	10.7601 0.00164231,
	10.7597 0.00164231,
	10.748 -0.00291967,
	10.7466 -0.0034671,
	10.7407 -0.00492694,
	10.7349 -0.00574809,
	10.7334 -0.00602181,
	10.7101 -0.0141421,
	10.6984 -0.0179742,
	10.6926 -0.0197078,
	10.6867 -0.0212588,
	10.6853 -0.0215325,
	10.6823 -0.0218063,
	10.6794 -0.0222625,
	10.6677 -0.025912,
	10.6648 -0.0267332,
	10.6619 -0.0273719,
	10.6604 -0.0277368,
	10.6546 -0.0286492,
	10.6517 -0.0292879,
	10.6283 -0.0356747,
	10.6254 -0.0365871,
	10.6247 -0.0368608,
	10.6232 -0.0378644,
	10.6225 -0.0385031,
	10.6196 -0.0387768,
	10.6192 -0.0387768,
	10.5958 -0.0458023,
	10.59 -0.0475358,
	10.5842 -0.0490869,
	10.5812 -0.0493606,
	10.5798 -0.0493606,
	10.579 -0.0493606,
	10.5557 -0.0580284,
	10.5528 -0.059032,
	10.552 -0.0593057,
	10.5491 -0.061313,
	10.5462 -0.0620429,
	10.5447 -0.063229,
	10.5418 -0.0647801,
	10.536 -0.0676085,
	10.5331 -0.0689771,
	10.5316 -0.0697071,
	10.5082 -0.083393,
	10.5053 -0.0851265,
	10.5039 -0.0859477,
	10.5031 -0.0863127,
	10.4915 -0.0969877,
	10.49 -0.0983563,
	10.4842 -0.103283,
	10.4834 -0.103922,
	10.4739 -0.115601,
	10.4686 -0.12144,
	10.4673 -0.1229,
	10.4666 -0.123538,
	10.465 -0.126458,
	10.4646 -0.127188,
	10.4617 -0.129469,
	10.461 -0.130108,
	10.4607 -0.130381,
	10.4584 -0.14206,
	10.4579 -0.14498,
	10.4572 -0.156658,
	10.4571 -0.162498,
	10.4571 -0.165417,
	10.4571 -0.166877,
	10.4571 -0.167242,
	10.4571 -0.167425,
	"/>
</Transform>

<Transform dim="1"
 xcoef=" -0.212264082625377 1 0 0 0 0"
 ycoef=" -0.651430057054808 0 1 0 0 0">
<Contour name="d046_p08" hidden="false" closed="true" simplified="true" border="1 1 0" fill="1 1 0" mode="11"
 points="10.924 0.241813,
	10.9281 0.233581,
	10.9323 0.22998,
	10.9333 0.229208,
	10.9338 0.228693,
	10.9379 0.228179,
	10.939 0.227922,
	10.94 0.228179,
	10.9564 0.237954,
	10.9606 0.240527,
	10.9616 0.241041,
	10.9621 0.241299,
	10.9662 0.240012,
	10.9672 0.239755,
	10.9755 0.232552,
	10.9775 0.230751,
	10.9817 0.228179,
	10.9837 0.226893,
	10.9847 0.226635,
	10.993 0.227664,
	10.995 0.227922,
	10.9991 0.22998,
	11.0012 0.231009,
	11.0053 0.234096,
	11.0064 0.234867,
	11.011 0.243099,
	11.0148 0.251331,
	11.0215 0.267795,
	11.0238 0.271911,
	11.0251 0.273969,
	11.0334 0.281944,
	11.0372 0.28606,
	11.0437 0.294292,
	11.0465 0.298408,
	11.048 0.300466,
	11.0485 0.301495,
	11.0527 0.305096,
	11.0547 0.306897,
	11.0629 0.312042,
	11.0671 0.314871,
	11.0753 0.32156,
	11.0771 0.323361,
	11.0817 0.331593,
	11.0892 0.348056,
	11.0928 0.356288,
	11.0943 0.36452,
	11.0946 0.366578,
	11.0982 0.37481,
	11.1 0.378926,
	11.1046 0.387158,
	11.1059 0.389216,
	11.1221 0.405165,
	11.1262 0.409024,
	11.1283 0.411082,
	11.1448 0.424716,
	11.1489 0.427289,
	11.1499 0.42806,
	11.154 0.429604,
	11.1581 0.430376,
	11.1602 0.430633,
	11.1612 0.43089,
	11.1694 0.429861,
	11.1715 0.429347,
	11.1797 0.429347,
	11.1839 0.429347,
	11.2003 0.431919,
	11.2013 0.431662,
	11.2096 0.433463,
	11.2137 0.434492,
	11.2147 0.435006,
	11.1983 0.441695,
	11.1818 0.447869,
	11.1736 0.451213,
	11.1406 0.462274,
	11.1242 0.467934,
	11.1159 0.470506,
	11.083 0.478996,
	11.0665 0.483112,
	11.0583 0.48517,
	11.0254 0.490314,
	10.9595 0.502405,
	10.9585 0.502662,
	10.958 0.502662,
	10.9577 0.501633,
	10.959 0.493401,
	10.9593 0.489285,
	10.9595 0.487227,
	10.957 0.470764,
	10.9564 0.466648,
	10.9562 0.46459,
	10.9513 0.448126,
	10.95 0.44401,
	10.9482 0.435778,
	10.9477 0.43372,
	10.949 0.425488,
	10.9498 0.421372,
	10.95 0.419314,
	10.9539 0.411082,
	10.9559 0.406966,
	10.9608 0.398734,
	10.9634 0.394618,
	10.9649 0.390502,
	10.9665 0.38227,
	10.9667 0.381241,
	10.9649 0.373009,
	10.9647 0.370951,
	10.9621 0.36272,
	10.9616 0.360662,
	10.9613 0.359633,
	10.9549 0.351401,
	10.9518 0.347285,
	10.9469 0.339053,
	10.9428 0.330821,
	10.9408 0.322589,
	10.9402 0.320531,
	10.9426 0.304067,
	10.9441 0.295835,
	10.9444 0.294806,
	10.9438 0.29069,
	10.9433 0.288632,
	10.9413 0.284516,
	10.9354 0.276284,
	10.9325 0.272168,
	10.9287 0.263936,
	10.9271 0.25982,
	10.9251 0.251588,
	10.9245 0.247472,
	10.924 0.245414,
	10.924 0.243357,
	10.924 0.242328,
	10.924 0.24207,
	"/>
</Transform>

<Transform dim="1"
 xcoef=" -0.212264082625377 1 0 0 0 0"
 ycoef=" -0.651430057054808 0 1 0 0 0">
<Contour name="d046_p09" hidden="false" closed="true" simplified="true" border="1 1 0" fill="1 1 0" mode="11"
 points="11.6473 0.487104,
	11.6517 0.483628,
	11.6695 0.467498,
	11.6784 0.459989,
	11.6829 0.456791,
	11.6849 0.454983,
	11.6886 0.446083,
	11.6894 0.443859,
	11.6901 0.434959,
	11.6901 0.433847,
	11.6916 0.424947,
	11.6911 0.420498,
	11.692 0.402699,
	11.6922 0.400474,
	11.6926 0.398249,
	11.6947 0.393799,
	11.6988 0.38935,
	11.7 0.388933,
	11.7044 0.389489,
	11.7055 0.389906,
	11.7144 0.39519,
	11.7166 0.396302,
	11.7255 0.402977,
	11.7344 0.410625,
	11.7367 0.412572,
	11.7378 0.413545,
	11.744 0.422444,
	11.7456 0.424669,
	11.746 0.425225,
	11.7471 0.429675,
	11.7488 0.434125,
	11.7492 0.43635,
	11.7493 0.438575,
	11.7478 0.456373,
	11.7477 0.458598,
	11.7472 0.460823,
	11.7479 0.465273,
	11.752 0.474172,
	11.754 0.478622,
	11.7546 0.479734,
	11.7671 0.497533,
	11.7686 0.499758,
	11.7792 0.517557,
	11.782 0.522007,
	11.7859 0.530906,
	11.7878 0.535356,
	11.789 0.537581,
	11.7895 0.538693,
	11.7906 0.543143,
	11.7908 0.544255,
	11.7915 0.54648,
	11.7917 0.547592,
	11.792 0.548149,
	11.792 0.548427,
	11.7917 0.548566,
	11.7561 0.535634,
	11.7383 0.529237,
	11.7294 0.526039,
	11.725 0.524371,
	11.6894 0.509492,
	11.6538 0.490581,
	11.6493 0.488217,
	11.6482 0.48766,
	11.6477 0.487382,
	11.6474 0.487243,
	"/>
</Transform>

<Transform dim="1"
 xcoef=" -0.212264082625377 1 0 0 0 0"
 ycoef=" -0.651430057054808 0 1 0 0 0">
<Contour name="d046_p10" hidden="false" closed="true" simplified="true" border="1 1 0" fill="1 1 0" mode="11"
 points="11.4721 1.86078,
	11.4734 1.85648,
	11.4741 1.85432,
	11.4752 1.85217,
	11.4753 1.85002,
	11.4749 1.8328,
	11.4749 1.83065,
	11.4749 1.82957,
	11.4764 1.82096,
	11.4767 1.81881,
	11.4807 1.8102,
	11.4827 1.80589,
	11.4874 1.79728,
	11.4974 1.78007,
	11.4999 1.77576,
	11.5018 1.77146,
	11.5034 1.76715,
	11.5042 1.765,
	11.5046 1.76392,
	11.5049 1.75531,
	11.505 1.75101,
	11.505 1.74885,
	11.5037 1.74025,
	11.503 1.73594,
	11.5028 1.73486,
	11.5028 1.73433,
	11.5011 1.73002,
	11.5003 1.72787,
	11.4999 1.72679,
	11.4985 1.71818,
	11.4982 1.71603,
	11.4974 1.71388,
	11.497 1.7128,
	11.4966 1.7085,
	11.4964 1.70634,
	11.4972 1.69773,
	11.4982 1.69558,
	11.4986 1.69451,
	11.5019 1.6902,
	11.5037 1.68805,
	11.5045 1.68697,
	11.5088 1.68307,
	11.5131 1.67944,
	11.5173 1.67554,
	11.5194 1.67419,
	11.5205 1.67352,
	11.5211 1.67325,
	11.5231 1.6711,
	11.5274 1.66881,
	11.5295 1.6676,
	11.5306 1.66693,
	11.5328 1.66504,
	11.5338 1.6641,
	11.5381 1.66195,
	11.5467 1.65805,
	11.5489 1.65697,
	11.5575 1.65482,
	11.5597 1.65428,
	11.5618 1.65415,
	11.579 1.6454,
	11.5833 1.64298,
	11.5919 1.63706,
	11.5963 1.6341,
	11.5984 1.63249,
	11.6027 1.62872,
	11.6049 1.62684,
	11.6123 1.61836,
	11.6159 1.61406,
	11.6193 1.60975,
	11.621 1.6076,
	11.6253 1.6033,
	11.6264 1.60222,
	11.6296 1.59792,
	11.6315 1.59576,
	11.6358 1.59173,
	11.6369 1.59079,
	11.639 1.58931,
	11.6411 1.58823,
	11.6454 1.58567,
	11.6475 1.58446,
	11.6486 1.58366,
	11.6529 1.58123,
	11.6572 1.57854,
	11.6615 1.57612,
	11.6626 1.57558,
	11.6669 1.57262,
	11.669 1.57088,
	11.6712 1.56966,
	11.6755 1.5667,
	11.6766 1.56603,
	11.6809 1.56173,
	11.6825 1.55958,
	11.6852 1.55527,
	11.6865 1.55312,
	11.6891 1.54451,
	11.6892 1.54397,
	11.69 1.54289,
	11.6904 1.54236,
	11.6907 1.54209,
	11.6912 1.53993,
	11.6939 1.53563,
	11.6951 1.53348,
	11.6994 1.52944,
	11.7016 1.52742,
	11.7027 1.52635,
	11.7113 1.51975,
	11.7134 1.51787,
	11.7177 1.51505,
	11.7199 1.5137,
	11.7285 1.5094,
	11.7457 1.50254,
	11.7543 1.49904,
	11.7715 1.4915,
	11.7758 1.48935,
	11.7802 1.48814,
	11.7974 1.47953,
	11.8017 1.47657,
	11.8038 1.47523,
	11.8049 1.47442,
	11.8092 1.472,
	11.8114 1.47079,
	11.8135 1.46931,
	11.8178 1.46581,
	11.8189 1.46487,
	11.8275 1.46124,
	11.8361 1.45855,
	11.8372 1.45774,
	11.8377 1.45733,
	11.8549 1.45168,
	11.8636 1.44886,
	11.8657 1.44805,
	11.8679 1.44751,
	11.8689 1.44711,
	11.8711 1.44576,
	11.8754 1.44482,
	11.8759 1.44429,
	11.8762 1.44402,
	11.8784 1.44361,
	11.8789 1.44361,
	11.88 1.44281,
	11.8805 1.4424,
	11.8891 1.44038,
	11.8977 1.43863,
	11.902 1.43769,
	11.9106 1.43729,
	11.9149 1.43716,
	11.9171 1.43716,
	11.9257 1.43904,
	11.93 1.43998,
	11.9322 1.44038,
	11.9365 1.44173,
	11.9386 1.4424,
	11.9472 1.44644,
	11.9494 1.44724,
	11.9505 1.44778,
	11.9526 1.44926,
	11.9569 1.45115,
	11.9591 1.45195,
	11.9935 1.47011,
	11.9957 1.47119,
	11.9978 1.47186,
	12.0021 1.47442,
	12.0032 1.47455,
	12.0054 1.47576,
	12.0064 1.47644,
	12.007 1.47684,
	12.008 1.47698,
	12.0102 1.47859,
	12.0123 1.4794,
	12.0134 1.4798,
	12.0156 1.48115,
	12.0167 1.48141,
	12.0172 1.48155,
	12.0193 1.48316,
	12.0366 1.48774,
	12.0409 1.48881,
	12.0495 1.49029,
	12.0538 1.49097,
	12.0559 1.49124,
	12.0602 1.49218,
	12.0947 1.49339,
	12.0968 1.49366,
	12.1054 1.49581,
	12.1097 1.49689,
	12.114 1.4989,
	12.1162 1.50038,
	12.1173 1.50052,
	12.1216 1.50482,
	12.1237 1.50697,
	12.1256 1.50913,
	12.1267 1.5102,
	12.1282 1.51236,
	12.1294 1.51451,
	12.1337 1.51868,
	12.1358 1.52083,
	12.1369 1.52191,
	12.1412 1.525,
	12.1434 1.52648,
	12.1477 1.52877,
	12.152 1.53079,
	12.1563 1.5324,
	12.1584 1.53321,
	12.1627 1.53442,
	12.1649 1.53549,
	12.166 1.53603,
	12.1703 1.53926,
	12.1724 1.54088,
	12.1735 1.54168,
	12.177 1.54599,
	12.1788 1.54814,
	12.1792 1.54868,
	12.1794 1.54895,
	12.1797 1.5511,
	12.18 1.55218,
	12.1797 1.55433,
	12.1796 1.5554,
	12.1794 1.55594,
	12.1794 1.55621,
	12.1785 1.55729,
	12.1778 1.55944,
	12.1745 1.56375,
	12.1728 1.5659,
	12.1708 1.56711,
	12.1622 1.57088,
	12.1579 1.57276,
	12.1536 1.5741,
	12.1514 1.57478,
	12.1342 1.5772,
	12.1299 1.57774,
	12.1278 1.57814,
	12.1256 1.57895,
	12.1251 1.57922,
	12.1208 1.57949,
	12.1186 1.57962,
	12.1175 1.57962,
	12.1132 1.58056,
	12.1089 1.58056,
	12.1068 1.58056,
	12.0982 1.58191,
	12.0939 1.58258,
	12.0917 1.58298,
	12.0831 1.58648,
	12.0788 1.58823,
	12.0767 1.58917,
	12.0723 1.59186,
	12.0702 1.59321,
	12.0616 1.60034,
	12.0594 1.60209,
	12.0589 1.60262,
	12.0567 1.60383,
	12.0557 1.60451,
	12.0536 1.60653,
	12.0515 1.60787,
	12.0504 1.60854,
	12.0499 1.60881,
	12.0456 1.61258,
	12.0434 1.61392,
	12.0423 1.6146,
	12.0337 1.62267,
	12.0294 1.6267,
	12.0284 1.62765,
	12.0278 1.62818,
	12.0235 1.63034,
	12.0214 1.63141,
	12.0203 1.63195,
	12.0031 1.6376,
	11.9945 1.64043,
	11.9923 1.6411,
	11.9837 1.64527,
	11.9794 1.64756,
	11.9708 1.65348,
	11.9665 1.65643,
	11.9622 1.65966,
	11.9579 1.66195,
	11.9493 1.66854,
	11.9471 1.67043,
	11.9449 1.67164,
	11.9408 1.67594,
	11.9386 1.67809,
	11.9343 1.68186,
	11.9322 1.68307,
	11.93 1.68482,
	11.9289 1.68576,
	11.9268 1.68711,
	11.9225 1.69074,
	11.9053 1.70634,
	11.9015 1.71065,
	11.8996 1.7128,
	11.8911 1.71993,
	11.889 1.72141,
	11.8879 1.72222,
	11.8794 1.73083,
	11.8773 1.73285,
	11.8762 1.73325,
	11.8757 1.73352,
	11.8689 1.74213,
	11.8656 1.74643,
	11.864 1.74859,
	11.8617 1.75289,
	11.8605 1.75504,
	11.8586 1.75935,
	11.8575 1.7615,
	11.8568 1.76365,
	11.856 1.76796,
	11.8556 1.77011,
	11.8548 1.77226,
	11.8544 1.77334,
	11.8541 1.77388,
	11.8525 1.7911,
	11.852 1.7954,
	11.8486 1.80401,
	11.8469 1.80832,
	11.8459 1.81047,
	11.8442 1.81262,
	11.8422 1.81464,
	11.8336 1.82015,
	11.8293 1.82298,
	11.8271 1.82432,
	11.8228 1.82648,
	11.8056 1.83643,
	11.8013 1.83885,
	11.7991 1.84006,
	11.7905 1.84706,
	11.7862 1.8511,
	11.7841 1.85311,
	11.7668 1.86455,
	11.7582 1.87033,
	11.7496 1.87719,
	11.7453 1.88002,
	11.741 1.88365,
	11.7238 1.89939,
	11.7195 1.90356,
	11.7184 1.90464,
	11.7098 1.91069,
	11.7055 1.91365,
	11.7033 1.91513,
	11.7008 1.91944,
	11.693 1.93666,
	11.6891 1.94526,
	11.6873 1.94957,
	11.6865 1.95172,
	11.6889 1.96894,
	11.6902 1.97755,
	11.6916 1.98616,
	11.692 1.98831,
	11.6927 1.99047,
	11.6935 1.99154,
	11.6949 1.99585,
	11.6959 1.998,
	11.6965 1.99908,
	11.6966 2.00015,
	11.6962 2.00446,
	11.6961 2.00661,
	11.6966 2.02383,
	11.6969 2.03244,
	11.697 2.03674,
	11.6965 2.04535,
	11.6951 2.04751,
	11.6945 2.04858,
	11.6914 2.05719,
	11.6899 2.0615,
	11.6881 2.0658,
	11.6876 2.06688,
	11.6869 2.07118,
	11.6865 2.07549,
	11.6865 2.07764,
	11.6865 2.07818,
	11.6879 2.08248,
	11.6885 2.08464,
	11.6889 2.08571,
	11.6916 2.09002,
	11.693 2.09217,
	11.7015 2.09957,
	11.7058 2.1032,
	11.7079 2.10495,
	11.7119 2.10925,
	11.7137 2.11141,
	11.7145 2.11248,
	11.7156 2.11356,
	11.7161 2.1141,
	11.7167 2.11517,
	11.7173 2.11733,
	11.7176 2.11786,
	11.7183 2.12217,
	11.7191 2.12432,
	11.7195 2.1254,
	11.7199 2.12755,
	11.72 2.12863,
	11.7193 2.13293,
	11.7177 2.13724,
	11.7169 2.13939,
	11.7168 2.13993,
	11.7138 2.14423,
	11.7124 2.14638,
	11.7087 2.15069,
	11.7044 2.15378,
	11.6958 2.15715,
	11.6937 2.15782,
	11.6893 2.15849,
	11.6807 2.16185,
	11.6797 2.16226,
	11.6791 2.16239,
	11.675 2.16629,
	11.6717 2.1706,
	11.6701 2.17275,
	11.6658 2.17611,
	11.6637 2.17773,
	11.6626 2.1784,
	11.6604 2.17921,
	11.6593 2.17961,
	11.6572 2.17975,
	11.6561 2.18055,
	11.6556 2.18096,
	11.6553 2.18123,
	11.6467 2.18311,
	11.6424 2.18392,
	11.6381 2.18499,
	11.6359 2.1854,
	11.6316 2.18567,
	11.6295 2.1858,
	11.6209 2.18513,
	11.6166 2.18472,
	11.608 2.18109,
	11.6037 2.17975,
	11.6026 2.17948,
	11.5983 2.17719,
	11.5961 2.17544,
	11.595 2.1745,
	11.5902 2.16589,
	11.5895 2.16374,
	11.5882 2.15513,
	11.5875 2.15082,
	11.5875 2.15028,
	11.5859 2.14598,
	11.5851 2.14383,
	11.5829 2.13952,
	11.5786 2.13576,
	11.5765 2.13387,
	11.5759 2.13333,
	11.5673 2.12836,
	11.563 2.1258,
	11.5619 2.12513,
	11.5614 2.12486,
	11.5572 2.12096,
	11.5537 2.11665,
	11.5506 2.11235,
	11.5494 2.1102,
	11.5485 2.10804,
	11.5481 2.10697,
	11.5473 2.10589,
	11.5469 2.10535,
	11.5462 2.1032,
	11.5446 2.10105,
	11.5438 2.09997,
	11.5432 2.09889,
	11.5324 2.06446,
	11.5212 2.03002,
	11.5155 2.0128,
	11.5138 2.00849,
	11.5118 2.00419,
	11.5095 1.99988,
	11.5083 1.99773,
	11.5065 1.99343,
	11.5036 1.98912,
	11.5021 1.98697,
	11.5013 1.98589,
	11.4966 1.97728,
	11.4941 1.97298,
	11.4935 1.9719,
	11.4904 1.96329,
	11.4889 1.95899,
	11.4881 1.95683,
	11.4835 1.93961,
	11.4812 1.931,
	11.4802 1.9267,
	11.4784 1.91809,
	11.4771 1.91379,
	11.4764 1.91163,
	11.4745 1.90302,
	11.4736 1.89872,
	11.4726 1.89011,
	11.4724 1.87289,
	11.4721 1.86428,
	11.4721 1.86213,
	11.4721 1.86105,
	11.4721 1.86092,
	"/>
</Transform>

<Transform dim="0"
 xcoef=" 0 1 0 0 0 0"
 ycoef=" 0 0 1 0 0 0">
<Contour name="d046_o08" hidden="false" closed="true" simplified="false" border="1 0 0" fill="1 0 0" mode="-13"
 points="11.297 1.16438,
	11.3489 1.16438,
	11.323 1.21196,
	"/>
</Transform>

<Transform dim="1"
 xcoef=" -0.02 1 0 0 0 0"
 ycoef=" 0.07 0 1 0 0 0">
<Contour name="d046_o09" hidden="false" closed="true" simplified="false" border="1 0 0" fill="1 0 0" mode="-13"
 points="11.8808 1.27782,
	11.9084 1.27782,
	11.8946 1.30308,
	"/>
</Transform>

<Transform dim="0"
 xcoef=" 0 1 0 0 0 0"
 ycoef=" 0 0 1 0 0 0">
<Contour name="d046" hidden="false" closed="true" simplified="true" border="1 1 0" fill="1 1 0" mode="11"
 points="11.0527 1.33852,
	11.0588 1.33039,
	11.0628 1.32734,
	11.071 1.32429,
	11.0872 1.32327,
	11.0954 1.32327,
	11.0994 1.32327,
	11.1076 1.31921,
	11.1157 1.31209,
	11.1187 1.30803,
	11.1208 1.2999,
	11.1208 1.28363,
	11.1197 1.27957,
	11.1208 1.27144,
	11.1248 1.26331,
	11.1319 1.25518,
	11.1401 1.25213,
	11.1726 1.25213,
	11.1807 1.25111,
	11.1848 1.24908,
	11.1889 1.24095,
	11.1899 1.23688,
	11.1878 1.22875,
	11.1838 1.22062,
	11.1675 1.20639,
	11.1594 1.20131,
	11.1553 1.19725,
	11.1523 1.18911,
	11.1513 1.18098,
	11.1543 1.17285,
	11.1614 1.16472,
	11.1645 1.16066,
	11.1655 1.15862,
	11.1645 1.15659,
	11.1685 1.14846,
	11.1716 1.1444,
	11.1716 1.14236,
	11.1797 1.13525,
	11.196 1.1261,
	11.2041 1.12204,
	11.2366 1.11391,
	11.2529 1.10984,
	11.261 1.10781,
	11.2651 1.10578,
	11.2691 1.10578,
	11.2854 1.09968,
	11.2895 1.09968,
	11.3057 1.09155,
	11.3139 1.08951,
	11.322 1.08545,
	11.3383 1.08138,
	11.3464 1.08138,
	11.3505 1.08138,
	11.3545 1.07935,
	11.3708 1.07935,
	11.387 1.07732,
	11.4033 1.07833,
	11.4074 1.08037,
	11.4236 1.08342,
	11.4399 1.0946,
	11.448 1.09866,
	11.4562 1.10578,
	11.4602 1.10984,
	11.4927 1.12305,
	11.5253 1.14236,
	11.5415 1.15354,
	11.5578 1.16676,
	11.5659 1.17285,
	11.5822 1.17794,
	11.6147 1.17895,
	11.631 1.18098,
	11.696 1.19928,
	11.7123 1.20131,
	11.7204 1.20029,
	11.7245 1.20029,
	11.757 1.18403,
	11.7651 1.17997,
	11.7814 1.1759,
	11.7976 1.1698,
	11.8058 1.16777,
	11.8139 1.16371,
	11.8129 1.16269,
	11.821 1.15761,
	11.8292 1.15558,
	11.8373 1.15049,
	11.8413 1.14744,
	11.8495 1.1444,
	11.8576 1.13931,
	11.8617 1.1383,
	11.8657 1.14033,
	11.8668 1.14135,
	11.8993 1.13931,
	11.9318 1.14643,
	11.9399 1.14846,
	11.9725 1.16574,
	11.9887 1.17895,
	11.9958 1.18708,
	12.0009 1.19521,
	12.004 1.19826,
	12.0141 1.23078,
	12.0253 1.24705,
	12.0324 1.26331,
	12.0365 1.27144,
	12.0355 1.2877,
	12.0426 1.32022,
	12.0436 1.32835,
	12.0507 1.34461,
	12.0568 1.35275,
	12.0731 1.36189,
	12.0812 1.36697,
	12.0853 1.36901,
	12.0904 1.37714,
	12.0914 1.3812,
	12.0822 1.41373,
	12.0802 1.41779,
	12.0782 1.43405,
	12.0812 1.45031,
	12.0832 1.45844,
	12.0975 1.49097,
	12.0995 1.50723,
	12.1005 1.51536,
	12.1015 1.51942,
	12.0985 1.53569,
	12.0964 1.53975,
	12.0822 1.55601,
	12.0741 1.57227,
	12.0751 1.58854,
	12.0822 1.62106,
	12.0853 1.62919,
	12.0832 1.64545,
	12.0812 1.65358,
	12.0721 1.66984,
	12.0639 1.67696,
	12.0588 1.69322,
	12.0619 1.72574,
	12.0619 1.73387,
	12.0619 1.73794,
	12.0538 1.7542,
	12.0456 1.75725,
	12.0294 1.7603,
	12.0131 1.76741,
	12.006 1.77453,
	11.9999 1.79079,
	11.9979 1.79892,
	11.9958 1.80298,
	11.9877 1.8101,
	11.9836 1.81416,
	11.9674 1.81721,
	11.9511 1.81213,
	11.9349 1.80502,
	11.9267 1.80197,
	11.9227 1.80095,
	11.9145 1.80197,
	11.8983 1.80908,
	11.8901 1.81213,
	11.8576 1.8162,
	11.8413 1.81823,
	11.8088 1.83144,
	11.7763 1.84669,
	11.76 1.85583,
	11.7438 1.86295,
	11.7113 1.86803,
	11.7031 1.86904,
	11.6869 1.87413,
	11.6787 1.87514,
	11.6747 1.87514,
	11.6584 1.88226,
	11.6421 1.88734,
	11.6259 1.88836,
	11.6178 1.88937,
	11.6015 1.88632,
	11.569 1.87413,
	11.5527 1.86498,
	11.5364 1.85278,
	11.5283 1.8477,
	11.5121 1.83144,
	11.5039 1.82331,
	11.4958 1.81823,
	11.4877 1.81518,
	11.4795 1.81416,
	11.4714 1.81518,
	11.4551 1.82229,
	11.4389 1.83347,
	11.4348 1.83652,
	11.4186 1.83957,
	11.4023 1.84059,
	11.386 1.83855,
	11.3779 1.83754,
	11.3454 1.82229,
	11.2803 1.79485,
	11.2478 1.78164,
	11.2153 1.77046,
	11.199 1.76131,
	11.1858 1.74505,
	11.1767 1.72879,
	11.1716 1.72066,
	11.1563 1.70541,
	11.1401 1.69423,
	11.134 1.6861,
	11.1299 1.68204,
	11.1208 1.66578,
	11.1187 1.65765,
	11.1197 1.62512,
	11.1167 1.56008,
	11.1137 1.52756,
	11.1137 1.51942,
	11.0974 1.4869,
	11.0933 1.47877,
	11.0923 1.47471,
	11.0954 1.45844,
	11.0923 1.45031,
	11.075 1.41779,
	11.0628 1.38527,
	11.0567 1.36901,
	11.0537 1.35275,
	11.0527 1.34461,
	11.0527 1.34055,
	11.0527 1.33953,
	"/>
</Transform>

<Transform dim="0"
 xcoef=" 0 1 0 0 0 0"
 ycoef=" 0 0 1 0 0 0">
<Contour name="d046_checked" hidden="false" closed="true" simplified="false" border="0 1 0" fill="0 1 0" mode="-13"
 points="11.9362 1.24356,
	11.9461 1.22961,
	11.9362 1.21566,
	11.9422 1.21566,
	11.9501 1.22762,
	11.9581 1.21566,
	11.9641 1.21566,
	11.9541 1.22961,
	11.9641 1.24356,
	11.9581 1.24356,
	11.9501 1.23161,
	11.9422 1.24356,
	"/>
</Transform>

<Transform dim="0"
 xcoef=" 0 1 0 0 0 0"
 ycoef=" 0 0 1 0 0 0">
<Contour name="d046_cfa08" hidden="false" closed="false" simplified="false" border="0 1 0" fill="0 1 0" mode="11"
 points="11.0034 0.521436,
	10.9509 0.520725,
	10.9118 0.517174,
	10.85 0.503678,
	10.7825 0.475265,
	"/>
</Transform>

<Transform dim="0"
 xcoef=" 0 1 0 0 0 0"
 ycoef=" 0 0 1 0 0 0">
<Contour name="d046_c08" hidden="false" closed="true" simplified="true" border="1 0 0" fill="1 0 0" mode="11"
 points="10.7785 0.494132,
	10.7822 0.488267,
	10.7829 0.476537,
	10.7822 0.464806,
	10.7837 0.453076,
	10.7851 0.447211,
	10.7851 0.445745,
	10.8086 0.428883,
	10.8203 0.420818,
	10.8438 0.412754,
	10.8672 0.406156,
	10.9142 0.398824,
	10.9376 0.398091,
	10.9493 0.398091,
	10.9611 0.403223,
	10.9669 0.406156,
	10.9904 0.428883,
	10.9977 0.440613,
	10.9999 0.452343,
	11.0007 0.464073,
	11.0058 0.487534,
	11.0073 0.493399,
	11.008 0.516859,
	11.008 0.522724,
	11.0036 0.528589,
	11.0021 0.531522,
	10.9992 0.533721,
	10.9875 0.537387,
	10.9816 0.538853,
	10.9787 0.539586,
	10.9728 0.545451,
	10.9699 0.547651,
	10.923 0.554249,
	10.9112 0.555715,
	10.8643 0.554982,
	10.8408 0.552049,
	10.8291 0.550583,
	10.8232 0.54985,
	10.8174 0.547651,
	10.8115 0.543985,
	10.7998 0.534454,
	10.7939 0.530055,
	10.7829 0.518325,
	10.78 0.515393,
	10.7785 0.503663,
	10.7785 0.497797,
	10.7785 0.494865,
	"/>
</Transform>

<Transform dim="0"
 xcoef=" 0 1 0 0 0 0"
 ycoef=" 0 0 1 0 0 0">
<Contour name="d046_cfa10" hidden="false" closed="false" simplified="false" border="0 1 0" fill="0 1 0" mode="11"
 points="11.9783 2.49348,
	11.9559 2.50804,
	11.9145 2.54162,
	11.8809 2.59199,
	"/>
<Contour name="d046_cfa10" hidden="false" closed="false" simplified="false" border="0 1 0" fill="0 1 0" mode="11"
 points="12.2962 2.23603,
	12.229 2.25506,
	12.1641 2.28305,
	12.0768 2.35468,
	12.0511 2.40617,
	12.0208 2.45766,
	"/>
</Transform>

<Transform dim="0"
 xcoef=" 0 1 0 0 0 0"
 ycoef=" 0 0 1 0 0 0">
<Contour name="d046_c10" hidden="false" closed="true" simplified="true" border="1 0 0" fill="1 0 0" mode="11"
 points="11.8584 2.54206,
	11.8674 2.50624,
	11.8696 2.49728,
	11.8775 2.49168,
	11.9133 2.47713,
	11.9491 2.47489,
	11.967 2.48049,
	11.976 2.48385,
	11.9849 2.4928,
	12.0118 2.52862,
	12.0241 2.54653,
	12.0275 2.56444,
	12.0297 2.5734,
	12.0308 2.57788,
	12.0264 2.59578,
	12.0252 2.60026,
	12.0252 2.6025,
	12.0096 2.62041,
	12.0073 2.62265,
	11.9715 2.62825,
	11.9625 2.62937,
	11.9267 2.61929,
	11.9088 2.61369,
	11.873 2.58571,
	11.8696 2.58123,
	11.8596 2.54541,
	11.8584 2.54318,
	"/>
</Transform>

<Transform dim="0"
 xcoef=" 0 1 0 0 0 0"
 ycoef=" 0 0 1 0 0 0">
<Contour name="d046_c10" hidden="false" closed="true" simplified="true" border="1 0 0" fill="1 0 0" mode="11"
 points="12.0073 2.429,
	12.0152 2.39318,
	12.0319 2.35736,
	12.0364 2.34841,
	12.051 2.3305,
	12.0857 2.29692,
	12.0946 2.2902,
	12.1305 2.27005,
	12.1484 2.2555,
	12.1663 2.24319,
	12.2021 2.22416,
	12.2379 2.21297,
	12.2558 2.20737,
	12.2648 2.20625,
	12.2827 2.20849,
	12.2916 2.20961,
	12.2961 2.20961,
	12.2995 2.21297,
	12.304 2.23087,
	12.323 2.26669,
	12.3308 2.2846,
	12.3398 2.32042,
	12.3207 2.39206,
	12.3163 2.40997,
	12.3107 2.41893,
	12.2804 2.45475,
	12.2737 2.4637,
	12.2379 2.49168,
	12.229 2.49952,
	12.1931 2.51855,
	12.1887 2.52079,
	12.1528 2.52303,
	12.1349 2.52415,
	12.126 2.52303,
	12.117 2.51967,
	12.0991 2.50736,
	12.0633 2.48833,
	12.0275 2.46258,
	12.0185 2.45698,
	12.014 2.45363,
	12.0118 2.45139,
	12.0073 2.43348,
	12.0073 2.43012,
	"/>
</Transform>

<Transform dim="0"
 xcoef=" 0 1 0 0 0 0"
 ycoef=" 0 0 1 0 0 0">
<Contour name="D046_ax01" hidden="false" closed="true" simplified="false" border="0 1 1" fill="0 1 1" mode="-11"
 points="15.9283 0.406836,
	15.9394 0.39579,
	15.8952 0.351603,
	15.9062 0.340557,
	15.9504 0.384743,
	15.9615 0.373697,
	15.9615 0.406836,
	"/>
</Transform>

<Transform dim="1"
 xcoef=" 1.30560297504431 1 0 0 0 0"
 ycoef=" 0.911219181939302 0 1 0 0 0">
<Image mag="0.00201646" contrast="1.88565" brightness="-0.42" red="true" green="true" blue="true"
 src="033____z32.0.tif" />
<Contour name="domain1" hidden="false" closed="true" simplified="false" border="1 0 1" fill="1 0 1" mode="11"
 points="0 0,
	9551 0,
	9551 5063,
	0 5063,
	"/>
</Transform>

</Section>