<?xml version="1.0"?>
<!DOCTYPE Section SYSTEM "section.dtd">

<Section index="215" thickness="0.052" alignLocked="true">
<Transform dim="1"
 xcoef=" 9.35516358291944 1 0 0 0 0"
 ycoef=" 8.38005858703688 0 1 0 0 0">
<Image mag="0.00201646" contrast="1.79586" brightness="-0.945" red="true" green="true" blue="true"
 src="215____z214.0.tif" />
<Contour name="domain1" hidden="false" closed="true" simplified="false" border="1 0 1" fill="1 0 1" mode="11"
 points="0 0,
	13727 0,
	13727 13535,
	0 13535,
	"/>
</Transform>

<Transform dim="1"
 xcoef=" 9.35516358291944 1 0 0 0 0"
 ycoef=" 8.38005858703688 0 1 0 0 0">
<Contour name="D057" hidden="false" closed="true" simplified="true" border="0 0 1" fill="0 0 1" mode="11"
 points="13.942 18.1673,
	13.943 18.1544,
	13.9461 18.1418,
	13.9513 18.1296,
	13.9584 18.1181,
	13.9674 18.1074,
	13.978 18.0977,
	13.9901 18.0892,
	14.0034 18.0821,
	14.0179 18.0764,
	14.0331 18.0723,
	14.0489 18.0697,
	14.0649 18.0689,
	14.081 18.0697,
	14.0967 18.0723,
	14.112 18.0764,
	14.1264 18.0821,
	14.1398 18.0892,
	14.1519 18.0977,
	14.1625 18.1074,
	14.1714 18.1181,
	14.1785 18.1296,
	14.1837 18.1418,
	14.1868 18.1544,
	14.1879 18.1673,
	14.1868 18.1801,
	14.1837 18.1927,
	14.1785 18.2049,
	14.1714 18.2165,
	14.1625 18.2272,
	14.1519 18.2368,
	14.1398 18.2453,
	14.1264 18.2525,
	14.112 18.2582,
	14.0967 18.2623,
	14.081 18.2648,
	14.0649 18.2656,
	14.0489 18.2648,
	14.0331 18.2623,
	14.0179 18.2582,
	14.0034 18.2525,
	13.9901 18.2453,
	13.978 18.2368,
	13.9674 18.2272,
	13.9584 18.2165,
	13.9513 18.2049,
	13.9461 18.1927,
	13.943 18.1801,
	"/>
</Transform>

<Transform dim="1"
 xcoef=" 9.35516358291944 1 0 0 0 0"
 ycoef=" 8.38005858703688 0 1 0 0 0">
<Contour name="D058" hidden="false" closed="true" simplified="true" border="0 0 1" fill="0 0 1" mode="11"
 points="14.9886 19.2539,
	14.9893 19.243,
	14.9912 19.2322,
	14.9945 19.2217,
	14.9991 19.2114,
	15.0048 19.2015,
	15.0117 19.1921,
	15.0198 19.1832,
	15.0289 19.1751,
	15.0389 19.1676,
	15.0497 19.161,
	15.0614 19.1553,
	15.0736 19.1504,
	15.0864 19.1466,
	15.0996 19.1437,
	15.1131 19.1419,
	15.1267 19.1411,
	15.1404 19.1413,
	15.154 19.1427,
	15.1673 19.145,
	15.1804 19.1484,
	15.1929 19.1527,
	15.2048 19.158,
	15.2161 19.1642,
	15.2266 19.1713,
	15.2361 19.1791,
	15.2447 19.1876,
	15.2522 19.1967,
	15.2585 19.2064,
	15.2637 19.2165,
	15.2676 19.2269,
	15.2702 19.2376,
	15.2715 19.2485,
	15.2715 19.2594,
	15.2702 19.2703,
	15.2676 19.281,
	15.2637 19.2914,
	15.2585 19.3015,
	15.2522 19.3112,
	15.2447 19.3203,
	15.2361 19.3288,
	15.2266 19.3366,
	15.2161 19.3436,
	15.2048 19.3498,
	15.1929 19.3551,
	15.1804 19.3595,
	15.1673 19.3629,
	15.154 19.3652,
	15.1404 19.3665,
	15.1267 19.3668,
	15.1131 19.366,
	15.0996 19.3642,
	15.0864 19.3613,
	15.0736 19.3574,
	15.0614 19.3526,
	15.0497 19.3469,
	15.0389 19.3402,
	15.0289 19.3328,
	15.0198 19.3246,
	15.0117 19.3158,
	15.0048 19.3064,
	14.9991 19.2965,
	14.9945 19.2862,
	14.9912 19.2756,
	14.9893 19.2648,
	"/>
</Transform>

<Transform dim="1"
 xcoef=" 9.24497168026718 1 0 0 0 0"
 ycoef=" 8.09186438010019 0 1 0 0 0">
<Contour name="D046" hidden="true" closed="true" simplified="true" border="0 0 1" fill="0 0 1" mode="11"
 points="23.5268 11.7328,
	23.5285 11.7189,
	23.5334 11.7054,
	23.5415 11.6927,
	23.5525 11.681,
	23.5662 11.6708,
	23.5821 11.6622,
	23.5998 11.6556,
	23.6189 11.651,
	23.6388 11.6488,
	23.6589 11.6488,
	23.6788 11.651,
	23.6979 11.6556,
	23.7156 11.6622,
	23.7315 11.6708,
	23.7452 11.681,
	23.7562 11.6927,
	23.7643 11.7054,
	23.7693 11.7189,
	23.7709 11.7328,
	23.7693 11.7467,
	23.7643 11.7602,
	23.7562 11.7729,
	23.7452 11.7846,
	23.7315 11.7948,
	23.7156 11.8034,
	23.6979 11.81,
	23.6788 11.8146,
	23.6589 11.8168,
	23.6388 11.8168,
	23.6189 11.8146,
	23.5998 11.81,
	23.5821 11.8034,
	23.5662 11.7948,
	23.5525 11.7846,
	23.5415 11.7729,
	23.5334 11.7602,
	"/>
</Transform>

<Transform dim="0"
 xcoef=" 0 1 0 0 0 0"
 ycoef=" 0 0 1 0 0 0">
<Contour name="D045" hidden="false" closed="true" simplified="true" border="0 0 1" fill="0 0 1" mode="11"
 points="1.77416 8.98755,
	1.77611 8.96608,
	1.78192 8.94524,
	1.7914 8.92565,
	1.80429 8.90789,
	1.82019 8.89249,
	1.83864 8.8799,
	1.85909 8.87049,
	1.88094 8.86453,
	1.90354 8.86222,
	1.92623 8.86361,
	1.94833 8.86866,
	1.96919 8.87723,
	1.98819 8.88906,
	2.00478 8.9038,
	2.01846 8.92102,
	2.02882 8.9402,
	2.03557 8.96078,
	2.0385 8.98216,
	2.03752 9.00369,
	2.03266 9.02475,
	2.02408 9.0447,
	2.01201 9.06297,
	1.99682 9.07901,
	1.97896 9.09234,
	1.95896 9.10258,
	1.9374 9.10942,
	1.91492 9.11265,
	1.89219 9.11219,
	1.86988 9.10804,
	1.84865 9.10033,
	1.82913 9.08928,
	1.81189 9.07523,
	1.79744 9.05859,
	1.78622 9.03985,
	1.77854 9.01956,
	"/>
</Transform>

<Transform dim="0"
 xcoef=" 0 1 0 0 0 0"
 ycoef=" 0 0 1 0 0 0">
<Contour name="D019" hidden="false" closed="true" simplified="true" border="0 0 1" fill="0 0 1" mode="11"
 points="2.34864 6.66112,
	2.34972 6.64402,
	2.35292 6.62731,
	2.35818 6.61138,
	2.36538 6.59658,
	2.37434 6.58326,
	2.38487 6.57172,
	2.39673 6.56222,
	2.40963 6.55499,
	2.4233 6.55019,
	2.43741 6.54792,
	2.45164 6.54825,
	2.46567 6.55115,
	2.47917 6.55658,
	2.49184 6.56439,
	2.50339 6.57442,
	2.51355 6.58643,
	2.52209 6.60015,
	2.52882 6.61527,
	2.53357 6.63143,
	2.53625 6.64828,
	2.53679 6.66541,
	2.53518 6.68245,
	2.53145 6.699,
	2.52569 6.71469,
	2.51804 6.72915,
	2.50866 6.74205,
	2.49778 6.7531,
	2.48563 6.76205,
	2.47251 6.76869,
	2.4587 6.77287,
	2.44453 6.77449,
	2.43032 6.77351,
	2.41639 6.76997,
	2.40307 6.76393,
	2.39065 6.75555,
	2.37943 6.745,
	2.36965 6.73253,
	2.36155 6.71843,
	2.3553 6.70302,
	2.35106 6.68665,
	"/>
</Transform>

<Transform dim="0"
 xcoef=" 0 1 0 0 0 0"
 ycoef=" 0 0 1 0 0 0">
<Contour name="D020" hidden="false" closed="true" simplified="true" border="0 0 1" fill="0 0 1" mode="11"
 points="9.32378 6.0305,
	9.32686 6.01021,
	9.33587 5.99137,
	9.35018 5.9753,
	9.36876 5.96316,
	9.3903 5.9558,
	9.41326 5.95376,
	9.43602 5.95716,
	9.45696 5.96578,
	9.47459 5.97899,
	9.48765 5.99587,
	9.49522 6.0152,
	9.49676 6.03563,
	9.49217 6.05568,
	9.48176 6.07395,
	9.46627 6.08913,
	9.44682 6.10015,
	9.42477 6.10621,
	9.4017 6.10689,
	9.37925 6.10215,
	9.35901 6.09231,
	9.34242 6.07808,
	9.33066 6.06047,
	"/>
</Transform>

</Section>