<?xml version="1.0"?>
<!DOCTYPE Section SYSTEM "section.dtd">

<Section index="181" thickness="0.052" alignLocked="true">
<Transform dim="1"
 xcoef=" 10.3785905760532 1 0 0 0 0"
 ycoef=" 13.170578194393 0 1 0 0 0">
<Image mag="0.00201646" contrast="1.55133" brightness="-0.705" red="true" green="true" blue="true"
 src="181.tif_1.bmp" />
<Contour name="domain1" hidden="false" closed="true" simplified="false" border="1 0 1" fill="1 0 1" mode="11"
 points="0 0,
	16383 0,
	16383 16383,
	0 16383,
	"/>
</Transform>

<Transform dim="1"
 xcoef=" 10.3785905760532 1 0 0 0 0"
 ycoef=" 13.170578194393 0 1 0 0 0">
<Contour name="D058" hidden="false" closed="true" simplified="true" border="0 0 1" fill="0 0 1" mode="11"
 points="15.5862 22.8043,
	15.5919 22.7734,
	15.6084 22.7456,
	15.6342 22.7235,
	15.6667 22.7093,
	15.7026 22.7045,
	15.7386 22.7093,
	15.7711 22.7235,
	15.7968 22.7456,
	15.8134 22.7734,
	15.8191 22.8043,
	15.8134 22.8351,
	15.7968 22.8629,
	15.7711 22.885,
	15.7386 22.8992,
	15.7026 22.9041,
	15.6667 22.8992,
	15.6342 22.885,
	15.6084 22.8629,
	"/>
</Transform>

<Transform dim="1"
 xcoef=" 10.3785905760532 1 0 0 0 0"
 ycoef=" 13.170578194393 0 1 0 0 0">
<Contour name="D057" hidden="false" closed="true" simplified="true" border="0 0 1" fill="0 0 1" mode="11"
 points="15.7361 22.4298,
	15.7377 22.4118,
	15.7428 22.3944,
	15.7509 22.3784,
	15.7619 22.3642,
	15.7754 22.3524,
	15.7908 22.3433,
	15.8076 22.3374,
	15.8252 22.3348,
	15.843 22.3357,
	15.8603 22.34,
	15.8765 22.3475,
	15.891 22.3579,
	15.9032 22.371,
	15.9129 22.3862,
	15.9195 22.403,
	15.9228 22.4207,
	15.9228 22.4388,
	15.9195 22.4565,
	15.9129 22.4733,
	15.9032 22.4885,
	15.891 22.5016,
	15.8765 22.5121,
	15.8603 22.5196,
	15.843 22.5238,
	15.8252 22.5247,
	15.8076 22.5221,
	15.7908 22.5162,
	15.7754 22.5072,
	15.7619 22.4953,
	15.7509 22.4811,
	15.7428 22.4651,
	"/>
</Transform>

<Transform dim="1"
 xcoef=" 9.67956595880062 1 0 0 0 0"
 ycoef=" 9.19064321990944 0 1 0 0 0">
<Contour name="D046" hidden="true" closed="true" simplified="true" border="0 0 1" fill="0 0 1" mode="11"
 points="23.1063 12.4399,
	23.1088 12.4209,
	23.116 12.4028,
	23.1278 12.3864,
	23.1434 12.3725,
	23.1622 12.3618,
	23.1834 12.3547,
	23.2058 12.3516,
	23.2285 12.3527,
	23.2504 12.3578,
	23.2705 12.3667,
	23.2879 12.3791,
	23.3016 12.3943,
	23.3112 12.4117,
	23.3161 12.4304,
	23.3161 12.4495,
	23.3112 12.4682,
	23.3016 12.4855,
	23.2879 12.5007,
	23.2705 12.5131,
	23.2504 12.5221,
	23.2285 12.5272,
	23.2058 12.5282,
	23.1834 12.5251,
	23.1622 12.518,
	23.1434 12.5073,
	23.1278 12.4934,
	23.116 12.4771,
	"/>
</Transform>

<Transform dim="0"
 xcoef=" 0 1 0 0 0 0"
 ycoef=" 0 0 1 0 0 0">
<Contour name="D057 ax01" hidden="false" closed="true" simplified="false" border="0 1 1" fill="0 1 1" mode="-9"
 points="4.41274 7.93417,
	4.42351 7.9234,
	4.38044 7.88033,
	4.3912 7.86956,
	4.43428 7.91263,
	4.44505 7.90186,
	4.44505 7.93417,
	"/>
</Transform>

<Transform dim="0"
 xcoef=" 0 1 0 0 0 0"
 ycoef=" 0 0 1 0 0 0">
<Contour name="D045" hidden="false" closed="true" simplified="true" border="0 0 1" fill="0 0 1" mode="11"
 points="2.30488 7.72177,
	2.30621 7.70777,
	2.31019 7.69407,
	2.31672 7.68096,
	2.32566 7.66872,
	2.33683 7.65761,
	2.34999 7.64787,
	2.36486 7.6397,
	2.38112 7.63328,
	2.39842 7.62875,
	2.41639 7.6262,
	2.43466 7.62569,
	2.45283 7.62722,
	2.47052 7.63077,
	2.48734 7.63626,
	2.50294 7.64357,
	2.51699 7.65255,
	2.52919 7.66301,
	2.53928 7.67471,
	2.54704 7.68742,
	2.5523 7.70086,
	2.55496 7.71475,
	2.55496 7.72879,
	2.5523 7.74267,
	2.54704 7.75611,
	2.53928 7.76882,
	2.52919 7.78053,
	2.51699 7.79098,
	2.50294 7.79996,
	2.48734 7.80727,
	2.47052 7.81276,
	2.45283 7.81631,
	2.43466 7.81785,
	2.41639 7.81733,
	2.39842 7.81479,
	2.38112 7.81025,
	2.36486 7.80384,
	2.34999 7.79567,
	2.33683 7.78593,
	2.32566 7.77482,
	2.31672 7.76258,
	2.31019 7.74947,
	2.30621 7.73577,
	"/>
</Transform>

<Transform dim="0"
 xcoef=" 0 1 0 0 0 0"
 ycoef=" 0 0 1 0 0 0">
<Contour name="D019" hidden="false" closed="true" simplified="true" border="0 0 1" fill="0 0 1" mode="11"
 points="2.96035 5.07709,
	2.9613 5.06269,
	2.96411 5.04854,
	2.96875 5.03485,
	2.97514 5.02185,
	2.98317 5.00976,
	2.99271 4.99878,
	3.0036 4.98908,
	3.01568 4.98082,
	3.02873 4.97415,
	3.04254 4.96917,
	3.05689 4.96596,
	3.07154 4.96458,
	3.08625 4.96504,
	3.10078 4.96734,
	3.11489 4.97144,
	3.12835 4.97728,
	3.14094 4.98476,
	3.15245 4.99376,
	3.16269 5.00412,
	3.17149 5.01568,
	3.17872 5.02825,
	3.18424 5.04162,
	3.18797 5.05557,
	3.18986 5.06988,
	3.18986 5.0843,
	3.18797 5.09861,
	3.18424 5.11256,
	3.17872 5.12593,
	3.17149 5.1385,
	3.16269 5.15006,
	3.15245 5.16042,
	3.14094 5.16942,
	3.12835 5.17689,
	3.11489 5.18273,
	3.10078 5.18684,
	3.08625 5.18914,
	3.07154 5.1896,
	3.05689 5.18822,
	3.04254 5.18501,
	3.02873 5.18003,
	3.01568 5.17335,
	3.0036 5.1651,
	2.99271 5.1554,
	2.98317 5.14442,
	2.97514 5.13233,
	2.96875 5.11933,
	2.96411 5.10564,
	2.9613 5.09148,
	"/>
</Transform>

<Transform dim="0"
 xcoef=" 0 1 0 0 0 0"
 ycoef=" 0 0 1 0 0 0">
<Contour name="D020" hidden="false" closed="true" simplified="true" border="0 0 1" fill="0 0 1" mode="11"
 points="9.31071 5.64821,
	9.31255 5.62108,
	9.31801 5.59482,
	9.3269 5.57028,
	9.33895 5.54825,
	9.35377 5.52942,
	9.37088 5.51442,
	9.38974 5.50371,
	9.40972 5.49765,
	9.4302 5.49643,
	9.45052 5.50008,
	9.47002 5.5085,
	9.48807 5.52141,
	9.5041 5.53839,
	9.51759 5.5589,
	9.52811 5.58229,
	9.53531 5.60779,
	9.53897 5.63459,
	9.53897 5.66183,
	9.53531 5.68863,
	9.52811 5.71413,
	9.51759 5.73751,
	9.5041 5.75803,
	9.48807 5.77501,
	9.47002 5.78792,
	9.45052 5.79633,
	9.4302 5.79999,
	9.40972 5.79877,
	9.38974 5.79271,
	9.37088 5.782,
	9.35377 5.767,
	9.33895 5.74817,
	9.3269 5.72614,
	9.31801 5.7016,
	"/>
</Transform>

</Section>