<?xml version="1.0"?>
<!DOCTYPE Section SYSTEM "section.dtd">

<Section index="24" thickness="0.052" alignLocked="true">
<Transform dim="3"
 xcoef=" 0.401460484478483 1.25456401399526 0 0 0 0"
 ycoef=" 0.545593061281509 0 1.25456401399526 0 0 0">
<Contour name="D019" hidden="false" closed="true" simplified="true" border="0 0 1" fill="0 0 1" mode="13"
 points="9.64723 5.86508,
	9.64985 5.80726,
	9.65762 5.75141,
	9.67028 5.69943,
	9.6874 5.6531,
	9.7084 5.61398,
	9.73255 5.58341,
	9.75903 5.56244,
	9.78696 5.55177,
	9.81536 5.55177,
	9.84328 5.56244,
	9.86977 5.58341,
	9.89392 5.61398,
	9.91492 5.6531,
	9.93203 5.69943,
	9.9447 5.75141,
	9.95247 5.80726,
	9.95509 5.86508,
	9.95247 5.9229,
	9.9447 5.97874,
	9.93203 6.03072,
	9.91492 6.07706,
	9.89392 6.11618,
	9.86977 6.14674,
	9.84328 6.16772,
	9.81536 6.17839,
	9.78696 6.17839,
	9.75903 6.16772,
	9.73255 6.14674,
	9.7084 6.11618,
	9.6874 6.07706,
	9.67028 6.03072,
	9.65762 5.97874,
	9.64985 5.9229,
	"/>
</Transform>

<Transform dim="3"
 xcoef=" 0.401460484478483 1.25456401399526 0 0 0 0"
 ycoef=" 0.545593061281509 0 1.25456401399526 0 0 0">
<Contour name="D020" hidden="false" closed="true" simplified="true" border="0 0 1" fill="0 0 1" mode="13"
 points="13.5714 8.88973,
	13.5738 8.86126,
	13.5807 8.83357,
	13.592 8.80742,
	13.6074 8.78351,
	13.6265 8.76249,
	13.6488 8.74495,
	13.6736 8.73135,
	13.7002 8.72208,
	13.728 8.71738,
	13.7562 8.71738,
	13.784 8.72208,
	13.8107 8.73135,
	13.8355 8.74495,
	13.8577 8.76249,
	13.8768 8.78351,
	13.8922 8.80742,
	13.9036 8.83357,
	13.9105 8.86126,
	13.9128 8.88973,
	13.9105 8.91819,
	13.9036 8.94588,
	13.8922 8.97204,
	13.8768 8.99595,
	13.8577 9.01696,
	13.8355 9.03451,
	13.8107 9.0481,
	13.784 9.05738,
	13.7562 9.06208,
	13.728 9.06208,
	13.7002 9.05738,
	13.6736 9.0481,
	13.6488 9.03451,
	13.6265 9.01696,
	13.6074 8.99595,
	13.592 8.97204,
	13.5807 8.94588,
	"/>
</Transform>

<Transform dim="3"
 xcoef=" 0.401460484478483 1.25456401399526 0 0 0 0"
 ycoef=" 0.545593061281509 0 1.25456401399526 0 0 0">
<Contour name="D021" hidden="false" closed="true" simplified="true" border="0 0 1" fill="0 0 1" mode="13"
 points="8.26847 7.60172,
	8.2704 7.55338,
	8.27613 7.50613,
	8.28554 7.46101,
	8.29843 7.41904,
	8.31449 7.38114,
	8.33338 7.34818,
	8.35467 7.32087,
	8.37789 7.29985,
	8.40251 7.28556,
	8.42799 7.27834,
	8.45376 7.27834,
	8.47924 7.28556,
	8.50386 7.29985,
	8.52708 7.32087,
	8.54837 7.34818,
	8.56726 7.38114,
	8.58332 7.41904,
	8.59621 7.46101,
	8.60562 7.50613,
	8.61136 7.55338,
	8.61328 7.60172,
	8.61136 7.65005,
	8.60562 7.6973,
	8.59621 7.74242,
	8.58332 7.78439,
	8.56726 7.82229,
	8.54837 7.85525,
	8.52708 7.88256,
	8.50386 7.90359,
	8.47924 7.91787,
	8.45376 7.9251,
	8.42799 7.9251,
	8.40251 7.91787,
	8.37789 7.90359,
	8.35467 7.88256,
	8.33338 7.85525,
	8.31449 7.82229,
	8.29843 7.78439,
	8.28554 7.74242,
	8.27613 7.6973,
	"/>
</Transform>

<Transform dim="3"
 xcoef=" 0.401460484478483 1.25456401399526 0 0 0 0"
 ycoef=" 0.545593061281509 0 1.25456401399526 0 0 0">
<Contour name="D022" hidden="false" closed="true" simplified="true" border="0 0 1" fill="0 0 1" mode="13"
 points="18.4143 8.99757,
	18.4168 8.96877,
	18.4244 8.94045,
	18.4369 8.91306,
	18.4542 8.88706,
	18.4759 8.86288,
	18.5016 8.84091,
	18.5311 8.8215,
	18.5637 8.805,
	18.5989 8.79165,
	18.6362 8.78168,
	18.675 8.77526,
	18.7145 8.77249,
	18.7543 8.77341,
	18.7935 8.77802,
	18.8316 8.78623,
	18.868 8.79791,
	18.902 8.81287,
	18.933 8.83086,
	18.9607 8.85159,
	18.9845 8.87472,
	19.004 8.89986,
	19.0189 8.92661,
	19.029 8.95452,
	19.0341 8.98314,
	19.0341 9.012,
	19.029 9.04062,
	19.0189 9.06853,
	19.004 9.09528,
	18.9845 9.12043,
	18.9607 9.14355,
	18.933 9.16428,
	18.902 9.18227,
	18.868 9.19723,
	18.8316 9.20891,
	18.7935 9.21712,
	18.7543 9.22173,
	18.7145 9.22265,
	18.675 9.21988,
	18.6362 9.21346,
	18.5989 9.2035,
	18.5637 9.19015,
	18.5311 9.17364,
	18.5016 9.15424,
	18.4759 9.13227,
	18.4542 9.10808,
	18.4369 9.08208,
	18.4244 9.05469,
	18.4168 9.02637,
	"/>
</Transform>

<Transform dim="3"
 xcoef=" 0.401460484478483 1.25456401399526 0 0 0 0"
 ycoef=" 0.545593061281509 0 1.25456401399526 0 0 0">
<Contour name="D023" hidden="false" closed="true" simplified="true" border="0 0 1" fill="0 0 1" mode="13"
 points="10.079 6.42361,
	10.0796 6.3963,
	10.0816 6.36916,
	10.085 6.34234,
	10.0896 6.31599,
	10.0955 6.29027,
	10.1026 6.26534,
	10.1109 6.24134,
	10.1204 6.2184,
	10.131 6.19667,
	10.1426 6.17627,
	10.1551 6.15733,
	10.1686 6.13994,
	10.1829 6.12422,
	10.1979 6.11026,
	10.2135 6.09813,
	10.2296 6.08792,
	10.2463 6.07968,
	10.2632 6.07345,
	10.2805 6.06928,
	10.2979 6.06719,
	10.3153 6.06719,
	10.3327 6.06928,
	10.3499 6.07345,
	10.3669 6.07968,
	10.3835 6.08792,
	10.3997 6.09813,
	10.4153 6.11026,
	10.4303 6.12422,
	10.4446 6.13994,
	10.458 6.15733,
	10.4706 6.17627,
	10.4822 6.19667,
	10.4928 6.2184,
	10.5022 6.24134,
	10.5106 6.26534,
	10.5177 6.29027,
	10.5236 6.31599,
	10.5282 6.34234,
	10.5315 6.36916,
	10.5335 6.3963,
	10.5342 6.42361,
	10.5335 6.45091,
	10.5315 6.47806,
	10.5282 6.50488,
	10.5236 6.53123,
	10.5177 6.55694,
	10.5106 6.58188,
	10.5022 6.60588,
	10.4928 6.62881,
	10.4822 6.65055,
	10.4706 6.67094,
	10.458 6.68989,
	10.4446 6.70728,
	10.4303 6.723,
	10.4153 6.73696,
	10.3997 6.74908,
	10.3835 6.7593,
	10.3669 6.76754,
	10.3499 6.77377,
	10.3327 6.77794,
	10.3153 6.78003,
	10.2979 6.78003,
	10.2805 6.77794,
	10.2632 6.77377,
	10.2463 6.76754,
	10.2296 6.7593,
	10.2135 6.74908,
	10.1979 6.73696,
	10.1829 6.723,
	10.1686 6.70728,
	10.1551 6.68989,
	10.1426 6.67094,
	10.131 6.65055,
	10.1204 6.62881,
	10.1109 6.60588,
	10.1026 6.58188,
	10.0955 6.55694,
	10.0896 6.53123,
	10.085 6.50488,
	10.0816 6.47806,
	"/>
</Transform>

<Transform dim="3"
 xcoef=" 0.401460484478483 1.25456401399526 0 0 0 0"
 ycoef=" 0.545593061281509 0 1.25456401399526 0 0 0">
<Contour name="D025" hidden="false" closed="true" simplified="true" border="0 0 1" fill="0 0 1" mode="13"
 points="5.66791 5.63849,
	5.6703 5.60852,
	5.6774 5.5794,
	5.68901 5.55199,
	5.70479 5.52706,
	5.72429 5.50534,
	5.74694 5.48745,
	5.77211 5.47391,
	5.79905 5.4651,
	5.82701 5.46128,
	5.85516 5.46255,
	5.88271 5.46889,
	5.90886 5.48011,
	5.93286 5.49588,
	5.95401 5.51576,
	5.97172 5.53917,
	5.98546 5.56543,
	5.99485 5.5938,
	5.99961 5.62345,
	5.99961 5.65354,
	5.99485 5.68319,
	5.98546 5.71156,
	5.97172 5.73782,
	5.95401 5.76123,
	5.93286 5.78111,
	5.90886 5.79688,
	5.88271 5.8081,
	5.85516 5.81443,
	5.82701 5.81571,
	5.79905 5.81189,
	5.77211 5.80308,
	5.74694 5.78954,
	5.72429 5.77165,
	5.70479 5.74993,
	5.68901 5.725,
	5.6774 5.69759,
	5.6703 5.66847,
	"/>
</Transform>

<Transform dim="3"
 xcoef=" 0.401460484478483 1.25456401399526 0 0 0 0"
 ycoef=" 0.545593061281509 0 1.25456401399526 0 0 0">
<Contour name="D026_edge" hidden="false" closed="true" simplified="true" border="0 0 1" fill="0 0 1" mode="13"
 points="0.987658 5.947,
	0.991143 5.8911,
	1.00151 5.83668,
	1.01848 5.78519,
	1.0416 5.738,
	1.07025 5.69636,
	1.10369 5.66139,
	1.14101 5.63401,
	1.18123 5.61494,
	1.22327 5.6047,
	1.26603 5.60356,
	1.30836 5.61154,
	1.34913 5.62844,
	1.38728 5.6538,
	1.42177 5.68696,
	1.4517 5.72702,
	1.47627 5.77294,
	1.49482 5.82347,
	1.50687 5.87729,
	1.51209 5.93297,
	1.51035 5.98901,
	1.50168 6.04394,
	1.48633 6.0963,
	1.4647 6.14468,
	1.43736 6.18782,
	1.40504 6.22455,
	1.3686 6.25391,
	1.32901 6.27511,
	1.28732 6.28759,
	1.24463 6.29102,
	1.20209 6.28531,
	1.16082 6.27061,
	1.12192 6.24731,
	1.08643 6.21602,
	1.05528 6.17759,
	1.0293 6.13303,
	1.00919 6.08353,
	0.995479 6.0304,
	"/>
</Transform>

<Transform dim="3"
 xcoef=" 0.401460484478483 1.25456401399526 0 0 0 0"
 ycoef=" 0.545593061281509 0 1.25456401399526 0 0 0">
<Contour name="D028" hidden="false" closed="true" simplified="true" border="0 0 1" fill="0 0 1" mode="13"
 points="12.9406 10.0447,
	12.9425 10.0253,
	12.948 10.0064,
	12.9571 9.98855,
	12.9695 9.97231,
	12.9848 9.95809,
	13.0026 9.9463,
	13.0224 9.93727,
	13.0437 9.93124,
	13.0658 9.92839,
	13.0882 9.9288,
	13.1102 9.93245,
	13.1311 9.93925,
	13.1505 9.949,
	13.1677 9.96143,
	13.1823 9.9762,
	13.1939 9.99288,
	13.2021 10.011,
	13.2068 10.0301,
	13.2077 10.0496,
	13.2049 10.0689,
	13.1985 10.0876,
	13.1885 10.1051,
	13.1754 10.1208,
	13.1594 10.1345,
	13.141 10.1456,
	13.1208 10.1539,
	13.0993 10.1592,
	13.077 10.1612,
	13.0547 10.16,
	13.0329 10.1555,
	13.0123 10.148,
	12.9934 10.1375,
	12.9768 10.1245,
	12.9629 10.1092,
	12.9521 10.0921,
	12.9448 10.0737,
	"/>
</Transform>

<Transform dim="3"
 xcoef=" 0.401460484478483 1.25456401399526 0 0 0 0"
 ycoef=" 0.545593061281509 0 1.25456401399526 0 0 0">
<Contour name="D029_edge" hidden="false" closed="true" simplified="true" border="0 0 1" fill="0 0 1" mode="13"
 points="11.0478 12.7443,
	11.0527 12.719,
	11.0673 12.6945,
	11.0909 12.6718,
	11.1229 12.6515,
	11.1622 12.6344,
	11.2073 12.621,
	11.2568 12.6118,
	11.309 12.6071,
	11.3621 12.6071,
	11.4143 12.6118,
	11.4638 12.621,
	11.5089 12.6344,
	11.5481 12.6515,
	11.5801 12.6718,
	11.6038 12.6945,
	11.6183 12.719,
	11.6232 12.7443,
	11.6183 12.7696,
	11.6038 12.7941,
	11.5801 12.8168,
	11.5481 12.8371,
	11.5089 12.8542,
	11.4638 12.8676,
	11.4143 12.8768,
	11.3621 12.8815,
	11.309 12.8815,
	11.2568 12.8768,
	11.2073 12.8676,
	11.1622 12.8542,
	11.1229 12.8371,
	11.0909 12.8168,
	11.0673 12.7941,
	11.0527 12.7696,
	"/>
</Transform>

<Transform dim="3"
 xcoef=" 0.401460484478483 1.25456401399526 0 0 0 0"
 ycoef=" 0.545593061281509 0 1.25456401399526 0 0 0">
<Contour name="D030" hidden="false" closed="true" simplified="true" border="0 0 1" fill="0 0 1" mode="13"
 points="10.8206 4.86412,
	10.8221 4.82466,
	10.8263 4.78623,
	10.8333 4.74981,
	10.8429 4.71635,
	10.8547 4.68672,
	10.8685 4.66169,
	10.884 4.6419,
	10.9007 4.62786,
	10.9182 4.61994,
	10.936 4.61835,
	10.9537 4.62312,
	10.9709 4.63413,
	10.987 4.6511,
	11.0017 4.67359,
	11.0145 4.70101,
	11.0253 4.73266,
	11.0336 4.76771,
	11.0392 4.80526,
	11.0421 4.84433,
	11.0421 4.88391,
	11.0392 4.92299,
	11.0336 4.96054,
	11.0253 4.99559,
	11.0145 5.02723,
	11.0017 5.05465,
	10.987 5.07714,
	10.9709 5.09411,
	10.9537 5.10512,
	10.936 5.1099,
	10.9182 5.1083,
	10.9007 5.10038,
	10.884 5.08635,
	10.8685 5.06655,
	10.8547 5.04152,
	10.8429 5.01189,
	10.8333 4.97843,
	10.8263 4.94201,
	"/>
</Transform>

<Transform dim="3"
 xcoef=" 0.401460484478483 1.25456401399526 0 0 0 0"
 ycoef=" 0.545593061281509 0 1.25456401399526 0 0 0">
<Contour name="D031" hidden="false" closed="true" simplified="true" border="0 0 1" fill="0 0 1" mode="13"
 points="12.0587 7.41555,
	12.0605 7.39576,
	12.0658 7.37666,
	12.0746 7.35892,
	12.0863 7.34318,
	12.1008 7.32997,
	12.1173 7.31976,
	12.1355 7.31291,
	12.1545 7.30967,
	12.1738 7.31013,
	12.1927 7.31429,
	12.2105 7.32201,
	12.2265 7.33301,
	12.2404 7.3469,
	12.2514 7.3632,
	12.2593 7.38133,
	12.2638 7.40067,
	12.2647 7.42052,
	12.262 7.44021,
	12.2558 7.45902,
	12.2462 7.47632,
	12.2338 7.49148,
	12.2188 7.50398,
	12.2017 7.51337,
	12.1833 7.51934,
	12.1642 7.52166,
	12.1449 7.52027,
	12.1262 7.5152,
	12.1088 7.50663,
	12.0933 7.49487,
	12.0801 7.48033,
	12.0698 7.46352,
	12.0627 7.44502,
	"/>
</Transform>

<Transform dim="3"
 xcoef=" 0.401460484478483 1.25456401399526 0 0 0 0"
 ycoef=" 0.545593061281509 0 1.25456401399526 0 0 0">
<Contour name="D032" hidden="false" closed="true" simplified="true" border="0 0 1" fill="0 0 1" mode="13"
 points="6.93749 6.70575,
	6.93867 6.68635,
	6.94223 6.66716,
	6.94811 6.64837,
	6.95625 6.6302,
	6.96657 6.61283,
	6.97896 6.59644,
	6.99329 6.58121,
	7.0094 6.5673,
	7.02712 6.55486,
	7.04628 6.54401,
	7.06665 6.53488,
	7.08804 6.52757,
	7.1102 6.52214,
	7.13291 6.51866,
	7.15593 6.51716,
	7.179 6.51766,
	7.2019 6.52015,
	7.22437 6.52461,
	7.24617 6.53099,
	7.26708 6.53923,
	7.28687 6.54923,
	7.30533 6.56088,
	7.32227 6.57408,
	7.33751 6.58867,
	7.35089 6.6045,
	7.36226 6.6214,
	7.3715 6.6392,
	7.37852 6.6577,
	7.38325 6.67671,
	7.38562 6.69603,
	7.38562 6.71546,
	7.38325 6.73478,
	7.37852 6.75379,
	7.3715 6.77229,
	7.36226 6.79009,
	7.35089 6.80699,
	7.33751 6.82282,
	7.32227 6.83741,
	7.30533 6.85061,
	7.28687 6.86226,
	7.26708 6.87226,
	7.24617 6.8805,
	7.22437 6.88688,
	7.2019 6.89134,
	7.179 6.89383,
	7.15593 6.89433,
	7.13291 6.89283,
	7.1102 6.88935,
	7.08804 6.88392,
	7.06665 6.87661,
	7.04628 6.86748,
	7.02712 6.85664,
	7.0094 6.84419,
	6.99329 6.83028,
	6.97896 6.81505,
	6.96657 6.79866,
	6.95625 6.78129,
	6.94811 6.76312,
	6.94223 6.74433,
	"/>
</Transform>

<Transform dim="3"
 xcoef=" 0.401460484478483 1.25456401399526 0 0 0 0"
 ycoef=" 0.545593061281509 0 1.25456401399526 0 0 0">
<Contour name="D033" hidden="false" closed="true" simplified="true" border="0 0 1" fill="0 0 1" mode="13"
 points="14.2274 4.37644,
	14.2304 4.34533,
	14.2391 4.31643,
	14.2529 4.29179,
	14.2709 4.27317,
	14.2918 4.26189,
	14.314 4.25875,
	14.3361 4.26397,
	14.3564 4.27718,
	14.3734 4.29745,
	14.3861 4.32333,
	14.3934 4.35298,
	14.3949 4.3843,
	14.3905 4.41507,
	14.3804 4.44308,
	14.3654 4.46637,
	14.3465 4.48326,
	14.3252 4.49256,
	14.3028 4.49361,
	14.2811 4.48633,
	14.2615 4.47124,
	14.2454 4.44942,
	14.234 4.42241,
	"/>
</Transform>

<Transform dim="3"
 xcoef=" 0.401460484478483 1.25456401399526 0 0 0 0"
 ycoef=" 0.545593061281509 0 1.25456401399526 0 0 0">
<Contour name="D034" hidden="false" closed="true" simplified="true" border="0 0 1" fill="0 0 1" mode="13"
 points="10.6768 3.15724,
	10.6776 3.14108,
	10.6798 3.125,
	10.6834 3.10907,
	10.6885 3.09335,
	10.6951 3.07794,
	10.703 3.06289,
	10.7122 3.04827,
	10.7228 3.03416,
	10.7346 3.02061,
	10.7477 3.0077,
	10.7618 2.99547,
	10.7771 2.984,
	10.7934 2.97331,
	10.8106 2.96348,
	10.8286 2.95454,
	10.8475 2.94654,
	10.867 2.93951,
	10.8871 2.93348,
	10.9077 2.92849,
	10.9287 2.92455,
	10.95 2.92168,
	10.9716 2.9199,
	10.9932 2.91921,
	11.0149 2.91962,
	11.0365 2.92113,
	11.0578 2.92373,
	11.079 2.9274,
	11.0997 2.93214,
	11.1199 2.93791,
	11.1396 2.94469,
	11.1586 2.95245,
	11.1769 2.96116,
	11.1943 2.97078,
	11.2108 2.98125,
	11.2263 2.99253,
	11.2408 3.00458,
	11.2541 3.01732,
	11.2662 3.03072,
	11.2771 3.04469,
	11.2867 3.05919,
	11.2949 3.07414,
	11.3018 3.08947,
	11.3073 3.10511,
	11.3113 3.121,
	11.3139 3.13705,
	11.315 3.15319,
	11.3146 3.16936,
	11.3128 3.18547,
	11.3095 3.20144,
	11.3047 3.21722,
	11.2986 3.23271,
	11.291 3.24786,
	11.2821 3.26259,
	11.2718 3.27684,
	11.2603 3.29053,
	11.2476 3.30361,
	11.2337 3.31601,
	11.2187 3.32768,
	11.2026 3.33857,
	11.1857 3.34861,
	11.1678 3.35778,
	11.1492 3.36602,
	11.1298 3.3733,
	11.1099 3.37958,
	11.0894 3.38484,
	11.0684 3.38904,
	11.0472 3.39218,
	11.0257 3.39423,
	11.0041 3.39519,
	10.9824 3.39506,
	10.9608 3.39382,
	10.9393 3.3915,
	10.9181 3.38809,
	10.8973 3.38362,
	10.877 3.3781,
	10.8571 3.37157,
	10.8379 3.36405,
	10.8195 3.35557,
	10.8019 3.34618,
	10.7851 3.33592,
	10.7693 3.32484,
	10.7546 3.31298,
	10.741 3.3004,
	10.7286 3.28716,
	10.7174 3.27332,
	10.7074 3.25895,
	10.6988 3.24411,
	10.6916 3.22887,
	10.6858 3.2133,
	10.6814 3.19746,
	10.6785 3.18145,
	"/>
</Transform>

<Transform dim="3"
 xcoef=" 0.401460484478483 1.25456401399526 0 0 0 0"
 ycoef=" 0.545593061281509 0 1.25456401399526 0 0 0">
<Contour name="D035" hidden="false" closed="true" simplified="true" border="0 0 1" fill="0 0 1" mode="13"
 points="7.4367 4.25733,
	7.43783 4.22777,
	7.44122 4.19848,
	7.44683 4.16972,
	7.45462 4.14175,
	7.46452 4.11483,
	7.47643 4.0892,
	7.49025 4.0651,
	7.50584 4.04273,
	7.52308 4.02231,
	7.54181 4.00402,
	7.56184 3.98802,
	7.58302 3.97446,
	7.60513 3.96346,
	7.62798 3.95512,
	7.65137 3.94952,
	7.67508 3.94671,
	7.6989 3.94671,
	7.72261 3.94952,
	7.746 3.95512,
	7.76886 3.96346,
	7.79097 3.97446,
	7.81214 3.98802,
	7.83218 4.00402,
	7.8509 4.02231,
	7.86814 4.04273,
	7.88374 4.0651,
	7.89756 4.0892,
	7.90947 4.11483,
	7.91936 4.14175,
	7.92715 4.16972,
	7.93277 4.19848,
	7.93616 4.22777,
	7.93729 4.25733,
	7.93616 4.28689,
	7.93277 4.31618,
	7.92715 4.34494,
	7.91936 4.37291,
	7.90947 4.39983,
	7.89756 4.42546,
	7.88374 4.44956,
	7.86814 4.47193,
	7.8509 4.49235,
	7.83218 4.51064,
	7.81214 4.52664,
	7.79097 4.5402,
	7.76886 4.5512,
	7.746 4.55954,
	7.72261 4.56514,
	7.6989 4.56795,
	7.67508 4.56795,
	7.65137 4.56514,
	7.62798 4.55954,
	7.60513 4.5512,
	7.58302 4.5402,
	7.56184 4.52664,
	7.54181 4.51064,
	7.52308 4.49235,
	7.50584 4.47193,
	7.49025 4.44956,
	7.47643 4.42546,
	7.46452 4.39983,
	7.45462 4.37291,
	7.44683 4.34494,
	7.44122 4.31618,
	"/>
</Transform>

<Transform dim="3"
 xcoef=" 0.401460484478483 1.25456401399526 0 0 0 0"
 ycoef=" 0.545593061281509 0 1.25456401399526 0 0 0">
<Contour name="D036" hidden="false" closed="true" simplified="true" border="0 0 1" fill="0 0 1" mode="13"
 points="17.9217 6.01263,
	17.9239 5.96945,
	17.9303 5.92706,
	17.9409 5.88623,
	17.9555 5.8477,
	17.9737 5.81218,
	17.9953 5.78031,
	18.0199 5.75268,
	18.047 5.72979,
	18.0762 5.71205,
	18.1068 5.69979,
	18.1384 5.69324,
	18.1703 5.69251,
	18.202 5.69761,
	18.2329 5.70846,
	18.2625 5.72485,
	18.2902 5.74649,
	18.3154 5.77298,
	18.3378 5.80384,
	18.357 5.83851,
	18.3725 5.87635,
	18.3841 5.91668,
	18.3915 5.95875,
	18.3948 6.00181,
	18.3937 6.04506,
	18.3883 6.08772,
	18.3788 6.12902,
	18.3652 6.16819,
	18.3478 6.20453,
	18.327 6.23736,
	18.3031 6.2661,
	18.2766 6.29022,
	18.2479 6.30928,
	18.2176 6.32294,
	18.1862 6.33093,
	18.1543 6.33312,
	18.1225 6.32947,
	18.0913 6.32005,
	18.0614 6.30501,
	18.0332 6.28465,
	18.0073 6.25933,
	17.9841 6.22952,
	17.9641 6.19574,
	17.9477 6.15864,
	17.9351 6.11886,
	17.9266 6.07716,
	"/>
</Transform>

<Transform dim="3"
 xcoef=" 0.401460484478483 1.25456401399526 0 0 0 0"
 ycoef=" 0.545593061281509 0 1.25456401399526 0 0 0">
<Contour name="D037_edge" hidden="false" closed="true" simplified="true" border="0 0 1" fill="0 0 1" mode="13"
 points="19.4424 1.86806,
	19.4555 1.82987,
	19.4938 1.79477,
	19.5541 1.76561,
	19.6315 1.74475,
	19.7199 1.73388,
	19.8119 1.73388,
	19.9003 1.74475,
	19.9777 1.76561,
	20.038 1.79477,
	20.0763 1.82987,
	20.0894 1.86806,
	20.0763 1.90625,
	20.038 1.94135,
	19.9777 1.97051,
	19.9003 1.99137,
	19.8119 2.00224,
	19.7199 2.00224,
	19.6315 1.99137,
	19.5541 1.97051,
	19.4938 1.94135,
	19.4555 1.90625,
	"/>
</Transform>

<Transform dim="3"
 xcoef=" 0.401460484478483 1.25456401399526 0 0 0 0"
 ycoef=" 0.545593061281509 0 1.25456401399526 0 0 0">
<Contour name="D040_edge" hidden="false" closed="true" simplified="true" border="0 0 1" fill="0 0 1" mode="13"
 points="6.70506 3.5683,
	6.70716 3.52987,
	6.71343 3.49214,
	6.72376 3.45584,
	6.73794 3.42163,
	6.75571 3.39016,
	6.77675 3.362,
	6.80066 3.33769,
	6.82699 3.31767,
	6.85526 3.30232,
	6.88494 3.29193,
	6.91547 3.28668,
	6.94629 3.28668,
	6.97683 3.29193,
	7.00651 3.30232,
	7.03478 3.31767,
	7.06111 3.33769,
	7.08502 3.362,
	7.10606 3.39016,
	7.12383 3.42163,
	7.13801 3.45584,
	7.14833 3.49214,
	7.1546 3.52987,
	7.15671 3.5683,
	7.1546 3.60674,
	7.14833 3.64446,
	7.13801 3.68076,
	7.12383 3.71497,
	7.10606 3.74645,
	7.08502 3.7746,
	7.06111 3.79892,
	7.03478 3.81893,
	7.00651 3.83428,
	6.97683 3.84468,
	6.94629 3.84992,
	6.91547 3.84992,
	6.88494 3.84468,
	6.85526 3.83428,
	6.82699 3.81893,
	6.80066 3.79892,
	6.77675 3.7746,
	6.75571 3.74645,
	6.73794 3.71497,
	6.72376 3.68076,
	6.71343 3.64446,
	6.70716 3.60674,
	"/>
</Transform>

<Transform dim="3"
 xcoef=" 0.401460484478483 1.25456401399526 0 0 0 0"
 ycoef=" 0.545593061281509 0 1.25456401399526 0 0 0">
<Contour name="D041_longitudinal" hidden="false" closed="true" simplified="true" border="0 0 1" fill="0 0 1" mode="13"
 points="22.0722 3.44877,
	22.0762 3.42302,
	22.0881 3.39769,
	22.1077 3.3732,
	22.1346 3.34996,
	22.1685 3.32833,
	22.2088 3.30868,
	22.2548 3.29133,
	22.3058 3.27657,
	22.3609 3.26464,
	22.4192 3.25572,
	22.4798 3.24998,
	22.5416 3.24751,
	22.6037 3.24833,
	22.6651 3.25245,
	22.7246 3.25979,
	22.7815 3.27024,
	22.8346 3.28361,
	22.8832 3.2997,
	22.9264 3.31824,
	22.9636 3.33892,
	22.9941 3.3614,
	23.0174 3.38532,
	23.0332 3.41028,
	23.0411 3.43587,
	23.0411 3.46167,
	23.0332 3.48726,
	23.0174 3.51222,
	22.9941 3.53614,
	22.9636 3.55863,
	22.9264 3.5793,
	22.8832 3.59784,
	22.8346 3.61393,
	22.7815 3.62731,
	22.7246 3.63775,
	22.6651 3.64509,
	22.6037 3.64921,
	22.5416 3.65004,
	22.4798 3.64756,
	22.4192 3.64182,
	22.3609 3.63291,
	22.3058 3.62097,
	22.2548 3.60621,
	22.2088 3.58886,
	22.1685 3.56921,
	22.1346 3.54759,
	22.1077 3.52434,
	22.0881 3.49985,
	22.0762 3.47452,
	"/>
</Transform>

<Transform dim="3"
 xcoef=" 0.401460484478483 1.25456401399526 0 0 0 0"
 ycoef=" 0.545593061281509 0 1.25456401399526 0 0 0">
<Contour name="D042_edge" hidden="false" closed="true" simplified="true" border="0 0 1" fill="0 0 1" mode="13"
 points="6.57449 5.31873,
	6.58977 5.27821,
	6.6341 5.24167,
	6.70316 5.21266,
	6.79017 5.19404,
	6.88663 5.18763,
	6.98309 5.19404,
	7.0701 5.21266,
	7.13916 5.24167,
	7.18349 5.27821,
	7.19877 5.31873,
	7.18349 5.35924,
	7.13916 5.39578,
	7.0701 5.42479,
	6.98309 5.44341,
	6.88663 5.44982,
	6.79017 5.44341,
	6.70316 5.42479,
	6.6341 5.39578,
	"/>
</Transform>

<Transform dim="3"
 xcoef=" 0.401460484478483 1.25456401399526 0 0 0 0"
 ycoef=" 0.545593061281509 0 1.25456401399526 0 0 0">
<Contour name="D043" hidden="false" closed="true" simplified="true" border="0 0 1" fill="0 0 1" mode="13"
 points="3.34702 10.7825,
	3.34912 10.7562,
	3.35538 10.7301,
	3.36575 10.7045,
	3.38011 10.6798,
	3.3983 10.6563,
	3.42013 10.634,
	3.44537 10.6134,
	3.47374 10.5946,
	3.50493 10.5779,
	3.53862 10.5633,
	3.57443 10.5511,
	3.61198 10.5414,
	3.65087 10.5343,
	3.69068 10.5298,
	3.73098 10.5281,
	3.77133 10.5291,
	3.8113 10.5329,
	3.85046 10.5394,
	3.88839 10.5484,
	3.92468 10.56,
	3.95893 10.574,
	3.99078 10.5902,
	4.01988 10.6086,
	4.04593 10.6287,
	4.06864 10.6506,
	4.08776 10.6738,
	4.10309 10.6983,
	4.11447 10.7236,
	4.12177 10.7496,
	4.12491 10.7759,
	4.12386 10.8023,
	4.11863 10.8285,
	4.10928 10.8542,
	4.09591 10.8791,
	4.07866 10.903,
	4.05772 10.9256,
	4.03331 10.9466,
	4.00569 10.9659,
	3.97517 10.9832,
	3.94208 10.9983,
	3.90676 11.0111,
	3.86961 11.0215,
	3.83101 11.0293,
	3.79139 11.0344,
	3.75118 11.0368,
	3.7108 11.0364,
	3.67069 11.0333,
	3.63129 11.0276,
	3.59301 11.0191,
	3.55628 11.0082,
	3.52148 10.9948,
	3.489 10.9791,
	3.45918 10.9613,
	3.43234 10.9415,
	3.40877 10.9201,
	3.38873 10.8972,
	3.37244 10.873,
	3.36006 10.8478,
	3.35173 10.822,
	"/>
</Transform>

<Transform dim="3"
 xcoef=" 0.401460484478483 1.25456401399526 0 0 0 0"
 ycoef=" 0.545593061281509 0 1.25456401399526 0 0 0">
<Contour name="D047" hidden="false" closed="true" simplified="true" border="0 0 1" fill="0 0 1" mode="13"
 points="7.75859 1.08387,
	7.76076 1.05671,
	7.76725 1.02996,
	7.77796 1.004,
	7.79273 0.979233,
	7.81134 0.956021,
	7.83352 0.934709,
	7.85893 0.915615,
	7.8872 0.899023,
	7.9179 0.885178,
	7.95059 0.874288,
	7.98476 0.866513,
	8.01993 0.86197,
	8.05556 0.860725,
	8.09112 0.862798,
	8.12608 0.868158,
	8.15994 0.876724,
	8.19217 0.88837,
	8.22231 0.902922,
	8.2499 0.920165,
	8.27453 0.939841,
	8.29585 0.961659,
	8.31352 0.985293,
	8.3273 1.01039,
	8.33696 1.03659,
	8.34238 1.06348,
	8.34347 1.09068,
	8.34021 1.11778,
	8.33265 1.14437,
	8.32091 1.17006,
	8.30516 1.19448,
	8.28563 1.21725,
	8.26261 1.23803,
	8.23645 1.25652,
	8.20753 1.27245,
	8.17629 1.28558,
	8.14318 1.2957,
	8.10871 1.30268,
	8.07338 1.3064,
	8.03772 1.30681,
	8.00226 1.30392,
	7.96752 1.29774,
	7.93403 1.28839,
	7.90227 1.276,
	7.87273 1.26076,
	7.84584 1.24288,
	7.82201 1.22264,
	7.80157 1.20034,
	7.78485 1.1763,
	7.77209 1.15089,
	7.76347 1.12449,
	"/>
</Transform>

<Transform dim="3"
 xcoef=" 0.401460484478483 1.25456401399526 0 0 0 0"
 ycoef=" 0.545593061281509 0 1.25456401399526 0 0 0">
<Contour name="D048" hidden="false" closed="true" simplified="true" border="0 0 1" fill="0 0 1" mode="13"
 points="16.253 5.75479,
	16.2553 5.73488,
	16.2621 5.71597,
	16.2732 5.69901,
	16.2878 5.68484,
	16.3054 5.67419,
	16.325 5.66757,
	16.3456 5.66533,
	16.3662 5.66757,
	16.3858 5.67419,
	16.4034 5.68484,
	16.4181 5.69901,
	16.4291 5.71597,
	16.436 5.73488,
	16.4383 5.75479,
	16.436 5.7747,
	16.4291 5.79361,
	16.4181 5.81057,
	16.4034 5.82473,
	16.3858 5.83539,
	16.3662 5.84201,
	16.3456 5.84425,
	16.325 5.84201,
	16.3054 5.83539,
	16.2878 5.82473,
	16.2732 5.81057,
	16.2621 5.79361,
	"/>
</Transform>

<Transform dim="3"
 xcoef=" 0.401460484478483 1.25456401399526 0 0 0 0"
 ycoef=" 0.545593061281509 0 1.25456401399526 0 0 0">
<Contour name="D049" hidden="false" closed="true" simplified="true" border="0 0 1" fill="0 0 1" mode="13"
 points="8.98097 10.6216,
	8.98535 10.5618,
	8.99832 10.5044,
	9.01935 10.4519,
	9.04757 10.4063,
	9.08183 10.3695,
	9.12073 10.343,
	9.16268 10.328,
	9.20595 10.3249,
	9.24877 10.334,
	9.2894 10.3549,
	9.32617 10.3867,
	9.35758 10.4281,
	9.38233 10.4774,
	9.39941 10.5326,
	9.40813 10.5915,
	9.40813 10.6516,
	9.39941 10.7105,
	9.38233 10.7657,
	9.35758 10.815,
	9.32617 10.8564,
	9.2894 10.8882,
	9.24877 10.9091,
	9.20595 10.9182,
	9.16268 10.9151,
	9.12073 10.9001,
	9.08183 10.8736,
	9.04757 10.8368,
	9.01935 10.7912,
	8.99832 10.7387,
	8.98535 10.6813,
	"/>
</Transform>

<Transform dim="1"
 xcoef=" 0.02 1 0 0 0 0"
 ycoef=" 0.2948865862524 0 1 0 0 0">
<Contour name="D049 ax01" hidden="false" closed="true" simplified="false" border="0 1 1" fill="0 1 1" mode="-9"
 points="7.83876 6.01062,
	7.85178 5.9976,
	7.7997 5.94552,
	7.81272 5.9325,
	7.86479 5.98458,
	7.87781 5.97156,
	7.87781 6.01062,
	"/>
</Transform>

<Transform dim="1"
 xcoef=" 0.02 1 0 0 0 0"
 ycoef=" 0.2948865862524 0 1 0 0 0">
<Contour name="D051 edge" hidden="false" closed="true" simplified="true" border="0 0 1" fill="0 0 1" mode="13"
 points="9.63159 1.21617,
	9.63518 1.18795,
	9.64577 1.16119,
	9.6628 1.13729,
	9.6854 1.11749,
	9.71239 1.10282,
	9.74235 1.09404,
	9.77375 1.09161,
	9.80494 1.09565,
	9.8343 1.10596,
	9.86031 1.12199,
	9.88162 1.14293,
	9.89711 1.16766,
	9.90599 1.19492,
	9.90779 1.22329,
	9.90241 1.25128,
	9.89015 1.27745,
	9.87163 1.30044,
	9.84781 1.31904,
	9.81994 1.3323,
	9.78947 1.33952,
	9.75797 1.34033,
	9.72709 1.33469,
	9.69843 1.32289,
	9.67348 1.30554,
	9.65353 1.28355,
	9.63963 1.25805,
	"/>
</Transform>

<Transform dim="1"
 xcoef=" 0.02 1 0 0 0 0"
 ycoef=" 0.2948865862524 0 1 0 0 0">
<Contour name="D053_edge" hidden="false" closed="true" simplified="true" border="0 0 1" fill="0 0 1" mode="13"
 points="15.6345 2.29948,
	15.6358 2.27763,
	15.6398 2.25635,
	15.6463 2.23618,
	15.6552 2.21766,
	15.6662 2.20125,
	15.679 2.18739,
	15.6934 2.17643,
	15.7089 2.16865,
	15.7252 2.16427,
	15.7418 2.16339,
	15.7582 2.16603,
	15.7742 2.17213,
	15.7892 2.18152,
	15.8028 2.19397,
	15.8148 2.20916,
	15.8248 2.22668,
	15.8325 2.24609,
	15.8378 2.26688,
	15.8404 2.28852,
	15.8404 2.31044,
	15.8378 2.33208,
	15.8325 2.35287,
	15.8248 2.37228,
	15.8148 2.3898,
	15.8028 2.40499,
	15.7892 2.41744,
	15.7742 2.42684,
	15.7582 2.43293,
	15.7418 2.43558,
	15.7252 2.43469,
	15.7089 2.43031,
	15.6934 2.42254,
	15.679 2.41158,
	15.6662 2.39771,
	15.6552 2.38131,
	15.6463 2.36278,
	15.6398 2.34261,
	"/>
</Transform>

<Transform dim="1"
 xcoef=" 0.02 1 0 0 0 0"
 ycoef=" 0.2948865862524 0 1 0 0 0">
<Contour name="D055" hidden="false" closed="true" simplified="true" border="0 0 1" fill="0 0 1" mode="13"
 points="1.43274 2.17875,
	1.43768 2.14192,
	1.45204 2.10869,
	1.47439 2.08232,
	1.50256 2.06539,
	1.53379 2.05955,
	1.56502 2.06539,
	1.59319 2.08232,
	1.61555 2.10869,
	1.6299 2.14192,
	1.63485 2.17875,
	1.6299 2.21558,
	1.61555 2.24881,
	1.59319 2.27518,
	1.56502 2.29211,
	1.53379 2.29794,
	1.50256 2.29211,
	1.47439 2.27518,
	1.45204 2.24881,
	"/>
</Transform>

<Transform dim="1"
 xcoef=" 0.02 1 0 0 0 0"
 ycoef=" 0.2948865862524 0 1 0 0 0">
<Contour name="D039" hidden="false" closed="true" simplified="true" border="0 0 1" fill="0 0 1" mode="13"
 points="11.3963 2.7705,
	11.398 2.75192,
	11.403 2.73393,
	11.411 2.71708,
	11.422 2.7019,
	11.4355 2.68887,
	11.4512 2.67838,
	11.4684 2.67077,
	11.4868 2.66628,
	11.5057 2.66504,
	11.5244 2.6671,
	11.5426 2.67239,
	11.5595 2.68074,
	11.5746 2.6919,
	11.5875 2.70552,
	11.5978 2.72116,
	11.6052 2.73835,
	11.6093 2.75654,
	11.6101 2.77516,
	11.6076 2.79364,
	11.6019 2.8114,
	11.593 2.82788,
	11.5814 2.84256,
	11.5673 2.855,
	11.5512 2.86479,
	11.5336 2.87164,
	11.5151 2.87533,
	11.4962 2.87574,
	11.4775 2.87287,
	11.4596 2.86679,
	11.4431 2.85771,
	11.4285 2.8459,
	11.4162 2.83174,
	11.4066 2.81566,
	11.4001 2.79817,
	"/>
</Transform>

<Transform dim="1"
 xcoef=" 0.02 1 0 0 0 0"
 ycoef=" 0.2948865862524 0 1 0 0 0">
<Contour name="D020_ax01" hidden="false" closed="true" simplified="false" border="0 1 1" fill="0 1 1" mode="11"
 points="10.351 8.11543,
	10.3607 8.10574,
	10.3219 8.06697,
	10.3316 8.05728,
	10.3704 8.09604,
	10.3801 8.08635,
	10.3801 8.11543,
	"/>
</Transform>

<Transform dim="1"
 xcoef=" 0.02 1 0 0 0 0"
 ycoef=" 0.2948865862524 0 1 0 0 0">
<Contour name="D046" hidden="false" closed="true" simplified="true" border="0 0 1" fill="0 0 1" mode="13"
 points="11.148 1.49299,
	11.1497 1.47762,
	11.1547 1.46249,
	11.1631 1.44781,
	11.1746 1.4338,
	11.1891 1.42067,
	11.2064 1.40861,
	11.2262 1.39781,
	11.2482 1.38843,
	11.2722 1.38059,
	11.2976 1.37443,
	11.3243 1.37004,
	11.3517 1.36747,
	11.3794 1.36676,
	11.4071 1.36794,
	11.4344 1.37097,
	11.4608 1.37581,
	11.4859 1.3824,
	11.5094 1.39063,
	11.5309 1.40038,
	11.5501 1.41151,
	11.5667 1.42386,
	11.5805 1.43722,
	11.5912 1.45142,
	11.5987 1.46624,
	11.603 1.48145,
	11.6038 1.49684,
	11.6013 1.51216,
	11.5954 1.52721,
	11.5862 1.54174,
	11.574 1.55555,
	11.5587 1.56843,
	11.5408 1.58018,
	11.5204 1.59064,
	11.4979 1.59965,
	11.4735 1.60708,
	11.4477 1.6128,
	11.4209 1.61675,
	11.3933 1.61886,
	11.3655 1.61909,
	11.3379 1.61745,
	11.3108 1.61396,
	11.2847 1.60867,
	11.26 1.60166,
	11.237 1.59304,
	11.216 1.58293,
	11.1974 1.57148,
	11.1815 1.55886,
	11.1685 1.54527,
	11.1585 1.53089,
	11.1518 1.51596,
	"/>
</Transform>

<Transform dim="1"
 xcoef=" 0.02 1 0 0 0 0"
 ycoef=" 0.2948865862524 0 1 0 0 0">
<Contour name="d046_o06" hidden="false" closed="true" simplified="false" border="1 0 0" fill="1 0 0" mode="-13"
 points="11.6311 1.25305,
	11.6652 1.25305,
	11.6482 1.28428,
	"/>
</Transform>

<Transform dim="1"
 xcoef=" 0 1 0 0 0 0"
 ycoef=" -0.5551134137476 0 1 0 0 0">
<Contour name="d046_p03" hidden="false" closed="true" simplified="true" border="1 1 0" fill="1 1 0" mode="11"
 points="10.7233 0.0384374,
	10.7459 0.0197476,
	10.7505 0.0141055,
	10.7536 0.00846327,
	10.7547 0.00564218,
	10.7551 0.00282109,
	10.7582 -0.00846327,
	10.7586 -0.031032,
	10.7586 -0.0366742,
	10.7603 -0.0479586,
	10.7632 -0.0592429,
	10.7656 -0.0648851,
	10.7695 -0.0705273,
	10.7713 -0.0733484,
	10.7737 -0.0758168,
	10.785 -0.0821643,
	10.7879 -0.0835748,
	10.7907 -0.0856906,
	10.7935 -0.0867486,
	10.7991 -0.0913328,
	10.803 -0.096975,
	10.8048 -0.0997961,
	10.8058 -0.101207,
	10.8062 -0.102617,
	10.808 -0.105438,
	10.8122 -0.116723,
	10.8157 -0.128007,
	10.8175 -0.133649,
	10.8199 -0.139291,
	10.8231 -0.144934,
	10.8273 -0.150576,
	10.8295 -0.153397,
	10.8305 -0.156218,
	10.8376 -0.167502,
	10.8393 -0.170323,
	10.8443 -0.181608,
	10.8467 -0.18725,
	10.8506 -0.192892,
	10.8534 -0.195361,
	10.8549 -0.196771,
	10.858 -0.202413,
	10.8668 -0.213698,
	10.8693 -0.216519,
	10.8721 -0.218635,
	10.8732 -0.220045,
	10.8746 -0.225687,
	10.8771 -0.231329,
	10.8778 -0.234151,
	10.8778 -0.235561,
	10.8876 -0.25813,
	10.8922 -0.269414,
	10.8961 -0.280699,
	10.8986 -0.286341,
	10.9025 -0.297625,
	10.9116 -0.320194,
	10.9233 -0.342763,
	10.9264 -0.348405,
	10.9282 -0.351226,
	10.9328 -0.356868,
	10.9346 -0.359689,
	10.9571 -0.3812,
	10.9797 -0.4013,
	10.9853 -0.40659,
	10.9878 -0.409411,
	10.9934 -0.41329,
	10.9991 -0.416464,
	11.0047 -0.420343,
	11.0104 -0.424927,
	11.0213 -0.435506,
	11.0238 -0.438327,
	11.0273 -0.443969,
	11.0298 -0.44679,
	11.0407 -0.469359,
	11.0523 -0.491928,
	11.059 -0.503212,
	11.0671 -0.514497,
	11.0717 -0.520139,
	11.0742 -0.52296,
	11.0753 -0.52437,
	11.0809 -0.527897,
	11.0865 -0.530718,
	11.0922 -0.532481,
	11.0978 -0.533539,
	11.1006 -0.533539,
	11.1035 -0.535302,
	11.126 -0.537065,
	11.1373 -0.537771,
	11.1486 -0.535302,
	11.1599 -0.52966,
	11.1627 -0.528602,
	11.1853 -0.514144,
	11.1966 -0.504975,
	11.2022 -0.500391,
	11.2036 -0.499686,
	11.2142 -0.488401,
	11.2198 -0.482759,
	11.2336 -0.460191,
	11.2403 -0.448906,
	11.2435 -0.443264,
	11.253 -0.420695,
	11.2558 -0.415053,
	11.2604 -0.403769,
	11.2618 -0.400948,
	11.2685 -0.378379,
	11.272 -0.367095,
	11.2734 -0.364273,
	11.277 -0.352989,
	11.2868 -0.33042,
	11.2914 -0.319136,
	11.2928 -0.316315,
	11.2935 -0.313494,
	11.296 -0.310673,
	11.2992 -0.305031,
	11.3009 -0.302209,
	11.3055 -0.290925,
	11.3069 -0.288104,
	11.3087 -0.27682,
	11.308 -0.254251,
	11.3062 -0.231682,
	11.3052 -0.220398,
	11.3045 -0.214756,
	11.3031 -0.209113,
	11.3006 -0.203471,
	11.2974 -0.197829,
	11.2946 -0.195008,
	11.2833 -0.189013,
	11.2607 -0.180902,
	11.2579 -0.18055,
	11.2565 -0.179845,
	11.2452 -0.178081,
	11.2396 -0.178081,
	11.2339 -0.177376,
	11.2227 -0.177729,
	11.217 -0.178434,
	11.2142 -0.178434,
	11.1916 -0.184781,
	11.1803 -0.18725,
	11.1691 -0.18866,
	11.1634 -0.189366,
	11.1408 -0.189366,
	11.1296 -0.187603,
	11.0844 -0.183724,
	11.0731 -0.183018,
	11.0675 -0.182313,
	11.0661 -0.182313,
	11.0647 -0.181608,
	11.0534 -0.18055,
	11.0477 -0.18055,
	11.0365 -0.178787,
	11.0308 -0.178434,
	11.0252 -0.177376,
	11.0224 -0.176318,
	11.0167 -0.17526,
	11.0111 -0.172792,
	10.9998 -0.166444,
	10.997 -0.164681,
	10.9956 -0.163623,
	10.9843 -0.158686,
	10.973 -0.153044,
	10.9673 -0.149518,
	10.9448 -0.138586,
	10.9335 -0.134707,
	10.9321 -0.134002,
	10.9208 -0.124833,
	10.918 -0.122717,
	10.9152 -0.121307,
	10.9095 -0.116723,
	10.9067 -0.114959,
	10.901 -0.110023,
	10.8901 -0.0987382,
	10.882 -0.0874538,
	10.8781 -0.0818116,
	10.875 -0.0761695,
	10.869 -0.0536007,
	10.8658 -0.0423164,
	10.864 -0.0366742,
	10.8637 -0.0338531,
	10.8637 -0.0324426,
	10.8626 -0.031032,
	10.8619 -0.0282109,
	10.8623 -0.0225687,
	10.8619 -0.0169265,
	10.8619 -0.0141055,
	10.8587 -0.00282109,
	10.8541 0.00846327,
	10.8534 0.0141055,
	10.8534 0.0169265,
	10.8549 0.0225687,
	10.8594 0.0338531,
	10.8626 0.0451375,
	10.863 0.0564218,
	10.8616 0.062064,
	10.8556 0.0733484,
	10.8478 0.0846327,
	10.8453 0.0874538,
	10.8443 0.0888644,
	10.8422 0.0945066,
	10.8386 0.100149,
	10.834 0.111433,
	10.8323 0.114254,
	10.8273 0.119896,
	10.8245 0.12166,
	10.8189 0.12307,
	10.8076 0.123423,
	10.7963 0.12307,
	10.785 0.121307,
	10.7794 0.120249,
	10.7737 0.119896,
	10.7681 0.118838,
	10.7568 0.115312,
	10.7512 0.113549,
	10.7484 0.112844,
	10.7455 0.11108,
	10.7441 0.110728,
	10.7385 0.106849,
	10.7332 0.101207,
	10.7311 0.0983856,
	10.7283 0.0927434,
	10.7251 0.081459,
	10.7247 0.0758168,
	10.7286 0.0645325,
	10.729 0.0631219,
	10.7276 0.0574797,
	10.7268 0.0546586,
	10.724 0.0490165,
	10.7237 0.0433743,
	10.7233 0.0405532,
	10.7233 0.0391426,
	10.7233 0.03879,
	"/>
</Transform>

<Transform dim="0"
 xcoef=" 0 1 0 0 0 0"
 ycoef=" 0 0 1 0 0 0">
<Contour name="d046_p04" hidden="false" closed="true" simplified="true" border="1 1 0" fill="1 1 0" mode="11"
 points="9.34028 1.73661,
	9.3439 1.72501,
	9.35406 1.70179,
	9.36639 1.65537,
	9.37365 1.63215,
	9.38308 1.60894,
	9.39033 1.58573,
	9.39468 1.57412,
	9.40121 1.56252,
	9.40919 1.55091,
	9.42007 1.5422,
	9.42587 1.53713,
	9.43748 1.53132,
	9.44909 1.52334,
	9.46069 1.51754,
	9.4665 1.51391,
	9.4723 1.51174,
	9.4752 1.51101,
	9.47665 1.51101,
	9.4781 1.50956,
	9.48971 1.50739,
	9.50132 1.50666,
	9.50712 1.50593,
	9.51292 1.50666,
	9.52453 1.50158,
	9.53614 1.49505,
	9.54194 1.49215,
	9.54774 1.48707,
	9.55935 1.482,
	9.56515 1.47837,
	9.58836 1.46966,
	9.59997 1.46604,
	9.69282 1.45588,
	9.71604 1.45225,
	9.73925 1.44428,
	9.76246 1.43412,
	9.80889 1.40946,
	9.8321 1.3964,
	9.8379 1.3935,
	9.86112 1.38697,
	9.88433 1.38262,
	9.89594 1.38044,
	9.90174 1.37899,
	9.90464 1.37899,
	9.91625 1.37391,
	9.92205 1.37174,
	9.92495 1.36956,
	9.93656 1.36593,
	9.94236 1.36448,
	9.96557 1.35505,
	9.97138 1.35433,
	9.99459 1.3478,
	10.0062 1.3478,
	10.0294 1.34417,
	10.041 1.34272,
	10.0526 1.33909,
	10.0758 1.32966,
	10.1223 1.3166,
	10.1455 1.31443,
	10.1571 1.31515,
	10.2035 1.32749,
	10.2267 1.33474,
	10.2383 1.33982,
	10.2499 1.34635,
	10.2717 1.36883,
	10.2818 1.38044,
	10.2833 1.38189,
	10.3065 1.38697,
	10.3529 1.39205,
	10.3762 1.39422,
	10.3878 1.39495,
	10.3907 1.39495,
	10.3921 1.39495,
	10.3936 1.3964,
	10.4052 1.3964,
	10.411 1.39858,
	10.4139 1.39858,
	10.4197 1.40075,
	10.4226 1.4022,
	10.4255 1.4022,
	10.4284 1.40438,
	10.4313 1.40438,
	10.4429 1.41236,
	10.4487 1.41526,
	10.4581 1.42687,
	10.461 1.43194,
	10.4632 1.44355,
	10.4617 1.45516,
	10.4559 1.46676,
	10.4552 1.46966,
	10.448 1.48127,
	10.4371 1.49288,
	10.4284 1.50448,
	10.4182 1.51609,
	10.4153 1.51899,
	10.4139 1.52044,
	10.4139 1.52189,
	10.4095 1.5277,
	10.4066 1.5335,
	10.4023 1.5393,
	10.3907 1.54873,
	10.3849 1.55236,
	10.3732 1.55599,
	10.35 1.55961,
	10.3442 1.56034,
	10.3326 1.55816,
	10.3094 1.55744,
	10.2862 1.56614,
	10.2804 1.56832,
	10.2746 1.57195,
	10.2659 1.58355,
	10.2521 1.60677,
	10.2514 1.60967,
	10.2478 1.61547,
	10.2434 1.62708,
	10.2376 1.63868,
	10.2347 1.64449,
	10.226 1.65609,
	10.2144 1.6677,
	10.2086 1.6735,
	10.197 1.68003,
	10.1738 1.69019,
	10.1709 1.69164,
	10.1614 1.70324,
	10.1549 1.71485,
	10.1498 1.72646,
	10.1476 1.73226,
	10.1476 1.73516,
	10.1447 1.74097,
	10.1447 1.74387,
	10.1411 1.75547,
	10.1389 1.76128,
	10.1353 1.76708,
	10.131 1.77869,
	10.1281 1.78449,
	10.1237 1.8077,
	10.1215 1.81931,
	10.1179 1.83091,
	10.115 1.83672,
	10.1136 1.83962,
	10.1078 1.84542,
	10.1019 1.84905,
	10.099 1.8505,
	10.0874 1.8505,
	10.0816 1.8505,
	10.0758 1.84905,
	10.07 1.84615,
	10.0606 1.83527,
	10.057 1.82946,
	10.0555 1.82656,
	10.0439 1.81496,
	10.041 1.81278,
	10.0381 1.80698,
	10.033 1.80117,
	10.0272 1.78957,
	10.0229 1.77796,
	10.02 1.76635,
	10.0193 1.76345,
	10.0171 1.76055,
	10.0135 1.74894,
	10.0084 1.73734,
	10.0062 1.73153,
	10.0055 1.72863,
	10.0055 1.72718,
	10.004 1.72573,
	9.99894 1.71413,
	9.99677 1.70832,
	9.98879 1.69672,
	9.98298 1.69164,
	9.95977 1.67931,
	9.94816 1.67568,
	9.92495 1.67205,
	9.91915 1.67133,
	9.91334 1.67205,
	9.90754 1.67495,
	9.89594 1.68366,
	9.89013 1.68729,
	9.88723 1.69019,
	9.86402 1.70252,
	9.85241 1.70252,
	9.8408 1.70107,
	9.8292 1.69817,
	9.80599 1.68801,
	9.80018 1.68656,
	9.78858 1.68076,
	9.78277 1.6764,
	9.77697 1.6735,
	9.77407 1.67278,
	9.76246 1.6648,
	9.73925 1.65392,
	9.73345 1.65029,
	9.71023 1.63941,
	9.66381 1.62127,
	9.64059 1.61765,
	9.61738 1.61547,
	9.60577 1.6162,
	9.58256 1.62272,
	9.57676 1.62563,
	9.56515 1.63433,
	9.55935 1.63941,
	9.54774 1.64666,
	9.52453 1.65682,
	9.52163 1.65754,
	9.4752 1.69599,
	9.4694 1.69962,
	9.45779 1.70905,
	9.45199 1.7134,
	9.44256 1.72501,
	9.4208 1.74749,
	9.4179 1.7533,
	9.41572 1.7562,
	9.40774 1.77941,
	9.40339 1.79102,
	9.39831 1.79682,
	9.39251 1.80045,
	9.3896 1.80117,
	9.3838 1.80045,
	9.37219 1.80262,
	9.36639 1.80335,
	9.36059 1.80262,
	9.34971 1.79174,
	9.34463 1.78014,
	9.34245 1.77433,
	9.341 1.77143,
	9.34028 1.74822,
	9.34028 1.73734,
	"/>
</Transform>

<Transform dim="1"
 xcoef=" -0.04 1 0 0 0 0"
 ycoef=" 0.02 0 1 0 0 0">
<Contour name="d046_o37" hidden="false" closed="true" simplified="false" border="1 0 0" fill="1 0 0" mode="-13"
 points="11.7276 1.22416,
	11.7481 1.22416,
	11.7379 1.2429,
	"/>
</Transform>

<Transform dim="0"
 xcoef=" 0 1 0 0 0 0"
 ycoef=" 0 0 1 0 0 0">
<Contour name="d046" hidden="false" closed="true" simplified="true" border="1 1 0" fill="1 1 0" mode="11"
 points="10.7233 1.28787,
	10.7338 1.26386,
	10.7368 1.25785,
	10.7773 1.20982,
	10.7878 1.19781,
	10.8043 1.1738,
	10.8133 1.16179,
	10.8374 1.14828,
	10.8854 1.13777,
	10.9094 1.12126,
	10.9199 1.11075,
	10.9244 1.10475,
	10.9259 1.09875,
	10.9304 1.09274,
	10.9319 1.08073,
	10.9379 1.06873,
	10.9334 1.04471,
	10.9319 1.04171,
	10.9364 1.0357,
	10.9604 1.0267,
	10.9724 1.02369,
	10.9754 1.02369,
	10.986 1.01319,
	10.9875 1.00718,
	10.989 1.00418,
	10.9845 0.980165,
	10.983 0.977163,
	10.992 0.965155,
	11.004 0.962153,
	11.01 0.959151,
	11.034 0.959151,
	11.082 0.963654,
	11.106 0.966656,
	11.118 0.971159,
	11.1661 0.978664,
	11.1901 0.981666,
	11.2021 0.983167,
	11.2261 0.977163,
	11.2381 0.975662,
	11.2621 0.978664,
	11.2862 0.984668,
	11.3102 0.98767,
	11.3342 0.98767,
	11.3582 0.980165,
	11.3702 0.977163,
	11.3942 0.966656,
	11.4062 0.962153,
	11.4182 0.960652,
	11.4663 0.939637,
	11.4903 0.932132,
	11.5023 0.92913,
	11.5143 0.921625,
	11.5263 0.911118,
	11.5323 0.905114,
	11.5804 0.924627,
	11.6284 0.932132,
	11.6524 0.933633,
	11.6644 0.935134,
	11.6704 0.935134,
	11.7154 0.980165,
	11.7245 0.992173,
	11.7305 1.00418,
	11.7335 1.0282,
	11.735 1.04021,
	11.7395 1.05221,
	11.7425 1.05822,
	11.786 1.10625,
	11.798 1.13027,
	11.8055 1.14227,
	11.813 1.16629,
	11.8205 1.21432,
	11.822 1.22633,
	11.819 1.25035,
	11.8115 1.27436,
	11.8085 1.28037,
	11.7845 1.29238,
	11.7605 1.31339,
	11.7365 1.3284,
	11.7124 1.3314,
	11.7064 1.33741,
	11.7049 1.34041,
	11.7064 1.34641,
	11.7064 1.34942,
	11.7094 1.35242,
	11.7079 1.35842,
	11.72 1.40645,
	11.72 1.41846,
	11.7079 1.44248,
	11.6929 1.49051,
	11.6884 1.51453,
	11.6884 1.53854,
	11.6869 1.54455,
	11.6884 1.55055,
	11.6839 1.57457,
	11.6824 1.58658,
	11.6734 1.59858,
	11.6674 1.60309,
	11.6644 1.60909,
	11.6404 1.6256,
	11.6164 1.63161,
	11.5924 1.64061,
	11.5804 1.64512,
	11.5563 1.64812,
	11.5323 1.64812,
	11.5263 1.64812,
	11.5023 1.63611,
	11.4783 1.6166,
	11.4663 1.60759,
	11.4543 1.60159,
	11.3582 1.57457,
	11.3102 1.56556,
	11.2862 1.56256,
	11.2381 1.55205,
	11.1901 1.54455,
	11.1661 1.54155,
	11.1601 1.53854,
	11.112 1.53404,
	11.064 1.51903,
	11.052 1.51453,
	11.028 1.49802,
	11.022 1.49201,
	10.998 1.4785,
	10.9739 1.474,
	10.9619 1.471,
	10.9379 1.45899,
	10.9259 1.45599,
	10.9199 1.45449,
	10.9079 1.44548,
	10.8959 1.43347,
	10.8719 1.41996,
	10.8479 1.41396,
	10.8359 1.40946,
	10.8118 1.40495,
	10.7878 1.39294,
	10.7653 1.37193,
	10.7533 1.36142,
	10.7473 1.35542,
	10.7338 1.3314,
	10.7263 1.30739,
	10.7233 1.30138,
	10.7233 1.28937,
	"/>
</Transform>

<Transform dim="1"
 xcoef=" -0.12 1 0 0 0 0"
 ycoef=" -0.16 0 1 0 0 0">
<Contour name="d046_o05" hidden="false" closed="true" simplified="false" border="1 0 0" fill="1 0 0" mode="-13"
 points="11.4586 1.42859,
	11.4926 1.42859,
	11.4756 1.45983,
	"/>
</Transform>

<Transform dim="0"
 xcoef=" 0 1 0 0 0 0"
 ycoef=" 0 0 1 0 0 0">
<Contour name="d046_checked" hidden="false" closed="true" simplified="false" border="0 1 0" fill="0 1 0" mode="-13"
 points="11.5551 1.5852,
	11.5662 1.56958,
	11.5551 1.55397,
	11.5617 1.55397,
	11.5707 1.56735,
	11.5796 1.55397,
	11.5863 1.55397,
	11.5751 1.56958,
	11.5863 1.5852,
	11.5796 1.5852,
	11.5707 1.57181,
	11.5617 1.5852,
	"/>
</Transform>

<Transform dim="0"
 xcoef=" 0 1 0 0 0 0"
 ycoef=" 0 0 1 0 0 0">
<Contour name="d046_checked" hidden="false" closed="true" simplified="false" border="0 1 0" fill="0 1 0" mode="-13"
 points="11.5666 0.986232,
	11.576 0.973096,
	11.5666 0.959959,
	11.5723 0.959959,
	11.5798 0.971219,
	11.5873 0.959959,
	11.5929 0.959959,
	11.5835 0.973096,
	11.5929 0.986232,
	11.5873 0.986232,
	11.5798 0.974973,
	11.5723 0.986232,
	"/>
</Transform>

<Transform dim="0"
 xcoef=" 0 1 0 0 0 0"
 ycoef=" 0 0 1 0 0 0">
<Contour name="d046_checked" hidden="false" closed="true" simplified="false" border="0 1 0" fill="0 1 0" mode="-13"
 points="11.7718 1.21475,
	11.7758 1.20914,
	11.7718 1.20354,
	11.7742 1.20354,
	11.7774 1.20834,
	11.7806 1.20354,
	11.783 1.20354,
	11.779 1.20914,
	11.783 1.21475,
	11.7806 1.21475,
	11.7774 1.20994,
	11.7742 1.21475,
	"/>
</Transform>

<Transform dim="0"
 xcoef=" 0 1 0 0 0 0"
 ycoef=" 0 0 1 0 0 0">
<Contour name="d046_p05" hidden="false" closed="true" simplified="true" border="1 1 0" fill="1 1 0" mode="11"
 points="11.5218 1.64264,
	11.5225 1.64119,
	11.5228 1.64047,
	11.5232 1.64011,
	11.5232 1.63975,
	11.5245 1.6383,
	11.5254 1.63686,
	11.5308 1.63108,
	11.5331 1.62819,
	11.536 1.62584,
	11.5366 1.62548,
	11.5373 1.62476,
	11.5385 1.62386,
	11.5414 1.62151,
	11.5472 1.61753,
	11.5501 1.61591,
	11.553 1.61392,
	11.5544 1.61302,
	11.5557 1.61158,
	11.5564 1.61139,
	11.5622 1.60724,
	11.568 1.60381,
	11.5709 1.60218,
	11.5716 1.60164,
	11.5723 1.60146,
	11.5727 1.6011,
	11.5741 1.60056,
	11.5756 1.59966,
	11.577 1.59911,
	11.5777 1.59857,
	11.5785 1.59839,
	11.5792 1.59785,
	11.5806 1.59731,
	11.5813 1.59713,
	11.5821 1.59659,
	11.5828 1.59641,
	11.5857 1.5946,
	11.5886 1.59334,
	11.5915 1.59171,
	11.5972 1.58936,
	11.5987 1.58918,
	11.5994 1.58882,
	11.6009 1.58864,
	11.6037 1.58756,
	11.6052 1.58702,
	11.6066 1.58683,
	11.6081 1.58629,
	11.6088 1.58629,
	11.6102 1.58575,
	11.6218 1.5834,
	11.6276 1.58178,
	11.6305 1.58088,
	11.6319 1.58033,
	11.6348 1.57979,
	11.6377 1.57871,
	11.6384 1.57835,
	11.6388 1.57835,
	11.6395 1.57781,
	11.6424 1.57708,
	11.6431 1.57672,
	11.6435 1.57636,
	11.6464 1.57582,
	11.6478 1.57564,
	11.6485 1.57528,
	11.6514 1.57492,
	11.6529 1.57455,
	11.6536 1.57455,
	11.6539 1.57455,
	11.6543 1.57419,
	11.6572 1.57383,
	11.6579 1.57347,
	11.6594 1.57347,
	11.6601 1.57329,
	11.6604 1.57293,
	11.6619 1.57293,
	11.6633 1.57257,
	11.6648 1.57257,
	11.6655 1.57239,
	11.6659 1.57239,
	11.6662 1.57203,
	11.6677 1.57203,
	11.6706 1.5713,
	11.6763 1.57112,
	11.6792 1.57112,
	11.6799 1.57112,
	11.6827 1.57401,
	11.6834 1.57546,
	11.6837 1.57618,
	11.6839 1.57762,
	11.6861 1.5834,
	11.6875 1.58629,
	11.6886 1.58918,
	11.6892 1.59063,
	11.6892 1.59641,
	11.6897 1.60218,
	11.6919 1.61374,
	11.6993 1.63686,
	11.7146 1.68309,
	11.7222 1.7062,
	11.7231 1.70909,
	11.7244 1.71198,
	11.7309 1.72354,
	11.7339 1.72932,
	11.7374 1.7351,
	11.7547 1.75821,
	11.7562 1.7611,
	11.7585 1.76688,
	11.7596 1.76977,
	11.761 1.77555,
	11.7609 1.77844,
	11.7553 1.78422,
	11.7437 1.79018,
	11.7321 1.79036,
	11.7307 1.79018,
	11.7191 1.78584,
	11.7134 1.7844,
	11.7018 1.77591,
	11.696 1.77049,
	11.6946 1.76923,
	11.6715 1.75894,
	11.6599 1.75189,
	11.6592 1.75153,
	11.6361 1.7286,
	11.5898 1.70404,
	11.5841 1.70115,
	11.5826 1.70043,
	11.5364 1.65853,
	11.5335 1.65582,
	11.532 1.65456,
	11.5313 1.65383,
	11.5299 1.65293,
	11.5292 1.65257,
	11.5236 1.64769,
	11.5223 1.64643,
	11.5218 1.64571,
	11.5218 1.64282,
	"/>
</Transform>

<Transform dim="1"
 xcoef=" 0 1 0 0 0 0"
 ycoef=" -0.05 0 1 0 0 0">
<Contour name="d046_p06" hidden="false" closed="true" simplified="true" border="1 1 0" fill="1 1 0" mode="11"
 points="11.5295 0.8567,
	11.5359 0.849368,
	11.5374 0.847506,
	11.5379 0.84704,
	11.5385 0.845178,
	11.5416 0.830282,
	11.5424 0.826557,
	11.5426 0.825626,
	11.5429 0.824695,
	11.5451 0.820971,
	11.5463 0.819109,
	11.5465 0.818643,
	11.5502 0.816316,
	11.5521 0.815036,
	11.554 0.813988,
	11.5838 0.806074,
	11.5912 0.803863,
	11.5949 0.802816,
	11.5968 0.80235,
	11.6005 0.800954,
	11.6024 0.800372,
	11.6097 0.794203,
	11.6113 0.792341,
	11.6121 0.79141,
	11.6125 0.790945,
	11.6153 0.783496,
	11.617 0.779772,
	11.6173 0.778841,
	11.6145 0.763944,
	11.6138 0.76022,
	11.6134 0.758358,
	11.6128 0.756496,
	11.6064 0.741599,
	11.6037 0.734151,
	11.603 0.732289,
	11.602 0.72484,
	11.6028 0.721116,
	11.6032 0.719254,
	11.6033 0.718323,
	11.6098 0.703426,
	11.611 0.701564,
	11.6116 0.700633,
	11.6118 0.700168,
	11.6266 0.687948,
	11.6331 0.680499,
	11.6347 0.678637,
	11.6355 0.677706,
	11.6367 0.673982,
	11.6373 0.67212,
	11.6375 0.671189,
	11.6378 0.670723,
	11.6382 0.663275,
	11.6384 0.659551,
	11.6386 0.657688,
	11.6387 0.656757,
	11.6383 0.654895,
	11.638 0.653964,
	11.6378 0.653499,
	11.6407 0.64605,
	11.6438 0.642326,
	11.6446 0.641395,
	11.645 0.64093,
	11.6467 0.633481,
	11.6462 0.626033,
	11.646 0.622309,
	11.6459 0.620447,
	11.6467 0.612998,
	11.6467 0.612533,
	11.6515 0.605085,
	11.6552 0.602292,
	11.6571 0.600895,
	11.658 0.600197,
	11.6599 0.599498,
	11.6748 0.595309,
	11.6822 0.59333,
	11.6859 0.592283,
	11.6869 0.591934,
	11.6943 0.59205,
	11.7092 0.597753,
	11.7167 0.602175,
	11.7204 0.604386,
	11.7222 0.60555,
	11.7227 0.605783,
	11.7264 0.609274,
	11.7283 0.61102,
	11.7292 0.611834,
	11.7306 0.613696,
	11.7356 0.621145,
	11.7382 0.624869,
	11.7395 0.626731,
	11.7437 0.63418,
	11.7505 0.649076,
	11.7522 0.6528,
	11.753 0.654663,
	11.7545 0.662111,
	11.7542 0.677008,
	11.7541 0.684456,
	11.754 0.68818,
	11.754 0.690042,
	11.7537 0.691905,
	11.7512 0.699353,
	11.7501 0.703077,
	11.7495 0.704939,
	11.7482 0.712388,
	11.7498 0.727284,
	11.7506 0.734733,
	11.7517 0.742181,
	11.7518 0.742647,
	11.7504 0.750095,
	11.7497 0.753819,
	11.7494 0.755681,
	11.7488 0.757543,
	11.7455 0.764992,
	11.7439 0.768716,
	11.7431 0.770578,
	11.7343 0.785475,
	11.7305 0.792923,
	11.7276 0.796647,
	11.7267 0.797578,
	11.7263 0.798044,
	11.7261 0.798975,
	11.726 0.799441,
	11.6963 0.824579,
	11.6888 0.831096,
	11.6851 0.834355,
	11.6833 0.835984,
	11.6795 0.838777,
	11.6758 0.841803,
	11.6721 0.845411,
	11.6702 0.847273,
	11.6693 0.848204,
	11.6645 0.855653,
	11.6618 0.859377,
	11.6609 0.863101,
	11.6603 0.864963,
	11.6601 0.865429,
	11.6635 0.872877,
	11.6682 0.880325,
	11.6714 0.88405,
	11.6751 0.887425,
	11.676 0.888239,
	11.6764 0.888588,
	11.6759 0.888705,
	11.6461 0.88405,
	11.6163 0.881838,
	11.6014 0.880791,
	11.5977 0.880442,
	11.5959 0.880325,
	11.581 0.876368,
	11.5735 0.87439,
	11.5586 0.86764,
	11.5512 0.864381,
	11.5363 0.859144,
	11.5325 0.857864,
	11.5307 0.857166,
	11.5297 0.856816,
	11.5296 0.856816,
	"/>
</Transform>

<Transform dim="1"
 xcoef=" 3.46944695195361e-18 1 0 0 0 0"
 ycoef=" 0 0 1 0 0 0">
<Contour name="d046_p37" hidden="false" closed="true" simplified="true" border="1 1 0" fill="1 1 0" mode="11"
 points="11.8103 1.15166,
	11.819 1.15924,
	11.8277 1.16466,
	11.832 1.16574,
	11.8493 1.16087,
	11.8537 1.16033,
	11.8884 1.16683,
	11.897 1.16845,
	11.9144 1.17604,
	11.9187 1.17875,
	11.9203 1.18092,
	11.9247 1.18308,
	11.929 1.18688,
	11.9306 1.18904,
	11.9312 1.19121,
	11.9312 1.19229,
	11.9377 1.20096,
	11.9398 1.20313,
	11.9398 1.2053,
	11.9442 1.20855,
	11.9463 1.21288,
	11.9485 1.21505,
	11.9485 1.23239,
	11.9485 1.23672,
	11.9398 1.24485,
	11.9312 1.2481,
	11.9268 1.24864,
	11.9225 1.25027,
	11.9052 1.25135,
	11.8878 1.2546,
	11.8835 1.2546,
	11.8813 1.2546,
	11.8726 1.25894,
	11.8683 1.26165,
	11.851 1.2649,
	11.8336 1.27031,
	11.8293 1.27086,
	11.812 1.27844,
	11.8114 1.27682,
	11.8141 1.26815,
	11.8158 1.25948,
	11.8195 1.25081,
	11.8201 1.24864,
	11.8217 1.24647,
	11.8228 1.22914,
	11.8228 1.22047,
	11.8212 1.2118,
	11.8206 1.20313,
	11.819 1.19446,
	11.8185 1.18579,
	11.8168 1.17712,
	11.8168 1.17279,
	11.8147 1.16412,
	11.8125 1.15979,
	11.812 1.15762,
	11.8109 1.15653,
	11.8098 1.1522,
	11.8093 1.15166,
	"/>
</Transform>

<Transform dim="0"
 xcoef=" 0 1 0 0 0 0"
 ycoef=" 0 0 1 0 0 0">
<Contour name="d046_c03" hidden="false" closed="true" simplified="true" border="1 0 0" fill="1 0 0" mode="11"
 points="11.0546 0.36502,
	11.0594 0.355398,
	11.0612 0.352993,
	11.0997 0.337358,
	11.119 0.337358,
	11.1382 0.340966,
	11.1767 0.350587,
	11.1863 0.357202,
	11.1887 0.362013,
	11.1899 0.364418,
	11.1923 0.402905,
	11.1929 0.412526,
	11.1929 0.413729,
	11.1905 0.414331,
	11.1136 0.40531,
	11.0943 0.405912,
	11.0895 0.40531,
	11.0703 0.398695,
	11.0655 0.396891,
	11.0606 0.393885,
	11.0564 0.389675,
	11.0546 0.380054,
	11.0546 0.370432,
	11.0546 0.365621,
	"/>
</Transform>

<Transform dim="0"
 xcoef=" 0 1 0 0 0 0"
 ycoef=" 0 0 1 0 0 0">
<Contour name="d046_cfa04" hidden="false" closed="false" simplified="false" border="0 1 0" fill="0 1 0" mode="11"
 points="9.87272 1.68631,
	9.87881 1.68023,
	9.90087 1.66958,
	9.92674 1.66349,
	9.95564 1.66349,
	9.98075 1.66729,
	10.0203 1.6787,
	10.0485 1.70609,
	10.0644 1.73196,
	10.0667 1.74946,
	10.066 1.79282,
	"/>
</Transform>

<Transform dim="0"
 xcoef=" 0 1 0 0 0 0"
 ycoef=" 0 0 1 0 0 0">
<Contour name="d046_c04" hidden="false" closed="true" simplified="true" border="1 0 0" fill="1 0 0" mode="11"
 points="9.86938 1.68129,
	9.87091 1.6752,
	9.87243 1.67216,
	9.8846 1.66151,
	9.90894 1.65162,
	9.95763 1.6501,
	9.9698 1.6501,
	10.0185 1.65694,
	10.0246 1.6577,
	10.0261 1.6577,
	10.0504 1.67748,
	10.0695 1.70183,
	10.0786 1.714,
	10.0801 1.71552,
	10.0794 1.76421,
	10.0794 1.77638,
	10.0786 1.78247,
	10.0687 1.80681,
	10.0664 1.8129,
	10.0573 1.82507,
	10.055 1.82811,
	10.0307 1.84181,
	10.0063 1.86615,
	9.95763 1.85702,
	9.93329 1.84789,
	9.92112 1.84333,
	9.91807 1.84257,
	9.89677 1.81822,
	9.88612 1.80605,
	9.88384 1.80301,
	9.87547 1.77866,
	9.87319 1.77258,
	9.87319 1.72389,
	9.87319 1.71172,
	9.87014 1.68737,
	9.86938 1.68205,
	"/>
</Transform>

<Transform dim="0"
 xcoef=" 0 1 0 0 0 0"
 ycoef=" 0 0 1 0 0 0">
<Contour name="d046_c04" hidden="false" closed="true" simplified="true" border="1 0 0" fill="1 0 0" mode="11"
 points="9.54682 1.59456,
	9.54986 1.58239,
	9.54986 1.57934,
	9.57421 1.57022,
	9.58638 1.56641,
	9.63507 1.55804,
	9.64116 1.55728,
	9.68984 1.56185,
	9.71419 1.56717,
	9.76288 1.58011,
	9.76896 1.58391,
	9.81765 1.62727,
	9.82982 1.63792,
	9.83135 1.66227,
	9.83135 1.67444,
	9.81765 1.69878,
	9.81385 1.70487,
	9.80168 1.714,
	9.79559 1.71856,
	9.79255 1.72085,
	9.79103 1.72237,
	9.78722 1.73454,
	9.76288 1.73911,
	9.75679 1.74063,
	9.74462 1.74747,
	9.73853 1.75052,
	9.68984 1.76269,
	9.64116 1.74747,
	9.62898 1.74367,
	9.6229 1.73987,
	9.59855 1.71704,
	9.58638 1.70639,
	9.58182 1.70031,
	9.55975 1.65162,
	9.5491 1.62727,
	9.54682 1.62119,
	9.54682 1.59684,
	9.54682 1.59532,
	"/>
</Transform>

<Transform dim="0"
 xcoef=" 0 1 0 0 0 0"
 ycoef=" 0 0 1 0 0 0">
<Contour name="d046_cfa03" hidden="false" closed="false" simplified="false" border="0 1 0" fill="0 1 0" mode="11"
 points="11.1791 0.3582,
	11.1451 0.352394,
	11.1166 0.351338,
	11.0841 0.349578,
	"/>
</Transform>

<Transform dim="0"
 xcoef=" 0 1 0 0 0 0"
 ycoef=" 0 0 1 0 0 0">
<Contour name="d046_cfa04" hidden="false" closed="false" simplified="false" border="0 1 0" fill="0 1 0" mode="11"
 points="9.82253 1.66426,
	9.79554 1.63726,
	9.75405 1.60627,
	9.72506 1.59328,
	9.66808 1.58028,
	9.62859 1.57778,
	9.5911 1.58378,
	9.57211 1.59178,
	"/>
</Transform>

<Transform dim="1"
 xcoef=" 0.32 1 0 0 0 0"
 ycoef=" 0.4348865862524 0 1 0 0 0">
<Image mag="0.00201646" contrast="2.65332" brightness="-1.455" red="true" green="true" blue="true"
 src="024____z23.0.tif" />
<Contour name="domain1" hidden="false" closed="true" simplified="false" border="1 0 1" fill="1 0 1" mode="11"
 points="0 0,
	9551 0,
	9551 5063,
	0 5063,
	"/>
</Transform>

<Transform dim="0"
 xcoef=" 0 1 0 0 0 0"
 ycoef=" 0 0 1 0 0 0">
<Contour name="d046_cfa03b" hidden="false" closed="false" simplified="false" border="0 1 0" fill="0 1 0" mode="11"
 points="11.1926 0.116624,
	11.2048 0.149708,
	11.2379 0.204093,
	11.2628 0.249866,
	"/>
</Transform>

<Transform dim="0"
 xcoef=" 0 1 0 0 0 0"
 ycoef=" 0 0 1 0 0 0">
<Contour name="d046_c03b" hidden="false" closed="true" simplified="true" border="1 0 0" fill="1 0 0" mode="11"
 points="11.1821 0.120301,
	11.1859 0.112316,
	11.1896 0.110187,
	11.1928 0.106993,
	11.1949 0.105929,
	11.196 0.104864,
	11.2045 0.103267,
	11.2087 0.10167,
	11.213 0.0990087,
	11.23 0.0931533,
	11.2343 0.0915564,
	11.2354 0.0915564,
	11.2359 0.0904918,
	11.238 0.0904918,
	11.2465 0.0867657,
	11.2471 0.0857011,
	11.2641 0.0814426,
	11.2726 0.0798457,
	11.2769 0.0814426,
	11.279 0.0825072,
	11.2795 0.0835718,
	11.2806 0.0835718,
	11.2875 0.0915564,
	11.2886 0.0958148,
	11.2907 0.100073,
	11.2928 0.10859,
	11.2928 0.109655,
	11.2939 0.110187,
	11.295 0.114446,
	11.2955 0.116575,
	11.2971 0.117639,
	11.2971 0.119769,
	11.2987 0.124027,
	11.2987 0.125092,
	11.2998 0.126156,
	11.3003 0.128285,
	11.3014 0.12935,
	11.303 0.133608,
	11.3046 0.135205,
	11.3056 0.139464,
	11.3067 0.139996,
	11.3072 0.142125,
	11.3072 0.14319,
	11.3083 0.144255,
	11.3093 0.148513,
	11.3099 0.150642,
	11.3109 0.151175,
	11.3125 0.155433,
	11.3131 0.157562,
	11.3141 0.158094,
	11.3141 0.160224,
	11.3141 0.161288,
	11.3152 0.161821,
	11.3152 0.16395,
	11.3163 0.166079,
	11.3163 0.168208,
	11.3173 0.169273,
	11.3221 0.186307,
	11.3227 0.188436,
	11.3227 0.1895,
	11.3237 0.190565,
	11.3248 0.194824,
	11.3248 0.196953,
	11.3258 0.197485,
	11.3274 0.206002,
	11.3274 0.214519,
	11.3274 0.216648,
	11.3232 0.224633,
	11.32 0.228359,
	11.3179 0.230488,
	11.3168 0.230488,
	11.3088 0.236876,
	11.3077 0.236876,
	11.3056 0.238472,
	11.3035 0.239005,
	11.3024 0.240069,
	11.2939 0.242199,
	11.2854 0.245925,
	11.2769 0.248054,
	11.2598 0.253909,
	11.2513 0.255506,
	11.2428 0.255506,
	11.2385 0.254442,
	11.2364 0.254442,
	11.2279 0.25178,
	11.2236 0.248586,
	11.2226 0.248586,
	11.2194 0.245392,
	11.2178 0.243263,
	11.2109 0.237408,
	11.2082 0.233682,
	11.2082 0.232617,
	11.2055 0.228891,
	11.2045 0.226762,
	11.2034 0.226229,
	11.2029 0.2241,
	11.2029 0.223036,
	11.2018 0.222503,
	11.2018 0.221439,
	11.1992 0.21718,
	11.1976 0.215051,
	11.1965 0.213986,
	11.196 0.209728,
	11.1928 0.201211,
	11.1917 0.197485,
	11.1896 0.193227,
	11.1896 0.192162,
	11.1885 0.191097,
	11.1885 0.188968,
	11.1874 0.186839,
	11.1874 0.18471,
	11.1864 0.183113,
	11.1864 0.180984,
	11.1853 0.178854,
	11.1827 0.162353,
	11.1821 0.128285,
	11.1821 0.124027,
	11.1821 0.121898,
	11.1821 0.120833,
	"/>
</Transform>

<Transform dim="0"
 xcoef=" 0 1 0 0 0 0"
 ycoef=" 0 0 1 0 0 0">
<Contour name="d046_p07" hidden="false" closed="true" simplified="true" border="1 1 0" fill="1 1 0" mode="11"
 points="12.152 1.89036,
	12.1529 1.88333,
	12.1529 1.87629,
	12.1594 1.84817,
	12.1616 1.83455,
	12.1625 1.82752,
	12.1656 1.81346,
	12.1674 1.80643,
	12.1687 1.80291,
	12.1704 1.80072,
	12.1704 1.79984,
	12.1713 1.79896,
	12.1739 1.79237,
	12.1788 1.78622,
	12.1801 1.7849,
	12.181 1.7849,
	12.1841 1.78226,
	12.1876 1.78094,
	12.1884 1.78094,
	12.1893 1.78006,
	12.1964 1.77875,
	12.2245 1.77743,
	12.2262 1.77787,
	12.2271 1.77787,
	12.228 1.77875,
	12.2315 1.77875,
	12.2385 1.7805,
	12.2421 1.78182,
	12.2456 1.78402,
	12.2491 1.78534,
	12.25 1.78622,
	12.257 1.78929,
	12.2605 1.79105,
	12.2636 1.79369,
	12.2653 1.79412,
	12.268 1.79676,
	12.2689 1.79676,
	12.2803 1.80687,
	12.2864 1.81346,
	12.2882 1.81522,
	12.2913 1.81741,
	12.293 1.81829,
	12.2965 1.82137,
	12.3018 1.8262,
	12.3045 1.82928,
	12.3071 1.83104,
	12.3088 1.83279,
	12.3124 1.83455,
	12.3154 1.83763,
	12.3176 1.84114,
	12.3194 1.84202,
	12.3247 1.84861,
	12.3269 1.85125,
	12.3317 1.85828,
	12.3356 1.86443,
	12.3405 1.87014,
	12.3462 1.87498,
	12.3475 1.87586,
	12.3537 1.88245,
	12.3563 1.88552,
	12.3563 1.8864,
	12.3616 1.89211,
	12.3647 1.89475,
	12.366 1.89563,
	12.3717 1.90222,
	12.3809 1.91452,
	12.3827 1.91628,
	12.3831 1.91804,
	12.3857 1.92155,
	12.3857 1.92243,
	12.3866 1.92331,
	12.3875 1.92683,
	12.3871 1.92771,
	12.3879 1.93122,
	12.3879 1.93825,
	12.3879 1.94177,
	12.3871 1.94528,
	12.3862 1.94704,
	12.3862 1.94792,
	12.3849 1.94968,
	12.3844 1.95143,
	12.3835 1.95231,
	12.3835 1.95319,
	12.3818 1.95495,
	12.3818 1.95583,
	12.3796 1.95934,
	12.3787 1.95978,
	12.3787 1.96066,
	12.3739 1.96681,
	12.3717 1.96945,
	12.3695 1.97297,
	12.3682 1.97648,
	12.3677 1.98,
	12.3673 1.98175,
	12.3673 1.98263,
	12.3651 1.98571,
	12.3647 1.98747,
	12.3647 1.98835,
	12.3625 1.99186,
	12.3589 1.9945,
	12.3572 1.99582,
	12.3537 1.99713,
	12.3519 1.99713,
	12.351 1.99801,
	12.3493 1.99801,
	12.3422 2.00065,
	12.3387 2.00109,
	12.337 2.00197,
	12.3229 2.0046,
	12.3159 2.00548,
	12.3018 2.00548,
	12.2948 2.00548,
	12.2807 2.00372,
	12.2776 2.00241,
	12.2706 2.00109,
	12.2636 1.99889,
	12.2627 1.99801,
	12.2592 1.99713,
	12.2522 1.99362,
	12.2508 1.9923,
	12.2491 1.99186,
	12.246 1.98922,
	12.2447 1.98791,
	12.2429 1.98747,
	12.2412 1.98615,
	12.2403 1.98615,
	12.2377 1.98351,
	12.2359 1.98263,
	12.2341 1.98088,
	12.2276 1.97648,
	12.224 1.97384,
	12.2227 1.97253,
	12.2218 1.97209,
	12.2218 1.97121,
	12.2183 1.96857,
	12.217 1.96681,
	12.2153 1.96594,
	12.2122 1.96286,
	12.2087 1.96066,
	12.2034 1.95583,
	12.2003 1.95275,
	12.1986 1.951,
	12.192 1.9466,
	12.1889 1.94353,
	12.188 1.94353,
	12.1849 1.94045,
	12.1841 1.94045,
	12.1783 1.93562,
	12.1775 1.93562,
	12.1761 1.9343,
	12.1757 1.93342,
	12.1748 1.93342,
	12.1682 1.92771,
	12.1665 1.92595,
	12.1656 1.92595,
	12.163 1.92331,
	12.1612 1.92199,
	12.1612 1.92111,
	12.1581 1.91804,
	12.1564 1.91452,
	12.1551 1.91277,
	12.1537 1.90969,
	12.1524 1.90266,
	12.152 1.89563,
	12.152 1.89211,
	12.152 1.8908,
	"/>
</Transform>

<Transform dim="0"
 xcoef=" 0 1 0 0 0 0"
 ycoef=" 0 0 1 0 0 0">
<Contour name="d046_SER_p04" hidden="false" closed="true" simplified="false" border="1 0.501961 0" fill="1 0.501961 0" mode="11"
 points="10.1012 1.58315,
	10.1012 1.56562,
	10.1187 1.56562,
	10.1187 1.5481,
	10.1363 1.5481,
	10.1363 1.56562,
	10.1538 1.56562,
	10.1538 1.58315,
	10.1363 1.58315,
	10.1363 1.60068,
	10.1187 1.60068,
	10.1187 1.58315,
	"/>
</Transform>

</Section>