<?xml version="1.0"?>
<!DOCTYPE Section SYSTEM "section.dtd">

<Section index="153" thickness="0.052" alignLocked="true">
<Transform dim="1"
 xcoef=" 11.3505012454086 1 0 0 0 0"
 ycoef=" 12.1159253855529 0 1 0 0 0">
<Contour name="D020" hidden="false" closed="true" simplified="true" border="0 0 1" fill="0 0 1" mode="13"
 points="21.0819 17.888,
	21.0858 17.865,
	21.097 17.8438,
	21.1147 17.8262,
	21.1374 17.8136,
	21.1633 17.807,
	21.1903 17.807,
	21.2162 17.8136,
	21.2389 17.8262,
	21.2566 17.8438,
	21.2679 17.865,
	21.2717 17.888,
	21.2679 17.9111,
	21.2566 17.9323,
	21.2389 17.9499,
	21.2162 17.9625,
	21.1903 17.9691,
	21.1633 17.9691,
	21.1374 17.9625,
	21.1147 17.9499,
	21.097 17.9323,
	21.0858 17.9111,
	"/>
</Transform>

<Transform dim="1"
 xcoef=" 0.313547540315139 1 0 0 0 0"
 ycoef=" 0.686954156508623 0 1 0 0 0">
<Contour name="D052 " hidden="false" closed="true" simplified="true" border="0 0 1" fill="0 0 1" mode="13"
 points="6.22007 -0.797411,
	6.22138 -0.816285,
	6.22526 -0.834669,
	6.23162 -0.852089,
	6.2403 -0.868093,
	6.25106 -0.882266,
	6.26363 -0.894241,
	6.27769 -0.903708,
	6.29286 -0.910423,
	6.30877 -0.91421,
	6.32498 -0.914973,
	6.34109 -0.91269,
	6.35668 -0.907422,
	6.37135 -0.899305,
	6.3847 -0.888549,
	6.39641 -0.875432,
	6.40616 -0.860295,
	6.4137 -0.843529,
	6.41884 -0.825568,
	6.42144 -0.806879,
	6.42144 -0.787944,
	6.41884 -0.769254,
	6.4137 -0.751293,
	6.40616 -0.734527,
	6.39641 -0.71939,
	6.3847 -0.706273,
	6.37135 -0.695517,
	6.35668 -0.6874,
	6.34109 -0.682132,
	6.32498 -0.679849,
	6.30877 -0.680612,
	6.29286 -0.684399,
	6.27769 -0.691114,
	6.26363 -0.700581,
	6.25106 -0.712556,
	6.2403 -0.726729,
	6.23162 -0.742733,
	6.22526 -0.760153,
	"/>
</Transform>

<Transform dim="1"
 xcoef=" 0.313547540315139 1 0 0 0 0"
 ycoef=" 0.686954156508623 0 1 0 0 0">
<Contour name="D054" hidden="false" closed="true" simplified="true" border="0 0 1" fill="0 0 1" mode="13"
 points="1.54845 0.629396,
	1.54922 0.620675,
	1.55151 0.61207,
	1.55529 0.603696,
	1.56051 0.595662,
	1.56711 0.588077,
	1.57499 0.581039,
	1.58405 0.574644,
	1.59417 0.568976,
	1.60522 0.56411,
	1.61705 0.560111,
	1.62949 0.557032,
	1.6424 0.554913,
	1.65559 0.553783,
	1.66889 0.553657,
	1.68213 0.554537,
	1.69512 0.556411,
	1.7077 0.559253,
	1.7197 0.563027,
	1.73095 0.567682,
	1.74132 0.573156,
	1.75066 0.579377,
	1.75885 0.586262,
	1.76577 0.59372,
	1.77135 0.601651,
	1.77549 0.609951,
	1.77816 0.618509,
	1.77931 0.627211,
	1.77892 0.635942,
	1.77701 0.644587,
	1.7736 0.65303,
	1.76873 0.661159,
	1.76247 0.668866,
	1.7549 0.676049,
	1.74613 0.682613,
	1.73626 0.68847,
	1.72543 0.693543,
	1.71378 0.697765,
	1.70147 0.701078,
	1.68867 0.70344,
	1.67553 0.704819,
	1.66224 0.705197,
	1.64897 0.704568,
	1.6359 0.702941,
	1.6232 0.700338,
	1.61104 0.696793,
	1.59959 0.692353,
	1.58899 0.687077,
	1.57938 0.681035,
	1.57089 0.674308,
	1.56364 0.666984,
	1.55772 0.659162,
	1.55321 0.650944,
	1.55017 0.64244,
	"/>
</Transform>

<Transform dim="1"
 xcoef=" 0.313547540315139 1 0 0 0 0"
 ycoef=" 0.686954156508623 0 1 0 0 0">
<Contour name="D019" hidden="false" closed="true" simplified="true" border="0 0 1" fill="0 0 1" mode="13"
 points="4.12884 5.35513,
	4.13055 5.33859,
	4.13564 5.32235,
	4.14403 5.30669,
	4.15556 5.2919,
	4.17003 5.27823,
	4.18718 5.26594,
	4.20671 5.25524,
	4.22826 5.24632,
	4.25146 5.23934,
	4.27588 5.23443,
	4.30109 5.23167,
	4.32665 5.23112,
	4.35209 5.23278,
	4.37696 5.23662,
	4.40082 5.24258,
	4.42325 5.25054,
	4.44383 5.26037,
	4.46221 5.2719,
	4.47806 5.28491,
	4.49109 5.29917,
	4.50107 5.31443,
	4.50783 5.33042,
	4.51123 5.34685,
	4.51123 5.36342,
	4.50783 5.37985,
	4.50107 5.39584,
	4.49109 5.4111,
	4.47806 5.42536,
	4.46221 5.43837,
	4.44383 5.44989,
	4.42325 5.45973,
	4.40082 5.46769,
	4.37696 5.47365,
	4.35209 5.47749,
	4.32665 5.47915,
	4.30109 5.4786,
	4.27588 5.47584,
	4.25146 5.47093,
	4.22826 5.46395,
	4.20671 5.45503,
	4.18718 5.44433,
	4.17003 5.43204,
	4.15556 5.41837,
	4.14403 5.40358,
	4.13564 5.38792,
	"/>
</Transform>

<Transform dim="1"
 xcoef=" 0.313547540315139 1 0 0 0 0"
 ycoef=" 0.686954156508623 0 1 0 0 0">
<Contour name="D021" hidden="false" closed="true" simplified="true" border="0 0 1" fill="0 0 1" mode="13"
 points="6.15272 7.70758,
	6.15478 7.69153,
	6.16089 7.676,
	6.17086 7.66153,
	6.18434 7.64857,
	6.20091 7.63757,
	6.21999 7.62888,
	6.24098 7.6228,
	6.26317 7.61952,
	6.28582 7.61915,
	6.3082 7.62171,
	6.32955 7.62711,
	6.34917 7.63517,
	6.36642 7.64562,
	6.38072 7.65813,
	6.3916 7.67227,
	6.3987 7.68758,
	6.40179 7.70355,
	6.40076 7.71965,
	6.39564 7.73535,
	6.38662 7.75014,
	6.37397 7.76351,
	6.35813 7.77504,
	6.33962 7.78434,
	6.31904 7.7911,
	6.29709 7.79509,
	6.27448 7.79619,
	6.25197 7.79436,
	6.23029 7.78966,
	6.21017 7.78224,
	6.19227 7.77236,
	6.17719 7.76033,
	6.16541 7.74655,
	6.15734 7.73149,
	"/>
</Transform>

<Transform dim="1"
 xcoef=" 0.313547540315139 1 0 0 0 0"
 ycoef=" 0.686954156508623 0 1 0 0 0">
<Contour name="D025" hidden="false" closed="true" simplified="true" border="0 0 1" fill="0 0 1" mode="13"
 points="4.21008 4.73813,
	4.21057 4.72883,
	4.21202 4.71965,
	4.21443 4.71072,
	4.21775 4.70216,
	4.22194 4.69407,
	4.22696 4.68657,
	4.23272 4.67975,
	4.23916 4.67371,
	4.24618 4.66852,
	4.2537 4.66425,
	4.26162 4.66097,
	4.26983 4.65871,
	4.27821 4.65751,
	4.28667 4.65737,
	4.29509 4.65831,
	4.30335 4.66031,
	4.31135 4.66334,
	4.31898 4.66736,
	4.32614 4.67233,
	4.33273 4.67816,
	4.33867 4.6848,
	4.34388 4.69214,
	4.34828 4.70009,
	4.35183 4.70854,
	4.35446 4.71739,
	4.35616 4.72652,
	4.35689 4.7358,
	4.35665 4.74511,
	4.35543 4.75432,
	4.35326 4.76333,
	4.35017 4.77199,
	4.34618 4.78021,
	4.34137 4.78787,
	4.33579 4.79487,
	4.32951 4.80111,
	4.32263 4.80652,
	4.31522 4.81102,
	4.30739 4.81456,
	4.29925 4.81707,
	4.29089 4.81854,
	4.28244 4.81895,
	4.274 4.81828,
	4.26569 4.81654,
	4.25762 4.81377,
	4.24989 4.80999,
	4.2426 4.80525,
	4.23586 4.79963,
	4.22975 4.79319,
	4.22435 4.78601,
	4.21974 4.7782,
	4.21598 4.76986,
	4.21311 4.7611,
	4.21118 4.75203,
	"/>
</Transform>

<Transform dim="1"
 xcoef=" 0.313547540315139 1 0 0 0 0"
 ycoef=" 0.686954156508623 0 1 0 0 0">
<Contour name="D028" hidden="false" closed="true" simplified="true" border="0 0 1" fill="0 0 1" mode="13"
 points="6.72626 6.69541,
	6.72671 6.68673,
	6.72806 6.67819,
	6.73028 6.66994,
	6.73333 6.66212,
	6.73717 6.65485,
	6.74173 6.64827,
	6.74694 6.64247,
	6.7527 6.63757,
	6.75892 6.63363,
	6.7655 6.63073,
	6.77232 6.62891,
	6.77927 6.6282,
	6.78624 6.62863,
	6.7931 6.63017,
	6.79975 6.6328,
	6.80607 6.63649,
	6.81196 6.64116,
	6.81731 6.64674,
	6.82204 6.65314,
	6.82606 6.66024,
	6.82932 6.66794,
	6.83175 6.67609,
	6.83332 6.68457,
	6.834 6.69323,
	6.83377 6.70193,
	6.83265 6.71052,
	6.83064 6.71885,
	6.82779 6.7268,
	6.82414 6.73421,
	6.81976 6.74098,
	6.8147 6.74698,
	6.80907 6.75212,
	6.80296 6.7563,
	6.79646 6.75947,
	6.78969 6.76156,
	6.78276 6.76255,
	6.77578 6.76241,
	6.76888 6.76114,
	6.76217 6.75878,
	6.75576 6.75535,
	6.74975 6.75092,
	6.74426 6.74556,
	6.73937 6.73935,
	6.73516 6.73241,
	6.7317 6.72485,
	6.72906 6.7168,
	6.72727 6.70839,
	"/>
</Transform>

<Transform dim="1"
 xcoef=" 0.313547540315139 1 0 0 0 0"
 ycoef=" 0.686954156508623 0 1 0 0 0">
<Contour name="D032" hidden="false" closed="true" simplified="true" border="0 0 1" fill="0 0 1" mode="13"
 points="4.53928 -1.40693,
	4.54027 -1.42501,
	4.54325 -1.44282,
	4.54817 -1.46007,
	4.55494 -1.4765,
	4.56347 -1.49186,
	4.57361 -1.5059,
	4.58523 -1.51841,
	4.59813 -1.5292,
	4.61212 -1.5381,
	4.62697 -1.54497,
	4.64247 -1.5497,
	4.65837 -1.55223,
	4.67442 -1.55251,
	4.69038 -1.55054,
	4.706 -1.54635,
	4.72104 -1.54001,
	4.73526 -1.53161,
	4.74846 -1.52128,
	4.76041 -1.50918,
	4.77094 -1.4955,
	4.77989 -1.48045,
	4.78711 -1.46427,
	4.79249 -1.4472,
	4.79596 -1.4295,
	4.79746 -1.41146,
	4.79696 -1.39335,
	4.79447 -1.37545,
	4.79004 -1.35803,
	4.78372 -1.34137,
	4.77562 -1.32572,
	4.76586 -1.31133,
	4.7546 -1.29842,
	4.742 -1.28718,
	4.72827 -1.2778,
	4.71361 -1.27041,
	4.69825 -1.26513,
	4.68243 -1.26205,
	4.66639 -1.2612,
	4.65038 -1.26261,
	4.63466 -1.26625,
	4.61945 -1.27206,
	4.605 -1.27996,
	4.59153 -1.28982,
	4.57925 -1.3015,
	4.56835 -1.3148,
	4.55899 -1.32953,
	4.55133 -1.34545,
	4.54547 -1.36232,
	4.54152 -1.37989,
	"/>
</Transform>

<Transform dim="1"
 xcoef=" 0.313547540315139 1 0 0 0 0"
 ycoef=" 0.686954156508623 0 1 0 0 0">
<Contour name="D041" hidden="false" closed="true" simplified="true" border="0 0 1" fill="0 0 1" mode="13"
 points="5.63671 -0.0526015,
	5.63739 -0.0623998,
	5.63941 -0.0721038,
	5.64276 -0.0816199,
	5.64741 -0.0908566,
	5.65331 -0.0997249,
	5.6604 -0.108139,
	5.66862 -0.116019,
	5.67788 -0.123288,
	5.68811 -0.129876,
	5.69919 -0.13572,
	5.71102 -0.140763,
	5.72349 -0.144958,
	5.73648 -0.148263,
	5.74986 -0.150646,
	5.76351 -0.152086,
	5.77729 -0.152567,
	5.79107 -0.152086,
	5.80471 -0.150646,
	5.81809 -0.148263,
	5.83108 -0.144958,
	5.84355 -0.140763,
	5.85539 -0.13572,
	5.86647 -0.129876,
	5.87669 -0.123288,
	5.88595 -0.116019,
	5.89417 -0.108139,
	5.90126 -0.0997249,
	5.90716 -0.0908566,
	5.91181 -0.0816199,
	5.91516 -0.0721038,
	5.91719 -0.0623998,
	5.91786 -0.0526015,
	5.91719 -0.0428031,
	5.91516 -0.0330992,
	5.91181 -0.023583,
	5.90716 -0.0143463,
	5.90126 -0.00547805,
	5.89417 0.0029364,
	5.88595 0.010816,
	5.87669 0.0180848,
	5.86647 0.0246729,
	5.85539 0.0305168,
	5.84355 0.0355603,
	5.83108 0.0397546,
	5.81809 0.0430596,
	5.80471 0.0454433,
	5.79107 0.0468827,
	5.77729 0.0473641,
	5.76351 0.0468827,
	5.74986 0.0454433,
	5.73648 0.0430596,
	5.72349 0.0397546,
	5.71102 0.0355603,
	5.69919 0.0305168,
	5.68811 0.0246729,
	5.67788 0.0180848,
	5.66862 0.010816,
	5.6604 0.0029364,
	5.65331 -0.00547805,
	5.64741 -0.0143463,
	5.64276 -0.023583,
	5.63941 -0.0330992,
	"/>
</Transform>

<Transform dim="1"
 xcoef=" 0.313547540315139 1 0 0 0 0"
 ycoef=" 0.686954156508623 0 1 0 0 0">
<Contour name="D043" hidden="false" closed="true" simplified="true" border="0 0 1" fill="0 0 1" mode="13"
 points="0.855379 8.49779,
	0.856399 8.4847,
	0.859445 8.47182,
	0.864466 8.45937,
	0.871378 8.44754,
	0.88007 8.43655,
	0.890398 8.42656,
	0.902192 8.41774,
	0.915259 8.41023,
	0.929385 8.40416,
	0.944337 8.39963,
	0.95987 8.39671,
	0.975729 8.39545,
	0.991653 8.39587,
	1.00738 8.39796,
	1.02265 8.4017,
	1.03722 8.40701,
	1.05085 8.41381,
	1.0633 8.42199,
	1.07439 8.43142,
	1.08392 8.44193,
	1.09174 8.45336,
	1.09772 8.46553,
	1.10176 8.47822,
	1.10379 8.49123,
	1.10379 8.50435,
	1.10176 8.51736,
	1.09772 8.53006,
	1.09174 8.54222,
	1.08392 8.55365,
	1.07439 8.56417,
	1.0633 8.57359,
	1.05085 8.58177,
	1.03722 8.58857,
	1.02265 8.59388,
	1.00738 8.59762,
	0.991653 8.59971,
	0.975729 8.60013,
	0.95987 8.59887,
	0.944337 8.59595,
	0.929385 8.59142,
	0.915259 8.58535,
	0.902192 8.57785,
	0.890398 8.56902,
	0.88007 8.55903,
	0.871378 8.54804,
	0.864466 8.53622,
	0.859445 8.52376,
	0.856399 8.51088,
	"/>
</Transform>

<Transform dim="1"
 xcoef=" 0.313547540315139 1 0 0 0 0"
 ycoef=" 0.686954156508623 0 1 0 0 0">
<Contour name="D044" hidden="false" closed="true" simplified="true" border="0 0 1" fill="0 0 1" mode="13"
 points="-0.532986 6.55565,
	-0.531289 6.54049,
	-0.526255 6.52581,
	-0.518045 6.5121,
	-0.506923 6.49978,
	-0.493245 6.48926,
	-0.477453 6.48087,
	-0.460053 6.47489,
	-0.441605 6.4715,
	-0.422701 6.47081,
	-0.403949 6.47286,
	-0.385953 6.47756,
	-0.369289 6.48478,
	-0.354495 6.49427,
	-0.342045 6.50574,
	-0.33234 6.51881,
	-0.325691 6.53306,
	-0.322312 6.54804,
	-0.322312 6.56327,
	-0.325691 6.57825,
	-0.33234 6.5925,
	-0.342045 6.60557,
	-0.354495 6.61704,
	-0.369289 6.62653,
	-0.385953 6.63374,
	-0.403949 6.63845,
	-0.422701 6.64049,
	-0.441605 6.63981,
	-0.460053 6.63642,
	-0.477453 6.63044,
	-0.493245 6.62205,
	-0.506923 6.61153,
	-0.518045 6.59921,
	-0.526255 6.58549,
	"/>
</Transform>

<Transform dim="1"
 xcoef=" 0.313547540315139 1 0 0 0 0"
 ycoef=" 0.686954156508623 0 1 0 0 0">
<Contour name="D045" hidden="false" closed="true" simplified="true" border="0 0 1" fill="0 0 1" mode="13"
 points="2.92484 8.32134,
	2.92696 8.30876,
	2.93324 8.29666,
	2.94345 8.28547,
	2.9572 8.27562,
	2.97398 8.26748,
	2.99317 8.26134,
	3.01406 8.25744,
	3.03586 8.25591,
	3.05776 8.25683,
	3.07895 8.26015,
	3.09864 8.26575,
	3.11609 8.27342,
	3.13065 8.28287,
	3.14178 8.29376,
	3.14907 8.30567,
	3.15224 8.31817,
	3.15118 8.33079,
	3.14593 8.34306,
	3.13667 8.35451,
	3.12377 8.36473,
	3.10769 8.37333,
	3.08903 8.38,
	3.0685 8.38448,
	3.04685 8.38661,
	3.0249 8.3863,
	3.00345 8.38357,
	2.98332 8.37853,
	2.96525 8.37135,
	2.94991 8.36231,
	2.93787 8.35175,
	2.92959 8.34005,
	"/>
</Transform>

<Transform dim="1"
 xcoef=" 0.313547540315139 1 0 0 0 0"
 ycoef=" 0.686954156508623 0 1 0 0 0">
<Contour name="D046" hidden="false" closed="true" simplified="true" border="0 0 1" fill="0 0 1" mode="13"
 points="12.979 3.19652,
	12.9807 3.18346,
	12.9858 3.17091,
	12.994 3.15935,
	13.005 3.14921,
	13.0185 3.14089,
	13.0339 3.1347,
	13.0505 3.1309,
	13.0679 3.12961,
	13.0852 3.1309,
	13.1019 3.1347,
	13.1172 3.14089,
	13.1307 3.14921,
	13.1418 3.15935,
	13.15 3.17091,
	13.155 3.18346,
	13.1567 3.19652,
	13.155 3.20957,
	13.15 3.22212,
	13.1418 3.23369,
	13.1307 3.24383,
	13.1172 3.25215,
	13.1019 3.25833,
	13.0852 3.26214,
	13.0679 3.26342,
	13.0505 3.26214,
	13.0339 3.25833,
	13.0185 3.25215,
	13.005 3.24383,
	12.994 3.23369,
	12.9858 3.22212,
	"/>
</Transform>

<Transform dim="1"
 xcoef=" 0.313547540315139 1 0 0 0 0"
 ycoef=" 0.686954156508623 0 1 0 0 0">
<Contour name="D047" hidden="false" closed="true" simplified="true" border="0 0 1" fill="0 0 1" mode="13"
 points="3.20304 7.14131,
	3.20436 7.12241,
	3.20829 7.10423,
	3.21465 7.08748,
	3.22322 7.07279,
	3.23367 7.06074,
	3.24558 7.05179,
	3.25851 7.04627,
	3.27195 7.04441,
	3.28539 7.04627,
	3.29832 7.05179,
	3.31023 7.06074,
	3.32068 7.07279,
	3.32925 7.08748,
	3.33561 7.10423,
	3.33954 7.12241,
	3.34086 7.14131,
	3.33954 7.16022,
	3.33561 7.1784,
	3.32925 7.19515,
	3.32068 7.20984,
	3.31023 7.22189,
	3.29832 7.23084,
	3.28539 7.23636,
	3.27195 7.23822,
	3.25851 7.23636,
	3.24558 7.23084,
	3.23367 7.22189,
	3.22322 7.20984,
	3.21465 7.19515,
	3.20829 7.1784,
	"/>
</Transform>

<Transform dim="1"
 xcoef=" 0.313547540315139 1 0 0 0 0"
 ycoef=" 0.686954156508623 0 1 0 0 0">
<Contour name="D034" hidden="false" closed="true" simplified="true" border="0 0 1" fill="0 0 1" mode="13"
 points="9.5172 3.5856,
	9.51838 3.57112,
	9.52187 3.55688,
	9.52763 3.54312,
	9.53556 3.53008,
	9.54553 3.51796,
	9.55736 3.50698,
	9.57087 3.49732,
	9.58582 3.48913,
	9.60196 3.48256,
	9.61903 3.47772,
	9.63673 3.47469,
	9.65478 3.47352,
	9.67286 3.47422,
	9.69068 3.47679,
	9.70793 3.48119,
	9.72433 3.48733,
	9.7396 3.49513,
	9.75349 3.50443,
	9.76576 3.5151,
	9.77621 3.52695,
	9.78467 3.53979,
	9.79098 3.55339,
	9.79505 3.56753,
	9.79681 3.58197,
	9.79622 3.59648,
	9.7933 3.6108,
	9.7881 3.6247,
	9.7807 3.63795,
	9.77123 3.65031,
	9.75984 3.6616,
	9.74673 3.67161,
	9.73212 3.68017,
	9.71625 3.68716,
	9.69939 3.69244,
	9.68182 3.69593,
	9.66383 3.69757,
	9.64573 3.69734,
	9.62782 3.69523,
	9.6104 3.69128,
	9.59376 3.68557,
	9.57818 3.67818,
	9.56392 3.66923,
	9.55123 3.65889,
	9.5403 3.64732,
	9.53133 3.63471,
	9.52447 3.62128,
	9.51984 3.60725,
	"/>
</Transform>

<Transform dim="1"
 xcoef=" 0.313547540315139 1 0 0 0 0"
 ycoef=" 0.686954156508623 0 1 0 0 0">
<Contour name="D035" hidden="false" closed="true" simplified="true" border="0 0 1" fill="0 0 1" mode="13"
 points="7.63485 2.98203,
	7.6353 2.9729,
	7.63664 2.96386,
	7.63886 2.95504,
	7.64193 2.94652,
	7.64582 2.93842,
	7.65048 2.93082,
	7.65585 2.92381,
	7.66189 2.91747,
	7.66851 2.91187,
	7.67564 2.90708,
	7.6832 2.90316,
	7.6911 2.90015,
	7.69924 2.89807,
	7.70755 2.89697,
	7.71591 2.89685,
	7.72424 2.89771,
	7.73244 2.89954,
	7.74041 2.90232,
	7.74806 2.90602,
	7.75531 2.9106,
	7.76206 2.916,
	7.76825 2.92216,
	7.7738 2.92901,
	7.77864 2.93647,
	7.78273 2.94446,
	7.78601 2.95288,
	7.78844 2.96163,
	7.79 2.97062,
	7.79068 2.97975,
	7.79045 2.98889,
	7.78933 2.99797,
	7.78733 3.00685,
	7.78447 3.01545,
	7.78078 3.02367,
	7.77631 3.0314,
	7.77111 3.03857,
	7.76523 3.04508,
	7.75875 3.05087,
	7.75174 3.05587,
	7.74428 3.06001,
	7.73646 3.06326,
	7.72836 3.06557,
	7.72009 3.06691,
	7.71173 3.06728,
	7.70338 3.06667,
	7.69514 3.06508,
	7.68711 3.06253,
	7.67937 3.05906,
	7.67201 3.0547,
	7.66513 3.0495,
	7.65879 3.04352,
	7.65308 3.03684,
	7.64805 3.02952,
	7.64377 3.02165,
	7.64029 3.01333,
	7.63764 3.00465,
	7.63586 2.99571,
	"/>
</Transform>

<Transform dim="1"
 xcoef=" 0.313547540315139 1 0 0 0 0"
 ycoef=" 0.686954156508623 0 1 0 0 0">
<Contour name="D039" hidden="false" closed="true" simplified="true" border="0 0 1" fill="0 0 1" mode="13"
 points="8.04035 0.955885,
	8.04105 0.944,
	8.04313 0.932282,
	8.04658 0.920896,
	8.05133 0.910001,
	8.05733 0.899749,
	8.06449 0.890286,
	8.0727 0.881744,
	8.08186 0.874242,
	8.09183 0.867887,
	8.10248 0.862767,
	8.11366 0.858954,
	8.1252 0.856501,
	8.13694 0.855444,
	8.14873 0.855797,
	8.1604 0.857555,
	8.17178 0.860693,
	8.18271 0.865167,
	8.19303 0.870915,
	8.20262 0.877856,
	8.21132 0.885892,
	8.21902 0.894911,
	8.22561 0.904785,
	8.23099 0.915377,
	8.2351 0.926538,
	8.23787 0.93811,
	8.23927 0.949932,
	8.23927 0.961838,
	8.23787 0.97366,
	8.2351 0.985232,
	8.23099 0.996393,
	8.22561 1.00698,
	8.21902 1.01686,
	8.21132 1.02588,
	8.20262 1.03391,
	8.19303 1.04085,
	8.18271 1.0466,
	8.17178 1.05108,
	8.1604 1.05421,
	8.14873 1.05597,
	8.13694 1.05633,
	8.1252 1.05527,
	8.11366 1.05282,
	8.10248 1.049,
	8.09183 1.04388,
	8.08186 1.03753,
	8.0727 1.03003,
	8.06449 1.02148,
	8.05733 1.01202,
	8.05133 1.00177,
	8.04658 0.990874,
	8.04313 0.979487,
	8.04105 0.967769,
	"/>
</Transform>

<Transform dim="1"
 xcoef=" 0.313547540315139 1 0 0 0 0"
 ycoef=" 0.686954156508623 0 1 0 0 0">
<Contour name="D049" hidden="false" closed="true" simplified="true" border="0 0 1" fill="0 0 1" mode="13"
 points="10.6561 0.623124,
	10.6569 0.60908,
	10.6592 0.595281,
	10.663 0.581968,
	10.6682 0.569374,
	10.6748 0.55772,
	10.6826 0.547208,
	10.6915 0.538023,
	10.7013 0.530325,
	10.7119 0.524248,
	10.723 0.519898,
	10.7346 0.517352,
	10.7463 0.516654,
	10.758 0.517816,
	10.7694 0.520819,
	10.7805 0.525608,
	10.7909 0.532102,
	10.8005 0.540186,
	10.8091 0.549719,
	10.8166 0.560534,
	10.8229 0.572443,
	10.8278 0.585238,
	10.8312 0.598694,
	10.8331 0.612577,
	10.8335 0.626645,
	10.8324 0.640651,
	10.8297 0.654351,
	10.8255 0.667505,
	10.8199 0.679884,
	10.813 0.691271,
	10.8049 0.701467,
	10.7958 0.710295,
	10.7858 0.7176,
	10.775 0.723254,
	10.7638 0.727158,
	10.7522 0.729245,
	10.7404 0.729478,
	10.7288 0.727852,
	10.7174 0.724397,
	10.7065 0.719172,
	10.6963 0.712269,
	10.6869 0.703809,
	10.6786 0.693939,
	10.6714 0.682832,
	10.6654 0.670681,
	10.6609 0.6577,
	10.6578 0.644114,
	"/>
</Transform>

<Transform dim="1"
 xcoef=" 0.313547540315139 1 0 0 0 0"
 ycoef=" 0.686954156508623 0 1 0 0 0">
<Contour name="D055" hidden="false" closed="true" simplified="true" border="0 0 1" fill="0 0 1" mode="13"
 points="1.10561 3.29978,
	1.10697 3.27112,
	1.111 3.24347,
	1.11755 3.21779,
	1.1264 3.19499,
	1.13724 3.17586,
	1.14968 3.16108,
	1.16329 3.15116,
	1.1776 3.14646,
	1.19209 3.14714,
	1.20627 3.15316,
	1.21964 3.16434,
	1.23172 3.18026,
	1.24209 3.20037,
	1.25039 3.22397,
	1.25633 3.25023,
	1.2597 3.27823,
	1.26038 3.30698,
	1.25835 3.33548,
	1.25367 3.36273,
	1.24652 3.38777,
	1.23714 3.40972,
	1.22587 3.42782,
	1.21309 3.44143,
	1.19926 3.45006,
	1.18485 3.45343,
	1.17039 3.45141,
	1.15637 3.44407,
	1.14328 3.43166,
	1.13159 3.41464,
	1.12171 3.39358,
	1.11397 3.36923,
	1.10866 3.34245,
	"/>
</Transform>

<Transform dim="1"
 xcoef=" 0.313547540315139 1 0 0 0 0"
 ycoef=" 0.686954156508623 0 1 0 0 0">
<Contour name="D056" hidden="false" closed="true" simplified="true" border="0 0 1" fill="0 0 1" mode="13"
 points="11.2835 0.807334,
	11.2843 0.796976,
	11.2867 0.786815,
	11.2906 0.777045,
	11.296 0.767852,
	11.3028 0.75941,
	11.3108 0.751881,
	11.3199 0.745408,
	11.3299 0.740113,
	11.3407 0.736099,
	11.3519 0.733441,
	11.3635 0.732189,
	11.3751 0.732368,
	11.3866 0.733975,
	11.3977 0.736978,
	11.4083 0.741321,
	11.4181 0.74692,
	11.427 0.75367,
	11.4347 0.761441,
	11.4411 0.770086,
	11.4462 0.779441,
	11.4497 0.789326,
	11.4517 0.799554,
	11.4521 0.809931,
	11.4509 0.820258,
	11.4481 0.830339,
	11.4438 0.839981,
	11.4381 0.849003,
	11.431 0.857231,
	11.4227 0.864509,
	11.4133 0.870698,
	11.4031 0.875681,
	11.3922 0.879363,
	11.3809 0.881673,
	11.3693 0.882568,
	11.3577 0.882031,
	11.3462 0.880071,
	11.3352 0.876727,
	11.3248 0.872061,
	11.3152 0.866163,
	11.3067 0.859145,
	11.2993 0.85114,
	11.2932 0.842302,
	11.2885 0.832798,
	11.2853 0.822809,
	"/>
</Transform>

<Transform dim="1"
 xcoef=" 0.313547540315139 1 0 0 0 0"
 ycoef=" 0.686954156508623 0 1 0 0 0">
<Contour name="D056 sym cand 1" hidden="false" closed="true" simplified="true" border="0 1 1" fill="0 1 1" mode="11"
 points="11.3822 1.03511,
	11.383 1.02631,
	11.3852 1.01762,
	11.389 1.00913,
	11.3942 1.00094,
	11.4008 0.993136,
	11.4086 0.985821,
	11.4177 0.979074,
	11.428 0.972972,
	11.4392 0.967587,
	11.4512 0.96298,
	11.464 0.959204,
	11.4774 0.956303,
	11.4912 0.95431,
	11.5052 0.953248,
	11.5194 0.95313,
	11.5334 0.953957,
	11.5473 0.955719,
	11.5608 0.958395,
	11.5737 0.961956,
	11.586 0.96636,
	11.5974 0.971556,
	11.6079 0.977485,
	11.6173 0.984078,
	11.6255 0.991259,
	11.6324 0.998945,
	11.6379 1.00705,
	11.642 1.01547,
	11.6447 1.02413,
	11.6458 1.03291,
	11.6454 1.04171,
	11.6436 1.05044,
	11.6402 1.05899,
	11.6353 1.06727,
	11.6291 1.07517,
	11.6215 1.08262,
	11.6127 1.08952,
	11.6028 1.09579,
	11.5918 1.10136,
	11.58 1.10616,
	11.5673 1.11015,
	11.5541 1.11327,
	11.5404 1.1155,
	11.5264 1.11679,
	11.5123 1.11715,
	11.4982 1.11656,
	11.4842 1.11503,
	11.4706 1.11258,
	11.4575 1.10923,
	11.4451 1.10504,
	11.4334 1.10003,
	11.4227 1.09428,
	11.4131 1.08785,
	11.4046 1.08081,
	11.3973 1.07324,
	11.3914 1.06523,
	11.3869 1.05688,
	11.3839 1.04827,
	"/>
</Transform>

<Transform dim="1"
 xcoef=" 0.313547540315139 1 0 0 0 0"
 ycoef=" 0.686954156508623 0 1 0 0 0">
<Contour name="d046_o33" hidden="false" closed="true" simplified="false" border="1 0 0" fill="1 0 0" mode="-13"
 points="12.7165 3.43054,
	12.7405 3.43054,
	12.7285 3.45261,
	"/>
</Transform>

<Transform dim="1"
 xcoef=" 0.313547540315139 1 0 0 0 0"
 ycoef=" 0.686954156508623 0 1 0 0 0">
<Contour name="D057" hidden="false" closed="true" simplified="true" border="0 0 1" fill="0 0 1" mode="11"
 points="6.38155 9.44748,
	6.38237 9.43501,
	6.3848 9.42276,
	6.38882 9.41093,
	6.39435 9.39972,
	6.40129 9.38933,
	6.40953 9.37994,
	6.41892 9.3717,
	6.42931 9.36476,
	6.44052 9.35923,
	6.45235 9.35522,
	6.4646 9.35278,
	6.47707 9.35196,
	6.48954 9.35278,
	6.50179 9.35522,
	6.51362 9.35923,
	6.52483 9.36476,
	6.53522 9.3717,
	6.54461 9.37994,
	6.55285 9.38933,
	6.55979 9.39972,
	6.56532 9.41093,
	6.56934 9.42276,
	6.57177 9.43501,
	6.57259 9.44748,
	6.57177 9.45995,
	6.56934 9.47221,
	6.56532 9.48404,
	6.55979 9.49524,
	6.55285 9.50563,
	6.54461 9.51503,
	6.53522 9.52326,
	6.52483 9.53021,
	6.51362 9.53573,
	6.50179 9.53975,
	6.48954 9.54219,
	6.47707 9.543,
	6.4646 9.54219,
	6.45235 9.53975,
	6.44052 9.53573,
	6.42931 9.53021,
	6.41892 9.52326,
	6.40953 9.51503,
	6.40129 9.50563,
	6.39435 9.49524,
	6.38882 9.48404,
	6.3848 9.47221,
	6.38237 9.45995,
	"/>
</Transform>

<Transform dim="1"
 xcoef=" 0.313547540315139 1 0 0 0 0"
 ycoef=" 0.686954156508623 0 1 0 0 0">
<Contour name="D058" hidden="false" closed="true" simplified="true" border="0 0 1" fill="0 0 1" mode="11"
 points="5.24941 10.9748,
	5.25146 10.9543,
	5.25752 10.9347,
	5.26735 10.9168,
	5.28052 10.9013,
	5.29648 10.8889,
	5.31455 10.8802,
	5.33396 10.8755,
	5.35391 10.8749,
	5.37353 10.8786,
	5.39201 10.8864,
	5.40856 10.8979,
	5.42249 10.9126,
	5.4332 10.93,
	5.44023 10.9493,
	5.4433 10.9697,
	5.44228 10.9902,
	5.4372 11.0102,
	5.42828 11.0286,
	5.41589 11.0447,
	5.40058 11.0579,
	5.38297 11.0676,
	5.36381 11.0734,
	5.34392 11.075,
	5.32414 11.0723,
	5.30529 11.0656,
	5.28819 11.055,
	5.27355 11.041,
	5.26199 11.0242,
	5.254 11.0053,
	"/>
</Transform>

<Transform dim="1"
 xcoef=" 0.313547540315139 1 0 0 0 0"
 ycoef=" 0.686954156508623 0 1 0 0 0">
<Contour name="D057 ax01" hidden="false" closed="true" simplified="false" border="0 1 1" fill="0 1 1" mode="-9"
 points="4.12093 7.71439,
	4.13678 7.69853,
	4.07336 7.63511,
	4.08921 7.61925,
	4.15264 7.68267,
	4.16849 7.66682,
	4.16849 7.71439,
	"/>
</Transform>

<Transform dim="1"
 xcoef=" 0.313547540315139 1 0 0 0 0"
 ycoef=" 0.686954156508623 0 1 0 0 0">
<Contour name="d046_p32" hidden="false" closed="true" simplified="true" border="1 1 0" fill="1 1 0" mode="11"
 points="14.0183 3.32536,
	14.0202 3.3179,
	14.0202 3.31603,
	14.0211 3.31416,
	14.0216 3.31043,
	14.0239 3.30296,
	14.0253 3.29923,
	14.0305 3.29176,
	14.0361 3.28523,
	14.0431 3.27916,
	14.0501 3.27449,
	14.0571 3.27122,
	14.0589 3.27076,
	14.0599 3.26982,
	14.0748 3.26562,
	14.0767 3.26562,
	14.0785 3.26469,
	14.086 3.26329,
	14.0935 3.26096,
	14.0972 3.26002,
	14.0991 3.25909,
	14.1 3.25909,
	14.1009 3.25816,
	14.1028 3.25769,
	14.1065 3.25536,
	14.1103 3.25396,
	14.1135 3.25162,
	14.1145 3.25069,
	14.1154 3.25069,
	14.1299 3.24275,
	14.1373 3.23949,
	14.1448 3.23762,
	14.1597 3.23622,
	14.1747 3.23669,
	14.1822 3.23762,
	14.1859 3.23762,
	14.1878 3.23855,
	14.2027 3.24042,
	14.2102 3.24089,
	14.2176 3.24042,
	14.2214 3.23995,
	14.2288 3.23762,
	14.2298 3.23669,
	14.2335 3.23575,
	14.241 3.23155,
	14.2484 3.22595,
	14.2512 3.22315,
	14.2531 3.22129,
	14.255 3.22035,
	14.2559 3.21942,
	14.2568 3.21942,
	14.2606 3.21709,
	14.268 3.21475,
	14.283 3.21335,
	14.2848 3.21335,
	14.2867 3.21429,
	14.2942 3.21569,
	14.2979 3.21615,
	14.2998 3.21662,
	14.3007 3.21755,
	14.3044 3.21849,
	14.3082 3.22035,
	14.3142 3.22595,
	14.318 3.22922,
	14.3208 3.23295,
	14.3222 3.23482,
	14.3226 3.23669,
	14.3236 3.23762,
	14.3236 3.23855,
	14.3259 3.24229,
	14.3287 3.24976,
	14.3296 3.25722,
	14.3296 3.26469,
	14.3282 3.27216,
	14.3259 3.27963,
	14.3222 3.28709,
	14.3124 3.30203,
	14.3114 3.30343,
	14.3096 3.3053,
	14.3044 3.3123,
	14.3012 3.31603,
	14.2942 3.3221,
	14.2797 3.3319,
	14.276 3.33423,
	14.275 3.33423,
	14.261 3.34497,
	14.2587 3.3487,
	14.2573 3.3501,
	14.2573 3.35103,
	14.2545 3.35477,
	14.2489 3.36083,
	14.2456 3.3641,
	14.2386 3.36877,
	14.2377 3.36877,
	14.2368 3.3697,
	14.233 3.37064,
	14.2321 3.37157,
	14.2284 3.37204,
	14.2265 3.37297,
	14.2116 3.37484,
	14.2041 3.37437,
	14.1966 3.37297,
	14.1817 3.37204,
	14.1518 3.37204,
	14.1369 3.3739,
	14.1219 3.37717,
	14.107 3.3781,
	14.0995 3.3781,
	14.0846 3.37577,
	14.0697 3.37204,
	14.0547 3.36644,
	14.0529 3.3655,
	14.0519 3.3655,
	14.051 3.36457,
	14.0435 3.3613,
	14.0417 3.36083,
	14.0379 3.3585,
	14.0342 3.3571,
	14.0267 3.35197,
	14.0207 3.3459,
	14.0193 3.34217,
	14.0183 3.3347,
	14.0183 3.32723,
	14.0183 3.32583,
	"/>
</Transform>

<Transform dim="1"
 xcoef=" 0.313547540315139 1 0 0 0 0"
 ycoef=" 0.686954156508623 0 1 0 0 0">
<Contour name="d046" hidden="false" closed="true" simplified="true" border="1 1 0" fill="1 1 0" mode="11"
 points="12.6928 3.356,
	12.7268 3.34327,
	12.7438 3.33638,
	12.748 3.33479,
	12.7565 3.33001,
	12.7735 3.32259,
	12.7819 3.31622,
	12.7989 3.30668,
	12.8074 3.30084,
	12.8116 3.29766,
	12.8159 3.29554,
	12.8323 3.2791,
	12.8403 3.27061,
	12.8509 3.25364,
	12.853 3.24939,
	12.8567 3.24515,
	12.8647 3.22818,
	12.8705 3.21969,
	12.8721 3.21545,
	12.8779 3.20696,
	12.8811 3.20272,
	12.8832 3.2006,
	12.8838 3.19848,
	12.888 3.19423,
	12.8949 3.18575,
	12.9108 3.16878,
	12.9172 3.16029,
	12.9204 3.15605,
	12.9538 3.12475,
	12.9708 3.11362,
	12.9792 3.10778,
	12.9962 3.09876,
	13.0047 3.09399,
	13.0132 3.09081,
	13.0174 3.08869,
	13.0196 3.0871,
	13.0365 3.08179,
	13.045 3.07914,
	13.0471 3.07861,
	13.0493 3.07702,
	13.0577 3.07437,
	13.0662 3.07278,
	13.0832 3.06694,
	13.0917 3.06429,
	13.0959 3.0627,
	13.1044 3.05792,
	13.1129 3.05421,
	13.1299 3.04891,
	13.1384 3.04732,
	13.1405 3.04732,
	13.1447 3.0452,
	13.149 3.04413,
	13.1659 3.04307,
	13.1744 3.04201,
	13.2084 3.04095,
	13.2763 3.0436,
	13.2932 3.04413,
	13.2975 3.04413,
	13.3012 3.04679,
	13.3097 3.0505,
	13.3118 3.05209,
	13.316 3.05368,
	13.333 3.06853,
	13.3415 3.07596,
	13.3553 3.09293,
	13.3638 3.09983,
	13.368 3.10354,
	13.402 3.12422,
	13.4062 3.12741,
	13.4083 3.12794,
	13.4099 3.12953,
	13.4136 3.13112,
	13.4476 3.15392,
	13.4518 3.15817,
	13.4539 3.15817,
	13.4709 3.17037,
	13.4879 3.1815,
	13.5049 3.19105,
	13.5133 3.19476,
	13.5218 3.19954,
	13.5261 3.20113,
	13.543 3.21439,
	13.5733 3.2478,
	13.5775 3.25152,
	13.5818 3.25311,
	13.586 3.25576,
	13.5881 3.25629,
	13.6221 3.27379,
	13.6263 3.27591,
	13.6284 3.27697,
	13.6348 3.28546,
	13.638 3.2897,
	13.6401 3.29395,
	13.6428 3.30243,
	13.6438 3.30668,
	13.6433 3.32365,
	13.6428 3.32789,
	13.639 3.33638,
	13.638 3.34062,
	13.6321 3.34911,
	13.6274 3.35759,
	13.6194 3.36608,
	13.5855 3.38517,
	13.577 3.39048,
	13.56 3.40374,
	13.5515 3.41063,
	13.5446 3.41912,
	13.543 3.42336,
	13.5372 3.43185,
	13.5367 3.43397,
	13.5298 3.44245,
	13.5255 3.44617,
	13.5234 3.4467,
	13.5149 3.45306,
	13.5107 3.45624,
	13.5086 3.45731,
	13.5075 3.45731,
	13.499 3.46367,
	13.4948 3.46685,
	13.4937 3.46791,
	13.4916 3.46791,
	13.4746 3.47693,
	13.4661 3.48117,
	13.4619 3.48329,
	13.4577 3.48648,
	13.4534 3.48754,
	13.4364 3.49868,
	13.4322 3.50133,
	13.4237 3.50928,
	13.4094 3.52626,
	13.4025 3.53474,
	13.3855 3.54906,
	13.377 3.55278,
	13.3685 3.55755,
	13.3346 3.58195,
	13.3176 3.59361,
	13.3091 3.59945,
	13.3007 3.60422,
	13.2837 3.61112,
	13.2667 3.61695,
	13.2582 3.6196,
	13.2413 3.62279,
	13.2328 3.62438,
	13.2306 3.62438,
	13.2264 3.6265,
	13.2179 3.62756,
	13.2137 3.62809,
	13.2116 3.63021,
	13.2031 3.63127,
	13.1988 3.63286,
	13.1967 3.63392,
	13.1628 3.63658,
	13.1458 3.63711,
	13.1373 3.63764,
	13.1288 3.63923,
	13.1118 3.64029,
	13.1034 3.64135,
	13.0864 3.64188,
	13.0524 3.64029,
	13.0439 3.63923,
	13.0397 3.63923,
	13.0312 3.63764,
	13.0291 3.63711,
	13.027 3.63552,
	13.01 3.63392,
	13.0015 3.63339,
	12.9973 3.63286,
	12.9633 3.63976,
	12.9548 3.64029,
	12.9464 3.63923,
	12.9421 3.63764,
	12.9379 3.63764,
	12.9294 3.63445,
	12.9251 3.63286,
	12.923 3.6318,
	12.906 3.63021,
	12.8976 3.63074,
	12.8933 3.63074,
	12.8848 3.63286,
	12.8763 3.63286,
	12.8721 3.63286,
	12.8636 3.63074,
	12.8594 3.63021,
	12.8573 3.62862,
	12.853 3.62703,
	12.8509 3.6265,
	12.8339 3.61536,
	12.8302 3.61377,
	12.8297 3.61271,
	12.8276 3.61271,
	12.8191 3.60687,
	12.8106 3.59998,
	12.8085 3.59839,
	12.8063 3.59786,
	12.7978 3.59202,
	12.7936 3.58884,
	12.7766 3.58036,
	12.7724 3.57876,
	12.7703 3.57823,
	12.7692 3.57611,
	12.7607 3.57293,
	12.7565 3.57134,
	12.7522 3.56869,
	12.7353 3.56179,
	12.7268 3.55861,
	12.7225 3.55649,
	12.7204 3.55596,
	12.7194 3.55596,
	12.7172 3.55384,
	12.713 3.55278,
	12.7125 3.55278,
	12.7119 3.55118,
	12.7151 3.5427,
	12.7151 3.54058,
	12.7162 3.53845,
	12.7209 3.50451,
	12.7215 3.47057,
	12.7194 3.45359,
	12.7162 3.43662,
	12.7151 3.42813,
	12.7146 3.42389,
	12.713 3.41965,
	12.713 3.41753,
	12.7072 3.40055,
	12.705 3.39207,
	12.704 3.39101,
	12.704 3.38889,
	12.7008 3.3804,
	12.7003 3.37828,
	12.6992 3.37722,
	12.6965 3.36873,
	12.696 3.36661,
	12.695 3.36555,
	12.6923 3.35759,
	"/>
</Transform>

<Transform dim="1"
 xcoef=" 0.313547540315139 1 0 0 0 0"
 ycoef=" 0.686954156508623 0 1 0 0 0">
<Contour name="d046_p34" hidden="false" closed="true" simplified="true" border="1 1 0" fill="1 1 0" mode="11"
 points="12.8131 2.76209,
	12.8166 2.75255,
	12.8202 2.74779,
	12.8232 2.74421,
	12.8315 2.73766,
	12.8411 2.73408,
	12.8601 2.72991,
	12.8625 2.72991,
	12.8649 2.72872,
	12.884 2.72634,
	12.9221 2.72574,
	12.9412 2.72455,
	13.0174 2.72395,
	13.027 2.72336,
	13.0317 2.72217,
	13.0413 2.72157,
	13.046 2.72157,
	13.0508 2.71978,
	13.0556 2.71978,
	13.0603 2.718,
	13.0627 2.718,
	13.0722 2.71442,
	13.0746 2.71323,
	13.0758 2.71323,
	13.0782 2.71144,
	13.0794 2.71144,
	13.0889 2.70489,
	13.0973 2.69834,
	13.0996 2.69714,
	13.1008 2.69595,
	13.102 2.69595,
	13.1032 2.69476,
	13.1056 2.69416,
	13.1068 2.69297,
	13.1163 2.68999,
	13.1211 2.68821,
	13.1402 2.68761,
	13.1497 2.68821,
	13.1545 2.68999,
	13.1634 2.69655,
	13.167 2.69953,
	13.1759 2.70608,
	13.1783 2.70787,
	13.1813 2.71204,
	13.1848 2.72157,
	13.1872 2.7311,
	13.1884 2.74064,
	13.1884 2.75017,
	13.1866 2.7597,
	13.186 2.76209,
	13.186 2.76328,
	13.1848 2.76447,
	13.1842 2.76923,
	13.1825 2.774,
	13.1819 2.77877,
	13.1819 2.77996,
	13.1807 2.78115,
	13.1777 2.80022,
	13.1759 2.80975,
	13.1759 2.82881,
	13.1759 2.83835,
	13.1759 2.84311,
	13.1777 2.85265,
	13.1789 2.85741,
	13.1783 2.87648,
	13.1753 2.88601,
	13.1711 2.89554,
	13.1646 2.90269,
	13.1598 2.90686,
	13.1408 2.91818,
	13.136 2.92176,
	13.1336 2.92235,
	13.13 2.92533,
	13.1288 2.92652,
	13.1276 2.92652,
	13.1199 2.93308,
	13.1151 2.93665,
	13.1128 2.93725,
	13.1116 2.93844,
	13.102 2.94261,
	13.0979 2.9444,
	13.0889 2.95095,
	13.0865 2.95155,
	13.0818 2.95453,
	13.077 2.95631,
	13.0746 2.9575,
	13.0556 2.9581,
	13.0365 2.95572,
	13.0174 2.94857,
	13.0079 2.94559,
	12.9888 2.94321,
	12.9864 2.94321,
	12.9674 2.93665,
	12.9578 2.93486,
	12.9555 2.93486,
	12.9507 2.93308,
	12.9483 2.93308,
	12.9293 2.92652,
	12.9197 2.92295,
	12.9102 2.92235,
	12.9054 2.92116,
	12.8864 2.92057,
	12.8768 2.92057,
	12.8673 2.91878,
	12.8649 2.91818,
	12.8637 2.91699,
	12.8589 2.9152,
	12.8566 2.91401,
	12.8554 2.91401,
	12.8506 2.91044,
	12.8482 2.90925,
	12.8435 2.90507,
	12.8399 2.9015,
	12.8286 2.88363,
	12.8256 2.87409,
	12.8226 2.85503,
	12.8208 2.83596,
	12.8196 2.82643,
	12.8196 2.82405,
	12.8184 2.82166,
	12.8149 2.8026,
	12.8149 2.80022,
	12.8137 2.79783,
	12.8131 2.77877,
	12.8131 2.76923,
	12.8131 2.76447,
	12.8131 2.76268,
	"/>
</Transform>

<Transform dim="1"
 xcoef=" 0.313547540315139 1 0 0 0 0"
 ycoef=" 0.686954156508623 0 1 0 0 0">
<Contour name="d046_p35" hidden="false" closed="true" simplified="true" border="1 1 0" fill="1 1 0" mode="11"
 points="12.5083 3.86618,
	12.5106 3.85896,
	12.512 3.85535,
	12.5124 3.85355,
	12.5138 3.85174,
	12.5169 3.84452,
	12.5196 3.84092,
	12.5336 3.83234,
	12.5345 3.83234,
	12.5354 3.83144,
	12.5498 3.82783,
	12.5535 3.82738,
	12.5553 3.82738,
	12.5571 3.82648,
	12.5715 3.82603,
	12.5859 3.82468,
	12.6148 3.82423,
	12.622 3.82468,
	12.6292 3.82603,
	12.6301 3.82603,
	12.631 3.82693,
	12.6383 3.82919,
	12.6419 3.83054,
	12.6437 3.83189,
	12.6455 3.83234,
	12.6527 3.83686,
	12.6595 3.84227,
	12.6622 3.84588,
	12.6658 3.84949,
	12.6685 3.85309,
	12.6694 3.854,
	12.6694 3.8549,
	12.6721 3.85851,
	12.6752 3.86572,
	12.6766 3.86753,
	12.6802 3.88196,
	12.6816 3.8964,
	12.6816 3.91083,
	12.6807 3.91444,
	12.6807 3.91625,
	12.6798 3.91805,
	12.6789 3.92527,
	12.6752 3.9397,
	12.6707 3.95414,
	12.6685 3.96135,
	12.6613 3.97534,
	12.6504 3.98977,
	12.6477 3.99293,
	12.6337 4.00466,
	12.6202 4.01413,
	12.6184 4.01458,
	12.618 4.01548,
	12.6162 4.01593,
	12.6125 4.01819,
	12.6089 4.01954,
	12.608 4.02044,
	12.6008 4.0236,
	12.5972 4.02495,
	12.5828 4.02631,
	12.5756 4.02631,
	12.5719 4.02586,
	12.5647 4.02315,
	12.5629 4.0227,
	12.562 4.0218,
	12.5611 4.0218,
	12.5602 4.02089,
	12.5593 4.02089,
	12.5521 4.01638,
	12.5453 4.00962,
	12.5422 4.00601,
	12.5323 3.99293,
	12.5282 3.98616,
	12.5264 3.98255,
	12.5259 3.98075,
	12.5246 3.97894,
	12.5214 3.97173,
	12.5174 3.95729,
	12.5142 3.94286,
	12.5129 3.93564,
	12.512 3.93384,
	12.5102 3.9194,
	12.5097 3.90497,
	12.5083 3.89053,
	12.5083 3.8761,
	12.5083 3.86888,
	12.5083 3.86708,
	12.5083 3.86663,
	"/>
</Transform>

<Transform dim="0"
 xcoef=" 0 1 0 0 0 0"
 ycoef=" 0 0 1 0 0 0">
<Contour name="d046_p31" hidden="false" closed="true" simplified="true" border="1 1 0" fill="1 1 0" mode="11"
 points="12.9365 1.71206,
	12.9398 1.69448,
	12.9431 1.65934,
	12.9442 1.64177,
	12.9563 1.60663,
	12.9585 1.60443,
	12.9596 1.60004,
	12.9618 1.59784,
	12.9694 1.58247,
	12.9749 1.57369,
	12.9914 1.55831,
	13.0057 1.54294,
	13.0123 1.53525,
	13.0288 1.52427,
	13.0375 1.51878,
	13.0397 1.51658,
	13.0485 1.51438,
	13.0507 1.51219,
	13.0859 1.5023,
	13.0946 1.50121,
	13.0968 1.50121,
	13.099 1.49901,
	13.1078 1.49681,
	13.1122 1.49681,
	13.121 1.49242,
	13.1386 1.49132,
	13.1474 1.49462,
	13.1638 1.5056,
	13.1682 1.50779,
	13.1825 1.52537,
	13.1847 1.52756,
	13.1847 1.52976,
	13.1869 1.53195,
	13.188 1.53635,
	13.1902 1.53854,
	13.1902 1.54074,
	13.1935 1.54513,
	13.1935 1.54733,
	13.199 1.55611,
	13.2023 1.5649,
	13.2045 1.566,
	13.2045 1.57039,
	13.2078 1.57478,
	13.211 1.58357,
	13.211 1.58796,
	13.2132 1.59235,
	13.2132 1.59675,
	13.2198 1.61432,
	13.222 1.61871,
	13.222 1.6231,
	13.2308 1.64067,
	13.2308 1.64507,
	13.2374 1.66264,
	13.2374 1.67142,
	13.2396 1.68021,
	13.2385 1.71535,
	13.2264 1.75049,
	13.2165 1.76587,
	13.2121 1.77465,
	13.2099 1.77685,
	13.1979 1.81199,
	13.1979 1.81638,
	13.1957 1.81858,
	13.1924 1.82736,
	13.1924 1.82956,
	13.1825 1.84713,
	13.177 1.85372,
	13.1693 1.86031,
	13.1605 1.8647,
	13.1561 1.868,
	13.1386 1.86909,
	13.121 1.8669,
	13.1122 1.8647,
	13.1034 1.8647,
	13.0946 1.86251,
	13.0902 1.86031,
	13.0551 1.85262,
	13.0375 1.84493,
	13.0288 1.84164,
	13.02 1.83505,
	13.0156 1.83285,
	13.0134 1.83066,
	13.0112 1.83066,
	13.0024 1.82407,
	13.0013 1.82187,
	12.9991 1.82187,
	12.9826 1.80869,
	12.9749 1.80211,
	12.9727 1.80211,
	12.9662 1.79332,
	12.9585 1.78673,
	12.953 1.77904,
	12.9453 1.77136,
	12.9387 1.75379,
	12.9365 1.74939,
	12.9365 1.71425,
	12.9365 1.71315,
	"/>
</Transform>

<Transform dim="1"
 xcoef=" 11.3505012454086 1 0 0 0 0"
 ycoef=" 12.1159253855529 0 1 0 0 0">
<Image mag="0.00201646" contrast="1.79586" brightness="-0.595" red="true" green="true" blue="true"
 src="153.tif_1.bmp" />
<Contour name="domain1" hidden="false" closed="true" simplified="false" border="1 0 1" fill="1 0 1" mode="11"
 points="0 0,
	16383 0,
	16383 16383,
	0 16383,
	"/>
</Transform>

<Transform dim="0"
 xcoef=" 0 1 0 0 0 0"
 ycoef=" 0 0 1 0 0 0">
<Contour name="d046_checked" hidden="false" closed="true" simplified="false" border="0 1 0" fill="0 1 0" mode="-13"
 points="12.4081 2.76038,
	12.4147 2.75116,
	12.4081 2.74195,
	12.412 2.74195,
	12.4173 2.74985,
	12.4226 2.74195,
	12.4265 2.74195,
	12.4199 2.75116,
	12.4265 2.76038,
	12.4226 2.76038,
	12.4173 2.75248,
	12.412 2.76038,
	"/>
</Transform>

<Transform dim="1"
 xcoef=" -0.05 1 0 0 0 0"
 ycoef=" 0 0 1 0 0 0">
<Contour name="d046_p33" hidden="false" closed="true" simplified="true" border="1 1 0" fill="1 1 0" mode="11"
 points="11.5405 3.27242,
	11.5435 3.26626,
	11.5435 3.2601,
	11.5482 3.24779,
	11.5512 3.24163,
	11.5512 3.23548,
	11.5558 3.22932,
	11.5635 3.20469,
	11.5635 3.19854,
	11.5728 3.17391,
	11.5759 3.17083,
	11.5759 3.16775,
	11.5805 3.16159,
	11.5805 3.15852,
	11.5851 3.15236,
	11.5989 3.1031,
	11.6097 3.05385,
	11.6159 3.02922,
	11.6205 3.01691,
	11.6251 3.01075,
	11.6267 3.00459,
	11.6344 2.99228,
	11.6359 2.98612,
	11.6513 2.96149,
	11.6636 2.94918,
	11.6882 2.93686,
	11.7375 2.91839,
	11.7498 2.91685,
	11.7744 2.90916,
	11.799 2.90454,
	11.8114 2.89684,
	11.836 2.8753,
	11.8591 2.85067,
	11.8837 2.83835,
	11.9083 2.83066,
	11.9576 2.82296,
	11.9822 2.81988,
	12.0068 2.81373,
	12.013 2.81373,
	12.0192 2.81065,
	12.0315 2.81065,
	12.0807 2.79372,
	12.1038 2.77063,
	12.1161 2.76139,
	12.1284 2.75523,
	12.1531 2.74908,
	12.2023 2.74754,
	12.227 2.74446,
	12.2516 2.7383,
	12.2762 2.72137,
	12.2824 2.71521,
	12.2885 2.71214,
	12.3085 2.68905,
	12.3193 2.67673,
	12.3301 2.66904,
	12.347 2.71829,
	12.3516 2.73061,
	12.3593 2.77986,
	12.3593 2.79218,
	12.3609 2.79833,
	12.3532 2.84759,
	12.3532 2.85375,
	12.3486 2.86606,
	12.3362 2.86144,
	12.3116 2.85682,
	12.2624 2.85529,
	12.2131 2.85836,
	12.1146 2.87837,
	12.1023 2.88145,
	12.0961 2.88145,
	12.093 2.88453,
	12.0807 2.88607,
	12.0561 2.89838,
	12.0499 2.90146,
	12.0469 2.90454,
	12.0346 2.90762,
	12.0284 2.90762,
	12.0222 2.9107,
	11.973 2.91224,
	11.9484 2.91378,
	11.8991 2.90916,
	11.8745 2.91378,
	11.8622 2.91532,
	11.8498 2.91993,
	11.8252 2.9384,
	11.8144 2.95072,
	11.8037 2.97535,
	11.8037 2.99997,
	11.8067 3.0246,
	11.8129 3.03692,
	11.8114 3.06154,
	11.8129 3.07386,
	11.8221 3.09848,
	11.8498 3.14774,
	11.8622 3.17237,
	11.8652 3.18468,
	11.8683 3.19084,
	11.8714 3.21547,
	11.8699 3.24009,
	11.8591 3.26472,
	11.8298 3.31398,
	11.8052 3.36323,
	11.7975 3.37555,
	11.776 3.40018,
	11.7267 3.4402,
	11.7159 3.45251,
	11.7036 3.46021,
	11.6975 3.46174,
	11.6851 3.46944,
	11.6605 3.47406,
	11.6482 3.47252,
	11.6451 3.46944,
	11.642 3.46944,
	11.6405 3.46636,
	11.6374 3.46636,
	11.5928 3.41711,
	11.5743 3.39248,
	11.5589 3.36785,
	11.5574 3.36169,
	11.5528 3.35554,
	11.5451 3.33091,
	11.5405 3.3186,
	11.5405 3.29397,
	11.5405 3.28165,
	11.5405 3.2755,
	11.5405 3.27396,
	"/>
</Transform>

<Transform dim="0"
 xcoef=" 0 1 0 0 0 0"
 ycoef=" 0 0 1 0 0 0">
<Contour name="d046_cfa34" hidden="false" closed="false" simplified="false" border="0 1 0" fill="0 1 0" mode="11"
 points="12.7404 2.04056,
	12.5639 2.05174,
	"/>
</Transform>

<Transform dim="0"
 xcoef=" 0 1 0 0 0 0"
 ycoef=" 0 0 1 0 0 0">
<Contour name="d046_c34" hidden="false" closed="true" simplified="true" border="1 0 0" fill="1 0 0" mode="11"
 points="12.5568 2.03438,
	12.5704 2.00883,
	12.5767 1.99605,
	12.5783 1.99286,
	12.5815 1.99047,
	12.6326 1.9729,
	12.639 1.97051,
	12.6646 1.96731,
	12.671 1.96651,
	12.6965 1.9721,
	12.7213 1.99685,
	12.7244 2.00324,
	12.7284 2.01602,
	12.7316 2.0224,
	12.7404 2.03518,
	12.7428 2.03837,
	12.7396 2.05115,
	12.738 2.05753,
	12.726 2.06632,
	12.7005 2.08149,
	12.6941 2.08388,
	12.643 2.09027,
	12.6366 2.09107,
	12.6334 2.09187,
	12.5823 2.08228,
	12.5696 2.07989,
	12.5624 2.05434,
	12.5584 2.04156,
	12.5568 2.03518,
	"/>
</Transform>

<Transform dim="0"
 xcoef=" 0 1 0 0 0 0"
 ycoef=" 0 0 1 0 0 0">
<Contour name="d046_cfa35" hidden="false" closed="true" simplified="true" border="0 1 0" fill="0 1 0" mode="11"
 points="12.1988 3.19982,
	12.1992 3.19199,
	12.1995 3.18808,
	12.2002 3.18417,
	12.2024 3.17634,
	12.2024 3.17585,
	12.2029 3.17536,
	12.2034 3.1734,
	12.2036 3.17243,
	12.2044 3.17169,
	12.2046 3.17071,
	12.2046 3.17022,
	12.2059 3.16827,
	12.2063 3.16802,
	12.2063 3.16753,
	12.2085 3.16362,
	12.2117 3.16019,
	12.2132 3.15873,
	12.2151 3.15701,
	12.2154 3.15653,
	12.2159 3.15653,
	12.2176 3.1553,
	12.2181 3.15481,
	12.22 3.15408,
	12.222 3.15286,
	12.2225 3.15286,
	12.223 3.15237,
	12.224 3.15237,
	12.2279 3.15017,
	12.2354 3.14747,
	12.2364 3.14699,
	12.2384 3.14674,
	12.2391 3.14625,
	12.2469 3.14552,
	12.2548 3.14527,
	12.2567 3.14478,
	12.2646 3.14429,
	12.2685 3.14381,
	12.2841 3.14356,
	12.292 3.14356,
	12.2959 3.14429,
	12.2978 3.14478,
	12.2988 3.14478,
	12.2998 3.14527,
	12.3017 3.14552,
	12.3027 3.14576,
	12.3032 3.14625,
	12.3042 3.14625,
	12.3047 3.14625,
	12.3049 3.14674,
	12.3059 3.14674,
	12.3135 3.14968,
	12.3174 3.15114,
	12.3184 3.15139,
	12.3189 3.15139,
	12.3203 3.15261,
	12.3208 3.15261,
	12.3211 3.1531,
	12.322 3.1531,
	12.324 3.15408,
	12.3245 3.15457,
	12.3264 3.1553,
	12.3274 3.15555,
	12.3294 3.15701,
	12.3304 3.15726,
	12.3306 3.15775,
	12.3311 3.15775,
	12.3328 3.15922,
	12.3338 3.15971,
	12.3343 3.15971,
	12.3377 3.1624,
	12.3416 3.16509,
	12.345 3.16753,
	12.3485 3.17071,
	12.3502 3.17243,
	12.3553 3.17927,
	12.3556 3.18001,
	12.3553 3.1805,
	12.357 3.18441,
	12.358 3.18612,
	12.3585 3.18808,
	12.3585 3.18857,
	12.359 3.18881,
	12.3612 3.19664,
	12.3614 3.1986,
	12.3614 3.19909,
	12.3619 3.19958,
	12.3629 3.20741,
	12.3629 3.22306,
	12.3622 3.23089,
	12.3622 3.23285,
	12.36 3.24067,
	12.3573 3.2485,
	12.3568 3.24948,
	12.3568 3.25046,
	12.3563 3.25095,
	12.3558 3.2529,
	12.3553 3.25388,
	12.3553 3.25486,
	12.3548 3.25535,
	12.3546 3.25731,
	12.3519 3.26513,
	12.3504 3.26905,
	12.3497 3.27101,
	12.3494 3.27296,
	12.348 3.27688,
	12.348 3.27785,
	12.3445 3.28568,
	12.3436 3.28764,
	12.3436 3.28813,
	12.3426 3.28911,
	12.3414 3.29106,
	12.3375 3.29424,
	12.3357 3.29547,
	12.3331 3.29914,
	12.3313 3.30109,
	12.3286 3.30501,
	12.3269 3.30672,
	12.3257 3.30868,
	12.324 3.31014,
	12.323 3.31088,
	12.3228 3.31137,
	12.3218 3.31161,
	12.3181 3.31455,
	12.3105 3.31944,
	12.3088 3.32066,
	12.3079 3.32091,
	12.3059 3.32213,
	12.302 3.3236,
	12.3 3.32433,
	12.2995 3.32482,
	12.2976 3.32507,
	12.2966 3.3258,
	12.2956 3.32604,
	12.2951 3.32604,
	12.2946 3.32653,
	12.2868 3.32873,
	12.2849 3.32922,
	12.2839 3.32922,
	12.2834 3.32971,
	12.2824 3.32971,
	12.2819 3.32971,
	12.2817 3.3302,
	12.266 3.33094,
	12.2582 3.3302,
	12.2572 3.3302,
	12.2567 3.3302,
	12.2562 3.32971,
	12.2523 3.32898,
	12.2513 3.32898,
	12.2474 3.32751,
	12.2465 3.32751,
	12.246 3.32751,
	12.2455 3.32702,
	12.2418 3.32531,
	12.2399 3.32409,
	12.2381 3.32237,
	12.2367 3.32115,
	12.2337 3.31797,
	12.2313 3.31455,
	12.2296 3.31308,
	12.2296 3.31259,
	12.2274 3.30917,
	12.2266 3.30843,
	12.2264 3.30745,
	12.224 3.30427,
	12.2232 3.30329,
	12.223 3.30232,
	12.2178 3.29522,
	12.2164 3.29351,
	12.2159 3.29253,
	12.2154 3.29229,
	12.2154 3.2918,
	12.2144 3.29082,
	12.2125 3.28739,
	12.2112 3.28544,
	12.2107 3.28495,
	12.2105 3.28397,
	12.2098 3.28299,
	12.2095 3.28103,
	12.209 3.28079,
	12.209 3.27981,
	12.209 3.27932,
	12.2085 3.27883,
	12.2083 3.27688,
	12.2071 3.27296,
	12.2066 3.27101,
	12.2061 3.27003,
	12.2061 3.26905,
	12.2056 3.26856,
	12.2044 3.26465,
	12.2041 3.26269,
	12.2036 3.26171,
	12.2032 3.2578,
	12.2027 3.25584,
	12.2027 3.25193,
	12.2022 3.24997,
	12.2022 3.24605,
	12.2017 3.24214,
	12.2014 3.23431,
	12.2005 3.2304,
	12.2005 3.22844,
	12.1997 3.22453,
	12.199 3.2167,
	12.1988 3.20105,
	12.1988 3.20007,
	"/>
</Transform>

<Transform dim="0"
 xcoef=" 0 1 0 0 0 0"
 ycoef=" 0 0 1 0 0 0">
<Contour name="d046_c35" hidden="false" closed="true" simplified="true" border="1 0 0" fill="1 0 0" mode="11"
 points="12.197 3.19371,
	12.1975 3.18979,
	12.1975 3.18784,
	12.1995 3.18001,
	12.2007 3.17609,
	12.2007 3.17561,
	12.2012 3.17536,
	12.2036 3.16753,
	12.2041 3.1668,
	12.2041 3.16631,
	12.2046 3.16582,
	12.2054 3.16386,
	12.2061 3.16289,
	12.2061 3.1624,
	12.2068 3.16166,
	12.2071 3.16068,
	12.2078 3.15971,
	12.2088 3.15922,
	12.2088 3.15873,
	12.2098 3.15799,
	12.2103 3.1575,
	12.2112 3.15726,
	12.2147 3.15457,
	12.2156 3.15383,
	12.2166 3.15359,
	12.2203 3.15114,
	12.2222 3.14968,
	12.2259 3.14747,
	12.2262 3.14699,
	12.2332 3.14478,
	12.2352 3.14405,
	12.2509 3.14381,
	12.2548 3.14356,
	12.2567 3.14356,
	12.2577 3.14356,
	12.2597 3.14283,
	12.2606 3.14283,
	12.2611 3.14234,
	12.2768 3.1416,
	12.2846 3.14136,
	12.3003 3.14185,
	12.3081 3.14258,
	12.312 3.14332,
	12.3159 3.14454,
	12.3169 3.14454,
	12.3172 3.14503,
	12.3208 3.1465,
	12.3247 3.14919,
	12.3267 3.15065,
	12.3277 3.15114,
	12.3282 3.15114,
	12.3289 3.15188,
	12.3299 3.15212,
	12.3316 3.15335,
	12.3318 3.15383,
	12.3328 3.15408,
	12.3343 3.15555,
	12.3348 3.15555,
	12.3365 3.15701,
	12.3375 3.1575,
	12.3384 3.15848,
	12.3421 3.16117,
	12.3438 3.1624,
	12.3441 3.16289,
	12.3445 3.16289,
	12.346 3.16411,
	12.3475 3.16582,
	12.348 3.16655,
	12.3499 3.16802,
	12.3524 3.17145,
	12.3538 3.1734,
	12.3548 3.17414,
	12.3548 3.17463,
	12.3556 3.17536,
	12.3556 3.17585,
	12.3565 3.17683,
	12.359 3.1805,
	12.359 3.18099,
	12.3597 3.18172,
	12.3597 3.18221,
	12.3602 3.1827,
	12.3602 3.18319,
	12.3614 3.1849,
	12.3622 3.18588,
	12.3626 3.18637,
	12.3629 3.18735,
	12.3629 3.18784,
	12.3634 3.18833,
	12.3636 3.1893,
	12.3644 3.19028,
	12.3653 3.1942,
	12.3661 3.20202,
	12.3661 3.20985,
	12.3656 3.21768,
	12.3656 3.21964,
	12.3644 3.22746,
	12.3639 3.22844,
	12.3624 3.23627,
	12.3619 3.23676,
	12.3619 3.23774,
	12.3607 3.24141,
	12.3604 3.24239,
	12.36 3.24287,
	12.3592 3.24679,
	12.3592 3.24728,
	12.3587 3.24752,
	12.3587 3.2485,
	12.3563 3.25633,
	12.3558 3.25682,
	12.3536 3.2644,
	12.3529 3.26636,
	12.3526 3.26831,
	12.3514 3.27223,
	12.3507 3.27419,
	12.3507 3.27516,
	12.3502 3.27541,
	12.3475 3.28324,
	12.3465 3.28519,
	12.3465 3.28568,
	12.3458 3.28666,
	12.3458 3.28715,
	12.3453 3.28764,
	12.3453 3.28813,
	12.3448 3.28837,
	12.3448 3.28886,
	12.3443 3.28911,
	12.3443 3.2896,
	12.3392 3.29669,
	12.3377 3.29865,
	12.3311 3.30525,
	12.3306 3.30525,
	12.324 3.31137,
	12.3208 3.31479,
	12.3206 3.31528,
	12.3201 3.31528,
	12.3162 3.31895,
	12.3157 3.31944,
	12.3157 3.31993,
	12.3123 3.32286,
	12.3083 3.32531,
	12.3074 3.32555,
	12.3064 3.32629,
	12.3054 3.32653,
	12.3044 3.32727,
	12.2966 3.32947,
	12.2946 3.32971,
	12.2937 3.3302,
	12.2858 3.33167,
	12.278 3.3324,
	12.2624 3.33289,
	12.2604 3.33265,
	12.2594 3.33265,
	12.2589 3.33216,
	12.255 3.33167,
	12.2511 3.33069,
	12.2501 3.33069,
	12.2425 3.32776,
	12.2406 3.32678,
	12.2401 3.32678,
	12.2381 3.32531,
	12.2377 3.32482,
	12.2372 3.32482,
	12.2354 3.32335,
	12.2345 3.32311,
	12.233 3.32115,
	12.2313 3.31968,
	12.2303 3.31846,
	12.2303 3.31797,
	12.2293 3.31724,
	12.2266 3.31381,
	12.2252 3.31186,
	12.2244 3.31112,
	12.224 3.31088,
	12.224 3.31039,
	12.2225 3.30868,
	12.222 3.30819,
	12.2222 3.3077,
	12.2198 3.30427,
	12.2191 3.30329,
	12.2191 3.30281,
	12.2173 3.30085,
	12.2173 3.30036,
	12.2127 3.29327,
	12.2112 3.29155,
	12.2112 3.29106,
	12.2098 3.28911,
	12.2098 3.28862,
	12.2076 3.28495,
	12.2068 3.28299,
	12.2068 3.28201,
	12.2054 3.2781,
	12.2044 3.27419,
	12.2036 3.27223,
	12.2032 3.27125,
	12.2029 3.26929,
	12.2022 3.26734,
	12.1995 3.25168,
	12.1992 3.23603,
	12.1988 3.2282,
	12.1975 3.22037,
	12.197 3.20471,
	12.197 3.19689,
	12.197 3.19493,
	12.197 3.19395,
	"/>
</Transform>

</Section>