<?xml version="1.0"?>
<!DOCTYPE Section SYSTEM "section.dtd">

<Section index="148" thickness="0.052" alignLocked="true">
<Transform dim="1"
 xcoef=" 11.3150432184683 1 0 0 0 0"
 ycoef=" 12.5670481059231 0 1 0 0 0">
<Image mag="0.00201646" contrast="1.47746" brightness="-0.4" red="true" green="true" blue="true"
 src="148.tif_1.bmp" />
<Contour name="domain1" hidden="false" closed="true" simplified="false" border="1 0 1" fill="1 0 1" mode="11"
 points="0 0,
	16383 0,
	16383 16383,
	0 16383,
	"/>
</Transform>

<Transform dim="1"
 xcoef=" 11.3150432184683 1 0 0 0 0"
 ycoef=" 12.5670481059231 0 1 0 0 0">
<Contour name="D020" hidden="false" closed="true" simplified="true" border="0 0 1" fill="0 0 1" mode="13"
 points="21.1226 18.3685,
	21.1234 18.3515,
	21.1258 18.3348,
	21.1297 18.3186,
	21.1351 18.3034,
	21.1419 18.2893,
	21.1499 18.2766,
	21.1591 18.2655,
	21.1692 18.2561,
	21.1801 18.2488,
	21.1916 18.2435,
	21.2034 18.2404,
	21.2155 18.2396,
	21.2275 18.241,
	21.2393 18.2446,
	21.2507 18.2504,
	21.2614 18.2583,
	21.2713 18.2681,
	21.2802 18.2796,
	21.2879 18.2927,
	21.2943 18.3071,
	21.2994 18.3226,
	21.3029 18.3389,
	21.3049 18.3557,
	21.3053 18.3727,
	21.3041 18.3897,
	21.3013 18.4062,
	21.297 18.4222,
	21.2913 18.4371,
	21.2842 18.4509,
	21.2759 18.4633,
	21.2665 18.474,
	21.2561 18.4828,
	21.2451 18.4896,
	21.2335 18.4944,
	21.2215 18.4969,
	21.2095 18.4972,
	21.1975 18.4952,
	21.1857 18.491,
	21.1745 18.4847,
	21.164 18.4763,
	21.1544 18.4661,
	21.1457 18.4542,
	21.1383 18.4407,
	21.1322 18.426,
	21.1276 18.4103,
	21.1244 18.3939,
	"/>
</Transform>

<Transform dim="1"
 xcoef=" 0.285043218468308 1 0 0 0 0"
 ycoef=" 0.64704810592306 0 1 0 0 0">
<Contour name="D052 " hidden="false" closed="true" simplified="true" border="0 0 1" fill="0 0 1" mode="13"
 points="6.25886 -0.805169,
	6.26066 -0.821326,
	6.26599 -0.83695,
	6.27467 -0.851522,
	6.28643 -0.864561,
	6.30086 -0.875635,
	6.3175 -0.884379,
	6.33579 -0.890503,
	6.35513 -0.893804,
	6.37488 -0.894173,
	6.39438 -0.891599,
	6.41299 -0.886165,
	6.4301 -0.878053,
	6.44513 -0.867529,
	6.4576 -0.854943,
	6.46708 -0.840711,
	6.47327 -0.825303,
	6.47596 -0.809229,
	6.47506 -0.793021,
	6.4706 -0.777214,
	6.46274 -0.762333,
	6.45172 -0.748868,
	6.43791 -0.737265,
	6.42177 -0.727908,
	6.40384 -0.721107,
	6.3847 -0.717087,
	6.365 -0.715979,
	6.34537 -0.717822,
	6.32648 -0.722554,
	6.30894 -0.730019,
	6.29334 -0.739969,
	6.28019 -0.752076,
	6.26993 -0.765939,
	6.26289 -0.781099,
	"/>
</Transform>

<Transform dim="1"
 xcoef=" 0.285043218468308 1 0 0 0 0"
 ycoef=" 0.64704810592306 0 1 0 0 0">
<Contour name="D054" hidden="false" closed="true" simplified="true" border="0 0 1" fill="0 0 1" mode="13"
 points="1.56641 0.647417,
	1.56678 0.63789,
	1.56789 0.628428,
	1.56974 0.619094,
	1.57231 0.609951,
	1.57558 0.60106,
	1.57954 0.592482,
	1.58415 0.584274,
	1.58938 0.576492,
	1.59521 0.569188,
	1.60158 0.562412,
	1.60846 0.556209,
	1.6158 0.55062,
	1.62355 0.545685,
	1.63167 0.541435,
	1.64008 0.537899,
	1.64874 0.535103,
	1.65759 0.533063,
	1.66657 0.531794,
	1.67562 0.531305,
	1.68468 0.531598,
	1.69368 0.532673,
	1.70257 0.534521,
	1.71128 0.53713,
	1.71977 0.540483,
	1.72796 0.544557,
	1.73581 0.549324,
	1.74325 0.554753,
	1.75025 0.560806,
	1.75676 0.567443,
	1.76272 0.57462,
	1.76811 0.582287,
	1.77288 0.590393,
	1.777 0.598884,
	1.78045 0.607702,
	1.78319 0.616788,
	1.78522 0.62608,
	1.78652 0.635516,
	1.78708 0.645033,
	1.78689 0.654565,
	1.78596 0.664049,
	1.7843 0.673421,
	1.78191 0.682618,
	1.77881 0.691578,
	1.77502 0.700239,
	1.77057 0.708545,
	1.76549 0.716438,
	1.75981 0.723866,
	1.75357 0.730779,
	1.74681 0.73713,
	1.73958 0.742876,
	1.73193 0.747978,
	1.7239 0.752402,
	1.71556 0.756118,
	1.70695 0.759102,
	1.69814 0.761332,
	1.68919 0.762795,
	1.68015 0.76348,
	1.67109 0.763382,
	1.66207 0.762502,
	1.65315 0.760846,
	1.64438 0.758426,
	1.63584 0.755257,
	1.62757 0.751361,
	1.61963 0.746764,
	1.61208 0.741498,
	1.60496 0.735597,
	1.59833 0.729102,
	1.59222 0.722056,
	1.58669 0.714507,
	1.58176 0.706505,
	1.57748 0.698105,
	1.57386 0.689363,
	1.57093 0.680339,
	1.56872 0.671092,
	1.56724 0.661686,
	"/>
</Transform>

<Transform dim="1"
 xcoef=" 0.285043218468308 1 0 0 0 0"
 ycoef=" 0.64704810592306 0 1 0 0 0">
<Contour name="D019" hidden="false" closed="true" simplified="true" border="0 0 1" fill="0 0 1" mode="13"
 points="4.32685 5.15976,
	4.32796 5.13795,
	4.33126 5.11652,
	4.3367 5.09586,
	4.34417 5.07634,
	4.35355 5.05832,
	4.36467 5.0421,
	4.37733 5.02798,
	4.3913 5.01622,
	4.40634 5.00701,
	4.42217 5.00053,
	4.43852 4.9969,
	4.45508 4.99617,
	4.47158 4.99835,
	4.4877 5.00342,
	4.50317 5.01128,
	4.51771 5.02179,
	4.53105 5.03476,
	4.54297 5.04996,
	4.55324 5.06712,
	4.56169 5.08594,
	4.56816 5.10607,
	4.57254 5.12716,
	4.57475 5.14883,
	4.57475 5.1707,
	4.57254 5.19237,
	4.56816 5.21346,
	4.56169 5.23359,
	4.55324 5.2524,
	4.54297 5.26956,
	4.53105 5.28476,
	4.51771 5.29774,
	4.50317 5.30824,
	4.4877 5.3161,
	4.47158 5.32117,
	4.45508 5.32336,
	4.43852 5.32263,
	4.42217 5.31899,
	4.40634 5.31251,
	4.3913 5.30331,
	4.37733 5.29154,
	4.36467 5.27743,
	4.35355 5.26121,
	4.34417 5.24318,
	4.3367 5.22367,
	4.33126 5.20301,
	"/>
</Transform>

<Transform dim="1"
 xcoef=" 0.285043218468308 1 0 0 0 0"
 ycoef=" 0.64704810592306 0 1 0 0 0">
<Contour name="D021" hidden="false" closed="true" simplified="true" border="0 0 1" fill="0 0 1" mode="13"
 points="6.12446 7.59197,
	6.12571 7.57589,
	6.12942 7.56016,
	6.13552 7.54512,
	6.14387 7.5311,
	6.1543 7.51841,
	6.16656 7.50733,
	6.18041 7.49809,
	6.19552 7.4909,
	6.21158 7.48592,
	6.22823 7.48325,
	6.24512 7.48295,
	6.26186 7.48503,
	6.2781 7.48945,
	6.29349 7.4961,
	6.30768 7.50484,
	6.32037 7.51548,
	6.33127 7.52779,
	6.34016 7.54151,
	6.34684 7.55632,
	6.35116 7.57191,
	6.35303 7.58794,
	6.3524 7.60405,
	6.3493 7.61991,
	6.34379 7.63515,
	6.33598 7.64945,
	6.32606 7.6625,
	6.31423 7.67401,
	6.30075 7.68372,
	6.28592 7.69144,
	6.27007 7.69699,
	6.25353 7.70024,
	6.23667 7.70114,
	6.21986 7.69965,
	6.20345 7.69581,
	6.18782 7.68971,
	6.17331 7.68148,
	6.16021 7.67129,
	6.14884 7.65937,
	6.13942 7.64598,
	6.13218 7.63141,
	6.12726 7.61599,
	"/>
</Transform>

<Transform dim="1"
 xcoef=" 0.285043218468308 1 0 0 0 0"
 ycoef=" 0.64704810592306 0 1 0 0 0">
<Contour name="D025" hidden="false" closed="true" simplified="true" border="0 0 1" fill="0 0 1" mode="13"
 points="4.09827 4.57714,
	4.09898 4.56746,
	4.10111 4.55807,
	4.1046 4.54922,
	4.10933 4.54117,
	4.11518 4.53416,
	4.12198 4.52839,
	4.12953 4.52402,
	4.13761 4.52117,
	4.146 4.51994,
	4.15444 4.52035,
	4.16271 4.5224,
	4.17055 4.52602,
	4.17775 4.53111,
	4.1841 4.53752,
	4.18941 4.54508,
	4.19353 4.55356,
	4.19635 4.56271,
	4.19778 4.57229,
	4.19778 4.582,
	4.19635 4.59157,
	4.19353 4.60072,
	4.18941 4.6092,
	4.1841 4.61676,
	4.17775 4.62317,
	4.17055 4.62826,
	4.16271 4.63189,
	4.15444 4.63393,
	4.146 4.63434,
	4.13761 4.63311,
	4.12953 4.63027,
	4.12198 4.62589,
	4.11518 4.62012,
	4.10933 4.61311,
	4.1046 4.60506,
	4.10111 4.59621,
	4.09898 4.58682,
	"/>
</Transform>

<Transform dim="1"
 xcoef=" 0.285043218468308 1 0 0 0 0"
 ycoef=" 0.64704810592306 0 1 0 0 0">
<Contour name="D028" hidden="false" closed="true" simplified="true" border="0 0 1" fill="0 0 1" mode="13"
 points="6.68293 6.69263,
	6.6833 6.68566,
	6.6844 6.67875,
	6.68622 6.67196,
	6.68874 6.66534,
	6.69196 6.65896,
	6.69583 6.65286,
	6.70032 6.6471,
	6.7054 6.64174,
	6.71103 6.6368,
	6.71714 6.63234,
	6.7237 6.6284,
	6.73065 6.625,
	6.73793 6.62219,
	6.74547 6.61997,
	6.75321 6.61837,
	6.76109 6.61741,
	6.76903 6.61708,
	6.77698 6.61741,
	6.78485 6.61837,
	6.7926 6.61997,
	6.80014 6.62219,
	6.80741 6.625,
	6.81436 6.6284,
	6.82092 6.63234,
	6.82704 6.6368,
	6.83266 6.64174,
	6.83774 6.6471,
	6.84224 6.65286,
	6.84611 6.65896,
	6.84932 6.66534,
	6.85185 6.67196,
	6.85367 6.67875,
	6.85477 6.68566,
	6.85514 6.69263,
	6.85477 6.6996,
	6.85367 6.70651,
	6.85185 6.71331,
	6.84932 6.71992,
	6.84611 6.72631,
	6.84224 6.7324,
	6.83774 6.73816,
	6.83266 6.74353,
	6.82704 6.74846,
	6.82092 6.75292,
	6.81436 6.75687,
	6.80741 6.76026,
	6.80014 6.76308,
	6.7926 6.7653,
	6.78485 6.7669,
	6.77698 6.76786,
	6.76903 6.76818,
	6.76109 6.76786,
	6.75321 6.7669,
	6.74547 6.7653,
	6.73793 6.76308,
	6.73065 6.76026,
	6.7237 6.75687,
	6.71714 6.75292,
	6.71103 6.74846,
	6.7054 6.74353,
	6.70032 6.73816,
	6.69583 6.7324,
	6.69196 6.72631,
	6.68874 6.71992,
	6.68622 6.71331,
	6.6844 6.70651,
	"/>
</Transform>

<Transform dim="1"
 xcoef=" 0.285043218468308 1 0 0 0 0"
 ycoef=" 0.64704810592306 0 1 0 0 0">
<Contour name="D032" hidden="false" closed="true" simplified="true" border="0 0 1" fill="0 0 1" mode="13"
 points="4.53672 -1.06303,
	4.5382 -1.08675,
	4.54259 -1.10967,
	4.54974 -1.131,
	4.55941 -1.15002,
	4.57126 -1.16607,
	4.5849 -1.17861,
	4.59986 -1.18722,
	4.61563 -1.1916,
	4.63167 -1.1916,
	4.64744 -1.18722,
	4.6624 -1.17861,
	4.67604 -1.16607,
	4.6879 -1.15002,
	4.69757 -1.131,
	4.70472 -1.10967,
	4.70911 -1.08675,
	4.71059 -1.06303,
	4.70911 -1.0393,
	4.70472 -1.01638,
	4.69757 -0.995053,
	4.6879 -0.976038,
	4.67604 -0.959985,
	4.6624 -0.947441,
	4.64744 -0.938834,
	4.63167 -0.934455,
	4.61563 -0.934455,
	4.59986 -0.938834,
	4.5849 -0.947441,
	4.57126 -0.959985,
	4.55941 -0.976038,
	4.54974 -0.995053,
	4.54259 -1.01638,
	4.5382 -1.0393,
	"/>
</Transform>

<Transform dim="1"
 xcoef=" 0.285043218468308 1 0 0 0 0"
 ycoef=" 0.64704810592306 0 1 0 0 0">
<Contour name="D041" hidden="false" closed="true" simplified="true" border="0 0 1" fill="0 0 1" mode="13"
 points="6.07682 0.0562357,
	6.07863 0.0450922,
	6.08404 0.0341919,
	6.09292 0.0237725,
	6.10508 0.0140613,
	6.12025 0.00527029,
	6.13811 -0.00240886,
	6.15826 -0.00880858,
	6.18027 -0.0137892,
	6.20365 -0.0172422,
	6.22789 -0.0190921,
	6.25247 -0.0192986,
	6.27685 -0.0178571,
	6.30049 -0.0147992,
	6.32289 -0.0101916,
	6.34354 -0.0041347,
	6.36201 0.00323927,
	6.37789 0.0117695,
	6.39083 0.0212697,
	6.40055 0.0315329,
	6.40684 0.042335,
	6.40956 0.0534403,
	6.40866 0.0646066,
	6.40414 0.0755903,
	6.39611 0.0861518,
	6.38475 0.0960605,
	6.3703 0.1051,
	6.35308 0.113074,
	6.33346 0.119808,
	6.31188 0.125155,
	6.28879 0.128998,
	6.26472 0.131254,
	6.24017 0.131873,
	6.21569 0.130842,
	6.19182 0.128184,
	6.16906 0.123955,
	6.14793 0.118249,
	6.12887 0.111191,
	6.11231 0.102933,
	6.0986 0.0936567,
	6.08805 0.0835638,
	6.08089 0.0728747,
	"/>
</Transform>

<Transform dim="1"
 xcoef=" 0.285043218468308 1 0 0 0 0"
 ycoef=" 0.64704810592306 0 1 0 0 0">
<Contour name="D043" hidden="false" closed="true" simplified="true" border="0 0 1" fill="0 0 1" mode="13"
 points="0.915979 8.29823,
	0.916728 8.28477,
	0.918966 8.27149,
	0.922663 8.25855,
	0.927771 8.24613,
	0.934224 8.2344,
	0.941937 8.22349,
	0.950811 8.21356,
	0.960728 8.20473,
	0.97156 8.19712,
	0.983166 8.19083,
	0.995395 8.18594,
	1.00809 8.18251,
	1.02108 8.18059,
	1.03419 8.18021,
	1.04727 8.18136,
	1.06013 8.18404,
	1.07261 8.18821,
	1.08455 8.19381,
	1.09578 8.20077,
	1.10618 8.209,
	1.11559 8.21839,
	1.12389 8.22883,
	1.13099 8.24017,
	1.13678 8.25227,
	1.14119 8.26496,
	1.14416 8.27809,
	1.14566 8.29149,
	1.14566 8.30497,
	1.14416 8.31836,
	1.14119 8.33149,
	1.13678 8.34419,
	1.13099 8.35628,
	1.12389 8.36763,
	1.11559 8.37806,
	1.10618 8.38746,
	1.09578 8.39569,
	1.08455 8.40265,
	1.07261 8.40825,
	1.06013 8.41242,
	1.04727 8.41509,
	1.03419 8.41625,
	1.02108 8.41586,
	1.00809 8.41394,
	0.995395 8.41052,
	0.983166 8.40562,
	0.97156 8.39933,
	0.960728 8.39172,
	0.950811 8.3829,
	0.941937 8.37297,
	0.934224 8.36206,
	0.927771 8.35032,
	0.922663 8.3379,
	0.918966 8.32497,
	"/>
</Transform>

<Transform dim="1"
 xcoef=" 0.285043218468308 1 0 0 0 0"
 ycoef=" 0.64704810592306 0 1 0 0 0">
<Contour name="D044" hidden="false" closed="true" simplified="true" border="0 0 1" fill="0 0 1" mode="13"
 points="-0.144758 6.53503,
	-0.14282 6.51984,
	-0.137053 6.50502,
	-0.127595 6.49093,
	-0.114673 6.47789,
	-0.0985986 6.46622,
	-0.0797567 6.4562,
	-0.0586004 6.44808,
	-0.0356377 6.44205,
	-0.0114203 6.43825,
	0.0134701 6.43678,
	0.0384357 6.43766,
	0.0628768 6.44089,
	0.0862063 6.44637,
	0.107864 6.45399,
	0.127329 6.46355,
	0.144135 6.47483,
	0.157877 6.48755,
	0.168225 6.50142,
	0.174932 6.51609,
	0.177835 6.53122,
	0.176865 6.54644,
	0.172046 6.56138,
	0.163493 6.57569,
	0.151411 6.58903,
	0.136091 6.60107,
	0.117901 6.61152,
	0.0972776 6.62013,
	0.0747163 6.6267,
	0.050759 6.63107,
	0.0259811 6.63313,
	0.000977928 6.63284,
	-0.0236501 6.63019,
	-0.0473112 6.62526,
	-0.0694373 6.61816,
	-0.0894967 6.60907,
	-0.107008 6.5982,
	-0.12155 6.58581,
	-0.132773 6.5722,
	-0.140409 6.55769,
	"/>
</Transform>

<Transform dim="1"
 xcoef=" 0.285043218468308 1 0 0 0 0"
 ycoef=" 0.64704810592306 0 1 0 0 0">
<Contour name="D045" hidden="false" closed="true" simplified="true" border="0 0 1" fill="0 0 1" mode="13"
 points="2.96511 8.21361,
	2.96611 8.201,
	2.96909 8.18863,
	2.97399 8.17675,
	2.98072 8.16559,
	2.98914 8.15537,
	2.99909 8.14627,
	3.01038 8.13849,
	3.02279 8.13217,
	3.03607 8.12743,
	3.04997 8.12437,
	3.06422 8.12305,
	3.07854 8.12349,
	3.09265 8.12569,
	3.10628 8.1296,
	3.11915 8.13514,
	3.13103 8.14221,
	3.14168 8.15066,
	3.15089 8.16035,
	3.15848 8.17107,
	3.16431 8.18262,
	3.16826 8.19477,
	3.17025 8.20729,
	3.17025 8.21993,
	3.16826 8.23245,
	3.16431 8.2446,
	3.15848 8.25615,
	3.15089 8.26687,
	3.14168 8.27655,
	3.13103 8.28501,
	3.11915 8.29208,
	3.10628 8.29762,
	3.09265 8.30153,
	3.07854 8.30372,
	3.06422 8.30417,
	3.04997 8.30284,
	3.03607 8.29979,
	3.02279 8.29505,
	3.01038 8.28873,
	2.99909 8.28095,
	2.98914 8.27185,
	2.98072 8.26163,
	2.97399 8.25046,
	2.96909 8.23858,
	"/>
</Transform>

<Transform dim="1"
 xcoef=" 0.285043218468308 1 0 0 0 0"
 ycoef=" 0.64704810592306 0 1 0 0 0">
<Contour name="D046" hidden="false" closed="true" simplified="true" border="0 0 1" fill="0 0 1" mode="13"
 points="12.9414 3.20593,
	12.9424 3.19251,
	12.9456 3.17944,
	12.9508 3.16709,
	12.9579 3.15576,
	12.9667 3.14577,
	12.977 3.13737,
	12.9884 3.1308,
	13.0008 3.12623,
	13.0137 3.12377,
	13.0268 3.12349,
	13.0398 3.12541,
	13.0523 3.12946,
	13.064 3.13555,
	13.0746 3.14351,
	13.0838 3.15313,
	13.0913 3.16415,
	13.097 3.17628,
	13.1007 3.18919,
	13.1023 3.20256,
	13.1018 3.21601,
	13.0991 3.22919,
	13.0944 3.24176,
	13.0878 3.25337,
	13.0794 3.26372,
	13.0695 3.27254,
	13.0583 3.27959,
	13.0461 3.28468,
	13.0333 3.28767,
	13.0202 3.2885,
	13.0072 3.28712,
	12.9945 3.2836,
	12.9826 3.278,
	12.9717 3.27049,
	12.9621 3.26127,
	12.9542 3.25058,
	12.948 3.23869,
	12.9438 3.22594,
	"/>
</Transform>

<Transform dim="1"
 xcoef=" 0.285043218468308 1 0 0 0 0"
 ycoef=" 0.64704810592306 0 1 0 0 0">
<Contour name="D047" hidden="false" closed="true" simplified="true" border="0 0 1" fill="0 0 1" mode="13"
 points="3.14606 6.91565,
	3.14677 6.90171,
	3.1489 6.88804,
	3.1524 6.87494,
	3.15719 6.86267,
	3.16319 6.85148,
	3.17026 6.84159,
	3.17827 6.83321,
	3.18705 6.82651,
	3.19642 6.82162,
	3.2062 6.81865,
	3.21618 6.81765,
	3.22615 6.81865,
	3.23593 6.82162,
	3.2453 6.82651,
	3.25408 6.83321,
	3.26209 6.84159,
	3.26917 6.85148,
	3.27516 6.86267,
	3.27996 6.87494,
	3.28345 6.88804,
	3.28558 6.90171,
	3.28629 6.91565,
	3.28558 6.9296,
	3.28345 6.94327,
	3.27996 6.95637,
	3.27516 6.96864,
	3.26917 6.97983,
	3.26209 6.98972,
	3.25408 6.9981,
	3.2453 7.0048,
	3.23593 7.00969,
	3.22615 7.01266,
	3.21618 7.01366,
	3.2062 7.01266,
	3.19642 7.00969,
	3.18705 7.0048,
	3.17827 6.9981,
	3.17026 6.98972,
	3.16319 6.97983,
	3.15719 6.96864,
	3.1524 6.95637,
	3.1489 6.94327,
	3.14677 6.9296,
	"/>
</Transform>

<Transform dim="1"
 xcoef=" 0.285043218468308 1 0 0 0 0"
 ycoef=" 0.64704810592306 0 1 0 0 0">
<Contour name="D034" hidden="false" closed="true" simplified="true" border="0 0 1" fill="0 0 1" mode="13"
 points="9.46635 3.53244,
	9.46761 3.51796,
	9.47134 3.50373,
	9.47749 3.49001,
	9.48595 3.47702,
	9.49657 3.46501,
	9.50917 3.45417,
	9.52352 3.4447,
	9.53938 3.43676,
	9.55646 3.4305,
	9.57448 3.42601,
	9.59311 3.42339,
	9.61203 3.42267,
	9.63091 3.42387,
	9.64941 3.42696,
	9.66722 3.4319,
	9.68403 3.43859,
	9.69954 3.44693,
	9.71347 3.45676,
	9.72559 3.46791,
	9.73569 3.48019,
	9.74359 3.49338,
	9.74914 3.50725,
	9.75226 3.52157,
	9.75288 3.53607,
	9.75101 3.55051,
	9.74666 3.56464,
	9.73992 3.5782,
	9.73091 3.59096,
	9.71977 3.6027,
	9.70672 3.61322,
	9.69196 3.62232,
	9.67577 3.62985,
	9.65842 3.63568,
	9.64023 3.6397,
	9.62149 3.64186,
	9.60255 3.6421,
	9.58374 3.64042,
	9.56538 3.63686,
	9.54779 3.63147,
	9.53128 3.62435,
	9.51614 3.61563,
	9.50264 3.60545,
	9.491 3.594,
	9.48144 3.58147,
	9.47412 3.56809,
	9.46917 3.55408,
	"/>
</Transform>

<Transform dim="1"
 xcoef=" 0.285043218468308 1 0 0 0 0"
 ycoef=" 0.64704810592306 0 1 0 0 0">
<Contour name="D035" hidden="false" closed="true" simplified="true" border="0 0 1" fill="0 0 1" mode="13"
 points="7.49764 2.99003,
	7.49878 2.98169,
	7.50217 2.97351,
	7.50775 2.96568,
	7.5154 2.95834,
	7.52497 2.95164,
	7.53626 2.94573,
	7.54904 2.94072,
	7.56305 2.93671,
	7.57801 2.93379,
	7.59361 2.93201,
	7.60954 2.93141,
	7.62546 2.93201,
	7.64106 2.93379,
	7.65602 2.93671,
	7.67003 2.94072,
	7.68282 2.94573,
	7.6941 2.95164,
	7.70367 2.95834,
	7.71132 2.96568,
	7.7169 2.97351,
	7.7203 2.98169,
	7.72144 2.99003,
	7.7203 2.99837,
	7.7169 3.00654,
	7.71132 3.01438,
	7.70367 3.02172,
	7.6941 3.02841,
	7.68282 3.03432,
	7.67003 3.03934,
	7.65602 3.04334,
	7.64106 3.04627,
	7.62546 3.04804,
	7.60954 3.04864,
	7.59361 3.04804,
	7.57801 3.04627,
	7.56305 3.04334,
	7.54904 3.03934,
	7.53626 3.03432,
	7.52497 3.02841,
	7.5154 3.02172,
	7.50775 3.01438,
	7.50217 3.00654,
	7.49878 2.99837,
	"/>
</Transform>

<Transform dim="1"
 xcoef=" 0.285043218468308 1 0 0 0 0"
 ycoef=" 0.64704810592306 0 1 0 0 0">
<Contour name="D039" hidden="false" closed="true" simplified="true" border="0 0 1" fill="0 0 1" mode="13"
 points="8.11736 0.996267,
	8.11818 0.98372,
	8.12063 0.971417,
	8.12466 0.959597,
	8.1302 0.948492,
	8.13713 0.938316,
	8.14532 0.929269,
	8.15461 0.921525,
	8.16483 0.915236,
	8.17576 0.910524,
	8.1872 0.907482,
	8.19893 0.906167,
	8.21071 0.906606,
	8.22232 0.90879,
	8.23354 0.912677,
	8.24414 0.91819,
	8.25391 0.925224,
	8.26267 0.93364,
	8.27025 0.943275,
	8.2765 0.953942,
	8.2813 0.965432,
	8.28455 0.977522,
	8.28619 0.989978,
	8.28619 1.00256,
	8.28455 1.01501,
	8.2813 1.0271,
	8.2765 1.03859,
	8.27025 1.04926,
	8.26267 1.05889,
	8.25391 1.06731,
	8.24414 1.07434,
	8.23354 1.07986,
	8.22232 1.08374,
	8.21071 1.08593,
	8.19893 1.08637,
	8.1872 1.08505,
	8.17576 1.08201,
	8.16483 1.0773,
	8.15461 1.07101,
	8.14532 1.06326,
	8.13713 1.05422,
	8.1302 1.04404,
	8.12466 1.03294,
	8.12063 1.02112,
	"/>
</Transform>

<Transform dim="1"
 xcoef=" 0.285043218468308 1 0 0 0 0"
 ycoef=" 0.64704810592306 0 1 0 0 0">
<Contour name="D049" hidden="false" closed="true" simplified="true" border="0 0 1" fill="0 0 1" mode="13"
 points="10.5291 0.926698,
	10.5297 0.913017,
	10.5318 0.899525,
	10.5352 0.886407,
	10.5399 0.873843,
	10.5458 0.862009,
	10.5529 0.851065,
	10.561 0.841163,
	10.57 0.83244,
	10.5799 0.825015,
	10.5904 0.818991,
	10.6015 0.814452,
	10.6129 0.811458,
	10.6246 0.810052,
	10.6363 0.810253,
	10.648 0.812059,
	10.6593 0.815444,
	10.6703 0.820361,
	10.6807 0.826744,
	10.6903 0.834503,
	10.6992 0.843533,
	10.707 0.853709,
	10.7138 0.86489,
	10.7194 0.876923,
	10.7238 0.889641,
	10.7268 0.90287,
	10.7286 0.916427,
	10.7289 0.930126,
	10.7279 0.943777,
	10.7255 0.957194,
	10.7218 0.97019,
	10.7168 0.982587,
	10.7105 0.994214,
	10.7032 1.00491,
	10.6949 1.01453,
	10.6856 1.02294,
	10.6756 1.03002,
	10.6649 1.03568,
	10.6537 1.03984,
	10.6422 1.04244,
	10.6305 1.04345,
	10.6188 1.04284,
	10.6072 1.04064,
	10.5959 1.03686,
	10.5851 1.03157,
	10.5749 1.02484,
	10.5654 1.01675,
	10.5568 1.00742,
	10.5492 0.996981,
	10.5427 0.985572,
	10.5374 0.973352,
	10.5333 0.960489,
	10.5306 0.947161,
	"/>
</Transform>

<Transform dim="1"
 xcoef=" 0.285043218468308 1 0 0 0 0"
 ycoef=" 0.64704810592306 0 1 0 0 0">
<Contour name="D055" hidden="false" closed="true" simplified="true" border="0 0 1" fill="0 0 1" mode="13"
 points="1.06632 2.6665,
	1.06985 2.65213,
	1.08021 2.63862,
	1.09678 2.6268,
	1.11857 2.61737,
	1.14425 2.61092,
	1.17227 2.60782,
	1.20094 2.60826,
	1.22853 2.61223,
	1.25338 2.61947,
	1.27397 2.62955,
	1.28907 2.64187,
	1.29777 2.65567,
	1.29953 2.67013,
	1.29426 2.68437,
	1.28227 2.69753,
	1.26429 2.70881,
	1.2414 2.71754,
	1.21498 2.72319,
	1.18663 2.72541,
	1.15807 2.72408,
	1.13101 2.71926,
	1.1071 2.71126,
	1.08778 2.70056,
	1.0742 2.68779,
	"/>
</Transform>

<Transform dim="1"
 xcoef=" 0.285043218468308 1 0 0 0 0"
 ycoef=" 0.64704810592306 0 1 0 0 0">
<Contour name="D057" hidden="false" closed="true" simplified="true" border="0 0 1" fill="0 0 1" mode="11"
 points="6.4313 9.40967,
	6.43215 9.3972,
	6.43468 9.38491,
	6.43886 9.37298,
	6.44463 9.36158,
	6.45191 9.35089,
	6.46058 9.34105,
	6.47052 9.33222,
	6.48158 9.32451,
	6.49361 9.31804,
	6.50643 9.31292,
	6.51986 9.3092,
	6.53368 9.30695,
	6.54772 9.30619,
	6.56175 9.30695,
	6.57558 9.3092,
	6.589 9.31292,
	6.60182 9.31804,
	6.61385 9.32451,
	6.62491 9.33222,
	6.63485 9.34105,
	6.64352 9.35089,
	6.6508 9.36158,
	6.65657 9.37298,
	6.66075 9.38491,
	6.66328 9.3972,
	6.66413 9.40967,
	6.66328 9.42215,
	6.66075 9.43444,
	6.65657 9.44637,
	6.6508 9.45776,
	6.64352 9.46846,
	6.63485 9.47829,
	6.62491 9.48713,
	6.61385 9.49484,
	6.60182 9.5013,
	6.589 9.50643,
	6.57558 9.51015,
	6.56175 9.5124,
	6.54772 9.51315,
	6.53368 9.5124,
	6.51986 9.51015,
	6.50643 9.50643,
	6.49361 9.5013,
	6.48158 9.49484,
	6.47052 9.48713,
	6.46058 9.47829,
	6.45191 9.46846,
	6.44463 9.45776,
	6.43886 9.44637,
	6.43468 9.43444,
	6.43215 9.42215,
	"/>
</Transform>

<Transform dim="1"
 xcoef=" 0.285043218468308 1 0 0 0 0"
 ycoef=" 0.64704810592306 0 1 0 0 0">
<Contour name="D058" hidden="false" closed="true" simplified="true" border="0 0 1" fill="0 0 1" mode="11"
 points="5.24623 11.0305,
	5.24909 11.0107,
	5.25752 10.992,
	5.27102 10.9756,
	5.28882 10.9624,
	5.30986 10.9532,
	5.33294 10.9484,
	5.35671 10.9484,
	5.37979 10.9532,
	5.40084 10.9624,
	5.41863 10.9756,
	5.43214 10.992,
	5.44057 11.0107,
	5.44343 11.0305,
	5.44057 11.0503,
	5.43214 11.0689,
	5.41863 11.0853,
	5.40084 11.0985,
	5.37979 11.1078,
	5.35671 11.1126,
	5.33294 11.1126,
	5.30986 11.1078,
	5.28882 11.0985,
	5.27102 11.0853,
	5.25752 11.0689,
	5.24909 11.0503,
	"/>
</Transform>

<Transform dim="1"
 xcoef=" 0.285043218468308 1 0 0 0 0"
 ycoef=" 0.64704810592306 0 1 0 0 0">
<Contour name="D057 ax01" hidden="false" closed="true" simplified="false" border="0 1 1" fill="0 1 1" mode="-9"
 points="3.97822 7.55583,
	3.99408 7.53997,
	3.93065 7.47655,
	3.94651 7.46069,
	4.00993 7.52411,
	4.02579 7.50826,
	4.02579 7.55583,
	"/>
</Transform>

<Transform dim="1"
 xcoef=" 0.315043218468309 1 0 0 0 0"
 ycoef=" 0.64704810592306 0 1 0 0 0">
<Contour name="d046_o32" hidden="false" closed="true" simplified="false" border="1 0 0" fill="1 0 0" mode="-13"
 points="13.6638 3.32866,
	13.6872 3.32866,
	13.6755 3.35016,
	"/>
</Transform>

<Transform dim="1"
 xcoef=" 0.285043218468308 1 0 0 0 0"
 ycoef=" 0.64704810592306 0 1 0 0 0">
<Contour name="d046" hidden="false" closed="true" simplified="true" border="1 1 0" fill="1 1 0" mode="11"
 points="12.6349 3.32768,
	12.6385 3.32234,
	12.6404 3.31967,
	12.6407 3.319,
	12.6514 3.31183,
	12.6567 3.30832,
	12.658 3.30749,
	12.6607 3.30515,
	12.662 3.30415,
	12.6627 3.30349,
	12.6664 3.29815,
	12.6682 3.29548,
	12.6689 3.29415,
	12.6719 3.28347,
	12.6722 3.28213,
	12.6752 3.2768,
	12.6817 3.26612,
	12.6824 3.26479,
	12.6867 3.25945,
	12.6889 3.25678,
	12.6901 3.25544,
	12.6927 3.25328,
	12.6941 3.25211,
	12.6994 3.24944,
	12.7021 3.2481,
	12.7074 3.24627,
	12.7101 3.24543,
	12.7114 3.2451,
	12.7141 3.24377,
	12.7154 3.2431,
	12.7181 3.24293,
	12.7234 3.24043,
	12.7261 3.23926,
	12.7368 3.23676,
	12.7421 3.23593,
	12.7435 3.23576,
	12.7441 3.23576,
	12.7655 3.22909,
	12.7708 3.22759,
	12.7735 3.22692,
	12.7741 3.22675,
	12.7753 3.22558,
	12.776 3.22525,
	12.7813 3.22442,
	12.784 3.22392,
	12.8053 3.21658,
	12.816 3.21291,
	12.8214 3.21074,
	12.832 3.2054,
	12.8374 3.20273,
	12.8427 3.19973,
	12.8454 3.19806,
	12.8507 3.19339,
	12.8534 3.19105,
	12.8581 3.18571,
	12.8602 3.18305,
	12.8609 3.18238,
	12.8622 3.17971,
	12.8629 3.17838,
	12.8632 3.17771,
	12.8677 3.17237,
	12.8699 3.1697,
	12.8806 3.15969,
	12.8859 3.15469,
	12.8871 3.15335,
	12.8904 3.14801,
	12.8921 3.14535,
	12.9014 3.13467,
	12.9061 3.12933,
	12.9111 3.12399,
	12.9138 3.12132,
	12.9151 3.11999,
	12.9276 3.09864,
	12.9306 3.0933,
	12.932 3.09063,
	12.9358 3.08529,
	12.9365 3.08396,
	12.9368 3.08329,
	12.9418 3.07795,
	12.9441 3.07528,
	12.9455 3.07412,
	12.9561 3.06861,
	12.9615 3.06577,
	12.9828 3.05593,
	12.9935 3.05109,
	12.9962 3.04993,
	12.9968 3.04959,
	13.0075 3.04926,
	13.0129 3.04893,
	13.0235 3.05009,
	13.0249 3.05009,
	13.0255 3.05009,
	13.0469 3.05927,
	13.0576 3.06377,
	13.0602 3.06477,
	13.0709 3.06678,
	13.0763 3.06778,
	13.0976 3.06828,
	13.1083 3.06861,
	13.119 3.06861,
	13.1216 3.06861,
	13.127 3.06928,
	13.1296 3.06961,
	13.1403 3.07328,
	13.1456 3.07512,
	13.1483 3.07628,
	13.1537 3.07929,
	13.1563 3.08079,
	13.1617 3.08279,
	13.1643 3.08379,
	13.1697 3.08646,
	13.1723 3.08779,
	13.175 3.08863,
	13.1857 3.09096,
	13.191 3.09196,
	13.1964 3.09263,
	13.199 3.09297,
	13.2097 3.09196,
	13.215 3.09146,
	13.2257 3.0898,
	13.2364 3.0893,
	13.2417 3.08913,
	13.2844 3.0933,
	13.2951 3.09463,
	13.2978 3.09497,
	13.2991 3.09513,
	13.3045 3.09413,
	13.3071 3.09363,
	13.3178 3.08946,
	13.3285 3.08496,
	13.3338 3.08262,
	13.3365 3.08129,
	13.3378 3.08062,
	13.3432 3.07945,
	13.3458 3.07895,
	13.3472 3.07879,
	13.3525 3.07929,
	13.3552 3.07945,
	13.3578 3.07995,
	13.3605 3.08079,
	13.3712 3.08613,
	13.3765 3.08879,
	13.3872 3.0958,
	13.3925 3.0993,
	13.3979 3.10314,
	13.4085 3.11148,
	13.4112 3.11348,
	13.4137 3.11599,
	13.4191 3.11982,
	13.4217 3.12166,
	13.4324 3.12766,
	13.4351 3.12933,
	13.4377 3.1305,
	13.4431 3.13217,
	13.4444 3.13267,
	13.4471 3.1345,
	13.4578 3.13751,
	13.4591 3.13784,
	13.4598 3.13801,
	13.4624 3.13984,
	13.4678 3.14151,
	13.4704 3.14234,
	13.4811 3.14835,
	13.4865 3.15135,
	13.4878 3.15202,
	13.4985 3.15936,
	13.5038 3.16303,
	13.5051 3.16403,
	13.5158 3.1692,
	13.5265 3.17304,
	13.5292 3.17437,
	13.5305 3.17454,
	13.5318 3.17554,
	13.5325 3.17604,
	13.5432 3.17904,
	13.5485 3.18054,
	13.5538 3.18238,
	13.5565 3.18338,
	13.5578 3.18388,
	13.5585 3.18421,
	13.5599 3.18421,
	13.5605 3.18421,
	13.5609 3.18421,
	13.5635 3.18605,
	13.5649 3.18638,
	13.5662 3.18638,
	13.5689 3.18822,
	13.5702 3.18855,
	13.5709 3.18872,
	13.5762 3.19222,
	13.5789 3.19389,
	13.5802 3.19406,
	13.5829 3.19589,
	13.5842 3.19689,
	13.5869 3.19773,
	13.5976 3.20607,
	13.6029 3.21074,
	13.6042 3.21191,
	13.6051 3.21457,
	13.6094 3.21991,
	13.6116 3.22258,
	13.6152 3.22792,
	13.6172 3.23059,
	13.6234 3.24126,
	13.6266 3.2466,
	13.6307 3.25194,
	13.6329 3.25461,
	13.6381 3.25995,
	13.6408 3.26262,
	13.6421 3.26395,
	13.6528 3.27163,
	13.6581 3.27563,
	13.6608 3.27713,
	13.6661 3.27947,
	13.6688 3.28063,
	13.6715 3.2823,
	13.6716 3.28247,
	13.6718 3.2833,
	13.6713 3.28597,
	13.671 3.28664,
	13.671 3.28797,
	13.6699 3.29331,
	13.6699 3.29398,
	13.6696 3.29465,
	13.6691 3.29998,
	13.6689 3.30532,
	13.6684 3.31066,
	13.6683 3.316,
	13.6674 3.32667,
	13.6673 3.34803,
	13.6673 3.3587,
	13.6671 3.36137,
	13.6666 3.36404,
	13.6664 3.37472,
	13.6666 3.38006,
	13.6669 3.38272,
	13.6671 3.38406,
	13.6674 3.38473,
	13.6679 3.3874,
	13.6679 3.38806,
	13.6689 3.39073,
	13.6694 3.39207,
	13.6698 3.39257,
	13.6594 3.40341,
	13.6541 3.40875,
	13.6498 3.41392,
	13.6471 3.41625,
	13.6458 3.41742,
	13.6351 3.42343,
	13.6344 3.42393,
	13.6341 3.42426,
	13.6314 3.4251,
	13.6301 3.4261,
	13.6297 3.42643,
	13.6271 3.42726,
	13.6217 3.43027,
	13.6191 3.43177,
	13.6137 3.4341,
	13.6111 3.43527,
	13.6004 3.44144,
	13.5897 3.44795,
	13.5844 3.45129,
	13.579 3.45512,
	13.5577 3.46713,
	13.547 3.47314,
	13.5457 3.47397,
	13.543 3.47481,
	13.5377 3.47781,
	13.527 3.48215,
	13.5216 3.48432,
	13.5003 3.49065,
	13.4896 3.49382,
	13.4789 3.49766,
	13.4736 3.49966,
	13.4683 3.50283,
	13.4669 3.5035,
	13.4656 3.50367,
	13.4643 3.50467,
	13.4636 3.50517,
	13.4623 3.50533,
	13.4516 3.51184,
	13.4409 3.51718,
	13.4382 3.51951,
	13.4356 3.52118,
	13.4342 3.52202,
	13.4242 3.53269,
	13.4194 3.53803,
	13.4092 3.54871,
	13.407 3.55138,
	13.3857 3.56772,
	13.3804 3.57223,
	13.375 3.5774,
	13.3723 3.5789,
	13.367 3.58124,
	13.3657 3.58174,
	13.355 3.58274,
	13.3497 3.58324,
	13.3283 3.58374,
	13.3176 3.5839,
	13.315 3.5839,
	13.3136 3.5839,
	13.3083 3.5849,
	13.3056 3.58541,
	13.3003 3.58774,
	13.2949 3.58857,
	13.2923 3.58891,
	13.2869 3.58891,
	13.2843 3.58891,
	13.2829 3.58891,
	13.2723 3.58707,
	13.2669 3.58624,
	13.2643 3.58591,
	13.2589 3.58574,
	13.2576 3.58557,
	13.2469 3.58707,
	13.2416 3.58841,
	13.2402 3.58874,
	13.2349 3.59191,
	13.2296 3.59425,
	13.2269 3.59541,
	13.2242 3.59708,
	13.2229 3.59742,
	13.2222 3.59775,
	13.221 3.59908,
	13.2204 3.59975,
	13.215 3.60242,
	13.2124 3.60376,
	13.211 3.60426,
	13.2057 3.60509,
	13.2004 3.60626,
	13.1977 3.60676,
	13.1763 3.60776,
	13.1657 3.60826,
	13.163 3.60843,
	13.1523 3.60793,
	13.147 3.60776,
	13.1363 3.60592,
	13.115 3.59925,
	13.1043 3.59591,
	13.0989 3.59341,
	13.0562 3.57857,
	13.0456 3.5749,
	13.0429 3.5739,
	13.0416 3.57339,
	13.0309 3.57156,
	13.0255 3.57056,
	13.0229 3.56939,
	13.0202 3.56889,
	13.0149 3.56839,
	13.0042 3.56472,
	12.9988 3.56389,
	12.9775 3.55805,
	12.9748 3.55738,
	12.9695 3.55538,
	12.9668 3.55438,
	12.9662 3.55404,
	12.9635 3.55371,
	12.9622 3.55354,
	12.9615 3.55354,
	12.9588 3.55238,
	12.9575 3.55188,
	12.9361 3.54837,
	12.9148 3.54387,
	12.8721 3.53069,
	12.8614 3.52619,
	12.8561 3.52385,
	12.8534 3.52268,
	12.848 3.51968,
	12.8454 3.51818,
	12.844 3.51751,
	12.8387 3.51367,
	12.8334 3.51017,
	12.812 3.50917,
	12.8013 3.50867,
	12.7987 3.5085,
	12.788 3.50667,
	12.7827 3.50583,
	12.7813 3.50567,
	12.776 3.5035,
	12.7706 3.5,
	12.7653 3.49683,
	12.7626 3.49516,
	12.7613 3.49432,
	12.7586 3.49216,
	12.7561 3.48965,
	12.7556 3.48899,
	12.7503 3.48632,
	12.7476 3.48498,
	12.7463 3.48432,
	12.741 3.48265,
	12.7356 3.48165,
	12.7343 3.48148,
	12.7336 3.48131,
	12.7123 3.48598,
	12.7016 3.48832,
	12.6989 3.48882,
	12.6936 3.48915,
	12.6909 3.48949,
	12.6856 3.48882,
	12.6749 3.48415,
	12.6722 3.48265,
	12.6669 3.47864,
	12.6642 3.47664,
	12.6619 3.47397,
	12.6609 3.47264,
	12.6582 3.47014,
	12.6569 3.46747,
	12.6562 3.46613,
	12.6559 3.46546,
	12.6547 3.46413,
	12.6532 3.45879,
	12.6524 3.45612,
	12.6515 3.45079,
	12.6512 3.44812,
	12.651 3.44678,
	12.6519 3.44144,
	12.6522 3.43877,
	12.6554 3.4281,
	12.657 3.42276,
	12.6597 3.41208,
	12.661 3.40675,
	12.6617 3.40408,
	12.6622 3.39874,
	12.6624 3.39607,
	12.6625 3.39474,
	12.662 3.3894,
	12.6619 3.38673,
	12.6619 3.38606,
	12.6592 3.38072,
	12.6579 3.37805,
	12.6515 3.36738,
	12.6484 3.36204,
	12.6425 3.35136,
	12.6397 3.34602,
	12.6372 3.34069,
	12.6367 3.33935,
	12.6364 3.33868,
	12.6357 3.33335,
	12.6355 3.33068,
	12.6349 3.32801,
	12.6349 3.32784,
	"/>
<Contour name="Copy of d046_i16_p32" hidden="false" closed="true" simplified="true" border="1 1 0" fill="1 1 0" mode="11"
 points="12.6349 3.32768,
	12.6385 3.32234,
	12.6404 3.31967,
	12.6407 3.319,
	12.6514 3.31183,
	12.6567 3.30832,
	12.658 3.30749,
	12.6607 3.30515,
	12.662 3.30415,
	12.6627 3.30349,
	12.6664 3.29815,
	12.6682 3.29548,
	12.6689 3.29415,
	12.6719 3.28347,
	12.6722 3.28213,
	12.6752 3.2768,
	12.6817 3.26612,
	12.6824 3.26479,
	12.6867 3.25945,
	12.6889 3.25678,
	12.6901 3.25544,
	12.6927 3.25328,
	12.6941 3.25211,
	12.6994 3.24944,
	12.7021 3.2481,
	12.7074 3.24627,
	12.7101 3.24543,
	12.7114 3.2451,
	12.7141 3.24377,
	12.7154 3.2431,
	12.7181 3.24293,
	12.7234 3.24043,
	12.7261 3.23926,
	12.7368 3.23676,
	12.7421 3.23593,
	12.7435 3.23576,
	12.7441 3.23576,
	12.7655 3.22909,
	12.7708 3.22759,
	12.7735 3.22692,
	12.7741 3.22675,
	12.7753 3.22558,
	12.776 3.22525,
	12.7813 3.22442,
	12.784 3.22392,
	12.8053 3.21658,
	12.816 3.21291,
	12.8214 3.21074,
	12.832 3.2054,
	12.8374 3.20273,
	12.8427 3.19973,
	12.8454 3.19806,
	12.8507 3.19339,
	12.8534 3.19105,
	12.8581 3.18571,
	12.8602 3.18305,
	12.8609 3.18238,
	12.8622 3.17971,
	12.8629 3.17838,
	12.8632 3.17771,
	12.8677 3.17237,
	12.8699 3.1697,
	12.8806 3.15969,
	12.8859 3.15469,
	12.8871 3.15335,
	12.8904 3.14801,
	12.8921 3.14535,
	12.9014 3.13467,
	12.9061 3.12933,
	12.9111 3.12399,
	12.9138 3.12132,
	12.9151 3.11999,
	12.9276 3.09864,
	12.9306 3.0933,
	12.932 3.09063,
	12.9358 3.08529,
	12.9365 3.08396,
	12.9368 3.08329,
	12.9418 3.07795,
	12.9441 3.07528,
	12.9455 3.07412,
	12.9561 3.06861,
	12.9615 3.06577,
	12.9828 3.05593,
	12.9935 3.05109,
	12.9962 3.04993,
	12.9968 3.04959,
	13.0075 3.04926,
	13.0129 3.04893,
	13.0235 3.05009,
	13.0249 3.05009,
	13.0255 3.05009,
	13.0469 3.05927,
	13.0576 3.06377,
	13.0602 3.06477,
	13.0709 3.06678,
	13.0763 3.06778,
	13.0976 3.06828,
	13.1083 3.06861,
	13.119 3.06861,
	13.1216 3.06861,
	13.127 3.06928,
	13.1296 3.06961,
	13.1403 3.07328,
	13.1456 3.07512,
	13.1483 3.07628,
	13.1537 3.07929,
	13.1563 3.08079,
	13.1617 3.08279,
	13.1643 3.08379,
	13.1697 3.08646,
	13.1723 3.08779,
	13.175 3.08863,
	13.1857 3.09096,
	13.191 3.09196,
	13.1964 3.09263,
	13.199 3.09297,
	13.2097 3.09196,
	13.215 3.09146,
	13.2257 3.0898,
	13.2364 3.0893,
	13.2417 3.08913,
	13.2844 3.0933,
	13.2951 3.09463,
	13.2978 3.09497,
	13.2991 3.09513,
	13.3045 3.09413,
	13.3071 3.09363,
	13.3178 3.08946,
	13.3285 3.08496,
	13.3338 3.08262,
	13.3365 3.08129,
	13.3378 3.08062,
	13.3432 3.07945,
	13.3458 3.07895,
	13.3472 3.07879,
	13.3525 3.07929,
	13.3552 3.07945,
	13.3578 3.07995,
	13.3605 3.08079,
	13.3712 3.08613,
	13.3765 3.08879,
	13.3872 3.0958,
	13.3925 3.0993,
	13.3979 3.10314,
	13.4085 3.11148,
	13.4112 3.11348,
	13.4137 3.11599,
	13.4191 3.11982,
	13.4217 3.12166,
	13.4324 3.12766,
	13.4351 3.12933,
	13.4377 3.1305,
	13.4431 3.13217,
	13.4444 3.13267,
	13.4471 3.1345,
	13.4578 3.13751,
	13.4591 3.13784,
	13.4598 3.13801,
	13.4624 3.13984,
	13.4678 3.14151,
	13.4704 3.14234,
	13.4811 3.14835,
	13.4865 3.15135,
	13.4878 3.15202,
	13.4985 3.15936,
	13.5038 3.16303,
	13.5051 3.16403,
	13.5158 3.1692,
	13.5265 3.17304,
	13.5292 3.17437,
	13.5305 3.17454,
	13.5318 3.17554,
	13.5325 3.17604,
	13.5432 3.17904,
	13.5485 3.18054,
	13.5538 3.18238,
	13.5565 3.18338,
	13.5578 3.18388,
	13.5585 3.18421,
	13.5599 3.18421,
	13.5605 3.18421,
	13.5609 3.18421,
	13.5635 3.18605,
	13.5649 3.18638,
	13.5662 3.18638,
	13.5689 3.18822,
	13.5702 3.18855,
	13.5709 3.18872,
	13.5762 3.19222,
	13.5789 3.19389,
	13.5802 3.19406,
	13.5829 3.19589,
	13.5842 3.19689,
	13.5869 3.19773,
	13.5976 3.20607,
	13.6029 3.21074,
	13.6042 3.21191,
	13.6051 3.21457,
	13.6094 3.21991,
	13.6116 3.22258,
	13.6152 3.22792,
	13.6172 3.23059,
	13.6234 3.24126,
	13.6266 3.2466,
	13.6307 3.25194,
	13.6329 3.25461,
	13.6381 3.25995,
	13.6408 3.26262,
	13.6421 3.26395,
	13.6528 3.27163,
	13.6581 3.27563,
	13.6608 3.27713,
	13.6661 3.27947,
	13.6688 3.28063,
	13.6715 3.2823,
	13.6716 3.28247,
	13.6718 3.2833,
	13.6713 3.28597,
	13.671 3.28664,
	13.671 3.28797,
	13.6699 3.29331,
	13.6699 3.29398,
	13.6696 3.29465,
	13.6691 3.29998,
	13.6689 3.30532,
	13.6684 3.31066,
	13.6683 3.316,
	13.6674 3.32667,
	13.6673 3.34803,
	13.6673 3.3587,
	13.6671 3.36137,
	13.6666 3.36404,
	13.6664 3.37472,
	13.6666 3.38006,
	13.6669 3.38272,
	13.6671 3.38406,
	13.6674 3.38473,
	13.6679 3.3874,
	13.6679 3.38806,
	13.6689 3.39073,
	13.6694 3.39207,
	13.6698 3.39257,
	13.6594 3.40341,
	13.6541 3.40875,
	13.6498 3.41392,
	13.6471 3.41625,
	13.6458 3.41742,
	13.6351 3.42343,
	13.6344 3.42393,
	13.6341 3.42426,
	13.6314 3.4251,
	13.6301 3.4261,
	13.6297 3.42643,
	13.6271 3.42726,
	13.6217 3.43027,
	13.6191 3.43177,
	13.6137 3.4341,
	13.6111 3.43527,
	13.6004 3.44144,
	13.5897 3.44795,
	13.5844 3.45129,
	13.579 3.45512,
	13.5577 3.46713,
	13.547 3.47314,
	13.5457 3.47397,
	13.543 3.47481,
	13.5377 3.47781,
	13.527 3.48215,
	13.5216 3.48432,
	13.5003 3.49065,
	13.4896 3.49382,
	13.4789 3.49766,
	13.4736 3.49966,
	13.4683 3.50283,
	13.4669 3.5035,
	13.4656 3.50367,
	13.4643 3.50467,
	13.4636 3.50517,
	13.4623 3.50533,
	13.4516 3.51184,
	13.4409 3.51718,
	13.4382 3.51951,
	13.4356 3.52118,
	13.4342 3.52202,
	13.4242 3.53269,
	13.4194 3.53803,
	13.4092 3.54871,
	13.407 3.55138,
	13.3857 3.56772,
	13.3804 3.57223,
	13.375 3.5774,
	13.3723 3.5789,
	13.367 3.58124,
	13.3657 3.58174,
	13.355 3.58274,
	13.3497 3.58324,
	13.3283 3.58374,
	13.3176 3.5839,
	13.315 3.5839,
	13.3136 3.5839,
	13.3083 3.5849,
	13.3056 3.58541,
	13.3003 3.58774,
	13.2949 3.58857,
	13.2923 3.58891,
	13.2869 3.58891,
	13.2843 3.58891,
	13.2829 3.58891,
	13.2723 3.58707,
	13.2669 3.58624,
	13.2643 3.58591,
	13.2589 3.58574,
	13.2576 3.58557,
	13.2469 3.58707,
	13.2416 3.58841,
	13.2402 3.58874,
	13.2349 3.59191,
	13.2296 3.59425,
	13.2269 3.59541,
	13.2242 3.59708,
	13.2229 3.59742,
	13.2222 3.59775,
	13.221 3.59908,
	13.2204 3.59975,
	13.215 3.60242,
	13.2124 3.60376,
	13.211 3.60426,
	13.2057 3.60509,
	13.2004 3.60626,
	13.1977 3.60676,
	13.1763 3.60776,
	13.1657 3.60826,
	13.163 3.60843,
	13.1523 3.60793,
	13.147 3.60776,
	13.1363 3.60592,
	13.115 3.59925,
	13.1043 3.59591,
	13.0989 3.59341,
	13.0562 3.57857,
	13.0456 3.5749,
	13.0429 3.5739,
	13.0416 3.57339,
	13.0309 3.57156,
	13.0255 3.57056,
	13.0229 3.56939,
	13.0202 3.56889,
	13.0149 3.56839,
	13.0042 3.56472,
	12.9988 3.56389,
	12.9775 3.55805,
	12.9748 3.55738,
	12.9695 3.55538,
	12.9668 3.55438,
	12.9662 3.55404,
	12.9635 3.55371,
	12.9622 3.55354,
	12.9615 3.55354,
	12.9588 3.55238,
	12.9575 3.55188,
	12.9361 3.54837,
	12.9148 3.54387,
	12.8721 3.53069,
	12.8614 3.52619,
	12.8561 3.52385,
	12.8534 3.52268,
	12.848 3.51968,
	12.8454 3.51818,
	12.844 3.51751,
	12.8387 3.51367,
	12.8334 3.51017,
	12.812 3.50917,
	12.8013 3.50867,
	12.7987 3.5085,
	12.788 3.50667,
	12.7827 3.50583,
	12.7813 3.50567,
	12.776 3.5035,
	12.7706 3.5,
	12.7653 3.49683,
	12.7626 3.49516,
	12.7613 3.49432,
	12.7586 3.49216,
	12.7561 3.48965,
	12.7556 3.48899,
	12.7503 3.48632,
	12.7476 3.48498,
	12.7463 3.48432,
	12.741 3.48265,
	12.7356 3.48165,
	12.7343 3.48148,
	12.7336 3.48131,
	12.7123 3.48598,
	12.7016 3.48832,
	12.6989 3.48882,
	12.6936 3.48915,
	12.6909 3.48949,
	12.6856 3.48882,
	12.6749 3.48415,
	12.6722 3.48265,
	12.6669 3.47864,
	12.6642 3.47664,
	12.6619 3.47397,
	12.6609 3.47264,
	12.6582 3.47014,
	12.6569 3.46747,
	12.6562 3.46613,
	12.6559 3.46546,
	12.6547 3.46413,
	12.6532 3.45879,
	12.6524 3.45612,
	12.6515 3.45079,
	12.6512 3.44812,
	12.651 3.44678,
	12.6519 3.44144,
	12.6522 3.43877,
	12.6554 3.4281,
	12.657 3.42276,
	12.6597 3.41208,
	12.661 3.40675,
	12.6617 3.40408,
	12.6622 3.39874,
	12.6624 3.39607,
	12.6625 3.39474,
	12.662 3.3894,
	12.6619 3.38673,
	12.6619 3.38606,
	12.6592 3.38072,
	12.6579 3.37805,
	12.6515 3.36738,
	12.6484 3.36204,
	12.6425 3.35136,
	12.6397 3.34602,
	12.6372 3.34069,
	12.6367 3.33935,
	12.6364 3.33868,
	12.6357 3.33335,
	12.6355 3.33068,
	12.6349 3.32801,
	12.6349 3.32784,
	"/>
</Transform>

<Transform dim="0"
 xcoef=" 0 1 0 0 0 0"
 ycoef=" 0 0 1 0 0 0">
<Contour name="d046_p31" hidden="false" closed="true" simplified="true" border="1 1 0" fill="1 1 0" mode="11"
 points="13.0331 1.88008,
	13.0353 1.84493,
	13.0375 1.83615,
	13.0375 1.83176,
	13.0408 1.82297,
	13.043 1.82077,
	13.043 1.81858,
	13.0452 1.81638,
	13.0485 1.8076,
	13.0485 1.8054,
	13.0518 1.80101,
	13.0518 1.79881,
	13.054 1.79661,
	13.0551 1.79222,
	13.0573 1.79003,
	13.0573 1.78783,
	13.0639 1.78124,
	13.0804 1.76806,
	13.0979 1.75708,
	13.1056 1.75049,
	13.1078 1.75049,
	13.1166 1.7439,
	13.1188 1.74171,
	13.1276 1.73951,
	13.132 1.73951,
	13.1408 1.73621,
	13.1583 1.73621,
	13.1671 1.73621,
	13.1836 1.75049,
	13.1957 1.76587,
	13.2012 1.77465,
	13.2045 1.77904,
	13.2045 1.78124,
	13.2067 1.78344,
	13.2143 1.79991,
	13.2198 1.80869,
	13.222 1.80979,
	13.222 1.81199,
	13.2286 1.81968,
	13.2308 1.82187,
	13.2319 1.82627,
	13.2341 1.82736,
	13.2396 1.84493,
	13.2418 1.84933,
	13.2418 1.88447,
	13.2418 1.89325,
	13.2462 1.91082,
	13.2605 1.94597,
	13.2605 1.96354,
	13.2605 1.97232,
	13.2583 1.98111,
	13.2484 1.99648,
	13.2429 2.00417,
	13.2286 2.01954,
	13.2165 2.03272,
	13.2001 2.047,
	13.1946 2.05139,
	13.177 2.05908,
	13.1682 2.06127,
	13.1506 2.06127,
	13.1419 2.06018,
	13.1375 2.05908,
	13.121 2.047,
	13.1144 2.03931,
	13.1111 2.03492,
	13.1078 2.03272,
	13.0826 1.99758,
	13.0705 1.98001,
	13.0705 1.97781,
	13.0639 1.97013,
	13.0639 1.96793,
	13.0617 1.96573,
	13.0617 1.96354,
	13.0485 1.94597,
	13.0441 1.93718,
	13.0386 1.91961,
	13.0353 1.90204,
	13.0331 1.89325,
	13.0331 1.88447,
	13.0331 1.88117,
	"/>
</Transform>

<Transform dim="0"
 xcoef=" 0 1 0 0 0 0"
 ycoef=" 0 0 1 0 0 0">
<Contour name="d046_checked" hidden="false" closed="true" simplified="false" border="0 1 0" fill="0 1 0" mode="-13"
 points="13.3531 2.69701,
	13.3588 2.68908,
	13.3531 2.68115,
	13.3565 2.68115,
	13.3611 2.68795,
	13.3656 2.68115,
	13.369 2.68115,
	13.3633 2.68908,
	13.369 2.69701,
	13.3656 2.69701,
	13.3611 2.69021,
	13.3565 2.69701,
	"/>
</Transform>

<Transform dim="1"
 xcoef=" 0.05 1 0 0 0 0"
 ycoef=" 0 0 1 0 0 0">
<Contour name="d046_p32" hidden="false" closed="true" simplified="true" border="1 1 0" fill="1 1 0" mode="11"
 points="13.4296 2.72168,
	13.431 2.70432,
	13.4313 2.68696,
	13.4313 2.67828,
	13.4318 2.6696,
	13.4336 2.65224,
	13.4344 2.64356,
	13.436 2.63488,
	13.4382 2.63583,
	13.4393 2.63651,
	13.4436 2.638,
	13.4458 2.63854,
	13.4631 2.64546,
	13.4675 2.64722,
	13.468 2.64749,
	13.5027 2.64776,
	13.5201 2.64776,
	13.5548 2.64844,
	13.5559 2.64858,
	13.5562 2.64858,
	13.5584 2.65007,
	13.567 2.65292,
	13.5714 2.65468,
	13.5757 2.65672,
	13.5801 2.65997,
	13.5822 2.6616,
	13.5833 2.66228,
	13.5867 2.66648,
	13.5898 2.67082,
	13.5904 2.67136,
	13.5947 2.68004,
	13.5959 2.68438,
	13.5967 2.68547,
	13.597 2.68981,
	13.5971 2.69198,
	13.5973 2.69306,
	13.5963 2.6974,
	13.5957 2.69957,
	13.5951 2.70066,
	13.5931 2.70283,
	13.5925 2.70337,
	13.5898 2.70771,
	13.5886 2.70988,
	13.5881 2.71096,
	13.5876 2.71151,
	13.579 2.71571,
	13.5746 2.7168,
	13.5703 2.7172,
	13.5681 2.71734,
	13.5638 2.71815,
	13.5551 2.71883,
	13.5508 2.71883,
	13.5464 2.7191,
	13.5291 2.71829,
	13.5247 2.71802,
	13.5204 2.71802,
	13.5182 2.71802,
	13.5009 2.72032,
	13.4987 2.72073,
	13.4943 2.72222,
	13.4922 2.7229,
	13.4748 2.7309,
	13.4726 2.73171,
	13.464 2.73416,
	13.4466 2.7408,
	13.4423 2.74216,
	13.4379 2.74406,
	13.4358 2.74514,
	13.4352 2.74528,
	13.4349 2.74541,
	13.4348 2.74528,
	13.4345 2.74555,
	13.434 2.7446,
	13.4309 2.73592,
	13.4299 2.72724,
	13.4296 2.72507,
	13.4296 2.7229,
	13.4296 2.72181,
	"/>
</Transform>

</Section>