<?xml version="1.0"?>
<!DOCTYPE Section SYSTEM "section.dtd">

<Section index="119" thickness="0.052" alignLocked="true">
<Transform dim="1"
 xcoef=" 5.01778775997603 1 0 0 0 0"
 ycoef=" 9.54434213083136 0 1 0 0 0">
<Contour name="D020" hidden="false" closed="true" simplified="true" border="0 0 1" fill="0 0 1" mode="13"
 points="15.2376 15.7927,
	15.2385 15.7807,
	15.241 15.7688,
	15.2451 15.7572,
	15.2508 15.7461,
	15.258 15.7355,
	15.2666 15.7257,
	15.2766 15.7166,
	15.2877 15.7086,
	15.2999 15.7015,
	15.3129 15.6956,
	15.3268 15.6909,
	15.3412 15.6874,
	15.3559 15.6852,
	15.3709 15.6844,
	15.3859 15.6849,
	15.4008 15.6867,
	15.4153 15.6899,
	15.4292 15.6943,
	15.4425 15.6999,
	15.4549 15.7067,
	15.4663 15.7145,
	15.4766 15.7233,
	15.4855 15.733,
	15.4931 15.7434,
	15.4992 15.7544,
	15.5037 15.7659,
	15.5066 15.7777,
	15.5079 15.7897,
	15.5075 15.8017,
	15.5054 15.8136,
	15.5017 15.8253,
	15.4964 15.8366,
	15.4895 15.8473,
	15.4812 15.8573,
	15.4716 15.8666,
	15.4608 15.8749,
	15.4488 15.8822,
	15.436 15.8884,
	15.4223 15.8935,
	15.4081 15.8972,
	15.3934 15.8997,
	15.3784 15.9009,
	15.3634 15.9007,
	15.3485 15.8992,
	15.3339 15.8964,
	15.3198 15.8923,
	15.3063 15.887,
	15.2937 15.8805,
	15.282 15.8729,
	15.2714 15.8643,
	15.2621 15.8549,
	15.2542 15.8447,
	15.2478 15.8338,
	15.2428 15.8224,
	15.2395 15.8107,
	"/>
</Transform>

<Transform dim="1"
 xcoef=" 0.127787759976026 1 0 0 0 0"
 ycoef=" 0.414342130831356 0 1 0 0 0">
<Contour name="D054" hidden="false" closed="true" simplified="true" border="0 0 1" fill="0 0 1" mode="13"
 points="2.12448 1.11532,
	2.12666 1.09585,
	2.13311 1.07704,
	2.14362 1.05953,
	2.15784 1.04392,
	2.17526 1.03075,
	2.19532 1.02045,
	2.21731 1.01339,
	2.24049 1.00979,
	2.26407 1.00979,
	2.28726 1.01339,
	2.30925 1.02045,
	2.3293 1.03075,
	2.34673 1.04392,
	2.36094 1.05953,
	2.37145 1.07704,
	2.37791 1.09585,
	2.38008 1.11532,
	2.37791 1.1348,
	2.37145 1.15361,
	2.36094 1.17111,
	2.34673 1.18672,
	2.3293 1.1999,
	2.30925 1.21019,
	2.28726 1.21726,
	2.26407 1.22085,
	2.24049 1.22085,
	2.21731 1.21726,
	2.19532 1.21019,
	2.17526 1.1999,
	2.15784 1.18672,
	2.14362 1.17111,
	2.13311 1.15361,
	2.12666 1.1348,
	"/>
</Transform>

<Transform dim="1"
 xcoef=" 0.127787759976026 1 0 0 0 0"
 ycoef=" 0.414342130831356 0 1 0 0 0">
<Contour name="D019" hidden="false" closed="true" simplified="true" border="0 0 1" fill="0 0 1" mode="13"
 points="4.74927 4.55121,
	4.75033 4.53466,
	4.7535 4.51836,
	4.75872 4.50255,
	4.76592 4.48746,
	4.77499 4.47331,
	4.7858 4.46033,
	4.79818 4.4487,
	4.81196 4.43859,
	4.82692 4.43015,
	4.84285 4.42352,
	4.85951 4.41878,
	4.87665 4.41601,
	4.89402 4.41526,
	4.91135 4.41652,
	4.92839 4.41978,
	4.94489 4.425,
	4.9606 4.4321,
	4.97529 4.44096,
	4.98874 4.45147,
	5.00075 4.46346,
	5.01113 4.47675,
	5.01975 4.49115,
	5.02646 4.50644,
	5.03117 4.5224,
	5.03381 4.53878,
	5.03434 4.55535,
	5.03276 4.57186,
	5.02907 4.58807,
	5.02335 4.60372,
	5.01567 4.61859,
	5.00615 4.63246,
	4.99493 4.64513,
	4.98218 4.6564,
	4.96809 4.6661,
	4.95286 4.67409,
	4.93673 4.68026,
	4.91992 4.68451,
	4.9027 4.68678,
	4.88532 4.68703,
	4.86804 4.68527,
	4.85111 4.68151,
	4.83478 4.67581,
	4.81931 4.66826,
	4.80491 4.65897,
	4.7918 4.64808,
	4.78019 4.63575,
	4.77023 4.62216,
	4.76208 4.60752,
	4.75586 4.59204,
	4.75166 4.57595,
	"/>
</Transform>

<Transform dim="1"
 xcoef=" 0.127787759976026 1 0 0 0 0"
 ycoef=" 0.414342130831356 0 1 0 0 0">
<Contour name="D021" hidden="false" closed="true" simplified="true" border="0 0 1" fill="0 0 1" mode="13"
 points="5.9215 7.32864,
	5.92268 7.31255,
	5.92618 7.29679,
	5.93195 7.28168,
	5.93985 7.26753,
	5.94974 7.25462,
	5.9614 7.24321,
	5.97461 7.23355,
	5.98908 7.22582,
	6.00454 7.22018,
	6.02066 7.21675,
	6.03711 7.2156,
	6.05356 7.21675,
	6.06968 7.22018,
	6.08514 7.22582,
	6.09961 7.23355,
	6.11282 7.24321,
	6.12448 7.25462,
	6.13437 7.26753,
	6.14227 7.28168,
	6.14804 7.29679,
	6.15154 7.31255,
	6.15272 7.32864,
	6.15154 7.34473,
	6.14804 7.36049,
	6.14227 7.3756,
	6.13437 7.38975,
	6.12448 7.40267,
	6.11282 7.41407,
	6.09961 7.42374,
	6.08514 7.43147,
	6.06968 7.4371,
	6.05356 7.44053,
	6.03711 7.44168,
	6.02066 7.44053,
	6.00454 7.4371,
	5.98908 7.43147,
	5.97461 7.42374,
	5.9614 7.41407,
	5.94974 7.40267,
	5.93985 7.38975,
	5.93195 7.3756,
	5.92618 7.36049,
	5.92268 7.34473,
	"/>
</Transform>

<Transform dim="1"
 xcoef=" 0.127787759976026 1 0 0 0 0"
 ycoef=" 0.414342130831356 0 1 0 0 0">
<Contour name="D025" hidden="false" closed="true" simplified="true" border="0 0 1" fill="0 0 1" mode="13"
 points="3.71928 4.01227,
	3.72071 3.99822,
	3.72497 3.98459,
	3.73193 3.9718,
	3.74137 3.96024,
	3.75301 3.95026,
	3.7665 3.94217,
	3.78142 3.9362,
	3.79732 3.93255,
	3.81372 3.93132,
	3.83012 3.93255,
	3.84602 3.9362,
	3.86094 3.94217,
	3.87443 3.95026,
	3.88607 3.96024,
	3.89551 3.9718,
	3.90247 3.98459,
	3.90673 3.99822,
	3.90817 4.01227,
	3.90673 4.02633,
	3.90247 4.03996,
	3.89551 4.05275,
	3.88607 4.06431,
	3.87443 4.07429,
	3.86094 4.08238,
	3.84602 4.08835,
	3.83012 4.092,
	3.81372 4.09323,
	3.79732 4.092,
	3.78142 4.08835,
	3.7665 4.08238,
	3.75301 4.07429,
	3.74137 4.06431,
	3.73193 4.05275,
	3.72497 4.03996,
	3.72071 4.02633,
	"/>
</Transform>

<Transform dim="1"
 xcoef=" 0.127787759976026 1 0 0 0 0"
 ycoef=" 0.414342130831356 0 1 0 0 0">
<Contour name="D028" hidden="false" closed="true" simplified="true" border="0 0 1" fill="0 0 1" mode="13"
 points="6.46473 7.15142,
	6.46513 7.14291,
	6.46634 7.13445,
	6.46834 7.1261,
	6.47113 7.11791,
	6.47468 7.10992,
	6.47898 7.10219,
	6.484 7.09476,
	6.48971 7.08768,
	6.49606 7.08099,
	6.50304 7.07474,
	6.51058 7.06896,
	6.51864 7.06369,
	6.52718 7.05896,
	6.53614 7.0548,
	6.54547 7.05123,
	6.55511 7.04829,
	6.56499 7.04598,
	6.57506 7.04432,
	6.58526 7.04331,
	6.59553 7.04298,
	6.60579 7.04331,
	6.61599 7.04432,
	6.62606 7.04598,
	6.63594 7.04829,
	6.64558 7.05123,
	6.65491 7.0548,
	6.66387 7.05896,
	6.67241 7.06369,
	6.68047 7.06896,
	6.68801 7.07474,
	6.69499 7.08099,
	6.70134 7.08768,
	6.70705 7.09476,
	6.71207 7.10219,
	6.71637 7.10992,
	6.71992 7.11791,
	6.72271 7.1261,
	6.72471 7.13445,
	6.72592 7.14291,
	6.72633 7.15142,
	6.72592 7.15992,
	6.72471 7.16838,
	6.72271 7.17673,
	6.71992 7.18492,
	6.71637 7.19291,
	6.71207 7.20064,
	6.70705 7.20807,
	6.70134 7.21515,
	6.69499 7.22184,
	6.68801 7.22809,
	6.68047 7.23387,
	6.67241 7.23914,
	6.66387 7.24387,
	6.65491 7.24803,
	6.64558 7.2516,
	6.63594 7.25454,
	6.62606 7.25685,
	6.61599 7.25852,
	6.60579 7.25952,
	6.59553 7.25985,
	6.58526 7.25952,
	6.57506 7.25852,
	6.56499 7.25685,
	6.55511 7.25454,
	6.54547 7.2516,
	6.53614 7.24803,
	6.52718 7.24387,
	6.51864 7.23914,
	6.51058 7.23387,
	6.50304 7.22809,
	6.49606 7.22184,
	6.48971 7.21515,
	6.484 7.20807,
	6.47898 7.20064,
	6.47468 7.19291,
	6.47113 7.18492,
	6.46834 7.17673,
	6.46634 7.16838,
	"/>
</Transform>

<Transform dim="1"
 xcoef=" 0.127787759976026 1 0 0 0 0"
 ycoef=" 0.414342130831356 0 1 0 0 0">
<Contour name="D032" hidden="false" closed="true" simplified="true" border="0 0 1" fill="0 0 1" mode="13"
 points="4.85335 -0.108834,
	4.85446 -0.128408,
	4.85777 -0.147648,
	4.86323 -0.166223,
	4.87073 -0.183816,
	4.88015 -0.200127,
	4.89134 -0.214875,
	4.9041 -0.227809,
	4.9182 -0.238707,
	4.93342 -0.247383,
	4.94948 -0.253688,
	4.96612 -0.257515,
	4.98305 -0.258798,
	4.99998 -0.257515,
	5.01662 -0.253688,
	5.03269 -0.247383,
	5.0479 -0.238707,
	5.06201 -0.227809,
	5.07476 -0.214875,
	5.08595 -0.200127,
	5.09537 -0.183816,
	5.10288 -0.166223,
	5.10833 -0.147648,
	5.11164 -0.128408,
	5.11275 -0.108834,
	5.11164 -0.08926,
	5.10833 -0.0700207,
	5.10288 -0.0514455,
	5.09537 -0.0338522,
	5.08595 -0.0175419,
	5.07476 -0.0027936,
	5.06201 0.0101403,
	5.0479 0.0210385,
	5.03269 0.0297145,
	5.01662 0.03602,
	4.99998 0.0398469,
	4.98305 0.0411299,
	4.96612 0.0398469,
	4.94948 0.03602,
	4.93342 0.0297145,
	4.9182 0.0210385,
	4.9041 0.0101403,
	4.89134 -0.0027936,
	4.88015 -0.0175419,
	4.87073 -0.0338522,
	4.86323 -0.0514455,
	4.85777 -0.0700207,
	4.85446 -0.08926,
	"/>
</Transform>

<Transform dim="1"
 xcoef=" 0.127787759976026 1 0 0 0 0"
 ycoef=" 0.414342130831356 0 1 0 0 0">
<Contour name="D041" hidden="false" closed="true" simplified="true" border="0 0 1" fill="0 0 1" mode="13"
 points="7.97344 0.355649,
	7.97471 0.337577,
	7.97846 0.320085,
	7.98458 0.303736,
	7.99288 0.289056,
	8.00308 0.276516,
	8.01486 0.26652,
	8.02784 0.259388,
	8.0416 0.25535,
	8.05569 0.254536,
	8.06968 0.256972,
	8.0831 0.262579,
	8.09553 0.271178,
	8.10657 0.282492,
	8.11585 0.296157,
	8.12309 0.311734,
	8.12805 0.328722,
	8.13057 0.346576,
	8.13057 0.364722,
	8.12805 0.382576,
	8.12309 0.399565,
	8.11585 0.415142,
	8.10657 0.428807,
	8.09553 0.440121,
	8.0831 0.448719,
	8.06968 0.454327,
	8.05569 0.456762,
	8.0416 0.455948,
	8.02784 0.45191,
	8.01486 0.444779,
	8.00308 0.434782,
	7.99288 0.422243,
	7.98458 0.407562,
	7.97846 0.391214,
	"/>
</Transform>

<Transform dim="1"
 xcoef=" 0.127787759976026 1 0 0 0 0"
 ycoef=" 0.414342130831356 0 1 0 0 0">
<Contour name="D043" hidden="false" closed="true" simplified="true" border="0 0 1" fill="0 0 1" mode="13"
 points="1.21019 8.29001,
	1.21102 8.27961,
	1.21348 8.26942,
	1.21754 8.25965,
	1.22311 8.2505,
	1.23006 8.24216,
	1.23827 8.23479,
	1.24757 8.22854,
	1.25776 8.22354,
	1.26864 8.2199,
	1.27998 8.21768,
	1.29157 8.21694,
	1.30315 8.21768,
	1.31449 8.2199,
	1.32537 8.22354,
	1.33556 8.22854,
	1.34486 8.23479,
	1.35307 8.24216,
	1.36002 8.2505,
	1.36559 8.25965,
	1.36965 8.26942,
	1.37211 8.27961,
	1.37294 8.29001,
	1.37211 8.30041,
	1.36965 8.3106,
	1.36559 8.32037,
	1.36002 8.32952,
	1.35307 8.33786,
	1.34486 8.34524,
	1.33556 8.35148,
	1.32537 8.35648,
	1.31449 8.36012,
	1.30315 8.36234,
	1.29157 8.36308,
	1.27998 8.36234,
	1.26864 8.36012,
	1.25776 8.35648,
	1.24757 8.35148,
	1.23827 8.34524,
	1.23006 8.33786,
	1.22311 8.32952,
	1.21754 8.32037,
	1.21348 8.3106,
	1.21102 8.30041,
	"/>
</Transform>

<Transform dim="1"
 xcoef=" 0.127787759976026 1 0 0 0 0"
 ycoef=" 0.414342130831356 0 1 0 0 0">
<Contour name="D044" hidden="false" closed="true" simplified="true" border="0 0 1" fill="0 0 1" mode="13"
 points="1.83411 7.25824,
	1.83639 7.24308,
	1.84314 7.22859,
	1.85406 7.2154,
	1.86868 7.20407,
	1.88634 7.19512,
	1.90629 7.18892,
	1.92766 7.18575,
	1.9495 7.18575,
	1.97086 7.18892,
	1.99081 7.19512,
	2.00848 7.20407,
	2.02309 7.2154,
	2.03401 7.22859,
	2.04076 7.24308,
	2.04304 7.25824,
	2.04076 7.27339,
	2.03401 7.28788,
	2.02309 7.30107,
	2.00848 7.3124,
	1.99081 7.32135,
	1.97086 7.32755,
	1.9495 7.33072,
	1.92766 7.33072,
	1.90629 7.32755,
	1.88634 7.32135,
	1.86868 7.3124,
	1.85406 7.30107,
	1.84314 7.28788,
	1.83639 7.27339,
	"/>
</Transform>

<Transform dim="1"
 xcoef=" 0.127787759976026 1 0 0 0 0"
 ycoef=" 0.414342130831356 0 1 0 0 0">
<Contour name="D045 sym cand 2" hidden="false" closed="true" simplified="true" border="0 1 1" fill="0 1 1" mode="11"
 points="2.52736 7.8648,
	2.52873 7.84468,
	2.53279 7.82486,
	2.53951 7.80565,
	2.54876 7.78733,
	2.56041 7.77019,
	2.57429 7.75448,
	2.59018 7.74045,
	2.60785 7.7283,
	2.62702 7.71822,
	2.64741 7.71036,
	2.6687 7.70484,
	2.69057 7.70175,
	2.7127 7.70113,
	2.73474 7.70299,
	2.75637 7.7073,
	2.77725 7.714,
	2.79706 7.72299,
	2.81552 7.73413,
	2.83233 7.74724,
	2.84724 7.76214,
	2.86003 7.7786,
	2.8705 7.79636,
	2.8785 7.81516,
	2.8839 7.83471,
	2.88662 7.85472,
	2.88662 7.87488,
	2.8839 7.89489,
	2.8785 7.91444,
	2.8705 7.93324,
	2.86003 7.951,
	2.84724 7.96745,
	2.83233 7.98235,
	2.81552 7.99547,
	2.79706 8.00661,
	2.77725 8.01559,
	2.75637 8.02229,
	2.73474 8.02661,
	2.7127 8.02847,
	2.69057 8.02785,
	2.6687 8.02475,
	2.64741 8.01924,
	2.62702 8.01138,
	2.60785 8.0013,
	2.59018 7.98915,
	2.57429 7.97511,
	2.56041 7.95941,
	2.54876 7.94227,
	2.53951 7.92395,
	2.53279 7.90474,
	"/>
</Transform>

<Transform dim="1"
 xcoef=" 0.127787759976026 1 0 0 0 0"
 ycoef=" 0.414342130831356 0 1 0 0 0">
<Contour name="D045" hidden="false" closed="true" simplified="true" border="0 0 1" fill="0 0 1" mode="13"
 points="3.05071 8.24687,
	3.05254 8.22652,
	3.05797 8.20684,
	3.06683 8.18848,
	3.07882 8.17206,
	3.09355 8.15811,
	3.11052 8.1471,
	3.12917 8.13938,
	3.14889 8.13522,
	3.16904 8.13476,
	3.18893 8.138,
	3.20791 8.14485,
	3.22535 8.15507,
	3.24069 8.16832,
	3.2534 8.18417,
	3.26307 8.2021,
	3.26939 8.22151,
	3.27213 8.24176,
	3.27121 8.26217,
	3.26667 8.28208,
	3.25864 8.30083,
	3.2474 8.31779,
	3.23332 8.3324,
	3.21686 8.34419,
	3.19857 8.35276,
	3.17905 8.35782,
	3.15895 8.35922,
	3.13894 8.3569,
	3.11967 8.35094,
	3.10178 8.34153,
	3.08587 8.329,
	3.07246 8.31375,
	3.06199 8.29629,
	3.05481 8.27719,
	"/>
</Transform>

<Transform dim="1"
 xcoef=" 0.127787759976026 1 0 0 0 0"
 ycoef=" 0.414342130831356 0 1 0 0 0">
<Contour name="D047" hidden="false" closed="true" simplified="true" border="0 0 1" fill="0 0 1" mode="13"
 points="3.84831 4.57774,
	3.84903 4.56134,
	3.8512 4.54514,
	3.85479 4.5293,
	3.85976 4.51401,
	3.86605 4.49944,
	3.87359 4.48576,
	3.8823 4.47312,
	3.89207 4.46167,
	3.9028 4.45153,
	3.91437 4.44283,
	3.92664 4.43565,
	3.93947 4.43008,
	3.95272 4.42618,
	3.96624 4.424,
	3.97988 4.42356,
	3.99348 4.42487,
	4.00688 4.42792,
	4.01994 4.43266,
	4.03251 4.43904,
	4.04445 4.44699,
	4.05561 4.45643,
	4.06588 4.46724,
	4.07513 4.4793,
	4.08326 4.49248,
	4.09019 4.50662,
	4.09583 4.52157,
	4.10011 4.53716,
	4.103 4.55321,
	4.10445 4.56953,
	4.10445 4.58595,
	4.103 4.60227,
	4.10011 4.61831,
	4.09583 4.6339,
	4.09019 4.64885,
	4.08326 4.66299,
	4.07513 4.67617,
	4.06588 4.68823,
	4.05561 4.69904,
	4.04445 4.70848,
	4.03251 4.71644,
	4.01994 4.72282,
	4.00688 4.72756,
	3.99348 4.7306,
	3.97988 4.73191,
	3.96624 4.73147,
	3.95272 4.72929,
	3.93947 4.7254,
	3.92664 4.71983,
	3.91437 4.71265,
	3.9028 4.70394,
	3.89207 4.6938,
	3.8823 4.68235,
	3.87359 4.66971,
	3.86605 4.65603,
	3.85976 4.64147,
	3.85479 4.62618,
	3.8512 4.61034,
	3.84903 4.59413,
	"/>
</Transform>

<Transform dim="1"
 xcoef=" 0.127787759976026 1 0 0 0 0"
 ycoef=" 0.414342130831356 0 1 0 0 0">
<Contour name="D034" hidden="false" closed="true" simplified="true" border="0 0 1" fill="0 0 1" mode="13"
 points="9.58423 2.99159,
	9.58546 2.97712,
	9.58909 2.963,
	9.59505 2.94957,
	9.6032 2.93715,
	9.61333 2.92604,
	9.6252 2.9165,
	9.63854 2.90876,
	9.65301 2.90302,
	9.66827 2.8994,
	9.68396 2.89799,
	9.6997 2.89884,
	9.7151 2.90191,
	9.72981 2.90713,
	9.74346 2.91439,
	9.75572 2.9235,
	9.76632 2.93424,
	9.77498 2.94636,
	9.7815 2.95957,
	9.78573 2.97355,
	9.78756 2.98796,
	9.78695 3.00245,
	9.78391 3.01669,
	9.77852 3.03032,
	9.7709 3.04302,
	9.76125 3.05449,
	9.74978 3.06445,
	9.73678 3.07265,
	9.72256 3.07891,
	9.70746 3.08307,
	9.69185 3.08504,
	9.67609 3.08476,
	9.66057 3.08224,
	9.64565 3.07754,
	9.63171 3.07078,
	9.61906 3.06211,
	9.60803 3.05176,
	9.59886 3.03995,
	9.59179 3.02699,
	9.58698 3.01317,
	"/>
</Transform>

<Transform dim="1"
 xcoef=" 0.127787759976026 1 0 0 0 0"
 ycoef=" 0.414342130831356 0 1 0 0 0">
<Contour name="D035" hidden="false" closed="true" simplified="true" border="0 0 1" fill="0 0 1" mode="13"
 points="7.1077 2.71292,
	7.10884 2.70299,
	7.11224 2.69325,
	7.11783 2.68388,
	7.12551 2.67507,
	7.13512 2.66697,
	7.1465 2.65975,
	7.15941 2.65355,
	7.17362 2.64847,
	7.18886 2.64462,
	7.20483 2.64207,
	7.22123 2.64087,
	7.23774 2.64104,
	7.25406 2.64258,
	7.26988 2.64546,
	7.28488 2.64963,
	7.29879 2.655,
	7.31135 2.66147,
	7.3223 2.66892,
	7.33145 2.67721,
	7.33862 2.68618,
	7.34367 2.69566,
	7.3465 2.70546,
	7.34707 2.71541,
	7.34537 2.72532,
	7.34141 2.73498,
	7.33529 2.74423,
	7.32711 2.75288,
	7.31704 2.76077,
	7.30526 2.76775,
	7.29199 2.77368,
	7.2775 2.77846,
	7.26205 2.78199,
	7.24595 2.78421,
	7.22949 2.78506,
	7.21299 2.78455,
	7.19677 2.78267,
	7.18113 2.77946,
	7.16637 2.77499,
	7.15278 2.76933,
	7.1406 2.7626,
	7.13008 2.75493,
	7.12141 2.74645,
	7.11476 2.73734,
	7.11026 2.72776,
	"/>
</Transform>

<Transform dim="1"
 xcoef=" 0.127787759976026 1 0 0 0 0"
 ycoef=" 0.414342130831356 0 1 0 0 0">
<Contour name="D036" hidden="false" closed="true" simplified="true" border="0 0 1" fill="0 0 1" mode="13"
 points="14.5307 -0.629314,
	14.5319 -0.654057,
	14.5356 -0.678108,
	14.5417 -0.700792,
	14.5499 -0.721474,
	14.5601 -0.739575,
	14.572 -0.754588,
	14.5852 -0.766092,
	14.5994 -0.773765,
	14.6141 -0.777392,
	14.629 -0.776872,
	14.6436 -0.772219,
	14.6576 -0.763564,
	14.6705 -0.751148,
	14.682 -0.735321,
	14.6917 -0.716524,
	14.6994 -0.695285,
	14.7049 -0.672198,
	14.708 -0.647909,
	14.7086 -0.6231,
	14.7068 -0.598465,
	14.7025 -0.574694,
	14.6959 -0.552453,
	14.6871 -0.532365,
	14.6765 -0.514992,
	14.6642 -0.50082,
	14.6507 -0.490248,
	14.6364 -0.48357,
	14.6216 -0.480975,
	14.6067 -0.482534,
	14.5922 -0.488204,
	14.5785 -0.497826,
	14.5659 -0.511131,
	14.5548 -0.527746,
	14.5456 -0.547206,
	14.5384 -0.568966,
	14.5335 -0.592415,
	"/>
</Transform>

<Transform dim="1"
 xcoef=" 0.127787759976026 1 0 0 0 0"
 ycoef=" 0.414342130831356 0 1 0 0 0">
<Contour name="D039" hidden="false" closed="true" simplified="true" border="0 0 1" fill="0 0 1" mode="13"
 points="8.6779 1.44104,
	8.67861 1.42761,
	8.68071 1.41434,
	8.68419 1.40137,
	8.689 1.38885,
	8.6951 1.37692,
	8.70241 1.36571,
	8.71085 1.35536,
	8.72032 1.34598,
	8.73072 1.33768,
	8.74192 1.33055,
	8.75381 1.32467,
	8.76625 1.32011,
	8.77909 1.31692,
	8.7922 1.31513,
	8.80541 1.31478,
	8.81859 1.31585,
	8.83158 1.31834,
	8.84424 1.32222,
	8.85642 1.32745,
	8.86799 1.33396,
	8.8788 1.34169,
	8.88875 1.35054,
	8.89772 1.36042,
	8.90561 1.37122,
	8.91232 1.3828,
	8.91778 1.39504,
	8.92193 1.40781,
	8.92473 1.42095,
	8.92613 1.43432,
	8.92613 1.44776,
	8.92473 1.46113,
	8.92193 1.47427,
	8.91778 1.48703,
	8.91232 1.49928,
	8.90561 1.51086,
	8.89772 1.52165,
	8.88875 1.53153,
	8.8788 1.54038,
	8.86799 1.54811,
	8.85642 1.55463,
	8.84424 1.55985,
	8.83158 1.56374,
	8.81859 1.56623,
	8.80541 1.5673,
	8.7922 1.56694,
	8.77909 1.56516,
	8.76625 1.56197,
	8.75381 1.55741,
	8.74192 1.55153,
	8.73072 1.54439,
	8.72032 1.53609,
	8.71085 1.52671,
	8.70241 1.51636,
	8.6951 1.50516,
	8.689 1.49323,
	8.68419 1.48071,
	8.68071 1.46774,
	8.67861 1.45446,
	"/>
</Transform>

<Transform dim="1"
 xcoef=" 0.127787759976026 1 0 0 0 0"
 ycoef=" 0.414342130831356 0 1 0 0 0">
<Contour name="D049" hidden="false" closed="true" simplified="true" border="0 0 1" fill="0 0 1" mode="13"
 points="10.2526 2.12325,
	10.2534 2.10921,
	10.2558 2.09544,
	10.2598 2.08222,
	10.2653 2.06979,
	10.2722 2.0584,
	10.2804 2.04828,
	10.2896 2.03961,
	10.2998 2.03258,
	10.3107 2.02731,
	10.322 2.0239,
	10.3337 2.02243,
	10.3454 2.02292,
	10.357 2.02536,
	10.3681 2.02971,
	10.3787 2.03588,
	10.3884 2.04375,
	10.3971 2.05317,
	10.4046 2.06395,
	10.4109 2.07589,
	10.4156 2.08874,
	10.4189 2.10227,
	10.4205 2.11621,
	10.4205 2.13028,
	10.4189 2.14422,
	10.4156 2.15775,
	10.4109 2.17061,
	10.4046 2.18254,
	10.3971 2.19332,
	10.3884 2.20274,
	10.3787 2.21061,
	10.3681 2.21678,
	10.357 2.22113,
	10.3454 2.22358,
	10.3337 2.22407,
	10.322 2.2226,
	10.3107 2.21919,
	10.2998 2.21392,
	10.2896 2.20688,
	10.2804 2.19822,
	10.2722 2.18809,
	10.2653 2.17671,
	10.2598 2.16428,
	10.2558 2.15105,
	"/>
</Transform>

<Transform dim="1"
 xcoef=" 0.127787759976026 1 0 0 0 0"
 ycoef=" 0.414342130831356 0 1 0 0 0">
<Contour name="D055" hidden="false" closed="true" simplified="true" border="0 0 1" fill="0 0 1" mode="13"
 points="1.38693 2.21242,
	1.38747 2.20149,
	1.38906 2.19071,
	1.39169 2.18024,
	1.39532 2.17021,
	1.39989 2.16078,
	1.40535 2.15208,
	1.41162 2.14422,
	1.41861 2.13732,
	1.42622 2.13148,
	1.43434 2.12677,
	1.44286 2.12326,
	1.45167 2.12101,
	1.46063 2.12003,
	1.46963 2.12036,
	1.47852 2.12197,
	1.4872 2.12486,
	1.49554 2.12898,
	1.50342 2.13426,
	1.51073 2.14065,
	1.51737 2.14804,
	1.52325 2.15633,
	1.52827 2.16542,
	1.53238 2.17516,
	1.53552 2.18542,
	1.53763 2.19607,
	1.53869 2.20694,
	1.53869 2.21789,
	1.53763 2.22877,
	1.53552 2.23941,
	1.53238 2.24968,
	1.52827 2.25942,
	1.52325 2.2685,
	1.51737 2.2768,
	1.51073 2.28419,
	1.50342 2.29057,
	1.49554 2.29586,
	1.4872 2.29998,
	1.47852 2.30286,
	1.46963 2.30448,
	1.46063 2.3048,
	1.45167 2.30383,
	1.44286 2.30158,
	1.43434 2.29807,
	1.42622 2.29336,
	1.41861 2.28751,
	1.41162 2.28061,
	1.40535 2.27276,
	1.39989 2.26405,
	1.39532 2.25462,
	1.39169 2.2446,
	1.38906 2.23413,
	1.38747 2.22335,
	"/>
</Transform>

<Transform dim="1"
 xcoef=" 0.127787759976026 1 0 0 0 0"
 ycoef=" 0.414342130831356 0 1 0 0 0">
<Contour name="D049_ax03" hidden="false" closed="true" simplified="false" border="0 1 1" fill="0 1 1" mode="11"
 points="11.0731 0.645534,
	11.0848 0.633754,
	11.0377 0.58663,
	11.0495 0.57485,
	11.0966 0.621973,
	11.1084 0.610192,
	11.1084 0.645534,
	"/>
</Transform>

<Transform dim="1"
 xcoef=" 0.127787759976026 1 0 0 0 0"
 ycoef=" 0.414342130831356 0 1 0 0 0">
<Contour name="d046_o25" hidden="false" closed="true" simplified="false" border="1 0 0" fill="1 0 0" mode="-13"
 points="12.5725 2.79735,
	12.6058 2.79735,
	12.5892 2.82787,
	"/>
</Transform>

<Transform dim="1"
 xcoef=" 0.127787759976026 1 0 0 0 0"
 ycoef=" 0.414342130831356 0 1 0 0 0">
<Contour name="D057" hidden="false" closed="true" simplified="true" border="0 0 1" fill="0 0 1" mode="11"
 points="6.68056 9.17798,
	6.68139 9.16508,
	6.68386 9.15243,
	6.68792 9.14029,
	6.6935 9.1289,
	6.70047 9.11849,
	6.7087 9.10927,
	6.71803 9.10141,
	6.72827 9.09507,
	6.73922 9.09039,
	6.75066 9.08744,
	6.76236 9.0863,
	6.77409 9.08699,
	6.78562 9.08948,
	6.79671 9.09374,
	6.80715 9.09968,
	6.81673 9.10717,
	6.82525 9.11607,
	6.83255 9.1262,
	6.83849 9.13737,
	6.84294 9.14934,
	6.84581 9.16188,
	6.84705 9.17474,
	6.84664 9.18767,
	6.84457 9.20041,
	6.8409 9.21269,
	6.8357 9.22429,
	6.82907 9.23497,
	6.82113 9.24451,
	6.81206 9.25273,
	6.80203 9.25945,
	6.79124 9.26456,
	6.7799 9.26795,
	6.76824 9.26954,
	6.75649 9.26931,
	6.7449 9.26727,
	6.73367 9.26344,
	6.72305 9.25792,
	6.71324 9.2508,
	6.70444 9.24224,
	6.69681 9.2324,
	6.69053 9.22147,
	6.6857 9.20968,
	6.68242 9.19725,
	"/>
</Transform>

<Transform dim="1"
 xcoef=" 0.127787759976026 1 0 0 0 0"
 ycoef=" 0.414342130831356 0 1 0 0 0">
<Contour name="D057 ax01" hidden="false" closed="true" simplified="false" border="0 1 1" fill="0 1 1" mode="-9"
 points="3.38362 6.79077,
	3.39948 6.77492,
	3.33605 6.71149,
	3.35191 6.69564,
	3.41533 6.75906,
	3.43119 6.7432,
	3.43119 6.79077,
	"/>
</Transform>

<Transform dim="1"
 xcoef=" 0.127787759976026 1 0 0 0 0"
 ycoef=" 0.414342130831356 0 1 0 0 0">
<Contour name="D046" hidden="false" closed="true" simplified="true" border="0 0 1" fill="0 0 1" mode="13"
 points="12.7735 2.8084,
	12.7746 2.786,
	12.7779 2.76415,
	12.7833 2.74339,
	12.7906 2.72424,
	12.7998 2.70715,
	12.8104 2.69256,
	12.8224 2.68082,
	12.8354 2.67222,
	12.849 2.66698,
	12.863 2.66522,
	12.877 2.66698,
	12.8907 2.67222,
	12.9037 2.68082,
	12.9156 2.69256,
	12.9263 2.70715,
	12.9354 2.72424,
	12.9428 2.74339,
	12.9481 2.76415,
	12.9514 2.786,
	12.9525 2.8084,
	12.9514 2.83079,
	12.9481 2.85264,
	12.9428 2.8734,
	12.9354 2.89256,
	12.9263 2.90964,
	12.9156 2.92423,
	12.9037 2.93597,
	12.8907 2.94457,
	12.877 2.94981,
	12.863 2.95158,
	12.849 2.94981,
	12.8354 2.94457,
	12.8224 2.93597,
	12.8104 2.92423,
	12.7998 2.90964,
	12.7906 2.89256,
	12.7833 2.8734,
	12.7779 2.85264,
	"/>
</Transform>

<Transform dim="1"
 xcoef=" 0.127787759976026 1 0 0 0 0"
 ycoef=" 0.414342130831356 0 1 0 0 0">
<Contour name="d046_p25" hidden="false" closed="true" simplified="true" border="1 1 0" fill="1 1 0" mode="11"
 points="11.5405 2.44686,
	11.5441 2.43544,
	11.5469 2.42973,
	11.5526 2.42474,
	11.5584 2.42117,
	11.5598 2.41974,
	11.5626 2.41903,
	11.5684 2.41546,
	11.5712 2.41474,
	11.5741 2.4126,
	11.5798 2.41189,
	11.5826 2.41046,
	11.6283 2.40618,
	11.6511 2.40546,
	11.6626 2.40546,
	11.6683 2.40546,
	11.6797 2.4076,
	11.6911 2.40832,
	11.6968 2.40903,
	11.7197 2.41617,
	11.7254 2.41688,
	11.7482 2.42545,
	11.7596 2.42973,
	11.7711 2.43616,
	11.7739 2.43758,
	11.7853 2.44829,
	11.7946 2.45971,
	11.7996 2.46542,
	11.8032 2.47113,
	11.8039 2.47399,
	11.8075 2.4797,
	11.8082 2.48255,
	11.8103 2.48541,
	11.8182 2.50825,
	11.8367 2.53109,
	11.8432 2.54251,
	11.846 2.54822,
	11.8474 2.55393,
	11.8474 2.56535,
	11.8367 2.57534,
	11.8339 2.57677,
	11.811 2.57891,
	11.7654 2.57392,
	11.7539 2.57035,
	11.7482 2.56963,
	11.7368 2.56464,
	11.7311 2.56107,
	11.7197 2.5575,
	11.714 2.55607,
	11.7083 2.55322,
	11.7068 2.55179,
	11.704 2.55108,
	11.6925 2.54322,
	11.6811 2.53751,
	11.6783 2.53537,
	11.6554 2.52752,
	11.6326 2.52181,
	11.6212 2.51896,
	11.5983 2.51539,
	11.5755 2.50896,
	11.5698 2.50682,
	11.5669 2.50611,
	11.5662 2.50468,
	11.5634 2.50397,
	11.5519 2.49326,
	11.5505 2.48755,
	11.5462 2.48184,
	11.5434 2.47613,
	11.5419 2.47327,
	11.5405 2.46185,
	11.5405 2.45043,
	11.5405 2.44758,
	"/>
</Transform>

<Transform dim="1"
 xcoef=" 0.127787759976026 1 0 0 0 0"
 ycoef=" 0.414342130831356 0 1 0 0 0">
<Contour name="d046_p27" hidden="false" closed="true" simplified="true" border="1 1 0" fill="1 1 0" mode="11"
 points="11.8755 3.91938,
	11.8763 3.91788,
	11.8763 3.91713,
	11.877 3.91638,
	11.8781 3.91337,
	11.8785 3.91186,
	11.8796 3.91036,
	11.8796 3.90961,
	11.8815 3.9066,
	11.8838 3.90434,
	11.8868 3.90133,
	11.8883 3.89983,
	11.8943 3.89682,
	11.9063 3.89343,
	11.9093 3.89343,
	11.9214 3.8908,
	11.9334 3.88742,
	11.9394 3.88629,
	11.9424 3.88516,
	11.9432 3.88516,
	11.9488 3.88102,
	11.9492 3.88027,
	11.95 3.88027,
	11.953 3.87726,
	11.9571 3.87124,
	11.9616 3.86635,
	11.9646 3.86447,
	11.9707 3.86259,
	11.9767 3.86297,
	11.9778 3.8641,
	11.9786 3.8641,
	11.9789 3.86485,
	11.9819 3.86598,
	11.9849 3.86786,
	11.988 3.86899,
	11.9895 3.86936,
	11.991 3.87049,
	11.9925 3.87049,
	11.9955 3.872,
	12.0075 3.87237,
	12.0105 3.872,
	12.0135 3.87087,
	12.015 3.87049,
	12.0165 3.86936,
	12.0173 3.86936,
	12.0199 3.86673,
	12.0211 3.86598,
	12.0259 3.86034,
	12.0282 3.8577,
	12.0342 3.85357,
	12.0357 3.85319,
	12.0365 3.85244,
	12.0425 3.85093,
	12.0666 3.85056,
	12.0696 3.85056,
	12.0703 3.84981,
	12.0733 3.84943,
	12.0748 3.84943,
	12.0809 3.84717,
	12.0824 3.8468,
	12.0831 3.84604,
	12.0839 3.84604,
	12.0846 3.84529,
	12.0854 3.84529,
	12.0884 3.84304,
	12.0944 3.84078,
	12.1064 3.83777,
	12.1124 3.83739,
	12.1185 3.83777,
	12.1245 3.83927,
	12.1275 3.84003,
	12.129 3.8404,
	12.1297 3.8404,
	12.1305 3.84116,
	12.132 3.84116,
	12.144 3.84529,
	12.1455 3.84642,
	12.147 3.8468,
	12.1531 3.85018,
	12.1546 3.85093,
	12.1553 3.85093,
	12.1568 3.85206,
	12.1628 3.85469,
	12.1636 3.85469,
	12.1651 3.85582,
	12.1659 3.85582,
	12.1674 3.85695,
	12.1734 3.85958,
	12.1764 3.86146,
	12.1779 3.86222,
	12.1786 3.86222,
	12.179 3.86297,
	12.1805 3.86335,
	12.1835 3.86523,
	12.185 3.86598,
	12.1858 3.86673,
	12.1865 3.86673,
	12.1986 3.875,
	12.2046 3.87989,
	12.2076 3.8829,
	12.2155 3.89456,
	12.2178 3.89757,
	12.2193 3.90058,
	12.2204 3.90208,
	12.2208 3.90359,
	12.2215 3.90434,
	12.2219 3.90585,
	12.223 3.90735,
	12.223 3.9081,
	12.2302 3.91976,
	12.2354 3.9254,
	12.2414 3.92954,
	12.2475 3.93292,
	12.249 3.93405,
	12.2497 3.93481,
	12.2505 3.93481,
	12.2531 3.93669,
	12.2539 3.93744,
	12.2546 3.93744,
	12.2603 3.94158,
	12.2633 3.94346,
	12.2655 3.94496,
	12.2682 3.94759,
	12.2738 3.95173,
	12.2794 3.957,
	12.2843 3.96264,
	12.2881 3.96753,
	12.2892 3.96865,
	12.2896 3.97016,
	12.2918 3.97317,
	12.293 3.97467,
	12.2949 3.98069,
	12.2956 3.98144,
	12.2975 3.98746,
	12.2986 3.99348,
	12.299 3.9995,
	12.299 4.0025,
	12.2986 4.00401,
	12.2979 4.00476,
	12.2952 4.01078,
	12.29 4.01454,
	12.2873 4.01642,
	12.2828 4.02206,
	12.2761 4.0341,
	12.2723 4.04011,
	12.2715 4.04049,
	12.2715 4.04124,
	12.2685 4.04425,
	12.2659 4.04651,
	12.2599 4.04952,
	12.2539 4.0514,
	12.2509 4.05253,
	12.2501 4.05253,
	12.2493 4.05328,
	12.2463 4.05441,
	12.2407 4.05817,
	12.2381 4.06042,
	12.2369 4.06118,
	12.232 4.06682,
	12.2298 4.06907,
	12.2253 4.07509,
	12.2245 4.07622,
	12.2219 4.07885,
	12.214 4.09089,
	12.214 4.09164,
	12.2121 4.09427,
	12.2087 4.10631,
	12.2038 4.11834,
	12.2023 4.12135,
	12.202 4.12286,
	12.2012 4.12361,
	12.2008 4.12511,
	12.1989 4.12775,
	12.1978 4.12925,
	12.1971 4.12963,
	12.1971 4.13038,
	12.1926 4.13527,
	12.1918 4.1364,
	12.1809 4.1458,
	12.1749 4.14918,
	12.1719 4.15069,
	12.1711 4.15144,
	12.1651 4.15407,
	12.1636 4.15483,
	12.1628 4.15483,
	12.1625 4.15558,
	12.1564 4.15784,
	12.1444 4.16084,
	12.1384 4.16235,
	12.1324 4.16272,
	12.1203 4.16498,
	12.1143 4.16611,
	12.1113 4.16649,
	12.1098 4.16724,
	12.0978 4.16912,
	12.0918 4.16987,
	12.0857 4.16987,
	12.0737 4.171,
	12.0617 4.17062,
	12.0496 4.16949,
	12.0256 4.16912,
	12.0195 4.16799,
	12.0135 4.16611,
	12.0105 4.16498,
	12.009 4.1646,
	12.0083 4.1646,
	12.0075 4.16385,
	12.0015 4.16197,
	11.9985 4.16084,
	11.997 4.16047,
	11.9962 4.15972,
	11.9902 4.15746,
	11.9887 4.15671,
	11.988 4.15671,
	11.9864 4.15558,
	11.9849 4.1552,
	11.9789 4.15107,
	11.9737 4.14693,
	11.9707 4.14392,
	11.9654 4.13941,
	11.9631 4.13715,
	11.9575 4.13264,
	11.9515 4.12925,
	11.9485 4.12775,
	11.947 4.12737,
	11.9413 4.12399,
	11.9398 4.12361,
	11.9383 4.12248,
	11.9323 4.11985,
	11.9308 4.11947,
	11.93 4.11872,
	11.9285 4.11834,
	11.9225 4.11421,
	11.9124 4.1048,
	11.9075 4.09916,
	11.9056 4.09615,
	11.9045 4.09503,
	11.9045 4.09427,
	11.9003 4.08826,
	11.8996 4.08675,
	11.8996 4.086,
	11.8984 4.08449,
	11.8984 4.08374,
	11.8977 4.08299,
	11.8973 4.08149,
	11.8962 4.07998,
	11.8958 4.07848,
	11.8947 4.07697,
	11.8909 4.06494,
	11.8902 4.05892,
	11.8902 4.0529,
	11.8902 4.04989,
	11.892 4.04388,
	11.8977 4.03222,
	11.8984 4.02921,
	11.8984 4.02319,
	11.8977 4.01717,
	11.8958 4.01115,
	11.8947 4.00514,
	11.8947 3.9931,
	11.8947 3.98708,
	11.8947 3.98407,
	11.8932 3.97806,
	11.8909 3.97204,
	11.8905 3.97054,
	11.8894 3.96903,
	11.889 3.96753,
	11.8853 3.96188,
	11.883 3.95888,
	11.8826 3.95737,
	11.8815 3.95587,
	11.8793 3.94985,
	11.8785 3.94684,
	11.8778 3.94534,
	11.877 3.93932,
	11.8763 3.93631,
	11.8755 3.92427,
	11.8755 3.92127,
	11.8755 3.91976,
	"/>
</Transform>

<Transform dim="0"
 xcoef=" 0 1 0 0 0 0"
 ycoef=" 0 0 1 0 0 0">
<Contour name="d046_p24" hidden="false" closed="true" simplified="true" border="1 1 0" fill="1 1 0" mode="11"
 points="12.9041 1.73496,
	12.9107 1.69985,
	12.9129 1.69107,
	12.9228 1.67351,
	12.9349 1.65815,
	12.9425 1.65156,
	12.9436 1.64717,
	12.9513 1.63949,
	12.9864 1.61535,
	12.9952 1.60986,
	13.0084 1.59669,
	13.015 1.58901,
	13.0172 1.58791,
	13.0172 1.58572,
	13.0237 1.58133,
	13.0325 1.57474,
	13.0391 1.56816,
	13.0424 1.56487,
	13.0446 1.56487,
	13.0611 1.5528,
	13.0698 1.54731,
	13.0742 1.54402,
	13.0764 1.54402,
	13.0808 1.54073,
	13.0984 1.53524,
	13.1335 1.53634,
	13.1379 1.53634,
	13.1423 1.53963,
	13.1445 1.53963,
	13.1609 1.55389,
	13.173 1.57036,
	13.1774 1.57804,
	13.1796 1.58243,
	13.1818 1.58462,
	13.1818 1.58682,
	13.1851 1.59121,
	13.1884 1.59998,
	13.1927 1.6351,
	13.1927 1.67022,
	13.1927 1.679,
	13.1894 1.68778,
	13.1862 1.70533,
	13.1785 1.72289,
	13.1752 1.73167,
	13.1752 1.73387,
	13.1719 1.73826,
	13.1719 1.74045,
	13.1697 1.74264,
	13.162 1.7602,
	13.1576 1.76898,
	13.1543 1.77227,
	13.1543 1.77447,
	13.1401 1.79203,
	13.1324 1.80081,
	13.117 1.81507,
	13.1017 1.82714,
	13.0929 1.83044,
	13.0841 1.83153,
	13.0819 1.83373,
	13.0731 1.83482,
	13.0687 1.83702,
	13.0512 1.83812,
	13.0424 1.83921,
	13.038 1.84141,
	13.0029 1.84141,
	12.9853 1.84031,
	12.9766 1.83812,
	12.9722 1.83592,
	12.97 1.83592,
	12.9535 1.82495,
	12.9447 1.81836,
	12.9392 1.81178,
	12.925 1.79861,
	12.9129 1.78215,
	12.9074 1.77337,
	12.9041 1.76459,
	12.9041 1.74703,
	12.9041 1.73826,
	12.9041 1.73606,
	"/>
</Transform>

<Transform dim="0"
 xcoef=" 0 1 0 0 0 0"
 ycoef=" 0 0 1 0 0 0">
<Contour name="d046" hidden="false" closed="true" simplified="true" border="1 1 0" fill="1 1 0" mode="11"
 points="12.3029 2.48095,
	12.3098 2.46242,
	12.311 2.45316,
	12.3167 2.43464,
	12.3202 2.42538,
	12.3202 2.42075,
	12.3376 2.3837,
	12.3526 2.36518,
	12.37 2.34781,
	12.3885 2.33392,
	12.407 2.32234,
	12.4163 2.31655,
	12.4348 2.31077,
	12.4719 2.29572,
	12.4904 2.28645,
	12.5274 2.26214,
	12.546 2.25056,
	12.5645 2.23667,
	12.6015 2.21236,
	12.6386 2.18573,
	12.6479 2.18458,
	12.6571 2.18689,
	12.6756 2.19731,
	12.6942 2.2112,
	12.7034 2.21699,
	12.7127 2.22046,
	12.7312 2.22278,
	12.7683 2.22046,
	12.7868 2.21699,
	12.8053 2.2112,
	12.8423 2.20541,
	12.8516 2.20657,
	12.8701 2.21468,
	12.8875 2.22973,
	12.8956 2.24825,
	12.8944 2.26677,
	12.8875 2.2853,
	12.8863 2.30382,
	12.891 2.32234,
	12.8968 2.3316,
	12.9338 2.35939,
	12.9442 2.37791,
	12.95 2.38717,
	12.957 2.39412,
	12.9662 2.41264,
	12.9882 2.48674,
	12.9952 2.50526,
	12.9998 2.52378,
	13.0009 2.53304,
	13.0253 2.60714,
	13.0287 2.6164,
	13.0322 2.65344,
	13.0334 2.66271,
	13.031 2.68123,
	13.0241 2.69975,
	13.0195 2.70901,
	13.0172 2.71364,
	13.0183 2.73217,
	13.0195 2.74143,
	13.0264 2.75995,
	13.0299 2.77848,
	13.0287 2.797,
	13.0241 2.81552,
	13.0206 2.82478,
	13.0125 2.86183,
	13.0067 2.88035,
	12.9917 2.89888,
	12.9176 2.9093,
	12.8805 2.91856,
	12.862 2.92435,
	12.825 2.92782,
	12.8065 2.92898,
	12.7324 2.92087,
	12.7231 2.92203,
	12.6861 2.93245,
	12.649 2.93361,
	12.6305 2.93245,
	12.6212 2.93245,
	12.5842 2.92203,
	12.5471 2.89772,
	12.5101 2.87804,
	12.4916 2.87225,
	12.473 2.86878,
	12.436 2.86878,
	12.4175 2.8653,
	12.4082 2.86299,
	12.3897 2.85257,
	12.3851 2.84794,
	12.3769 2.82941,
	12.3735 2.82015,
	12.3712 2.80163,
	12.3723 2.78311,
	12.3735 2.77384,
	12.3862 2.7368,
	12.3908 2.72754,
	12.3966 2.70901,
	12.3989 2.69975,
	12.4001 2.68123,
	12.3966 2.64418,
	12.3804 2.60714,
	12.3723 2.58861,
	12.3619 2.57009,
	12.3596 2.56546,
	12.355 2.56083,
	12.3364 2.55272,
	12.3272 2.54925,
	12.3191 2.54115,
	12.3144 2.53652,
	12.3086 2.52725,
	12.304 2.50873,
	12.304 2.49021,
	12.3052 2.48674,
	12.3029 2.48442,
	12.3029 2.4821,
	"/>
<Contour name="Copy of d046_i16_p26" hidden="false" closed="true" simplified="true" border="1 1 0" fill="1 1 0" mode="11"
 points="12.3029 2.48095,
	12.3098 2.46242,
	12.311 2.45316,
	12.3167 2.43464,
	12.3202 2.42538,
	12.3202 2.42075,
	12.3376 2.3837,
	12.3526 2.36518,
	12.37 2.34781,
	12.3885 2.33392,
	12.407 2.32234,
	12.4163 2.31655,
	12.4348 2.31077,
	12.4719 2.29572,
	12.4904 2.28645,
	12.5274 2.26214,
	12.546 2.25056,
	12.5645 2.23667,
	12.6015 2.21236,
	12.6386 2.18573,
	12.6479 2.18458,
	12.6571 2.18689,
	12.6756 2.19731,
	12.6942 2.2112,
	12.7034 2.21699,
	12.7127 2.22046,
	12.7312 2.22278,
	12.7683 2.22046,
	12.7868 2.21699,
	12.8053 2.2112,
	12.8423 2.20541,
	12.8516 2.20657,
	12.8701 2.21468,
	12.8875 2.22973,
	12.8956 2.24825,
	12.8944 2.26677,
	12.8875 2.2853,
	12.8863 2.30382,
	12.891 2.32234,
	12.8968 2.3316,
	12.9338 2.35939,
	12.9442 2.37791,
	12.95 2.38717,
	12.957 2.39412,
	12.9662 2.41264,
	12.9882 2.48674,
	12.9952 2.50526,
	12.9998 2.52378,
	13.0009 2.53304,
	13.0253 2.60714,
	13.0287 2.6164,
	13.0322 2.65344,
	13.0334 2.66271,
	13.031 2.68123,
	13.0241 2.69975,
	13.0195 2.70901,
	13.0172 2.71364,
	13.0183 2.73217,
	13.0195 2.74143,
	13.0264 2.75995,
	13.0299 2.77848,
	13.0287 2.797,
	13.0241 2.81552,
	13.0206 2.82478,
	13.0125 2.86183,
	13.0067 2.88035,
	12.9917 2.89888,
	12.9176 2.9093,
	12.8805 2.91856,
	12.862 2.92435,
	12.825 2.92782,
	12.8065 2.92898,
	12.7324 2.92087,
	12.7231 2.92203,
	12.6861 2.93245,
	12.649 2.93361,
	12.6305 2.93245,
	12.6212 2.93245,
	12.5842 2.92203,
	12.5471 2.89772,
	12.5101 2.87804,
	12.4916 2.87225,
	12.473 2.86878,
	12.436 2.86878,
	12.4175 2.8653,
	12.4082 2.86299,
	12.3897 2.85257,
	12.3851 2.84794,
	12.3769 2.82941,
	12.3735 2.82015,
	12.3712 2.80163,
	12.3723 2.78311,
	12.3735 2.77384,
	12.3862 2.7368,
	12.3908 2.72754,
	12.3966 2.70901,
	12.3989 2.69975,
	12.4001 2.68123,
	12.3966 2.64418,
	12.3804 2.60714,
	12.3723 2.58861,
	12.3619 2.57009,
	12.3596 2.56546,
	12.355 2.56083,
	12.3364 2.55272,
	12.3272 2.54925,
	12.3191 2.54115,
	12.3144 2.53652,
	12.3086 2.52725,
	12.304 2.50873,
	12.304 2.49021,
	12.3052 2.48674,
	12.3029 2.48442,
	12.3029 2.4821,
	"/>
</Transform>

<Transform dim="0"
 xcoef=" 0 1 0 0 0 0"
 ycoef=" 0 0 1 0 0 0">
<Contour name="d046_p25" hidden="false" closed="true" simplified="true" border="1 1 0" fill="1 1 0" mode="11"
 points="11.9677 2.32722,
	11.9725 2.32079,
	11.9785 2.31475,
	11.9801 2.31354,
	11.9866 2.31153,
	11.9994 2.30912,
	12.0059 2.30791,
	12.0188 2.30711,
	12.0445 2.30228,
	12.096 2.29463,
	12.1475 2.2894,
	12.1604 2.289,
	12.1861 2.2898,
	12.2119 2.29141,
	12.2376 2.29222,
	12.2441 2.29222,
	12.2569 2.29423,
	12.2602 2.29463,
	12.273 2.30027,
	12.2795 2.30268,
	12.331 2.31797,
	12.3326 2.31837,
	12.3427 2.33125,
	12.3491 2.33688,
	12.3507 2.33809,
	12.3571 2.3397,
	12.3604 2.3409,
	12.3732 2.34332,
	12.3797 2.34332,
	12.3925 2.34211,
	12.399 2.34131,
	12.4006 2.34131,
	12.4014 2.34171,
	12.3885 2.35056,
	12.3756 2.36102,
	12.3692 2.36585,
	12.3567 2.37832,
	12.3471 2.3912,
	12.3422 2.39764,
	12.3394 2.40085,
	12.3314 2.41373,
	12.3278 2.42017,
	12.3274 2.42057,
	12.327 2.41413,
	12.3274 2.40769,
	12.327 2.40126,
	12.3266 2.39804,
	12.3266 2.39643,
	12.3253 2.39321,
	12.3245 2.3916,
	12.3181 2.38838,
	12.3149 2.38717,
	12.2891 2.38516,
	12.2763 2.38436,
	12.2505 2.38717,
	12.2441 2.38878,
	12.2376 2.3924,
	12.2344 2.39401,
	12.2215 2.40448,
	12.2151 2.40971,
	12.2119 2.41172,
	12.2054 2.41453,
	12.199 2.41494,
	12.096 2.41252,
	12.0831 2.41212,
	12.0574 2.40608,
	12.0445 2.40327,
	12.0316 2.39924,
	12.0188 2.39401,
	12.0123 2.3916,
	12.0091 2.3908,
	11.9962 2.38154,
	11.9898 2.37711,
	11.9862 2.37068,
	11.9753 2.34493,
	11.9689 2.33205,
	11.9677 2.32883,
	11.9677 2.32763,
	"/>
</Transform>

<Transform dim="1"
 xcoef=" 5.01778775997603 1 0 0 0 0"
 ycoef=" 9.54434213083136 0 1 0 0 0">
<Image mag="0.00201646" contrast="3.07154" brightness="-2.02" red="true" green="true" blue="true"
 src="119.tif_1.bmp" />
<Contour name="domain1" hidden="false" closed="true" simplified="false" border="1 0 1" fill="1 0 1" mode="11"
 points="0 0,
	12287 0,
	12287 12287,
	0 12287,
	"/>
</Transform>

<Transform dim="0"
 xcoef=" 0 1 0 0 0 0"
 ycoef=" 0 0 1 0 0 0">
<Contour name="d046_checked" hidden="false" closed="true" simplified="false" border="0 1 0" fill="0 1 0" mode="-13"
 points="12.4488 2.4039,
	12.4578 2.39128,
	12.4488 2.37866,
	12.4542 2.37866,
	12.4614 2.38948,
	12.4686 2.37866,
	12.474 2.37866,
	12.465 2.39128,
	12.474 2.4039,
	12.4686 2.4039,
	12.4614 2.39309,
	12.4542 2.4039,
	"/>
</Transform>

<Transform dim="0"
 xcoef=" 0 1 0 0 0 0"
 ycoef=" 0 0 1 0 0 0">
<Contour name="D046_ax01" hidden="false" closed="true" simplified="false" border="0 1 1" fill="0 1 1" mode="-11"
 points="10.6539 7.5632,
	10.6664 7.5507,
	10.6164 7.50071,
	10.6289 7.48821,
	10.6789 7.5382,
	10.6914 7.5257,
	10.6914 7.5632,
	"/>
</Transform>

<Transform dim="0"
 xcoef=" 0 1 0 0 0 0"
 ycoef=" 0 0 1 0 0 0">
<Contour name="d046_c22" hidden="false" closed="true" simplified="true" border="1 0 0" fill="1 0 0" mode="11"
 points="12.5186 1.54622,
	12.5204 1.54041,
	12.5204 1.53968,
	12.5211 1.53896,
	12.5211 1.53823,
	12.5244 1.53279,
	12.5259 1.52988,
	12.528 1.52698,
	12.5295 1.52407,
	12.5306 1.52298,
	12.5313 1.52262,
	12.5313 1.5219,
	12.5335 1.51972,
	12.5393 1.51645,
	12.5408 1.515,
	12.5466 1.51137,
	12.548 1.51028,
	12.5487 1.51028,
	12.5509 1.50846,
	12.5524 1.50774,
	12.5527 1.50701,
	12.5556 1.50592,
	12.5564 1.5052,
	12.5571 1.5052,
	12.5585 1.50411,
	12.5593 1.50411,
	12.5596 1.50338,
	12.5625 1.50265,
	12.564 1.50193,
	12.5647 1.50193,
	12.5654 1.5012,
	12.5683 1.50011,
	12.5698 1.49939,
	12.5705 1.49939,
	12.5712 1.49866,
	12.5829 1.49467,
	12.5945 1.4914,
	12.6003 1.49031,
	12.6032 1.48995,
	12.6061 1.48886,
	12.609 1.48886,
	12.6105 1.4885,
	12.6112 1.4885,
	12.6119 1.48777,
	12.6148 1.48704,
	12.6163 1.48704,
	12.6166 1.48632,
	12.6181 1.48632,
	12.6239 1.4845,
	12.6246 1.48414,
	12.6275 1.4845,
	12.6333 1.48414,
	12.6391 1.48523,
	12.642 1.48632,
	12.6435 1.48668,
	12.6442 1.48668,
	12.6449 1.48741,
	12.6457 1.48741,
	12.6511 1.49104,
	12.654 1.49321,
	12.6551 1.49394,
	12.6598 1.49902,
	12.6624 1.50084,
	12.6631 1.50229,
	12.6638 1.50229,
	12.666 1.50447,
	12.6689 1.50628,
	12.6787 1.515,
	12.6838 1.51972,
	12.6838 1.52044,
	12.686 1.52335,
	12.6874 1.52589,
	12.6882 1.52662,
	12.6882 1.52734,
	12.6889 1.52807,
	12.6896 1.53097,
	12.69 1.53242,
	12.6907 1.53279,
	12.6914 1.5386,
	12.6911 1.5415,
	12.6911 1.54223,
	12.6903 1.54295,
	12.6892 1.54586,
	12.6892 1.54658,
	12.6885 1.54731,
	12.6885 1.54803,
	12.6845 1.55275,
	12.6834 1.55421,
	12.6827 1.55457,
	12.6827 1.5553,
	12.6805 1.55784,
	12.678 1.55965,
	12.6769 1.56074,
	12.6762 1.56074,
	12.6754 1.56147,
	12.6747 1.56147,
	12.6736 1.56256,
	12.6722 1.56292,
	12.6693 1.56474,
	12.658 1.56873,
	12.6551 1.56982,
	12.6493 1.57054,
	12.6435 1.572,
	12.6377 1.572,
	12.6319 1.57272,
	12.6203 1.57272,
	12.597 1.57127,
	12.5738 1.57163,
	12.5622 1.57163,
	12.5564 1.57163,
	12.5506 1.57236,
	12.5389 1.57236,
	12.5331 1.57272,
	12.5302 1.57163,
	12.5273 1.56945,
	12.5233 1.5651,
	12.5193 1.55348,
	12.5186 1.54767,
	12.5186 1.54658,
	"/>
</Transform>

<Transform dim="0"
 xcoef=" 0 1 0 0 0 0"
 ycoef=" 0 0 1 0 0 0">
<Contour name="d046_cfa24" hidden="false" closed="true" simplified="true" border="0 1 0" fill="0 1 0" mode="11"
 points="12.9092 1.70915,
	12.9117 1.70417,
	12.9117 1.70293,
	12.9155 1.69795,
	12.918 1.69359,
	12.9186 1.6911,
	12.9223 1.68612,
	12.9267 1.67615,
	12.9391 1.65685,
	12.9429 1.65249,
	12.946 1.65,
	12.946 1.64876,
	12.9485 1.64751,
	12.9535 1.64315,
	12.9553 1.64129,
	12.9566 1.64191,
	12.9591 1.63942,
	12.964 1.63693,
	12.9653 1.63444,
	12.9696 1.63132,
	12.9777 1.62261,
	12.9858 1.61264,
	12.9939 1.60455,
	12.9983 1.60081,
	13.0008 1.59832,
	13.002 1.59832,
	13.0039 1.59583,
	13.0082 1.59272,
	13.0101 1.59147,
	13.0126 1.58898,
	13.0213 1.58213,
	13.0251 1.57902,
	13.0288 1.57466,
	13.0369 1.56781,
	13.0462 1.56096,
	13.0512 1.55723,
	13.0562 1.55536,
	13.0568 1.55412,
	13.0581 1.55412,
	13.0587 1.55287,
	13.0612 1.55287,
	13.0643 1.551,
	13.0693 1.54976,
	13.0742 1.54976,
	13.0792 1.54851,
	13.0992 1.54851,
	13.1041 1.54913,
	13.1066 1.54913,
	13.1116 1.55225,
	13.1135 1.55412,
	13.116 1.55474,
	13.1203 1.55847,
	13.1234 1.56346,
	13.1253 1.56595,
	13.1265 1.57093,
	13.1259 1.59085,
	13.1259 1.59334,
	13.1247 1.59459,
	13.1241 1.59708,
	13.1222 1.59895,
	13.1222 1.60019,
	13.1191 1.60517,
	13.1178 1.6058,
	13.1178 1.60704,
	13.1166 1.60766,
	13.1166 1.60891,
	13.1097 1.61763,
	13.1072 1.62261,
	13.106 1.62759,
	13.106 1.62883,
	13.1048 1.62946,
	13.1016 1.63942,
	13.1016 1.64066,
	13.1004 1.64191,
	13.0992 1.64689,
	13.0935 1.65623,
	13.0911 1.65996,
	13.0836 1.66868,
	13.0792 1.67242,
	13.0767 1.67491,
	13.0736 1.67927,
	13.0693 1.68363,
	13.0643 1.68674,
	13.045 1.69234,
	13.04 1.69297,
	13.035 1.69483,
	13.0325 1.69546,
	13.0313 1.6967,
	13.0269 1.69857,
	13.0082 1.71164,
	12.9995 1.71912,
	12.9964 1.72223,
	12.9877 1.7297,
	12.9827 1.73344,
	12.9815 1.73468,
	12.9802 1.73468,
	12.9709 1.74153,
	12.9659 1.7434,
	12.9634 1.74464,
	12.9535 1.74527,
	12.9435 1.74464,
	12.9335 1.74029,
	12.9236 1.73406,
	12.9211 1.73281,
	12.918 1.72908,
	12.9142 1.7241,
	12.9111 1.72036,
	12.9092 1.71538,
	12.9092 1.7104,
	12.9092 1.70978,
	"/>
</Transform>

<Transform dim="0"
 xcoef=" 0 1 0 0 0 0"
 ycoef=" 0 0 1 0 0 0">
<Contour name="d046_c24" hidden="false" closed="true" simplified="true" border="1 0 0" fill="1 0 0" mode="11"
 points="12.8501 1.63319,
	12.8513 1.63195,
	12.852 1.62696,
	12.8532 1.62447,
	12.8545 1.62323,
	12.8551 1.62074,
	12.8582 1.61576,
	12.8625 1.61202,
	12.8657 1.60766,
	12.8706 1.60393,
	12.8719 1.60393,
	12.88 1.5977,
	12.8893 1.59147,
	12.8937 1.58898,
	12.8943 1.58774,
	12.8955 1.58774,
	12.8999 1.58463,
	12.9043 1.58027,
	12.9229 1.56719,
	12.9242 1.56719,
	12.9323 1.56034,
	12.9335 1.55847,
	12.9348 1.55847,
	12.9354 1.55723,
	12.9366 1.55723,
	12.9366 1.55598,
	12.9454 1.54913,
	12.9472 1.54727,
	12.9485 1.54727,
	12.951 1.54478,
	12.9516 1.54353,
	12.9528 1.54353,
	12.9566 1.53979,
	12.9591 1.5373,
	12.9603 1.5373,
	12.964 1.53419,
	12.9665 1.53232,
	12.969 1.53232,
	12.9715 1.53108,
	12.9728 1.52983,
	12.974 1.52983,
	12.9821 1.52361,
	12.9914 1.51738,
	12.9927 1.51676,
	12.9927 1.51551,
	12.997 1.51302,
	13.0064 1.50617,
	13.0107 1.50244,
	13.0132 1.50119,
	13.0145 1.49995,
	13.0157 1.49995,
	13.0238 1.4931,
	13.0275 1.48998,
	13.03 1.48812,
	13.0313 1.48749,
	13.0313 1.48625,
	13.0356 1.48313,
	13.0369 1.48313,
	13.0456 1.47691,
	13.0506 1.47317,
	13.0605 1.46944,
	13.0705 1.46944,
	13.073 1.46944,
	13.0742 1.46944,
	13.0836 1.47629,
	13.0886 1.4794,
	13.0917 1.48376,
	13.0935 1.48687,
	13.0948 1.48687,
	13.1035 1.49372,
	13.1091 1.50368,
	13.1104 1.50617,
	13.1116 1.50679,
	13.1116 1.50804,
	13.1153 1.5124,
	13.1178 1.51738,
	13.1178 1.51863,
	13.1191 1.51987,
	13.1191 1.52236,
	13.1203 1.52361,
	13.1222 1.52796,
	13.1228 1.53046,
	13.1241 1.5317,
	13.1241 1.53295,
	13.1259 1.53544,
	13.129 1.5454,
	13.129 1.54789,
	13.1303 1.54913,
	13.1303 1.55163,
	13.1315 1.55287,
	13.1334 1.56283,
	13.1346 1.56781,
	13.1346 1.58774,
	13.1346 1.5977,
	13.1346 1.60268,
	13.1328 1.61264,
	13.1209 1.65187,
	13.1203 1.65685,
	13.1135 1.67678,
	13.1135 1.67927,
	13.1122 1.67989,
	13.1122 1.68113,
	13.1085 1.68612,
	13.1066 1.68798,
	13.1054 1.68861,
	13.1054 1.68985,
	13.0954 1.69421,
	13.0929 1.69608,
	13.0904 1.69608,
	13.0855 1.69795,
	13.0811 1.7023,
	13.0711 1.70915,
	13.0699 1.70915,
	13.0668 1.71227,
	13.0655 1.71227,
	13.0624 1.716,
	13.0531 1.72223,
	13.0481 1.72534,
	13.0456 1.72721,
	13.0431 1.72783,
	13.0394 1.73157,
	13.0369 1.73219,
	13.0356 1.73344,
	13.0307 1.7353,
	13.0282 1.7353,
	13.0232 1.7378,
	13.0132 1.74091,
	13.0082 1.74278,
	13.007 1.74402,
	13.0058 1.74402,
	13.0045 1.74527,
	12.9995 1.74713,
	12.997 1.74776,
	12.9958 1.74776,
	12.9945 1.749,
	12.9896 1.75025,
	12.9865 1.75212,
	12.9815 1.75336,
	12.979 1.75398,
	12.9777 1.75523,
	12.9728 1.75647,
	12.9703 1.75647,
	12.9678 1.75772,
	12.9578 1.75772,
	12.9528 1.75772,
	12.9479 1.75585,
	12.9454 1.75461,
	12.9429 1.75461,
	12.9404 1.75336,
	12.9379 1.75336,
	12.9279 1.74963,
	12.9236 1.74589,
	12.9211 1.74402,
	12.9198 1.74402,
	12.9173 1.74215,
	12.9161 1.74029,
	12.9074 1.73344,
	12.9024 1.73032,
	12.8974 1.72534,
	12.8943 1.72161,
	12.8862 1.71289,
	12.8769 1.70293,
	12.8738 1.69857,
	12.8694 1.68923,
	12.8675 1.68674,
	12.8669 1.68425,
	12.8657 1.683,
	12.8619 1.67304,
	12.8588 1.66806,
	12.8582 1.66557,
	12.8563 1.6637,
	12.8532 1.65374,
	12.8532 1.65249,
	12.852 1.65125,
	12.8501 1.64129,
	12.8501 1.6363,
	12.8501 1.63381,
	"/>
</Transform>

</Section>