<?xml version="1.0"?>
<!DOCTYPE Section SYSTEM "section.dtd">

<Section index="32" thickness="0.048" alignLocked="false">
<Transform dim="6"
 xcoef=" 0.450576942607857 0.897875834397585 0.0805905358011984 0 0 0"
 ycoef=" 1.26084434943676 -0.07009391418183 0.961047659281831 0 0 0">
<Image mag="0.00220626" contrast="1.15763" brightness="-0.345" red="true" green="true" blue="true"
 src="FPNCT.32.jpg" />
<Contour name="domain1" hidden="true" closed="true" simplified="false" border="1 0 1" fill="1 0 1" mode="11"
 points="0 0,
	4096 0,
	4096 4096,
	0 4096,
	"/>
</Transform>

<Transform dim="1"
 xcoef=" -0.01 1 0 0 0 0"
 ycoef=" 0 0 1 0 0 0">
<Contour name="d01_cl02_syn_symm" hidden="false" closed="true" simplified="true" border="1 1 0" fill="1 1 0" mode="11"
 points="3.94751 3.60043,
	3.96978 3.57726,
	3.97273 3.57109,
	3.98462 3.56181,
	3.99058 3.55872,
	3.99356 3.55872,
	3.99653 3.55563,
	4.0025 3.55408,
	4.00548 3.55408,
	4.00845 3.55099,
	4.0204 3.54943,
	4.04268 3.52935,
	4.05459 3.52161,
	4.10228 3.50459,
	4.15006 3.503,
	4.162 3.50299,
	4.16798 3.50299,
	4.17996 3.50915,
	4.18297 3.51223,
	4.18595 3.51223,
	4.19046 3.51686,
	4.23826 3.5199,
	4.26214 3.51679,
	4.28604 3.51832,
	4.29801 3.52139,
	4.304 3.52602,
	4.31005 3.53837,
	4.31766 3.56306,
	4.32072 3.5754,
	4.32372 3.57849,
	4.32525 3.58466,
	4.32976 3.59083,
	4.33737 3.61553,
	4.34489 3.62632,
	4.35688 3.63403,
	4.38075 3.62938,
	4.40308 3.61547,
	4.40902 3.61083,
	4.42094 3.60619,
	4.43289 3.60618,
	4.44485 3.60926,
	4.46882 3.62158,
	4.4748 3.62312,
	4.47781 3.6262,
	4.48079 3.6262,
	4.49279 3.63545,
	4.50935 3.65859,
	4.51386 3.66476,
	4.51985 3.66784,
	4.53186 3.67863,
	4.54843 3.70332,
	4.55894 3.71412,
	4.56942 3.71874,
	4.59045 3.74187,
	4.595 3.75422,
	4.59802 3.7604,
	4.59667 3.78509,
	4.59674 3.79744,
	4.59677 3.80361,
	4.59979 3.80979,
	4.59981 3.81287,
	4.60433 3.81904,
	4.61193 3.84374,
	4.61649 3.85608,
	4.621 3.86225,
	4.62406 3.8746,
	4.62708 3.88077,
	4.62566 3.89312,
	4.6242 3.89929,
	4.61531 3.91165,
	4.60639 3.92093,
	4.5826 3.93793,
	4.56328 3.95492,
	4.53947 3.97192,
	4.5157 3.99356,
	4.50838 4.01827,
	4.50695 4.03061,
	4.50699 4.03679,
	4.49959 4.04914,
	4.47881 4.07078,
	4.45497 4.08161,
	4.449 4.08315,
	4.44306 4.08779,
	4.41919 4.09244,
	4.40724 4.09245,
	4.40426 4.09246,
	4.40129 4.09555,
	4.37745 4.10637,
	4.36553 4.11101,
	4.3416 4.10332,
	4.29378 4.09873,
	4.24599 4.09723,
	4.22209 4.09725,
	4.21014 4.09726,
	4.20417 4.09727,
	4.19818 4.09419,
	4.18623 4.0942,
	4.1743 4.09729,
	4.16832 4.0973,
	4.16533 4.0973,
	4.16083 4.09268,
	4.15621 4.06798,
	4.15316 4.05563,
	4.14565 4.04792,
	4.14558 4.03557,
	4.14704 4.0294,
	4.14401 4.02322,
	4.12006 4.01244,
	4.10806 4.00165,
	4.10351 3.98929,
	4.10347 3.98312,
	4.10346 3.98003,
	4.10642 3.97694,
	4.10188 3.9646,
	4.09875 3.93991,
	4.0957 3.92756,
	4.09417 3.92139,
	4.07166 3.90288,
	4.0267 3.87514,
	4.01016 3.85509,
	3.9951 3.83194,
	3.99055 3.8196,
	3.99197 3.80725,
	3.99041 3.7949,
	3.99482 3.78255,
	3.99169 3.75785,
	3.99142 3.70846,
	3.99433 3.69611,
	3.99729 3.68993,
	3.99576 3.68376,
	3.99574 3.68066,
	3.97475 3.66524,
	3.97023 3.65907,
	3.96871 3.6529,
	3.95065 3.62822,
	3.94759 3.61588,
	3.94753 3.60352,
	3.94752 3.60198,
	"/>
<Contour name="mito3" hidden="false" closed="false" simplified="true" border="1 0.5 0" fill="1 0.5 0" mode="13"
 points="2.28993 5.28968,
	2.29228 5.08612,
	"/>
<Contour name="D04_high_caliber" hidden="false" closed="true" simplified="true" border="1 0 0" fill="1 0 0" mode="13"
 points="1.38995 3.9084,
	1.39739 3.85432,
	1.41999 3.80275,
	1.45668 3.7561,
	1.50575 3.71657,
	1.56491 3.68599,
	1.63139 3.66579,
	1.70207 3.65693,
	1.77366 3.65981,
	1.84281 3.6743,
	1.90628 3.69973,
	1.9611 3.73489,
	2.00473 3.77816,
	2.0351 3.82749,
	2.05081 3.88061,
	2.05111 3.935,
	2.036 3.98814,
	2.00618 4.03753,
	1.96304 4.08088,
	1.90861 4.11614,
	1.84543 4.14168,
	1.77644 4.15629,
	1.70489 4.1593,
	1.63411 4.15057,
	1.5674 4.13049,
	1.5079 4.10002,
	1.45839 4.06058,
	1.42118 4.01399,
	"/>
<Contour name="D06_mid-caliber" hidden="false" closed="true" simplified="true" border="0 0 1" fill="0 0 1" mode="9"
 points="6.10462 7.48175,
	6.10836 7.44082,
	6.11986 7.40152,
	6.13869 7.36538,
	6.16408 7.33386,
	6.19504 7.30819,
	6.23034 7.28939,
	6.26858 7.27822,
	6.30824 7.27511,
	6.34774 7.28019,
	6.38554 7.29326,
	6.42011 7.31379,
	6.45008 7.34098,
	6.4743 7.37373,
	6.49176 7.41077,
	6.50181 7.45061,
	6.50402 7.49169,
	6.49832 7.53235,
	6.48492 7.57101,
	6.46438 7.60613,
	6.43749 7.63629,
	6.40531 7.66032,
	6.36914 7.67727,
	6.33041 7.68646,
	6.29064 7.68753,
	6.25142 7.68041,
	6.2143 7.66543,
	6.18076 7.64314,
	6.15212 7.61446,
	6.12951 7.5805,
	6.11384 7.54261,
	"/>
<Contour name="D07_noSymmetric" hidden="false" closed="true" simplified="true" border="1 0 1" fill="1 0 1" mode="9"
 points="5.56826 6.84301,
	5.57287 6.79344,
	5.58697 6.74684,
	5.6097 6.70606,
	5.63971 6.67353,
	5.67516 6.65123,
	5.71394 6.64051,
	5.75368 6.64202,
	5.79199 6.65564,
	5.82655 6.68059,
	5.85529 6.71534,
	5.87645 6.75779,
	5.88877 6.80538,
	5.8915 6.85523,
	5.88447 6.90434,
	5.86811 6.94973,
	5.8434 6.98867,
	5.81185 7.0188,
	5.77536 7.03831,
	5.73611 7.046,
	5.69651 7.04143,
	5.65893 7.02487,
	5.62564 6.9973,
	5.59865 6.96041,
	5.57959 6.91642,
	"/>
<Contour name="d02c03" hidden="false" closed="true" simplified="true" border="1 0 0" fill="0 1 0" mode="11"
 points="4.55996 3.306,
	4.56767 3.29797,
	4.57526 3.26587,
	4.59449 3.23375,
	4.6213 3.16953,
	4.63276 3.13743,
	4.63646 3.10533,
	4.64804 3.09328,
	4.67909 3.09325,
	4.69083 3.10929,
	4.68712 3.14139,
	4.66808 3.2056,
	4.66049 3.2377,
	4.66058 3.25376,
	4.62213 3.31798,
	4.59114 3.33005,
	4.57562 3.33006,
	4.56388 3.31402,
	4.56386 3.31001,
	"/>
<Contour name="d02cfa03" hidden="false" closed="false" simplified="false" border="0 1 0" fill="0 1 1" mode="11"
 points="4.66863 3.09022,
	4.62277 3.21865,
	4.5884 3.31899,
	"/>
<Contour name="d02c04" hidden="false" closed="true" simplified="true" border="1 0 0" fill="0 1 0" mode="11"
 points="5.54992 2.64712,
	5.56535 2.63105,
	5.57307 2.62303,
	5.60413 2.623,
	5.61965 2.62299,
	5.64693 2.64302,
	5.65867 2.65906,
	5.67491 2.78743,
	5.67509 2.81952,
	5.67518 2.83558,
	5.65596 2.86769,
	5.6405 2.87974,
	5.62495 2.87574,
	5.59354 2.81158,
	5.57377 2.7474,
	5.57359 2.7153,
	5.56186 2.69927,
	5.55003 2.66718,
	5.54994 2.65113,
	"/>
<Contour name="d02cfa04" hidden="false" closed="false" simplified="false" border="0 1 0" fill="0 1 1" mode="11"
 points="5.64162 2.86467,
	5.62569 2.79246,
	5.60577 2.7002,
	5.57433 2.63203,
	"/>
<Contour name="D08" hidden="false" closed="true" simplified="true" border="1 0 0" fill="1 0 0" mode="9"
 points="6.29142 2.7931,
	6.29994 2.7482,
	6.32518 2.70768,
	6.36466 2.67552,
	6.41453 2.65484,
	6.46989 2.64768,
	6.52534 2.65474,
	6.57543 2.67533,
	6.61528 2.70742,
	6.64098 2.74789,
	6.65 2.79278,
	6.64148 2.83767,
	6.61623 2.87819,
	6.57675 2.91035,
	6.52689 2.93103,
	6.47152 2.93819,
	6.41608 2.93113,
	6.36598 2.91054,
	6.32613 2.87845,
	"/>
<Contour name="D13_high caliber" hidden="false" closed="true" simplified="true" border="0.5 0 1" fill="0.5 0 1" mode="9"
 points="2.52932 1.70045,
	2.53698 1.61936,
	2.56048 1.54233,
	2.59865 1.47322,
	2.64956 1.41548,
	2.71067 1.37201,
	2.77892 1.34501,
	2.85087 1.33581,
	2.92292 1.34488,
	2.99146 1.37176,
	3.05306 1.41512,
	3.10462 1.47276,
	3.14356 1.54181,
	3.16792 1.61879,
	3.17649 1.69986,
	3.16883 1.78094,
	3.14533 1.85797,
	3.10716 1.92708,
	3.05626 1.98482,
	2.99514 2.02829,
	2.92691 2.05529,
	2.85495 2.06449,
	2.7829 2.05542,
	2.71435 2.02854,
	2.65276 1.98518,
	2.60119 1.92754,
	2.56226 1.85849,
	"/>
<Contour name="D12_high Caliber" hidden="false" closed="true" simplified="true" border="1 0.5 0" fill="1 0.5 0" mode="9"
 points="4.46604 5.87006,
	4.47584 5.78255,
	4.50545 5.70211,
	4.55247 5.63527,
	4.61308 5.58742,
	4.68237 5.56245,
	4.75473 5.56239,
	4.82431 5.58723,
	4.88546 5.63497,
	4.93321 5.70173,
	4.96373 5.78211,
	4.97452 5.8696,
	4.96471 5.95712,
	4.9351 6.03755,
	4.88809 6.10441,
	4.82748 6.15226,
	4.75818 6.17723,
	4.68582 6.17729,
	4.61625 6.15245,
	4.5551 6.10471,
	4.50733 6.03794,
	4.47682 5.95756,
	"/>
<Contour name="d13" hidden="false" closed="true" simplified="true" border="1 1 0" fill="0.5 0 1" mode="11"
 points="2.0081 2.75143,
	2.04773 2.7257,
	2.06755 2.71284,
	2.14693 2.6845,
	2.15686 2.68192,
	2.17665 2.66392,
	2.18653 2.65364,
	2.2064 2.65104,
	2.22631 2.6536,
	2.24617 2.651,
	2.3254 2.5944,
	2.36501 2.56611,
	2.38483 2.55325,
	2.4194 2.5121,
	2.42185 2.50696,
	2.3866 2.42477,
	2.35879 2.34257,
	2.3459 2.26036,
	2.35787 2.17813,
	2.34001 2.09592,
	2.33481 2.05482,
	2.33186 1.97259,
	2.30856 1.80817,
	2.30087 1.76707,
	2.29001 1.60264,
	2.27418 1.43821,
	2.27158 1.41765,
	2.23631 1.33546,
	2.21868 1.29436,
	2.2111 1.27382,
	2.21336 1.2327,
	2.21324 1.21214,
	2.21318 1.20187,
	2.29232 1.12728,
	2.30961 1.10929,
	2.35638 1.02702,
	2.37853 0.985882,
	2.39084 0.965319,
	2.46995 0.888168,
	2.48972 0.867588,
	2.56901 0.821269,
	2.60866 0.800678,
	2.6285 0.792951,
	2.70797 0.777463,
	2.78772 0.815933,
	2.86717 0.797875,
	2.8771 0.795297,
	2.88207 0.795293,
	2.92164 0.759284,
	2.94144 0.743849,
	2.94885 0.736135,
	2.9888 0.766931,
	3.00877 0.78233,
	3.02869 0.787451,
	3.03864 0.790012,
	3.07572 0.751437,
	3.093 0.730866,
	3.09794 0.725722,
	3.13049 0.766804,
	3.17027 0.769338,
	3.18024 0.771898,
	3.22019 0.805265,
	3.24018 0.823233,
	3.25017 0.830932,
	3.29 0.841176,
	3.30992 0.848865,
	3.32991 0.86683,
	3.3399 0.874528,
	3.34499 0.895086,
	3.34753 0.905359,
	3.38484 0.910463,
	3.40473 0.910445,
	3.4147 0.915574,
	3.45466 0.948945,
	3.49449 0.959185,
	3.51441 0.964305,
	3.54695 1.00539,
	3.55463 1.0465,
	3.56214 1.0542,
	3.60199 1.06957,
	3.62193 1.07726,
	3.70177 1.13115,
	3.71927 1.14655,
	3.70955 1.18767,
	3.70712 1.19795,
	3.72002 1.28017,
	3.71278 1.32128,
	3.75053 1.40347,
	3.7607 1.44457,
	3.7659 1.48567,
	3.76602 1.50623,
	3.78117 1.54733,
	3.78389 1.58844,
	3.7518 1.62958,
	3.7396 1.6707,
	3.73509 1.75292,
	3.77828 1.91733,
	3.78845 1.95844,
	3.77897 2.04066,
	3.77671 2.08178,
	3.76474 2.16402,
	3.72045 2.24627,
	3.65877 2.32856,
	3.64148 2.34655,
	3.56216 2.38774,
	3.52251 2.40833,
	3.44313 2.43924,
	3.36373 2.465,
	3.34387 2.47015,
	3.18523 2.54996,
	3.1084 2.59113,
	3.0788 2.63227,
	3.05902 2.65027,
	3.04912 2.658,
	3.04418 2.66314,
	3.0044 2.66317,
	2.96447 2.63494,
	2.94453 2.62468,
	2.86484 2.59907,
	2.82509 2.60167,
	2.81515 2.60168,
	2.77549 2.62227,
	2.75565 2.63256,
	2.74572 2.63514,
	2.70589 2.6249,
	2.69594 2.62234,
	2.656 2.59154,
	2.61609 2.56845,
	2.59614 2.55819,
	2.59116 2.55563,
	2.51173 2.57625,
	2.47202 2.58656,
	2.46209 2.58914,
	2.45713 2.59172,
	2.44715 2.58402,
	2.44215 2.57888,
	2.42236 2.59689,
	2.40022 2.63802,
	2.3904 2.65859,
	2.38814 2.6997,
	2.39109 2.78192,
	2.3938 2.82303,
	2.39392 2.84358,
	2.39398 2.85386,
	2.36934 2.895,
	2.31263 2.97726,
	2.29782 2.99527,
	2.27791 2.99272,
	2.26797 2.99273,
	2.22811 2.97477,
	2.21814 2.97221,
	2.1782 2.94142,
	2.13833 2.92346,
	2.11839 2.91577,
	2.09844 2.90295,
	2.0634 2.86186,
	2.04589 2.84133,
	2.03589 2.83106,
	2.02075 2.78996,
	2.01318 2.76942,
	2.01063 2.75913,
	2.00811 2.754,
	"/>
<Contour name="d13" hidden="false" closed="true" simplified="true" border="1 1 0" fill="1 1 0" mode="11"
 points="3.34083 -0.303909,
	3.34699 -0.330017,
	3.35007 -0.343072,
	3.35319 -0.349599,
	3.40374 -0.341489,
	3.41638 -0.339868,
	3.42273 -0.333348,
	3.42591 -0.330088,
	3.4512 -0.321954,
	3.5525 -0.26984,
	3.57783 -0.256812,
	3.62854 -0.220966,
	3.6539 -0.201412,
	3.66658 -0.191635,
	3.67292 -0.188378,
	3.7739 -0.191732,
	3.79915 -0.193386,
	3.80545 -0.195023,
	3.90608 -0.265265,
	4.00671 -0.330612,
	4.013 -0.335512,
	4.0383 -0.327377,
	4.04306 -0.322488,
	4.04952 -0.296391,
	4.05275 -0.283343,
	4.04988 -0.231135,
	4.04996 -0.218084,
	4.025 -0.165856,
	4.01876 -0.152799,
	3.99997 -0.126679,
	3.99527 -0.120149,
	3.98897 -0.116881,
	3.93851 -0.108678,
	3.9259 -0.105404,
	3.90079 -0.0825415,
	3.8898 -0.0711122,
	3.87416 -0.044995,
	3.86635 -0.031937,
	3.86164 -0.0254068,
	3.76083 0.00894363,
	3.73562 0.0171239,
	3.68516 0.0253259,
	3.6363 0.0367905,
	3.63949 0.0433125,
	3.64107 0.0449426,
	3.59066 0.0596716,
	3.57805 0.062945,
	3.5528 0.0629677,
	3.54017 0.0629791,
	3.53701 0.062982,
	3.50358 0.0108072,
	3.48765 -0.0152815,
	3.41289 -0.119624,
	3.39681 -0.171815,
	3.38719 -0.197909,
	3.38557 -0.204433,
	3.37288 -0.215842,
	3.36011 -0.241933,
	3.35049 -0.268027,
	3.34404 -0.294123,
	3.34085 -0.300646,
	3.34084 -0.302278,
	"/>
<Contour name="d13p10" hidden="false" closed="true" simplified="false" border="1 0 0" fill="1 0 0" mode="-13"
 points="2.44736 2.55645,
	2.46153 2.5417,
	2.40417 2.48281,
	2.41835 2.46806,
	2.4757 2.52695,
	2.48988 2.5122,
	2.49013 2.55641,
	"/>
<Contour name="d13" hidden="false" closed="true" simplified="true" border="1 1 0" fill="1 1 0" mode="11"
 points="3.90098 2.0735,
	3.94785 2.04765,
	3.95957 2.04155,
	3.98308 2.04153,
	4.03014 2.04908,
	4.05367 2.05362,
	4.06543 2.05513,
	4.11267 2.09457,
	4.11281 2.11887,
	4.11001 2.14317,
	4.10713 2.15533,
	4.09405 2.17964,
	4.07065 2.1994,
	4.0648 2.20396,
	4.04133 2.21006,
	3.99431 2.21162,
	3.98257 2.21164,
	3.97079 2.20709,
	3.95898 2.19798,
	3.93541 2.18738,
	3.92952 2.18435,
	3.91161 2.13576,
	3.90267 2.11147,
	3.90106 2.08717,
	3.90099 2.07503,
	"/>
<Contour name="d13" hidden="false" closed="true" simplified="true" border="1 1 0" fill="1 1 0" mode="11"
 points="3.7331 3.39256,
	3.76133 3.36781,
	3.77542 3.35497,
	3.78249 3.34946,
	3.78602 3.3458,
	3.81426 3.32654,
	3.82838 3.31645,
	3.88493 3.28801,
	3.89908 3.28249,
	3.92742 3.28063,
	3.9416 3.27971,
	3.94515 3.27971,
	3.95937 3.28702,
	3.96647 3.29068,
	3.96914 3.29342,
	3.9764 3.32273,
	3.98003 3.33738,
	3.974 3.36669,
	3.97141 3.38135,
	3.96706 3.39602,
	3.95217 3.42534,
	3.9425 3.44,
	3.9276 3.46933,
	3.92503 3.48399,
	3.92329 3.49131,
	3.92243 3.49498,
	3.90922 3.50965,
	3.89508 3.5179,
	3.88802 3.52157,
	3.8598 3.54634,
	3.85273 3.54909,
	3.83856 3.55184,
	3.82437 3.55002,
	3.82083 3.54912,
	3.81808 3.53446,
	3.81718 3.53079,
	3.82587 3.50148,
	3.81251 3.48867,
	3.80715 3.48134,
	3.80086 3.4667,
	3.79817 3.45937,
	3.78833 3.44472,
	3.75988 3.42643,
	3.74563 3.41453,
	3.73851 3.40812,
	3.73583 3.40447,
	3.73402 3.39714,
	3.73311 3.39348,
	"/>
<Contour name="d04p04" hidden="false" closed="true" simplified="false" border="1 0 0" fill="1 0 0" mode="-13"
 points="2.36105 4.44142,
	2.37796 4.41673,
	2.36077 4.39207,
	2.371 4.39206,
	2.38476 4.41319,
	2.39828 4.39204,
	2.40851 4.39203,
	2.3916 4.41672,
	2.40879 4.44138,
	2.39856 4.44138,
	2.3848 4.42024,
	2.37128 4.44141,
	"/>
<Contour name="d04" hidden="false" closed="true" simplified="true" border="1 1 0" fill="1 0 0" mode="11"
 points="2.20423 4.85429,
	2.21257 4.86408,
	2.21497 4.86897,
	2.21735 4.87142,
	2.25524 4.8726,
	2.27422 4.88115,
	2.2837 4.88237,
	2.29319 4.88604,
	2.31224 4.90437,
	2.32176 4.91415,
	2.32535 4.91904,
	2.32664 4.93862,
	2.32669 4.94841,
	2.31964 4.9582,
	2.31612 4.96188,
	2.31498 4.97167,
	2.31741 4.98146,
	2.32456 4.99124,
	2.32699 5.00103,
	2.32704 5.01082,
	2.32589 5.01571,
	2.31647 5.02428,
	2.29757 5.03287,
	2.29285 5.03532,
	2.28457 5.03778,
	2.26564 5.03902,
	2.26093 5.04269,
	2.25975 5.04513,
	2.25504 5.04882,
	2.21722 5.05986,
	2.20775 5.05865,
	2.19824 5.05253,
	2.19349 5.05009,
	2.18633 5.04031,
	2.17683 5.03542,
	2.17209 5.03298,
	2.15313 5.03055,
	2.14365 5.02934,
	2.13891 5.02934,
	2.1294 5.02201,
	2.11024 4.98287,
	2.10546 4.97431,
	2.11014 4.96451,
	2.12306 4.94492,
	2.12773 4.93513,
	2.13478 4.92533,
	2.15232 4.88616,
	2.16168 4.86658,
	2.16991 4.85678,
	2.17462 4.8531,
	2.19356 4.85186,
	2.20303 4.85307,
	"/>
<Contour name="d04p19" hidden="false" closed="true" simplified="false" border="1 0 0" fill="1 0 0" mode="-13"
 points="2.18776 3.39035,
	2.18768 3.37643,
	2.20115 3.37641,
	2.20107 3.36249,
	2.21454 3.36248,
	2.21462 3.3764,
	2.22808 3.37639,
	2.22816 3.39031,
	2.21469 3.39032,
	2.21477 3.40425,
	2.2013 3.40426,
	2.20123 3.39034,
	"/>
<Contour name="d04" hidden="false" closed="true" simplified="true" border="1 1 0" fill="1 0 0" mode="11"
 points="2.40648 3.29045,
	2.43453 3.22325,
	2.4829 3.15603,
	2.5091 3.12241,
	2.52323 3.10561,
	2.52728 3.1035,
	2.59239 3.12444,
	2.60666 3.13492,
	2.61488 3.1517,
	2.60898 3.1853,
	2.60903 3.19369,
	2.59897 3.2105,
	2.54044 3.27773,
	2.50809 3.30295,
	2.49193 3.31976,
	2.45949 3.32819,
	2.44327 3.3324,
	2.43515 3.33451,
	2.43108 3.33241,
	2.43104 3.32402,
	2.42079 3.30933,
	2.40649 3.29255,
	"/>
<Contour name="d04" hidden="false" closed="true" simplified="true" border="1 1 0" fill="1 0 0" mode="11"
 points="1.41053 4.00153,
	1.43396 3.93594,
	1.44567 3.90314,
	1.49089 3.83754,
	1.54008 3.77193,
	1.55188 3.75553,
	1.55583 3.75142,
	1.56734 3.68585,
	1.57113 3.65306,
	1.5868 3.62026,
	1.59662 3.60387,
	1.65968 3.53824,
	1.69123 3.50748,
	1.70704 3.49927,
	1.72287 3.49516,
	1.72683 3.49311,
	1.75864 3.50947,
	1.77452 3.51561,
	1.8062 3.50737,
	1.83789 3.50325,
	1.86961 3.50323,
	1.88544 3.49911,
	1.90123 3.48885,
	1.90916 3.48679,
	1.94073 3.46218,
	1.95651 3.44782,
	1.98813 3.4314,
	2.05144 3.40881,
	2.0831 3.39853,
	2.1148 3.39645,
	2.13064 3.39235,
	2.16225 3.37387,
	2.17801 3.35747,
	2.21135 3.29187,
	2.22503 3.25908,
	2.23287 3.24268,
	2.32728 3.11146,
	2.35088 3.07865,
	2.36467 3.06225,
	2.37256 3.0561,
	2.40422 3.04583,
	2.4201 3.04991,
	2.42806 3.054,
	2.43405 3.06219,
	2.43045 3.12776,
	2.41676 3.16055,
	2.39911 3.19335,
	2.36955 3.22411,
	2.30636 3.26925,
	2.27478 3.29386,
	2.25899 3.30412,
	2.25109 3.31028,
	2.23361 3.37586,
	2.23169 3.38405,
	2.26215 3.51517,
	2.28469 3.64628,
	2.29082 3.67905,
	2.33516 3.81015,
	2.35734 3.87569,
	2.38545 3.94124,
	2.39952 3.974,
	2.40961 4.00677,
	2.41376 4.03956,
	2.40799 4.07235,
	2.4021 4.08055,
	2.40822 4.11333,
	2.39868 4.17889,
	2.39688 4.21168,
	2.40122 4.27725,
	2.40528 4.29363,
	2.44529 4.35917,
	2.46727 4.39192,
	2.47926 4.40831,
	2.51105 4.42262,
	2.51701 4.42466,
	2.50913 4.43286,
	2.50714 4.43287,
	2.49924 4.43697,
	2.46752 4.437,
	2.45962 4.44111,
	2.45566 4.44112,
	2.45171 4.44521,
	2.4359 4.45138,
	2.42995 4.45342,
	2.39436 4.4678,
	2.26781 4.52323,
	2.20453 4.55198,
	2.14125 4.57662,
	2.10965 4.59919,
	2.04641 4.63409,
	2.01479 4.6505,
	1.99897 4.65666,
	1.96726 4.65874,
	1.9514 4.6567,
	1.92148 4.62395,
	1.90751 4.60757,
	1.84393 4.58099,
	1.81211 4.56258,
	1.78026 4.53802,
	1.76435 4.52779,
	1.7564 4.52369,
	1.74441 4.50732,
	1.73639 4.49094,
	1.73238 4.48274,
	1.70058 4.46843,
	1.69057 4.45205,
	1.68841 4.41927,
	1.6844 4.41108,
	1.55689 4.2944,
	1.49313 4.23709,
	1.46124 4.20638,
	1.45124 4.18999,
	1.44889 4.12444,
	1.44474 4.09165,
	1.42058 4.0261,
	1.41455 4.00972,
	1.41055 4.00358,
	"/>
<Contour name="d13c06" hidden="false" closed="true" simplified="true" border="1 0 0" fill="0 0 1" mode="11"
 points="3.61185 -0.206245,
	3.62435 -0.21926,
	3.6746 -0.233935,
	3.68716 -0.235571,
	3.78786 -0.225909,
	3.80045 -0.224295,
	3.85076 -0.227592,
	3.8759 -0.22924,
	3.90107 -0.227637,
	3.9121 -0.226021,
	3.88865 -0.199993,
	3.8824 -0.193485,
	3.87927 -0.190231,
	3.829 -0.180433,
	3.80387 -0.175534,
	3.70324 -0.172192,
	3.65292 -0.173772,
	3.64661 -0.175392,
	3.62133 -0.198126,
	3.61501 -0.202997,
	3.61343 -0.204621,
	"/>
<Contour name="d13cfa06" hidden="false" closed="false" simplified="false" border="0 1 0" fill="0 0 1" mode="11"
 points="3.62211 -0.215924,
	3.63004 -0.206179,
	3.74019 -0.191649,
	3.89887 -0.219425,
	"/>
<Contour name="d13c12b" hidden="false" closed="true" simplified="true" border="1 0 0" fill="1 0.5 0" mode="11"
 points="3.9872 2.02317,
	4.03934 2.00794,
	4.04588 2.01131,
	4.09836 2.05681,
	4.11149 2.06861,
	4.11313 2.0703,
	4.08711 2.08718,
	4.0741 2.09394,
	4.06758 2.09732,
	4.01527 2.08051,
	4.00871 2.07545,
	3.9955 2.04847,
	3.9889 2.03498,
	3.98887 2.02824,
	3.98721 2.02486,
	"/>
<Contour name="d13cfa12b" hidden="false" closed="false" simplified="false" border="0 1 0" fill="1 0.5 0" mode="11"
 points="4.10244 2.07093,
	4.06154 2.05241,
	3.98633 2.02886,
	"/>
<Contour name="d13p11" hidden="false" closed="true" simplified="false" border="1 0 0" fill="1 0 0" mode="-13"
 points="2.43074 1.05095,
	2.43071 1.04499,
	2.43644 1.03902,
	2.44221 1.03902,
	2.44801 1.04498,
	2.44804 1.05093,
	2.44231 1.05691,
	2.43654 1.05691,
	"/>
<Contour name="d13c11" hidden="false" closed="true" simplified="true" border="1 0 0" fill="1 0.5 0" mode="11"
 points="2.25645 1.16341,
	2.28853 1.09409,
	2.31747 1.02477,
	2.33089 0.99012,
	2.33812 0.972793,
	2.34226 0.96413,
	2.39947 0.894789,
	2.413 0.877457,
	2.41716 0.873123,
	2.45062 0.862257,
	2.4548 0.861176,
	2.45689 0.860087,
	2.4737 0.869819,
	2.47791 0.873068,
	2.47486 0.890391,
	2.47177 0.899053,
	2.4614 0.916382,
	2.4562 0.925047,
	2.39794 0.994389,
	2.39377 0.998723,
	2.35541 1.06805,
	2.33871 1.0778,
	2.33566 1.09404,
	2.33466 1.10271,
	2.32743 1.12003,
	2.32536 1.12436,
	2.30863 1.13087,
	2.30028 1.1363,
	2.27744 1.17096,
	2.27226 1.17962,
	2.27121 1.18071,
	2.25646 1.16448,
	"/>
<Contour name="d13cfa11" hidden="false" closed="false" simplified="false" border="0 1 0" fill="1 0.5 0" mode="11"
 points="2.26718 1.17553,
	2.31481 1.07588,
	2.4718 0.870049,
	"/>
<Contour name="d13" hidden="false" closed="true" simplified="true" border="1 1 0" fill="1 1 0" mode="11"
 points="3.42072 3.38269,
	3.43225 3.36898,
	3.43719 3.36211,
	3.44049 3.35868,
	3.49364 3.37406,
	3.52021 3.3826,
	3.5653 3.43741,
	3.58866 3.46482,
	3.59367 3.47166,
	3.64688 3.49732,
	3.67348 3.50931,
	3.68677 3.51443,
	3.73979 3.50753,
	3.76631 3.50407,
	3.79296 3.52633,
	3.80463 3.53833,
	3.81972 3.56573,
	3.87286 3.58111,
	3.88616 3.58624,
	3.91281 3.60678,
	3.92611 3.61534,
	3.95113 3.64103,
	3.96281 3.65473,
	3.96783 3.66158,
	3.96799 3.689,
	3.96806 3.70272,
	3.91515 3.73019,
	3.88869 3.74221,
	3.88208 3.74565,
	3.86881 3.74566,
	3.81553 3.70628,
	3.80886 3.70115,
	3.7557 3.68406,
	3.72913 3.67551,
	3.62294 3.6636,
	3.56987 3.66365,
	3.51679 3.65856,
	3.51015 3.65686,
	3.49672 3.62944,
	3.49001 3.61573,
	3.47282 3.50606,
	3.45593 3.45122,
	3.44749 3.4238,
	3.42909 3.3964,
	3.42574 3.38954,
	3.4224 3.38612,
	3.42239 3.38441,
	"/>
<Contour name="d02" hidden="false" closed="true" simplified="true" border="1 1 0" fill="0.5 0 1" mode="11"
 points="5.40287 1.74484,
	5.4162 1.71289,
	5.4334 1.68094,
	5.43515 1.64901,
	5.43305 1.61707,
	5.43296 1.6011,
	5.43866 1.58513,
	5.44822 1.56915,
	5.47898 1.54317,
	5.48284 1.54317,
	5.51169 1.52318,
	5.5271 1.51518,
	5.53093 1.51119,
	5.5348 1.51119,
	5.56361 1.48321,
	5.57512 1.47123,
	5.60396 1.44724,
	5.61934 1.43525,
	5.6232 1.43525,
	5.6309 1.42925,
	5.66175 1.42124,
	5.6772 1.42323,
	5.69078 1.4332,
	5.69467 1.43718,
	5.69677 1.46912,
	5.69309 1.50106,
	5.68926 1.50506,
	5.68548 1.52103,
	5.68557 1.537,
	5.6818 1.55296,
	5.68004 1.58491,
	5.6782 1.60088,
	5.66679 1.63282,
	5.65363 1.69672,
	5.65013 1.76059,
	5.64829 1.77657,
	5.63677 1.78855,
	5.60593 1.79856,
	5.57511 1.81256,
	5.55972 1.82256,
	5.5443 1.82656,
	5.52884 1.82657,
	5.49788 1.81463,
	5.48246 1.82063,
	5.46901 1.83261,
	5.46129 1.83262,
	5.45742 1.83263,
	5.43793 1.80071,
	5.40688 1.77279,
	5.40298 1.7648,
	5.40289 1.74884,
	5.40288 1.74684,
	"/>
<Contour name="d02" hidden="false" closed="true" simplified="true" border="1 1 0" fill="0.5 0 1" mode="11"
 points="6.11911 2.39892,
	6.12481 2.38295,
	6.13438 2.36697,
	6.14976 2.35498,
	6.15745 2.34899,
	6.1883 2.34097,
	6.20373 2.33697,
	6.2192 2.34095,
	6.23464 2.33893,
	6.25005 2.33094,
	6.31176 2.31691,
	6.34262 2.3109,
	6.37346 2.30088,
	6.38886 2.29089,
	6.40423 2.27691,
	6.43501 2.25492,
	6.46583 2.24092,
	6.48126 2.23891,
	6.51211 2.2289,
	6.52753 2.2249,
	6.5429 2.21091,
	6.55831 2.20491,
	6.58922 2.20687,
	6.62016 2.21283,
	6.64928 2.24075,
	6.66095 2.25671,
	6.66692 2.28864,
	6.66509 2.30462,
	6.65552 2.32059,
	6.62477 2.34657,
	6.56313 2.37457,
	6.54773 2.38457,
	6.48601 2.3966,
	6.45519 2.4106,
	6.42434 2.42061,
	6.39355 2.4386,
	6.38585 2.44459,
	6.35499 2.45062,
	6.29318 2.44667,
	6.27774 2.44869,
	6.27002 2.44869,
	6.25452 2.44072,
	6.23905 2.43675,
	6.23132 2.43475,
	6.20043 2.43877,
	6.16951 2.43281,
	6.15406 2.43282,
	6.13859 2.42885,
	6.12499 2.41489,
	6.11912 2.40092,
	"/>
<Contour name="d02" hidden="false" closed="true" simplified="true" border="1 1 0" fill="0.5 0 1" mode="11"
 points="6.90914 2.09281,
	6.91103 2.08482,
	6.91678 2.07683,
	6.93219 2.06883,
	6.9399 2.06684,
	6.94375 2.06483,
	6.95925 2.07479,
	6.96699 2.07679,
	6.99778 2.0588,
	7.02865 2.05078,
	7.04405 2.04478,
	7.05953 2.04876,
	7.0712 2.06472,
	7.07709 2.08068,
	7.09257 2.08666,
	7.10807 2.09662,
	7.12177 2.12854,
	7.12181 2.13653,
	7.12377 2.14052,
	7.11995 2.14851,
	7.11226 2.1545,
	7.05059 2.17652,
	6.98876 2.17059,
	6.97327 2.16461,
	6.95776 2.15265,
	6.95 2.14666,
	6.94227 2.14468,
	6.93254 2.13071,
	6.91893 2.11475,
	6.91111 2.0988,
	6.90916 2.0948,
	"/>
<Contour name="d02" hidden="false" closed="true" simplified="true" border="1 1 0" fill="0.5 0 1" mode="11"
 points="4.94827 2.29418,
	4.95785 2.28021,
	4.98861 2.25622,
	4.99245 2.25223,
	5.02332 2.24821,
	5.03877 2.24819,
	5.1005 2.23616,
	5.11592 2.23016,
	5.12363 2.22815,
	5.1391 2.23214,
	5.15076 2.2461,
	5.21275 2.27998,
	5.22827 2.29393,
	5.23609 2.3099,
	5.23425 2.32587,
	5.22854 2.34184,
	5.20749 2.37379,
	5.19792 2.38978,
	5.18844 2.42172,
	5.18283 2.45366,
	5.18099 2.46964,
	5.1791 2.47762,
	5.1676 2.4936,
	5.15991 2.49959,
	5.14449 2.5036,
	5.12901 2.49962,
	5.09803 2.48369,
	5.06701 2.46175,
	5.05533 2.44579,
	5.05142 2.43782,
	5.03781 2.42186,
	5.02605 2.38993,
	5.02017 2.37396,
	5.00658 2.362,
	4.99882 2.35602,
	4.99109 2.35403,
	4.97557 2.34207,
	4.96003 2.32612,
	4.95419 2.31814,
	4.95025 2.30217,
	4.94828 2.29618,
	"/>
<Contour name="d02" hidden="false" closed="true" simplified="true" border="1 1 0" fill="0.5 0 1" mode="11"
 points="5.68813 2.33943,
	5.69196 2.33145,
	5.69187 2.31547,
	5.75143 2.26152,
	5.76681 2.24953,
	5.77451 2.24554,
	5.80546 2.25549,
	5.82093 2.25747,
	5.82866 2.25946,
	5.85394 2.28938,
	5.88493 2.30731,
	5.91598 2.33323,
	5.92765 2.3492,
	5.93153 2.35318,
	5.92206 2.38513,
	5.91438 2.39312,
	5.89897 2.39912,
	5.89124 2.39913,
	5.86045 2.41713,
	5.84506 2.42912,
	5.83736 2.43311,
	5.80646 2.43314,
	5.79101 2.43315,
	5.77559 2.43716,
	5.74464 2.42721,
	5.72913 2.41724,
	5.70001 2.38932,
	5.69224 2.38134,
	5.68828 2.36538,
	5.68819 2.34941,
	5.68814 2.34142,
	"/>
<Contour name="d02" hidden="false" closed="true" simplified="true" border="1 1 0" fill="0.5 0 1" mode="11"
 points="4.59118 3.35644,
	4.59495 3.34047,
	4.61022 3.30852,
	4.64655 3.24461,
	4.6713 3.18071,
	4.68252 3.11682,
	4.67849 3.08489,
	4.67844 3.07691,
	4.70919 3.05093,
	4.71688 3.04493,
	4.73233 3.04292,
	4.74593 3.05888,
	4.75576 3.09081,
	4.7598 3.12274,
	4.75985 3.13073,
	4.76766 3.14668,
	4.76977 3.17863,
	4.78558 3.24249,
	4.7898 3.30635,
	4.79568 3.32232,
	4.80166 3.35425,
	4.79981 3.37023,
	4.79024 3.3842,
	4.78255 3.3902,
	4.7671 3.39221,
	4.7594 3.39421,
	4.72839 3.37428,
	4.71294 3.37429,
	4.68211 3.3863,
	4.66668 3.39031,
	4.63577 3.38834,
	4.62031 3.38635,
	4.60483 3.38038,
	4.59708 3.3764,
	4.5932 3.3724,
	4.59119 3.35843,
	"/>
<Contour name="d02" hidden="false" closed="true" simplified="true" border="1 1 0" fill="0.5 0 1" mode="11"
 points="5.46515 2.52128,
	5.47858 2.50729,
	5.50941 2.49329,
	5.54033 2.49726,
	5.55578 2.49924,
	5.58665 2.49322,
	5.59436 2.49122,
	5.60987 2.50119,
	5.62539 2.51515,
	5.6409 2.52511,
	5.64866 2.53109,
	5.66413 2.53507,
	5.67186 2.53706,
	5.68729 2.53305,
	5.7182 2.53502,
	5.73366 2.53501,
	5.76245 2.50504,
	5.88572 2.44704,
	5.94732 2.41305,
	5.95503 2.41105,
	5.97049 2.41303,
	5.97824 2.41702,
	5.99185 2.43297,
	6.00958 2.49684,
	6.01161 2.5128,
	6.00976 2.52877,
	6.00213 2.54474,
	5.98676 2.55873,
	5.97908 2.56672,
	5.95024 2.58871,
	5.92724 2.62067,
	5.91381 2.63664,
	5.89841 2.64464,
	5.88303 2.65663,
	5.86763 2.66463,
	5.85225 2.67862,
	5.84457 2.68661,
	5.83694 2.70258,
	5.81394 2.73455,
	5.80447 2.76649,
	5.79113 2.79844,
	5.78358 2.83039,
	5.77025 2.86233,
	5.76077 2.89428,
	5.73585 2.92625,
	5.72434 2.94222,
	5.70898 2.95621,
	5.70129 2.9622,
	5.68586 2.96621,
	5.67227 2.95225,
	5.66243 2.92033,
	5.6662 2.90435,
	5.66225 2.88838,
	5.66207 2.85644,
	5.65399 2.79258,
	5.60306 2.66487,
	5.58551 2.63295,
	5.55636 2.60104,
	5.54275 2.58508,
	5.51173 2.56316,
	5.49624 2.55518,
	5.46712 2.52926,
	5.46517 2.52328,
	"/>
<Contour name="d02" hidden="false" closed="true" simplified="true" border="1 1 0" fill="0.5 0 1" mode="11"
 points="5.55921 3.45338,
	5.56482 3.42144,
	5.56859 3.40546,
	5.58579 3.37351,
	5.58957 3.35753,
	5.58552 3.3256,
	5.58737 3.30963,
	5.58926 3.30165,
	5.60075 3.28566,
	5.60645 3.26969,
	5.60048 3.23776,
	5.59846 3.22179,
	5.60794 3.18985,
	5.62128 3.1579,
	5.62303 3.12595,
	5.63066 3.10998,
	5.63242 3.07804,
	5.63233 3.06207,
	5.63422 3.05408,
	5.65914 3.02212,
	5.66489 3.01413,
	5.69571 3.00013,
	5.70915 2.98615,
	5.71292 2.97018,
	5.71674 2.96219,
	5.73018 2.9502,
	5.74361 2.93422,
	5.759 2.92223,
	5.7667 2.91823,
	5.77437 2.91024,
	5.78771 2.87829,
	5.79332 2.84635,
	5.82194 2.78244,
	5.82378 2.76648,
	5.82949 2.7505,
	5.84293 2.73651,
	5.84676 2.73252,
	5.87764 2.72851,
	5.88535 2.7265,
	5.91628 2.73246,
	5.93176 2.73643,
	5.93563 2.73843,
	5.9318 2.74442,
	5.9628 2.76235,
	5.97833 2.77831,
	5.98609 2.78429,
	6.01704 2.79425,
	6.07903 2.82812,
	6.09453 2.83809,
	6.12367 2.868,
	6.15464 2.87996,
	6.18564 2.89989,
	6.19341 2.90786,
	6.22437 2.91782,
	6.2321 2.91981,
	6.24763 2.93376,
	6.25931 2.94972,
	6.27481 2.9597,
	6.28257 2.96568,
	6.3135 2.97164,
	6.32124 2.97362,
	6.33675 2.98359,
	6.36772 2.99754,
	6.38318 3.00151,
	6.41421 3.02344,
	6.42195 3.02742,
	6.44335 3.05535,
	6.45117 3.07132,
	6.45714 3.10325,
	6.45917 3.11921,
	6.46891 3.13517,
	6.47281 3.14316,
	6.53289 3.18103,
	6.53677 3.18501,
	6.53503 3.21696,
	6.53318 3.23292,
	6.5352 3.24889,
	6.54687 3.26286,
	6.56235 3.26883,
	6.59337 3.29075,
	6.61286 3.32268,
	6.61875 3.33864,
	6.61506 3.37058,
	6.61315 3.37458,
	6.62492 3.4065,
	6.62887 3.42246,
	6.62519 3.45441,
	6.62523 3.46239,
	6.63691 3.47835,
	6.65245 3.49431,
	6.66219 3.51027,
	6.6661 3.51825,
	6.65855 3.55019,
	6.6896 3.57611,
	6.72062 3.59805,
	6.72839 3.60602,
	6.7362 3.62198,
	6.74015 3.63795,
	6.73647 3.66989,
	6.72699 3.70183,
	6.72129 3.71781,
	6.70409 3.74976,
	6.70027 3.75775,
	6.68491 3.77373,
	6.65413 3.79372,
	6.62338 3.8217,
	6.60426 3.85365,
	6.59469 3.86963,
	6.57932 3.88561,
	6.56394 3.89561,
	6.53302 3.89164,
	6.51756 3.89165,
	6.50217 3.89965,
	6.48678 3.91164,
	6.45596 3.92564,
	6.44055 3.93364,
	6.39263 3.99557,
	6.3849 3.99557,
	6.3539 3.97763,
	6.29205 3.96771,
	6.26113 3.96375,
	6.23028 3.97175,
	6.21483 3.97177,
	6.18396 3.97778,
	6.15312 3.9878,
	6.13775 3.99979,
	6.13005 4.00578,
	6.12234 4.00779,
	6.10686 4.00381,
	6.07589 3.98987,
	6.0604 3.98189,
	6.02946 3.97393,
	6.01398 3.96996,
	6.00625 3.96797,
	5.99457 3.95201,
	5.99255 3.93604,
	5.96156 3.9201,
	5.94611 3.91812,
	5.93838 3.91813,
	5.91696 3.8862,
	5.8917 3.85829,
	5.87618 3.84632,
	5.84524 3.83837,
	5.83356 3.82241,
	5.80257 3.80447,
	5.78706 3.7945,
	5.75611 3.78455,
	5.74066 3.78457,
	5.73291 3.78058,
	5.71747 3.78259,
	5.69255 3.81455,
	5.67912 3.83053,
	5.66374 3.84252,
	5.6599 3.84651,
	5.65216 3.84453,
	5.64441 3.83855,
	5.63466 3.82259,
	5.63071 3.80662,
	5.60159 3.78069,
	5.59382 3.77273,
	5.58013 3.74079,
	5.57223 3.70886,
	5.57214 3.6929,
	5.57209 3.68491,
	5.58543 3.65297,
	5.58139 3.62103,
	5.57937 3.60506,
	5.58121 3.58909,
	5.59842 3.55714,
	5.60029 3.54915,
	5.60221 3.54516,
	5.58668 3.5312,
	5.56526 3.49928,
	5.56121 3.46735,
	5.55924 3.45936,
	5.55922 3.45538,
	"/>
<Contour name="d02" hidden="false" closed="true" simplified="true" border="1 1 0" fill="0.5 0 1" mode="11"
 points="7.04494 4.61377,
	7.05038 4.54989,
	7.05222 4.53392,
	7.05792 4.51795,
	7.06175 4.50996,
	7.09248 4.47998,
	7.10015 4.472,
	7.13098 4.458,
	7.14641 4.45599,
	7.17725 4.44597,
	7.18496 4.44398,
	7.20046 4.45195,
	7.23148 4.47387,
	7.2373 4.47985,
	7.23739 4.49583,
	7.23169 4.51181,
	7.21063 4.54376,
	7.19343 4.57571,
	7.17044 4.60767,
	7.15701 4.62365,
	7.12625 4.64763,
	7.09542 4.66163,
	7.08001 4.66763,
	7.06457 4.66965,
	7.05684 4.66965,
	7.04904 4.65369,
	7.04499 4.62176,
	7.04495 4.61577,
	"/>
<Contour name="d01ax06ssvr" hidden="false" closed="true" simplified="false" border="0 1 0.25098" fill="0 0 1" mode="-11"
 points="4.5299 2.07688,
	4.51879 2.06548,
	4.52977 2.05405,
	4.54088 2.06546,
	"/>
<Contour name="d01ax06ssvr" hidden="false" closed="true" simplified="false" border="0 1 0.25098" fill="0 0 1" mode="-11"
 points="4.49218 2.10465,
	4.48107 2.09323,
	4.49205 2.08181,
	4.50316 2.09321,
	"/>
<Contour name="d01ax06ssvr" hidden="false" closed="true" simplified="false" border="0 1 0.25098" fill="0 0 1" mode="-11"
 points="4.48257 2.07856,
	4.47147 2.06716,
	4.48245 2.05572,
	4.49355 2.06714,
	"/>
<Contour name="d01ax06ssvr" hidden="false" closed="true" simplified="false" border="0 1 0.25098" fill="0 0 1" mode="-11"
 points="4.47137 2.04921,
	4.46025 2.03781,
	4.47124 2.02638,
	4.48235 2.03779,
	"/>
<Contour name="d01ax06ssvr" hidden="false" closed="true" simplified="false" border="0 1 0.25098" fill="0 0 1" mode="-11"
 points="4.44484 2.10305,
	4.43373 2.09165,
	4.44471 2.08022,
	4.45582 2.09163,
	"/>
<Contour name="d01ax06ssvr" hidden="false" closed="true" simplified="false" border="0 1 0.25098" fill="0 0 1" mode="-11"
 points="4.58094 2.17632,
	4.56982 2.16492,
	4.58081 2.15349,
	4.59192 2.1649,
	"/>
<Contour name="d13" hidden="false" closed="true" simplified="true" border="1 1 0" fill="1 1 0" mode="11"
 points="0.25256 -0.126818,
	0.26207 -0.153453,
	0.264991 -0.206709,
	0.274352 -0.259971,
	0.290154 -0.313238,
	0.293224 -0.339868,
	0.302735 -0.366503,
	0.308876 -0.419762,
	0.315241 -0.43308,
	0.315092 -0.459707,
	0.315017 -0.47302,
	0.324602 -0.486342,
	0.331004 -0.493004,
	0.356764 -0.493028,
	0.379397 -0.476407,
	0.389132 -0.463102,
	0.39587 -0.409855,
	0.402459 -0.383234,
	0.418708 -0.356623,
	0.441397 -0.330016,
	0.441435 -0.323359,
	0.447912 -0.316709,
	0.447949 -0.310052,
	0.464198 -0.28344,
	0.467492 -0.27013,
	0.464347 -0.256814,
	0.445159 -0.233498,
	0.432334 -0.223502,
	0.419585 -0.200192,
	0.419623 -0.193535,
	0.410038 -0.180213,
	0.406893 -0.166897,
	0.368533 -0.116938,
	0.317238 -0.0769517,
	0.301213 -0.0636242,
	0.275472 -0.0602727,
	0.262574 -0.0635893,
	0.252765 -0.0902066,
	0.252616 -0.116833,
	0.252578 -0.12349,
	"/>
<Contour name="d13" hidden="false" closed="true" simplified="true" border="1 1 0" fill="1 1 0" mode="11"
 points="-0.16074 0.242999,
	-0.138331 0.21968,
	-0.112571 0.219657,
	-0.0867372 0.232947,
	-0.0802974 0.232942,
	-0.0544446 0.24956,
	-0.0414156 0.276175,
	-0.0155627 0.292793,
	0.032979 0.336018,
	0.0556301 0.355967,
	0.0653644 0.369271,
	0.0686589 0.382581,
	0.0655884 0.409211,
	0.0496384 0.435852,
	0.0272299 0.459171,
	0.00474582 0.469176,
	-0.00807767 0.479172,
	-0.033837 0.479195,
	-0.0565073 0.455918,
	-0.0630218 0.442611,
	-0.0857106 0.416004,
	-0.10196 0.389393,
	-0.118358 0.336154,
	-0.131368 0.312867,
	-0.131406 0.306211,
	-0.14114 0.292906,
	-0.144435 0.279596,
	-0.154169 0.266291,
	-0.157464 0.252981,
	-0.160721 0.246327,
	"/>
<Contour name="d13" hidden="false" closed="true" simplified="true" border="1 1 0" fill="1 1 0" mode="11"
 points="0.761028 0.971067,
	0.776979 0.94443,
	0.786564 0.931111,
	0.889634 0.937668,
	0.902541 0.940992,
	0.928445 0.967591,
	0.93818 0.980893,
	0.944773 1.00752,
	0.944923 1.03414,
	0.929117 1.08741,
	0.919606 1.11405,
	0.91002 1.12737,
	0.903623 1.13403,
	0.903661 1.14069,
	0.862078 1.19065,
	0.839651 1.21064,
	0.826809 1.21731,
	0.80103 1.21401,
	0.788095 1.20403,
	0.778286 1.17741,
	0.764808 1.07092,
	0.76129 1.01767,
	0.76114 0.991038,
	0.761066 0.977727,
	0.761047 0.974402,
	"/>
<Contour name="d13brc01" hidden="false" closed="true" simplified="true" border="0 1 0" fill="0 1 0" mode="-9"
 points="0.254605 -0.282317,
	0.27496 -0.344592,
	0.276798 -0.352375,
	0.28054 -0.35627,
	0.284217 -0.371837,
	0.295423 -0.387412,
	0.300982 -0.402981,
	0.30282 -0.410764,
	0.314026 -0.426338,
	0.32905 -0.432189,
	0.336579 -0.432195,
	0.342269 -0.424418,
	0.346055 -0.420531,
	0.344348 -0.389401,
	0.336994 -0.358266,
	0.333317 -0.342699,
	0.333339 -0.338808,
	0.329596 -0.334913,
	0.314888 -0.272644,
	0.313093 -0.257078,
	0.309373 -0.249293,
	0.307578 -0.233727,
	0.298342 -0.202591,
	0.292739 -0.194804,
	0.290901 -0.18702,
	0.275898 -0.177279,
	0.26838 -0.175327,
	0.26084 -0.177265,
	0.254845 -0.239516,
	0.25467 -0.270644,
	0.254627 -0.278426,
	0.254616 -0.280372,
	"/>
<Contour name="d13brcfa01" hidden="false" closed="false" simplified="false" border="0 1 1" fill="0 1 1" mode="-9"
 points="0.267823 -0.176138,
	0.271413 -0.207269,
	0.278766 -0.238404,
	0.293583 -0.281218,
	0.31396 -0.339602,
	0.323055 -0.39603,
	0.328483 -0.434944,
	"/>
<Contour name="d13brc03b" hidden="false" closed="true" simplified="true" border="0 1 0" fill="0 1 0" mode="-9"
 points="0.746058 1.02345,
	0.749828 1.00749,
	0.749649 0.975583,
	0.749604 0.967597,
	0.763033 0.953631,
	0.766847 0.945652,
	0.770683 0.94165,
	0.774542 0.941646,
	0.788139 0.957597,
	0.792356 1.02141,
	0.794375 1.03736,
	0.792624 1.06928,
	0.792714 1.08523,
	0.792759 1.09321,
	0.78513 1.10918,
	0.777446 1.11516,
	0.761999 1.11319,
	0.756165 1.10522,
	0.752284 1.10123,
	0.746316 1.06932,
	0.746137 1.03741,
	0.746092 1.02943,
	0.746069 1.02544,
	"/>
<Contour name="d13brcfa03b" hidden="false" closed="false" simplified="false" border="0 1 1" fill="0 1 1" mode="-9"
 points="0.771274 1.11345,
	0.769053 1.0616,
	0.770614 0.995774,
	0.778041 0.943912,
	"/>
<Contour name="d13SER" hidden="false" closed="true" simplified="true" border="0 1 0" fill="0 1 0" mode="11"
 points="2.31963 1.18751,
	2.33839 1.16471,
	2.34776 1.15169,
	2.36041 1.16144,
	2.36674 1.16794,
	2.35745 1.19398,
	2.34492 1.207,
	2.33236 1.21026,
	2.32606 1.21027,
	2.31969 1.19726,
	2.31965 1.19076,
	"/>
<Contour name="d13SER" hidden="false" closed="true" simplified="true" border="0 1 0" fill="0 1 0" mode="11"
 points="2.53827 0.881456,
	2.56335 0.86517,
	2.57591 0.858643,
	2.58851 0.861884,
	2.58866 0.887916,
	2.58559 0.90094,
	2.57304 0.907456,
	2.56044 0.907467,
	2.53832 0.891214,
	2.53828 0.884709,
	"/>
<Contour name="d13SER" hidden="false" closed="true" simplified="true" border="0 1 0" fill="0 1 0" mode="11"
 points="2.66399 0.848806,
	2.67336 0.835784,
	2.69851 0.829254,
	2.71109 0.829242,
	2.72058 0.835741,
	2.7238 0.848752,
	2.69871 0.865048,
	2.67352 0.865071,
	2.66403 0.855311,
	2.66401 0.852058,
	"/>
<Contour name="d13SER" hidden="false" closed="true" simplified="true" border="0 1 0" fill="0 1 0" mode="11"
 points="2.9504 0.842042,
	2.96297 0.838778,
	2.98819 0.845261,
	3.00082 0.851755,
	3.01033 0.864767,
	3.01048 0.890788,
	3.00741 0.903812,
	2.99484 0.910328,
	2.98224 0.907087,
	2.97273 0.894085,
	2.97265 0.881064,
	2.97578 0.877809,
	2.95678 0.8583,
	2.95045 0.8518,
	2.95042 0.845295,
	"/>
<Contour name="d13SER" hidden="false" closed="true" simplified="true" border="0 1 0" fill="0 1 0" mode="11"
 points="3.03035 1.06648,
	3.04287 1.05345,
	3.05544 1.05018,
	3.06174 1.05017,
	3.06503 1.0762,
	3.06511 1.08922,
	3.062 1.09573,
	3.0494 1.09574,
	3.03678 1.08925,
	3.03041 1.07623,
	3.03037 1.06973,
	"/>
<Contour name="d13SER" hidden="false" closed="true" simplified="true" border="0 1 0" fill="0 1 0" mode="11"
 points="3.14077 1.11192,
	3.15017 1.10216,
	3.16274 1.09889,
	3.17534 1.10213,
	3.20051 1.09886,
	3.21312 1.1021,
	3.22264 1.1151,
	3.21956 1.12813,
	3.207 1.13464,
	3.15663 1.13143,
	3.14401 1.12819,
	3.14079 1.11518,
	"/>
<Contour name="d13SER" hidden="false" closed="true" simplified="true" border="0 1 0" fill="0 1 0" mode="11"
 points="3.25324 0.958906,
	3.27837 0.949115,
	3.29092 0.942598,
	3.30352 0.942587,
	3.30668 0.945837,
	3.31925 0.942573,
	3.33185 0.945814,
	3.33818 0.949061,
	3.33821 0.955566,
	3.31314 0.975115,
	3.28801 0.984895,
	3.26279 0.978413,
	3.25329 0.968664,
	3.25326 0.962158,
	"/>
<Contour name="d13SER" hidden="false" closed="true" simplified="true" border="0 1 0" fill="0 1 0" mode="11"
 points="3.51534 1.10833,
	3.53095 1.08555,
	3.54356 1.08879,
	3.56572 1.11154,
	3.56579 1.12456,
	3.55954 1.13107,
	3.53435 1.13109,
	3.52175 1.12785,
	3.51543 1.12461,
	3.51535 1.11158,
	"/>
<Contour name="d13SER" hidden="false" closed="true" simplified="true" border="0 1 0" fill="0 1 0" mode="11"
 points="3.64624 1.43685,
	3.65869 1.4108,
	3.67432 1.39126,
	3.69953 1.39774,
	3.70591 1.41076,
	3.70282 1.42377,
	3.68409 1.44982,
	3.67155 1.45959,
	3.65896 1.4596,
	3.64634 1.45311,
	3.64626 1.4401,
	"/>
<Contour name="d13SER" hidden="false" closed="true" simplified="true" border="0 1 0" fill="0 1 0" mode="11"
 points="3.39586 1.69411,
	3.40213 1.6876,
	3.42728 1.68432,
	3.43988 1.68431,
	3.45574 1.70707,
	3.45267 1.72009,
	3.44328 1.72986,
	3.43067 1.72662,
	3.40855 1.71036,
	3.39903 1.69736,
	"/>
<Contour name="d13SER" hidden="false" closed="true" simplified="true" border="0 1 0" fill="0 1 0" mode="11"
 points="3.55733 1.8599,
	3.57292 1.83386,
	3.5981 1.83384,
	3.60447 1.84685,
	3.60454 1.85986,
	3.59832 1.87288,
	3.58579 1.88266,
	3.57321 1.88592,
	3.56061 1.88268,
	3.55739 1.86966,
	3.55735 1.86316,
	"/>
<Contour name="d13SER" hidden="false" closed="true" simplified="true" border="0 1 0" fill="0 1 0" mode="11"
 points="3.6687 2.07455,
	3.6843 2.04851,
	3.69681 2.03548,
	3.69994 2.03222,
	3.70946 2.04523,
	3.71265 2.05173,
	3.70965 2.07777,
	3.70034 2.10381,
	3.69412 2.11682,
	3.68155 2.12009,
	3.67205 2.11034,
	3.66876 2.08431,
	3.66872 2.0778,
	"/>
<Contour name="d13SER" hidden="false" closed="true" simplified="true" border="0 1 0" fill="0 1 0" mode="11"
 points="3.52523 2.30894,
	3.54398 2.28615,
	3.55663 2.2959,
	3.563 2.30891,
	3.56 2.33494,
	3.54744 2.34146,
	3.53485 2.34147,
	3.52535 2.33172,
	3.52528 2.31871,
	3.52524 2.3122,
	"/>
<Contour name="d13SER" hidden="false" closed="true" simplified="true" border="0 1 0" fill="0 1 0" mode="11"
 points="3.03912 2.06861,
	3.0642 2.04906,
	3.07675 2.04255,
	3.07987 2.03929,
	3.09252 2.04904,
	3.09886 2.05554,
	3.09893 2.06856,
	3.08017 2.09134,
	3.06762 2.09787,
	3.05502 2.09788,
	3.04873 2.09789,
	3.03921 2.08488,
	3.03914 2.07187,
	"/>
<Contour name="d13SER" hidden="false" closed="true" simplified="true" border="0 1 0" fill="0 1 0" mode="11"
 points="2.80234 1.94519,
	2.82744 1.92889,
	2.85257 1.91911,
	2.90289 1.91256,
	2.90917 1.9093,
	2.91867 1.91905,
	2.92183 1.9223,
	2.89674 1.93858,
	2.88421 1.94836,
	2.8779 1.94837,
	2.85917 1.97442,
	2.84661 1.98093,
	2.83402 1.98095,
	2.80875 1.9647,
	2.80242 1.9582,
	2.80236 1.94844,
	"/>
<Contour name="d13SER" hidden="false" closed="true" simplified="true" border="0 1 0" fill="0 1 0" mode="11"
 points="2.65297 2.25116,
	2.65922 2.24465,
	2.68441 2.24463,
	2.69704 2.25112,
	2.70335 2.25437,
	2.70035 2.2804,
	2.67519 2.28368,
	2.66255 2.27718,
	2.65624 2.27394,
	2.65302 2.26093,
	2.65298 2.25441,
	"/>
<Contour name="d13SER" hidden="false" closed="true" simplified="true" border="0 1 0" fill="0 1 0" mode="11"
 points="2.49704 2.51161,
	2.50326 2.49858,
	2.52837 2.48555,
	2.55356 2.48552,
	2.55987 2.48877,
	2.55679 2.50178,
	2.56314 2.51155,
	2.55692 2.52456,
	2.54436 2.53108,
	2.51919 2.5311,
	2.50657 2.52786,
	2.49706 2.51486,
	"/>
<Contour name="d13SER" hidden="false" closed="true" simplified="true" border="0 1 0" fill="0 1 0" mode="11"
 points="2.85307 2.56984,
	2.85933 2.56333,
	2.90966 2.56004,
	2.91597 2.56003,
	2.9223 2.56653,
	2.91922 2.57955,
	2.91297 2.58606,
	2.8878 2.58934,
	2.87519 2.5861,
	2.86889 2.5861,
	2.85625 2.57636,
	2.85309 2.57311,
	"/>
<Contour name="d13SER" hidden="false" closed="true" simplified="true" border="0 1 0" fill="0 1 0" mode="11"
 points="2.34941 2.00741,
	2.35879 1.99439,
	2.35864 1.96835,
	2.35857 1.95534,
	2.3522 1.94234,
	2.3552 1.9163,
	2.36143 1.90328,
	2.37401 1.90327,
	2.41826 1.93576,
	2.46861 1.93247,
	2.49381 1.9357,
	2.54429 1.95518,
	2.5695 1.96166,
	2.57584 1.96816,
	2.58213 1.96815,
	2.59801 1.99417,
	2.59186 2.02021,
	2.58248 2.02997,
	2.57618 2.02998,
	2.56031 2.00722,
	2.55709 1.99421,
	2.54443 1.98121,
	2.49392 1.95522,
	2.44357 1.95852,
	2.41841 1.96179,
	2.40584 1.96506,
	2.3933 1.97484,
	2.39989 2.02688,
	2.40004 2.05292,
	2.39067 2.06594,
	2.3655 2.06922,
	2.34963 2.04646,
	2.34949 2.02043,
	2.34943 2.01067,
	"/>
<Contour name="d13SER" hidden="false" closed="true" simplified="true" border="0 1 0" fill="0 1 0" mode="11"
 points="2.79291 1.38555,
	2.80544 1.37578,
	2.83057 1.36599,
	2.85574 1.36272,
	2.86836 1.36922,
	2.87789 1.38222,
	2.89049 1.38546,
	2.8968 1.38871,
	2.89687 1.40173,
	2.89691 1.40824,
	2.87178 1.41802,
	2.84663 1.42129,
	2.82141 1.41481,
	2.79615 1.40182,
	2.79293 1.3888,
	"/>
<Contour name="d13SER" hidden="false" closed="true" simplified="true" border="0 1 0" fill="0 1 0" mode="11"
 points="2.31948 1.72112,
	2.332 1.70808,
	2.33829 1.70808,
	2.35095 1.72109,
	2.36055 1.7471,
	2.36062 1.76012,
	2.35751 1.76663,
	2.40793 1.77634,
	2.4174 1.78285,
	2.41118 1.79586,
	2.40492 1.80238,
	2.37976 1.80565,
	2.36714 1.79916,
	2.36082 1.79591,
	2.34517 1.81219,
	2.32929 1.78618,
	2.31955 1.73413,
	2.3195 1.72437,
	"/>
<Contour name="d13brrs19" hidden="false" closed="true" simplified="false" border="0.5 0 1" fill="0.5 0 1" mode="-9"
 points="1.31591 0.662916,
	1.30644 0.659671,
	1.31587 0.656408,
	1.30951 0.646653,
	1.319 0.653152,
	1.32209 0.643388,
	1.32529 0.653146,
	1.3347 0.64663,
	1.32846 0.656397,
	1.33792 0.659642,
	1.3285 0.662904,
	1.33484 0.67266,
	1.32537 0.666161,
	1.32228 0.675925,
	1.31907 0.666167,
	1.30966 0.672682,
	"/>
<Contour name="d13brrs20" hidden="false" closed="true" simplified="false" border="0.5 0 1" fill="0.5 0 1" mode="-9"
 points="1.27807 0.653189,
	1.26861 0.649944,
	1.27804 0.646682,
	1.27169 0.636926,
	1.28118 0.643425,
	1.28427 0.633661,
	1.28747 0.643419,
	1.29687 0.636904,
	1.29063 0.64667,
	1.30009 0.649915,
	1.29067 0.653178,
	1.29702 0.662933,
	1.28754 0.656434,
	1.28445 0.666198,
	1.28125 0.65644,
	1.27183 0.662956,
	"/>
<Contour name="d13" hidden="false" closed="true" simplified="true" border="1 1 0" fill="1 1 0" mode="11"
 points="0.404722 0.434369,
	0.407723 0.408337,
	0.451499 0.356239,
	0.457722 0.343218,
	0.454501 0.330205,
	0.501461 0.284612,
	0.592162 0.180411,
	0.61676 0.0762699,
	0.625619 -0.0278569,
	0.628475 -0.0799184,
	0.628439 -0.0864258,
	0.653548 -0.0994633,
	0.678767 -0.0929785,
	0.70404 -0.0767329,
	0.732661 -0.0246998,
	0.75184 0.0273428,
	0.777314 0.0793788,
	0.799439 0.0956272,
	0.849894 0.111851,
	0.875095 0.115082,
	0.891126 0.167127,
	0.992325 0.251632,
	1.04286 0.28087,
	1.06813 0.297115,
	1.11858 0.313338,
	1.14378 0.316569,
	1.19431 0.345808,
	1.20694 0.352304,
	1.23208 0.345774,
	1.25425 0.368529,
	1.26384 0.39455,
	1.26713 0.420577,
	1.25798 0.472645,
	1.25176 0.485665,
	1.24865 0.492175,
	1.2739 0.505167,
	1.37476 0.527852,
	1.39996 0.531083,
	1.40946 0.540835,
	1.40016 0.566873,
	1.39708 0.579891,
	1.40667 0.605913,
	1.43844 0.657943,
	1.45447 0.709988,
	1.46091 0.736012,
	1.44217 0.762058,
	1.41712 0.784857,
	1.40459 0.794629,
	1.3983 0.797888,
	1.34783 0.778412,
	1.3352 0.771916,
	1.28482 0.768708,
	1.25964 0.76873,
	1.24704 0.768742,
	1.19681 0.791563,
	1.14648 0.798116,
	1.1213 0.798138,
	1.02088 0.85354,
	1.0083 0.853552,
	0.983168 0.863332,
	0.970608 0.869859,
	0.920141 0.850379,
	0.894903 0.840643,
	0.882275 0.834145,
	0.781602 0.843998,
	0.731165 0.831028,
	0.680692 0.81155,
	0.668083 0.808308,
	0.620574 0.756292,
	0.519353 0.668533,
	0.468734 0.623027,
	0.45607 0.610024,
	0.430597 0.557987,
	0.41786 0.531969,
	0.408125 0.479919,
	0.404831 0.453891,
	0.404758 0.440877,
	0.40474 0.437623,
	"/>
<Contour name="d13SER" hidden="false" closed="true" simplified="true" border="0 1 0" fill="0 1 0" mode="11"
 points="1.16779 0.667948,
	1.18338 0.641905,
	1.20531 0.622363,
	1.21785 0.61259,
	1.23042 0.609325,
	1.23669 0.606066,
	1.24936 0.619069,
	1.24943 0.632084,
	1.24013 0.658122,
	1.23391 0.671142,
	1.23395 0.677649,
	1.22769 0.684162,
	1.22773 0.69067,
	1.2058 0.710213,
	1.19325 0.716731,
	1.18065 0.716743,
	1.17436 0.716748,
	1.16803 0.710247,
	1.16788 0.684216,
	1.16781 0.671202,
	"/>
<Contour name="d13SER" hidden="false" closed="true" simplified="true" border="0 1 0" fill="0 1 0" mode="11"
 points="1.01169 0.33621,
	1.0336 0.313415,
	1.04617 0.31015,
	1.09355 0.33939,
	1.09699 0.391447,
	1.09083 0.417482,
	1.08772 0.423992,
	1.12262 0.472767,
	1.13214 0.485773,
	1.12589 0.492286,
	1.12592 0.498793,
	1.1134 0.511819,
	1.10081 0.511831,
	1.05961 0.463063,
	1.04059 0.437049,
	1.03426 0.430548,
	1.03095 0.404521,
	1.02773 0.391509,
	1.0214 0.385008,
	1.01496 0.358984,
	1.01174 0.345972,
	1.01171 0.339464,
	"/>
<Contour name="d13SER" hidden="false" closed="true" simplified="true" border="0 1 0" fill="0 1 0" mode="11"
 points="0.566625 0.678251,
	0.579197 0.674986,
	0.604416 0.681471,
	0.626541 0.697719,
	0.626577 0.704228,
	0.632909 0.710729,
	0.632982 0.723744,
	0.623594 0.733514,
	0.610985 0.730271,
	0.598321 0.717268,
	0.592025 0.717274,
	0.569882 0.69777,
	0.566661 0.684759,
	0.566643 0.681505,
	"/>
<Contour name="d13SER" hidden="false" closed="true" simplified="true" border="0 1 0" fill="0 1 0" mode="11"
 points="0.461855 0.518914,
	0.474391 0.509142,
	0.477502 0.502632,
	0.502702 0.505863,
	0.527958 0.518855,
	0.537474 0.531861,
	0.528104 0.544884,
	0.50294 0.54816,
	0.47774 0.54493,
	0.465094 0.53518,
	0.461873 0.522168,
	"/>
<Contour name="d13SER" hidden="false" closed="true" simplified="true" border="0 1 0" fill="0 1 0" mode="11"
 points="0.520349 0.284595,
	0.526608 0.278082,
	0.526571 0.271574,
	0.548478 0.248779,
	0.573641 0.245502,
	0.598914 0.261748,
	0.605282 0.274757,
	0.611614 0.281259,
	0.605465 0.307294,
	0.583522 0.323582,
	0.55834 0.323604,
	0.533104 0.313866,
	0.520458 0.304117,
	0.520385 0.291102,
	0.520367 0.287848,
	"/>
<Contour name="d01SER" hidden="false" closed="true" simplified="true" border="0 1 0" fill="0 1 0" mode="11"
 points="4.03545 3.78857,
	4.03828 3.77657,
	4.05557 3.75556,
	4.07889 3.77654,
	4.10528 3.82449,
	4.10832 3.84848,
	4.10839 3.86048,
	4.12302 3.88446,
	4.14632 3.89943,
	4.14058 3.91143,
	4.12899 3.91444,
	4.11735 3.90845,
	4.11152 3.90246,
	4.10572 3.90246,
	4.06778 3.86352,
	4.06191 3.85153,
	4.06184 3.83953,
	4.06181 3.83354,
	4.04137 3.80955,
	4.03553 3.80356,
	4.03546 3.79157,
	"/>
<Contour name="d01SER" hidden="false" closed="true" simplified="true" border="0 1 0" fill="0 1 0" mode="11"
 points="4.25767 3.57844,
	4.26633 3.56943,
	4.27795 3.57242,
	4.30114 3.5694,
	4.30698 3.57539,
	4.30415 3.58739,
	4.29838 3.59339,
	4.27517 3.59341,
	4.26354 3.59043,
	4.2577 3.58444,
	4.25768 3.58143,
	"/>
<Contour name="d01SER" hidden="false" closed="true" simplified="true" border="0 1 0" fill="0 1 0" mode="11"
 points="4.33288 4.05522,
	4.34441 4.04321,
	4.36464 4.02819,
	4.37621 4.02219,
	4.39942 4.02216,
	4.40526 4.02816,
	4.4025 4.05215,
	4.38812 4.07615,
	4.36498 4.08817,
	4.35337 4.08818,
	4.34174 4.08219,
	4.33296 4.07021,
	4.33289 4.05821,
	"/>
<Contour name="d01SER" hidden="false" closed="true" simplified="true" border="0 1 0" fill="0 1 0" mode="11"
 points="4.53798 3.89608,
	4.54663 3.88407,
	4.56978 3.87506,
	4.58139 3.87505,
	4.59303 3.88104,
	4.59309 3.89303,
	4.56997 3.90804,
	4.54674 3.90507,
	4.54093 3.90508,
	4.538 3.89908,
	"/>
<Contour name="d01SER" hidden="false" closed="true" simplified="true" border="0 1 0" fill="0 1 0" mode="11"
 points="4.06912 3.58461,
	4.08931 3.56359,
	4.10088 3.55758,
	4.10665 3.55158,
	4.12981 3.54256,
	4.1356 3.53956,
	4.14142 3.54255,
	4.13284 3.56656,
	4.10405 3.60556,
	4.08383 3.62058,
	4.07218 3.61459,
	4.06915 3.59061,
	4.06913 3.5876,
	"/>
<Contour name="d01cfa06" hidden="false" closed="false" simplified="false" border="0 1 0" fill="0 1 0" mode="11"
 points="4.1978 2.27334,
	4.20382 2.30043,
	4.21526 2.33776,
	4.23934 2.38292,
	4.28811 2.4341,
	4.34712 2.4612,
	4.42178 2.46601,
	4.48862 2.45216,
	"/>
<Contour name="d01c06" hidden="false" closed="true" simplified="true" border="1 0 0" fill="0 1 0" mode="11"
 points="4.17645 2.29283,
	4.17946 2.28319,
	4.18187 2.27838,
	4.18488 2.27476,
	4.18669 2.27296,
	4.18729 2.27175,
	4.1885 2.27175,
	4.19271 2.26814,
	4.20234 2.26513,
	4.20716 2.26332,
	4.20957 2.26152,
	4.21198 2.26152,
	4.22161 2.2579,
	4.22643 2.2567,
	4.22763 2.2555,
	4.23004 2.2555,
	4.23486 2.25309,
	4.23727 2.25188,
	4.23847 2.25188,
	4.23968 2.25068,
	4.25894 2.24345,
	4.26135 2.24285,
	4.26256 2.24285,
	4.26316 2.24165,
	4.26557 2.24165,
	4.26797 2.23984,
	4.27761 2.23743,
	4.28243 2.23563,
	4.28363 2.23563,
	4.28483 2.23442,
	4.28724 2.23442,
	4.28965 2.23261,
	4.29206 2.23261,
	4.29688 2.23081,
	4.30169 2.23021,
	4.3041 2.23021,
	4.30832 2.23322,
	4.31012 2.23442,
	4.31133 2.23683,
	4.31253 2.23743,
	4.31253 2.23864,
	4.31554 2.24165,
	4.31735 2.24586,
	4.32457 2.25489,
	4.32457 2.2561,
	4.33722 2.27296,
	4.34444 2.28319,
	4.34565 2.28379,
	4.34565 2.285,
	4.34866 2.28921,
	4.35347 2.29222,
	4.35528 2.29463,
	4.35949 2.29764,
	4.3607 2.29885,
	4.3619 2.29885,
	4.36612 2.30186,
	4.36853 2.30366,
	4.36973 2.30487,
	4.37093 2.30487,
	4.37214 2.30607,
	4.37334 2.30607,
	4.38298 2.3127,
	4.38539 2.3145,
	4.38779 2.3151,
	4.389 2.31571,
	4.389 2.31691,
	4.39381 2.31872,
	4.39863 2.32173,
	4.40104 2.32233,
	4.40224 2.32353,
	4.40345 2.32353,
	4.40465 2.32474,
	4.41429 2.32835,
	4.4167 2.32835,
	4.4191 2.32955,
	4.42151 2.32955,
	4.42272 2.33076,
	4.42512 2.33076,
	4.42753 2.33256,
	4.4468 2.33798,
	4.45643 2.33919,
	4.46125 2.34039,
	4.46366 2.34099,
	4.46486 2.34099,
	4.46607 2.3422,
	4.47088 2.344,
	4.4745 2.34702,
	4.47811 2.35123,
	4.47992 2.35364,
	4.48413 2.36267,
	4.48714 2.3723,
	4.48774 2.37712,
	4.48774 2.37832,
	4.48895 2.37953,
	4.49075 2.38916,
	4.49196 2.4277,
	4.49196 2.44697,
	4.49196 2.45178,
	4.48955 2.4566,
	4.48232 2.46563,
	4.47992 2.46744,
	4.47871 2.46924,
	4.47751 2.46864,
	4.4751 2.47045,
	4.4739 2.47045,
	4.47269 2.47165,
	4.47149 2.47165,
	4.46908 2.47346,
	4.46667 2.47346,
	4.46185 2.47526,
	4.45944 2.47526,
	4.44981 2.47888,
	4.44861 2.47888,
	4.4474 2.48008,
	4.44499 2.48068,
	4.44379 2.48068,
	4.44259 2.48189,
	4.43777 2.48249,
	4.4185 2.48851,
	4.41368 2.49032,
	4.41128 2.49032,
	4.40947 2.49212,
	4.40706 2.49212,
	4.39743 2.49574,
	4.39622 2.49574,
	4.39502 2.49694,
	4.39261 2.49694,
	4.3902 2.49814,
	4.38779 2.49814,
	4.38539 2.49935,
	4.36612 2.50115,
	4.35648 2.50176,
	4.34685 2.50115,
	4.33782 2.49935,
	4.32819 2.49634,
	4.32578 2.49513,
	4.32337 2.49513,
	4.32216 2.49333,
	4.31976 2.49333,
	4.31494 2.49152,
	4.31253 2.48971,
	4.31012 2.48971,
	4.30771 2.48791,
	4.30651 2.48791,
	4.29748 2.48189,
	4.28784 2.47406,
	4.28002 2.46623,
	4.2758 2.46262,
	4.26797 2.45299,
	4.26557 2.45178,
	4.26496 2.45058,
	4.26376 2.45058,
	4.25473 2.44395,
	4.25232 2.44275,
	4.25112 2.44275,
	4.24931 2.44094,
	4.24871 2.43974,
	4.2475 2.43974,
	4.2457 2.43733,
	4.24208 2.43492,
	4.24088 2.43372,
	4.23968 2.43372,
	4.23125 2.42529,
	4.22763 2.42228,
	4.22462 2.41806,
	4.22402 2.41566,
	4.2168 2.40783,
	4.21559 2.40723,
	4.21559 2.40602,
	4.21378 2.40361,
	4.21138 2.40241,
	4.20837 2.39819,
	4.20415 2.39398,
	4.20355 2.39157,
	4.19813 2.38254,
	4.19512 2.37832,
	4.19392 2.37592,
	4.19271 2.37471,
	4.19271 2.37351,
	4.19151 2.37351,
	4.1909 2.3711,
	4.1897 2.3705,
	4.1891 2.36869,
	4.18729 2.36628,
	4.18669 2.36387,
	4.18549 2.36267,
	4.18549 2.36147,
	4.18428 2.36086,
	4.18127 2.35183,
	4.17946 2.34702,
	4.17946 2.34461,
	4.17826 2.3422,
	4.17645 2.30366,
	4.17645 2.29403,
	4.17645 2.29343,
	"/>
<Contour name="d01p04" hidden="false" closed="true" simplified="false" border="1 0 0" fill="1 0 0" mode="-13"
 points="4.02777 3.55485,
	4.05927 3.55485,
	4.04352 3.58373,
	"/>
</Transform>

<Transform dim="0"
 xcoef=" 0 1 0 0 0 0"
 ycoef=" 0 0 1 0 0 0">
<Contour name="d01" hidden="false" closed="true" simplified="true" border="1 1 0" fill="1 1 0" mode="11"
 points="3.96751 3.60043,
	3.98978 3.57726,
	3.99273 3.57109,
	4.00462 3.56181,
	4.01058 3.55872,
	4.01356 3.55872,
	4.01653 3.55563,
	4.0225 3.55408,
	4.02548 3.55408,
	4.02845 3.55099,
	4.0404 3.54943,
	4.06268 3.52935,
	4.07459 3.52161,
	4.12228 3.50459,
	4.17006 3.503,
	4.182 3.50299,
	4.18798 3.50299,
	4.19996 3.50915,
	4.20297 3.51223,
	4.20595 3.51223,
	4.21046 3.51686,
	4.25826 3.5199,
	4.28214 3.51679,
	4.30604 3.51832,
	4.31801 3.52139,
	4.324 3.52602,
	4.33005 3.53837,
	4.33766 3.56306,
	4.34072 3.5754,
	4.34372 3.57849,
	4.34525 3.58466,
	4.34976 3.59083,
	4.35737 3.61553,
	4.36489 3.62632,
	4.37688 3.63403,
	4.40075 3.62938,
	4.42308 3.61547,
	4.42902 3.61083,
	4.44094 3.60619,
	4.45289 3.60618,
	4.46485 3.60926,
	4.48882 3.62158,
	4.4948 3.62312,
	4.49781 3.6262,
	4.50079 3.6262,
	4.51279 3.63545,
	4.52935 3.65859,
	4.53386 3.66476,
	4.53985 3.66784,
	4.55186 3.67863,
	4.56843 3.70332,
	4.57894 3.71412,
	4.58942 3.71874,
	4.61045 3.74187,
	4.615 3.75422,
	4.61802 3.7604,
	4.61667 3.78509,
	4.61674 3.79744,
	4.61677 3.80361,
	4.61979 3.80979,
	4.61981 3.81287,
	4.62433 3.81904,
	4.63193 3.84374,
	4.63649 3.85608,
	4.641 3.86225,
	4.64406 3.8746,
	4.64708 3.88077,
	4.64566 3.89312,
	4.6442 3.89929,
	4.63531 3.91165,
	4.62639 3.92093,
	4.6026 3.93793,
	4.58328 3.95492,
	4.55947 3.97192,
	4.5357 3.99356,
	4.52838 4.01827,
	4.52695 4.03061,
	4.52699 4.03679,
	4.51959 4.04914,
	4.49881 4.07078,
	4.47497 4.08161,
	4.469 4.08315,
	4.46306 4.08779,
	4.43919 4.09244,
	4.42724 4.09245,
	4.42426 4.09246,
	4.42129 4.09555,
	4.39745 4.10637,
	4.38553 4.11101,
	4.3616 4.10332,
	4.31378 4.09873,
	4.26599 4.09723,
	4.24209 4.09725,
	4.23014 4.09726,
	4.22417 4.09727,
	4.21818 4.09419,
	4.20623 4.0942,
	4.1943 4.09729,
	4.18832 4.0973,
	4.18533 4.0973,
	4.18083 4.09268,
	4.17621 4.06798,
	4.17316 4.05563,
	4.16565 4.04792,
	4.16558 4.03557,
	4.16704 4.0294,
	4.16401 4.02322,
	4.14006 4.01244,
	4.12806 4.00165,
	4.12351 3.98929,
	4.12347 3.98312,
	4.12346 3.98003,
	4.12642 3.97694,
	4.12188 3.9646,
	4.11875 3.93991,
	4.1157 3.92756,
	4.11417 3.92139,
	4.09166 3.90288,
	4.0467 3.87514,
	4.03016 3.85509,
	4.0151 3.83194,
	4.01055 3.8196,
	4.01197 3.80725,
	4.01041 3.7949,
	4.01482 3.78255,
	4.01169 3.75785,
	4.01142 3.70846,
	4.01433 3.69611,
	4.01729 3.68993,
	4.01576 3.68376,
	4.01574 3.68066,
	3.99475 3.66524,
	3.99023 3.65907,
	3.98871 3.6529,
	3.97065 3.62822,
	3.96759 3.61588,
	3.96753 3.60352,
	3.96752 3.60198,
	"/>
</Transform>

<Transform dim="0"
 xcoef=" 0 1 0 0 0 0"
 ycoef=" 0 0 1 0 0 0">
<Contour name="d01_sp04" hidden="false" closed="true" simplified="true" border="1 1 0" fill="1 1 0" mode="11"
 points="3.83385 2.93524,
	3.83527 2.92289,
	3.83823 2.91672,
	3.84107 2.89201,
	3.8425 2.87966,
	3.84691 2.86731,
	3.8543 2.85495,
	3.85576 2.84878,
	3.86021 2.8426,
	3.86017 2.83642,
	3.86608 2.82406,
	3.86903 2.81789,
	3.87794 2.81016,
	3.88388 2.80398,
	3.88686 2.80089,
	3.89283 2.79935,
	3.8943 2.79626,
	3.89729 2.79625,
	3.90026 2.79316,
	3.90324 2.79316,
	3.90919 2.78853,
	3.91515 2.78698,
	3.91663 2.78389,
	3.94048 2.77615,
	3.95241 2.7746,
	3.95837 2.7715,
	4.00617 2.773,
	4.01215 2.77454,
	4.01514 2.77454,
	4.02114 2.77916,
	4.02712 2.7807,
	4.04665 2.80075,
	4.0512 2.81309,
	4.05124 2.81927,
	4.05426 2.82544,
	4.05433 2.8378,
	4.05436 2.84397,
	4.05139 2.84706,
	4.04705 2.87176,
	4.05011 2.8841,
	4.0474 2.93351,
	4.04896 2.94585,
	4.05656 2.97054,
	4.06111 2.98289,
	4.06264 2.98906,
	4.06564 2.99215,
	4.06571 3.0045,
	4.07033 3.02919,
	4.0704 3.04154,
	4.07346 3.05388,
	4.07353 3.06623,
	4.07356 3.07242,
	4.07658 3.07859,
	4.07665 3.09093,
	4.07231 3.11563,
	4.07238 3.12798,
	4.06356 3.15269,
	4.05911 3.15887,
	4.05913 3.16196,
	4.05172 3.17277,
	4.03985 3.18513,
	4.02794 3.1944,
	4.01603 3.19904,
	3.99213 3.19906,
	3.98615 3.19752,
	3.96661 3.17439,
	3.95908 3.16359,
	3.95602 3.15125,
	3.95595 3.13889,
	3.96179 3.11419,
	3.9645 3.06479,
	3.96287 3.04009,
	3.94929 3.01541,
	3.94478 3.01078,
	3.94179 3.01079,
	3.93426 2.99844,
	3.92826 2.99382,
	3.92524 2.98764,
	3.91327 2.98302,
	3.91026 2.97993,
	3.8625 2.98461,
	3.85652 2.98461,
	3.85354 2.98462,
	3.83697 2.95994,
	3.83392 2.94759,
	3.83386 2.93679,
	"/>
</Transform>

<Transform dim="0"
 xcoef=" 0 1 0 0 0 0"
 ycoef=" 0 0 1 0 0 0">
<Contour name="d01_sp06" hidden="false" closed="true" simplified="true" border="1 1 0" fill="1 1 0" mode="11"
 points="4.00359 2.31004,
	4.00721 2.29078,
	4.00781 2.28596,
	4.01383 2.2667,
	4.01503 2.26188,
	4.02527 2.24261,
	4.02767 2.2378,
	4.04694 2.22636,
	4.06621 2.21733,
	4.07584 2.21251,
	4.08547 2.20649,
	4.0945 2.19746,
	4.09872 2.19264,
	4.10173 2.18783,
	4.10534 2.1782,
	4.10775 2.16856,
	4.11497 2.1493,
	4.12882 2.13003,
	4.13183 2.12522,
	4.14086 2.11558,
	4.14327 2.11378,
	4.16253 2.10896,
	4.16735 2.10776,
	4.18661 2.11016,
	4.19625 2.11197,
	4.20106 2.11317,
	4.2107 2.11799,
	4.21551 2.121,
	4.23357 2.14027,
	4.23779 2.14508,
	4.2408 2.1499,
	4.242 2.15231,
	4.24561 2.17157,
	4.24742 2.18121,
	4.25043 2.19084,
	4.25946 2.2101,
	4.26307 2.21974,
	4.26488 2.22214,
	4.26488 2.22455,
	4.26608 2.22576,
	4.26608 2.22696,
	4.26789 2.22937,
	4.27511 2.24803,
	4.28354 2.2673,
	4.28655 2.27693,
	4.28776 2.28175,
	4.29017 2.28656,
	4.29017 2.28897,
	4.29318 2.298,
	4.29438 2.30041,
	4.29438 2.30282,
	4.29859 2.31245,
	4.3004 2.31727,
	4.30642 2.3269,
	4.30763 2.32931,
	4.32629 2.34677,
	4.33592 2.3552,
	4.34495 2.36483,
	4.35398 2.37266,
	4.3588 2.37747,
	4.36843 2.3847,
	4.36964 2.3859,
	4.37084 2.3859,
	4.37325 2.38771,
	4.37566 2.38771,
	4.37806 2.38951,
	4.39733 2.39433,
	4.4166 2.39614,
	4.43586 2.39614,
	4.44549 2.39614,
	4.46476 2.39252,
	4.46958 2.39132,
	4.47198 2.38951,
	4.47319 2.38951,
	4.47439 2.38831,
	4.4756 2.38831,
	4.48041 2.3853,
	4.48523 2.38349,
	4.48703 2.38169,
	4.48824 2.38169,
	4.48884 2.38048,
	4.49004 2.38048,
	4.49968 2.37446,
	4.50449 2.37205,
	4.5069 2.37085,
	4.50811 2.36965,
	4.51292 2.36844,
	4.51533 2.36724,
	4.52015 2.36664,
	4.52195 2.36483,
	4.52677 2.36362,
	4.5653 2.37205,
	4.58457 2.37687,
	4.5942 2.37988,
	4.59901 2.38169,
	4.61828 2.3853,
	4.62791 2.38831,
	4.63755 2.39252,
	4.65681 2.40878,
	4.66103 2.41299,
	4.66644 2.42263,
	4.66705 2.42503,
	4.66584 2.43467,
	4.65681 2.45393,
	4.64658 2.4732,
	4.64658 2.47561,
	4.62912 2.49487,
	4.61948 2.5039,
	4.60022 2.51835,
	4.59901 2.51955,
	4.59661 2.51955,
	4.58697 2.52497,
	4.58457 2.52557,
	4.57975 2.52919,
	4.57855 2.53039,
	4.54001 2.53822,
	4.53761 2.53882,
	4.53279 2.54243,
	4.52797 2.54725,
	4.51834 2.55447,
	4.50871 2.55989,
	4.49908 2.56411,
	4.49426 2.56591,
	4.47499 2.56832,
	4.47018 2.56892,
	4.45091 2.57675,
	4.4461 2.57855,
	4.43646 2.58397,
	4.4172 2.58759,
	4.39793 2.593,
	4.3883 2.59662,
	4.37867 2.60143,
	4.37385 2.60444,
	4.35458 2.62311,
	4.34495 2.63093,
	4.34014 2.63394,
	4.33532 2.63515,
	4.33412 2.63515,
	4.3293 2.63876,
	4.32809 2.63996,
	4.32569 2.63996,
	4.32328 2.64117,
	4.32087 2.64358,
	4.31124 2.64719,
	4.27271 2.67609,
	4.25344 2.69114,
	4.24862 2.69475,
	4.22936 2.69896,
	4.22454 2.70017,
	4.20528 2.69896,
	4.20046 2.69896,
	4.16193 2.6803,
	4.1523 2.67548,
	4.14748 2.67308,
	4.12822 2.66043,
	4.11858 2.652,
	4.11618 2.6496,
	4.11136 2.64719,
	4.10233 2.63816,
	4.09751 2.63334,
	4.09149 2.62371,
	4.08908 2.61889,
	4.08607 2.60926,
	4.07644 2.59963,
	4.07162 2.59481,
	4.06922 2.5924,
	4.05296 2.55387,
	4.0349 2.51534,
	4.03129 2.50571,
	4.03008 2.49607,
	4.03189 2.47681,
	4.03309 2.46718,
	4.03249 2.45754,
	4.0349 2.44791,
	4.0355 2.43828,
	4.0337 2.39975,
	4.03309 2.39011,
	4.02948 2.37085,
	4.02767 2.36603,
	4.02647 2.36362,
	4.02165 2.35881,
	4.01864 2.35399,
	4.01022 2.33473,
	4.0066 2.32509,
	4.0042 2.31546,
	4.00359 2.31065,
	"/>
</Transform>

</Section>