<?xml version="1.0"?>
<!DOCTYPE Section SYSTEM "section.dtd">

<Section index="10" thickness="0.062" alignLocked="true">
<Transform dim="0"
 xcoef=" 0 1 0 0 0 0"
 ycoef=" 0 0 1 0 0 0">
<Contour name="d01rh01" hidden="true" closed="true" simplified="false" border="1 0 1" fill="1 0 1" mode="9"
 points="4.4248 2.57133,
	4.4248 2.5638,
	4.43233 2.55628,
	4.43985 2.55628,
	4.44737 2.5638,
	4.44737 2.57133,
	4.43985 2.57885,
	4.43233 2.57885,
	"/>
<Contour name="d01rh01" hidden="true" closed="true" simplified="false" border="1 0 1" fill="1 0 1" mode="9"
 points="4.45114 2.57133,
	4.45114 2.5638,
	4.45866 2.55628,
	4.46618 2.55628,
	4.47371 2.5638,
	4.47371 2.57133,
	4.46618 2.57885,
	4.45866 2.57885,
	"/>
<Contour name="d01rh01" hidden="true" closed="true" simplified="false" border="1 0 1" fill="1 0 1" mode="9"
 points="4.45302 2.59202,
	4.45302 2.58449,
	4.46054 2.57697,
	4.46807 2.57697,
	4.47559 2.58449,
	4.47559 2.59202,
	4.46807 2.59954,
	4.46054 2.59954,
	"/>
<Contour name="d01rh01" hidden="true" closed="true" simplified="false" border="1 0 1" fill="1 0 1" mode="9"
 points="4.4248 2.60142,
	4.4248 2.5939,
	4.43233 2.58638,
	4.43985 2.58638,
	4.44737 2.5939,
	4.44737 2.60142,
	4.43985 2.60895,
	4.43233 2.60895,
	"/>
<Contour name="d01rh01" hidden="true" closed="true" simplified="false" border="1 0 1" fill="1 0 1" mode="9"
 points="4.44737 2.61647,
	4.44737 2.60895,
	4.4549 2.60142,
	4.46242 2.60142,
	4.46995 2.60895,
	4.46995 2.61647,
	4.46242 2.624,
	4.4549 2.624,
	"/>
</Transform>

<Transform dim="0"
 xcoef=" 0 1 0 0 0 0"
 ycoef=" 0 0 1 0 0 0">
<Contour name="d02" hidden="true" closed="true" simplified="true" border="1 1 0" fill="1 0 1" mode="11"
 points="7.66472 2.60559,
	7.67163 2.59177,
	7.68546 2.57795,
	7.7131 2.56758,
	7.74075 2.56412,
	7.75457 2.56412,
	7.7753 2.58831,
	7.78567 2.60214,
	7.79258 2.62978,
	7.78913 2.65743,
	7.7753 2.66779,
	7.72001 2.66779,
	7.69237 2.66434,
	7.68546 2.66434,
	7.67163 2.65051,
	7.66472 2.6436,
	7.66472 2.61596,
	7.66472 2.60905,
	"/>
</Transform>

<Transform dim="0"
 xcoef=" 0 1 0 0 0 0"
 ycoef=" 0 0 1 0 0 0">
<Contour name="d02" hidden="true" closed="true" simplified="true" border="1 1 0" fill="1 0 1" mode="11"
 points="6.69022 0.933037,
	6.79043 0.836277,
	6.80426 0.829366,
	6.91484 0.829366,
	6.97013 0.829366,
	6.99777 0.829366,
	7.0116 0.829366,
	7.01851 0.829366,
	7.0738 0.87429,
	7.12563 0.926125,
	7.14982 0.953771,
	7.14982 1.17493,
	7.14291 1.23023,
	7.13946 1.24405,
	7.11527 1.27169,
	7.08762 1.29243,
	7.06689 1.32007,
	7.05652 1.34772,
	7.05307 1.37536,
	7.04961 1.38919,
	7.04961 1.3961,
	7.02542 1.41683,
	7.0116 1.42029,
	6.98395 1.41683,
	6.95631 1.40301,
	6.94248 1.39264,
	6.8319 1.37536,
	6.82499 1.37536,
	6.79734 1.35463,
	6.77315 1.32699,
	6.75588 1.29934,
	6.75242 1.28552,
	6.74205 1.27169,
	6.7386 1.25787,
	6.71786 1.23023,
	6.70404 1.20258,
	6.70404 1.092,
	6.70058 1.03671,
	6.69022 0.981416,
	6.69022 0.953771,
	6.69022 0.939948,
	6.69022 0.936492,
	"/>
</Transform>

<Transform dim="0"
 xcoef=" 0 1 0 0 0 0"
 ycoef=" 0 0 1 0 0 0">
<Contour name="d04" hidden="true" closed="true" simplified="true" border="1 1 0" fill="1 0 0" mode="9"
 points="2.86771 5.45228,
	2.89675 5.42324,
	2.9512 5.37968,
	2.98024 5.36516,
	3.03106 5.32523,
	3.03106 5.29619,
	3.03106 5.28167,
	3.04921 5.25263,
	3.07825 5.23811,
	3.09277 5.22722,
	3.10003 5.2127,
	3.12907 5.18366,
	3.18715 5.15825,
	3.30331 5.15825,
	3.33235 5.15825,
	3.36139 5.16551,
	3.37591 5.1764,
	3.43399 5.19818,
	3.55015 5.19818,
	3.60823 5.19455,
	3.62275 5.19455,
	3.68083 5.16914,
	3.73891 5.16914,
	3.76795 5.16914,
	3.79699 5.15825,
	3.8224 5.1401,
	3.82966 5.13647,
	3.83692 5.15099,
	3.83692 5.16551,
	3.84781 5.15825,
	3.87685 5.15825,
	3.89137 5.16188,
	3.90226 5.1764,
	3.92404 5.23448,
	3.9313 5.24174,
	3.93493 5.47406,
	3.94582 5.53214,
	3.95308 5.54666,
	3.95308 5.56118,
	3.96034 5.5757,
	3.96034 5.60474,
	3.96034 5.61926,
	3.92767 5.67734,
	3.92404 5.69186,
	3.91315 5.70638,
	3.88411 5.71727,
	3.87685 5.71727,
	3.82603 5.76083,
	3.80788 5.78987,
	3.80788 5.81891,
	3.81151 5.83343,
	3.84055 5.84795,
	3.89863 5.84795,
	3.95671 5.82617,
	4.01479 5.81165,
	4.02931 5.80439,
	4.14547 5.80439,
	4.17451 5.80439,
	4.20355 5.82254,
	4.22896 5.85158,
	4.23622 5.8661,
	4.23259 5.92418,
	4.21081 5.94596,
	4.18177 5.96411,
	4.16725 5.97137,
	4.15999 5.97137,
	4.15273 5.97863,
	4.12369 5.98952,
	4.06924 6.02219,
	3.95308 6.05486,
	3.895 6.07301,
	3.86596 6.07301,
	3.83692 6.05486,
	3.77884 6.00404,
	3.72439 5.94596,
	3.69535 5.93507,
	3.63727 5.92418,
	3.52111 5.92418,
	3.46303 5.92418,
	3.44851 5.92055,
	3.43762 5.9024,
	3.37954 5.9024,
	3.3505 5.9024,
	3.29242 5.88425,
	3.23434 5.85884,
	3.21982 5.85158,
	3.16174 5.80076,
	3.1327 5.77535,
	3.07462 5.74994,
	3.0601 5.74631,
	3.04558 5.73179,
	3.02017 5.67371,
	2.99113 5.65193,
	2.96572 5.62289,
	2.94031 5.56481,
	2.91127 5.53577,
	2.88223 5.52488,
	2.86771 5.51036,
	2.86771 5.45591,
	"/>
</Transform>

<Transform dim="0"
 xcoef=" 0 1 0 0 0 0"
 ycoef=" 0 0 1 0 0 0">
<Contour name="d04" hidden="true" closed="true" simplified="true" border="1 1 0" fill="1 0 0" mode="9"
 points="4.24348 4.90052,
	4.30156 4.86422,
	4.31608 4.86059,
	4.32334 4.85333,
	4.3306 4.85333,
	4.33423 4.86785,
	4.33786 4.87511,
	4.35238 4.87148,
	4.3669 4.86059,
	4.37416 4.85333,
	4.38505 4.86785,
	4.38505 4.89689,
	4.38142 4.91141,
	4.3669 4.92593,
	4.33786 4.92956,
	4.30882 4.94045,
	4.27978 4.94045,
	4.26526 4.94045,
	4.25074 4.93319,
	4.24348 4.92593,
	4.24348 4.91141,
	4.24348 4.90415,
	"/>
</Transform>

<Transform dim="0"
 xcoef=" 0 1 0 0 0 0"
 ycoef=" 0 0 1 0 0 0">
<Contour name="d04p03" hidden="true" closed="true" simplified="false" border="1 0 0" fill="1 0 0" mode="-13"
 points="3.79395 5.21821,
	3.83608 5.21821,
	3.81502 5.25682,
	"/>
</Transform>

<Transform dim="0"
 xcoef=" 0 1 0 0 0 0"
 ycoef=" 0 0 1 0 0 0">
<Contour name="d04c02" hidden="true" closed="true" simplified="true" border="0 1 0" fill="0 1 0" mode="9"
 points="3.85293 6.05516,
	3.86068 6.04742,
	3.9226 6.02033,
	3.95356 6.00485,
	3.98453 5.99517,
	4.04645 5.98356,
	4.07742 5.98163,
	4.0929 5.98163,
	4.10838 5.98743,
	4.11612 5.98937,
	4.11999 5.98937,
	4.12192 5.99711,
	4.12192 6.00098,
	4.11418 6.00872,
	4.08322 6.02614,
	4.07548 6.03388,
	4.06 6.03968,
	4.05226 6.04549,
	4.03678 6.05129,
	4.02129 6.06097,
	3.9613 6.08226,
	3.89938 6.08419,
	3.86842 6.08613,
	3.86068 6.08613,
	3.85293 6.08032,
	3.85293 6.06484,
	3.85293 6.0571,
	"/>
<Contour name="d04cfa02" hidden="true" closed="false" simplified="false" border="0 1 0" fill="0 1 1" mode="-13"
 points="4.11822 5.99385,
	4.00211 6.02288,
	3.8473 6.06739,
	"/>
</Transform>

<Transform dim="0"
 xcoef=" 0 1 0 0 0 0"
 ycoef=" 0 0 1 0 0 0">
<Contour name="d04plinn03" hidden="true" closed="true" simplified="false" border="0 0 1" fill="0 0 1" mode="-13"
 points="3.49198 5.57366,
	3.46839 5.55006,
	3.49198 5.52647,
	3.51557 5.55006,
	"/>
</Transform>

<Transform dim="0"
 xcoef=" 0 1 0 0 0 0"
 ycoef=" 0 0 1 0 0 0">
<Contour name="d08" hidden="true" closed="true" simplified="true" border="1 1 0" fill="1 0 0.5" mode="9"
 points="7.79206 8.42838,
	7.80342 8.41985,
	7.80626 8.41417,
	7.81194 8.41417,
	7.82047 8.40281,
	7.83183 8.39713,
	7.87728 8.39713,
	7.88864 8.39713,
	7.90853 8.41701,
	7.91421 8.41701,
	7.92273 8.42838,
	7.92841 8.4511,
	7.92841 8.49655,
	7.92557 8.51928,
	7.92557 8.53064,
	7.90285 8.55337,
	7.89148 8.56189,
	7.88012 8.56473,
	7.86876 8.56189,
	7.86308 8.56189,
	7.84319 8.53916,
	7.83467 8.51644,
	7.79774 8.47667,
	7.79206 8.46531,
	7.79206 8.44258,
	7.79206 8.43122,
	"/>
</Transform>

<Transform dim="0"
 xcoef=" 0 1 0 0 0 0"
 ycoef=" 0 0 1 0 0 0">
<Contour name="d08" hidden="true" closed="true" simplified="true" border="1 1 0" fill="1 0 0.5" mode="9"
 points="6.45124 8.09601,
	6.45693 8.08465,
	6.47965 8.06761,
	6.50238 8.05908,
	6.54783 8.03068,
	6.57055 8.01931,
	6.58192 8.01647,
	6.62453 7.97954,
	6.63021 7.96818,
	6.63589 7.96534,
	6.63589 7.95966,
	6.64441 7.9483,
	6.64441 7.94262,
	6.65862 7.91989,
	6.68134 7.90285,
	6.70407 7.89432,
	6.74952 7.89148,
	6.77224 7.89716,
	6.78361 7.89716,
	6.78929 7.89716,
	6.79781 7.87444,
	6.8177 7.85455,
	6.84042 7.84319,
	6.86315 7.83751,
	6.95405 7.83751,
	6.96541 7.83183,
	6.97109 7.82615,
	6.98814 7.84887,
	6.9995 7.85739,
	7.04495 7.85739,
	7.06768 7.86876,
	7.10461 7.91421,
	7.13017 7.95966,
	7.17278 7.97954,
	7.19551 7.99375,
	7.20687 7.99659,
	7.2296 8.01079,
	7.24096 8.01363,
	7.2438 8.10454,
	7.2438 8.14999,
	7.2438 8.17271,
	7.2438 8.18408,
	7.23528 8.19544,
	7.19551 8.22669,
	7.17278 8.24089,
	7.1671 8.24089,
	7.15574 8.24941,
	7.13301 8.25509,
	7.12165 8.26077,
	7.03075 8.26077,
	6.9853 8.26077,
	6.97962 8.26077,
	6.96825 8.2693,
	6.94553 8.27498,
	6.9228 8.28918,
	6.91712 8.28918,
	6.90576 8.2977,
	6.86031 8.31191,
	6.81486 8.31475,
	6.72395 8.30907,
	6.6785 8.30339,
	6.66714 8.2977,
	6.66146 8.2977,
	6.63873 8.2835,
	6.61885 8.26077,
	6.59612 8.24373,
	6.55067 8.23521,
	6.52794 8.22669,
	6.5109 8.20396,
	6.50238 8.1926,
	6.49954 8.18124,
	6.49101 8.16987,
	6.48817 8.15851,
	6.46829 8.14147,
	6.45693 8.1301,
	6.45124 8.11874,
	6.45124 8.09885,
	"/>
</Transform>

<Transform dim="0"
 xcoef=" 0 1 0 0 0 0"
 ycoef=" 0 0 1 0 0 0">
<Contour name="d10c06" hidden="false" closed="true" simplified="true" border="1 0 0" fill="0 1 0" mode="9"
 points="6.24676 3.16042,
	6.26871 3.1467,
	6.3126 3.1467,
	6.3565 3.15493,
	6.37844 3.15767,
	6.42234 3.19334,
	6.44429 3.2098,
	6.44429 3.25369,
	6.44154 3.26467,
	6.43331 3.27564,
	6.41136 3.27838,
	6.38942 3.27564,
	6.34552 3.24272,
	6.32632 3.22351,
	6.28242 3.19882,
	6.26048 3.18511,
	6.2495 3.17413,
	6.24676 3.16316,
	"/>
<Contour name="d10cfa06" hidden="false" closed="false" simplified="false" border="0 1 0" fill="0 1 1" mode="-13"
 points="6.41829 3.279,
	6.41006 3.23237,
	6.37439 3.18024,
	6.31678 3.16378,
	6.24271 3.16104,
	"/>
</Transform>

<Transform dim="0"
 xcoef=" 0 1 0 0 0 0"
 ycoef=" 0 0 1 0 0 0">
<Contour name="d10p06dia" hidden="false" closed="false" simplified="true" border="0 0 1" fill="0 0 1" mode="-13"
 points="6.18784 3.19121,
	6.3936 3.31467,
	"/>
</Transform>

<Transform dim="0"
 xcoef=" 0 1 0 0 0 0"
 ycoef=" 0 0 1 0 0 0">
<Contour name="d10p08adia" hidden="false" closed="false" simplified="true" border="1 0 0" fill="1 0 0" mode="-13"
 points="7.57601 3.4491,
	7.67752 3.61096,
	"/>
</Transform>

<Transform dim="0"
 xcoef=" 0 1 0 0 0 0"
 ycoef=" 0 0 1 0 0 0">
<Contour name="d05" hidden="true" closed="true" simplified="true" border="1 1 0" fill="1 1 0" mode="11"
 points="3.7667 8.37417,
	3.80369 8.32709,
	3.81378 8.317,
	3.81378 8.20938,
	3.81714 8.18248,
	3.82051 8.16902,
	3.8306 8.15557,
	3.83732 8.14884,
	3.84741 8.12194,
	3.86759 8.09503,
	3.9214 8.05804,
	3.94831 8.04459,
	4.05593 8.01432,
	4.10974 8.00423,
	4.21735 8.00423,
	4.27116 8.00759,
	4.29807 8.01768,
	4.35188 8.0614,
	4.37878 8.06813,
	4.39224 8.07149,
	4.41914 8.09167,
	4.43259 8.09503,
	4.4595 8.11521,
	4.4864 8.12867,
	4.49986 8.13876,
	4.52676 8.14884,
	4.54021 8.15557,
	4.55367 8.15557,
	4.56712 8.16566,
	4.57385 8.17239,
	4.57385 8.18584,
	4.55703 8.21274,
	4.50658 8.24974,
	4.42251 8.34054,
	4.41242 8.35063,
	4.40905 8.36408,
	4.37878 8.41789,
	4.3317 8.46498,
	4.3048 8.48516,
	4.27789 8.48852,
	4.25099 8.49861,
	4.20727 8.54569,
	4.18036 8.55578,
	4.12655 8.58605,
	4.07274 8.60959,
	4.04584 8.60959,
	4.03238 8.60959,
	4.00548 8.61968,
	3.95167 8.61968,
	3.92476 8.61296,
	3.91131 8.60623,
	3.88441 8.57932,
	3.8575 8.55915,
	3.8306 8.54569,
	3.81714 8.54233,
	3.80369 8.53224,
	3.80033 8.47843,
	3.79696 8.45153,
	3.79024 8.4448,
	3.78688 8.43135,
	3.78688 8.42462,
	3.77342 8.41453,
	3.7667 8.40108,
	3.7667 8.37754,
	"/>
</Transform>

<Transform dim="0"
 xcoef=" 0 1 0 0 0 0"
 ycoef=" 0 0 1 0 0 0">
<Contour name="d05plinn01" hidden="true" closed="true" simplified="false" border="0 0 1" fill="0 0 1" mode="-13"
 points="4.14613 8.3341,
	4.09151 8.27948,
	4.14613 8.22486,
	4.20075 8.27948,
	"/>
</Transform>

<Transform dim="0"
 xcoef=" 0 1 0 0 0 0"
 ycoef=" 0 0 1 0 0 0">
<Contour name="D12" hidden="true" closed="true" simplified="true" border="0.5 0 1" fill="0.5 0 1" mode="13"
 points="8.27648 6.60272,
	8.28323 6.53639,
	8.30315 6.47328,
	8.33528 6.41643,
	8.37806 6.3686,
	8.42941 6.3321,
	8.48687 6.3087,
	8.54764 6.29954,
	8.60877 6.30505,
	8.66733 6.32497,
	8.72046 6.35833,
	8.76559 6.40353,
	8.80055 6.45837,
	8.82363 6.52019,
	8.83373 6.58601,
	8.83035 6.65264,
	8.81366 6.71685,
	8.78446 6.77554,
	8.74417 6.82586,
	8.69474 6.86538,
	8.63856 6.89218,
	8.57834 6.90498,
	8.51702 6.90314,
	8.45755 6.88676,
	8.40281 6.85663,
	8.35545 6.81421,
	8.31777 6.76155,
	8.29159 6.7012,
	"/>
<Contour name="D14" hidden="true" closed="true" simplified="true" border="1 0 0" fill="1 0 0" mode="9"
 points="7.65056 0.8511,
	7.65822 0.795168,
	7.68046 0.744712,
	7.71509 0.704669,
	7.75873 0.67896,
	7.8071 0.670101,
	7.85547 0.67896,
	7.89911 0.704669,
	7.93374 0.744712,
	7.95598 0.795168,
	7.96364 0.8511,
	7.95598 0.907032,
	7.93374 0.957489,
	7.89911 0.997531,
	7.85547 1.02324,
	7.8071 1.0321,
	7.75873 1.02324,
	7.71509 0.997531,
	7.68046 0.957489,
	"/>
<Contour name="D13" hidden="true" closed="true" simplified="true" border="1 0 0.5" fill="1 0 0.5" mode="9"
 points="1.64651 2.38839,
	1.65458 2.32738,
	1.67843 2.26913,
	1.71697 2.21627,
	1.76846 2.17118,
	1.83058 2.13592,
	1.90052 2.11206,
	1.97513 2.10069,
	2.05102 2.10233,
	2.12476 2.11689,
	2.19303 2.14372,
	2.25275 2.18161,
	2.3012 2.22884,
	2.3362 2.28329,
	2.35618 2.34248,
	2.36022 2.40375,
	2.34814 2.46433,
	2.3205 2.52147,
	2.27853 2.5726,
	2.22414 2.61541,
	2.15978 2.64795,
	2.08837 2.66877,
	2.01312 2.67691,
	1.93745 2.67201,
	1.86477 2.6543,
	1.79836 2.62457,
	1.74123 2.58417,
	1.69595 2.53491,
	1.66458 2.47904,
	"/>
</Transform>

<Transform dim="0"
 xcoef=" 0 1 0 0 0 0"
 ycoef=" 0 0 1 0 0 0">
<Contour name="d13" hidden="true" closed="true" simplified="true" border="1 1 0" fill="1 0 0.5" mode="11"
 points="2.99427 2.78425,
	3.01972 2.76516,
	3.04518 2.75562,
	3.07063 2.7588,
	3.08336 2.7588,
	3.10882 2.77153,
	3.15973 2.81607,
	3.21064 2.84789,
	3.23292 2.89881,
	3.22973 2.92426,
	3.20746 2.94017,
	3.19473 2.94654,
	3.18837 2.94972,
	3.08654 2.91472,
	3.03563 2.87335,
	3.01972 2.84789,
	3.00063 2.79698,
	2.99427 2.78744,
	"/>
</Transform>

<Transform dim="0"
 xcoef=" 0 1 0 0 0 0"
 ycoef=" 0 0 1 0 0 0">
<Contour name="d13" hidden="true" closed="true" simplified="true" border="1 1 0" fill="1 0 0.5" mode="11"
 points="5.47181 1.48199,
	5.50741 1.46642,
	5.57862 1.45752,
	5.64983 1.45974,
	5.68543 1.47309,
	5.70323 1.48199,
	5.71213 1.48645,
	5.74551 1.52205,
	5.76331 1.53985,
	5.77221 1.54875,
	5.77444 1.5532,
	5.76554 1.58881,
	5.76331 1.59771,
	5.76109 1.60216,
	5.72548 1.61106,
	5.65428 1.61773,
	5.63648 1.61773,
	5.62758 1.61773,
	5.62312 1.61773,
	5.60755 1.58213,
	5.59865 1.56433,
	5.56527 1.54208,
	5.49406 1.51315,
	5.48516 1.51092,
	5.47849 1.50425,
	5.47404 1.48645,
	5.47181 1.48422,
	"/>
</Transform>

<Transform dim="0"
 xcoef=" 0 1 0 0 0 0"
 ycoef=" 0 0 1 0 0 0">
<Contour name="d13" hidden="true" closed="true" simplified="true" border="1 1 0" fill="1 0 0.5" mode="11"
 points="4.60227 1.75179,
	4.67772 1.72585,
	4.68715 1.72349,
	4.7626 1.77065,
	4.80032 1.79187,
	4.83804 1.82723,
	4.91349 1.88618,
	4.95122 1.91683,
	4.97008 1.93097,
	4.99365 1.9687,
	4.98894 1.98756,
	4.98894 1.99699,
	4.97008 2.03471,
	4.96536 2.04414,
	4.9465 2.05829,
	4.92764 2.06772,
	4.90878 2.07008,
	4.89935 2.07008,
	4.88756 2.05358,
	4.85691 1.97813,
	4.8404 1.9404,
	4.82861 1.9239,
	4.75317 1.87675,
	4.68008 1.8013,
	4.64235 1.79423,
	4.63292 1.79187,
	4.60463 1.75414,
	"/>
</Transform>

<Transform dim="0"
 xcoef=" 0 1 0 0 0 0"
 ycoef=" 0 0 1 0 0 0">
<Contour name="d13" hidden="true" closed="true" simplified="true" border="1 1 0" fill="1 0 0.5" mode="11"
 points="1.73003 6.66949,
	1.80101 6.6096,
	1.83649 6.58077,
	1.90747 6.56746,
	1.94296 6.56081,
	1.95183 6.56302,
	1.96514 6.58077,
	1.96957 6.58742,
	1.94739 6.62291,
	1.91191 6.65174,
	1.84093 6.69832,
	1.80544 6.70498,
	1.79657 6.70719,
	1.76108 6.6961,
	1.75221 6.69167,
	1.73447 6.67392,
	1.73225 6.67171,
	"/>
</Transform>

<Transform dim="0"
 xcoef=" 0 1 0 0 0 0"
 ycoef=" 0 0 1 0 0 0">
<Contour name="d13" hidden="true" closed="true" simplified="true" border="1 1 0" fill="1 0 0.5" mode="11"
 points="3.21733 7.06507,
	3.24082 7.02332,
	3.24604 7.01288,
	3.26691 6.992,
	3.28779 6.95025,
	3.30866 6.93199,
	3.39216 6.92938,
	3.41304 6.93199,
	3.42347 6.9346,
	3.46523 6.97113,
	3.4861 6.98939,
	3.49393 6.99983,
	3.50698 7.04158,
	3.53568 7.08333,
	3.54351 7.09377,
	3.54612 7.13552,
	3.54612 7.14596,
	3.55134 7.15118,
	3.55394 7.17205,
	3.55916 7.18249,
	3.55916 7.20337,
	3.56177 7.2138,
	3.56177 7.21902,
	3.5696 7.22946,
	3.57221 7.2399,
	3.59048 7.26077,
	3.60091 7.26599,
	3.60613 7.2686,
	3.61396 7.31035,
	3.62962 7.3521,
	3.6531 7.39385,
	3.66615 7.41473,
	3.67398 7.42516,
	3.67137 7.43299,
	3.68963 7.44343,
	3.70268 7.46691,
	3.70268 7.47735,
	3.72617 7.5191,
	3.73921 7.53998,
	3.74704 7.56085,
	3.75226 7.64435,
	3.75226 7.6861,
	3.75748 7.70698,
	3.77835 7.74873,
	3.78357 7.75917,
	3.78357 7.84267,
	3.78357 7.86354,
	3.77313 7.90529,
	3.76792 7.92617,
	3.76792 8.00967,
	3.76792 8.05142,
	3.78096 8.09317,
	3.78096 8.26017,
	3.78357 8.268,
	3.78618 8.26017,
	3.78879 8.27061,
	3.78357 8.29148,
	3.78096 8.30192,
	3.74965 8.34367,
	3.66876 8.42717,
	3.64788 8.44544,
	3.62701 8.45588,
	3.6244 8.47675,
	3.61396 8.49763,
	3.59309 8.51328,
	3.55134 8.52633,
	3.46783 8.52894,
	3.4574 8.52633,
	3.43913 8.50545,
	3.41826 8.4637,
	3.41043 8.42195,
	3.40782 8.33845,
	3.40782 8.2967,
	3.40782 8.29148,
	3.38955 8.27061,
	3.38172 8.24973,
	3.32432 8.16623,
	3.30344 8.12448,
	3.26952 8.04098,
	3.22777 7.95748,
	3.21733 7.91573,
	3.21211 7.90529,
	3.21211 7.89486,
	3.20168 7.87398,
	3.19385 7.83223,
	3.17297 7.79048,
	3.14427 7.74873,
	3.12861 7.72785,
	3.11818 7.71742,
	3.0973 7.67567,
	3.08947 7.65479,
	3.08425 7.61304,
	3.08425 7.6026,
	3.0425 7.5191,
	3.03728 7.49823,
	3.04511 7.45648,
	3.05294 7.4356,
	3.05555 7.42516,
	3.05816 7.41994,
	3.01902 7.38341,
	3.00597 7.36254,
	3.00075 7.34166,
	3.00858 7.32079,
	3.14427 7.15379,
	3.21211 7.07029,
	3.21472 7.06768,
	"/>
</Transform>

<Transform dim="0"
 xcoef=" 0 1 0 0 0 0"
 ycoef=" 0 0 1 0 0 0">
<Contour name="d13p10" hidden="true" closed="true" simplified="false" border="1 0 0" fill="1 0 0" mode="-13"
 points="0.290809 2.68234,
	0.30148 2.67167,
	0.258796 2.62899,
	0.269467 2.61832,
	0.31215 2.661,
	0.322821 2.65033,
	0.322821 2.68234,
	"/>
</Transform>

<Transform dim="0"
 xcoef=" 0 1 0 0 0 0"
 ycoef=" 0 0 1 0 0 0">
<Contour name="d13" hidden="true" closed="true" simplified="true" border="1 1 0" fill="1 0 0.5" mode="-11"
 points="-0.220428 2.82793,
	-0.215051 2.81717,
	-0.209675 2.81449,
	-0.212363 2.80911,
	-0.190858 2.8118,
	-0.185482 2.80104,
	-0.185482 2.79567,
	-0.142472 2.77685,
	-0.120966 2.76879,
	-0.110214 2.7661,
	-0.104838 2.7661,
	-0.0833324 2.74459,
	0.00268814 2.69889,
	0.0456984 2.6747,
	0.0672036 2.65857,
	0.0994613 2.61556,
	0.104838 2.61019,
	0.11559 2.6075,
	0.120966 2.60481,
	0.163977 2.62632,
	0.174729 2.629,
	0.21774 2.6075,
	0.228492 2.60481,
	0.295696 2.51879,
	0.327953 2.47578,
	0.341394 2.43277,
	0.357523 2.34675,
	0.349459 2.30374,
	0.344082 2.28223,
	0.360211 2.23922,
	0.384404 2.19621,
	0.446232 2.11019,
	0.489242 2.06987,
	0.499994 2.06449,
	0.543005 2.06987,
	0.56451 2.06987,
	0.586015 2.08062,
	0.594079 2.09137,
	0.615585 2.1774,
	0.623649 2.22041,
	0.629025 2.24191,
	0.623649 2.28492,
	0.599456 2.32793,
	0.583327 2.34944,
	0.580639 2.36019,
	0.588703 2.4032,
	0.586015 2.44621,
	0.577951 2.46771,
	0.543005 2.51072,
	0.516123 2.55374,
	0.508059 2.59675,
	0.510747 2.61825,
	0.510747 2.629,
	0.532252 2.64244,
	0.575262 2.65051,
	0.596768 2.65051,
	0.639778 2.65857,
	0.661283 2.67201,
	0.669347 2.68008,
	0.677412 2.7661,
	0.674724 2.80911,
	0.672036 2.83061,
	0.658595 2.85212,
	0.645154 2.8333,
	0.626337 2.79029,
	0.620961 2.77954,
	0.599456 2.76072,
	0.556445 2.73922,
	0.545693 2.74191,
	0.459672 2.72578,
	0.373652 2.71771,
	0.330642 2.71502,
	0.287631 2.7204,
	0.244621 2.73922,
	0.201611 2.75266,
	0.1586 2.75803,
	0.11559 2.77954,
	0.094085 2.79298,
	0.0510747 2.80373,
	0.0295696 2.80642,
	-0.0134407 2.80104,
	-0.0349459 2.80104,
	-0.0456984 2.79836,
	-0.0887087 2.8118,
	-0.131719 2.81986,
	-0.174729 2.84137,
	-0.196234 2.84674,
	-0.206987 2.84674,
	-0.21774 2.84137,
	-0.220428 2.83061,
	"/>
</Transform>

<Transform dim="0"
 xcoef=" 0 1 0 0 0 0"
 ycoef=" 0 0 1 0 0 0">
<Contour name="d13" hidden="true" closed="true" simplified="true" border="1 1 0" fill="1 0 0.5" mode="11"
 points="0.901024 2.66871,
	0.930956 2.62518,
	0.947282 2.5381,
	0.960888 2.51633,
	0.971772 2.50545,
	0.977214 2.48368,
	0.982657 2.30953,
	0.985378 2.26599,
	0.988099 2.25511,
	0.974493 2.21157,
	0.971772 2.1898,
	0.969051 2.17892,
	0.985378 2.13538,
	0.99082 2.09184,
	0.99082 2.07007,
	1.0017 2.0483,
	1.00715 2.02654,
	1.00715 2.01565,
	1.00715 2.01021,
	1.02619 1.98844,
	1.05068 1.9449,
	1.06973 1.90137,
	1.07789 1.8796,
	1.08062 1.79252,
	1.08062 1.78164,
	1.0915 1.75987,
	1.0915 1.74898,
	1.17858 1.71633,
	1.22211 1.70273,
	1.26565 1.69456,
	1.28742 1.69456,
	1.30919 1.71633,
	1.33096 1.75987,
	1.36089 1.80341,
	1.36633 1.80885,
	1.40987 1.81157,
	1.43164 1.80613,
	1.47517 1.78164,
	1.48878 1.75987,
	1.50511 1.71633,
	1.51055 1.69456,
	1.4915 1.65103,
	1.4779 1.62926,
	1.48878 1.60749,
	1.50511 1.58572,
	1.52688 1.56667,
	1.53776 1.56123,
	1.62483 1.56395,
	1.66837 1.57211,
	1.71191 1.57483,
	1.79898 1.56395,
	1.84252 1.55851,
	1.9296 1.55579,
	2.01667 1.56123,
	2.19082 1.59388,
	2.36497 1.60749,
	2.38674 1.61021,
	2.43028 1.62654,
	2.45205 1.63742,
	2.47382 1.64286,
	2.51735 1.6347,
	2.53912 1.63198,
	2.55001 1.63198,
	2.63708 1.5966,
	2.68062 1.58028,
	2.70239 1.56939,
	2.74592 1.56123,
	2.78946 1.55851,
	2.81123 1.5449,
	2.82211 1.53674,
	2.833 1.51497,
	2.83844 1.50409,
	2.87654 1.46055,
	2.92007 1.42245,
	2.93096 1.41157,
	2.93912 1.40613,
	2.94729 1.4932,
	2.94729 1.53674,
	2.94729 1.55851,
	2.92824 1.60205,
	2.91735 1.62381,
	2.89831 1.64558,
	2.88742 1.65647,
	2.84388 1.67007,
	2.80035 1.67824,
	2.71327 1.67552,
	2.66973 1.67007,
	2.65885 1.67007,
	2.64796 1.67552,
	2.60715 1.71905,
	2.5881 1.74082,
	2.57722 1.75171,
	2.57177 1.75715,
	2.56905 1.76803,
	2.57722 1.81157,
	2.57994 1.85511,
	2.58266 1.87688,
	2.58266 1.88232,
	2.59354 1.8932,
	2.65069 2.06735,
	2.66973 2.11089,
	2.65069 2.15443,
	2.65069 2.15987,
	2.63164 2.18164,
	2.6262 2.26871,
	2.61803 2.31225,
	2.61531 2.33402,
	2.61803 2.37756,
	2.62075 2.39933,
	2.64524 2.44286,
	2.6779 2.4864,
	2.68606 2.52994,
	2.69967 2.57348,
	2.71055 2.58164,
	2.71599 2.62518,
	2.71327 2.71225,
	2.70783 2.75579,
	2.70511 2.77756,
	2.71599 2.86463,
	2.70239 2.8864,
	2.66157 2.92994,
	2.6398 2.94627,
	2.59626 2.96259,
	2.50919 2.97892,
	2.42211 3.01973,
	2.37858 3.0415,
	2.33504 3.07144,
	2.31327 3.09048,
	2.2915 3.09865,
	2.24796 3.10409,
	2.2262 3.10137,
	2.18266 3.06055,
	2.16089 3.04695,
	2.15001 3.0415,
	2.14728 3.0415,
	2.14456 3.0279,
	2.12824 3.01157,
	2.10647 3.00885,
	2.09558 3.00885,
	2.05205 3.03606,
	2.0466 3.03878,
	2.02211 3.05511,
	1.97858 3.07688,
	1.8915 3.10409,
	1.80443 3.12041,
	1.78266 3.12314,
	1.73912 3.11769,
	1.69558 3.10137,
	1.67381 3.09593,
	1.58674 3.10137,
	1.5432 3.10409,
	1.52143 3.10681,
	1.4779 3.10137,
	1.46701 3.10137,
	1.29286 3.0415,
	1.24932 3.01701,
	1.23028 2.99524,
	1.20579 2.95171,
	1.16225 2.92722,
	1.11871 2.91361,
	1.03436 2.86463,
	0.901024 2.69048,
	0.895582 2.68504,
	0.901024 2.67416,
	0.901024 2.67143,
	"/>
</Transform>

<Transform dim="0"
 xcoef=" 0 1 0 0 0 0"
 ycoef=" 0 0 1 0 0 0">
<Contour name="d13p11" hidden="true" closed="true" simplified="false" border="1 0 0" fill="1 0 0" mode="-13"
 points="2.50647 1.72722,
	2.50647 1.72177,
	2.51191 1.71633,
	2.51735 1.71633,
	2.52279 1.72177,
	2.52279 1.72722,
	2.51735 1.73266,
	2.51191 1.73266,
	"/>
</Transform>

<Transform dim="0"
 xcoef=" 0 1 0 0 0 0"
 ycoef=" 0 0 1 0 0 0">
<Contour name="d13p14" hidden="true" closed="true" simplified="false" border="1 0 0" fill="1 0 0" mode="-13"
 points="0.928235 2.71225,
	0.94184 2.6932,
	0.928235 2.67416,
	0.936398 2.67416,
	0.947282 2.69048,
	0.958167 2.67416,
	0.96633 2.67416,
	0.952725 2.6932,
	0.96633 2.71225,
	0.958167 2.71225,
	0.947282 2.69592,
	0.936398 2.71225,
	"/>
</Transform>

<Transform dim="0"
 xcoef=" 0 1 0 0 0 0"
 ycoef=" 0 0 1 0 0 0">
<Contour name="d13" hidden="true" closed="true" simplified="true" border="1 1 0" fill="1 0 0.5" mode="-11"
 points="4.63161 2.38847,
	4.69123 2.34562,
	4.75085 2.3214,
	4.78066 2.30836,
	4.78439 2.31022,
	4.78439 2.34003,
	4.78252 2.35493,
	4.77135 2.38474,
	4.76762 2.41455,
	4.76576 2.422,
	4.73595 2.43691,
	4.70614 2.43877,
	4.67633 2.43504,
	4.64652 2.41641,
	4.63907 2.41269,
	4.63534 2.40896,
	4.63348 2.39406,
	4.63161 2.39033,
	"/>
</Transform>

<Transform dim="0"
 xcoef=" 0 1 0 0 0 0"
 ycoef=" 0 0 1 0 0 0">
<Contour name="d13Br1p12" hidden="true" closed="true" simplified="false" border="0.5 0 1" fill="0.5 0 1" mode="-13"
 points="5.94881 1.97583,
	5.94415 1.97428,
	5.94881 1.97272,
	5.9457 1.96807,
	5.95036 1.97117,
	5.95191 1.96651,
	5.95347 1.97117,
	5.95812 1.96807,
	5.95502 1.97272,
	5.95968 1.97428,
	5.95502 1.97583,
	5.95812 1.98049,
	5.95347 1.97738,
	5.95191 1.98204,
	5.95036 1.97738,
	5.9457 1.98049,
	"/>
</Transform>

<Transform dim="0"
 xcoef=" 0 1 0 0 0 0"
 ycoef=" 0 0 1 0 0 0">
<Contour name="d13" hidden="true" closed="true" simplified="true" border="1 1 0" fill="1 0 0.5" mode="11"
 points="5.51875 2.24753,
	5.53272 2.19784,
	5.54048 2.173,
	5.53738 2.14816,
	5.53117 2.12332,
	5.53272 2.1109,
	5.53738 2.09848,
	5.56222 2.0783,
	5.58706 2.07053,
	5.59327 2.06898,
	5.59638 2.06743,
	5.62122 2.07674,
	5.64606 2.09072,
	5.6709 2.10935,
	5.69574 2.11711,
	5.70816 2.12022,
	5.75784 2.12177,
	5.77026 2.12022,
	5.79511 2.1109,
	5.80753 2.10314,
	5.81995 2.09227,
	5.82926 2.07985,
	5.84323 2.03017,
	5.85876 2.00533,
	5.86652 1.99291,
	5.87739 1.98049,
	5.90223 1.96341,
	5.92707 1.95254,
	5.93949 1.94943,
	5.9457 1.95099,
	5.99539 1.99291,
	6.02023 2.01309,
	6.03265 2.0224,
	6.03886 2.02551,
	6.08544 2.07519,
	6.10872 2.10003,
	6.12114 2.11245,
	6.17083 2.13885,
	6.19567 2.15127,
	6.20188 2.15437,
	6.20498 2.15593,
	6.20498 2.18077,
	6.20498 2.19319,
	6.21275 2.21803,
	6.2174 2.23045,
	6.28882 2.32981,
	6.29037 2.33137,
	6.27174 2.35621,
	6.26864 2.35931,
	6.25932 2.40899,
	6.25466 2.43383,
	6.25311 2.45868,
	6.25932 2.50836,
	6.26088 2.52078,
	6.26243 2.52699,
	6.24224 2.57667,
	6.23138 2.60151,
	6.2174 2.62635,
	6.21585 2.63101,
	6.20498 2.63877,
	6.19877 2.64033,
	6.17393 2.6543,
	6.16151 2.66206,
	6.1553 2.66517,
	6.1522 2.66672,
	6.10096 2.68846,
	6.07612 2.69932,
	6.05128 2.7133,
	6.04507 2.71795,
	6.04196 2.71951,
	6.03731 2.74435,
	6.0311 2.75677,
	6.00625 2.76919,
	6.00004 2.77229,
	5.9752 2.76298,
	5.96278 2.75677,
	5.92397 2.70709,
	5.90223 2.68225,
	5.85255 2.63567,
	5.80287 2.5953,
	5.79045 2.58599,
	5.77182 2.56115,
	5.7625 2.54872,
	5.75008 2.5363,
	5.74387 2.53009,
	5.73145 2.52388,
	5.72524 2.52078,
	5.70195 2.49594,
	5.68953 2.48352,
	5.63985 2.44936,
	5.61501 2.43383,
	5.59017 2.42141,
	5.57775 2.41365,
	5.55446 2.39192,
	5.5498 2.3795,
	5.54359 2.32981,
	5.52962 2.28013,
	5.52185 2.25529,
	5.51875 2.24908,
	"/>
</Transform>

<Transform dim="0"
 xcoef=" 0 1 0 0 0 0"
 ycoef=" 0 0 1 0 0 0">
<Contour name="d13Br1p13" hidden="true" closed="true" simplified="false" border="1 0 0.5" fill="1 0 0.5" mode="-13"
 points="5.99228 2.73348,
	6.01091 2.73348,
	6.0016 2.75056,
	"/>
</Transform>

<Transform dim="0"
 xcoef=" 0 1 0 0 0 0"
 ycoef=" 0 0 1 0 0 0">
<Contour name="d13Br1p14" hidden="true" closed="true" simplified="false" border="1 0 0" fill="1 0 0" mode="-13"
 points="5.61656 2.29255,
	5.62432 2.28168,
	5.61656 2.27082,
	5.62122 2.27082,
	5.62743 2.28013,
	5.63364 2.27082,
	5.6383 2.27082,
	5.63053 2.28168,
	5.6383 2.29255,
	5.63364 2.29255,
	5.62743 2.28324,
	5.62122 2.29255,
	"/>
</Transform>

<Transform dim="0"
 xcoef=" 0 1 0 0 0 0"
 ycoef=" 0 0 1 0 0 0">
<Contour name="d13" hidden="true" closed="true" simplified="true" border="1 1 0" fill="1 0 0.5" mode="-11"
 points="2.71418 6.99855,
	2.7437 6.99486,
	2.75108 6.99486,
	2.86917 7.05022,
	2.88393 7.0576,
	2.88577 7.05944,
	2.85994 7.08712,
	2.84518 7.09819,
	2.8378 7.10372,
	2.80828 7.11111,
	2.79352 7.10926,
	2.76399 7.0945,
	2.74923 7.08712,
	2.72894 7.0576,
	2.71787 7.04284,
	2.71418 7.03545,
	2.71418 7.00593,
	2.71418 7.0004,
	"/>
</Transform>

<Transform dim="0"
 xcoef=" 0 1 0 0 0 0"
 ycoef=" 0 0 1 0 0 0">
<Contour name="d13" hidden="true" closed="true" simplified="true" border="1 1 0" fill="1 0 0.5" mode="-11"
 points="3.95778 6.63137,
	3.97406 6.59128,
	3.98785 6.55119,
	3.99912 6.5111,
	4.00539 6.49105,
	4.00664 6.48604,
	4.01541 6.47727,
	4.09559 6.42089,
	4.13568 6.39208,
	4.17577 6.36577,
	4.33614 6.2693,
	4.41632 6.22294,
	4.45641 6.20164,
	4.46644 6.19663,
	4.48648 6.2029,
	4.49525 6.20916,
	4.51906 6.24925,
	4.53159 6.2693,
	4.53785 6.27932,
	4.56917 6.3595,
	4.57293 6.36953,
	4.53159 6.52989,
	4.51154 6.61008,
	4.50653 6.63012,
	4.48899 6.67021,
	4.48398 6.69026,
	4.48272 6.70028,
	4.48774 6.74037,
	4.49024 6.76042,
	4.48523 6.80051,
	4.48147 6.82056,
	4.48022 6.83058,
	4.47771 6.83559,
	4.46769 6.84185,
	4.46268 6.84436,
	4.45892 6.84311,
	4.46017 6.84185,
	4.37999 6.81805,
	4.29981 6.79174,
	4.25972 6.77796,
	4.21962 6.76167,
	4.13944 6.73286,
	4.09935 6.71782,
	4.0793 6.71156,
	4.06928 6.7078,
	4.02919 6.70655,
	4.00914 6.70655,
	4.00413 6.70529,
	3.96529 6.67021,
	3.96154 6.65017,
	3.95903 6.64014,
	3.95778 6.63513,
	3.95778 6.63263,
	"/>
</Transform>

<Transform dim="0"
 xcoef=" 0 1 0 0 0 0"
 ycoef=" 0 0 1 0 0 0">
<Contour name="d13Br1c11" hidden="true" closed="true" simplified="true" border="1 0.5 0" fill="1 0.5 0" mode="-11"
 points="4.70892 1.8255,
	4.71017 1.82425,
	4.75004 1.85541,
	4.76998 1.87036,
	4.80985 1.89653,
	4.82979 1.91273,
	4.84599 1.93266,
	4.84973 1.93765,
	4.85097 1.95758,
	4.86966 1.99746,
	4.86842 1.99871,
	4.82854 1.97129,
	4.79116 1.93142,
	4.75129 1.89279,
	4.73135 1.8741,
	4.72138 1.86413,
	4.71515 1.84419,
	4.71141 1.83422,
	4.71017 1.82924,
	4.70892 1.82675,
	"/>
</Transform>

<Transform dim="0"
 xcoef=" 0 1 0 0 0 0"
 ycoef=" 0 0 1 0 0 0">
<Contour name="d13Br1cfa11" hidden="true" closed="false" simplified="false" border="1 0.5 0" fill="1 0.5 0" mode="-13"
 points="4.86028 1.99581,
	4.82913 1.93973,
	4.77056 1.89363,
	4.71324 1.83257,
	"/>
</Transform>

<Transform dim="0"
 xcoef=" 0 1 0 0 0 0"
 ycoef=" 0 0 1 0 0 0">
<Contour name="d13rs12" hidden="true" closed="true" simplified="false" border="1 0 1" fill="1 0 1" mode="11"
 points="2.15191 2.7151,
	2.15191 2.70875,
	2.15826 2.7024,
	2.16461 2.7024,
	2.17096 2.70875,
	2.17096 2.7151,
	2.16461 2.72145,
	2.15826 2.72145,
	"/>
<Contour name="d13rs12" hidden="true" closed="true" simplified="false" border="1 0 1" fill="1 0 1" mode="11"
 points="2.14079 2.69128,
	2.14079 2.68493,
	2.14714 2.67858,
	2.15349 2.67858,
	2.15985 2.68493,
	2.15985 2.69128,
	2.15349 2.69763,
	2.14714 2.69763,
	"/>
<Contour name="d13rs12" hidden="true" closed="true" simplified="false" border="1 0 1" fill="1 0 1" mode="11"
 points="2.18525 2.68652,
	2.18525 2.68017,
	2.1916 2.67382,
	2.19795 2.67382,
	2.2043 2.68017,
	2.2043 2.68652,
	2.19795 2.69287,
	2.1916 2.69287,
	"/>
<Contour name="d13rs12" hidden="true" closed="true" simplified="false" border="1 0 1" fill="1 0 1" mode="11"
 points="2.17413 2.70875,
	2.17413 2.7024,
	2.18049 2.69605,
	2.18684 2.69605,
	2.19319 2.7024,
	2.19319 2.70875,
	2.18684 2.7151,
	2.18049 2.7151,
	"/>
<Contour name="d13rs12" hidden="true" closed="true" simplified="false" border="1 0 1" fill="1 0 1" mode="11"
 points="2.21224 2.67382,
	2.21224 2.66747,
	2.21859 2.66111,
	2.22494 2.66111,
	2.23129 2.66747,
	2.23129 2.67382,
	2.22494 2.68017,
	2.21859 2.68017,
	"/>
<Contour name="d13rs12" hidden="true" closed="true" simplified="false" border="1 0 1" fill="1 0 1" mode="11"
 points="2.18842 2.66905,
	2.18842 2.6627,
	2.19478 2.65635,
	2.20113 2.65635,
	2.20748 2.6627,
	2.20748 2.66905,
	2.20113 2.6754,
	2.19478 2.6754,
	"/>
<Contour name="d13rs12" hidden="true" closed="true" simplified="false" border="1 0 1" fill="1 0 1" mode="11"
 points="2.20271 2.64524,
	2.20271 2.63889,
	2.20907 2.63254,
	2.21542 2.63254,
	2.22177 2.63889,
	2.22177 2.64524,
	2.21542 2.65159,
	2.20907 2.65159,
	"/>
<Contour name="d13rs12" hidden="true" closed="true" simplified="false" border="1 0 1" fill="1 0 1" mode="11"
 points="2.20271 2.61666,
	2.20271 2.61031,
	2.20907 2.60396,
	2.21542 2.60396,
	2.22177 2.61031,
	2.22177 2.61666,
	2.21542 2.62301,
	2.20907 2.62301,
	"/>
<Contour name="d13rs12" hidden="true" closed="true" simplified="false" border="1 0 1" fill="1 0 1" mode="11"
 points="2.16461 2.66747,
	2.16461 2.66111,
	2.17096 2.65476,
	2.17731 2.65476,
	2.18366 2.66111,
	2.18366 2.66747,
	2.17731 2.67382,
	2.17096 2.67382,
	"/>
<Contour name="d13rs12" hidden="true" closed="true" simplified="false" border="1 0 1" fill="1 0 1" mode="11"
 points="2.14714 2.66111,
	2.14714 2.65476,
	2.15349 2.64841,
	2.15985 2.64841,
	2.1662 2.65476,
	2.1662 2.66111,
	2.15985 2.66747,
	2.15349 2.66747,
	"/>
<Contour name="d13rs12" hidden="true" closed="true" simplified="false" border="1 0 1" fill="1 0 1" mode="11"
 points="2.18525 2.61348,
	2.18525 2.60713,
	2.1916 2.60078,
	2.19795 2.60078,
	2.2043 2.60713,
	2.2043 2.61348,
	2.19795 2.61983,
	2.1916 2.61983,
	"/>
<Contour name="d13rs12" hidden="true" closed="true" simplified="false" border="1 0 1" fill="1 0 1" mode="11"
 points="2.17413 2.64206,
	2.17413 2.63571,
	2.18049 2.62936,
	2.18684 2.62936,
	2.19319 2.63571,
	2.19319 2.64206,
	2.18684 2.64841,
	2.18049 2.64841,
	"/>
</Transform>

<Transform dim="0"
 xcoef=" 0 1 0 0 0 0"
 ycoef=" 0 0 1 0 0 0">
<Contour name="d10ax02ssvr" hidden="false" closed="true" simplified="false" border="0 1 0.251" fill="0 0 1" mode="11"
 points="4.90951 3.73776,
	4.89808 3.72632,
	4.90951 3.71488,
	4.92095 3.72632,
	"/>
<Contour name="d10ax02ssvr" hidden="false" closed="true" simplified="false" border="0 1 0.251" fill="0 0 1" mode="11"
 points="4.92258 3.6773,
	4.91115 3.66587,
	4.92258 3.65443,
	4.93402 3.66587,
	"/>
<Contour name="d10ax02ssvr" hidden="false" closed="true" simplified="false" border="0 1 0.251" fill="0 0 1" mode="11"
 points="4.85069 3.6675,
	4.83925 3.65606,
	4.85069 3.64462,
	4.86213 3.65606,
	"/>
<Contour name="d10ax02ssvr" hidden="false" closed="true" simplified="false" border="0 1 0.251" fill="0 0 1" mode="11"
 points="4.80984 3.60378,
	4.79841 3.59234,
	4.80984 3.5809,
	4.82128 3.59234,
	"/>
<Contour name="d10ax02ssvr" hidden="false" closed="true" simplified="false" border="0 1 0.251" fill="0 0 1" mode="11"
 points="4.769 3.60378,
	4.75756 3.59234,
	4.769 3.5809,
	4.78043 3.59234,
	"/>
<Contour name="d10ax02ssvr" hidden="false" closed="true" simplified="false" border="0 1 0.251" fill="0 0 1" mode="11"
 points="4.79841 3.54496,
	4.78697 3.53352,
	4.79841 3.52208,
	4.80984 3.53352,
	"/>
<Contour name="d10ax02ssvr" hidden="false" closed="true" simplified="false" border="0 1 0.251" fill="0 0 1" mode="11"
 points="4.85559 3.53025,
	4.84416 3.51881,
	4.85559 3.50738,
	4.86703 3.51881,
	"/>
<Contour name="d10ax02ssvr" hidden="false" closed="true" simplified="false" border="0 1 0.251" fill="0 0 1" mode="11"
 points="4.88174 3.56293,
	4.8703 3.55149,
	4.88174 3.54005,
	4.89317 3.55149,
	"/>
<Contour name="d10ax02ssvr" hidden="false" closed="true" simplified="false" border="0 1 0.251" fill="0 0 1" mode="11"
 points="4.84906 3.59397,
	4.83762 3.58254,
	4.84906 3.5711,
	4.86049 3.58254,
	"/>
<Contour name="d10ax02ssvr" hidden="false" closed="true" simplified="false" border="0 1 0.251" fill="0 0 1" mode="11"
 points="4.90624 3.48613,
	4.89481 3.4747,
	4.90624 3.46326,
	4.91768 3.4747,
	"/>
<Contour name="d10ax02ssvr" hidden="false" closed="true" simplified="false" border="0 1 0.251" fill="0 0 1" mode="11"
 points="4.9569 3.53515,
	4.94546 3.52371,
	4.9569 3.51228,
	4.96833 3.52371,
	"/>
<Contour name="d10ax02ssvr" hidden="false" closed="true" simplified="false" border="0 1 0.251" fill="0 0 1" mode="11"
 points="4.98957 3.52862,
	4.97814 3.51718,
	4.98957 3.50574,
	5.00101 3.51718,
	"/>
<Contour name="d10ax02ssvr" hidden="false" closed="true" simplified="false" border="0 1 0.251" fill="0 0 1" mode="11"
 points="5.02716 3.50574,
	5.01572 3.4943,
	5.02716 3.48287,
	5.03859 3.4943,
	"/>
<Contour name="d10ax02ssvr" hidden="false" closed="true" simplified="false" border="0 1 0.251" fill="0 0 1" mode="11"
 points="5.00101 3.45836,
	4.98957 3.44692,
	5.00101 3.43548,
	5.01245 3.44692,
	"/>
<Contour name="d10ax02ssvr" hidden="false" closed="true" simplified="false" border="0 1 0.251" fill="0 0 1" mode="11"
 points="4.9667 3.47796,
	4.95526 3.46653,
	4.9667 3.45509,
	4.97814 3.46653,
	"/>
<Contour name="d10ax02ssvr" hidden="false" closed="true" simplified="false" border="0 1 0.251" fill="0 0 1" mode="11"
 points="5.08598 3.53352,
	5.07454 3.52208,
	5.08598 3.51064,
	5.09741 3.52208,
	"/>
</Transform>

<Transform dim="0"
 xcoef=" 0 1 0 0 0 0"
 ycoef=" 0 0 1 0 0 0">
<Contour name="d10ax07ssvr" hidden="false" closed="true" simplified="false" border="0 1 0.251" fill="0 0 1" mode="11"
 points="6.85054 5.05868,
	6.83979 5.04794,
	6.85054 5.03719,
	6.86129 5.04794,
	"/>
<Contour name="d10ax07ssvdb" hidden="false" closed="true" simplified="false" border="1 0.502 0" fill="0 0 1" mode="11"
 points="6.88892 5.0725,
	6.87817 5.06175,
	6.88892 5.05101,
	6.89967 5.06175,
	"/>
</Transform>

<Transform dim="0"
 xcoef=" 0 1 0 0 0 0"
 ycoef=" 0 0 1 0 0 0">
<Contour name="PSDd10ax07db" hidden="true" closed="false" simplified="false" border="0 1 0.251" fill="0 0 1" mode="-11"
 points="6.91301 5.11454,
	6.91301 5.11454,
	6.91301 5.11454,
	6.91975 5.10375,
	6.92784 5.09296,
	6.93864 5.07813,
	6.94538 5.07273,
	6.98045 5.05519,
	6.99799 5.04171,
	7.04655 5.02282,
	"/>
</Transform>

<Transform dim="0"
 xcoef=" 0 1 0 0 0 0"
 ycoef=" 0 0 1 0 0 0">
<Contour name="PSDd01ax02db" hidden="true" closed="false" simplified="false" border="0 1 0.251" fill="0 0 1" mode="11"
 points="1.81643 3.34974,
	1.76162 3.30365,
	1.68063 3.27624,
	"/>
</Transform>

<Transform dim="0"
 xcoef=" 0 1 0 0 0 0"
 ycoef=" 0 0 1 0 0 0">
<Contour name="d01c01" hidden="true" closed="true" simplified="true" border="1 0 0" fill="0 1 0" mode="11"
 points="4.51208 2.77667,
	4.52089 2.76257,
	4.52618 2.74848,
	4.54556 2.72381,
	4.55613 2.71148,
	4.55965 2.70443,
	4.56317 2.70443,
	4.56494 2.69738,
	4.57727 2.68505,
	4.58608 2.67448,
	4.60546 2.64805,
	4.61427 2.63396,
	4.63717 2.61458,
	4.65127 2.604,
	4.65831 2.59872,
	4.66536 2.59872,
	4.67065 2.60224,
	4.68298 2.61458,
	4.69884 2.64277,
	4.69355 2.67095,
	4.68122 2.69914,
	4.67241 2.71324,
	4.67241 2.71676,
	4.66184 2.73086,
	4.66184 2.73438,
	4.65303 2.74848,
	4.64774 2.75552,
	4.64774 2.75905,
	4.63541 2.77314,
	4.6266 2.78547,
	4.6037 2.81366,
	4.57727 2.84009,
	4.57022 2.84714,
	4.55613 2.85066,
	4.54203 2.85066,
	4.53499 2.85066,
	4.52089 2.84185,
	4.5156 2.83481,
	4.5156 2.82776,
	4.5156 2.82424,
	4.51208 2.82071,
	4.51208 2.79252,
	4.51208 2.77843,
	"/>
<Contour name="d01cfa01" hidden="true" closed="false" simplified="false" border="0 1 0" fill="0 1 1" mode="9"
 points="4.29572 3.14538,
	4.32391 3.09253,
	4.3521 3.03439,
	4.37853 2.9921,
	4.42434 2.95158,
	4.47719 2.90401,
	4.50891 2.86173,
	"/>
<Contour name="d01cfa01" hidden="true" closed="false" simplified="false" border="0 1 0" fill="0 1 1" mode="9"
 points="4.523 2.84059,
	4.56881 2.78244,
	4.60933 2.72959,
	4.64633 2.65559,
	4.67628 2.60626,
	"/>
</Transform>

<Transform dim="0"
 xcoef=" 0 1 0 0 0 0"
 ycoef=" 0 0 1 0 0 0">
<Contour name="d01c03" hidden="true" closed="true" simplified="true" border="1 0 0" fill="0 1 0" mode="11"
 points="3.06271 2.12628,
	3.07719 2.10939,
	3.0965 2.09732,
	3.11581 2.09249,
	3.15442 2.0949,
	3.17373 2.10697,
	3.18339 2.1118,
	3.20269 2.13111,
	3.21235 2.14076,
	3.22441 2.17938,
	3.22683 2.19868,
	3.23166 2.19868,
	3.23407 2.21799,
	3.23648 2.22765,
	3.24855 2.23971,
	3.26786 2.23971,
	3.28475 2.25419,
	3.32337 2.27109,
	3.34268 2.27592,
	3.35233 2.28316,
	3.37164 2.28798,
	3.37646 2.29281,
	3.41508 2.29764,
	3.42473 2.30005,
	3.4899 2.35556,
	3.49473 2.36039,
	3.49955 2.36039,
	3.53575 2.39659,
	3.56472 2.42797,
	3.59368 2.46417,
	3.60092 2.47141,
	3.60333 2.48106,
	3.60333 2.48589,
	3.58402 2.5052,
	3.54541 2.52209,
	3.5261 2.5245,
	3.50679 2.51726,
	3.4368 2.45934,
	3.41991 2.44486,
	3.4006 2.42555,
	3.39095 2.4159,
	3.37164 2.40624,
	3.33302 2.3797,
	3.31371 2.37004,
	3.29441 2.36521,
	3.28475 2.35797,
	3.26544 2.35073,
	3.25579 2.34832,
	3.21717 2.32177,
	3.18097 2.28798,
	3.1689 2.26868,
	3.15201 2.25661,
	3.13753 2.2373,
	3.12305 2.22282,
	3.08685 2.19144,
	3.06995 2.17455,
	3.06271 2.15524,
	3.06271 2.13593,
	3.06271 2.12869,
	"/>
<Contour name="d01cfa03" hidden="true" closed="false" simplified="false" border="0 1 0" fill="0 1 1" mode="9"
 points="3.57074 2.5111,
	3.50557 2.44593,
	3.43075 2.39525,
	3.33422 2.33491,
	3.24492 2.28182,
	3.18458 2.22389,
	3.14114 2.1539,
	3.10493 2.09356,
	"/>
</Transform>

<Transform dim="0"
 xcoef=" 0 1 0 0 0 0"
 ycoef=" 0 0 1 0 0 0">
<Contour name="d01p02" hidden="true" closed="true" simplified="false" border="1 0 0" fill="1 0 0" mode="-13"
 points="2.87386 3.45437,
	2.86454 3.45126,
	2.87386 3.44816,
	2.86765 3.43884,
	2.87696 3.44505,
	2.88007 3.43573,
	2.88318 3.44505,
	2.89249 3.43884,
	2.88628 3.44816,
	2.8956 3.45126,
	2.88628 3.45437,
	2.89249 3.46369,
	2.88318 3.45748,
	2.88007 3.4668,
	2.87696 3.45748,
	2.86765 3.46369,
	"/>
</Transform>

<Transform dim="0"
 xcoef=" 0 1 0 0 0 0"
 ycoef=" 0 0 1 0 0 0">
<Contour name="d01plinn02" hidden="true" closed="true" simplified="false" border="0 0 1" fill="0 0 1" mode="-13"
 points="3.24384 3.41271,
	3.22163 3.3905,
	3.24384 3.36828,
	3.26606 3.3905,
	"/>
</Transform>

<Transform dim="0"
 xcoef=" 0 1 0 0 0 0"
 ycoef=" 0 0 1 0 0 0">
<Contour name="d02ax04b2ssvr13" hidden="true" closed="true" simplified="false" border="0.5 0 1" fill="0.5 0 1" mode="-13"
 points="7.00305 0.382801,
	6.99267 0.379341,
	7.00305 0.375881,
	6.99613 0.365502,
	7.00651 0.372421,
	7.00997 0.362042,
	7.01343 0.372421,
	7.02381 0.365502,
	7.01689 0.375881,
	7.02727 0.379341,
	7.01689 0.382801,
	7.02381 0.39318,
	7.01343 0.386261,
	7.00997 0.39664,
	7.00651 0.386261,
	6.99613 0.39318,
	"/>
<Contour name="d02ax04b2ssvr14" hidden="true" closed="true" simplified="false" border="0.5 0 1" fill="0.5 0 1" mode="-13"
 points="6.96153 0.445077,
	6.95115 0.441618,
	6.96153 0.438158,
	6.95461 0.427778,
	6.96499 0.434698,
	6.96845 0.424319,
	6.97191 0.434698,
	6.98229 0.427778,
	6.97537 0.438158,
	6.98575 0.441618,
	6.97537 0.445077,
	6.98229 0.455457,
	6.97191 0.448537,
	6.96845 0.458917,
	6.96499 0.448537,
	6.95461 0.455457,
	"/>
<Contour name="d02ax04b2ssvr15" hidden="true" closed="true" simplified="false" border="0.5 0 1" fill="0.5 0 1" mode="-13"
 points="6.96153 0.490055,
	6.95115 0.486595,
	6.96153 0.483135,
	6.95461 0.472756,
	6.96499 0.479676,
	6.96845 0.469296,
	6.97191 0.479676,
	6.98229 0.472756,
	6.97537 0.483135,
	6.98575 0.486595,
	6.97537 0.490055,
	6.98229 0.500434,
	6.97191 0.493515,
	6.96845 0.503894,
	6.96499 0.493515,
	6.95461 0.500434,
	"/>
<Contour name="d02ax04b2ssvr16" hidden="true" closed="true" simplified="false" border="0.5 0 1" fill="0.5 0 1" mode="-13"
 points="6.90271 0.535033,
	6.89234 0.531573,
	6.90271 0.528113,
	6.89579 0.517734,
	6.90617 0.524653,
	6.90963 0.514274,
	6.91309 0.524653,
	6.92347 0.517734,
	6.91655 0.528113,
	6.92693 0.531573,
	6.91655 0.535033,
	6.92347 0.545412,
	6.91309 0.538492,
	6.90963 0.548872,
	6.90617 0.538492,
	6.89579 0.545412,
	"/>
<Contour name="d02ax04b2ssvr17" hidden="true" closed="true" simplified="false" border="0.5 0 1" fill="0.5 0 1" mode="-13"
 points="6.88888 0.486595,
	6.8785 0.483135,
	6.88888 0.479676,
	6.88196 0.469296,
	6.89234 0.476216,
	6.89579 0.465836,
	6.89925 0.476216,
	6.90963 0.469296,
	6.90271 0.479676,
	6.91309 0.483135,
	6.90271 0.486595,
	6.90963 0.496975,
	6.89925 0.490055,
	6.89579 0.500434,
	6.89234 0.490055,
	6.88196 0.496975,
	"/>
<Contour name="d02ax04b2ssvr18" hidden="true" closed="true" simplified="false" border="0.5 0 1" fill="0.5 0 1" mode="-13"
 points="6.89579 0.438158,
	6.88542 0.434698,
	6.89579 0.431238,
	6.88888 0.420859,
	6.89925 0.427778,
	6.90271 0.417399,
	6.90617 0.427778,
	6.91655 0.420859,
	6.90963 0.431238,
	6.92001 0.434698,
	6.90963 0.438158,
	6.91655 0.448537,
	6.90617 0.441618,
	6.90271 0.451997,
	6.89925 0.441618,
	6.88888 0.448537,
	"/>
<Contour name="d02ax04b2ssvr19" hidden="true" closed="true" simplified="false" border="0.5 0 1" fill="0.5 0 1" mode="-13"
 points="6.89234 0.39664,
	6.88196 0.39318,
	6.89234 0.38972,
	6.88542 0.379341,
	6.89579 0.386261,
	6.89925 0.375881,
	6.90271 0.386261,
	6.91309 0.379341,
	6.90617 0.38972,
	6.91655 0.39318,
	6.90617 0.39664,
	6.91309 0.407019,
	6.90271 0.4001,
	6.89925 0.410479,
	6.89579 0.4001,
	6.88542 0.407019,
	"/>
<Contour name="d02ax04b2ssvr20" hidden="true" closed="true" simplified="false" border="0.5 0 1" fill="0.5 0 1" mode="-13"
 points="6.93385 0.372421,
	6.92347 0.368961,
	6.93385 0.365502,
	6.92693 0.355122,
	6.93731 0.362042,
	6.94077 0.351662,
	6.94423 0.362042,
	6.95461 0.355122,
	6.94769 0.365502,
	6.95807 0.368961,
	6.94769 0.372421,
	6.95461 0.382801,
	6.94423 0.375881,
	6.94077 0.386261,
	6.93731 0.375881,
	6.92693 0.382801,
	"/>
</Transform>

<Transform dim="0"
 xcoef=" 0 1 0 0 0 0"
 ycoef=" 0 0 1 0 0 0">
<Contour name="d04p02" hidden="true" closed="true" simplified="false" border="1 0 0" fill="1 0 0" mode="-13"
 points="3.70479 5.8425,
	3.68042 5.81813,
	3.70479 5.79376,
	3.72916 5.81813,
	"/>
</Transform>

<Transform dim="0"
 xcoef=" 0 1 0 0 0 0"
 ycoef=" 0 0 1 0 0 0">
<Contour name="d10p01" hidden="false" closed="true" simplified="false" border="1 0 0" fill="1 0 0" mode="-13"
 points="6.508 4.76962,
	6.48939 4.75101,
	6.508 4.7324,
	6.52661 4.75101,
	"/>
</Transform>

<Transform dim="0"
 xcoef=" 0 1 0 0 0 0"
 ycoef=" 0 0 1 0 0 0">
<Contour name="d02" hidden="true" closed="true" simplified="true" border="1 1 0" fill="1 0 1" mode="11"
 points="6.83881 2.22201,
	6.87337 2.17363,
	6.89756 2.14598,
	6.90793 2.13907,
	6.92866 2.11488,
	6.95976 2.08378,
	6.97013 2.07687,
	6.97704 2.06305,
	7.00123 2.0354,
	7.0116 2.02849,
	7.03579 2.00085,
	7.08071 1.95592,
	7.10836 1.93519,
	7.12218 1.92482,
	7.12909 1.91445,
	7.14291 1.90063,
	7.1982 1.86953,
	7.22585 1.85571,
	7.23967 1.84879,
	7.2535 1.84879,
	7.30879 1.8246,
	7.33643 1.81424,
	7.39172 1.81424,
	7.40555 1.81769,
	7.409 1.84534,
	7.42282 1.85916,
	7.47812 1.88335,
	7.48848 1.8799,
	7.47466 1.8799,
	7.46084 1.87298,
	7.47466 1.86953,
	7.52995 1.87644,
	7.5576 1.89026,
	7.58524 1.91791,
	7.60598 1.93519,
	7.61634 1.94901,
	7.63362 2.0043,
	7.64053 2.05959,
	7.64053 2.11488,
	7.63017 2.17017,
	7.62325 2.184,
	7.62325 2.21164,
	7.60943 2.23929,
	7.60598 2.29458,
	7.60598 2.32222,
	7.60598 2.33605,
	7.5887 2.36369,
	7.50922 2.457,
	7.5023 2.47082,
	7.44701 2.52265,
	7.43319 2.52611,
	7.41937 2.53648,
	7.36408 2.53302,
	7.33643 2.55721,
	7.22931 2.62978,
	7.20166 2.64015,
	7.17401 2.64015,
	7.16019 2.64015,
	7.11527 2.58486,
	7.10144 2.55721,
	7.09453 2.54339,
	7.08071 2.53302,
	7.05307 2.52265,
	7.04615 2.51574,
	7.03924 2.51574,
	7.0116 2.49846,
	6.98395 2.4881,
	6.95631 2.46736,
	6.91484 2.41207,
	6.8941 2.38443,
	6.8941 2.37752,
	6.88374 2.36369,
	6.863 2.34641,
	6.85263 2.33259,
	6.84572 2.30495,
	6.84572 2.2773,
	6.83881 2.27039,
	6.83881 2.24274,
	6.83881 2.22892,
	6.83881 2.22546,
	"/>
</Transform>

<Transform dim="0"
 xcoef=" 0 1 0 0 0 0"
 ycoef=" 0 0 1 0 0 0">
<Contour name="d01SER" hidden="true" closed="true" simplified="true" border="0 1 0" fill="0 1 0" mode="11"
 points="3.01778 3.41355,
	3.02208 3.40925,
	3.03929 3.40495,
	3.0565 3.40495,
	3.0608 3.4071,
	3.0608 3.42431,
	3.05004 3.43506,
	3.04144 3.43721,
	3.03283 3.43506,
	3.02853 3.43506,
	3.01993 3.42646,
	3.01778 3.41785,
	3.01778 3.4157,
	"/>
</Transform>

<Transform dim="0"
 xcoef=" 0 1 0 0 0 0"
 ycoef=" 0 0 1 0 0 0">
<Contour name="d01SER" hidden="true" closed="true" simplified="true" border="0 1 0" fill="0 1 0" mode="11"
 points="3.19416 3.12533,
	3.20276 3.11672,
	3.21997 3.11027,
	3.23717 3.11027,
	3.25438 3.11672,
	3.27159 3.12963,
	3.27589 3.13393,
	3.27374 3.14253,
	3.27374 3.14684,
	3.25653 3.15759,
	3.23933 3.15759,
	3.22212 3.15329,
	3.21782 3.15329,
	3.21351 3.14899,
	3.20491 3.14684,
	3.19631 3.14038,
	3.19416 3.13178,
	3.19416 3.12748,
	"/>
<Contour name="d01SER" hidden="true" closed="true" simplified="true" border="0 1 0" fill="0 1 0" mode="11"
 points="3.25008 3.1748,
	3.26729 3.16404,
	3.2845 3.16404,
	3.2931 3.16834,
	3.2974 3.16834,
	3.30816 3.18555,
	3.30816 3.19416,
	3.3017 3.20276,
	3.2845 3.20921,
	3.26729 3.20921,
	3.25223 3.19416,
	3.25008 3.17695,
	"/>
<Contour name="d01SER" hidden="true" closed="true" simplified="true" border="0 1 0" fill="0 1 0" mode="11"
 points="3.26514 3.25223,
	3.26729 3.24363,
	3.27589 3.23717,
	3.28019 3.23287,
	3.2974 3.22642,
	3.31461 3.22857,
	3.31891 3.22857,
	3.32751 3.23502,
	3.34472 3.23287,
	3.35978 3.21567,
	3.36838 3.20921,
	3.37699 3.20921,
	3.38129 3.20921,
	3.38989 3.21567,
	3.40065 3.23287,
	3.3985 3.25008,
	3.39204 3.25868,
	3.35763 3.26084,
	3.34902 3.26299,
	3.34472 3.26299,
	3.33397 3.28019,
	3.31676 3.29095,
	3.28234 3.2888,
	3.26729 3.27589,
	3.26514 3.25868,
	3.26514 3.25438,
	"/>
<Contour name="d01SER" hidden="true" closed="true" simplified="true" border="0 1 0" fill="0 1 0" mode="11"
 points="3.44367 3.22857,
	3.45657 3.19416,
	3.45657 3.18555,
	3.46733 3.16834,
	3.48453 3.15759,
	3.51895 3.16189,
	3.53616 3.16404,
	3.54046 3.16404,
	3.55336 3.18125,
	3.54906 3.19846,
	3.54046 3.20706,
	3.52325 3.21782,
	3.5125 3.22857,
	3.50819 3.26299,
	3.50389 3.28019,
	3.50174 3.2888,
	3.49744 3.2931,
	3.48023 3.2931,
	3.46302 3.28665,
	3.44797 3.27159,
	3.44367 3.25438,
	3.44367 3.23717,
	3.44367 3.23072,
	"/>
</Transform>

<Transform dim="0"
 xcoef=" 0 1 0 0 0 0"
 ycoef=" 0 0 1 0 0 0">
<Contour name="d01SER" hidden="true" closed="true" simplified="true" border="0 1 0" fill="0 1 0" mode="11"
 points="3.02423 3.09951,
	3.03068 3.09091,
	3.04789 3.09091,
	3.0651 3.09951,
	3.08016 3.11457,
	3.08446 3.12317,
	3.08231 3.13178,
	3.0651 3.13393,
	3.04789 3.12963,
	3.03283 3.11887,
	3.02638 3.11242,
	3.02423 3.10382,
	3.02423 3.10167,
	"/>
</Transform>

<Transform dim="0"
 xcoef=" 0 1 0 0 0 0"
 ycoef=" 0 0 1 0 0 0">
<Contour name="d04SER" hidden="true" closed="true" simplified="true" border="0 1 0" fill="0 1 0" mode="-9"
 points="2.93961 5.46432,
	2.94196 5.44546,
	2.94432 5.43603,
	2.95139 5.42896,
	2.96082 5.42896,
	2.97968 5.44546,
	2.9844 5.45017,
	2.97732 5.46903,
	2.96082 5.48082,
	2.94196 5.47375,
	2.93961 5.46668,
	"/>
<Contour name="d04SER" hidden="true" closed="true" simplified="true" border="0 1 0" fill="0 1 0" mode="-9"
 points="3.20834 5.81792,
	3.21541 5.81085,
	3.22484 5.81085,
	3.22956 5.81085,
	3.23899 5.82028,
	3.23663 5.82971,
	3.21777 5.83206,
	3.20834 5.82499,
	3.20834 5.82028,
	"/>
<Contour name="d04SER" hidden="true" closed="true" simplified="true" border="0 1 0" fill="0 1 0" mode="-9"
 points="3.87547 5.48553,
	3.88254 5.47611,
	3.9014 5.46903,
	3.90847 5.47846,
	3.91319 5.49732,
	3.90376 5.50439,
	3.8849 5.50675,
	3.87547 5.49968,
	3.87547 5.49025,
	3.87547 5.48789,
	"/>
</Transform>

<Transform dim="0"
 xcoef=" 0 1 0 0 0 0"
 ycoef=" 0 0 1 0 0 0">
<Contour name="d04SER" hidden="true" closed="true" simplified="true" border="0 1 0" fill="0 1 0" mode="-9"
 points="3.18948 5.2498,
	3.20599 5.23801,
	3.21541 5.23801,
	3.22484 5.24273,
	3.21777 5.25216,
	3.21541 5.26159,
	3.20599 5.2663,
	3.19656 5.2663,
	3.18948 5.25687,
	3.18948 5.25216,
	"/>
</Transform>

<Transform dim="0"
 xcoef=" 0 1 0 0 0 0"
 ycoef=" 0 0 1 0 0 0">
<Contour name="d10SER" hidden="false" closed="true" simplified="true" border="0 1 0" fill="0 1 0" mode="11"
 points="6.2191 4.73419,
	6.24267 4.71062,
	6.26961 4.70052,
	6.28308 4.69042,
	6.29655 4.68705,
	6.30328 4.68705,
	6.31001 4.68032,
	6.41776 4.66348,
	6.4447 4.65338,
	6.47164 4.63318,
	6.47837 4.62645,
	6.49184 4.62645,
	6.49857 4.62645,
	6.50194 4.63318,
	6.49857 4.66012,
	6.49857 4.67359,
	6.475 4.69379,
	6.46154 4.69716,
	6.4346 4.71736,
	6.40766 4.72746,
	6.38072 4.73083,
	6.35379 4.72746,
	6.34705 4.72073,
	6.32012 4.72409,
	6.31338 4.72409,
	6.26287 4.76113,
	6.24941 4.76787,
	6.23594 4.76787,
	6.2292 4.76787,
	6.2191 4.7544,
	6.2191 4.74093,
	6.2191 4.73756,
	"/>
<Contour name="d10SER" hidden="false" closed="true" simplified="true" border="0 1 0" fill="0 1 0" mode="11"
 points="5.7578 4.48166,
	5.76791 4.47156,
	5.77464 4.47156,
	5.80158 4.49176,
	5.80831 4.50523,
	5.81505 4.5086,
	5.80831 4.53553,
	5.79484 4.54563,
	5.78811 4.54563,
	5.77464 4.53217,
	5.76117 4.5086,
	5.7578 4.48503,
	"/>
</Transform>

<Transform dim="0"
 xcoef=" 0 1 0 0 0 0"
 ycoef=" 0 0 1 0 0 0">
<Contour name="d10SER" hidden="false" closed="true" simplified="true" border="0 1 0" fill="0 1 0" mode="11"
 points="6.26624 4.09444,
	6.27298 4.0877,
	6.28644 4.09107,
	6.29318 4.09107,
	6.29655 4.10454,
	6.28981 4.11127,
	6.27634 4.11127,
	6.26624 4.09781,
	"/>
</Transform>

<Transform dim="0"
 xcoef=" 0 1 0 0 0 0"
 ycoef=" 0 0 1 0 0 0">
<Contour name="d05SER" hidden="true" closed="true" simplified="true" border="0 1 0" fill="0 1 0" mode="11"
 points="3.83501 8.14594,
	3.84115 8.13366,
	3.84729 8.12752,
	3.85036 8.11523,
	3.85957 8.10602,
	3.86571 8.10295,
	3.87492 8.11523,
	3.87185 8.16436,
	3.86878 8.17664,
	3.86571 8.18278,
	3.84422 8.17357,
	3.83501 8.16129,
	3.83501 8.14901,
	"/>
<Contour name="d05SER" hidden="true" closed="true" simplified="true" border="0 1 0" fill="0 1 0" mode="11"
 points="3.8565 8.29946,
	3.86571 8.28718,
	3.878 8.28718,
	3.88721 8.29639,
	3.89335 8.34552,
	3.89949 8.3578,
	3.90256 8.36394,
	3.89335 8.37315,
	3.88107 8.37315,
	3.86878 8.36394,
	3.86264 8.35166,
	3.8565 8.30253,
	"/>
</Transform>

<Transform dim="0"
 xcoef=" 0 1 0 0 0 0"
 ycoef=" 0 0 1 0 0 0">
<Contour name="d01SER" hidden="true" closed="true" simplified="true" border="0 1 0" fill="0 1 0" mode="11"
 points="4.09186 2.99272,
	4.10046 2.97551,
	4.11336 2.96046,
	4.13057 2.95185,
	4.16499 2.954,
	4.17359 2.95616,
	4.1822 2.96261,
	4.1908 2.96476,
	4.22091 2.99057,
	4.22521 2.99917,
	4.22521 3.01638,
	4.22306 3.02499,
	4.21016 3.03789,
	4.19295 3.04219,
	4.15853 3.04219,
	4.14133 3.04219,
	4.12412 3.03789,
	4.10691 3.02929,
	4.09186 3.01423,
	4.09186 2.99702,
	4.09186 2.99487,
	"/>
<Contour name="d01SER" hidden="true" closed="true" simplified="true" border="0 1 0" fill="0 1 0" mode="11"
 points="3.98861 2.87657,
	3.99721 2.86797,
	4.03163 2.86582,
	4.04884 2.86582,
	4.08325 2.87227,
	4.11767 2.86151,
	4.13487 2.85936,
	4.15208 2.86151,
	4.15853 2.86797,
	4.16069 2.87657,
	4.19295 2.89808,
	4.19295 2.90668,
	4.18865 2.91529,
	4.17144 2.92389,
	4.10261 2.93034,
	4.03378 2.91959,
	4.01657 2.91744,
	4.01227 2.91744,
	4.00797 2.91314,
	4.00367 2.91314,
	3.98861 2.89808,
	3.98861 2.88087,
	3.98861 2.87872,
	"/>
<Contour name="d01SER" hidden="true" closed="true" simplified="true" border="0 1 0" fill="0 1 0" mode="11"
 points="3.9628 2.79483,
	3.9671 2.78623,
	3.99506 2.76257,
	4.02948 2.74751,
	4.04669 2.74536,
	4.05529 2.74751,
	4.0725 2.74536,
	4.0811 2.74966,
	4.08325 2.75827,
	4.07895 2.76687,
	4.06174 2.77763,
	4.05314 2.77763,
	4.01872 2.80129,
	4.00367 2.81419,
	3.98646 2.81849,
	3.97786 2.81849,
	3.96925 2.81419,
	3.9628 2.79699,
	"/>
</Transform>

<Transform dim="0"
 xcoef=" 0 1 0 0 0 0"
 ycoef=" 0 0 1 0 0 0">
<Contour name="d01SERp01" hidden="true" closed="true" simplified="true" border="0 1 0" fill="0 1 0" mode="-9"
 points="4.10186 3.00272,
	4.11046 2.98551,
	4.12336 2.97046,
	4.14057 2.96185,
	4.17499 2.964,
	4.18359 2.96616,
	4.1922 2.97261,
	4.2008 2.97476,
	4.23091 3.00057,
	4.23521 3.00917,
	4.23521 3.02638,
	4.23306 3.03499,
	4.22016 3.04789,
	4.20295 3.05219,
	4.16853 3.05219,
	4.15133 3.05219,
	4.13412 3.04789,
	4.11691 3.03929,
	4.10186 3.02423,
	4.10186 3.00702,
	4.10186 3.00487,
	"/>
<Contour name="d01SERp01" hidden="true" closed="true" simplified="true" border="0 1 0" fill="0 1 0" mode="-9"
 points="3.99861 2.88657,
	4.00721 2.87797,
	4.04163 2.87582,
	4.05884 2.87582,
	4.09325 2.88227,
	4.12767 2.87151,
	4.14487 2.86936,
	4.16208 2.87151,
	4.16853 2.87797,
	4.17069 2.88657,
	4.20295 2.90808,
	4.20295 2.91668,
	4.19865 2.92529,
	4.18144 2.93389,
	4.11261 2.94034,
	4.04378 2.92959,
	4.02657 2.92744,
	4.02227 2.92744,
	4.01797 2.92314,
	4.01367 2.92314,
	3.99861 2.90808,
	3.99861 2.89087,
	3.99861 2.88872,
	"/>
<Contour name="d01SERp01" hidden="true" closed="true" simplified="true" border="0 1 0" fill="0 1 0" mode="-9"
 points="3.9728 2.80483,
	3.9771 2.79623,
	4.00506 2.77257,
	4.03948 2.75751,
	4.05669 2.75536,
	4.06529 2.75751,
	4.0825 2.75536,
	4.0911 2.75966,
	4.09325 2.76827,
	4.08895 2.77687,
	4.07174 2.78763,
	4.06314 2.78763,
	4.02872 2.81129,
	4.01367 2.82419,
	3.99646 2.82849,
	3.98786 2.82849,
	3.97925 2.82419,
	3.9728 2.80699,
	"/>
</Transform>

<Transform dim="0"
 xcoef=" 0 1 0 0 0 0"
 ycoef=" 0 0 1 0 0 0">
<Contour name="d10cfa08b" hidden="false" closed="false" simplified="false" border="0 1 0" fill="0 1 0" mode="11"
 points="7.66497 3.59982,
	7.64005 3.57532,
	7.61555 3.55373,
	7.59396 3.523,
	7.57237 3.47234,
	"/>
</Transform>

<Transform dim="0"
 xcoef=" 0 1 0 0 0 0"
 ycoef=" 0 0 1 0 0 0">
<Contour name="d10c08b" hidden="false" closed="true" simplified="true" border="1 0 0" fill="0 1 0" mode="11"
 points="7.51643 3.5018,
	7.51685 3.49848,
	7.51768 3.49682,
	7.51768 3.49516,
	7.51851 3.49474,
	7.51893 3.49142,
	7.52017 3.4881,
	7.52225 3.48519,
	7.52349 3.48228,
	7.52557 3.47896,
	7.53221 3.47481,
	7.53512 3.47356,
	7.53637 3.47273,
	7.53969 3.47232,
	7.54592 3.47024,
	7.55256 3.469,
	7.56585 3.46858,
	7.57249 3.469,
	7.57415 3.46983,
	7.57581 3.46983,
	7.57623 3.47066,
	7.57955 3.47107,
	7.5862 3.47315,
	7.59284 3.47647,
	7.59948 3.48104,
	7.60571 3.48685,
	7.60987 3.49308,
	7.6107 3.4964,
	7.61111 3.49806,
	7.61111 3.49889,
	7.61194 3.49972,
	7.61194 3.50139,
	7.61485 3.50803,
	7.61568 3.50969,
	7.61568 3.51052,
	7.61651 3.51135,
	7.61651 3.51218,
	7.61776 3.51343,
	7.61817 3.51426,
	7.61776 3.51592,
	7.62232 3.52215,
	7.6244 3.52505,
	7.62564 3.52672,
	7.62564 3.52755,
	7.63021 3.53336,
	7.63229 3.53668,
	7.63353 3.53793,
	7.63353 3.53876,
	7.6352 3.54,
	7.63727 3.54291,
	7.6381 3.54333,
	7.6381 3.54416,
	7.63976 3.5454,
	7.64059 3.54706,
	7.64309 3.54914,
	7.64807 3.55454,
	7.65222 3.5591,
	7.65679 3.56492,
	7.65845 3.56658,
	7.66053 3.5699,
	7.66136 3.57073,
	7.66136 3.57156,
	7.66302 3.57322,
	7.66343 3.57488,
	7.66551 3.57779,
	7.66592 3.57945,
	7.66717 3.5807,
	7.66717 3.58153,
	7.66842 3.58319,
	7.67049 3.58983,
	7.67008 3.59648,
	7.66883 3.60312,
	7.66592 3.60977,
	7.66509 3.61309,
	7.66302 3.61641,
	7.66219 3.61973,
	7.66053 3.62305,
	7.66011 3.62471,
	7.65762 3.62762,
	7.65679 3.62887,
	7.65098 3.63427,
	7.64558 3.63842,
	7.64267 3.64049,
	7.64142 3.64174,
	7.63976 3.64215,
	7.63893 3.64299,
	7.62564 3.64672,
	7.619 3.64797,
	7.60571 3.64838,
	7.60239 3.64797,
	7.59907 3.64672,
	7.59741 3.64672,
	7.59409 3.64548,
	7.59326 3.64548,
	7.59242 3.64465,
	7.5891 3.64382,
	7.58246 3.64091,
	7.5808 3.64049,
	7.57748 3.638,
	7.57415 3.63634,
	7.57249 3.6351,
	7.57166 3.63427,
	7.57166 3.63343,
	7.56502 3.62928,
	7.56211 3.62679,
	7.56045 3.62638,
	7.56045 3.62554,
	7.55962 3.62554,
	7.55671 3.62264,
	7.55256 3.61724,
	7.54882 3.6106,
	7.54758 3.60893,
	7.54758 3.6081,
	7.54675 3.60769,
	7.54592 3.60437,
	7.54509 3.60354,
	7.54509 3.60271,
	7.54426 3.60229,
	7.54426 3.60063,
	7.54343 3.60021,
	7.54343 3.59855,
	7.5426 3.59814,
	7.54052 3.59149,
	7.53969 3.58859,
	7.53886 3.58776,
	7.53886 3.5861,
	7.53803 3.58527,
	7.53761 3.58194,
	7.53678 3.58028,
	7.53678 3.57862,
	7.53595 3.57779,
	7.53471 3.57488,
	7.53429 3.57322,
	7.53304 3.57198,
	7.53221 3.56866,
	7.5318 3.56699,
	7.5318 3.56616,
	7.53097 3.56533,
	7.53014 3.56201,
	7.53014 3.56035,
	7.52931 3.55952,
	7.52806 3.5562,
	7.52765 3.55288,
	7.52557 3.54623,
	7.52557 3.5454,
	7.52474 3.54457,
	7.52432 3.54125,
	7.52308 3.53793,
	7.52225 3.5371,
	7.52183 3.53377,
	7.52183 3.53211,
	7.521 3.5317,
	7.521 3.53004,
	7.521 3.52921,
	7.51976 3.52755,
	7.51976 3.52588,
	7.51768 3.51924,
	7.51726 3.5126,
	7.51726 3.51094,
	7.51643 3.50927,
	7.51643 3.50263,
	7.51643 3.50222,
	"/>
</Transform>

<Transform dim="0"
 xcoef=" 0 1 0 0 0 0"
 ycoef=" 0 0 1 0 0 0">
<Contour name="d05_INC" hidden="true" closed="true" simplified="false" border="1 0 0" fill="1 0 0" mode="-13"
 points="3.91313 8.55335,
	3.93571 8.52173,
	3.91313 8.49012,
	3.92668 8.49012,
	3.94475 8.51722,
	3.96282 8.49012,
	3.97637 8.49012,
	3.95378 8.52173,
	3.97637 8.55335,
	3.96282 8.55335,
	3.94475 8.52625,
	3.92668 8.55335,
	"/>
</Transform>

<Transform dim="0"
 xcoef=" 0 1 0 0 0 0"
 ycoef=" 0 0 1 0 0 0">
<Contour name="d10_cl01_syn" hidden="false" closed="true" simplified="true" border="1 1 0" fill="0 1 1" mode="11"
 points="5.69724 4.28035,
	5.71104 4.25276,
	5.73173 4.22516,
	5.75243 4.20447,
	5.78002 4.17688,
	5.80071 4.15618,
	5.8559 4.11134,
	5.91109 4.10789,
	5.92488 4.11134,
	5.93178 4.11134,
	5.94558 4.12514,
	5.96282 4.14928,
	5.97662 4.15273,
	5.99042 4.14928,
	6.01801 4.13204,
	6.0456 4.10789,
	6.07319 4.09065,
	6.12838 4.04236,
	6.15597 4.02512,
	6.18357 4.01477,
	6.21116 4.01132,
	6.26635 4.02167,
	6.29394 4.02512,
	6.30773 4.02856,
	6.35257 4.0803,
	6.37327 4.10789,
	6.40086 4.13204,
	6.41121 4.14239,
	6.41121 4.14928,
	6.42845 4.17343,
	6.4526 4.19412,
	6.46984 4.22172,
	6.47674 4.22861,
	6.50088 4.2838,
	6.51468 4.31139,
	6.52848 4.32519,
	6.54572 4.35278,
	6.59746 4.39762,
	6.62505 4.40797,
	6.63885 4.41487,
	6.69404 4.42521,
	6.70783 4.43211,
	6.73198 4.4597,
	6.74232 4.4873,
	6.74232 4.51489,
	6.74232 4.52869,
	6.71473 4.55628,
	6.68714 4.55973,
	6.67334 4.56318,
	6.66644 4.57008,
	6.65954 4.57008,
	6.65265 4.57697,
	6.64575 4.57697,
	6.6216 4.59767,
	6.61126 4.61147,
	6.60781 4.63906,
	6.61126 4.66665,
	6.61126 4.67355,
	6.6354 4.69424,
	6.68369 4.74943,
	6.69059 4.76323,
	6.69059 4.81841,
	6.68369 4.846,
	6.66989 4.85635,
	6.6423 4.8667,
	6.58711 4.87015,
	6.47674 4.8667,
	6.42156 4.8667,
	6.36637 4.84256,
	6.33878 4.83221,
	6.28359 4.82531,
	6.06285 4.82531,
	5.95248 4.82531,
	5.92488 4.83566,
	5.91109 4.83911,
	5.89729 4.84945,
	5.8421 4.84945,
	5.81451 4.83911,
	5.80071 4.83566,
	5.79382 4.82186,
	5.78692 4.81496,
	5.78692 4.75978,
	5.79037 4.73218,
	5.79727 4.71839,
	5.79382 4.6632,
	5.77657 4.60802,
	5.74208 4.55283,
	5.73518 4.49764,
	5.73173 4.38727,
	5.72828 4.35968,
	5.70414 4.33209,
	5.69724 4.32519,
	5.69724 4.2976,
	5.69724 4.2838,
	"/>
</Transform>

<Transform dim="1"
 xcoef=" 0.01 1 0 0 0 0"
 ycoef=" -0.01 0 1 0 0 0">
<Contour name="d01p01" hidden="true" closed="true" simplified="false" border="1 0 0" fill="1 0 0" mode="-13"
 points="3.65304 3.22005,
	3.63009 3.19709,
	3.65304 3.17414,
	3.676 3.19709,
	"/>
</Transform>

<Transform dim="0"
 xcoef=" 0 1 0 0 0 0"
 ycoef=" 0 0 1 0 0 0">
<Contour name="d01_sp01" hidden="true" closed="true" simplified="true" border="1 1 0" fill="1 1 0" mode="11"
 points="3.66519 3.12152,
	3.67666 3.11722,
	3.6824 3.11507,
	3.7283 3.08566,
	3.75125 3.0706,
	3.76272 3.06415,
	3.7742 3.05913,
	3.78567 3.05626,
	3.79141 3.05482,
	3.81436 3.05482,
	3.82583 3.05482,
	3.87173 3.04694,
	3.87747 3.04622,
	3.90042 3.03546,
	3.91189 3.02972,
	3.91476 3.02829,
	3.92552 3.01682,
	3.93054 3.01108,
	3.93843 2.98813,
	3.93915 2.98526,
	3.93126 2.96231,
	3.92767 2.95084,
	3.92624 2.9451,
	3.92552 2.94223,
	3.92839 2.93076,
	3.92982 2.92502,
	3.92695 2.90207,
	3.92552 2.89059,
	3.92552 2.88773,
	3.93484 2.87625,
	3.93915 2.87051,
	3.94488 2.86693,
	3.94775 2.86549,
	3.95564 2.85402,
	3.95923 2.84828,
	3.9499 2.82533,
	3.94201 2.81386,
	3.93628 2.80238,
	3.93054 2.79736,
	3.92767 2.7945,
	3.9291 2.77155,
	3.92982 2.76007,
	3.93915 2.73712,
	3.94488 2.72565,
	3.94632 2.72278,
	3.96927 2.70915,
	3.98074 2.70198,
	3.99939 2.67903,
	4.00871 2.66756,
	4.01947 2.65608,
	4.0252 2.65035,
	4.03668 2.64246,
	4.04815 2.63959,
	4.05102 2.63887,
	4.05246 2.63887,
	4.06393 2.63027,
	4.06967 2.62596,
	4.09262 2.61879,
	4.10409 2.6152,
	4.11557 2.60875,
	4.1213 2.60516,
	4.16649 2.56429,
	4.17653 2.55281,
	4.19948 2.53417,
	4.21095 2.52484,
	4.2339 2.52556,
	4.25685 2.53058,
	4.26259 2.53201,
	4.28553 2.5313,
	4.29701 2.52771,
	4.31996 2.51695,
	4.3257 2.51265,
	4.33143 2.5105,
	4.3343 2.50978,
	4.33574 2.50978,
	4.34721 2.50046,
	4.35295 2.49616,
	4.37016 2.47321,
	4.37518 2.46819,
	4.39813 2.45241,
	4.4096 2.44452,
	4.41175 2.44165,
	4.41319 2.44022,
	4.42466 2.43663,
	4.43614 2.42803,
	4.44116 2.42301,
	4.44833 2.41153,
	4.45048 2.40866,
	4.45407 2.3979,
	4.49997 2.39073,
	4.52292 2.38715,
	4.53439 2.38715,
	4.54013 2.38715,
	4.543 2.38715,
	4.56594 2.39432,
	4.57742 2.3979,
	4.60037 2.41368,
	4.61184 2.42157,
	4.63479 2.44093,
	4.64627 2.45097,
	4.6642 2.47392,
	4.6728 2.4854,
	4.68212 2.50835,
	4.68643 2.51982,
	4.68715 2.52556,
	4.68571 2.54851,
	4.68428 2.55998,
	4.67567 2.58293,
	4.67137 2.59441,
	4.65702 2.61736,
	4.64985 2.62883,
	4.63121 2.65178,
	4.62188 2.66325,
	4.5932 2.70915,
	4.57885 2.7321,
	4.56236 2.75505,
	4.55949 2.76079,
	4.55806 2.76366,
	4.54658 2.77298,
	4.53582 2.78374,
	4.53296 2.78661,
	4.53152 2.78804,
	4.52865 2.79952,
	4.52722 2.80525,
	4.52363 2.81099,
	4.5057 2.83394,
	4.4971 2.84541,
	4.49064 2.85689,
	4.44833 2.90279,
	4.42682 2.92574,
	4.40387 2.94868,
	4.39239 2.96016,
	4.38665 2.9659,
	4.37805 2.97737,
	4.37375 2.98311,
	4.36227 2.99458,
	4.35653 3.00032,
	4.34004 3.02327,
	4.3343 3.03474,
	4.31852 3.05769,
	4.31064 3.06917,
	4.3049 3.08064,
	4.29557 3.10359,
	4.28267 3.12654,
	4.27549 3.13802,
	4.27191 3.14375,
	4.26617 3.14806,
	4.2633 3.15021,
	4.24035 3.15523,
	4.22888 3.15523,
	4.22314 3.15451,
	4.21167 3.15021,
	4.2088 3.14877,
	4.19732 3.14734,
	4.19159 3.14662,
	4.16864 3.15092,
	4.14569 3.15308,
	4.05389 3.15523,
	4.03094 3.15738,
	4.0252 3.15738,
	4.02234 3.15738,
	4.0166 3.16096,
	4.01373 3.16312,
	3.92193 3.18248,
	3.87603 3.1918,
	3.86456 3.19395,
	3.81866 3.19754,
	3.79571 3.19969,
	3.79428 3.19969,
	3.78424 3.21117,
	3.77922 3.2169,
	3.77492 3.22838,
	3.7577 3.25133,
	3.7491 3.2628,
	3.74479 3.26854,
	3.74336 3.26854,
	3.72902 3.24631,
	3.72543 3.24057,
	3.71826 3.23125,
	3.7032 3.20973,
	3.69101 3.1875,
	3.69101 3.18607,
	3.68957 3.18463,
	3.68025 3.16168,
	3.67953 3.15881,
	3.6781 3.15738,
	3.67666 3.15164,
	3.67451 3.14877,
	3.67451 3.14734,
	3.67236 3.14447,
	3.66806 3.133,
	3.66591 3.12726,
	3.66519 3.12439,
	3.66447 3.12296,
	"/>
</Transform>

<Transform dim="0"
 xcoef=" 0 1 0 0 0 0"
 ycoef=" 0 0 1 0 0 0">
<Contour name="d01_sp03" hidden="true" closed="true" simplified="true" border="1 1 0" fill="1 1 0" mode="11"
 points="2.85465 2.25566,
	2.86133 2.23785,
	2.87024 2.23117,
	2.88137 2.21335,
	2.88805 2.20445,
	2.89028 2.19554,
	2.89696 2.18663,
	2.90364 2.16882,
	2.90586 2.15991,
	2.917 2.1421,
	2.92145 2.13319,
	2.92145 2.12874,
	2.9259 2.12429,
	2.92813 2.11538,
	2.92813 2.11093,
	2.94149 2.09311,
	2.9593 2.0753,
	2.96821 2.07085,
	3.00384 2.06417,
	3.03947 2.06639,
	3.05728 2.06862,
	3.06619 2.07307,
	3.07509 2.08198,
	3.07955 2.09089,
	3.084 2.09534,
	3.09736 2.12874,
	3.09736 2.13765,
	3.11295 2.17105,
	3.13522 2.20667,
	3.16416 2.23562,
	3.19534 2.26902,
	3.19534 2.27348,
	3.20202 2.28238,
	3.2176 2.29129,
	3.23542 2.30465,
	3.27104 2.32024,
	3.28886 2.33137,
	3.29331 2.33137,
	3.32671 2.35141,
	3.33117 2.35586,
	3.33562 2.35586,
	3.37125 2.37813,
	3.38906 2.39149,
	3.40465 2.4004,
	3.43582 2.42935,
	3.46922 2.45384,
	3.48704 2.46275,
	3.49594 2.46943,
	3.5004 2.46943,
	3.52934 2.49837,
	3.54716 2.50951,
	3.55161 2.51396,
	3.55606 2.51396,
	3.56497 2.52064,
	3.6006 2.534,
	3.60505 2.534,
	3.62287 2.54514,
	3.65181 2.57408,
	3.66295 2.58967,
	3.6674 2.60748,
	3.6674 2.6253,
	3.66072 2.64311,
	3.63623 2.67874,
	3.61619 2.71214,
	3.60505 2.74777,
	3.6006 2.76558,
	3.59615 2.77003,
	3.59615 2.77894,
	3.59169 2.78785,
	3.59169 2.7923,
	3.5761 2.80789,
	3.5672 2.81679,
	3.53157 2.8257,
	3.51376 2.83016,
	3.49594 2.83906,
	3.48704 2.84129,
	3.47813 2.84797,
	3.46922 2.8502,
	3.46477 2.85465,
	3.46032 2.85465,
	3.42691 2.88137,
	3.39129 2.89696,
	3.35566 2.89696,
	3.33785 2.89696,
	3.32003 2.89028,
	3.28663 2.87024,
	3.251 2.85465,
	3.21983 2.83016,
	3.21092 2.82125,
	3.19534 2.81234,
	3.18198 2.79898,
	3.16416 2.78785,
	3.14635 2.78117,
	3.13744 2.77894,
	3.13522 2.77449,
	3.13076 2.77449,
	3.12631 2.77003,
	3.12185 2.77003,
	3.10627 2.75667,
	3.05951 2.68765,
	3.02388 2.6587,
	3.00829 2.64311,
	2.99939 2.6342,
	2.98157 2.6253,
	2.97266 2.61862,
	2.96376 2.61639,
	2.94594 2.6008,
	2.94149 2.59635,
	2.94149 2.5919,
	2.9259 2.57408,
	2.92368 2.56518,
	2.917 2.55627,
	2.91477 2.54736,
	2.90364 2.52955,
	2.90364 2.5251,
	2.89696 2.51619,
	2.8925 2.49837,
	2.8925 2.46275,
	2.89473 2.44493,
	2.89473 2.44048,
	2.89918 2.43603,
	2.89696 2.4004,
	2.88137 2.36477,
	2.87914 2.32914,
	2.86801 2.29352,
	2.85688 2.2757,
	2.85465 2.25789,
	"/>
</Transform>

<Transform dim="0"
 xcoef=" 0 1 0 0 0 0"
 ycoef=" 0 0 1 0 0 0">
<Contour name="d01" hidden="true" closed="true" simplified="true" border="1 1 0" fill="1 1 0" mode="11"
 points="2.76094 3.288,
	2.76311 3.27413,
	2.7642 3.26719,
	2.76441 3.26546,
	2.76615 3.26199,
	2.76701 3.26026,
	2.77265 3.25332,
	2.77546 3.24985,
	2.77611 3.24899,
	2.77655 3.24855,
	2.77655 3.24509,
	2.77655 3.24422,
	2.79042 3.23403,
	2.79389 3.23187,
	2.84525 3.17639,
	2.85825 3.16273,
	2.88599 3.1402,
	2.89292 3.13456,
	2.90679 3.12546,
	2.91373 3.12091,
	2.92066 3.11592,
	2.9484 3.10704,
	2.95534 3.10509,
	2.96921 3.10249,
	2.97268 3.10205,
	2.97441 3.10162,
	2.97528 3.1014,
	3.00302 3.07887,
	3.00995 3.07323,
	3.01689 3.06716,
	3.02014 3.06391,
	3.02707 3.06218,
	3.0288 3.06174,
	3.05654 3.04137,
	3.07041 3.03119,
	3.07388 3.02859,
	3.07735 3.02642,
	3.07908 3.02534,
	3.07995 3.02469,
	3.10769 3.0171,
	3.11462 3.01537,
	3.12156 3.01255,
	3.1493 3.01949,
	3.15623 3.02122,
	3.18397 3.0236,
	3.19091 3.02404,
	3.21865 3.02122,
	3.22558 3.02035,
	3.22905 3.01992,
	3.23078 3.0197,
	3.23772 3.02057,
	3.24118 3.021,
	3.24465 3.02187,
	3.24639 3.02209,
	3.26026 3.0288,
	3.26372 3.03054,
	3.26546 3.03162,
	3.27933 3.04549,
	3.28279 3.04874,
	3.29666 3.05568,
	3.2984 3.05654,
	3.29926 3.05698,
	3.327 3.05936,
	3.33394 3.05979,
	3.34781 3.06456,
	3.35474 3.06716,
	3.35821 3.06825,
	3.37208 3.0741,
	3.37902 3.07691,
	3.40675 3.09057,
	3.40849 3.09143,
	3.43623 3.1001,
	3.44316 3.10205,
	3.49864 3.10574,
	3.50558 3.10595,
	3.51251 3.1066,
	3.52638 3.10877,
	3.53332 3.10986,
	3.54719 3.11289,
	3.55412 3.11441,
	3.55759 3.11506,
	3.58533 3.11029,
	3.5992 3.10791,
	3.60613 3.10682,
	3.6096 3.10639,
	3.62347 3.10834,
	3.6304 3.10921,
	3.63214 3.10942,
	3.64601 3.11462,
	3.65294 3.11701,
	3.65641 3.11831,
	3.65988 3.11874,
	3.66161 3.11917,
	3.66248 3.11939,
	3.66291 3.11939,
	3.66334 3.11982,
	3.66378 3.11982,
	3.66703 3.12329,
	3.66876 3.12676,
	3.67136 3.13369,
	3.67808 3.14756,
	3.67982 3.15103,
	3.68437 3.15797,
	3.68848 3.16468,
	3.6978 3.17855,
	3.69997 3.1818,
	3.71016 3.19567,
	3.71102 3.19719,
	3.71232 3.19893,
	3.71319 3.20066,
	3.71557 3.20413,
	3.71752 3.20738,
	3.71882 3.20911,
	3.72251 3.21605,
	3.72359 3.21778,
	3.72359 3.21821,
	3.72489 3.21995,
	3.72554 3.22168,
	3.72663 3.22341,
	3.72728 3.22428,
	3.72728 3.22471,
	3.72771 3.22515,
	3.72771 3.22558,
	3.72814 3.2258,
	3.72879 3.22753,
	3.73638 3.2414,
	3.74006 3.24834,
	3.74288 3.25527,
	3.74331 3.25614,
	3.74331 3.257,
	3.7444 3.26047,
	3.74461 3.26394,
	3.7444 3.26741,
	3.74266 3.27087,
	3.74201 3.27261,
	3.73703 3.27954,
	3.72641 3.29341,
	3.72381 3.29688,
	3.72251 3.29861,
	3.69477 3.31703,
	3.68805 3.3218,
	3.68393 3.33567,
	3.68307 3.33914,
	3.68263 3.34607,
	3.68242 3.34954,
	3.68242 3.35041,
	3.66855 3.37815,
	3.66508 3.38508,
	3.64579 3.41282,
	3.64341 3.41629,
	3.64211 3.41802,
	3.63582 3.43189,
	3.633 3.43883,
	3.62629 3.4527,
	3.62412 3.45617,
	3.61914 3.4631,
	3.61805 3.46483,
	3.60678 3.4787,
	3.60115 3.48564,
	3.5888 3.49951,
	3.58251 3.50644,
	3.57926 3.50991,
	3.57753 3.51099,
	3.57666 3.51143,
	3.57623 3.51164,
	3.57276 3.50991,
	3.57189 3.50948,
	3.56496 3.51381,
	3.56149 3.51598,
	3.55455 3.51923,
	3.54762 3.52205,
	3.54589 3.52248,
	3.54502 3.52248,
	3.53808 3.52833,
	3.53137 3.53462,
	3.52811 3.53808,
	3.51945 3.55195,
	3.5175 3.55542,
	3.50948 3.58316,
	3.50493 3.59703,
	3.50471 3.5979,
	3.48282 3.62564,
	3.47177 3.63951,
	3.46635 3.64644,
	3.46397 3.64991,
	3.46223 3.65143,
	3.45487 3.67917,
	3.45118 3.69303,
	3.44706 3.7069,
	3.44446 3.71384,
	3.44425 3.71471,
	3.43406 3.72858,
	3.43254 3.73031,
	3.43146 3.73204,
	3.42084 3.75978,
	3.41846 3.76672,
	3.41716 3.77365,
	3.41651 3.77712,
	3.41607 3.77885,
	3.41564 3.78579,
	3.41066 3.79966,
	3.40936 3.80313,
	3.40004 3.817,
	3.39787 3.82046,
	3.39137 3.8274,
	3.38833 3.83087,
	3.38487 3.83412,
	3.3814 3.83693,
	3.37793 3.83888,
	3.37446 3.8404,
	3.371 3.84062,
	3.36926 3.84083,
	3.3658 3.8404,
	3.36406 3.84018,
	3.33632 3.82545,
	3.32245 3.81808,
	3.31552 3.8144,
	3.31205 3.81288,
	3.29818 3.80984,
	3.29125 3.80833,
	3.27738 3.80616,
	3.26351 3.80204,
	3.26004 3.80118,
	3.25831 3.80074,
	3.23057 3.80443,
	3.2167 3.80703,
	3.20976 3.80833,
	3.20629 3.80919,
	3.19936 3.81223,
	3.19589 3.81396,
	3.19502 3.8144,
	3.16728 3.81266,
	3.16035 3.81223,
	3.13261 3.79381,
	3.12568 3.78904,
	3.11874 3.78297,
	3.11527 3.77994,
	3.1014 3.7665,
	3.09447 3.75978,
	3.091 3.75653,
	3.08927 3.7548,
	3.0754 3.74765,
	3.01992 3.72056,
	3.00605 3.71167,
	3.00258 3.70951,
	2.99088 3.69564,
	2.98503 3.6887,
	2.97831 3.68177,
	2.95989 3.65403,
	2.9549 3.64709,
	2.92717 3.62347,
	2.92023 3.61718,
	2.90636 3.60331,
	2.89943 3.59638,
	2.89769 3.59465,
	2.89011 3.58078,
	2.88859 3.57731,
	2.88599 3.56344,
	2.88556 3.55997,
	2.88556 3.55824,
	2.88556 3.55737,
	2.87515 3.52963,
	2.87277 3.5227,
	2.87277 3.50883,
	2.87255 3.50536,
	2.86215 3.47762,
	2.85933 3.47069,
	2.855 3.46375,
	2.85283 3.46028,
	2.83094 3.43254,
	2.82531 3.42561,
	2.82228 3.42214,
	2.82097 3.42041,
	2.82011 3.41954,
	2.80104 3.3918,
	2.79627 3.38487,
	2.79497 3.38313,
	2.7941 3.3814,
	2.79215 3.37446,
	2.79107 3.371,
	2.78608 3.36406,
	2.78522 3.36233,
	2.7798 3.33459,
	2.77958 3.33112,
	2.77503 3.32419,
	2.76896 3.31725,
	2.76593 3.31378,
	2.7642 3.31205,
	2.76333 3.31118,
	2.7629 3.31075,
	2.76138 3.29688,
	2.76094 3.29341,
	2.76094 3.28995,
	2.76094 3.28821,
	"/>
</Transform>

<Transform dim="0"
 xcoef=" 0 1 0 0 0 0"
 ycoef=" 0 0 1 0 0 0">
<Contour name="d05_sp01" hidden="true" closed="true" simplified="true" border="1 1 0" fill="1 1 0" mode="11"
 points="4.88662 8.2531,
	4.91016 8.23629,
	4.96397 8.21947,
	5.01778 8.20938,
	5.04468 8.19593,
	5.07159 8.19593,
	5.1254 8.2262,
	5.1523 8.2262,
	5.16576 8.22956,
	5.17248 8.25646,
	5.17584 8.26992,
	5.16912 8.28337,
	5.14221 8.2901,
	4.92697 8.2901,
	4.90007 8.28001,
	4.88662 8.26655,
	4.88662 8.25646,
	"/>
</Transform>

<Transform dim="0"
 xcoef=" 0 1 0 0 0 0"
 ycoef=" 0 0 1 0 0 0">
<Contour name="d05_sp37" hidden="true" closed="true" simplified="true" border="1 1 0" fill="1 1 0" mode="11"
 points="4.80586 7.76907,
	4.80967 7.76464,
	4.81917 7.75767,
	4.82423 7.75513,
	4.82677 7.75513,
	4.82804 7.75387,
	4.83817 7.7526,
	4.8407 7.7526,
	4.84324 7.75133,
	4.84831 7.75133,
	4.85084 7.75007,
	4.86097 7.74817,
	4.86604 7.74627,
	4.86857 7.74563,
	4.86984 7.74563,
	4.87111 7.74437,
	4.87618 7.7431,
	4.88124 7.74057,
	4.88378 7.7393,
	4.88504 7.7393,
	4.88631 7.73803,
	4.88884 7.7374,
	4.89011 7.73613,
	4.89265 7.73613,
	4.89708 7.7336,
	4.89961 7.73233,
	4.90088 7.73233,
	4.90151 7.73106,
	4.90405 7.73043,
	4.90531 7.73043,
	4.90658 7.72916,
	4.92685 7.7241,
	4.96739 7.72473,
	4.98766 7.72536,
	5.00793 7.7279,
	5.01046 7.72853,
	5.0111 7.7298,
	5.01617 7.7298,
	5.0358 7.7374,
	5.05607 7.7431,
	5.06114 7.745,
	5.06367 7.745,
	5.06494 7.74627,
	5.07001 7.74627,
	5.07254 7.7469,
	5.07444 7.7488,
	5.08458 7.7507,
	5.09471 7.75133,
	5.11498 7.74943,
	5.13525 7.74373,
	5.15552 7.73993,
	5.15805 7.73867,
	5.17832 7.73676,
	5.21886 7.73486,
	5.2594 7.73423,
	5.26954 7.7336,
	5.27207 7.73233,
	5.28221 7.73043,
	5.28474 7.73043,
	5.28727 7.72853,
	5.29234 7.72726,
	5.29741 7.72473,
	5.30248 7.7241,
	5.30374 7.72283,
	5.30628 7.7222,
	5.30754 7.7222,
	5.30881 7.72093,
	5.32908 7.71333,
	5.33162 7.71206,
	5.33288 7.71079,
	5.33542 7.71016,
	5.33668 7.70889,
	5.33795 7.70889,
	5.33922 7.70763,
	5.34872 7.70383,
	5.35885 7.69686,
	5.36012 7.69686,
	5.36519 7.69242,
	5.36645 7.69242,
	5.36709 7.69116,
	5.36835 7.69116,
	5.37216 7.68736,
	5.37659 7.68482,
	5.37912 7.68292,
	5.38926 7.67912,
	5.39179 7.67786,
	5.39306 7.67786,
	5.39433 7.67659,
	5.40446 7.67342,
	5.40953 7.67342,
	5.41966 7.67152,
	5.4602 7.67089,
	5.48047 7.66899,
	5.48554 7.66835,
	5.48807 7.66709,
	5.50834 7.66519,
	5.51848 7.66645,
	5.52798 7.66899,
	5.53305 7.67089,
	5.53431 7.67215,
	5.53938 7.67405,
	5.54445 7.67786,
	5.54698 7.67849,
	5.54952 7.68102,
	5.55585 7.68989,
	5.55522 7.71016,
	5.55205 7.71523,
	5.55205 7.71649,
	5.55078 7.71713,
	5.55078 7.7184,
	5.54952 7.71966,
	5.54952 7.72093,
	5.54255 7.73043,
	5.53875 7.73423,
	5.53685 7.73676,
	5.53495 7.73803,
	5.52671 7.7469,
	5.52291 7.75133,
	5.52165 7.75133,
	5.51151 7.7583,
	5.50644 7.76147,
	5.49631 7.7659,
	5.48617 7.76844,
	5.48111 7.77034,
	5.47857 7.77034,
	5.47604 7.7716,
	5.45577 7.77604,
	5.44563 7.77794,
	5.426 7.78427,
	5.41586 7.78744,
	5.4146 7.78744,
	5.41333 7.78871,
	5.40826 7.78934,
	5.39813 7.79251,
	5.39369 7.79441,
	5.39243 7.79441,
	5.39116 7.79567,
	5.38609 7.79567,
	5.38482 7.79694,
	5.37469 7.79947,
	5.37216 7.80011,
	5.37089 7.80011,
	5.36962 7.80138,
	5.36709 7.80138,
	5.36202 7.80328,
	5.35189 7.80518,
	5.33162 7.81151,
	5.32148 7.81531,
	5.31641 7.81594,
	5.29614 7.82165,
	5.29108 7.82355,
	5.28601 7.82418,
	5.28347 7.82545,
	5.2632 7.82925,
	5.25307 7.83051,
	5.25054 7.83178,
	5.2404 7.83241,
	5.22013 7.83685,
	5.17959 7.83875,
	5.13905 7.83875,
	5.09851 7.83685,
	5.08838 7.83495,
	5.08331 7.83495,
	5.07824 7.83368,
	5.06811 7.83368,
	5.06304 7.83241,
	5.05797 7.83241,
	5.0529 7.83115,
	5.04277 7.83051,
	5.03263 7.82861,
	5.02757 7.82735,
	5.02503 7.82735,
	5.0225 7.82608,
	4.98196 7.82291,
	4.97689 7.82165,
	4.95662 7.81974,
	4.93635 7.81911,
	4.92622 7.81848,
	4.90595 7.81531,
	4.89581 7.81404,
	4.89075 7.81278,
	4.88568 7.81278,
	4.88314 7.81151,
	4.88061 7.81151,
	4.87808 7.81024,
	4.87554 7.81024,
	4.87428 7.80898,
	4.85401 7.80328,
	4.85147 7.80264,
	4.85021 7.80264,
	4.84957 7.80138,
	4.84704 7.80138,
	4.8369 7.79757,
	4.83184 7.79504,
	4.83057 7.79504,
	4.8293 7.79377,
	4.82423 7.79187,
	4.8217 7.79124,
	4.82107 7.78997,
	4.81853 7.78934,
	4.80903 7.78237,
	4.80713 7.77984,
	4.80713 7.7773,
	4.80586 7.77477,
	4.80586 7.7697,
	"/>
</Transform>

<Transform dim="0"
 xcoef=" 0 1 0 0 0 0"
 ycoef=" 0 0 1 0 0 0">
<Contour name="d10_sp01" hidden="false" closed="true" simplified="true" border="1 1 0" fill="1 1 0" mode="11"
 points="6.60667 4.68656,
	6.65982 4.74531,
	6.66355 4.74904,
	6.67101 4.76396,
	6.67101 4.7938,
	6.67101 4.80873,
	6.67101 4.81619,
	6.66355 4.84603,
	6.64863 4.85629,
	6.63371 4.86188,
	6.62625 4.86468,
	6.62252 4.86655,
	6.56283 4.87028,
	6.50315 4.86841,
	6.4733 4.86748,
	6.47237 4.86468,
	6.4817 4.84976,
	6.48636 4.8423,
	6.48823 4.84043,
	6.48916 4.8367,
	6.49942 4.82178,
	6.49942 4.81992,
	6.50128 4.81805,
	6.50128 4.81619,
	6.50501 4.81246,
	6.50688 4.80873,
	6.51061 4.80593,
	6.51993 4.79287,
	6.53113 4.77795,
	6.53672 4.77142,
	6.53952 4.76769,
	6.54138 4.76583,
	6.54138 4.76396,
	6.54511 4.76023,
	6.55537 4.74531,
	6.56097 4.73785,
	6.56097 4.73598,
	6.57216 4.72199,
	6.57869 4.71453,
	6.58335 4.70894,
	6.59641 4.69495,
	6.60387 4.68749,
	"/>
</Transform>

<Transform dim="0"
 xcoef=" 0 1 0 0 0 0"
 ycoef=" 0 0 1 0 0 0">
<Contour name="d10_sp06" hidden="false" closed="true" simplified="true" border="1 1 0" fill="1 1 0" mode="11"
 points="6.18081 3.20768,
	6.18771 3.19388,
	6.2153 3.17318,
	6.2291 3.16284,
	6.33947 3.16629,
	6.35327 3.16629,
	6.405 3.21802,
	6.4119 3.22492,
	6.4119 3.25251,
	6.4119 3.26631,
	6.38086 3.3215,
	6.32567 3.34909,
	6.27049 3.35254,
	6.2429 3.35254,
	6.2291 3.34909,
	6.20151 3.32495,
	6.19116 3.31115,
	6.18081 3.28356,
	6.18081 3.22837,
	6.18081 3.21457,
	6.18081 3.21112,
	"/>
</Transform>

<Transform dim="0"
 xcoef=" 0 1 0 0 0 0"
 ycoef=" 0 0 1 0 0 0">
<Contour name="d10_sp08_branched" hidden="false" closed="true" simplified="true" border="1 1 0" fill="1 1 0" mode="11"
 points="7.55011 3.47671,
	7.5708 3.45256,
	7.5846 3.44222,
	7.63979 3.44222,
	7.64669 3.44222,
	7.67428 3.46636,
	7.66738 3.48016,
	7.66738 3.49395,
	7.67773 3.50775,
	7.68463 3.51465,
	7.69152 3.54224,
	7.68807 3.59743,
	7.67773 3.61122,
	7.66393 3.61812,
	7.63634 3.61467,
	7.60875 3.59743,
	7.59495 3.58363,
	7.5777 3.55604,
	7.5708 3.54224,
	7.5708 3.53534,
	7.56391 3.52844,
	7.55356 3.50085,
	7.55011 3.48705,
	7.55011 3.48016,
	"/>
</Transform>

<Transform dim="0"
 xcoef=" 0 1 0 0 0 0"
 ycoef=" 0 0 1 0 0 0">
<Contour name="d10" hidden="false" closed="true" simplified="true" border="1 1 0" fill="0 1 0" mode="11"
 points="5.67688 4.28009,
	5.68737 4.26036,
	5.6923 4.2505,
	5.70771 4.23077,
	5.71542 4.2209,
	5.75488 4.18144,
	5.77461 4.16171,
	5.77954 4.15678,
	5.78201 4.15431,
	5.82147 4.12318,
	5.83133 4.11547,
	5.8338 4.11362,
	5.83626 4.11116,
	5.85599 4.10992,
	5.86586 4.10931,
	5.87572 4.10931,
	5.88065 4.10931,
	5.88559 4.10869,
	5.88805 4.10838,
	5.89792 4.11023,
	5.90285 4.11116,
	5.90778 4.11116,
	5.91025 4.11116,
	5.91087 4.11116,
	5.92073 4.1201,
	5.92566 4.12472,
	5.93953 4.14445,
	5.94354 4.14938,
	5.94478 4.15031,
	5.95464 4.15277,
	5.95587 4.15308,
	5.96574 4.15061,
	5.97067 4.14938,
	5.9904 4.13643,
	6.00026 4.12996,
	6.01013 4.12133,
	6.01506 4.11701,
	6.01999 4.11331,
	6.02246 4.11146,
	6.02739 4.10684,
	6.03726 4.10098,
	6.04712 4.09451,
	6.05206 4.09173,
	6.07178 4.07478,
	6.08165 4.06646,
	6.10138 4.04888,
	6.10631 4.04457,
	6.10878 4.0421,
	6.12851 4.03039,
	6.13837 4.02453,
	6.1581 4.01775,
	6.16797 4.01405,
	6.1877 4.01158,
	6.19016 4.01127,
	6.22962 4.01867,
	6.24935 4.02237,
	6.26908 4.02515,
	6.27895 4.02638,
	6.28388 4.0273,
	6.28634 4.02792,
	6.28758 4.02823,
	6.32118 4.06769,
	6.33783 4.08742,
	6.35262 4.10715,
	6.35663 4.11177,
	6.37636 4.12842,
	6.38129 4.13273,
	6.38376 4.13458,
	6.38807 4.13952,
	6.39023 4.14198,
	6.39116 4.14322,
	6.39177 4.14815,
	6.39239 4.15061,
	6.39917 4.16048,
	6.40287 4.16541,
	6.40565 4.17034,
	6.40719 4.17281,
	6.41705 4.18144,
	6.42199 4.18576,
	6.42692 4.18946,
	6.42938 4.19131,
	6.43401 4.19624,
	6.44634 4.21597,
	6.44911 4.2209,
	6.45374 4.22583,
	6.4562 4.2283,
	6.47439 4.26776,
	6.48333 4.28749,
	6.4932 4.30722,
	6.49443 4.30968,
	6.49505 4.31092,
	6.50399 4.32078,
	6.50861 4.32571,
	6.52125 4.34544,
	6.52402 4.35038,
	6.52464 4.35161,
	6.54437 4.36887,
	6.55424 4.37751,
	6.5641 4.38552,
	6.56903 4.38953,
	6.57396 4.39415,
	6.57643 4.39631,
	6.59616 4.40433,
	6.60603 4.40833,
	6.61589 4.41327,
	6.62082 4.41573,
	6.64055 4.41974,
	6.66028 4.42313,
	6.67015 4.42498,
	6.67261 4.42529,
	6.67385 4.42529,
	6.68371 4.43053,
	6.68864 4.43299,
	6.70621 4.45272,
	6.70837 4.45519,
	6.71146 4.46012,
	6.713 4.46259,
	6.7204 4.48232,
	6.72132 4.48478,
	6.72194 4.50451,
	6.72224 4.51438,
	6.72163 4.52424,
	6.72132 4.52918,
	6.72132 4.52979,
	6.70159 4.54891,
	6.69666 4.55353,
	6.69542 4.55476,
	6.69419 4.55538,
	6.67446 4.55908,
	6.6646 4.56093,
	6.65473 4.56339,
	6.65412 4.56339,
	6.64918 4.56771,
	6.64672 4.56987,
	6.64179 4.56987,
	6.63932 4.56987,
	6.63439 4.57449,
	6.63192 4.57665,
	6.62699 4.57727,
	6.62452 4.57758,
	6.60479 4.59638,
	6.59524 4.60594,
	6.59339 4.6084,
	6.59092 4.61087,
	6.58907 4.6306,
	6.58815 4.64046,
	6.58999 4.66019,
	6.59092 4.67006,
	6.59154 4.67252,
	6.59184 4.67376,
	6.59184 4.67437,
	6.59678 4.67869,
	6.59801 4.67992,
	6.60048 4.68085,
	6.60294 4.68301,
	6.60448 4.68547,
	6.6051 4.68609,
	6.6051 4.68671,
	6.60572 4.68732,
	6.60541 4.69225,
	6.6051 4.69349,
	6.60418 4.69472,
	6.59893 4.71445,
	6.59678 4.72431,
	6.59647 4.72555,
	6.59554 4.72678,
	6.58969 4.74651,
	6.58907 4.74713,
	6.58876 4.74836,
	6.58691 4.75083,
	6.58599 4.75329,
	6.58044 4.76316,
	6.57859 4.76562,
	6.57828 4.76686,
	6.57705 4.76809,
	6.57674 4.76932,
	6.57304 4.77426,
	6.57119 4.77672,
	6.56626 4.78165,
	6.56379 4.78412,
	6.56318 4.78535,
	6.56102 4.78782,
	6.55516 4.79768,
	6.54653 4.80755,
	6.54314 4.81248,
	6.5416 4.81495,
	6.53759 4.81988,
	6.52865 4.82974,
	6.52618 4.83221,
	6.51632 4.84023,
	6.50645 4.84762,
	6.50152 4.85163,
	6.49905 4.85317,
	6.49659 4.85533,
	6.49535 4.85595,
	6.49289 4.85811,
	6.48796 4.86119,
	6.47809 4.86612,
	6.46823 4.86643,
	6.46329 4.8655,
	6.42383 4.86612,
	6.40411 4.86643,
	6.40164 4.86612,
	6.36218 4.84947,
	6.34245 4.84146,
	6.32272 4.83437,
	6.31286 4.83098,
	6.29313 4.82851,
	6.28326 4.82728,
	6.26353 4.82605,
	6.25367 4.82543,
	5.93799 4.82543,
	5.93306 4.82543,
	5.9232 4.82882,
	5.90347 4.83653,
	5.8936 4.83899,
	5.89114 4.83992,
	5.88127 4.84639,
	5.87634 4.84978,
	5.83688 4.84978,
	5.82701 4.84978,
	5.82455 4.84978,
	5.78509 4.83653,
	5.78016 4.83468,
	5.77492 4.82481,
	5.77214 4.81988,
	5.76968 4.81772,
	5.76844 4.81649,
	5.76752 4.77703,
	5.76721 4.7573,
	5.76968 4.73757,
	5.76998 4.7351,
	5.76998 4.73387,
	5.77461 4.72401,
	5.77677 4.71907,
	5.77738 4.71414,
	5.77769 4.71168,
	5.7743 4.67222,
	5.77337 4.66235,
	5.77245 4.65742,
	5.76536 4.63769,
	5.75889 4.61796,
	5.75549 4.60809,
	5.73114 4.56864,
	5.72498 4.55877,
	5.72343 4.5563,
	5.72251 4.55507,
	5.72066 4.54521,
	5.71973 4.54027,
	5.71604 4.50082,
	5.71419 4.48109,
	5.71172 4.40217,
	5.71141 4.3923,
	5.70956 4.37257,
	5.70864 4.36271,
	5.70864 4.36024,
	5.70833 4.35901,
	5.69045 4.33928,
	5.68151 4.32941,
	5.67904 4.32756,
	5.67781 4.32664,
	5.67688 4.28718,
	5.67688 4.28225,
	5.67688 4.28102,
	5.67688 4.2804,
	"/>
</Transform>

<Transform dim="0"
 xcoef=" 0 1 0 0 0 0"
 ycoef=" 0 0 1 0 0 0">
<Contour name="d01c01" hidden="true" closed="true" simplified="true" border="1 0 0" fill="0 1 0" mode="11"
 points="4.25661 3.08499,
	4.25838 3.07794,
	4.25838 3.07442,
	4.2619 3.07089,
	4.2619 3.06737,
	4.2848 3.03918,
	4.30418 3.01099,
	4.31299 3.00042,
	4.33766 2.97399,
	4.38347 2.92995,
	4.38875 2.92466,
	4.3958 2.9229,
	4.40813 2.91233,
	4.42047 2.90528,
	4.42575 2.89999,
	4.42927 2.89999,
	4.4557 2.87885,
	4.4698 2.86828,
	4.48389 2.86123,
	4.49799 2.85947,
	4.50503 2.85947,
	4.51208 2.863,
	4.52089 2.87709,
	4.5297 2.90528,
	4.52794 2.91233,
	4.5068 2.94052,
	4.49799 2.95461,
	4.48565 2.96871,
	4.47684 2.9828,
	4.46451 2.9969,
	4.4557 3.01099,
	4.4328 3.03918,
	4.40637 3.06561,
	4.35528 3.11318,
	4.34118 3.12375,
	4.3359 3.1308,
	4.32885 3.13256,
	4.3218 3.13961,
	4.31475 3.13961,
	4.31123 3.14313,
	4.29714 3.14489,
	4.28304 3.14137,
	4.27599 3.13784,
	4.26718 3.12375,
	4.25661 3.09556,
	4.25661 3.08851,
	4.25661 3.08675,
	"/>
</Transform>

<Transform dim="6"
 xcoef=" 0.668150449455491 0.928071794965625 -0.0584229747354785 0 0 0"
 ycoef=" -0.132927928736429 0.00399876124555495 1.03850662325513 0 0 0">
<Image mag="0.00223486" contrast="1" brightness="-0.25" red="true" green="true" blue="true"
 src="XRZCT.10.jpg" />
<Contour name="domain1" hidden="false" closed="true" simplified="false" border="1 0 1" fill="1 0 1" mode="11"
 points="0 0,
	4083 0,
	4083 4083,
	0 4083,
	"/>
</Transform>

<Transform dim="0"
 xcoef=" 0 1 0 0 0 0"
 ycoef=" 0 0 1 0 0 0">
<Contour name="d05p01" hidden="true" closed="true" simplified="false" border="1 0 0" fill="1 0 0" mode="-13"
 points="4.49738 8.18663,
	4.49738 8.18256,
	4.50145 8.17849,
	4.50552 8.17849,
	4.50959 8.18256,
	4.50959 8.18663,
	4.50552 8.1907,
	4.50145 8.1907,
	"/>
</Transform>

</Section>