<?xml version="1.0"?>
<!DOCTYPE Section SYSTEM "section.dtd">

<Section index="199" thickness="0.062" alignLocked="true">
<Transform dim="3"
 xcoef=" 1.27737571422377 0.786393560795299 0.0951544178382123 0 0 0"
 ycoef=" 1.10851120858436 0.0827068286420773 1.26201395629703 0 0 0">
<Image mag="0.00223486" contrast="1" brightness="0" red="true" green="true" blue="true"
 src="XRZCT.199.jpg" />
<Contour name="domain1" hidden="false" closed="true" simplified="false" border="1 0 1" fill="1 0 1" mode="11"
 points="0 0,
	4083 0,
	4083 4083,
	0 4083,
	"/>
</Transform>

<Transform dim="1"
 xcoef=" 1.1361364686478 1 0 0 0 0"
 ycoef=" 1.01041644957611 0 1 0 0 0">
<Contour name="d02" hidden="false" closed="true" simplified="true" border="1 1 0" fill="1 0 1" mode="11"
 points="5.80062 2.75174,
	5.80923 2.71729,
	5.84798 2.64839,
	5.89535 2.5881,
	5.89535 2.55365,
	5.89535 2.53642,
	5.89535 2.52781,
	5.9255 2.49336,
	5.95995 2.47183,
	6.02885 2.45891,
	6.05038 2.42877,
	6.0633 2.39431,
	6.10206 2.32541,
	6.11498 2.29096,
	6.11498 2.25651,
	6.11498 2.23929,
	6.11498 2.23067,
	6.08483 2.20484,
	6.06761 2.18761,
	6.0633 2.17039,
	6.06761 2.15316,
	6.08483 2.14024,
	6.10206 2.14024,
	6.13651 2.16177,
	6.2011 2.23067,
	6.23555 2.2479,
	6.37336 2.2479,
	6.40781 2.24359,
	6.44226 2.23067,
	6.51116 2.21776,
	6.57575 2.22206,
	6.56283 2.23067,
	6.63174 2.23067,
	6.70064 2.28666,
	6.83844 2.28235,
	6.87289 2.27374,
	6.94179 2.27374,
	6.95902 2.27804,
	6.95902 2.31249,
	6.95902 2.32972,
	6.94179 2.34695,
	6.91165 2.36848,
	6.89873 2.3857,
	6.89011 2.4546,
	6.86858 2.5235,
	6.85136 2.55796,
	6.78676 2.62255,
	6.76954 2.63547,
	6.76092 2.63547,
	6.75231 2.64408,
	6.61451 2.64839,
	6.59728 2.64839,
	6.56283 2.66131,
	6.55422 2.66131,
	6.48963 2.71298,
	6.35182 2.77758,
	6.28292 2.80342,
	6.24847 2.81203,
	6.21402 2.82925,
	6.1968 2.84217,
	6.16235 2.85509,
	6.09345 2.89815,
	6.07622 2.90246,
	6.05899 2.91538,
	5.99009 2.93691,
	5.92119 2.93691,
	5.88674 2.93691,
	5.86952 2.93691,
	5.8609 2.93691,
	5.82645 2.90246,
	5.80923 2.88524,
	5.80062 2.86801,
	5.80062 2.79911,
	5.80062 2.76466,
	5.80062 2.75605,
	"/>
</Transform>

<Transform dim="1"
 xcoef=" 1.1361364686478 1 0 0 0 0"
 ycoef=" 1.01041644957611 0 1 0 0 0">
<Contour name="d04" hidden="false" closed="true" simplified="true" border="1 0 0" fill="1 0 0" mode="9"
 points="1.19003 4.05803,
	1.20407 4.04399,
	1.26024 4.01941,
	1.28832 4.00537,
	1.34449 4.00186,
	1.35853 3.99835,
	1.37257 4.00537,
	1.37608 4.01941,
	1.37608 4.02644,
	1.348 4.05101,
	1.34097 4.05803,
	1.33395 4.05803,
	1.2813 4.08962,
	1.25321 4.09664,
	1.22513 4.09664,
	1.21109 4.09313,
	1.19705 4.0826,
	1.19003 4.06856,
	1.19003 4.06154,
	"/>
<Contour name="d04" hidden="false" closed="true" simplified="true" border="1 0 0" fill="1 0 0" mode="9"
 points="0.947809 3.53849,
	0.961851 3.51041,
	1.01451 3.47179,
	1.02153 3.46477,
	1.02153 3.45073,
	1.01451 3.45073,
	0.996955 3.42616,
	1.00047 3.39807,
	1.01451 3.36999,
	1.04259 3.34542,
	1.09876 3.31031,
	1.15492 3.28574,
	1.16897 3.28223,
	1.19354 3.26117,
	1.24619 3.22957,
	1.30236 3.19096,
	1.33044 3.17692,
	1.33746 3.1699,
	1.34449 3.1699,
	1.35151 3.16288,
	1.37959 3.15234,
	1.38661 3.15234,
	1.39363 3.14532,
	1.40065 3.14532,
	1.42874 3.12777,
	1.4849 3.10671,
	1.54107 3.09618,
	1.56915 3.08916,
	1.58319 3.08214,
	1.63936 3.0716,
	1.66744 3.06458,
	1.72361 3.0365,
	1.75169 3.02597,
	1.76573 3.02246,
	1.79382 3.00491,
	1.80786 2.99438,
	1.83594 2.99438,
	1.86403 3.0014,
	1.97636 2.99789,
	2.03252 2.99438,
	2.08869 2.99789,
	2.14486 3.01193,
	2.19751 3.04352,
	2.2256 3.05405,
	2.28176 3.06107,
	2.3941 3.06107,
	2.45026 3.06107,
	2.47835 3.06458,
	2.48537 3.0716,
	2.47835 3.07512,
	2.47835 3.1032,
	2.42218 3.1383,
	2.41516 3.14532,
	2.38708 3.15234,
	2.37303 3.15936,
	2.3625 3.17341,
	2.35899 3.22957,
	2.34846 3.24361,
	2.33442 3.25064,
	2.28527 3.3068,
	2.27123 3.32084,
	2.26421 3.32786,
	2.26421 3.33489,
	2.23964 3.36297,
	2.22209 3.39105,
	2.21156 3.41913,
	2.17294 3.46477,
	2.1589 3.4753,
	2.13082 3.48232,
	2.07465 3.51392,
	2.04657 3.52796,
	2.03955 3.53498,
	2.03252 3.53498,
	2.01848 3.54551,
	1.96232 3.57008,
	1.93423 3.58061,
	1.92019 3.58412,
	1.90615 3.59466,
	1.87807 3.60168,
	1.87105 3.6087,
	1.86403 3.6087,
	1.857 3.61572,
	1.84998 3.61572,
	1.83594 3.62976,
	1.77978 3.65784,
	1.72361 3.66486,
	1.61128 3.66486,
	1.58319 3.66837,
	1.56915 3.67188,
	1.54809 3.69997,
	1.54107 3.70699,
	1.3164 3.7105,
	1.26024 3.72454,
	1.24619 3.73156,
	1.13386 3.73507,
	1.07769 3.72805,
	1.06365 3.72454,
	1.03908 3.69997,
	1.02153 3.67188,
	1.011 3.65784,
	0.996955 3.65433,
	0.989934 3.65433,
	0.979403 3.64029,
	0.975893 3.61221,
	0.975893 3.60519,
	0.95132 3.5771,
	0.947809 3.54902,
	0.947809 3.542,
	"/>
</Transform>

<Transform dim="1"
 xcoef=" 1.1361364686478 1 0 0 0 0"
 ycoef=" 1.01041644957611 0 1 0 0 0">
<Contour name="d04" hidden="false" closed="true" simplified="true" border="1 0 0" fill="1 0 0" mode="9"
 points="1.57968 2.84343,
	1.59723 2.81886,
	1.60426 2.80832,
	1.66042 2.77673,
	1.67446 2.76971,
	1.73063 2.76971,
	1.75871 2.77673,
	1.7868 2.8013,
	1.80435 2.82939,
	1.80786 2.85747,
	1.80084 2.88555,
	1.79382 2.89959,
	1.76573 2.92417,
	1.70957 2.92417,
	1.6534 2.91364,
	1.59723 2.88906,
	1.57968 2.86098,
	1.57968 2.84694,
	"/>
</Transform>

<Transform dim="1"
 xcoef=" 1.1361364686478 1 0 0 0 0"
 ycoef=" 1.01041644957611 0 1 0 0 0">
<Contour name="d04" hidden="false" closed="true" simplified="true" border="1 0 0" fill="1 0 0" mode="9"
 points="2.4643 3.21904,
	2.52047 3.18745,
	2.6328 3.15936,
	2.68897 3.15585,
	2.71705 3.15585,
	2.72407 3.18394,
	2.72056 3.2401,
	2.71705 3.25415,
	2.70652 3.26819,
	2.67844 3.27872,
	2.65036 3.29627,
	2.53802 3.29978,
	2.50994 3.29978,
	2.48186 3.27521,
	2.47133 3.26117,
	2.4643 3.25415,
	2.4643 3.22606,
	2.4643 3.22255,
	"/>
<Contour name="d04" hidden="false" closed="true" simplified="true" border="1 0 0" fill="1 0 0" mode="9"
 points="0.491457 3.72805,
	0.51603 3.70348,
	0.544113 3.68944,
	0.600279 3.6789,
	0.712612 3.68242,
	0.723144 3.69295,
	0.733675 3.72103,
	0.740696 3.73507,
	0.737185 3.79124,
	0.737185 3.79826,
	0.726654 3.8123,
	0.670487 3.82985,
	0.614321 3.82985,
	0.586238 3.82985,
	0.572196 3.82985,
	0.544113 3.81932,
	0.530071 3.8123,
	0.501988 3.78422,
	0.494967 3.7772,
	0.491457 3.74911,
	0.491457 3.73507,
	0.491457 3.73156,
	"/>
</Transform>

<Transform dim="1"
 xcoef=" 1.1361364686478 1 0 0 0 0"
 ycoef=" 1.01041644957611 0 1 0 0 0">
<Contour name="d04" hidden="false" closed="true" simplified="true" border="1 0 0" fill="1 0 0" mode="9"
 points="1.27077 4.52842,
	1.29885 4.50736,
	1.35502 4.48279,
	1.3831 4.47577,
	1.39714 4.47226,
	1.4182 4.49683,
	1.42874 4.50736,
	1.42874 4.56353,
	1.37257 4.59863,
	1.35853 4.60214,
	1.34449 4.61267,
	1.3164 4.61969,
	1.28832 4.61969,
	1.27428 4.60565,
	1.27077 4.54949,
	1.27077 4.53544,
	1.27077 4.53193,
	"/>
</Transform>

<Transform dim="1"
 xcoef=" 1.1361364686478 1 0 0 0 0"
 ycoef=" 1.01041644957611 0 1 0 0 0">
<Contour name="d04p47" hidden="false" closed="true" simplified="false" border="1 0 1" fill="1 0 1" mode="-13"
 points="1.8132 3.08551,
	1.8132 3.07251,
	1.8262 3.05951,
	1.83921 3.05951,
	1.85221 3.07251,
	1.85221 3.08551,
	1.83921 3.09852,
	1.8262 3.09852,
	"/>
</Transform>

<Transform dim="1"
 xcoef=" 1.1361364686478 1 0 0 0 0"
 ycoef=" 1.01041644957611 0 1 0 0 0">
<Contour name="d04plinn40" hidden="false" closed="true" simplified="false" border="0 0 1" fill="0 0 1" mode="-13"
 points="1.62162 3.38651,
	1.59803 3.36292,
	1.62162 3.33933,
	1.64521 3.36292,
	"/>
</Transform>

<Transform dim="1"
 xcoef=" 1.1361364686478 1 0 0 0 0"
 ycoef=" 1.01041644957611 0 1 0 0 0">
<Contour name="d08" hidden="false" closed="true" simplified="true" border="1 1 0" fill="1 0 0.5" mode="9"
 points="4.5523 5.0345,
	4.56901 4.9963,
	4.57139 4.91992,
	4.6072 4.89366,
	4.6263 4.87695,
	4.64539 4.86501,
	4.66449 4.85785,
	4.68359 4.84591,
	4.70269 4.83875,
	4.7194 4.82443,
	4.72894 4.81488,
	4.73372 4.81488,
	4.74804 4.79578,
	4.75759 4.78624,
	4.77669 4.77669,
	4.92946 4.73372,
	5.00585 4.71223,
	5.04405 4.70985,
	5.08224 4.71223,
	5.09179 4.71701,
	5.10134 4.71701,
	5.13953 4.73372,
	5.14908 4.74088,
	5.16818 4.74804,
	5.18728 4.76475,
	5.22547 4.78624,
	5.25889 4.81966,
	5.26605 4.82682,
	5.28515 4.83398,
	5.30425 4.83398,
	5.3138 4.83637,
	5.33289 4.85308,
	5.36154 4.8865,
	5.37825 4.90559,
	5.38541 4.91514,
	5.3878 4.95334,
	5.38302 4.96288,
	5.34483 4.98914,
	5.33051 5.00347,
	5.31618 5.02256,
	5.30902 5.04166,
	5.3138 5.07986,
	5.32096 5.09895,
	5.31857 5.11805,
	5.28754 5.15386,
	5.27321 5.17295,
	5.23741 5.20637,
	5.23025 5.22547,
	5.23025 5.26367,
	5.22786 5.27321,
	5.21354 5.28992,
	5.17534 5.3138,
	5.15624 5.32573,
	5.11805 5.32573,
	5.1085 5.32573,
	5.0894 5.30663,
	5.07031 5.30186,
	5.06076 5.29947,
	5.05121 5.29231,
	5.03211 5.28515,
	5.02256 5.28038,
	4.98437 5.27321,
	4.90798 5.24696,
	4.86979 5.23979,
	4.83159 5.22786,
	4.81249 5.22308,
	4.80295 5.21831,
	4.78385 5.21592,
	4.76475 5.20876,
	4.75998 5.20876,
	4.74088 5.19683,
	4.72178 5.17773,
	4.70507 5.16341,
	4.69552 5.15386,
	4.65733 5.13476,
	4.63823 5.1276,
	4.60243 5.10134,
	4.58333 5.09179,
	4.56662 5.07508,
	4.55707 5.06553,
	4.55707 5.06076,
	4.5523 5.05598,
	4.5523 5.03689,
	"/>
</Transform>

<Transform dim="1"
 xcoef=" 1.1361364686478 1 0 0 0 0"
 ycoef=" 1.01041644957611 0 1 0 0 0">
<Contour name="d10" hidden="false" closed="true" simplified="true" border="0 1 1" fill="0 1 1" mode="9"
 points="6.64004 0.801591,
	6.66397 0.777663,
	6.8554 0.672977,
	6.86736 0.666995,
	6.87334 0.661013,
	6.87933 0.661013,
	6.89129 0.649049,
	6.89727 0.649049,
	6.91821 0.631103,
	6.93017 0.62213,
	6.9541 0.613157,
	6.97504 0.595211,
	6.98999 0.574274,
	6.98999 0.550346,
	6.98999 0.538382,
	6.94214 0.499499,
	6.93017 0.490526,
	6.91821 0.466598,
	6.91522 0.44267,
	6.91522 0.436688,
	6.93316 0.415751,
	6.97803 0.382849,
	7.00196 0.370885,
	7.09767 0.373876,
	7.14553 0.376867,
	7.19338 0.373876,
	7.20535 0.370885,
	7.25021 0.334993,
	7.27115 0.314056,
	7.29508 0.302092,
	7.319 0.29611,
	7.51043 0.29611,
	7.53436 0.29611,
	7.55828 0.302092,
	7.58221 0.302092,
	7.59418 0.302092,
	7.64203 0.284146,
	7.66596 0.272182,
	7.68989 0.254236,
	7.70185 0.251245,
	7.71382 0.242272,
	7.7198 0.242272,
	7.73176 0.233299,
	7.77962 0.221335,
	7.80355 0.215353,
	7.81551 0.215353,
	7.86337 0.191425,
	7.91122 0.179461,
	7.92319 0.173479,
	7.97104 0.167497,
	7.99497 0.164506,
	8.01591 0.167497,
	7.99198 0.179461,
	7.98002 0.185443,
	7.96506 0.209371,
	7.95908 0.221335,
	7.95908 0.245263,
	7.91422 0.290128,
	7.88431 0.334993,
	7.87533 0.358921,
	7.85739 0.379858,
	7.8544 0.391822,
	7.83346 0.41276,
	7.82149 0.421733,
	7.81551 0.427715,
	7.76766 0.430706,
	7.74373 0.436688,
	7.73176 0.436688,
	7.7198 0.44267,
	7.71083 0.466598,
	7.71083 0.514454,
	7.71083 0.538382,
	7.71083 0.550346,
	7.71083 0.556328,
	7.69587 0.580256,
	7.68989 0.59222,
	7.68391 0.598202,
	7.67493 0.646058,
	7.67194 0.658022,
	7.63306 0.702888,
	7.63007 0.750744,
	7.61212 0.7986,
	7.59717 0.819537,
	7.57623 0.843465,
	7.55529 0.85842,
	7.54333 0.864402,
	7.49547 0.864402,
	7.48351 0.864402,
	7.45958 0.873375,
	7.43565 0.876366,
	7.41173 0.88833,
	7.39976 0.891321,
	7.37882 0.906276,
	7.33097 0.921231,
	7.319 0.924222,
	7.31302 0.924222,
	7.26517 0.954133,
	7.23226 0.998998,
	7.22927 1.04685,
	7.22927 1.07078,
	7.23825 1.09471,
	7.25021 1.10667,
	7.27115 1.11864,
	7.319 1.11864,
	7.33097 1.12163,
	7.33695 1.12163,
	7.34293 1.12761,
	7.34293 1.13958,
	7.34293 1.14556,
	7.30106 1.17846,
	7.2532 1.20837,
	7.20535 1.22931,
	7.18142 1.24426,
	7.17544 1.25024,
	7.16945 1.25024,
	7.16347 1.25622,
	7.15151 1.25622,
	7.13954 1.26221,
	7.09169 1.26221,
	7.07972 1.25922,
	7.06178 1.23529,
	7.0558 1.22931,
	7.04981 1.20538,
	7.04981 1.15752,
	7.04981 1.13359,
	7.04383 1.10967,
	7.02589 1.08574,
	7.01691 1.06181,
	7.01093 1.04984,
	6.96606 1.00498,
	6.9541 0.981052,
	6.94214 0.969088,
	6.91821 0.960115,
	6.8225 0.960115,
	6.79857 0.954133,
	6.75071 0.927213,
	6.72678 0.921231,
	6.70286 0.906276,
	6.655 0.861411,
	6.65201 0.849447,
	6.64304 0.837483,
	6.64004 0.813555,
	6.64004 0.804582,
	"/>
</Transform>

<Transform dim="1"
 xcoef=" 1.1361364686478 1 0 0 0 0"
 ycoef=" 1.01041644957611 0 1 0 0 0">
<Contour name="d05" hidden="false" closed="true" simplified="true" border="1 1 0" fill="1 1 0" mode="9"
 points="4.46815 3.08964,
	4.47923 3.06007,
	4.51619 3.00094,
	4.53097 2.97137,
	4.57532 2.91963,
	4.63076 2.88267,
	4.65663 2.86789,
	4.70837 2.82724,
	4.7675 2.78659,
	4.88576 2.72376,
	4.91533 2.71637,
	4.93011 2.70897,
	4.9375 2.70897,
	4.9449 2.70158,
	5.18142 2.66093,
	5.24055 2.65723,
	5.29969 2.66463,
	5.31447 2.67202,
	5.32186 2.67202,
	5.3736 2.70897,
	5.43273 2.74593,
	5.49186 2.76441,
	5.551 2.76441,
	5.58056 2.76441,
	5.62121 2.81985,
	5.62861 2.83463,
	5.62491 2.84941,
	5.51773 2.93072,
	5.46599 2.98985,
	5.4586 3.00094,
	5.44382 3.01572,
	5.40686 3.07485,
	5.38469 3.10442,
	5.32556 3.14507,
	5.27751 3.18203,
	5.23686 3.24116,
	5.17773 3.26703,
	5.14816 3.27812,
	5.13338 3.28181,
	5.12599 3.28921,
	5.06685 3.30768,
	5.00772 3.33725,
	4.94859 3.35942,
	4.88946 3.36312,
	4.85989 3.36312,
	4.83033 3.35203,
	4.81554 3.35203,
	4.69728 3.31138,
	4.66771 3.2929,
	4.60858 3.24486,
	4.54945 3.21159,
	4.51989 3.19681,
	4.5051 3.18942,
	4.49032 3.17464,
	4.48293 3.15985,
	4.47554 3.15246,
	4.46815 3.1229,
	4.46815 3.09333,
	"/>
</Transform>

<Transform dim="1"
 xcoef=" 0.616136468647797 1 0 0 0 0"
 ycoef=" 1.21041644957611 0 1 0 0 0">
<Contour name="D11_high caliber" hidden="false" closed="true" simplified="true" border="1 0.5 0" fill="1 0.5 0" mode="13"
 points="3.50122 4.44927,
	3.50875 4.38722,
	3.5309 4.32892,
	3.56633 4.2779,
	3.6129 4.23722,
	3.66779 4.20935,
	3.72768 4.19598,
	3.78897 4.1979,
	3.84795 4.21501,
	3.90105 4.24627,
	3.94507 4.28979,
	3.97735 4.34295,
	3.99594 4.40253,
	3.99972 4.46493,
	3.98845 4.52638,
	3.96282 4.58318,
	3.92438 4.63189,
	3.87545 4.66956,
	3.81898 4.69393,
	3.75839 4.70352,
	3.69733 4.69776,
	3.6395 4.67698,
	3.58838 4.64244,
	3.54707 4.59624,
	3.51807 4.54116,
	"/>
<Contour name="D13" hidden="false" closed="true" simplified="true" border="1 0 0.5" fill="1 0 0.5" mode="9"
 points="2.82651 1.85839,
	2.83458 1.79738,
	2.85843 1.73913,
	2.89697 1.68627,
	2.94846 1.64118,
	3.01058 1.60592,
	3.08052 1.58206,
	3.15513 1.57069,
	3.23102 1.57233,
	3.30476 1.58689,
	3.37303 1.61372,
	3.43275 1.65161,
	3.4812 1.69884,
	3.5162 1.75329,
	3.53618 1.81248,
	3.54022 1.87375,
	3.52814 1.93433,
	3.5005 1.99147,
	3.45853 2.0426,
	3.40414 2.08541,
	3.33978 2.11795,
	3.26837 2.13877,
	3.19312 2.14691,
	3.11745 2.14201,
	3.04477 2.1243,
	2.97836 2.09457,
	2.92123 2.05417,
	2.87595 2.00491,
	2.84458 1.94904,
	"/>
</Transform>

<Transform dim="1"
 xcoef=" 1.1361364686478 1 0 0 0 0"
 ycoef=" 1.01041644957611 0 1 0 0 0">
<Contour name="d11" hidden="false" closed="true" simplified="true" border="0.501961 0 0" fill="1 0.5 0" mode="11"
 points="2.99289 4.26418,
	2.99964 4.25068,
	3.01145 4.19671,
	3.01482 4.18322,
	3.04181 4.17984,
	3.0553 4.17816,
	3.08229 4.16635,
	3.13626 4.1343,
	3.16325 4.12081,
	3.17674 4.11575,
	3.19023 4.11406,
	3.20373 4.10732,
	3.21047 4.10563,
	3.21216 4.10394,
	3.21385 4.10732,
	3.19867 4.1343,
	3.15313 4.18828,
	3.1312 4.21526,
	3.09578 4.26924,
	3.08735 4.28273,
	3.08397 4.28948,
	3.03 4.3367,
	3.02831 4.33839,
	3.01313 4.34176,
	2.98615 4.35525,
	2.9794 4.35863,
	2.97265 4.35525,
	2.97265 4.32827,
	2.97265 4.31478,
	2.97265 4.3114,
	2.98446 4.29791,
	2.99121 4.29285,
	2.99795 4.27936,
	2.99289 4.26586,
	"/>
</Transform>

<Transform dim="1"
 xcoef=" 1.1361364686478 1 0 0 0 0"
 ycoef=" 1.01041644957611 0 1 0 0 0">
<Contour name="d13" hidden="false" closed="true" simplified="true" border="1 0 0.5" fill="1 0 0.5" mode="11"
 points="5.40239 1.5948,
	5.43428 1.57885,
	5.49807 1.5629,
	5.62566 1.51107,
	5.68945 1.48316,
	5.75324 1.47519,
	5.78514 1.4712,
	5.91272 1.48715,
	5.97651 1.48715,
	6.04031 1.49911,
	6.05625 1.50709,
	6.06423 1.52303,
	6.06822 1.53101,
	6.13201 1.535,
	6.1639 1.535,
	6.1958 1.55094,
	6.17188 1.58284,
	6.04429 1.65062,
	6.0124 1.65461,
	5.88481 1.63866,
	5.75723 1.61474,
	5.69344 1.60676,
	5.62965 1.59081,
	5.59775 1.58284,
	5.47017 1.59879,
	5.45422 1.60277,
	5.42232 1.59879,
	5.40637 1.59879,
	"/>
</Transform>

<Transform dim="1"
 xcoef=" 1.1361364686478 1 0 0 0 0"
 ycoef=" 1.01041644957611 0 1 0 0 0">
<Contour name="d13p93" hidden="false" closed="true" simplified="false" border="1 0 0.5" fill="1 0 0.5" mode="-13"
 points="2.03374 2.16615,
	2.05553 2.16615,
	2.04464 2.18613,
	"/>
</Transform>

<Transform dim="1"
 xcoef=" 1.1361364686478 1 0 0 0 0"
 ycoef=" 1.01041644957611 0 1 0 0 0">
<Contour name="d13p95" hidden="false" closed="true" simplified="false" border="1 1 0" fill="1 1 0" mode="-13"
 points="5.24181 1.59123,
	5.24181 1.56521,
	5.21579 1.56521,
	5.21579 1.58797,
	5.21254 1.59123,
	5.21254 1.56196,
	5.24506 1.56196,
	5.24506 1.59448,
	5.21254 1.59448,
	5.21579 1.59123,
	"/>
</Transform>

<Transform dim="1"
 xcoef=" 1.1361364686478 1 0 0 0 0"
 ycoef=" 1.01041644957611 0 1 0 0 0">
<Contour name="d13p96" hidden="false" closed="true" simplified="false" border="0 0 1" fill="0 0 1" mode="-13"
 points="4.47474 1.06429,
	4.45366 1.04322,
	4.47474 1.02214,
	4.49581 1.04322,
	"/>
</Transform>

<Transform dim="1"
 xcoef=" 1.1361364686478 1 0 0 0 0"
 ycoef=" 1.01041644957611 0 1 0 0 0">
<Contour name="d13" hidden="false" closed="true" simplified="true" border="1 0 0.5" fill="1 0 0.5" mode="-11"
 points="1.95489 2.18472,
	1.99158 2.13136,
	2.01159 2.10468,
	2.02159 2.09134,
	2.02826 2.08467,
	2.01826 2.05799,
	2.01826 2.00463,
	2.02159 1.97795,
	2.07828 1.87124,
	2.13164 1.84122,
	2.15832 1.82455,
	2.19501 1.77119,
	2.20835 1.74451,
	2.22836 1.71783,
	2.28172 1.6678,
	2.3084 1.64112,
	2.34508 1.58777,
	2.37509 1.53441,
	2.38843 1.50773,
	2.49515 1.46437,
	2.50849 1.45437,
	2.57186 1.34765,
	2.5852 1.32097,
	2.60521 1.29429,
	2.63189 1.27428,
	2.7386 1.23093,
	2.76528 1.21759,
	2.81864 1.20091,
	2.82198 1.20091,
	2.85199 1.19424,
	2.90535 1.19091,
	2.91869 1.18757,
	2.94537 1.1709,
	2.95871 1.16089,
	2.96538 1.16089,
	2.97205 1.15422,
	3.02207 1.13088,
	3.07543 1.11754,
	3.0821 1.1142,
	3.13546 1.12754,
	3.16214 1.13088,
	3.18882 1.12754,
	3.20216 1.12421,
	3.20883 1.12421,
	3.23218 1.10086,
	3.33889 1.07085,
	3.39225 1.06084,
	3.39892 1.05751,
	3.50564 1.10086,
	3.559 1.10753,
	3.57234 1.11087,
	3.67906 1.09753,
	3.73242 1.08752,
	3.7591 1.08419,
	3.81246 1.06751,
	3.86581 1.05751,
	3.97253 1.0475,
	4.02589 1.05751,
	4.13261 1.06084,
	4.23933 1.05417,
	4.26601 1.05084,
	4.37273 1.00081,
	4.39941 0.987475,
	4.41275 0.980805,
	4.43609 0.927446,
	4.44276 0.917441,
	4.49612 0.914106,
	4.50279 0.914106,
	4.52613 0.940786,
	4.5328 0.947456,
	4.55615 1.05417,
	4.54948 1.10753,
	4.54948 1.12087,
	4.54948 1.12754,
	4.60284 1.17423,
	4.6562 1.20091,
	4.68288 1.21425,
	4.69622 1.22092,
	4.70622 1.2476,
	4.69288 1.27095,
	4.74624 1.3143,
	4.7996 1.35098,
	4.90632 1.40101,
	4.933 1.41435,
	4.94634 1.42102,
	4.95968 1.43436,
	4.95968 1.4477,
	4.96635 1.46104,
	4.97969 1.46437,
	5.00637 1.48772,
	5.01637 1.50106,
	5.06973 1.52774,
	5.0764 1.53107,
	5.12976 1.50439,
	5.18312 1.48438,
	5.19646 1.47771,
	5.24982 1.50106,
	5.2765 1.5144,
	5.29651 1.54108,
	5.34986 1.57109,
	5.35987 1.58443,
	5.3632 1.59777,
	5.35987 1.62445,
	5.35653 1.63779,
	5.30651 1.67114,
	5.19979 1.67114,
	5.14643 1.68448,
	5.09307 1.68781,
	5.06639 1.69115,
	5.01304 1.71783,
	4.95968 1.75451,
	4.90632 1.78119,
	4.85296 1.81454,
	4.74624 1.89124,
	4.69288 1.9346,
	4.63952 1.98462,
	4.61284 2.00797,
	4.58283 2.06133,
	4.55948 2.08801,
	4.50612 2.12803,
	4.39941 2.18472,
	4.29269 2.21473,
	4.18597 2.23808,
	4.13261 2.24808,
	4.11927 2.24808,
	4.06591 2.27476,
	4.01255 2.29477,
	3.98587 2.30478,
	3.97253 2.30811,
	3.91917 2.33813,
	3.86581 2.35814,
	3.81246 2.36814,
	3.78578 2.36814,
	3.73242 2.38148,
	3.6257 2.39149,
	3.51898 2.39482,
	3.46562 2.39482,
	3.41226 2.41817,
	3.3589 2.42484,
	3.30554 2.42484,
	3.25218 2.44485,
	3.14547 2.46819,
	3.09211 2.48153,
	3.03875 2.4782,
	2.93203 2.43818,
	2.90869 2.42817,
	2.92536 2.40149,
	2.9287 2.39816,
	2.91536 2.38482,
	2.90202 2.38148,
	2.7953 2.41817,
	2.76862 2.42817,
	2.6619 2.43818,
	2.60854 2.44485,
	2.58186 2.44485,
	2.47514 2.42484,
	2.42178 2.40816,
	2.3951 2.40149,
	2.28839 2.4115,
	2.26171 2.4115,
	2.20835 2.39482,
	2.18167 2.38148,
	2.13164 2.32812,
	2.10496 2.30144,
	2.09162 2.29144,
	2.03827 2.28477,
	2.02493 2.28477,
	1.99825 2.27143,
	1.97157 2.21807,
	1.95489 2.19139,
	1.95489 2.18805,
	"/>
</Transform>

<Transform dim="1"
 xcoef=" 1.1361364686478 1 0 0 0 0"
 ycoef=" 1.01041644957611 0 1 0 0 0">
<Contour name="d13c93a" hidden="false" closed="true" simplified="true" border="1 0 0.5" fill="1 0 0.5" mode="-11"
 points="0.109175 2.1471,
	0.120547 2.11071,
	0.122822 2.10161,
	0.127371 2.09934,
	0.145566 2.10389,
	0.15239 2.11071,
	0.145566 2.1471,
	0.136468 2.1653,
	0.134194 2.16757,
	0.115998 2.15393,
	0.109175 2.14938,
	"/>
</Transform>

<Transform dim="1"
 xcoef=" 1.1361364686478 1 0 0 0 0"
 ycoef=" 1.01041644957611 0 1 0 0 0">
<Contour name="d13cfa93a" hidden="false" closed="false" simplified="false" border="1 0 0.5" fill="1 0 0.5" mode="-13"
 points="0.127401 2.17016,
	0.122852 2.14059,
	0.134225 2.10875,
	"/>
</Transform>

<Transform dim="1"
 xcoef=" 1.1361364686478 1 0 0 0 0"
 ycoef=" 1.01041644957611 0 1 0 0 0">
<Contour name="d13" hidden="false" closed="true" simplified="true" border="1 0 0.5" fill="1 0 0.5" mode="-11"
 points="0.122852 2.15651,
	0.141048 2.08373,
	0.170616 2.04734,
	0.17744 2.03824,
	0.213831 2.02459,
	0.359398 1.99957,
	0.432181 1.98593,
	0.468572 1.98138,
	0.541355 1.96091,
	0.559551 1.95636,
	0.595943 1.94044,
	0.668726 1.94271,
	0.686922 1.94499,
	0.723313 1.96091,
	0.741509 1.97001,
	0.814292 1.95863,
	0.959859 1.95181,
	1.03264 1.94954,
	1.17821 1.91769,
	1.2146 1.90859,
	1.2328 1.90632,
	1.30558 1.91087,
	1.34197 1.91769,
	1.41475 1.95181,
	1.45115 1.97228,
	1.52393 1.97228,
	1.56032 1.96773,
	1.59671 1.95636,
	1.61491 1.94954,
	1.63993 1.98365,
	1.62628 2.00185,
	1.5535 2.04051,
	1.5171 2.06326,
	1.49891 2.07463,
	1.49663 2.07463,
	1.45797 2.07463,
	1.42158 2.05871,
	1.27601 2.0155,
	1.23962 2.00867,
	1.09405 2.00185,
	1.02127 2.00412,
	0.984878 2.0064,
	0.948486 1.99957,
	0.875703 1.9973,
	0.857507 1.99502,
	0.839312 1.9973,
	0.766528 2.02914,
	0.748333 2.03824,
	0.711941 2.04506,
	0.693745 2.04506,
	0.620962 2.07008,
	0.548179 2.11102,
	0.475396 2.15879,
	0.402613 2.202,
	0.257046 2.27479,
	0.220655 2.28161,
	0.202459 2.27933,
	0.193361 2.27706,
	0.175165 2.26569,
	0.166067 2.26114,
	0.147871 2.24294,
	0.141048 2.23384,
	0.122852 2.16106,
	0.122852 2.15879,
	"/>
</Transform>

<Transform dim="1"
 xcoef=" 1.1361364686478 1 0 0 0 0"
 ycoef=" 1.01041644957611 0 1 0 0 0">
<Contour name="d11p34" hidden="false" closed="true" simplified="false" border="1 0 0" fill="1 0 0" mode="-13"
 points="6.25609 3.79674,
	6.26446 3.78502,
	6.25609 3.7733,
	6.26111 3.7733,
	6.26781 3.78335,
	6.2745 3.7733,
	6.27952 3.7733,
	6.27115 3.78502,
	6.27952 3.79674,
	6.2745 3.79674,
	6.26781 3.78669,
	6.26111 3.79674,
	"/>
</Transform>

<Transform dim="1"
 xcoef=" 1.1361364686478 1 0 0 0 0"
 ycoef=" 1.01041644957611 0 1 0 0 0">
<Contour name="d11p35" hidden="false" closed="true" simplified="false" border="1 1 0" fill="1 1 0" mode="-13"
 points="3.54719 4.47507,
	3.54719 4.42939,
	3.50151 4.42939,
	3.50151 4.46936,
	3.4958 4.47507,
	3.4958 4.42368,
	3.5529 4.42368,
	3.5529 4.48078,
	3.4958 4.48078,
	3.50151 4.47507,
	"/>
</Transform>

<Transform dim="1"
 xcoef=" 1.1361364686478 1 0 0 0 0"
 ycoef=" 1.01041644957611 0 1 0 0 0">
<Contour name="d11" hidden="false" closed="true" simplified="true" border="0.501961 0 0" fill="1 0.5 0" mode="11"
 points="3.02436 4.93698,
	3.03264 4.8928,
	3.04231 4.87071,
	3.06854 4.82653,
	3.0713 4.82101,
	3.248 4.67468,
	3.27009 4.65673,
	3.2908 4.63464,
	3.3046 4.61256,
	3.31151 4.60151,
	3.32117 4.59185,
	3.40952 4.52973,
	3.4537 4.48969,
	3.46336 4.47865,
	3.47579 4.43447,
	3.47579 4.43309,
	3.48545 4.411,
	3.48683 4.36683,
	3.48683 4.34474,
	3.48269 4.33507,
	3.47579 4.32403,
	3.4675 4.31575,
	3.45784 4.29228,
	3.45508 4.28123,
	3.40952 4.19288,
	3.40262 4.18184,
	3.39986 4.17632,
	3.38881 4.16665,
	3.34464 4.15837,
	3.32255 4.15147,
	3.30046 4.13352,
	3.29494 4.128,
	3.31565 4.10729,
	3.35982 4.10591,
	3.38191 4.10591,
	3.404 4.09072,
	3.41504 4.08382,
	3.42471 4.07416,
	3.44818 4.02998,
	3.45232 4.01894,
	3.44404 3.99685,
	3.44404 3.99133,
	3.43713 3.98028,
	3.39296 3.96924,
	3.34878 3.95543,
	3.32669 3.94439,
	3.32117 3.94163,
	3.31151 3.93058,
	3.31703 3.88641,
	3.31703 3.87536,
	3.32117 3.86432,
	3.32807 3.85328,
	3.35016 3.84085,
	3.3612 3.83533,
	3.40262 3.79391,
	3.49097 3.74007,
	3.53515 3.71246,
	3.57932 3.70142,
	3.6235 3.69452,
	3.64559 3.69038,
	3.65663 3.689,
	3.70081 3.65586,
	3.7229 3.6393,
	3.76707 3.62963,
	3.81125 3.62549,
	3.83334 3.62411,
	3.92169 3.6034,
	3.96587 3.59098,
	4.01004 3.58132,
	4.02109 3.57856,
	4.06526 3.55233,
	4.08735 3.53852,
	4.1757 3.49572,
	4.26406 3.45983,
	4.28615 3.45293,
	4.30823 3.44879,
	4.35241 3.44465,
	4.3745 3.44327,
	4.38554 3.44327,
	4.40763 3.42946,
	4.41867 3.42256,
	4.4242 3.4198,
	4.44628 3.41566,
	4.45733 3.41289,
	4.5015 3.41566,
	4.51255 3.41427,
	4.51807 3.41289,
	4.56225 3.43084,
	4.57329 3.43498,
	4.61747 3.43912,
	4.79417 3.44741,
	4.97088 3.45845,
	5.14758 3.46673,
	5.16967 3.46811,
	5.25802 3.50401,
	5.34638 3.48882,
	5.43473 3.48192,
	5.45682 3.48606,
	5.46786 3.4902,
	5.48995 3.50677,
	5.50099 3.51367,
	5.50651 3.51643,
	5.55069 3.52472,
	5.57278 3.53024,
	5.59487 3.533,
	5.60591 3.53438,
	5.65009 3.56889,
	5.66113 3.57856,
	5.68322 3.58684,
	5.7274 3.59926,
	5.74948 3.60617,
	5.83784 3.65034,
	5.85992 3.66277,
	5.88201 3.67243,
	5.97037 3.66553,
	6.01454 3.66139,
	6.03663 3.66001,
	6.08081 3.66277,
	6.10289 3.66277,
	6.19125 3.67519,
	6.2796 3.6959,
	6.29064 3.69728,
	6.29478 3.70832,
	6.29617 3.71385,
	6.29755 3.71661,
	6.31963 3.71937,
	6.32516 3.72075,
	6.3293 3.74146,
	6.31825 3.78563,
	6.30859 3.80772,
	6.28788 3.82705,
	6.26579 3.84361,
	6.24371 3.85742,
	6.23404 3.86432,
	6.24509 3.88641,
	6.25061 3.89745,
	6.25337 3.90297,
	6.20919 3.93611,
	6.19815 3.94301,
	6.17606 3.96372,
	6.16502 3.97338,
	6.15949 3.9789,
	6.15673 3.98166,
	6.15259 4.07002,
	6.15535 4.0921,
	6.15535 4.09763,
	6.15535 4.10039,
	6.11118 4.13628,
	6.08909 4.15423,
	6.04767 4.19702,
	6.03801 4.20807,
	6.03387 4.21359,
	6.02697 4.25777,
	6.03939 4.30194,
	6.03525 4.31299,
	5.99107 4.35026,
	5.96898 4.36959,
	5.92481 4.40272,
	5.88063 4.42205,
	5.83646 4.43861,
	5.81437 4.44551,
	5.77019 4.46484,
	5.72602 4.48969,
	5.70531 4.51178,
	5.69564 4.52282,
	5.69012 4.52834,
	5.66803 4.54077,
	5.62386 4.55457,
	5.61281 4.55872,
	5.59073 4.55596,
	5.57968 4.55457,
	5.57692 4.55319,
	5.48857 4.58218,
	5.46648 4.59047,
	5.37813 4.60565,
	5.28977 4.61808,
	5.27873 4.61946,
	5.19038 4.61118,
	5.1462 4.60427,
	5.12411 4.60013,
	5.03576 4.61394,
	4.99158 4.62084,
	4.9695 4.62498,
	4.88114 4.63188,
	4.83697 4.63326,
	4.79279 4.63741,
	4.61609 4.67606,
	4.52773 4.69677,
	4.48356 4.70505,
	4.46147 4.70643,
	4.43938 4.71195,
	4.43386 4.71333,
	4.41177 4.70781,
	4.40073 4.70505,
	4.39521 4.70367,
	4.35103 4.66778,
	4.33032 4.64707,
	4.31928 4.64017,
	4.2751 4.62498,
	4.26406 4.61946,
	4.25853 4.6167,
	4.17018 4.6236,
	4.14809 4.62774,
	4.10392 4.61808,
	4.08183 4.61118,
	4.07079 4.60703,
	4.0487 4.60289,
	4.03765 4.60151,
	4.02661 4.59737,
	3.93826 4.53249,
	3.93274 4.52834,
	3.92169 4.5242,
	3.91203 4.51316,
	3.90512 4.46898,
	3.90374 4.46484,
	3.85957 4.44828,
	3.81539 4.44137,
	3.7933 4.43861,
	3.77122 4.43171,
	3.74913 4.41928,
	3.72704 4.4041,
	3.70495 4.39167,
	3.70219 4.39029,
	3.6801 4.40134,
	3.63593 4.41652,
	3.62488 4.42067,
	3.58071 4.42481,
	3.55862 4.42619,
	3.54757 4.42757,
	3.54205 4.43033,
	3.54067 4.43171,
	3.55033 4.4538,
	3.55448 4.46484,
	3.55724 4.47036,
	3.60003 4.51454,
	3.62212 4.53663,
	3.63316 4.54629,
	3.67734 4.5601,
	3.68839 4.56424,
	3.73256 4.59737,
	3.73946 4.60841,
	3.74084 4.61946,
	3.74499 4.6305,
	3.75465 4.64155,
	3.76017 4.64707,
	3.76293 4.64983,
	3.76293 4.67192,
	3.76293 4.67744,
	3.75051 4.69953,
	3.74361 4.71057,
	3.74084 4.71609,
	3.72014 4.73818,
	3.67596 4.76717,
	3.66492 4.77408,
	3.64283 4.78236,
	3.55448 4.80583,
	3.54343 4.80859,
	3.52134 4.82377,
	3.43437 4.90937,
	3.3971 4.95354,
	3.37777 4.97563,
	3.33359 4.99082,
	3.28942 5.00324,
	3.26733 5.00738,
	3.22315 5.00876,
	3.1348 5.006,
	3.09062 5.006,
	3.06854 4.99634,
	3.05749 4.9922,
	3.04783 4.98529,
	3.03817 4.97425,
	3.03126 4.96321,
	3.02436 4.94112,
	3.02436 4.93836,
	"/>
</Transform>

<Transform dim="1"
 xcoef=" 1.1361364686478 1 0 0 0 0"
 ycoef=" 1.01041644957611 0 1 0 0 0">
<Contour name="d11p36" hidden="false" closed="true" simplified="false" border="0 0 1" fill="0 0 1" mode="-13"
 points="3.35292 4.14456,
	3.34326 4.1349,
	3.35292 4.12524,
	3.36259 4.1349,
	"/>
</Transform>

<Transform dim="1"
 xcoef=" 1.1361364686478 1 0 0 0 0"
 ycoef=" 1.01041644957611 0 1 0 0 0">
<Contour name="d11" hidden="false" closed="true" simplified="true" border="0.501961 0 0" fill="1 0.5 0" mode="-11"
 points="5.68838 3.17403,
	5.72608 3.05341,
	5.72231 2.99309,
	5.72231 2.97801,
	5.84294 2.9554,
	5.87309 2.95163,
	5.93341 2.9667,
	5.94095 2.9667,
	5.95226 2.99686,
	5.95603 3.01194,
	5.92587 3.03833,
	5.91833 3.0421,
	5.91079 3.10241,
	5.90325 3.13257,
	5.89948 3.14765,
	5.86932 3.16649,
	5.7487 3.1778,
	5.71854 3.1778,
	5.70346 3.18157,
	5.68838 3.1778,
	"/>
</Transform>

<Transform dim="1"
 xcoef=" 1.1361364686478 1 0 0 0 0"
 ycoef=" 1.01041644957611 0 1 0 0 0">
<Contour name="d01ax40Bssvr" hidden="false" closed="true" simplified="false" border="0 1 0.251" fill="0 0 1" mode="11"
 points="6.40261 4.3234,
	6.39014 4.31094,
	6.40261 4.29848,
	6.41507 4.31094,
	"/>
<Contour name="d01ax40Bssvr" hidden="false" closed="true" simplified="false" border="0 1 0.251" fill="0 0 1" mode="11"
 points="6.40261 4.28423,
	6.39014 4.27177,
	6.40261 4.25931,
	6.41507 4.27177,
	"/>
<Contour name="d01ax40Bssvr" hidden="false" closed="true" simplified="false" border="0 1 0.251" fill="0 0 1" mode="11"
 points="6.39548 4.20946,
	6.38302 4.197,
	6.39548 4.18453,
	6.40795 4.197,
	"/>
<Contour name="d01ax40Bssvr" hidden="false" closed="true" simplified="false" border="0 1 0.251" fill="0 0 1" mode="11"
 points="6.38658 4.18987,
	6.37412 4.17741,
	6.38658 4.16495,
	6.39904 4.17741,
	"/>
<Contour name="d01ax40Bssvr" hidden="false" closed="true" simplified="false" border="0 1 0.251" fill="0 0 1" mode="11"
 points="6.45424 4.14536,
	6.44177 4.1329,
	6.45424 4.12044,
	6.4667 4.1329,
	"/>
<Contour name="d01ax40Bssvr" hidden="false" closed="true" simplified="false" border="0 1 0.251" fill="0 0 1" mode="11"
 points="6.47738 4.17563,
	6.46492 4.16317,
	6.47738 4.15071,
	6.48984 4.16317,
	"/>
<Contour name="d01ax40Bssvr" hidden="false" closed="true" simplified="false" border="0 1 0.251" fill="0 0 1" mode="11"
 points="6.50765 4.15249,
	6.49519 4.14002,
	6.50765 4.12756,
	6.52011 4.14002,
	"/>
<Contour name="d01ax40Bssvr" hidden="false" closed="true" simplified="false" border="0 1 0.251" fill="0 0 1" mode="11"
 points="6.51833 4.09907,
	6.50587 4.08661,
	6.51833 4.07415,
	6.53079 4.08661,
	"/>
<Contour name="d01ax40Bssvr" hidden="false" closed="true" simplified="false" border="0 1 0.251" fill="0 0 1" mode="11"
 points="6.55038 4.07771,
	6.53792 4.06525,
	6.55038 4.05278,
	6.56284 4.06525,
	"/>
<Contour name="d01ax40Bssvr" hidden="false" closed="true" simplified="false" border="0 1 0.251" fill="0 0 1" mode="11"
 points="6.55216 4.02074,
	6.5397 4.00827,
	6.55216 3.99581,
	6.56462 4.00827,
	"/>
<Contour name="d01ax40Bssvr" hidden="false" closed="true" simplified="false" border="0 1 0.251" fill="0 0 1" mode="11"
 points="6.5664 3.98157,
	6.55394 3.96911,
	6.5664 3.95664,
	6.57886 3.96911,
	"/>
<Contour name="d01ax40Bssvr" hidden="false" closed="true" simplified="false" border="0 1 0.251" fill="0 0 1" mode="11"
 points="6.5753 3.92104,
	6.56284 3.90857,
	6.5753 3.89611,
	6.58777 3.90857,
	"/>
<Contour name="d01ax40Bssvr" hidden="false" closed="true" simplified="false" border="0 1 0.251" fill="0 0 1" mode="11"
 points="6.59667 3.88187,
	6.58421 3.8694,
	6.59667 3.85694,
	6.60913 3.8694,
	"/>
<Contour name="d01ax40Bssvr" hidden="false" closed="true" simplified="false" border="0 1 0.251" fill="0 0 1" mode="11"
 points="6.54682 3.88009,
	6.53435 3.86762,
	6.54682 3.85516,
	6.55928 3.86762,
	"/>
<Contour name="d01ax40Bssvr" hidden="false" closed="true" simplified="false" border="0 1 0.251" fill="0 0 1" mode="11"
 points="6.53257 3.91569,
	6.52011 3.90323,
	6.53257 3.89077,
	6.54504 3.90323,
	"/>
<Contour name="d01ax40Bssvr" hidden="false" closed="true" simplified="false" border="0 1 0.251" fill="0 0 1" mode="11"
 points="6.52723 3.94952,
	6.51477 3.93706,
	6.52723 3.9246,
	6.5397 3.93706,
	"/>
<Contour name="d01ax40Bssvr" hidden="false" closed="true" simplified="false" border="0 1 0.251" fill="0 0 1" mode="11"
 points="6.49697 3.96911,
	6.4845 3.95664,
	6.49697 3.94418,
	6.50943 3.95664,
	"/>
<Contour name="d01ax40Bssvr" hidden="false" closed="true" simplified="false" border="0 1 0.251" fill="0 0 1" mode="11"
 points="6.50587 4.00649,
	6.49341 3.99403,
	6.50587 3.98157,
	6.51833 3.99403,
	"/>
<Contour name="d01ax40Bssvr" hidden="false" closed="true" simplified="false" border="0 1 0.251" fill="0 0 1" mode="11"
 points="6.47738 4.02074,
	6.46492 4.00827,
	6.47738 3.99581,
	6.48984 4.00827,
	"/>
<Contour name="d01ax40Bssvr" hidden="false" closed="true" simplified="false" border="0 1 0.251" fill="0 0 1" mode="11"
 points="6.4578 3.94418,
	6.44533 3.93172,
	6.4578 3.91925,
	6.47026 3.93172,
	"/>
<Contour name="d01ax40Bssvr" hidden="false" closed="true" simplified="false" border="0 1 0.251" fill="0 0 1" mode="11"
 points="6.42397 4.0154,
	6.41151 4.00293,
	6.42397 3.99047,
	6.43643 4.00293,
	"/>
<Contour name="d01ax40Bssvr" hidden="false" closed="true" simplified="false" border="0 1 0.251" fill="0 0 1" mode="11"
 points="6.42575 3.98157,
	6.41329 3.96911,
	6.42575 3.95664,
	6.43821 3.96911,
	"/>
<Contour name="d01ax40Bssvr" hidden="false" closed="true" simplified="false" border="0 1 0.251" fill="0 0 1" mode="11"
 points="6.38124 3.92994,
	6.36878 3.91747,
	6.38124 3.90501,
	6.3937 3.91747,
	"/>
<Contour name="d01ax40Bssvr" hidden="false" closed="true" simplified="false" border="0 1 0.251" fill="0 0 1" mode="11"
 points="6.33851 3.97801,
	6.32605 3.96554,
	6.33851 3.95308,
	6.35097 3.96554,
	"/>
<Contour name="d01ax40Bssvr" hidden="false" closed="true" simplified="false" border="0 1 0.251" fill="0 0 1" mode="11"
 points="6.32605 3.94774,
	6.31359 3.93528,
	6.32605 3.92282,
	6.33851 3.93528,
	"/>
<Contour name="d01ax40Bssvr" hidden="false" closed="true" simplified="false" border="0 1 0.251" fill="0 0 1" mode="11"
 points="6.33673 3.91925,
	6.32427 3.90679,
	6.33673 3.89433,
	6.34919 3.90679,
	"/>
<Contour name="d01ax40Bssvr" hidden="false" closed="true" simplified="false" border="0 1 0.251" fill="0 0 1" mode="11"
 points="6.34919 3.8605,
	6.33673 3.84804,
	6.34919 3.83558,
	6.36166 3.84804,
	"/>
<Contour name="d01ax40Bssvr" hidden="false" closed="true" simplified="false" border="0 1 0.251" fill="0 0 1" mode="11"
 points="6.38124 3.8516,
	6.36878 3.83914,
	6.38124 3.82667,
	6.3937 3.83914,
	"/>
<Contour name="d01ax40Bssvr" hidden="false" closed="true" simplified="false" border="0 1 0.251" fill="0 0 1" mode="11"
 points="6.40973 3.83914,
	6.39726 3.82667,
	6.40973 3.81421,
	6.42219 3.82667,
	"/>
<Contour name="d01ax40Bssvr" hidden="false" closed="true" simplified="false" border="0 1 0.251" fill="0 0 1" mode="11"
 points="6.43109 3.86762,
	6.41863 3.85516,
	6.43109 3.8427,
	6.44355 3.85516,
	"/>
<Contour name="d01ax40Bssvr" hidden="false" closed="true" simplified="false" border="0 1 0.251" fill="0 0 1" mode="11"
 points="6.43821 3.88899,
	6.42575 3.87653,
	6.43821 3.86406,
	6.45068 3.87653,
	"/>
<Contour name="d01ax40Bssvr" hidden="false" closed="true" simplified="false" border="0 1 0.251" fill="0 0 1" mode="11"
 points="6.47204 3.80175,
	6.45958 3.78929,
	6.47204 3.77682,
	6.4845 3.78929,
	"/>
<Contour name="d01ax40Bssvr" hidden="false" closed="true" simplified="false" border="0 1 0.251" fill="0 0 1" mode="11"
 points="6.39192 3.81955,
	6.37946 3.80709,
	6.39192 3.79463,
	6.40439 3.80709,
	"/>
<Contour name="d01ax40Bssvr" hidden="false" closed="true" simplified="false" border="0 1 0.251" fill="0 0 1" mode="11"
 points="6.29578 4.0154,
	6.28332 4.00293,
	6.29578 3.99047,
	6.30824 4.00293,
	"/>
<Contour name="d01ax40Bssvr" hidden="false" closed="true" simplified="false" border="0 1 0.251" fill="0 0 1" mode="11"
 points="6.32961 4.02786,
	6.31715 4.0154,
	6.32961 4.00293,
	6.34207 4.0154,
	"/>
<Contour name="d01ax40Bssvr" hidden="false" closed="true" simplified="false" border="0 1 0.251" fill="0 0 1" mode="11"
 points="6.32961 4.08127,
	6.31715 4.06881,
	6.32961 4.05634,
	6.34207 4.06881,
	"/>
<Contour name="d01ax40Bssvr" hidden="false" closed="true" simplified="false" border="0 1 0.251" fill="0 0 1" mode="11"
 points="6.36522 4.08839,
	6.35275 4.07593,
	6.36522 4.06347,
	6.37768 4.07593,
	"/>
<Contour name="d01ax40Bssvr" hidden="false" closed="true" simplified="false" border="0 1 0.251" fill="0 0 1" mode="11"
 points="6.38124 4.07237,
	6.36878 4.05991,
	6.38124 4.04744,
	6.3937 4.05991,
	"/>
<Contour name="d01ax40Bssvr" hidden="false" closed="true" simplified="false" border="0 1 0.251" fill="0 0 1" mode="11"
 points="6.38658 4.13112,
	6.37412 4.11866,
	6.38658 4.1062,
	6.39904 4.11866,
	"/>
<Contour name="d01ax40Bssvr" hidden="false" closed="true" simplified="false" border="0 1 0.251" fill="0 0 1" mode="11"
 points="6.31537 4.18809,
	6.3029 4.17563,
	6.31537 4.16317,
	6.32783 4.17563,
	"/>
<Contour name="d01ax40Bssvr" hidden="false" closed="true" simplified="false" border="0 1 0.251" fill="0 0 1" mode="11"
 points="6.29044 4.12934,
	6.27798 4.11688,
	6.29044 4.10442,
	6.3029 4.11688,
	"/>
<Contour name="d01ax40Bssvr" hidden="false" closed="true" simplified="false" border="0 1 0.251" fill="0 0 1" mode="11"
 points="6.27798 4.04744,
	6.26552 4.03498,
	6.27798 4.02252,
	6.29044 4.03498,
	"/>
<Contour name="d01ax40Bssvr" hidden="false" closed="true" simplified="false" border="0 1 0.251" fill="0 0 1" mode="11"
 points="6.24237 4.08305,
	6.22991 4.07059,
	6.24237 4.05813,
	6.25483 4.07059,
	"/>
<Contour name="d01ax40Bssvr" hidden="false" closed="true" simplified="false" border="0 1 0.251" fill="0 0 1" mode="11"
 points="6.20676 4.13112,
	6.1943 4.11866,
	6.20676 4.1062,
	6.21923 4.11866,
	"/>
<Contour name="d01ax40Bssvr" hidden="false" closed="true" simplified="false" border="0 1 0.251" fill="0 0 1" mode="11"
 points="6.24593 4.16851,
	6.23347 4.15605,
	6.24593 4.14358,
	6.25839 4.15605,
	"/>
<Contour name="d01ax40Bssvr" hidden="false" closed="true" simplified="false" border="0 1 0.251" fill="0 0 1" mode="11"
 points="6.26017 4.19165,
	6.24771 4.17919,
	6.26017 4.16673,
	6.27264 4.17919,
	"/>
<Contour name="d01ax40Bssvr" hidden="false" closed="true" simplified="false" border="0 1 0.251" fill="0 0 1" mode="11"
 points="6.28688 4.26999,
	6.27442 4.25753,
	6.28688 4.24507,
	6.29934 4.25753,
	"/>
<Contour name="d01ax40Bssvr" hidden="false" closed="true" simplified="false" border="0 1 0.251" fill="0 0 1" mode="11"
 points="6.2762 4.24151,
	6.26373 4.22904,
	6.2762 4.21658,
	6.28866 4.22904,
	"/>
<Contour name="d01ax40Bssvr" hidden="false" closed="true" simplified="false" border="0 1 0.251" fill="0 0 1" mode="11"
 points="6.28154 4.3234,
	6.26908 4.31094,
	6.28154 4.29848,
	6.294 4.31094,
	"/>
<Contour name="d01ax40Bssvr" hidden="false" closed="true" simplified="false" border="0 1 0.251" fill="0 0 1" mode="11"
 points="6.19252 4.29492,
	6.18006 4.28245,
	6.19252 4.26999,
	6.20498 4.28245,
	"/>
</Transform>

<Transform dim="1"
 xcoef=" 1.1361364686478 1 0 0 0 0"
 ycoef=" 1.01041644957611 0 1 0 0 0">
<Contour name="d01ax41ssvr" hidden="false" closed="true" simplified="false" border="0 1 0.251" fill="0 0 1" mode="11"
 points="5.33949 2.44586,
	5.32832 2.4347,
	5.33949 2.42353,
	5.35065 2.4347,
	"/>
<Contour name="d01ax41ssvr" hidden="false" closed="true" simplified="false" border="0 1 0.251" fill="0 0 1" mode="11"
 points="5.32832 2.41875,
	5.31716 2.40758,
	5.32832 2.39641,
	5.33949 2.40758,
	"/>
<Contour name="d01ax41ssvr" hidden="false" closed="true" simplified="false" border="0 1 0.251" fill="0 0 1" mode="11"
 points="5.35384 2.38206,
	5.34268 2.37089,
	5.35384 2.35973,
	5.36501 2.37089,
	"/>
<Contour name="d01ax41ssvr" hidden="false" closed="true" simplified="false" border="0 1 0.251" fill="0 0 1" mode="11"
 points="5.2693 2.44746,
	5.25814 2.43629,
	5.2693 2.42513,
	5.28047 2.43629,
	"/>
<Contour name="d01ax41ssvr" hidden="false" closed="true" simplified="false" border="0 1 0.251" fill="0 0 1" mode="11"
 points="5.43041 2.40598,
	5.41925 2.39482,
	5.43041 2.38365,
	5.44158 2.39482,
	"/>
<Contour name="d01ax41ssvr" hidden="false" closed="true" simplified="false" border="0 1 0.251" fill="0 0 1" mode="11"
 points="5.47986 2.41077,
	5.46869 2.3996,
	5.47986 2.38844,
	5.49103 2.3996,
	"/>
<Contour name="d01ax41ssvr" hidden="false" closed="true" simplified="false" border="0 1 0.251" fill="0 0 1" mode="11"
 points="5.51814 2.44267,
	5.50698 2.43151,
	5.51814 2.42034,
	5.52931 2.43151,
	"/>
<Contour name="d01ax41ssvda" hidden="false" closed="true" simplified="false" border="1 0 0" fill="0 0 1" mode="11"
 points="5.566 2.51126,
	5.55483 2.5001,
	5.566 2.48893,
	5.57716 2.5001,
	"/>
<Contour name="d01ax41ssvda" hidden="false" closed="true" simplified="false" border="1 0 0" fill="0 0 1" mode="11"
 points="5.61545 2.50169,
	5.60428 2.49053,
	5.61545 2.47936,
	5.62661 2.49053,
	"/>
<Contour name="d01ax41ssvda" hidden="false" closed="true" simplified="false" border="1 0 0" fill="0 0 1" mode="11"
 points="5.68085 2.49053,
	5.66968 2.47936,
	5.68085 2.4682,
	5.69202 2.47936,
	"/>
<Contour name="d01ax41ssvda" hidden="false" closed="true" simplified="false" border="1 0 0" fill="0 0 1" mode="11"
 points="5.73668 2.48893,
	5.72551 2.47777,
	5.73668 2.4666,
	5.74785 2.47777,
	"/>
<Contour name="d01ax41ssvda" hidden="false" closed="true" simplified="false" border="1 0 0" fill="0 0 1" mode="11"
 points="5.80687 2.49053,
	5.7957 2.47936,
	5.80687 2.4682,
	5.81803 2.47936,
	"/>
<Contour name="d01ax41ssvr" hidden="false" closed="true" simplified="false" border="0 1 0.251" fill="0 0 1" mode="11"
 points="5.7287 2.44586,
	5.71754 2.4347,
	5.7287 2.42353,
	5.73987 2.4347,
	"/>
<Contour name="d01ax41ssvr" hidden="false" closed="true" simplified="false" border="0 1 0.251" fill="0 0 1" mode="11"
 points="5.77975 2.44267,
	5.76858 2.43151,
	5.77975 2.42034,
	5.79091 2.43151,
	"/>
<Contour name="d01ax41ssvr" hidden="false" closed="true" simplified="false" border="0 1 0.251" fill="0 0 1" mode="11"
 points="5.83717 2.43948,
	5.82601 2.42832,
	5.83717 2.41715,
	5.84834 2.42832,
	"/>
<Contour name="d01ax41ssvr" hidden="false" closed="true" simplified="false" border="0 1 0.251" fill="0 0 1" mode="11"
 points="5.87386 2.45224,
	5.8627 2.44108,
	5.87386 2.42991,
	5.88503 2.44108,
	"/>
<Contour name="d01ax41ssvr" hidden="false" closed="true" simplified="false" border="0 1 0.251" fill="0 0 1" mode="11"
 points="5.89779 2.41396,
	5.88662 2.40279,
	5.89779 2.39163,
	5.90896 2.40279,
	"/>
<Contour name="d01ax41ssvr" hidden="false" closed="true" simplified="false" border="0 1 0.251" fill="0 0 1" mode="11"
 points="5.84355 2.3996,
	5.83239 2.38844,
	5.84355 2.37727,
	5.85472 2.38844,
	"/>
<Contour name="d01ax41ssvr" hidden="false" closed="true" simplified="false" border="0 1 0.251" fill="0 0 1" mode="11"
 points="5.7941 2.40917,
	5.78294 2.39801,
	5.7941 2.38684,
	5.80527 2.39801,
	"/>
<Contour name="d01ax41ssvr" hidden="false" closed="true" simplified="false" border="0 1 0.251" fill="0 0 1" mode="11"
 points="5.7973 2.38046,
	5.78613 2.3693,
	5.7973 2.35813,
	5.80846 2.3693,
	"/>
<Contour name="d01ax41ssvr" hidden="false" closed="true" simplified="false" border="0 1 0.251" fill="0 0 1" mode="11"
 points="5.75104 2.35015,
	5.73987 2.33899,
	5.75104 2.32782,
	5.7622 2.33899,
	"/>
<Contour name="d01ax41ssvr" hidden="false" closed="true" simplified="false" border="0 1 0.251" fill="0 0 1" mode="11"
 points="5.74625 2.39322,
	5.73508 2.38206,
	5.74625 2.37089,
	5.75742 2.38206,
	"/>
<Contour name="d01ax41ssvr" hidden="false" closed="true" simplified="false" border="0 1 0.251" fill="0 0 1" mode="11"
 points="5.68883 2.37408,
	5.67766 2.36292,
	5.68883 2.35175,
	5.69999 2.36292,
	"/>
<Contour name="d01ax41ssvr" hidden="false" closed="true" simplified="false" border="0 1 0.251" fill="0 0 1" mode="11"
 points="5.62661 2.3677,
	5.61545 2.35654,
	5.62661 2.34537,
	5.63778 2.35654,
	"/>
<Contour name="d01ax41ssvr" hidden="false" closed="true" simplified="false" border="0 1 0.251" fill="0 0 1" mode="11"
 points="5.61066 2.42353,
	5.5995 2.41237,
	5.61066 2.4012,
	5.62183 2.41237,
	"/>
<Contour name="d01ax41ssvr" hidden="false" closed="true" simplified="false" border="0 1 0.251" fill="0 0 1" mode="11"
 points="5.92012 2.37249,
	5.90896 2.36132,
	5.92012 2.35015,
	5.93129 2.36132,
	"/>
<Contour name="d01ax41ssvr" hidden="false" closed="true" simplified="false" border="0 1 0.251" fill="0 0 1" mode="11"
 points="5.91853 2.34058,
	5.90736 2.32942,
	5.91853 2.31825,
	5.92969 2.32942,
	"/>
<Contour name="d01ax41ssvr" hidden="false" closed="true" simplified="false" border="0 1 0.251" fill="0 0 1" mode="11"
 points="5.88822 2.31028,
	5.87705 2.29911,
	5.88822 2.28794,
	5.89938 2.29911,
	"/>
<Contour name="d01ax41ssvr" hidden="false" closed="true" simplified="false" border="0 1 0.251" fill="0 0 1" mode="11"
 points="5.87227 2.35334,
	5.8611 2.34218,
	5.87227 2.33101,
	5.88343 2.34218,
	"/>
<Contour name="d01ax41ssvr" hidden="false" closed="true" simplified="false" border="0 1 0.251" fill="0 0 1" mode="11"
 points="5.83398 2.33261,
	5.82282 2.32144,
	5.83398 2.31028,
	5.84515 2.32144,
	"/>
<Contour name="d01ax41ssvr" hidden="false" closed="true" simplified="false" border="0 1 0.251" fill="0 0 1" mode="11"
 points="5.78932 2.31347,
	5.77815 2.3023,
	5.78932 2.29113,
	5.80049 2.3023,
	"/>
<Contour name="d01ax41ssvr" hidden="false" closed="true" simplified="false" border="0 1 0.251" fill="0 0 1" mode="11"
 points="5.81963 2.26242,
	5.80846 2.25126,
	5.81963 2.24009,
	5.83079 2.25126,
	"/>
<Contour name="d01ax41ssvr" hidden="false" closed="true" simplified="false" border="0 1 0.251" fill="0 0 1" mode="11"
 points="5.88024 2.26721,
	5.86908 2.25604,
	5.88024 2.24487,
	5.89141 2.25604,
	"/>
<Contour name="d01ax41ssvr" hidden="false" closed="true" simplified="false" border="0 1 0.251" fill="0 0 1" mode="11"
 points="5.88024 2.2369,
	5.86908 2.22573,
	5.88024 2.21457,
	5.89141 2.22573,
	"/>
<Contour name="d01ax41ssvr" hidden="false" closed="true" simplified="false" border="0 1 0.251" fill="0 0 1" mode="11"
 points="5.83717 2.22095,
	5.82601 2.20978,
	5.83717 2.19862,
	5.84834 2.20978,
	"/>
<Contour name="d01ax41ssvr" hidden="false" closed="true" simplified="false" border="0 1 0.251" fill="0 0 1" mode="11"
 points="5.83717 2.17628,
	5.82601 2.16512,
	5.83717 2.15395,
	5.84834 2.16512,
	"/>
<Contour name="d01ax41ssvr" hidden="false" closed="true" simplified="false" border="0 1 0.251" fill="0 0 1" mode="11"
 points="5.91215 2.18745,
	5.90098 2.17628,
	5.91215 2.16512,
	5.92331 2.17628,
	"/>
<Contour name="d01ax41ssvr" hidden="false" closed="true" simplified="false" border="0 1 0.251" fill="0 0 1" mode="11"
 points="5.96 2.19862,
	5.94883 2.18745,
	5.96 2.17628,
	5.97117 2.18745,
	"/>
<Contour name="d01ax41ssvr" hidden="false" closed="true" simplified="false" border="0 1 0.251" fill="0 0 1" mode="11"
 points="5.9584 2.25285,
	5.94724 2.24168,
	5.9584 2.23052,
	5.96957 2.24168,
	"/>
<Contour name="d01ax41ssvr" hidden="false" closed="true" simplified="false" border="0 1 0.251" fill="0 0 1" mode="11"
 points="6.027 2.24966,
	6.01583 2.23849,
	6.027 2.22733,
	6.03816 2.23849,
	"/>
<Contour name="d01ax41ssvr" hidden="false" closed="true" simplified="false" border="0 1 0.251" fill="0 0 1" mode="11"
 points="6.03178 2.32463,
	6.02062 2.31347,
	6.03178 2.3023,
	6.04295 2.31347,
	"/>
<Contour name="d01ax41ssvr" hidden="false" closed="true" simplified="false" border="0 1 0.251" fill="0 0 1" mode="11"
 points="5.51814 2.35973,
	5.50698 2.34856,
	5.51814 2.33739,
	5.52931 2.34856,
	"/>
<Contour name="d01ax41ssvr" hidden="false" closed="true" simplified="false" border="0 1 0.251" fill="0 0 1" mode="11"
 points="5.566 2.3996,
	5.55483 2.38844,
	5.566 2.37727,
	5.57716 2.38844,
	"/>
</Transform>

<Transform dim="1"
 xcoef=" 1.1361364686478 1 0 0 0 0"
 ycoef=" 1.01041644957611 0 1 0 0 0">
<Contour name="d01ax44ssvr" hidden="false" closed="true" simplified="false" border="0 1 0.251" fill="0 0 1" mode="11"
 points="7.46216 3.76893,
	7.45189 3.75865,
	7.46216 3.74838,
	7.47243 3.75865,
	"/>
<Contour name="d01ax44ssvr" hidden="false" closed="true" simplified="false" border="0 1 0.251" fill="0 0 1" mode="11"
 points="7.45629 3.74105,
	7.44602 3.73078,
	7.45629 3.72051,
	7.46656 3.73078,
	"/>
<Contour name="d01ax44ssvr" hidden="false" closed="true" simplified="false" border="0 1 0.251" fill="0 0 1" mode="11"
 points="7.40347 3.77039,
	7.3932 3.76012,
	7.40347 3.74985,
	7.41374 3.76012,
	"/>
<Contour name="d01ax44ssvr" hidden="false" closed="true" simplified="false" border="0 1 0.251" fill="0 0 1" mode="11"
 points="7.17018 3.8687,
	7.15991 3.85843,
	7.17018 3.84816,
	7.18045 3.85843,
	"/>
<Contour name="d01ax44ssvr" hidden="false" closed="true" simplified="false" border="0 1 0.251" fill="0 0 1" mode="11"
 points="6.94716 4.22964,
	6.93689 4.21937,
	6.94716 4.20909,
	6.95743 4.21937,
	"/>
</Transform>

<Transform dim="1"
 xcoef=" 1.1361364686478 1 0 0 0 0"
 ycoef=" 1.01041644957611 0 1 0 0 0">
<Contour name="d02ax45ssvr" hidden="false" closed="true" simplified="false" border="0 1 0.251" fill="0 0 1" mode="11"
 points="4.86189 2.65945,
	4.85038 2.64795,
	4.86189 2.63644,
	4.87339 2.64795,
	"/>
<Contour name="d02ax45ssvr" hidden="false" closed="true" simplified="false" border="0 1 0.251" fill="0 0 1" mode="11"
 points="4.85038 2.62001,
	4.83888 2.60851,
	4.85038 2.597,
	4.86189 2.60851,
	"/>
<Contour name="d02ax45ssvr" hidden="false" closed="true" simplified="false" border="0 1 0.251" fill="0 0 1" mode="11"
 points="4.83395 2.71862,
	4.82244 2.70711,
	4.83395 2.69561,
	4.84545 2.70711,
	"/>
<Contour name="d02ax45ssvr" hidden="false" closed="true" simplified="false" border="0 1 0.251" fill="0 0 1" mode="11"
 points="4.81587 2.73834,
	4.80437 2.72683,
	4.81587 2.71533,
	4.82737 2.72683,
	"/>
<Contour name="d02ax45ssvr" hidden="false" closed="true" simplified="false" border="0 1 0.251" fill="0 0 1" mode="11"
 points="4.78465 2.72355,
	4.77314 2.71204,
	4.78465 2.70054,
	4.79615 2.71204,
	"/>
<Contour name="d02ax45ssvr" hidden="false" closed="true" simplified="false" border="0 1 0.251" fill="0 0 1" mode="11"
 points="4.79779 2.68082,
	4.78629 2.66931,
	4.79779 2.65781,
	4.8093 2.66931,
	"/>
<Contour name="d02ax45ssvr" hidden="false" closed="true" simplified="false" border="0 1 0.251" fill="0 0 1" mode="11"
 points="4.77478 2.63809,
	4.76328 2.62658,
	4.77478 2.61508,
	4.78629 2.62658,
	"/>
<Contour name="d02ax45ssvr" hidden="false" closed="true" simplified="false" border="0 1 0.251" fill="0 0 1" mode="11"
 points="4.73699 2.60686,
	4.72548 2.59536,
	4.73699 2.58385,
	4.74849 2.59536,
	"/>
<Contour name="d02ax45ssvr" hidden="false" closed="true" simplified="false" border="0 1 0.251" fill="0 0 1" mode="11"
 points="4.68111 2.61508,
	4.6696 2.60357,
	4.68111 2.59207,
	4.69261 2.60357,
	"/>
<Contour name="d02ax45ssvr" hidden="false" closed="true" simplified="false" border="0 1 0.251" fill="0 0 1" mode="11"
 points="4.72219 2.64466,
	4.71069 2.63316,
	4.72219 2.62165,
	4.7337 2.63316,
	"/>
<Contour name="d02ax45ssvr" hidden="false" closed="true" simplified="false" border="0 1 0.251" fill="0 0 1" mode="11"
 points="4.74027 2.67753,
	4.72877 2.66603,
	4.74027 2.65452,
	4.75178 2.66603,
	"/>
<Contour name="d02ax45ssvr" hidden="false" closed="true" simplified="false" border="0 1 0.251" fill="0 0 1" mode="11"
 points="4.70083 2.70547,
	4.68933 2.69396,
	4.70083 2.68246,
	4.71233 2.69396,
	"/>
<Contour name="d02ax45ssvr" hidden="false" closed="true" simplified="false" border="0 1 0.251" fill="0 0 1" mode="11"
 points="4.67289 2.67917,
	4.66139 2.66767,
	4.67289 2.65617,
	4.6844 2.66767,
	"/>
<Contour name="d02ax45ssvr" hidden="false" closed="true" simplified="false" border="0 1 0.251" fill="0 0 1" mode="11"
 points="4.62523 2.65781,
	4.61373 2.6463,
	4.62523 2.6348,
	4.63674 2.6463,
	"/>
<Contour name="d02ax45ssvr" hidden="false" closed="true" simplified="false" border="0 1 0.251" fill="0 0 1" mode="11"
 points="4.63674 2.68903,
	4.62523 2.67753,
	4.63674 2.66603,
	4.64824 2.67753,
	"/>
<Contour name="d02ax45ssvr" hidden="false" closed="true" simplified="false" border="0 1 0.251" fill="0 0 1" mode="11"
 points="4.60387 2.69068,
	4.59236 2.67917,
	4.60387 2.66767,
	4.61537 2.67917,
	"/>
<Contour name="d02ax45ssvr" hidden="false" closed="true" simplified="false" border="0 1 0.251" fill="0 0 1" mode="11"
 points="4.60551 2.72519,
	4.59401 2.71369,
	4.60551 2.70218,
	4.61701 2.71369,
	"/>
<Contour name="d02ax45ssvr" hidden="false" closed="true" simplified="false" border="0 1 0.251" fill="0 0 1" mode="11"
 points="4.6318 2.75477,
	4.6203 2.74327,
	4.6318 2.73176,
	4.64331 2.74327,
	"/>
<Contour name="d02ax45ssvr" hidden="false" closed="true" simplified="false" border="0 1 0.251" fill="0 0 1" mode="11"
 points="4.6696 2.79093,
	4.6581 2.77942,
	4.6696 2.76792,
	4.68111 2.77942,
	"/>
<Contour name="d02ax45ssvr" hidden="false" closed="true" simplified="false" border="0 1 0.251" fill="0 0 1" mode="11"
 points="4.67125 2.7597,
	4.65974 2.7482,
	4.67125 2.73669,
	4.68275 2.7482,
	"/>
<Contour name="d02ax45ssvr" hidden="false" closed="true" simplified="false" border="0 1 0.251" fill="0 0 1" mode="11"
 points="4.71233 2.77942,
	4.70083 2.76792,
	4.71233 2.75642,
	4.72384 2.76792,
	"/>
<Contour name="d02ax45ssvr" hidden="false" closed="true" simplified="false" border="0 1 0.251" fill="0 0 1" mode="11"
 points="4.61044 2.79586,
	4.59894 2.78435,
	4.61044 2.77285,
	4.62194 2.78435,
	"/>
<Contour name="d02ax45ssvr" hidden="false" closed="true" simplified="false" border="0 1 0.251" fill="0 0 1" mode="11"
 points="4.58743 2.76299,
	4.57593 2.75148,
	4.58743 2.73998,
	4.59894 2.75148,
	"/>
<Contour name="d02ax45ssvr" hidden="false" closed="true" simplified="false" border="0 1 0.251" fill="0 0 1" mode="11"
 points="4.55128 2.70547,
	4.53977 2.69396,
	4.55128 2.68246,
	4.56278 2.69396,
	"/>
<Contour name="d02ax45ssvr" hidden="false" closed="true" simplified="false" border="0 1 0.251" fill="0 0 1" mode="11"
 points="4.54799 2.66438,
	4.53649 2.65288,
	4.54799 2.64137,
	4.55949 2.65288,
	"/>
<Contour name="d02ax45ssvr" hidden="false" closed="true" simplified="false" border="0 1 0.251" fill="0 0 1" mode="11"
 points="4.47568 2.69396,
	4.46417 2.68246,
	4.47568 2.67096,
	4.48718 2.68246,
	"/>
<Contour name="d02ax45ssvr" hidden="false" closed="true" simplified="false" border="0 1 0.251" fill="0 0 1" mode="11"
 points="4.4839 2.64795,
	4.47239 2.63644,
	4.4839 2.62494,
	4.4954 2.63644,
	"/>
<Contour name="d02ax45ssvr" hidden="false" closed="true" simplified="false" border="0 1 0.251" fill="0 0 1" mode="11"
 points="4.50526 2.74162,
	4.49376 2.73012,
	4.50526 2.71862,
	4.51676 2.73012,
	"/>
<Contour name="d02ax45ssvr" hidden="false" closed="true" simplified="false" border="0 1 0.251" fill="0 0 1" mode="11"
 points="4.52334 2.78435,
	4.51183 2.77285,
	4.52334 2.76135,
	4.53484 2.77285,
	"/>
<Contour name="d02ax45ssvr" hidden="false" closed="true" simplified="false" border="0 1 0.251" fill="0 0 1" mode="11"
 points="4.55292 2.83201,
	4.54142 2.82051,
	4.55292 2.80901,
	4.56442 2.82051,
	"/>
<Contour name="d02ax45ssvr" hidden="false" closed="true" simplified="false" border="0 1 0.251" fill="0 0 1" mode="11"
 points="4.55128 2.86488,
	4.53977 2.85338,
	4.55128 2.84187,
	4.56278 2.85338,
	"/>
<Contour name="d02ax45ssvr" hidden="false" closed="true" simplified="false" border="0 1 0.251" fill="0 0 1" mode="11"
 points="4.50362 2.88953,
	4.49211 2.87803,
	4.50362 2.86653,
	4.51512 2.87803,
	"/>
<Contour name="d02ax45ssvr" hidden="false" closed="true" simplified="false" border="0 1 0.251" fill="0 0 1" mode="11"
 points="4.47403 2.86817,
	4.46253 2.85667,
	4.47403 2.84516,
	4.48554 2.85667,
	"/>
<Contour name="d02ax45ssvr" hidden="false" closed="true" simplified="false" border="0 1 0.251" fill="0 0 1" mode="11"
 points="4.45924 2.8468,
	4.44774 2.8353,
	4.45924 2.8238,
	4.47075 2.8353,
	"/>
<Contour name="d02ax45ssvr" hidden="false" closed="true" simplified="false" border="0 1 0.251" fill="0 0 1" mode="11"
 points="4.41651 2.84187,
	4.40501 2.83037,
	4.41651 2.81887,
	4.42802 2.83037,
	"/>
<Contour name="d02ax45ssvr" hidden="false" closed="true" simplified="false" border="0 1 0.251" fill="0 0 1" mode="11"
 points="4.42966 2.8846,
	4.41816 2.8731,
	4.42966 2.8616,
	4.44117 2.8731,
	"/>
<Contour name="d02ax45ssvr" hidden="false" closed="true" simplified="false" border="0 1 0.251" fill="0 0 1" mode="11"
 points="4.42473 2.91912,
	4.41323 2.90761,
	4.42473 2.89611,
	4.43624 2.90761,
	"/>
<Contour name="d02ax45ssvr" hidden="false" closed="true" simplified="false" border="0 1 0.251" fill="0 0 1" mode="11"
 points="4.43459 2.94377,
	4.42309 2.93226,
	4.43459 2.92076,
	4.4461 2.93226,
	"/>
<Contour name="d02ax45ssvr" hidden="false" closed="true" simplified="false" border="0 1 0.251" fill="0 0 1" mode="11"
 points="4.46582 2.93719,
	4.45431 2.92569,
	4.46582 2.91419,
	4.47732 2.92569,
	"/>
<Contour name="d02ax45ssvr" hidden="false" closed="true" simplified="false" border="0 1 0.251" fill="0 0 1" mode="11"
 points="4.40994 2.99143,
	4.39844 2.97992,
	4.40994 2.96842,
	4.42144 2.97992,
	"/>
<Contour name="d02ax45ssvr" hidden="false" closed="true" simplified="false" border="0 1 0.251" fill="0 0 1" mode="11"
 points="4.39351 3.04073,
	4.382 3.02923,
	4.39351 3.01772,
	4.40501 3.02923,
	"/>
<Contour name="d02ax45ssvr" hidden="false" closed="true" simplified="false" border="0 1 0.251" fill="0 0 1" mode="11"
 points="4.34585 3.04402,
	4.33434 3.03251,
	4.34585 3.02101,
	4.35735 3.03251,
	"/>
<Contour name="d02ax45ssvr" hidden="false" closed="true" simplified="false" border="0 1 0.251" fill="0 0 1" mode="11"
 points="4.29983 3.09332,
	4.28833 3.08182,
	4.29983 3.07031,
	4.31133 3.08182,
	"/>
<Contour name="d02ax45ssvr" hidden="false" closed="true" simplified="false" border="0 1 0.251" fill="0 0 1" mode="11"
 points="4.2456 3.08839,
	4.23409 3.07689,
	4.2456 3.06538,
	4.2571 3.07689,
	"/>
<Contour name="d02ax45ssvr" hidden="false" closed="true" simplified="false" border="0 1 0.251" fill="0 0 1" mode="11"
 points="4.16835 3.09332,
	4.15685 3.08182,
	4.16835 3.07031,
	4.17986 3.08182,
	"/>
<Contour name="d02ax45ssvr" hidden="false" closed="true" simplified="false" border="0 1 0.251" fill="0 0 1" mode="11"
 points="4.1322 3.10647,
	4.12069 3.09496,
	4.1322 3.08346,
	4.1437 3.09496,
	"/>
<Contour name="d02ax45ssvr" hidden="false" closed="true" simplified="false" border="0 1 0.251" fill="0 0 1" mode="11"
 points="4.12562 3.0736,
	4.11412 3.0621,
	4.12562 3.05059,
	4.13713 3.0621,
	"/>
<Contour name="d02ax45ssvr" hidden="false" closed="true" simplified="false" border="0 1 0.251" fill="0 0 1" mode="11"
 points="4.17986 3.0621,
	4.16835 3.05059,
	4.17986 3.03909,
	4.19136 3.05059,
	"/>
<Contour name="d02ax45ssvr" hidden="false" closed="true" simplified="false" border="0 1 0.251" fill="0 0 1" mode="11"
 points="4.22423 3.0473,
	4.21273 3.0358,
	4.22423 3.0243,
	4.23574 3.0358,
	"/>
<Contour name="d02ax45ssvr" hidden="false" closed="true" simplified="false" border="0 1 0.251" fill="0 0 1" mode="11"
 points="4.28175 3.0243,
	4.27025 3.01279,
	4.28175 3.00129,
	4.29326 3.01279,
	"/>
<Contour name="d02ax45ssvr" hidden="false" closed="true" simplified="false" border="0 1 0.251" fill="0 0 1" mode="11"
 points="4.31955 3.00786,
	4.30805 2.99636,
	4.31955 2.98485,
	4.33105 2.99636,
	"/>
<Contour name="d02ax45ssvr" hidden="false" closed="true" simplified="false" border="0 1 0.251" fill="0 0 1" mode="11"
 points="4.34585 2.97499,
	4.33434 2.96349,
	4.34585 2.95198,
	4.35735 2.96349,
	"/>
<Contour name="d02ax45ssvr" hidden="false" closed="true" simplified="false" border="0 1 0.251" fill="0 0 1" mode="11"
 points="4.28668 2.9602,
	4.27518 2.9487,
	4.28668 2.93719,
	4.29819 2.9487,
	"/>
<Contour name="d02ax45ssvr" hidden="false" closed="true" simplified="false" border="0 1 0.251" fill="0 0 1" mode="11"
 points="4.2456 2.9865,
	4.23409 2.97499,
	4.2456 2.96349,
	4.2571 2.97499,
	"/>
<Contour name="d02ax45ssvr" hidden="false" closed="true" simplified="false" border="0 1 0.251" fill="0 0 1" mode="11"
 points="4.23245 2.96513,
	4.22094 2.95363,
	4.23245 2.94212,
	4.24395 2.95363,
	"/>
<Contour name="d02ax45ssvr" hidden="false" closed="true" simplified="false" border="0 1 0.251" fill="0 0 1" mode="11"
 points="4.23574 2.93226,
	4.22423 2.92076,
	4.23574 2.90926,
	4.24724 2.92076,
	"/>
<Contour name="d02ax45ssvr" hidden="false" closed="true" simplified="false" border="0 1 0.251" fill="0 0 1" mode="11"
 points="4.26367 2.92898,
	4.25217 2.91747,
	4.26367 2.90597,
	4.27518 2.91747,
	"/>
<Contour name="d02ax45ssvr" hidden="false" closed="true" simplified="false" border="0 1 0.251" fill="0 0 1" mode="11"
 points="4.30805 2.89939,
	4.29654 2.88789,
	4.30805 2.87639,
	4.31955 2.88789,
	"/>
<Contour name="d02ax45ssvr" hidden="false" closed="true" simplified="false" border="0 1 0.251" fill="0 0 1" mode="11"
 points="4.34585 2.91747,
	4.33434 2.90597,
	4.34585 2.89446,
	4.35735 2.90597,
	"/>
<Contour name="d02ax45ssvr" hidden="false" closed="true" simplified="false" border="0 1 0.251" fill="0 0 1" mode="11"
 points="4.37707 2.89446,
	4.36557 2.88296,
	4.37707 2.87146,
	4.38858 2.88296,
	"/>
<Contour name="d02ax45ssvr" hidden="false" closed="true" simplified="false" border="0 1 0.251" fill="0 0 1" mode="11"
 points="4.35571 2.85831,
	4.3442 2.8468,
	4.35571 2.8353,
	4.36721 2.8468,
	"/>
<Contour name="d02ax45ssvr" hidden="false" closed="true" simplified="false" border="0 1 0.251" fill="0 0 1" mode="11"
 points="4.35735 2.82708,
	4.34585 2.81558,
	4.35735 2.80407,
	4.36885 2.81558,
	"/>
<Contour name="d02ax45ssvr" hidden="false" closed="true" simplified="false" border="0 1 0.251" fill="0 0 1" mode="11"
 points="4.31791 2.80572,
	4.3064 2.79421,
	4.31791 2.78271,
	4.32941 2.79421,
	"/>
<Contour name="d02ax45ssvr" hidden="false" closed="true" simplified="false" border="0 1 0.251" fill="0 0 1" mode="11"
 points="4.26039 2.81887,
	4.24888 2.80736,
	4.26039 2.79586,
	4.27189 2.80736,
	"/>
<Contour name="d02ax45ssvr" hidden="false" closed="true" simplified="false" border="0 1 0.251" fill="0 0 1" mode="11"
 points="4.2834 2.8468,
	4.27189 2.8353,
	4.2834 2.8238,
	4.2949 2.8353,
	"/>
<Contour name="d02ax45ssvr" hidden="false" closed="true" simplified="false" border="0 1 0.251" fill="0 0 1" mode="11"
 points="4.25053 2.88296,
	4.23902 2.87146,
	4.25053 2.85995,
	4.26203 2.87146,
	"/>
<Contour name="d02ax45ssvr" hidden="false" closed="true" simplified="false" border="0 1 0.251" fill="0 0 1" mode="11"
 points="4.22094 2.87146,
	4.20944 2.85995,
	4.22094 2.84845,
	4.23245 2.85995,
	"/>
<Contour name="d02ax45ssvr" hidden="false" closed="true" simplified="false" border="0 1 0.251" fill="0 0 1" mode="11"
 points="4.18315 2.89118,
	4.17164 2.87967,
	4.18315 2.86817,
	4.19465 2.87967,
	"/>
<Contour name="d02ax45ssvr" hidden="false" closed="true" simplified="false" border="0 1 0.251" fill="0 0 1" mode="11"
 points="4.16835 2.93062,
	4.15685 2.91912,
	4.16835 2.90761,
	4.17986 2.91912,
	"/>
<Contour name="d02ax45ssvr" hidden="false" closed="true" simplified="false" border="0 1 0.251" fill="0 0 1" mode="11"
 points="4.0829 2.8846,
	4.07139 2.8731,
	4.0829 2.8616,
	4.0944 2.8731,
	"/>
<Contour name="d02ax45ssvr" hidden="false" closed="true" simplified="false" border="0 1 0.251" fill="0 0 1" mode="11"
 points="4.04674 2.89939,
	4.03524 2.88789,
	4.04674 2.87639,
	4.05824 2.88789,
	"/>
<Contour name="d02ax45ssvr" hidden="false" closed="true" simplified="false" border="0 1 0.251" fill="0 0 1" mode="11"
 points="4.0829 2.9224,
	4.07139 2.9109,
	4.0829 2.89939,
	4.0944 2.9109,
	"/>
<Contour name="d02ax45ssvr" hidden="false" closed="true" simplified="false" border="0 1 0.251" fill="0 0 1" mode="11"
 points="4.0829 2.95198,
	4.07139 2.94048,
	4.0829 2.92898,
	4.0944 2.94048,
	"/>
<Contour name="d02ax45ssvr" hidden="false" closed="true" simplified="false" border="0 1 0.251" fill="0 0 1" mode="11"
 points="4.09276 2.99143,
	4.08125 2.97992,
	4.09276 2.96842,
	4.10426 2.97992,
	"/>
<Contour name="d02ax45ssvr" hidden="false" closed="true" simplified="false" border="0 1 0.251" fill="0 0 1" mode="11"
 points="4.0681 3.03416,
	4.0566 3.02265,
	4.0681 3.01115,
	4.07961 3.02265,
	"/>
<Contour name="d02ax45ssvr" hidden="false" closed="true" simplified="false" border="0 1 0.251" fill="0 0 1" mode="11"
 points="4.01551 3.05717,
	4.00401 3.04566,
	4.01551 3.03416,
	4.02702 3.04566,
	"/>
<Contour name="d02ax45ssvr" hidden="false" closed="true" simplified="false" border="0 1 0.251" fill="0 0 1" mode="11"
 points="3.96621 3.04402,
	3.95471 3.03251,
	3.96621 3.02101,
	3.97771 3.03251,
	"/>
<Contour name="d02ax45ssvr" hidden="false" closed="true" simplified="false" border="0 1 0.251" fill="0 0 1" mode="11"
 points="3.94978 3.01444,
	3.93827 3.00293,
	3.94978 2.99143,
	3.96128 3.00293,
	"/>
<Contour name="d02ax45ssvr" hidden="false" closed="true" simplified="false" border="0 1 0.251" fill="0 0 1" mode="11"
 points="4.00401 2.97664,
	3.99251 2.96513,
	4.00401 2.95363,
	4.01551 2.96513,
	"/>
<Contour name="d02ax45ssvr" hidden="false" closed="true" simplified="false" border="0 1 0.251" fill="0 0 1" mode="11"
 points="4.02702 2.94705,
	4.01551 2.93555,
	4.02702 2.92405,
	4.03852 2.93555,
	"/>
<Contour name="d02ax45ssvr" hidden="false" closed="true" simplified="false" border="0 1 0.251" fill="0 0 1" mode="11"
 points="3.97443 2.93719,
	3.96292 2.92569,
	3.97443 2.91419,
	3.98593 2.92569,
	"/>
<Contour name="d02ax45ssvr" hidden="false" closed="true" simplified="false" border="0 1 0.251" fill="0 0 1" mode="11"
 points="3.94485 2.89446,
	3.93334 2.88296,
	3.94485 2.87146,
	3.95635 2.88296,
	"/>
<Contour name="d02ax45ssvr" hidden="false" closed="true" simplified="false" border="0 1 0.251" fill="0 0 1" mode="11"
 points="3.89719 2.93226,
	3.88568 2.92076,
	3.89719 2.90926,
	3.90869 2.92076,
	"/>
<Contour name="d02ax45ssvr" hidden="false" closed="true" simplified="false" border="0 1 0.251" fill="0 0 1" mode="11"
 points="3.85117 2.91419,
	3.83967 2.90268,
	3.85117 2.89118,
	3.86267 2.90268,
	"/>
<Contour name="d02ax45ssvr" hidden="false" closed="true" simplified="false" border="0 1 0.251" fill="0 0 1" mode="11"
 points="4.36064 3.07853,
	4.34913 3.06703,
	4.36064 3.05552,
	4.37214 3.06703,
	"/>
<Contour name="d02ax45ssvr" hidden="false" closed="true" simplified="false" border="0 1 0.251" fill="0 0 1" mode="11"
 points="4.33763 3.14755,
	4.32612 3.13605,
	4.33763 3.12455,
	4.34913 3.13605,
	"/>
</Transform>

<Transform dim="1"
 xcoef=" 1.1361364686478 1 0 0 0 0"
 ycoef=" 1.01041644957611 0 1 0 0 0">
<Contour name="d08ax31ssvr" hidden="false" closed="true" simplified="false" border="0 1 0.251" fill="0 0 1" mode="11"
 points="6.39685 5.16105,
	6.38582 5.15002,
	6.39685 5.13899,
	6.40788 5.15002,
	"/>
<Contour name="d08ax31ssvr" hidden="false" closed="true" simplified="false" border="0 1 0.251" fill="0 0 1" mode="11"
 points="6.41418 5.19099,
	6.40315 5.17996,
	6.41418 5.16893,
	6.42521 5.17996,
	"/>
<Contour name="d08ax31ssvr" hidden="false" closed="true" simplified="false" border="0 1 0.251" fill="0 0 1" mode="11"
 points="6.46933 5.17523,
	6.4583 5.1642,
	6.46933 5.15317,
	6.48036 5.1642,
	"/>
<Contour name="d08ax31ssvr" hidden="false" closed="true" simplified="false" border="0 1 0.251" fill="0 0 1" mode="11"
 points="6.49927 5.20675,
	6.48824 5.19572,
	6.49927 5.18469,
	6.5103 5.19572,
	"/>
<Contour name="d08ax31ssvr" hidden="false" closed="true" simplified="false" border="0 1 0.251" fill="0 0 1" mode="11"
 points="6.52448 5.12796,
	6.51345 5.11693,
	6.52448 5.1059,
	6.53551 5.11693,
	"/>
<Contour name="d08ax31ssvr" hidden="false" closed="true" simplified="false" border="0 1 0.251" fill="0 0 1" mode="11"
 points="6.52606 5.08699,
	6.51503 5.07596,
	6.52606 5.06493,
	6.53709 5.07596,
	"/>
<Contour name="d08ax31ssvr" hidden="false" closed="true" simplified="false" border="0 1 0.251" fill="0 0 1" mode="11"
 points="6.47091 5.0996,
	6.45988 5.08857,
	6.47091 5.07754,
	6.48194 5.08857,
	"/>
</Transform>

<Transform dim="1"
 xcoef=" 1.1361364686478 1 0 0 0 0"
 ycoef=" 1.01041644957611 0 1 0 0 0">
<Contour name="d01" hidden="false" closed="true" simplified="true" border="1 0.5 0" fill="1 0.5 0" mode="9"
 points="5.35835 2.59989,
	5.36733 2.58793,
	5.4152 2.57297,
	5.46307 2.55202,
	5.487 2.54006,
	5.49897 2.53407,
	5.54684 2.53407,
	5.59471 2.5251,
	5.69045 2.51911,
	5.78619 2.51911,
	5.83405 2.51911,
	5.85799 2.51911,
	5.86996 2.52211,
	5.87893 2.53407,
	5.88791 2.54006,
	5.91184 2.56399,
	5.91483 2.61186,
	5.90885 2.62383,
	5.86098 2.66571,
	5.84004 2.67469,
	5.82807 2.68067,
	5.80414 2.70162,
	5.75627 2.73153,
	5.66053 2.74051,
	5.61266 2.7435,
	5.51692 2.73453,
	5.49299 2.72854,
	5.46905 2.72854,
	5.44512 2.71957,
	5.40323 2.67768,
	5.3793 2.65973,
	5.37331 2.65375,
	5.37331 2.64776,
	5.35835 2.62682,
	5.35835 2.60289,
	"/>
<Contour name="d01" hidden="false" closed="true" simplified="true" border="1 0.5 0" fill="1 0.5 0" mode="9"
 points="5.42717 3.28203,
	5.44213 3.2581,
	5.46307 3.24014,
	5.55881 3.23715,
	5.60668 3.23416,
	5.63061 3.23117,
	5.65155 3.25211,
	5.66053 3.26109,
	5.66352 3.28502,
	5.66053 3.30896,
	5.64856 3.31793,
	5.62463 3.32392,
	5.60069 3.32392,
	5.55282 3.33289,
	5.50495 3.3299,
	5.48102 3.32392,
	5.43315 3.29998,
	5.42717 3.294,
	5.42717 3.28502,
	"/>
<Contour name="d01" hidden="false" closed="true" simplified="true" border="1 0.5 0" fill="1 0.5 0" mode="9"
 points="5.89987 3.1115,
	5.91483 3.09055,
	5.92082 3.07859,
	5.9268 3.0726,
	5.9268 3.06662,
	5.95971 3.02174,
	5.98065 3.00379,
	6.00758 2.95891,
	6.04647 2.91404,
	6.06742 2.89608,
	6.0734 2.89608,
	6.08537 2.88711,
	6.13324 2.87215,
	6.13922 2.86617,
	6.18709 2.84822,
	6.19906 2.84522,
	6.21102 2.83625,
	6.21701 2.83625,
	6.22299 2.83026,
	6.22898 2.83026,
	6.23197 2.82428,
	6.24393 2.82129,
	6.2559 2.81231,
	6.27984 2.80633,
	6.28582 2.80035,
	6.29779 2.79735,
	6.30975 2.78838,
	6.32172 2.78539,
	6.33369 2.77641,
	6.38156 2.75846,
	6.38754 2.75846,
	6.39951 2.74949,
	6.42344 2.74051,
	6.43541 2.73752,
	6.44139 2.73153,
	6.48926 2.71059,
	6.51021 2.69264,
	6.53414 2.68067,
	6.54611 2.67469,
	6.55209 2.66871,
	6.59996 2.67469,
	6.6239 2.68067,
	6.64783 2.68067,
	6.67177 2.68965,
	6.6957 2.69264,
	6.70767 2.69563,
	6.71365 2.70162,
	6.73759 2.71059,
	6.92906 2.7076,
	7.0248 2.7076,
	7.07267 2.7076,
	7.0966 2.7076,
	7.10857 2.7076,
	7.11455 2.71059,
	7.11455 2.75846,
	7.0996 2.7824,
	7.08164 2.83026,
	7.08464 2.87813,
	7.12054 2.91703,
	7.14148 2.93797,
	7.14746 2.94994,
	7.14746 2.99781,
	7.14447 3.02174,
	7.12951 3.04268,
	7.10857 3.06363,
	7.08464 3.07859,
	7.07267 3.08756,
	7.04873 3.09354,
	6.953 3.1474,
	6.93205 3.16535,
	6.93205 3.17133,
	6.92607 3.17732,
	6.92009 3.20125,
	6.90812 3.22519,
	6.90214 3.23715,
	6.8782 3.25211,
	6.83033 3.26408,
	6.82734 3.27006,
	6.77947 3.28502,
	6.7316 3.30596,
	6.70767 3.31494,
	6.70168 3.32092,
	6.67775 3.32691,
	6.66578 3.33289,
	6.65381 3.33289,
	6.64185 3.33887,
	6.45037 3.33588,
	6.35463 3.31494,
	6.25889 3.30596,
	6.23496 3.30297,
	6.22299 3.29699,
	6.21102 3.29699,
	6.18709 3.28502,
	6.09135 3.25211,
	6.04348 3.23117,
	6.01955 3.21621,
	6.00758 3.21023,
	6.0016 3.20424,
	5.97766 3.19527,
	5.96569 3.19228,
	5.94176 3.17732,
	5.89987 3.13842,
	5.89987 3.11449,
	"/>
</Transform>

<Transform dim="1"
 xcoef=" 1.1361364686478 1 0 0 0 0"
 ycoef=" 1.01041644957611 0 1 0 0 0">
<Contour name="d01c41" hidden="false" closed="true" simplified="true" border="1 0 0" fill="0 1 0" mode="9"
 points="5.43942 2.55283,
	5.46524 2.52303,
	5.48114 2.5131,
	5.48908 2.51111,
	5.49306 2.50714,
	5.6202 2.49323,
	5.74735 2.49124,
	5.81092 2.49124,
	5.82681 2.49323,
	5.83078 2.49323,
	5.86257 2.5131,
	5.86654 2.51707,
	5.86456 2.53296,
	5.86456 2.53694,
	5.85661 2.5429,
	5.84866 2.54488,
	5.83277 2.55482,
	5.70563 2.5568,
	5.57848 2.5727,
	5.5467 2.57667,
	5.48312 2.57866,
	5.45134 2.57667,
	5.44339 2.57071,
	5.43942 2.56276,
	5.43942 2.55482,
	"/>
<Contour name="d01cfa41" hidden="false" closed="false" simplified="false" border="0 1 1" fill="0 1 1" mode="9"
 points="5.43955 2.56525,
	5.60444 2.5275,
	5.78523 2.51757,
	5.86469 2.53346,
	"/>
</Transform>

<Transform dim="1"
 xcoef=" 1.1361364686478 1 0 0 0 0"
 ycoef=" 1.01041644957611 0 1 0 0 0">
<Contour name="d01c45" hidden="false" closed="true" simplified="true" border="1 0 0" fill="0 1 0" mode="9"
 points="6.24599 3.29981,
	6.24798 3.29186,
	6.31155 3.28987,
	6.32744 3.28987,
	6.33539 3.28987,
	6.35128 3.29782,
	6.38307 3.30378,
	6.38506 3.30577,
	6.38506 3.30179,
	6.44863 3.29981,
	6.57577 3.30179,
	6.60756 3.29981,
	6.61551 3.29583,
	6.64729 3.28987,
	6.65524 3.28987,
	6.66319 3.2859,
	6.67908 3.28391,
	6.69497 3.27795,
	6.72676 3.27795,
	6.73471 3.28391,
	6.73471 3.29981,
	6.70888 3.32961,
	6.70491 3.32961,
	6.68901 3.33954,
	6.65723 3.35345,
	6.64133 3.35941,
	6.63736 3.35941,
	6.62941 3.36537,
	6.61352 3.36934,
	6.48638 3.37133,
	6.4228 3.36537,
	6.39102 3.36537,
	6.38307 3.36537,
	6.35128 3.34749,
	6.3195 3.33755,
	6.25593 3.33358,
	6.24798 3.32762,
	6.24599 3.31173,
	6.24599 3.30378,
	6.24599 3.30179,
	"/>
<Contour name="d01cfa45" hidden="false" closed="false" simplified="false" border="0 1 1" fill="0 1 1" mode="9"
 points="6.72491 3.31024,
	6.59577 3.33805,
	6.47459 3.33606,
	6.34744 3.32415,
	6.2501 3.30627,
	"/>
</Transform>

<Transform dim="1"
 xcoef=" 1.1361364686478 1 0 0 0 0"
 ycoef=" 1.01041644957611 0 1 0 0 0">
<Contour name="d10c22axon" hidden="false" closed="true" simplified="true" border="1 1 0" fill="1 1 0" mode="-9"
 points="6.8 1.26145,
	6.86307 1.21414,
	6.8946 1.20626,
	6.91037 1.19838,
	6.94191 1.21414,
	6.94979 1.21414,
	6.95374 1.22203,
	6.94191 1.25356,
	6.94191 1.26145,
	6.91037 1.28904,
	6.8946 1.30087,
	6.86307 1.31269,
	6.83153 1.31269,
	6.81576 1.30875,
	6.80394 1.29298,
	6.8 1.26539,
	"/>
</Transform>

<Transform dim="1"
 xcoef=" 1.1361364686478 1 0 0 0 0"
 ycoef=" 1.01041644957611 0 1 0 0 0">
<Contour name="d01ax40ab2ssvr232" hidden="false" closed="true" simplified="false" border="0.5 0 1" fill="0.5 0 1" mode="-13"
 points="5.51712 3.04514,
	5.51117 3.04316,
	5.51712 3.04118,
	5.51315 3.03523,
	5.5191 3.0392,
	5.52108 3.03325,
	5.52307 3.0392,
	5.52902 3.03523,
	5.52505 3.04118,
	5.531 3.04316,
	5.52505 3.04514,
	5.52902 3.05109,
	5.52307 3.04713,
	5.52108 3.05308,
	5.5191 3.04713,
	5.51315 3.05109,
	"/>
<Contour name="d01ax40ab2ssvr233" hidden="false" closed="true" simplified="false" border="0.5 0 1" fill="0.5 0 1" mode="-13"
 points="5.51117 3.09471,
	5.50522 3.09273,
	5.51117 3.09075,
	5.5072 3.0848,
	5.51315 3.08877,
	5.51514 3.08282,
	5.51712 3.08877,
	5.52307 3.0848,
	5.5191 3.09075,
	5.52505 3.09273,
	5.5191 3.09471,
	5.52307 3.10066,
	5.51712 3.0967,
	5.51514 3.10265,
	5.51315 3.0967,
	5.5072 3.10066,
	"/>
<Contour name="d01ax40ab2ssvr234" hidden="false" closed="true" simplified="false" border="0.5 0 1" fill="0.5 0 1" mode="-13"
 points="5.56867 3.10859,
	5.56272 3.10661,
	5.56867 3.10463,
	5.56471 3.09868,
	5.57065 3.10265,
	5.57264 3.0967,
	5.57462 3.10265,
	5.58057 3.09868,
	5.5766 3.10463,
	5.58255 3.10661,
	5.5766 3.10859,
	5.58057 3.11454,
	5.57462 3.11058,
	5.57264 3.11653,
	5.57065 3.11058,
	5.56471 3.11454,
	"/>
<Contour name="d01ax40ab2ssvr235" hidden="false" closed="true" simplified="false" border="0.5 0 1" fill="0.5 0 1" mode="-13"
 points="5.5885 3.14627,
	5.58255 3.14429,
	5.5885 3.1423,
	5.58453 3.13635,
	5.59048 3.14032,
	5.59247 3.13437,
	5.59445 3.14032,
	5.6004 3.13635,
	5.59643 3.1423,
	5.60238 3.14429,
	5.59643 3.14627,
	5.6004 3.15222,
	5.59445 3.14825,
	5.59247 3.1542,
	5.59048 3.14825,
	5.58453 3.15222,
	"/>
<Contour name="d01ax40ab2ssvr236" hidden="false" closed="true" simplified="false" border="0.5 0 1" fill="0.5 0 1" mode="-13"
 points="5.49531 3.16411,
	5.48936 3.16213,
	5.49531 3.16015,
	5.49134 3.1542,
	5.49729 3.15817,
	5.49927 3.15222,
	5.50126 3.15817,
	5.5072 3.1542,
	5.50324 3.16015,
	5.50919 3.16213,
	5.50324 3.16411,
	5.5072 3.17006,
	5.50126 3.1661,
	5.49927 3.17204,
	5.49729 3.1661,
	5.49134 3.17006,
	"/>
<Contour name="d01ax40ab2ssvr237" hidden="false" closed="true" simplified="false" border="0.5 0 1" fill="0.5 0 1" mode="-13"
 points="5.44177 3.17799,
	5.43582 3.17601,
	5.44177 3.17403,
	5.4378 3.16808,
	5.44375 3.17204,
	5.44574 3.1661,
	5.44772 3.17204,
	5.45367 3.16808,
	5.4497 3.17403,
	5.45565 3.17601,
	5.4497 3.17799,
	5.45367 3.18394,
	5.44772 3.17998,
	5.44574 3.18592,
	5.44375 3.17998,
	5.4378 3.18394,
	"/>
</Transform>

<Transform dim="1"
 xcoef=" 1.1361364686478 1 0 0 0 0"
 ycoef=" 1.01041644957611 0 1 0 0 0">
<Contour name="d01p44" hidden="false" closed="true" simplified="false" border="1 0 0" fill="1 0 0" mode="-9"
 points="7.05362 3.02329,
	7.03066 3.00034,
	7.05362 2.97738,
	7.07657 3.00034,
	"/>
</Transform>

<Transform dim="1"
 xcoef=" 1.1361364686478 1 0 0 0 0"
 ycoef=" 1.01041644957611 0 1 0 0 0">
<Contour name="d01p45" hidden="false" closed="true" simplified="false" border="1 1 0" fill="1 1 0" mode="-9"
 points="6.49287 3.27251,
	6.49287 3.22005,
	6.4404 3.22005,
	6.4404 3.26596,
	6.43384 3.27251,
	6.43384 3.21349,
	6.49943 3.21349,
	6.49943 3.27907,
	6.43384 3.27907,
	6.4404 3.27251,
	"/>
</Transform>

<Transform dim="1"
 xcoef=" 1.1361364686478 1 0 0 0 0"
 ycoef=" 1.01041644957611 0 1 0 0 0">
<Contour name="d02p46" hidden="false" closed="true" simplified="false" border="0 0 1" fill="0 0 1" mode="-9"
 points="6.20757 2.34449,
	6.18462 2.32153,
	6.20757 2.29858,
	6.23053 2.32153,
	"/>
</Transform>

<Transform dim="1"
 xcoef=" 1.1361364686478 1 0 0 0 0"
 ycoef=" 1.01041644957611 0 1 0 0 0">
<Contour name="d04p45" hidden="false" closed="true" simplified="false" border="1 1 0" fill="1 1 0" mode="-9"
 points="2.2391 3.16875,
	2.2391 3.11305,
	2.1834 3.11305,
	2.1834 3.16179,
	2.17644 3.16875,
	2.17644 3.10608,
	2.24607 3.10608,
	2.24607 3.17571,
	2.17644 3.17571,
	2.1834 3.16875,
	"/>
</Transform>

<Transform dim="1"
 xcoef=" 1.1361364686478 1 0 0 0 0"
 ycoef=" 1.01041644957611 0 1 0 0 0">
<Contour name="d10p38" hidden="false" closed="true" simplified="false" border="1 0 0" fill="1 0 0" mode="-13"
 points="7.11001 0.918319,
	7.09668 0.918319,
	7.09668 0.924983,
	7.10334 0.931648,
	7.12334 0.938313,
	7.11001 0.944978,
	7.10334 0.958308,
	7.09001 0.944978,
	7.08335 0.931648,
	7.08335 0.918319,
	7.07002 0.918319,
	7.09001 0.904989,
	"/>
</Transform>

<Transform dim="1"
 xcoef=" 1.1361364686478 1 0 0 0 0"
 ycoef=" 1.01041644957611 0 1 0 0 0">
<Contour name="d10p39" hidden="false" closed="true" simplified="false" border="0 1 0" fill="0 1 0" mode="-9"
 points="7.56544 0.427341,
	7.56544 0.409569,
	7.58321 0.409569,
	7.58321 0.391796,
	7.60099 0.391796,
	7.60099 0.409569,
	7.61876 0.409569,
	7.61876 0.427341,
	7.60099 0.427341,
	7.60099 0.445114,
	7.58321 0.445114,
	7.58321 0.427341,
	"/>
</Transform>

<Transform dim="1"
 xcoef=" 1.1361364686478 1 0 0 0 0"
 ycoef=" 1.01041644957611 0 1 0 0 0">
<Contour name="d01SER" hidden="false" closed="true" simplified="true" border="0 1 0" fill="0 1 0" mode="-9"
 points="6.36984 2.79716,
	6.37704 2.78756,
	6.39625 2.77555,
	6.43467 2.76835,
	6.45388 2.76835,
	6.46348 2.77075,
	6.46828 2.78035,
	6.47068 2.78515,
	6.46828 2.79476,
	6.45628 2.81397,
	6.43707 2.82117,
	6.39865 2.81877,
	6.37944 2.81877,
	6.36984 2.81397,
	6.36984 2.80436,
	6.36984 2.79956,
	"/>
</Transform>

<Transform dim="1"
 xcoef=" 1.1361364686478 1 0 0 0 0"
 ycoef=" 1.01041644957611 0 1 0 0 0">
<Contour name="d02SER" hidden="false" closed="true" simplified="true" border="0 1 0" fill="0 1 0" mode="-9"
 points="6.28778 2.3413,
	6.30141 2.33108,
	6.30823 2.33108,
	6.31163 2.32426,
	6.36616 2.30722,
	6.42069 2.297,
	6.43432 2.297,
	6.45818 2.31063,
	6.465 2.31063,
	6.47181 2.31745,
	6.47863 2.31745,
	6.48885 2.32767,
	6.54338 2.33108,
	6.55701 2.33108,
	6.56042 2.33789,
	6.53656 2.36175,
	6.52293 2.36857,
	6.49567 2.36857,
	6.44114 2.35153,
	6.41388 2.34812,
	6.40024 2.35153,
	6.39343 2.35834,
	6.36616 2.36857,
	6.31163 2.36516,
	6.28778 2.34812,
	6.28778 2.34471,
	"/>
</Transform>

<Transform dim="1"
 xcoef=" 1.1361364686478 1 0 0 0 0"
 ycoef=" 1.01041644957611 0 1 0 0 0">
<Contour name="d02SER" hidden="false" closed="true" simplified="true" border="0 1 0" fill="0 1 0" mode="-9"
 points="6.75468 2.44354,
	6.76149 2.42991,
	6.76831 2.42991,
	6.77512 2.4231,
	6.82965 2.39924,
	6.83647 2.39583,
	6.8501 2.40606,
	6.83988 2.42991,
	6.78876 2.4674,
	6.76149 2.4674,
	6.75468 2.46058,
	6.75468 2.44695,
	"/>
</Transform>

<Transform dim="1"
 xcoef=" 1.1361364686478 1 0 0 0 0"
 ycoef=" 1.01041644957611 0 1 0 0 0">
<Contour name="d05SER" hidden="false" closed="true" simplified="true" border="0 1 0" fill="0 1 0" mode="-9"
 points="5.38866 2.78184,
	5.3948 2.7757,
	5.40095 2.7757,
	5.40709 2.76956,
	5.43165 2.76956,
	5.44086 2.78184,
	5.44393 2.78798,
	5.43779 2.80026,
	5.41323 2.80947,
	5.40095 2.8064,
	5.38866 2.79719,
	5.38866 2.78491,
	"/>
</Transform>

<Transform dim="1"
 xcoef=" 1.1361364686478 1 0 0 0 0"
 ycoef=" 1.01041644957611 0 1 0 0 0">
<Contour name="d05SER" hidden="false" closed="true" simplified="true" border="0 1 0" fill="0 1 0" mode="-9"
 points="4.59034 3.11652,
	4.59648 3.10424,
	4.60262 3.0981,
	4.60262 3.07353,
	4.60877 3.04897,
	4.61184 3.04283,
	4.6364 3.0459,
	4.65482 3.09503,
	4.64561 3.14415,
	4.66096 3.16872,
	4.70702 3.20249,
	4.71623 3.21478,
	4.7193 3.22706,
	4.71623 3.23934,
	4.71009 3.24548,
	4.68553 3.24548,
	4.66403 3.23627,
	4.61798 3.19021,
	4.60877 3.16565,
	4.59034 3.14108,
	4.59034 3.11959,
	"/>
<Contour name="d05SER" hidden="false" closed="true" simplified="true" border="0 1 0" fill="0 1 0" mode="-9"
 points="4.94959 3.24855,
	4.97108 3.2332,
	4.99564 3.22706,
	5.0939 3.23013,
	5.10618 3.22399,
	5.10925 3.22706,
	5.08776 3.25162,
	5.07548 3.26083,
	5.05091 3.25776,
	5.03863 3.25162,
	4.9895 3.2639,
	4.96494 3.2639,
	4.95266 3.26083,
	4.94959 3.25162,
	"/>
<Contour name="d05SER" hidden="false" closed="true" simplified="true" border="0 1 0" fill="0 1 0" mode="-9"
 points="5.38252 2.93843,
	5.39173 2.92615,
	5.4163 2.91387,
	5.42244 2.91387,
	5.42551 2.93843,
	5.40402 2.95993,
	5.39173 2.95993,
	5.38559 2.95993,
	5.38252 2.94764,
	5.38252 2.9415,
	"/>
</Transform>

<Transform dim="1"
 xcoef=" 1.1361364686478 1 0 0 0 0"
 ycoef=" 1.01041644957611 0 1 0 0 0">
<Contour name="d08SER" hidden="false" closed="true" simplified="true" border="0 1 0" fill="0 1 0" mode="-9"
 points="5.16831 5.15218,
	5.17907 5.14411,
	5.20058 5.14142,
	5.21134 5.1468,
	5.21134 5.15756,
	5.20596 5.16831,
	5.19521 5.17369,
	5.17369 5.171,
	5.16831 5.16563,
	5.16831 5.15487,
	"/>
</Transform>

<Transform dim="1"
 xcoef=" 1.1361364686478 1 0 0 0 0"
 ycoef=" 1.01041644957611 0 1 0 0 0">
<Contour name="d08SER" hidden="false" closed="true" simplified="true" border="0 1 0" fill="0 1 0" mode="-9"
 points="5.13874 4.91286,
	5.15218 4.89941,
	5.17369 4.89941,
	5.19521 4.90479,
	5.21672 4.9021,
	5.2221 4.9021,
	5.22747 4.89672,
	5.23285 4.89941,
	5.22478 4.92092,
	5.21403 4.9263,
	5.171 4.92899,
	5.14949 4.93168,
	5.13874 4.92092,
	5.13874 4.91555,
	"/>
</Transform>

<Transform dim="1"
 xcoef=" 1.1361364686478 1 0 0 0 0"
 ycoef=" 1.01041644957611 0 1 0 0 0">
<Contour name="d08SER" hidden="false" closed="true" simplified="true" border="0 1 0" fill="0 1 0" mode="-9"
 points="5.0258 4.8779,
	5.06882 4.86983,
	5.09033 4.86983,
	5.10109 4.8779,
	5.10378 4.88059,
	5.08227 4.88866,
	5.07151 4.89403,
	5.05 4.89403,
	5.03924 4.89134,
	5.03386 4.89134,
	5.0258 4.88059,
	"/>
</Transform>

<Transform dim="1"
 xcoef=" 1.1361364686478 1 0 0 0 0"
 ycoef=" 1.01041644957611 0 1 0 0 0">
<Contour name="d10SER" hidden="false" closed="true" simplified="true" border="0 1 0" fill="0 1 0" mode="-9"
 points="7.31752 0.850804,
	7.36562 0.823747,
	7.37764 0.82074,
	7.38967 0.823747,
	7.39869 0.832766,
	7.38967 0.844791,
	7.36562 0.856817,
	7.35359 0.86283,
	7.32954 0.86283,
	7.32353 0.86283,
	7.31752 0.856817,
	7.31752 0.85381,
	"/>
<Contour name="d10SER" hidden="false" closed="true" simplified="true" border="0 1 0" fill="0 1 0" mode="-9"
 points="6.97178 0.637351,
	6.98381 0.625326,
	6.99583 0.619313,
	7.01688 0.637351,
	7.01688 0.649377,
	7.01387 0.65539,
	6.98982 0.661402,
	6.9778 0.658396,
	6.97178 0.646371,
	6.97178 0.640358,
	"/>
<Contour name="d10SER" hidden="false" closed="true" simplified="true" border="0 1 0" fill="0 1 0" mode="-9"
 points="7.33255 0.459975,
	7.34457 0.435924,
	7.3566 0.429912,
	7.36261 0.429912,
	7.36863 0.423899,
	7.41673 0.426905,
	7.46483 0.44795,
	7.47685 0.459975,
	7.47385 0.472001,
	7.4528 0.490039,
	7.42875 0.499058,
	7.38065 0.499058,
	7.3566 0.493045,
	7.33255 0.478014,
	7.33255 0.465988,
	7.33255 0.462982,
	"/>
</Transform>

<Transform dim="1"
 xcoef=" 1.1361364686478 1 0 0 0 0"
 ycoef=" 1.01041644957611 0 1 0 0 0">
<Contour name="d04SER" hidden="false" closed="true" simplified="true" border="0 1 0" fill="0 1 0" mode="-9"
 points="2.17987 3.33271,
	2.20367 3.31231,
	2.21727 3.30211,
	2.23428 3.2749,
	2.26148 3.2511,
	2.27509 3.2511,
	2.27849 3.2545,
	2.27509 3.2579,
	2.27849 3.2715,
	2.24108 3.31911,
	2.22748 3.34632,
	2.21387 3.35312,
	2.18667 3.34972,
	2.17987 3.33611,
	"/>
</Transform>

<Transform dim="1"
 xcoef=" 1.1361364686478 1 0 0 0 0"
 ycoef=" 1.01041644957611 0 1 0 0 0">
<Contour name="d04SER" hidden="false" closed="true" simplified="true" border="0 1 0" fill="0 1 0" mode="-9"
 points="1.36709 3.20349,
	1.37389 3.18988,
	1.4011 3.16608,
	1.42831 3.15588,
	1.44191 3.15588,
	1.44531 3.16268,
	1.43171 3.18988,
	1.4079 3.21029,
	1.3943 3.21709,
	1.36709 3.21369,
	1.36709 3.20689,
	"/>
<Contour name="d04SER" hidden="false" closed="true" simplified="true" border="0 1 0" fill="0 1 0" mode="-9"
 points="1.01342 3.56736,
	1.02702 3.55376,
	1.05423 3.55376,
	1.06783 3.56056,
	1.07463 3.56056,
	1.08143 3.56736,
	1.10864 3.57417,
	1.12224 3.58097,
	1.17665 3.58437,
	1.20386 3.58777,
	1.25487 3.63878,
	1.26847 3.64558,
	1.32288 3.64558,
	1.35009 3.64218,
	1.4045 3.62518,
	1.4181 3.61837,
	1.44531 3.62178,
	1.49972 3.61837,
	1.52693 3.61157,
	1.58134 3.61497,
	1.60854 3.62518,
	1.59834 3.63538,
	1.54393 3.64898,
	1.51672 3.65578,
	1.46231 3.65578,
	1.4079 3.66598,
	1.35349 3.66258,
	1.24467 3.67279,
	1.21746 3.67279,
	1.16305 3.65918,
	1.13584 3.64558,
	1.08143 3.63198,
	1.05423 3.62518,
	1.03042 3.60477,
	1.02022 3.59117,
	1.01342 3.58437,
	1.01342 3.57076,
	"/>
</Transform>

<Transform dim="1"
 xcoef=" 1.1361364686478 1 0 0 0 0"
 ycoef=" 1.01041644957611 0 1 0 0 0">
<Contour name="d08exclude" hidden="false" closed="true" simplified="true" border="1 1 0" fill="1 0 0.5" mode="9"
 points="3.45421 5.38302,
	3.46375 5.36393,
	3.46853 5.35438,
	3.48524 5.33528,
	3.49479 5.32573,
	3.53298 5.30186,
	3.57118 5.29709,
	3.64757 5.29947,
	3.65711 5.30425,
	3.66189 5.30425,
	3.6977 5.34005,
	3.71679 5.35915,
	3.7526 5.38541,
	3.75021 5.39496,
	3.75021 5.39973,
	3.73589 5.41644,
	3.71679 5.41883,
	3.70724 5.42122,
	3.70247 5.42122,
	3.6977 5.42599,
	3.6595 5.43315,
	3.64995 5.43315,
	3.63086 5.44031,
	3.59266 5.44509,
	3.57356 5.44509,
	3.53537 5.45225,
	3.49717 5.45225,
	3.47808 5.44509,
	3.45898 5.43315,
	3.45421 5.4236,
	3.45421 5.38541,
	"/>
</Transform>

<Transform dim="1"
 xcoef=" 1.1361364686478 1 0 0 0 0"
 ycoef=" 1.01041644957611 0 1 0 0 0">
<Contour name="d02_SER" hidden="false" closed="true" simplified="true" border="0 1 0" fill="0 1 0" mode="-9"
 points="6.28778 2.3413,
	6.30141 2.33108,
	6.30823 2.33108,
	6.31163 2.32426,
	6.36616 2.30722,
	6.42069 2.297,
	6.43432 2.297,
	6.45818 2.31063,
	6.465 2.31063,
	6.47181 2.31745,
	6.47863 2.31745,
	6.48885 2.32767,
	6.54338 2.33108,
	6.55701 2.33108,
	6.56042 2.33789,
	6.53656 2.36175,
	6.52293 2.36857,
	6.49567 2.36857,
	6.44114 2.35153,
	6.41388 2.34812,
	6.40024 2.35153,
	6.39343 2.35834,
	6.36616 2.36857,
	6.31163 2.36516,
	6.28778 2.34812,
	6.28778 2.34471,
	"/>
</Transform>

<Transform dim="1"
 xcoef=" 1.1361364686478 1 0 0 0 0"
 ycoef=" 1.01041644957611 0 1 0 0 0">
<Contour name="d02_SER" hidden="false" closed="true" simplified="true" border="0 1 0" fill="0 1 0" mode="-9"
 points="6.75468 2.44354,
	6.76149 2.42991,
	6.76831 2.42991,
	6.77512 2.4231,
	6.82965 2.39924,
	6.83647 2.39583,
	6.8501 2.40606,
	6.83988 2.42991,
	6.78876 2.4674,
	6.76149 2.4674,
	6.75468 2.46058,
	6.75468 2.44695,
	"/>
</Transform>

<Transform dim="1"
 xcoef=" 1.1361364686478 1 0 0 0 0"
 ycoef=" 1.01041644957611 0 1 0 0 0">
<Contour name="D06" comment="nonsynaptic KH added head dia 1oct2016" hidden="false" closed="true" simplified="true" border="0 0 1" fill="0 0 1" mode="13"
 points="0.353025 1.58407,
	0.360775 1.54819,
	0.383264 1.51582,
	0.418293 1.49013,
	0.462432 1.47364,
	0.51136 1.46795,
	0.560288 1.47364,
	0.604427 1.49013,
	0.639456 1.51582,
	0.661945 1.54819,
	0.669695 1.58407,
	0.661945 1.61995,
	0.639456 1.65231,
	0.604427 1.678,
	0.560288 1.6945,
	0.51136 1.70018,
	0.462432 1.6945,
	0.418293 1.678,
	0.383264 1.65231,
	"/>
</Transform>

</Section>