<?xml version="1.0"?>
<!DOCTYPE Section SYSTEM "section.dtd">

<Section index="186" thickness="0.062" alignLocked="true">
<Transform dim="0"
 xcoef=" 0 1 0 0 0 0"
 ycoef=" 0 0 1 0 0 0">
<Contour name="D06" hidden="true" closed="true" simplified="true" border="0 0 1" fill="0 0 1" mode="13"
 points="0.260964 1.78693,
	0.26543 1.75574,
	0.278668 1.72569,
	0.300199 1.69785,
	0.329245 1.67322,
	0.364757 1.65271,
	0.405449 1.63705,
	0.449853 1.6268,
	0.496363 1.62234,
	0.543297 1.62383,
	0.588961 1.63122,
	0.631703 1.64423,
	0.669978 1.6624,
	0.702403 1.68507,
	0.727807 1.71142,
	0.745271 1.74051,
	0.754163 1.77127,
	0.754163 1.80259,
	0.745271 1.83335,
	0.727807 1.86243,
	0.702403 1.88878,
	0.669978 1.91146,
	0.631703 1.92963,
	0.588961 1.94264,
	0.543297 1.95002,
	0.496363 1.95151,
	0.449853 1.94706,
	0.405449 1.93681,
	0.364757 1.92115,
	0.329245 1.90063,
	0.300199 1.87601,
	0.278668 1.84817,
	"/>
</Transform>

<Transform dim="0"
 xcoef=" 0 1 0 0 0 0"
 ycoef=" 0 0 1 0 0 0">
<Contour name="D07" hidden="true" closed="true" simplified="true" border="1 0 1" fill="1 0 1" mode="9"
 points="0.250977 4.24853,
	0.253577 4.21726,
	0.261326 4.1866,
	0.274072 4.15714,
	0.291569 4.12947,
	0.313474 4.10411,
	0.339363 4.08156,
	0.368731 4.06226,
	0.401006 4.04658,
	0.435561 4.03484,
	0.471722 4.02726,
	0.508786 4.02398,
	0.546032 4.02507,
	0.582734 4.03052,
	0.618178 4.04021,
	0.651675 4.05395,
	0.682572 4.07148,
	0.710268 4.09245,
	0.734223 4.11646,
	0.753972 4.14305,
	0.769131 4.17169,
	0.779403 4.20182,
	0.78459 4.23286,
	0.78459 4.26421,
	0.779403 4.29525,
	0.769131 4.32538,
	0.753972 4.35402,
	0.734223 4.3806,
	0.710268 4.40462,
	0.682572 4.42559,
	0.651675 4.44312,
	0.618178 4.45686,
	0.582734 4.46655,
	0.546032 4.47199,
	0.508786 4.47309,
	0.471722 4.46981,
	0.435561 4.46223,
	0.401006 4.45048,
	0.368731 4.43481,
	0.339363 4.41551,
	0.313474 4.39296,
	0.291569 4.3676,
	0.274072 4.33992,
	0.261326 4.31047,
	"/>
</Transform>

<Transform dim="0"
 xcoef=" 0 1 0 0 0 0"
 ycoef=" 0 0 1 0 0 0">
<Contour name="d02" hidden="true" closed="true" simplified="true" border="1 1 0" fill="1 0 1" mode="11"
 points="5.33553 1.81727,
	5.35706 1.78282,
	5.3829 1.76129,
	5.40013 1.74406,
	5.46903 1.73975,
	5.48625 1.73975,
	5.50348 1.75267,
	5.64128 1.75267,
	5.67573 1.77851,
	5.69296 1.79143,
	5.69726 1.82588,
	5.69296 1.86033,
	5.62406 1.87325,
	5.60683 1.88186,
	5.46903 1.88617,
	5.40013 1.88617,
	5.36568 1.88617,
	5.34845 1.88617,
	5.33553 1.86894,
	5.33553 1.83449,
	5.33553 1.82157,
	"/>
<Contour name="d02" hidden="true" closed="true" simplified="true" border="1 1 0" fill="1 0 1" mode="11"
 points="4.90059 2.69145,
	4.92643 2.657,
	4.94366 2.64408,
	5.08146 2.61394,
	5.15036 2.60532,
	5.28816 2.60102,
	5.32261 2.59671,
	5.33984 2.5881,
	5.34845 2.5881,
	5.36998 2.62255,
	5.3829 2.63547,
	5.39151 2.63978,
	5.38721 2.70868,
	5.35276 2.73451,
	5.33553 2.74743,
	5.19773 2.77327,
	5.12883 2.77327,
	5.05993 2.78188,
	4.99103 2.78188,
	4.95658 2.78188,
	4.92213 2.76035,
	4.9049 2.74313,
	4.90059 2.70868,
	4.90059 2.69576,
	"/>
<Contour name="d02" hidden="true" closed="true" simplified="true" border="1 1 0" fill="1 0 1" mode="11"
 points="5.58961 2.59241,
	5.60683 2.57949,
	5.67573 2.56226,
	5.71018 2.54934,
	5.77908 2.49767,
	5.91258 2.42015,
	5.98148 2.3857,
	6.05038 2.35986,
	6.11928 2.32111,
	6.13651 2.31249,
	6.14512 2.30388,
	6.15373 2.30388,
	6.17096 2.29096,
	6.20541 2.28235,
	6.23986 2.26513,
	6.30876 2.24359,
	6.44656 2.23929,
	6.51546 2.22206,
	6.58437 2.22637,
	6.60159 2.23929,
	6.67049 2.25221,
	6.73939 2.25221,
	6.77384 2.25221,
	6.80829 2.26513,
	6.82552 2.27374,
	6.84275 2.29096,
	6.86428 2.32111,
	6.8815 2.33833,
	6.8815 2.35556,
	6.8815 2.36417,
	6.85566 2.39431,
	6.85997 2.46322,
	6.83413 2.49767,
	6.79968 2.5192,
	6.79107 2.5192,
	6.75662 2.54504,
	6.72217 2.55796,
	6.71356 2.56657,
	6.64465 2.5881,
	6.57575 2.60102,
	6.5413 2.60102,
	6.52408 2.60102,
	6.48963 2.5881,
	6.35182 2.5881,
	6.3346 2.5881,
	6.30015 2.60532,
	6.28292 2.60963,
	6.2657 2.62255,
	6.1968 2.65269,
	6.1279 2.64839,
	5.99009 2.60532,
	5.97287 2.59671,
	5.90397 2.59671,
	5.83507 2.61824,
	5.81784 2.62686,
	5.68004 2.63116,
	5.61114 2.63116,
	5.60252 2.63116,
	5.58961 2.61394,
	5.58961 2.59671,
	"/>
</Transform>

<Transform dim="0"
 xcoef=" 0 1 0 0 0 0"
 ycoef=" 0 0 1 0 0 0">
<Contour name="d02c44" hidden="true" closed="true" simplified="true" border="1 0 0" fill="0 1 0" mode="9"
 points="5.31427 1.82283,
	5.32691 1.8026,
	5.3446 1.76215,
	5.3623 1.74445,
	5.38253 1.73181,
	5.39264 1.72676,
	5.41286 1.72929,
	5.41539 1.74951,
	5.41792 1.75457,
	5.41286 1.77479,
	5.39011 1.81272,
	5.38 1.83294,
	5.37494 1.84305,
	5.36989 1.84811,
	5.36736 1.85822,
	5.35977 1.86834,
	5.35724 1.87845,
	5.35472 1.8835,
	5.33449 1.8835,
	5.32438 1.88098,
	5.31679 1.87086,
	5.31427 1.83041,
	5.31427 1.82536,
	"/>
<Contour name="d02cfa44" hidden="true" closed="false" simplified="false" border="0 1 0" fill="0 1 1" mode="9"
 points="5.33854 1.88585,
	5.33601 1.83276,
	5.35118 1.81253,
	5.37393 1.77208,
	5.40933 1.73922,
	"/>
</Transform>

<Transform dim="0"
 xcoef=" 0 1 0 0 0 0"
 ycoef=" 0 0 1 0 0 0">
<Contour name="d04" hidden="true" closed="true" simplified="true" border="1 1 0" fill="1 0 0" mode="9"
 points="0.34753 3.19798,
	0.361572 3.1699,
	0.417738 3.16639,
	0.43178 3.16639,
	0.487946 3.18394,
	0.501988 3.18745,
	0.530071 3.20851,
	0.540602 3.22255,
	0.544113 3.22606,
	0.51603 3.24361,
	0.487946 3.25415,
	0.459863 3.2717,
	0.403697 3.2717,
	0.375613 3.26468,
	0.361572 3.26117,
	0.351041 3.24713,
	0.34753 3.21904,
	0.34753 3.205,
	0.34753 3.20149,
	"/>
<Contour name="d04" hidden="true" closed="true" simplified="true" border="1 1 0" fill="1 0 0" mode="9"
 points="0.877601 3.34191,
	0.891643 3.31382,
	0.902174 3.29978,
	1.011 3.23659,
	1.06365 3.18745,
	1.07769 3.17341,
	1.09174 3.16639,
	1.20407 3.06809,
	1.22513 3.04703,
	1.25321 3.02597,
	1.26726 3.01544,
	1.27428 3.01544,
	1.30236 2.99789,
	1.30938 2.99789,
	1.3164 2.99087,
	1.42874 2.97331,
	1.54107 2.94874,
	1.6534 2.9347,
	1.87807 2.93821,
	1.93423 2.93821,
	1.9904 2.95576,
	2.04657 2.95576,
	2.07465 2.95927,
	2.08869 2.9698,
	2.08518 2.99789,
	2.0571 3.01895,
	2.05359 3.03299,
	2.0571 3.04703,
	2.0571 3.05405,
	2.07114 3.06809,
	2.08518 3.0716,
	2.10975 3.09267,
	2.13433 3.10671,
	2.13433 3.16288,
	2.19049 3.1699,
	2.21507 3.19798,
	2.21156 3.21202,
	2.20102 3.22606,
	2.18698 3.28223,
	2.18347 3.29627,
	2.17645 3.30329,
	2.17645 3.31031,
	2.16592 3.32435,
	2.16592 3.3384,
	2.12028 3.38754,
	2.09571 3.41562,
	2.08518 3.44371,
	2.07816 3.45775,
	2.0255 3.5069,
	2.01146 3.51743,
	2.00444 3.52445,
	1.9904 3.52796,
	1.98338 3.53498,
	1.97636 3.53498,
	1.94828 3.55253,
	1.94125 3.55955,
	1.93423 3.55955,
	1.92019 3.57008,
	1.90615 3.57008,
	1.89211 3.5771,
	1.86403 3.5771,
	1.83594 3.58412,
	1.72361 3.58412,
	1.69553 3.58763,
	1.68148 3.59817,
	1.6534 3.60519,
	1.62532 3.61923,
	1.51298 3.61923,
	1.45682 3.61923,
	1.42874 3.61923,
	1.41469 3.61923,
	1.30587 3.55253,
	1.2497 3.55604,
	1.19354 3.55253,
	1.18652 3.55253,
	1.15843 3.52796,
	1.15141 3.52094,
	1.15141 3.51392,
	1.13035 3.48583,
	1.07418 3.48232,
	1.0461 3.48232,
	1.01802 3.48934,
	1.00398 3.48934,
	0.993445 3.47881,
	0.993445 3.45073,
	0.993445 3.44371,
	0.937278 3.41562,
	0.884622 3.3735,
	0.877601 3.36648,
	0.877601 3.35244,
	0.877601 3.34542,
	"/>
</Transform>

<Transform dim="0"
 xcoef=" 0 1 0 0 0 0"
 ycoef=" 0 0 1 0 0 0">
<Contour name="d04" hidden="true" closed="true" simplified="true" border="1 1 0" fill="1 0 0" mode="9"
 points="1.63234 3.96676,
	1.64989 3.93867,
	1.66393 3.93165,
	1.7201 3.93165,
	1.73414 3.93165,
	1.76222 3.94219,
	1.77627 3.94921,
	1.77978 3.97729,
	1.77978 3.99133,
	1.75169 4.00888,
	1.69553 4.01239,
	1.66744 4.01239,
	1.6534 4.01239,
	1.63936 4.00186,
	1.63234 3.99484,
	1.63234 3.97027,
	"/>
</Transform>

<Transform dim="0"
 xcoef=" 0 1 0 0 0 0"
 ycoef=" 0 0 1 0 0 0">
<Contour name="d04" hidden="true" closed="true" simplified="true" border="1 1 0" fill="1 0 0" mode="9"
 points="1.86754 2.30634,
	1.88158 2.29229,
	1.89562 2.28527,
	1.94476 2.23613,
	1.97285 2.21156,
	2.00093 2.19751,
	2.0571 2.19049,
	2.07114 2.19049,
	2.07816 2.18698,
	2.09571 2.21156,
	2.09922 2.26772,
	2.08869 2.29581,
	2.06763 2.32389,
	2.05359 2.33793,
	2.03955 2.34495,
	1.92721 2.34495,
	1.89913 2.34495,
	1.88509 2.34144,
	1.87105 2.3274,
	1.86754 2.31336,
	1.86754 2.30985,
	"/>
</Transform>

<Transform dim="0"
 xcoef=" 0 1 0 0 0 0"
 ycoef=" 0 0 1 0 0 0">
<Contour name="d04" hidden="true" closed="true" simplified="true" border="1 1 0" fill="1 0 0" mode="9"
 points="2.70301 3.15234,
	2.71354 3.14181,
	2.76971 3.1383,
	2.79779 3.14181,
	2.81183 3.15234,
	2.81535 3.18043,
	2.81535 3.18745,
	2.78726 3.20851,
	2.75918 3.21202,
	2.7311 3.20851,
	2.70652 3.18043,
	2.70301 3.15585,
	"/>
</Transform>

<Transform dim="0"
 xcoef=" 0 1 0 0 0 0"
 ycoef=" 0 0 1 0 0 0">
<Contour name="d04" hidden="true" closed="true" simplified="true" border="1 1 0" fill="1 0 0" mode="9"
 points="-0.284343 3.80879,
	-0.26328 3.78071,
	-0.249239 3.76667,
	-0.136906 3.72103,
	-0.108823 3.7105,
	-0.101802 3.7105,
	-0.0947809 3.70348,
	-0.0386145 3.69295,
	0.0737185 3.69295,
	0.129885 3.69646,
	0.157968 3.69646,
	0.186051 3.70348,
	0.200093 3.70699,
	0.214135 3.71752,
	0.217645 3.73156,
	0.217645 3.73858,
	0.189562 3.74911,
	0.182541 3.74911,
	0.154458 3.76667,
	0.140416 3.77369,
	0.133395 3.77369,
	0.126375 3.78071,
	0.0702081 3.80177,
	0.0561665 3.80879,
	0.0421249 3.80879,
	-0.0140416 3.83687,
	-0.0421249 3.85091,
	-0.0561665 3.86145,
	-0.0702081 3.86496,
	-0.0772289 3.87198,
	-0.0842497 3.87198,
	-0.0912705 3.879,
	-0.119354 3.88953,
	-0.133395 3.89655,
	-0.140416 3.89655,
	-0.147437 3.90357,
	-0.203604 3.90357,
	-0.25977 3.89304,
	-0.273812 3.879,
	-0.284343 3.85091,
	-0.284343 3.82283,
	-0.284343 3.8123,
	"/>
</Transform>

<Transform dim="1"
 xcoef=" 0.06 1 0 0 0 0"
 ycoef=" -0.13 0 1 0 0 0">
<Contour name="d08" hidden="true" closed="true" simplified="true" border="1 1 0" fill="1 0 0.5" mode="9"
 points="4.65733 4.98437,
	4.67404 4.96527,
	4.68598 4.95095,
	4.69552 4.93185,
	4.70985 4.91275,
	4.72417 4.89843,
	4.72894 4.89127,
	4.74804 4.87456,
	4.75759 4.86979,
	4.76236 4.86501,
	4.76714 4.86501,
	4.77191 4.86024,
	4.77669 4.86024,
	4.7934 4.84591,
	4.79817 4.84591,
	4.80772 4.83875,
	4.81249 4.83398,
	4.85069 4.81727,
	4.88888 4.80772,
	4.90798 4.80295,
	4.92469 4.79101,
	4.94379 4.77191,
	4.96288 4.75759,
	4.97243 4.75282,
	4.99153 4.75043,
	5.00108 4.75043,
	5.01063 4.74565,
	5.08702 4.74565,
	5.10611 4.74804,
	5.12521 4.75759,
	5.14431 4.76236,
	5.1825 4.76236,
	5.2016 4.76236,
	5.2207 4.76953,
	5.25889 4.76953,
	5.29709 4.77669,
	5.37347 4.7743,
	5.38541 4.78624,
	5.39496 4.78624,
	5.40451 4.7934,
	5.40928 4.80056,
	5.44748 4.81249,
	5.45225 4.81727,
	5.49045 4.82204,
	5.56683 4.82204,
	5.60503 4.82204,
	5.62413 4.82443,
	5.64322 4.83398,
	5.66232 4.8483,
	5.67187 4.85546,
	5.68142 4.85546,
	5.70051 4.86262,
	5.71722 4.87933,
	5.722 4.88888,
	5.71961 4.90798,
	5.71484 4.91753,
	5.70529 4.92469,
	5.66709 4.92708,
	5.648 4.93901,
	5.6289 4.94617,
	5.59309 4.97482,
	5.58354 4.98437,
	5.57877 4.98914,
	5.57161 5.00824,
	5.54535 5.04405,
	5.50716 5.05121,
	5.48806 5.05598,
	5.47851 5.05837,
	5.46896 5.06553,
	5.39257 5.0894,
	5.37347 5.09657,
	5.35438 5.1085,
	5.33767 5.1276,
	5.29947 5.15863,
	5.28276 5.17295,
	5.24457 5.18012,
	5.09179 5.1825,
	5.0536 5.1825,
	5.0345 5.1825,
	4.9963 5.17057,
	4.97721 5.16102,
	4.93901 5.15386,
	4.90082 5.15147,
	4.88172 5.1467,
	4.80533 5.14431,
	4.78624 5.13715,
	4.76953 5.12521,
	4.76714 5.12044,
	4.77669 5.11089,
	4.78385 5.10611,
	4.78862 5.09657,
	4.78624 5.05837,
	4.76953 5.04644,
	4.76475 5.04166,
	4.74565 5.0345,
	4.72656 5.02256,
	4.71701 5.0154,
	4.70746 5.01302,
	4.69791 5.00585,
	4.67881 5.00108,
	4.66927 4.99869,
	4.66449 4.99869,
	4.65733 4.98914,
	4.65733 4.98676,
	"/>
</Transform>

<Transform dim="1"
 xcoef=" 0.09 1 0 0 0 0"
 ycoef=" -0.16 0 1 0 0 0">
<Contour name="d08" hidden="true" closed="true" simplified="true" border="1 1 0" fill="1 0 0.5" mode="9"
 points="5.73155 5.16102,
	5.73871 5.14192,
	5.76019 5.10373,
	5.76497 5.10134,
	5.76497 5.09657,
	5.77929 5.08224,
	5.78645 5.07269,
	5.80555 5.06553,
	5.88194 5.06792,
	5.92013 5.06792,
	5.95833 5.05598,
	5.96788 5.05121,
	6.00607 5.05121,
	6.02517 5.05121,
	6.03472 5.05837,
	6.05381 5.06315,
	6.06336 5.07269,
	6.06336 5.09179,
	6.05143 5.1085,
	6.04426 5.11805,
	6.0371 5.13715,
	6.02278 5.15147,
	6.02278 5.15624,
	5.98459 5.18728,
	5.94878 5.20876,
	5.94162 5.21592,
	5.93207 5.21831,
	5.92252 5.22547,
	5.91774 5.22547,
	5.91297 5.23025,
	5.87478 5.24218,
	5.83658 5.24457,
	5.79839 5.24218,
	5.76258 5.21831,
	5.74587 5.2016,
	5.73393 5.1825,
	5.73155 5.16341,
	"/>
</Transform>

<Transform dim="1"
 xcoef=" 0.09 1 0 0 0 0"
 ycoef=" -0.17 0 1 0 0 0">
<Contour name="d08c31" hidden="true" closed="true" simplified="true" border="1 0 0" fill="0 1 0" mode="9"
 points="5.79896 5.23265,
	5.81909 5.21504,
	5.83923 5.20748,
	5.8795 5.18483,
	5.89963 5.16973,
	5.91977 5.16218,
	5.96004 5.15463,
	5.98018 5.15211,
	5.99024 5.14708,
	6.01038 5.14708,
	6.03051 5.14205,
	6.04058 5.13701,
	6.05065 5.13701,
	6.05568 5.13701,
	6.0582 5.15715,
	6.04562 5.17728,
	6.00535 5.21504,
	5.96507 5.23265,
	5.9248 5.23517,
	5.90467 5.24524,
	5.8946 5.24524,
	5.87447 5.25531,
	5.85433 5.26034,
	5.81406 5.25782,
	5.80399 5.25027,
	5.79896 5.24524,
	5.79896 5.23517,
	"/>
<Contour name="d08cfa31" hidden="true" closed="false" simplified="false" border="0 1 0" fill="0 1 1" mode="-13"
 points="6.05459 5.14299,
	5.94384 5.2034,
	5.87589 5.21347,
	5.8029 5.2336,
	"/>
</Transform>

<Transform dim="0"
 xcoef=" 0 1 0 0 0 0"
 ycoef=" 0 0 1 0 0 0">
<Contour name="d10" hidden="true" closed="true" simplified="true" border="1 1 0" fill="1 1 0" mode="11"
 points="6.18242 0.810564,
	6.19438 0.786636,
	6.21233 0.765699,
	6.23327 0.750744,
	6.2572 0.741771,
	6.35291 0.73878,
	6.40076 0.73878,
	6.42469 0.73878,
	6.44862 0.747753,
	6.49648 0.750744,
	6.5204 0.756726,
	6.56826 0.756726,
	6.58022 0.756726,
	6.59219 0.762708,
	6.6879 0.759717,
	6.78361 0.726816,
	6.80754 0.723825,
	6.83147 0.714852,
	6.83745 0.714852,
	6.88531 0.687933,
	6.98102 0.646058,
	7.02888 0.646058,
	7.0528 0.646058,
	7.07673 0.640076,
	7.0887 0.634094,
	7.10066 0.634094,
	7.12459 0.643067,
	7.13655 0.649049,
	7.16646 0.693915,
	7.19039 0.714852,
	7.20834 0.73878,
	7.20834 0.744762,
	7.23526 0.792618,
	7.25021 0.840474,
	7.2532 0.936186,
	7.25619 0.984043,
	7.25918 0.996007,
	7.30106 1.04386,
	7.31003 1.06779,
	7.31003 1.09172,
	7.31003 1.10368,
	7.2861 1.11864,
	7.26217 1.12761,
	7.23825 1.1306,
	7.19039 1.15154,
	7.09468 1.15453,
	7.04682 1.15453,
	7.02289 1.16051,
	7.01093 1.1635,
	7.00495 1.16949,
	6.81352 1.16649,
	6.76567 1.15453,
	6.71781 1.13658,
	6.6221 1.13658,
	6.57424 1.13359,
	6.52639 1.12163,
	6.50246 1.11565,
	6.40675 1.11565,
	6.35889 1.11565,
	6.34693 1.11565,
	6.33496 1.10967,
	6.31402 1.08574,
	6.29309 1.06779,
	6.28112 1.05583,
	6.27215 1.0319,
	6.26916 1.01993,
	6.25121 0.998998,
	6.22729 0.993016,
	6.20635 0.978061,
	6.20037 0.966097,
	6.20336 0.942168,
	6.21233 0.91824,
	6.21233 0.906276,
	6.20635 0.894312,
	6.20635 0.88833,
	6.1884 0.864402,
	6.18242 0.852438,
	6.18242 0.82851,
	6.18242 0.816546,
	6.18242 0.813555,
	"/>
</Transform>

<Transform dim="0"
 xcoef=" 0 1 0 0 0 0"
 ycoef=" 0 0 1 0 0 0">
<Contour name="d10cfa35" hidden="true" closed="false" simplified="false" border="0 1 0" fill="0 1 1" mode="-13"
 points="6.39195 1.95835,
	6.39195 1.90126,
	6.44587 1.86636,
	6.52834 1.84733,
	6.60447 1.84733,
	"/>
</Transform>

<Transform dim="0"
 xcoef=" 0 1 0 0 0 0"
 ycoef=" 0 0 1 0 0 0">
<Contour name="d10p35dia" hidden="true" closed="false" simplified="true" border="1 1 0" fill="1 1 0" mode="-13"
 points="6.39512 1.97738,
	6.62033 1.86954,
	"/>
</Transform>

<Transform dim="0"
 xcoef=" 0 1 0 0 0 0"
 ycoef=" 0 0 1 0 0 0">
<Contour name="d05" hidden="false" closed="true" simplified="true" border="1 1 0" fill="1 1 0" mode="11"
 points="4.71946 3.23007,
	4.72315 3.21529,
	4.73054 3.2079,
	4.73793 3.17833,
	4.76011 3.14877,
	4.76011 3.14138,
	4.80076 3.08594,
	4.80446 3.05637,
	4.80446 3.04159,
	4.81554 3.0305,
	4.87468 3.01203,
	4.93381 3.00463,
	4.96337 3.00094,
	4.99294 2.98615,
	5.00772 2.97507,
	5.02251 2.97137,
	5.08164 2.93072,
	5.1112 2.91963,
	5.14077 2.91594,
	5.1999 2.92702,
	5.22947 2.93072,
	5.23686 2.93811,
	5.25164 2.94181,
	5.27751 2.96028,
	5.29599 2.97876,
	5.29599 2.98615,
	5.31816 3.01203,
	5.32556 3.02681,
	5.32556 3.04159,
	5.33295 3.05637,
	5.33295 3.11551,
	5.33295 3.1229,
	5.34034 3.13029,
	5.34403 3.14507,
	5.36621 3.16725,
	5.38099 3.17464,
	5.38838 3.18203,
	5.39577 3.18203,
	5.42534 3.20051,
	5.44012 3.2042,
	5.46969 3.22638,
	5.49926 3.23746,
	5.55839 3.24486,
	5.67665 3.24486,
	5.70622 3.24486,
	5.73578 3.25225,
	5.75057 3.25964,
	5.77644 3.28551,
	5.78752 3.30029,
	5.78383 3.32986,
	5.78013 3.34464,
	5.73578 3.40008,
	5.67665 3.44812,
	5.61752 3.48878,
	5.50295 3.5553,
	5.48817 3.56639,
	5.48078 3.56639,
	5.46599 3.57747,
	5.4586 3.58486,
	5.45121 3.58486,
	5.42165 3.60704,
	5.36251 3.62552,
	5.24425 3.6366,
	5.12599 3.6403,
	5.09642 3.6366,
	5.06685 3.62552,
	5.00772 3.57378,
	4.89315 3.49986,
	4.83402 3.4666,
	4.80446 3.44812,
	4.78228 3.42225,
	4.77489 3.41486,
	4.7675 3.38529,
	4.7675 3.3779,
	4.76011 3.37051,
	4.75641 3.34095,
	4.75641 3.32616,
	4.72315 3.26703,
	4.71946 3.23746,
	4.71946 3.23377,
	"/>
</Transform>

<Transform dim="0"
 xcoef=" 0 1 0 0 0 0"
 ycoef=" 0 0 1 0 0 0">
<Contour name="D11_high caliber" hidden="true" closed="true" simplified="true" border="1 0.5 0" fill="1 0.5 0" mode="13"
 points="3.50122 4.44927,
	3.50875 4.38722,
	3.5309 4.32892,
	3.56633 4.2779,
	3.6129 4.23722,
	3.66779 4.20935,
	3.72768 4.19598,
	3.78897 4.1979,
	3.84795 4.21501,
	3.90105 4.24627,
	3.94507 4.28979,
	3.97735 4.34295,
	3.99594 4.40253,
	3.99972 4.46493,
	3.98845 4.52638,
	3.96282 4.58318,
	3.92438 4.63189,
	3.87545 4.66956,
	3.81898 4.69393,
	3.75839 4.70352,
	3.69733 4.69776,
	3.6395 4.67698,
	3.58838 4.64244,
	3.54707 4.59624,
	3.51807 4.54116,
	"/>
<Contour name="D13" hidden="true" closed="true" simplified="true" border="1 0 0.5" fill="1 0 0.5" mode="9"
 points="2.82651 1.85839,
	2.83458 1.79738,
	2.85843 1.73913,
	2.89697 1.68627,
	2.94846 1.64118,
	3.01058 1.60592,
	3.08052 1.58206,
	3.15513 1.57069,
	3.23102 1.57233,
	3.30476 1.58689,
	3.37303 1.61372,
	3.43275 1.65161,
	3.4812 1.69884,
	3.5162 1.75329,
	3.53618 1.81248,
	3.54022 1.87375,
	3.52814 1.93433,
	3.5005 1.99147,
	3.45853 2.0426,
	3.40414 2.08541,
	3.33978 2.11795,
	3.26837 2.13877,
	3.19312 2.14691,
	3.11745 2.14201,
	3.04477 2.1243,
	2.97836 2.09457,
	2.92123 2.05417,
	2.87595 2.00491,
	2.84458 1.94904,
	"/>
</Transform>

<Transform dim="0"
 xcoef=" 0 1 0 0 0 0"
 ycoef=" 0 0 1 0 0 0">
<Contour name="d11" hidden="true" closed="true" simplified="true" border="1 1 0" fill="1 0.5 0" mode="11"
 points="3.13926 4.17253,
	"/>
</Transform>

<Transform dim="0"
 xcoef=" 0 1 0 0 0 0"
 ycoef=" 0 0 1 0 0 0">
<Contour name="d13" hidden="true" closed="true" simplified="true" border="1 1 0" fill="1 0 0.5" mode="11"
 points="1.6656 1.57244,
	1.68795 1.54263,
	1.80719 1.48115,
	1.86681 1.44389,
	1.89662 1.42899,
	1.90407 1.42526,
	1.9078 1.42712,
	1.90966 1.44203,
	1.9078 1.45693,
	1.89662 1.48674,
	1.87613 1.51655,
	1.85004 1.54636,
	1.84073 1.56126,
	1.83514 1.56685,
	1.82023 1.56872,
	1.81278 1.56872,
	1.78484 1.58362,
	1.75503 1.5948,
	1.69541 1.5948,
	1.68795 1.5948,
	1.68423 1.5948,
	1.67119 1.5799,
	1.66746 1.57431,
	"/>
</Transform>

<Transform dim="0"
 xcoef=" 0 1 0 0 0 0"
 ycoef=" 0 0 1 0 0 0">
<Contour name="d13p86" hidden="true" closed="true" simplified="false" border="1 0 0" fill="1 0 0" mode="-13"
 points="2.1039 1.70765,
	2.08655 1.69031,
	2.1039 1.67297,
	2.12124 1.69031,
	"/>
</Transform>

<Transform dim="0"
 xcoef=" 0 1 0 0 0 0"
 ycoef=" 0 0 1 0 0 0">
<Contour name="d13" hidden="true" closed="true" simplified="true" border="1 1 0" fill="1 0 0.5" mode="-11"
 points="1.10081 1.7784,
	1.12995 1.77658,
	1.24653 1.78204,
	1.30482 1.77658,
	1.31939 1.77658,
	1.37768 1.76382,
	1.40683 1.75654,
	1.4214 1.75472,
	1.42869 1.7529,
	1.4469 1.75107,
	1.47605 1.75107,
	1.49062 1.74743,
	1.4979 1.74379,
	1.50155 1.74379,
	1.51248 1.74014,
	1.54162 1.73832,
	1.55619 1.73832,
	1.58534 1.72739,
	1.61448 1.72011,
	1.67277 1.71464,
	1.70192 1.711,
	1.76021 1.70918,
	1.78935 1.711,
	1.80392 1.71464,
	1.81485 1.72922,
	1.82032 1.7365,
	1.81485 1.74379,
	1.75656 1.76929,
	1.72742 1.78204,
	1.71285 1.78568,
	1.65456 1.79115,
	1.53798 1.81665,
	1.4214 1.84579,
	1.36311 1.85854,
	1.33397 1.86583,
	1.32668 1.86765,
	1.2101 1.84579,
	1.18096 1.84033,
	1.12267 1.82211,
	1.11174 1.80936,
	1.10081 1.78022,
	"/>
</Transform>

<Transform dim="0"
 xcoef=" 0 1 0 0 0 0"
 ycoef=" 0 0 1 0 0 0">
<Contour name="d13" hidden="true" closed="true" simplified="true" border="1 1 0" fill="1 0 0.5" mode="-11"
 points="0.996157 1.49127,
	1.01987 1.44383,
	1.11475 1.35193,
	1.13846 1.30449,
	1.18294 1.25705,
	1.19479 1.2452,
	1.20072 1.23927,
	1.2956 1.21851,
	1.34303 1.20072,
	1.4379 1.23927,
	1.48534 1.25409,
	1.50906 1.26298,
	1.52092 1.26891,
	1.52685 1.27484,
	1.52388 1.32228,
	1.52388 1.33414,
	1.51499 1.35786,
	1.50016 1.38157,
	1.49423 1.39343,
	1.47348 1.41419,
	1.47348 1.46162,
	1.47052 1.47348,
	1.45273 1.4972,
	1.35786 1.57725,
	1.31042 1.598,
	1.29856 1.60097,
	1.25113 1.58911,
	1.23927 1.58614,
	1.23334 1.58318,
	1.23037 1.58614,
	1.24223 1.59207,
	1.2363 1.59504,
	1.14143 1.56539,
	1.09399 1.55057,
	0.999121 1.4972,
	0.996157 1.49423,
	"/>
</Transform>

<Transform dim="0"
 xcoef=" 0 1 0 0 0 0"
 ycoef=" 0 0 1 0 0 0">
<Contour name="d13" hidden="true" closed="true" simplified="true" border="1 1 0" fill="1 0 0.5" mode="-11"
 points="3.28803 0.730149,
	3.31484 0.629221,
	3.318 0.616605,
	3.34323 0.596104,
	3.35584 0.570872,
	3.359 0.564564,
	3.35111 0.539332,
	3.34954 0.533024,
	3.34796 0.52987,
	3.35111 0.528293,
	3.40158 0.539332,
	3.41419 0.542486,
	3.46466 0.521985,
	3.47097 0.520408,
	3.47412 0.518831,
	3.48043 0.521985,
	3.48358 0.523562,
	3.48989 0.548794,
	3.49304 0.56141,
	3.49462 0.611874,
	3.4962 0.62449,
	3.4962 0.630798,
	3.47727 0.65603,
	3.47097 0.660761,
	3.37004 0.70334,
	3.31957 0.725418,
	3.29434 0.73488,
	3.28803 0.731726,
	"/>
</Transform>

<Transform dim="0"
 xcoef=" 0 1 0 0 0 0"
 ycoef=" 0 0 1 0 0 0">
<Contour name="d13p88" hidden="true" closed="true" simplified="false" border="1 0 0" fill="1 0 0" mode="-13"
 points="4.35095 1.05697,
	4.3318 1.05697,
	4.3318 1.06655,
	4.34137 1.07612,
	4.3701 1.0857,
	4.35095 1.09527,
	4.34137 1.11442,
	4.32222 1.09527,
	4.31265 1.07612,
	4.31265 1.05697,
	4.2935 1.05697,
	4.32222 1.03782,
	"/>
</Transform>

<Transform dim="0"
 xcoef=" 0 1 0 0 0 0"
 ycoef=" 0 0 1 0 0 0">
<Contour name="d13" hidden="true" closed="true" simplified="true" border="1 1 0" fill="1 0 0.5" mode="-11"
 points="4.30617 0.785112,
	4.31129 0.757804,
	4.313 0.74415,
	4.31641 0.737323,
	4.42564 0.667345,
	4.4393 0.658811,
	4.44612 0.653691,
	4.50074 0.645157,
	4.52805 0.640037,
	4.5417 0.63833,
	4.56901 0.651984,
	4.58266 0.658811,
	4.58949 0.662225,
	4.60315 0.689533,
	4.60656 0.716841,
	4.60656 0.723668,
	4.60144 0.737323,
	4.59291 0.750977,
	4.58096 0.764631,
	4.55365 0.785112,
	4.54 0.795353,
	4.51951 0.820954,
	4.50927 0.834608,
	4.48197 0.853383,
	4.47514 0.858503,
	4.42052 0.86021,
	4.39321 0.86021,
	4.37956 0.86021,
	4.35225 0.849969,
	4.3386 0.846556,
	4.32665 0.838022,
	4.3147 0.810713,
	4.30958 0.797059,
	4.30617 0.790232,
	4.30617 0.786819,
	"/>
</Transform>

<Transform dim="0"
 xcoef=" 0 1 0 0 0 0"
 ycoef=" 0 0 1 0 0 0">
<Contour name="d13" hidden="true" closed="true" simplified="true" border="1 1 0" fill="1 0 0.5" mode="-11"
 points="4.88443 1.95377,
	4.891 1.92746,
	4.89429 1.92088,
	4.99955 1.87812,
	5.0127 1.87483,
	5.22321 1.8699,
	5.24952 1.87154,
	5.27584 1.89456,
	5.27913 1.89785,
	5.25281 1.91594,
	5.20019 1.93732,
	5.09493 1.96035,
	5.04231 1.96364,
	5.01599 1.96528,
	4.96337 1.97515,
	4.93705 1.97679,
	4.9239 1.97679,
	4.91732 1.97844,
	4.91074 1.97679,
	4.88443 1.95706,
	4.88443 1.95541,
	"/>
</Transform>

<Transform dim="0"
 xcoef=" 0 1 0 0 0 0"
 ycoef=" 0 0 1 0 0 0">
<Contour name="d13" hidden="true" closed="true" simplified="true" border="1 1 0" fill="1 0 0.5" mode="-11"
 points="2.11115 2.91881,
	2.12138 2.9137,
	2.12138 2.90348,
	2.11882 2.89836,
	2.20061 2.86003,
	2.21083 2.85491,
	2.24406 2.81402,
	2.2824 2.77568,
	2.36419 2.70667,
	2.36674 2.70412,
	2.37696 2.70923,
	2.37952 2.71178,
	2.32074 2.79357,
	2.28495 2.83447,
	2.20317 2.90348,
	2.12138 2.91881,
	2.11371 2.92137,
	"/>
</Transform>

<Transform dim="0"
 xcoef=" 0 1 0 0 0 0"
 ycoef=" 0 0 1 0 0 0">
<Contour name="d13" hidden="true" closed="true" simplified="true" border="1 1 0" fill="1 0 0.5" mode="-11"
 points="3.08494 2.69645,
	3.10539 2.67856,
	3.11561 2.67089,
	3.15651 2.66578,
	3.1974 2.67089,
	3.21785 2.67345,
	3.22552 2.68111,
	3.23063 2.70156,
	3.23063 2.70667,
	3.14884 2.75779,
	3.13862 2.7629,
	3.11817 2.76546,
	3.10283 2.74757,
	3.0875 2.70667,
	3.08494 2.69901,
	"/>
</Transform>

<Transform dim="0"
 xcoef=" 0 1 0 0 0 0"
 ycoef=" 0 0 1 0 0 0">
<Contour name="d13" hidden="true" closed="true" simplified="true" border="1 1 0" fill="1 0 0.5" mode="-11"
 points="2.04073 2.0765,
	2.08788 2.02447,
	2.10902 1.99845,
	2.1139 1.94642,
	2.11065 1.93341,
	2.1074 1.9269,
	2.08138 1.90414,
	2.06837 1.89601,
	2.06675 1.89438,
	2.09602 1.84235,
	2.11065 1.81633,
	2.11878 1.80332,
	2.12203 1.79682,
	2.12366 1.79356,
	2.08138 1.74153,
	2.07 1.72852,
	2.06675 1.72202,
	2.06512 1.696,
	2.06349 1.68299,
	2.06512 1.66998,
	2.06675 1.66348,
	2.17081 1.57567,
	2.22285 1.53339,
	2.32692 1.44233,
	2.37895 1.39518,
	2.40497 1.37078,
	2.457 1.33338,
	2.56107 1.28135,
	2.58709 1.26834,
	2.6001 1.26021,
	2.70417 1.16102,
	2.7562 1.11224,
	2.76921 1.09923,
	2.77572 1.09435,
	2.87979 1.07646,
	2.93182 1.06671,
	2.95784 1.06346,
	2.98385 1.05695,
	2.99686 1.0537,
	3.02288 1.03256,
	3.0489 1.00817,
	3.07491 0.99516,
	3.17898 0.95776,
	3.28305 0.926865,
	3.30907 0.921987,
	3.41314 0.936621,
	3.46517 0.944752,
	3.49119 0.948004,
	3.59526 0.974021,
	3.8034 1.03419,
	3.90747 1.0602,
	3.9595 1.07321,
	3.98552 1.07809,
	4.08959 1.08622,
	4.1156 1.08947,
	4.16764 1.08947,
	4.18065 1.08947,
	4.18715 1.08622,
	4.19366 1.07321,
	4.20341 1.0602,
	4.25545 1.01305,
	4.28146 0.988656,
	4.29447 0.978899,
	4.34651 0.988656,
	4.37253 0.990282,
	4.38553 0.993534,
	4.42293 1.04557,
	4.43432 1.05858,
	4.44407 1.08459,
	4.44895 1.0976,
	4.45708 1.20167,
	4.46033 1.20818,
	4.51237 1.23907,
	4.53839 1.25371,
	4.55139 1.26021,
	4.5579 1.26509,
	4.66197 1.29761,
	4.68798 1.30574,
	4.69449 1.30737,
	4.70587 1.33338,
	4.714 1.3594,
	4.72864 1.38542,
	4.77904 1.42444,
	4.78718 1.43745,
	4.79205 1.45046,
	4.79205 1.45697,
	4.81807 1.47485,
	4.83108 1.48461,
	4.84409 1.49111,
	4.87011 1.49437,
	4.89612 1.50087,
	4.90263 1.50087,
	4.91564 1.509,
	4.92214 1.51388,
	4.92539 1.51551,
	4.92377 1.51713,
	4.92702 1.52038,
	4.91564 1.53339,
	4.90263 1.54152,
	4.87661 1.55128,
	4.77417 1.64722,
	4.75303 1.67323,
	4.72701 1.69437,
	4.70099 1.70576,
	4.68798 1.71063,
	4.63595 1.75942,
	4.61806 1.78543,
	4.59692 1.81145,
	4.58392 1.82446,
	4.47985 1.88788,
	4.46684 1.89601,
	4.46033 1.89763,
	4.42944 1.94804,
	4.4148 1.97406,
	4.4083 1.98707,
	4.39529 2.00008,
	4.18715 2.13179,
	4.08308 2.19846,
	4.03105 2.23261,
	4.00503 2.24236,
	3.79689 2.3009,
	3.74486 2.31391,
	3.32858 2.39359,
	3.27655 2.40822,
	3.22451 2.41635,
	3.01638 2.43099,
	2.96434 2.43261,
	2.86027 2.42774,
	2.84726 2.42774,
	2.79523 2.41147,
	2.58709 2.37407,
	2.53506 2.36432,
	2.52205 2.36269,
	2.49603 2.34806,
	2.48302 2.34155,
	2.457 2.32041,
	2.444 2.30903,
	2.43099 2.3009,
	2.37895 2.29602,
	2.36594 2.2944,
	2.35944 2.29277,
	2.25537 2.30741,
	2.20334 2.31391,
	2.17732 2.31879,
	2.17081 2.32204,
	2.1448 2.30741,
	2.11878 2.28301,
	2.11228 2.27001,
	2.10902 2.24399,
	2.09439 2.19195,
	2.07325 2.16594,
	2.06187 2.15293,
	2.04723 2.12691,
	2.04398 2.10089,
	2.04073 2.08788,
	2.04073 2.08138,
	2.04073 2.07813,
	"/>
<Contour name="d13p95" hidden="true" closed="true" simplified="false" border="1 0 0" fill="1 0 0" mode="-13"
 points="4.85968 1.53594,
	4.85968 1.50992,
	4.83366 1.50992,
	4.83366 1.53269,
	4.83041 1.53594,
	4.83041 1.50667,
	4.86293 1.50667,
	4.86293 1.53919,
	4.83041 1.53919,
	4.83366 1.53594,
	"/>
</Transform>

<Transform dim="0"
 xcoef=" 0 1 0 0 0 0"
 ycoef=" 0 0 1 0 0 0">
<Contour name="d13" hidden="true" closed="true" simplified="true" border="1 1 0" fill="1 0 0.5" mode="-11"
 points="3.5384 2.75185,
	3.56147 2.68473,
	3.57825 2.65118,
	3.6202 2.58406,
	3.63278 2.56728,
	3.6999 2.56099,
	3.73346 2.55679,
	3.74185 2.55679,
	3.74814 2.56099,
	3.74604 2.57776,
	3.71248 2.61132,
	3.702 2.6281,
	3.68102 2.69522,
	3.67893 2.70361,
	3.67683 2.70571,
	3.71668 2.77283,
	3.75024 2.78961,
	3.7838 2.80009,
	3.80058 2.80429,
	3.80897 2.80219,
	3.80687 2.80009,
	3.81106 2.798,
	3.84462 2.81478,
	3.8614 2.81897,
	3.99564 2.82317,
	4.06276 2.83785,
	4.07954 2.84204,
	4.1131 2.85882,
	4.12988 2.86721,
	4.13407 2.86931,
	4.12358 2.90287,
	4.11519 2.91965,
	4.08164 2.94272,
	4.01452 2.96789,
	3.99774 2.96999,
	3.98096 2.96789,
	3.96418 2.9574,
	3.93062 2.92804,
	3.91384 2.91336,
	3.90545 2.90497,
	3.87189 2.88819,
	3.83833 2.8756,
	3.77121 2.86512,
	3.73765 2.86092,
	3.72087 2.85463,
	3.71248 2.84834,
	3.67893 2.83785,
	3.61181 2.82526,
	3.59503 2.81897,
	3.56147 2.798,
	3.54259 2.76444,
	3.5384 2.75605,
	3.5384 2.75395,
	"/>
</Transform>

<Transform dim="0"
 xcoef=" 0 1 0 0 0 0"
 ycoef=" 0 0 1 0 0 0">
<Contour name="d13c86" hidden="true" closed="true" simplified="true" border="0 0 1" fill="0 0 1" mode="11"
 points="1.04498 1.41883,
	1.04754 1.39841,
	1.04881 1.38821,
	1.09985 1.30655,
	1.11133 1.28613,
	1.11771 1.27593,
	1.12154 1.27082,
	1.16237 1.24913,
	1.16492 1.24786,
	1.1662 1.25041,
	1.16237 1.27082,
	1.15982 1.28103,
	1.13557 1.32186,
	1.11388 1.36269,
	1.10878 1.3729,
	1.08836 1.38693,
	1.08326 1.39076,
	1.08454 1.39204,
	1.06412 1.41245,
	1.05391 1.42266,
	1.04881 1.42776,
	1.04626 1.42904,
	1.04498 1.42011,
	"/>
<Contour name="d13cfa86" hidden="true" closed="false" simplified="false" border="0 1 0" fill="0 0 1" mode="-13"
 points="1.16454 1.25073,
	1.14923 1.2686,
	1.10202 1.34643,
	1.04971 1.42298,
	"/>
</Transform>

<Transform dim="0"
 xcoef=" 0 1 0 0 0 0"
 ycoef=" 0 0 1 0 0 0">
<Contour name="d13c88" hidden="true" closed="true" simplified="true" border="1 0 0" fill="1 0 0" mode="11"
 points="4.39786 0.749251,
	4.45167 0.685485,
	4.48355 0.683492,
	4.54732 0.685485,
	4.5513 0.685485,
	4.56724 0.701427,
	4.5792 0.717368,
	4.57322 0.73331,
	4.56724 0.74128,
	4.50348 0.779141,
	4.47159 0.797076,
	4.46362 0.801061,
	4.39986 0.751244,
	"/>
</Transform>

<Transform dim="0"
 xcoef=" 0 1 0 0 0 0"
 ycoef=" 0 0 1 0 0 0">
<Contour name="d13c91" hidden="true" closed="true" simplified="true" border="1 0.5 0" fill="1 0.5 0" mode="-11"
 points="2.25999 2.80649,
	2.3083 2.76875,
	2.33246 2.75064,
	2.33547 2.74762,
	2.34302 2.75969,
	2.34302 2.77177,
	2.31887 2.78687,
	2.29471 2.80499,
	2.28264 2.81253,
	2.27962 2.81404,
	2.26754 2.80951,
	2.2615 2.808,
	"/>
<Contour name="d13cfa91" hidden="true" closed="false" simplified="false" border="0 1 0" fill="1 0.5 0" mode="-13"
 points="2.27079 2.80699,
	2.30702 2.7768,
	2.33872 2.76019,
	"/>
</Transform>

<Transform dim="0"
 xcoef=" 0 1 0 0 0 0"
 ycoef=" 0 0 1 0 0 0">
<Contour name="d11p33" hidden="true" closed="true" simplified="false" border="1 0 0" fill="1 0 0" mode="-13"
 points="5.90011 4.00811,
	5.91956 4.00811,
	5.90984 4.02594,
	"/>
</Transform>

<Transform dim="0"
 xcoef=" 0 1 0 0 0 0"
 ycoef=" 0 0 1 0 0 0">
<Contour name="d11" hidden="true" closed="true" simplified="true" border="1 1 0" fill="1 0.5 0" mode="-11"
 points="5.93124 4.90484,
	5.99793 4.84544,
	6.03127 4.81835,
	6.06462 4.79334,
	6.07295 4.78709,
	6.08546 4.75374,
	6.09067 4.73707,
	6.09379 4.73394,
	6.22717 4.7402,
	6.29386 4.72873,
	6.32721 4.72352,
	6.34388 4.7204,
	6.41057 4.68393,
	6.42724 4.67559,
	6.46059 4.66725,
	6.46892 4.66517,
	6.50227 4.67142,
	6.51894 4.67455,
	6.53561 4.68184,
	6.53978 4.68288,
	6.54291 4.68601,
	6.54082 4.71936,
	6.53978 4.72769,
	6.51373 4.79438,
	6.49914 4.82773,
	6.4658 4.89442,
	6.46371 4.89858,
	6.43037 4.92985,
	6.4137 4.94548,
	6.38035 4.97361,
	6.36368 4.9882,
	6.33033 5.008,
	6.29699 5.01321,
	6.26364 5.01425,
	6.19695 5.008,
	6.13026 4.99654,
	6.12193 4.99445,
	6.05524 4.99028,
	6.02189 4.98612,
	6.00522 4.98403,
	5.99688 4.98299,
	5.99272 4.98195,
	5.95937 4.9559,
	5.9427 4.94235,
	5.93853 4.93922,
	5.93645 4.93506,
	5.93332 4.91838,
	5.93228 4.91005,
	5.93124 4.90588,
	"/>
</Transform>

<Transform dim="0"
 xcoef=" 0 1 0 0 0 0"
 ycoef=" 0 0 1 0 0 0">
<Contour name="d11" hidden="true" closed="true" simplified="true" border="1 1 0" fill="1 0.5 0" mode="-11"
 points="5.26925 2.48013,
	5.27337 2.46365,
	5.27337 2.45953,
	5.30427 2.43687,
	5.30221 2.40392,
	5.30015 2.38744,
	5.30015 2.3792,
	5.43198 2.33182,
	5.4979 2.32976,
	5.51438 2.3277,
	5.52262 2.3277,
	5.65446 2.3792,
	5.72037 2.40598,
	5.78629 2.44923,
	5.79247 2.45541,
	5.79453 2.47189,
	5.79453 2.47601,
	5.76157 2.50073,
	5.73067 2.53163,
	5.69771 2.55017,
	5.6318 2.55429,
	5.56588 2.57283,
	5.5494 2.57695,
	5.54116 2.57901,
	5.40933 2.54399,
	5.34341 2.51927,
	5.31045 2.50691,
	5.29397 2.50073,
	5.27749 2.49043,
	5.26925 2.48425,
	5.26925 2.48219,
	"/>
</Transform>

<Transform dim="0"
 xcoef=" 0 1 0 0 0 0"
 ycoef=" 0 0 1 0 0 0">
<Contour name="d11" hidden="true" closed="true" simplified="true" border="1 1 0" fill="1 0.5 0" mode="-11"
 points="4.22416 3.11904,
	4.29254 3.04846,
	4.32563 3.01316,
	4.46681 2.94037,
	4.53739 2.90287,
	4.57269 2.89625,
	4.64327 2.88964,
	4.66092 2.88743,
	4.69621 2.92052,
	4.71386 2.93817,
	4.75577 3.00875,
	4.77342 3.0264,
	4.78003 3.03522,
	4.77783 3.07052,
	4.77783 3.08816,
	4.76018 3.12345,
	4.75577 3.13228,
	4.72048 3.15875,
	4.5793 3.19404,
	4.56166 3.19845,
	4.55283 3.20066,
	4.51754 3.22933,
	4.44695 3.23375,
	4.43813 3.23154,
	4.42048 3.23375,
	4.38519 3.23154,
	4.36754 3.23154,
	4.35872 3.22933,
	4.35431 3.21169,
	4.3521 3.20286,
	4.34548 3.19625,
	4.2749 3.16978,
	4.26607 3.16757,
	4.2374 3.13448,
	4.23078 3.12566,
	4.22637 3.12125,
	"/>
</Transform>

<Transform dim="0"
 xcoef=" 0 1 0 0 0 0"
 ycoef=" 0 0 1 0 0 0">
<Contour name="d11" hidden="true" closed="true" simplified="true" border="1 1 0" fill="1 0.5 0" mode="-11"
 points="1.29658 4.76877,
	1.35518 4.72116,
	1.38448 4.69918,
	1.39913 4.68819,
	1.40646 4.68087,
	1.64087 4.64058,
	1.65552 4.64058,
	1.71412 4.66622,
	1.77272 4.69918,
	1.80202 4.71383,
	1.83132 4.74313,
	1.83865 4.75046,
	1.80569 4.80906,
	1.68848 4.85301,
	1.57128 4.88964,
	1.51267 4.90795,
	1.39547 4.90795,
	1.38082 4.90795,
	1.37349 4.90795,
	1.31489 4.84935,
	1.30024 4.79075,
	1.29658 4.7761,
	1.29658 4.77243,
	"/>
</Transform>

<Transform dim="0"
 xcoef=" 0 1 0 0 0 0"
 ycoef=" 0 0 1 0 0 0">
<Contour name="d11c48" hidden="true" closed="true" simplified="true" border="1 0 0" fill="1 0 0" mode="11"
 points="5.51186 2.35111,
	5.51312 2.33102,
	5.51312 2.326,
	5.51312 2.32349,
	5.51312 2.32224,
	5.55329 2.32035,
	5.55831 2.32098,
	5.63864 2.35425,
	5.65873 2.36241,
	5.6989 2.37433,
	5.71898 2.38061,
	5.75915 2.38939,
	5.76919 2.39128,
	5.78363 2.41073,
	5.79555 2.43019,
	5.77547 2.44902,
	5.77296 2.4509,
	5.75287 2.4509,
	5.74283 2.45027,
	5.70266 2.43709,
	5.66249 2.42517,
	5.64241 2.42078,
	5.63237 2.41827,
	5.62735 2.41764,
	5.62484 2.41638,
	5.60601 2.3963,
	5.60161 2.39128,
	5.58153 2.39002,
	5.57651 2.39002,
	5.57588 2.39065,
	5.5809 2.39316,
	5.57965 2.39379,
	5.5696 2.39002,
	5.56709 2.38877,
	5.56772 2.38751,
	5.52755 2.36805,
	5.51751 2.36303,
	5.51249 2.36052,
	5.51186 2.3555,
	5.51186 2.35299,
	5.51186 2.35174,
	"/>
</Transform>

<Transform dim="0"
 xcoef=" 0 1 0 0 0 0"
 ycoef=" 0 0 1 0 0 0">
<Contour name="d11cfa48" hidden="true" closed="false" simplified="false" border="0 1 0" fill="1 0 0" mode="-13"
 points="5.78638 2.44151,
	5.66588 2.38377,
	5.51399 2.32979,
	"/>
</Transform>

<Transform dim="1"
 xcoef=" 0 1 0 0 0 0"
 ycoef=" 0 0 1 0 0 0">
<Contour name="d11" hidden="true" closed="true" simplified="true" border="1 1 0" fill="1 0.5 0" mode="-11"
 points="2.78536 4.3617,
	2.79132 4.35336,
	2.81038 4.33668,
	2.81991 4.33073,
	2.83898 4.32358,
	2.8771 4.31643,
	2.91523 4.30452,
	2.93429 4.29856,
	2.94382 4.29618,
	2.95335 4.29141,
	2.97956 4.25329,
	2.99029 4.23422,
	2.99862 4.22827,
	3.00339 4.22588,
	3.01292 4.22469,
	3.01769 4.2235,
	3.02603 4.22946,
	3.03556 4.23184,
	3.05462 4.24137,
	3.07368 4.24733,
	3.08322 4.24852,
	3.08798 4.24971,
	3.09751 4.24495,
	3.09989 4.24018,
	3.0987 4.22112,
	3.08202 4.18299,
	3.07249 4.16393,
	3.06654 4.14487,
	3.06892 4.1401,
	3.06415 4.13057,
	3.05462 4.12223,
	3.04986 4.11866,
	3.03079 4.11389,
	3.01173 4.11151,
	2.99267 4.10674,
	2.97599 4.08887,
	2.97122 4.08411,
	2.94501 4.04598,
	2.94263 4.04121,
	2.94144 4.04002,
	3.01769 3.97092,
	3.05581 3.93875,
	3.06534 3.93041,
	3.10347 3.91016,
	3.113 3.90301,
	3.11777 3.89825,
	3.12253 3.89586,
	3.12968 3.85774,
	3.13445 3.84821,
	3.17257 3.81961,
	3.2107 3.7934,
	3.28695 3.72668,
	3.29648 3.71953,
	3.37273 3.68022,
	3.44898 3.64447,
	3.46804 3.63375,
	3.48472 3.59563,
	3.49425 3.57656,
	3.50021 3.56703,
	3.53833 3.52891,
	3.57646 3.49674,
	3.59552 3.48125,
	3.60029 3.47768,
	3.63841 3.46338,
	3.79091 3.42526,
	3.82904 3.41692,
	3.86716 3.41096,
	3.90529 3.40977,
	3.92435 3.40977,
	4.0006 3.39666,
	4.1531 3.40024,
	4.22935 3.40143,
	4.3056 3.39666,
	4.38185 3.38832,
	4.4581 3.38236,
	4.49623 3.37879,
	4.50576 3.3776,
	4.50933 3.37522,
	4.66184 3.45147,
	4.6809 3.46219,
	4.69996 3.47053,
	4.70949 3.4741,
	4.71426 3.47649,
	4.79051 3.47887,
	4.82863 3.47887,
	4.83816 3.47887,
	4.87629 3.49555,
	4.89535 3.50508,
	4.91441 3.51699,
	4.92395 3.52414,
	4.99424 3.60039,
	5.0133 3.61826,
	5.02283 3.6266,
	5.0419 3.63852,
	5.08002 3.64209,
	5.09908 3.64328,
	5.25158 3.6266,
	5.28971 3.62184,
	5.30877 3.61946,
	5.31354 3.61946,
	5.3183 3.61707,
	5.32069 3.61588,
	5.39694 3.65639,
	5.416 3.66711,
	5.42553 3.67188,
	5.44221 3.69094,
	5.44936 3.70047,
	5.48748 3.73621,
	5.49821 3.75528,
	5.50178 3.76481,
	5.50297 3.76957,
	5.51012 3.77791,
	5.54825 3.79578,
	5.56731 3.80412,
	5.60543 3.81366,
	5.6245 3.81961,
	5.63403 3.822,
	5.63879 3.82319,
	5.65786 3.84106,
	5.66739 3.84821,
	5.68645 3.85655,
	5.70551 3.86012,
	5.74364 3.86369,
	5.7627 3.86608,
	5.77223 3.86727,
	5.79129 3.8768,
	5.82942 3.90063,
	5.83895 3.90539,
	5.85086 3.92446,
	5.86635 3.94233,
	5.90448 3.95782,
	5.91401 3.96139,
	5.92354 3.96139,
	5.9426 3.96616,
	5.96167 3.96854,
	5.9712 3.96854,
	5.99026 3.9602,
	5.99503 3.95662,
	6.03315 3.94828,
	6.1094 3.94233,
	6.14753 3.93875,
	6.18565 3.92088,
	6.2619 3.87442,
	6.28096 3.8625,
	6.30003 3.85416,
	6.31909 3.8494,
	6.35721 3.84463,
	6.36675 3.84344,
	6.40487 3.8494,
	6.42393 3.85297,
	6.443 3.86012,
	6.44776 3.8625,
	6.45729 3.87203,
	6.45848 3.87442,
	6.45729 3.8768,
	6.45968 3.87918,
	6.47874 3.88037,
	6.51686 3.89348,
	6.53593 3.89705,
	6.54546 3.89944,
	6.54665 3.89944,
	6.54903 3.90182,
	6.54903 3.90659,
	6.54903 3.90897,
	6.54665 3.91373,
	6.52759 3.92922,
	6.51805 3.93756,
	6.50852 3.94352,
	6.50376 3.94709,
	6.42751 3.93994,
	6.40844 3.93756,
	6.39891 3.93637,
	6.39534 3.9328,
	6.39177 3.91373,
	6.3727 3.89944,
	6.36794 3.89825,
	6.34887 3.90063,
	6.33934 3.90182,
	6.32028 3.91135,
	6.30122 3.91254,
	6.29169 3.91612,
	6.28692 3.9185,
	6.26786 3.93756,
	6.22973 3.95543,
	6.15348 3.96616,
	6.11536 3.97211,
	6.0963 3.97569,
	6.05817 3.97092,
	6.0534 3.96973,
	6.01528 3.98522,
	6.00575 3.98879,
	5.98669 3.99237,
	5.97715 3.99713,
	5.95809 4.015,
	5.94737 4.03407,
	5.93903 4.05313,
	5.93426 4.07219,
	5.92711 4.09125,
	5.90448 4.12938,
	5.89256 4.14844,
	5.81631 4.21278,
	5.77819 4.24256,
	5.75913 4.25567,
	5.721 4.27711,
	5.5685 4.38077,
	5.53037 4.40698,
	5.51131 4.42128,
	5.47319 4.44272,
	5.45412 4.45821,
	5.44459 4.46417,
	5.36834 4.49633,
	5.33022 4.51421,
	5.25397 4.54399,
	5.21584 4.5571,
	5.17772 4.58212,
	5.13959 4.5988,
	5.13006 4.60356,
	5.05381 4.61905,
	5.03475 4.62382,
	4.9585 4.66075,
	4.88225 4.6953,
	4.806 4.71555,
	4.79647 4.71794,
	4.64396 4.78346,
	4.56771 4.8061,
	4.52959 4.81682,
	4.49146 4.82993,
	4.41521 4.81802,
	4.33896 4.80968,
	4.3199 4.80848,
	4.0149 4.73819,
	3.97677 4.72985,
	3.90052 4.71913,
	3.82427 4.69887,
	3.78615 4.68696,
	3.76709 4.68219,
	3.75755 4.67743,
	3.75279 4.67505,
	3.75041 4.67266,
	3.76232 4.6536,
	3.79925 4.63335,
	3.81832 4.6262,
	3.82785 4.62143,
	3.83738 4.61905,
	3.8755 4.6262,
	3.89457 4.62977,
	3.91363 4.63096,
	3.91839 4.63216,
	4.0709 4.57735,
	4.2234 4.50229,
	4.26152 4.48204,
	4.27105 4.47608,
	4.3473 4.44153,
	4.38543 4.42485,
	4.46168 4.38077,
	4.53793 4.32715,
	4.55699 4.31286,
	4.57367 4.29379,
	4.57844 4.29022,
	4.58559 4.25209,
	4.58916 4.23303,
	4.59273 4.2235,
	4.59393 4.21874,
	4.59273 4.21397,
	4.55461 4.1818,
	4.54508 4.17465,
	4.52601 4.16512,
	4.37351 4.12342,
	4.29726 4.09364,
	4.22101 4.06028,
	4.21148 4.05551,
	4.20672 4.05194,
	4.18408 4.01381,
	4.16621 4.00309,
	4.08996 3.9745,
	4.0709 3.97092,
	4.03277 3.96854,
	3.88027 3.97688,
	3.80402 3.98164,
	3.76589 3.98522,
	3.74683 3.98641,
	3.67058 3.98045,
	3.63246 3.97807,
	3.61339 3.97926,
	3.53714 3.99475,
	3.51808 3.99952,
	3.44183 4.00309,
	3.4037 4.00666,
	3.39894 4.00666,
	3.38941 4.01143,
	3.38226 4.01977,
	3.37749 4.02454,
	3.35843 4.02811,
	3.32031 4.0436,
	3.30124 4.05075,
	3.29171 4.05432,
	3.28337 4.06028,
	3.27861 4.06862,
	3.28337 4.07815,
	3.2929 4.0853,
	3.29886 4.09364,
	3.30005 4.0984,
	3.29767 4.10793,
	3.29052 4.11747,
	3.28576 4.12104,
	3.27622 4.11627,
	3.25716 4.09959,
	3.24763 4.09125,
	3.2381 4.08649,
	3.23572 4.0853,
	3.22618 4.09125,
	3.21308 4.10913,
	3.2095 4.11389,
	3.19044 4.11747,
	3.18091 4.11866,
	3.17138 4.127,
	3.16781 4.13653,
	3.16542 4.1401,
	3.17495 4.14725,
	3.19521 4.18538,
	3.20355 4.20444,
	3.20712 4.21397,
	3.20831 4.2235,
	3.2095 4.22827,
	3.20593 4.2378,
	3.17138 4.27592,
	3.15827 4.29499,
	3.15113 4.30333,
	3.113 4.3212,
	3.09394 4.33073,
	3.07488 4.34383,
	3.03794 4.38077,
	3.03556 4.38315,
	3.03437 4.40221,
	3.03437 4.41174,
	3.02603 4.43081,
	3.02126 4.44034,
	3.01888 4.4451,
	2.99982 4.45583,
	2.98075 4.46178,
	2.97599 4.46297,
	2.93786 4.45583,
	2.86161 4.4451,
	2.84255 4.43557,
	2.83302 4.43081,
	2.82825 4.42842,
	2.7937 4.3903,
	2.78775 4.38077,
	2.78536 4.37124,
	2.78536 4.3629,
	"/>
</Transform>

<Transform dim="0"
 xcoef=" 0 1 0 0 0 0"
 ycoef=" 0 0 1 0 0 0">
<Contour name="d11rh48" hidden="true" closed="true" simplified="false" border="1 0 1" fill="1 0 1" mode="11"
 points="5.47721 2.5058,
	5.47721 2.50151,
	5.48149 2.49722,
	5.48578 2.49722,
	5.49007 2.50151,
	5.49007 2.5058,
	5.48578 2.51008,
	5.48149 2.51008,
	"/>
<Contour name="d11rh48" hidden="true" closed="true" simplified="false" border="1 0 1" fill="1 0 1" mode="11"
 points="5.49864 2.50151,
	5.49864 2.49722,
	5.50293 2.49294,
	5.50722 2.49294,
	5.5115 2.49722,
	5.5115 2.50151,
	5.50722 2.5058,
	5.50293 2.5058,
	"/>
<Contour name="d11rh48" hidden="true" closed="true" simplified="false" border="1 0 1" fill="1 0 1" mode="11"
 points="5.50936 2.5208,
	5.50936 2.51651,
	5.51365 2.51223,
	5.51793 2.51223,
	5.52222 2.51651,
	5.52222 2.5208,
	5.51793 2.52509,
	5.51365 2.52509,
	"/>
<Contour name="d11rh48" hidden="true" closed="true" simplified="false" border="1 0 1" fill="1 0 1" mode="11"
 points="5.51793 2.49079,
	5.51793 2.4865,
	5.52222 2.48222,
	5.52651 2.48222,
	5.53079 2.4865,
	5.53079 2.49079,
	5.52651 2.49508,
	5.52222 2.49508,
	"/>
</Transform>

<Transform dim="1"
 xcoef=" -0.05 1 0 0 0 0"
 ycoef=" -0.14 0 1 0 0 0">
<Contour name="d11p31" hidden="true" closed="true" simplified="false" border="1 0 0" fill="1 0 0" mode="-13"
 points="3.08215 4.10833,
	3.08215 4.10067,
	3.08981 4.09302,
	3.09746 4.09302,
	3.10512 4.10067,
	3.10512 4.10833,
	3.09746 4.11598,
	3.08981 4.11598,
	"/>
<Contour name="d11rn31" hidden="true" closed="true" simplified="false" border="1 0 1" fill="1 0 1" mode="11"
 points="3.09395 4.0557,
	3.09395 4.05226,
	3.09739 4.04881,
	3.10084 4.04881,
	3.10428 4.05226,
	3.10428 4.0557,
	3.10084 4.05915,
	3.09739 4.05915,
	"/>
<Contour name="d11rn31" hidden="true" closed="true" simplified="false" border="1 0 1" fill="1 0 1" mode="11"
 points="3.07156 4.0557,
	3.07156 4.05226,
	3.075 4.04881,
	3.07845 4.04881,
	3.08189 4.05226,
	3.08189 4.0557,
	3.07845 4.05915,
	3.075 4.05915,
	"/>
<Contour name="d11rn31" hidden="true" closed="true" simplified="false" border="1 0 1" fill="1 0 1" mode="11"
 points="3.04056 4.02815,
	3.04056 4.0247,
	3.044 4.02126,
	3.04745 4.02126,
	3.05089 4.0247,
	3.05089 4.02815,
	3.04745 4.03159,
	3.044 4.03159,
	"/>
<Contour name="d11rn31" hidden="true" closed="true" simplified="false" border="1 0 1" fill="1 0 1" mode="11"
 points="3.07845 4.02298,
	3.07845 4.01953,
	3.08189 4.01609,
	3.08534 4.01609,
	3.08878 4.01953,
	3.08878 4.02298,
	3.08534 4.02642,
	3.08189 4.02642,
	"/>
<Contour name="d11rn31" hidden="true" closed="true" simplified="false" border="1 0 1" fill="1 0 1" mode="11"
 points="3.09739 4.02815,
	3.09739 4.0247,
	3.10084 4.02126,
	3.10428 4.02126,
	3.10773 4.0247,
	3.10773 4.02815,
	3.10428 4.03159,
	3.10084 4.03159,
	"/>
<Contour name="d11rn31" hidden="true" closed="true" simplified="false" border="1 0 1" fill="1 0 1" mode="11"
 points="3.075 3.99887,
	3.075 3.99542,
	3.07845 3.99198,
	3.08189 3.99198,
	3.08534 3.99542,
	3.08534 3.99887,
	3.08189 4.00231,
	3.07845 4.00231,
	"/>
<Contour name="d11rn31" hidden="true" closed="true" simplified="false" border="1 0 1" fill="1 0 1" mode="11"
 points="3.06295 3.99198,
	3.06295 3.98853,
	3.06639 3.98509,
	3.06984 3.98509,
	3.07328 3.98853,
	3.07328 3.99198,
	3.06984 3.99542,
	3.06639 3.99542,
	"/>
</Transform>

<Transform dim="0"
 xcoef=" 0 1 0 0 0 0"
 ycoef=" 0 0 1 0 0 0">
<Contour name="d13c97" hidden="true" closed="true" simplified="true" border="1 0 1" fill="1 0 1" mode="11"
 points="3.68217 2.68553,
	3.68786 2.65518,
	3.69071 2.64001,
	3.69071 2.63622,
	3.71252 2.60587,
	3.73622 2.57648,
	3.7514 2.58122,
	3.75234 2.58501,
	3.74571 2.6457,
	3.74476 2.67605,
	3.74476 2.69122,
	3.74476 2.69501,
	3.75993 2.72536,
	3.76657 2.74053,
	3.77036 2.74812,
	3.78553 2.76139,
	3.79312 2.76898,
	3.80829 2.77751,
	3.82347 2.78415,
	3.83105 2.78794,
	3.83295 2.78889,
	3.8339 2.78794,
	3.83105 2.78415,
	3.832 2.7832,
	3.83959 2.79079,
	3.84243 2.79363,
	3.84053 2.79458,
	3.84148 2.79837,
	3.85097 2.81355,
	3.85191 2.8145,
	3.83674 2.81734,
	3.82157 2.81829,
	3.81778 2.81924,
	3.75709 2.80312,
	3.6964 2.75381,
	3.6945 2.75191,
	3.68312 2.69122,
	3.68217 2.68743,
	3.68217 2.68648,
	"/>
</Transform>

<Transform dim="0"
 xcoef=" 0 1 0 0 0 0"
 ycoef=" 0 0 1 0 0 0">
<Contour name="d13cfa97" hidden="true" closed="false" simplified="false" border="0 1 0" fill="1 0 1" mode="11"
 points="3.74421 2.5817,
	3.7205 2.7211,
	3.78309 2.79222,
	3.84947 2.81403,
	"/>
</Transform>

<Transform dim="0"
 xcoef=" 0 1 0 0 0 0"
 ycoef=" 0 0 1 0 0 0">
<Contour name="d13cfa88" hidden="true" closed="false" simplified="false" border="0 1 0" fill="1 0 0" mode="11"
 points="4.54397 0.738923,
	4.55053 0.736299,
	4.55315 0.712687,
	4.52692 0.694322,
	4.43903 0.715311,
	4.43116 0.746793,
	4.4469 0.770405,
	4.49019 0.76647,
	4.53479 0.745482,
	"/>
</Transform>

<Transform dim="0"
 xcoef=" 0 1 0 0 0 0"
 ycoef=" 0 0 1 0 0 0">
<Contour name="d02ax44ssvr" hidden="true" closed="true" simplified="false" border="0 1 0.251" fill="0 0 1" mode="11"
 points="5.27043 1.782,
	5.26266 1.77423,
	5.27043 1.76647,
	5.27819 1.77423,
	"/>
<Contour name="d02ax44ssvr" hidden="true" closed="true" simplified="false" border="0 1 0.251" fill="0 0 1" mode="11"
 points="5.29039 1.69772,
	5.28262 1.68996,
	5.29039 1.68219,
	5.29815 1.68996,
	"/>
<Contour name="d02ax44ssvda" hidden="true" closed="true" simplified="false" border="1 0 0" fill="0 0 1" mode="11"
 points="5.33364 1.77423,
	5.32587 1.76647,
	5.33364 1.75871,
	5.3414 1.76647,
	"/>
</Transform>

<Transform dim="0"
 xcoef=" 0 1 0 0 0 0"
 ycoef=" 0 0 1 0 0 0">
<Contour name="d02ax45ssvr" hidden="true" closed="true" simplified="false" border="0 1 0.251" fill="0 0 1" mode="11"
 points="3.76078 2.9602,
	3.74928 2.9487,
	3.76078 2.93719,
	3.77228 2.9487,
	"/>
</Transform>

<Transform dim="0"
 xcoef=" 0 1 0 0 0 0"
 ycoef=" 0 0 1 0 0 0">
<Contour name="d08ax31ssvr" hidden="true" closed="true" simplified="false" border="0 1 0.251" fill="0 0 1" mode="11"
 points="6.12425 5.2099,
	6.11322 5.19887,
	6.12425 5.18784,
	6.13528 5.19887,
	"/>
<Contour name="d08ax31ssvr" hidden="true" closed="true" simplified="false" border="0 1 0.251" fill="0 0 1" mode="11"
 points="6.1337 5.19099,
	6.12267 5.17996,
	6.1337 5.16893,
	6.14473 5.17996,
	"/>
<Contour name="d08ax31ssvr" hidden="true" closed="true" simplified="false" border="0 1 0.251" fill="0 0 1" mode="11"
 points="6.14946 5.13111,
	6.13843 5.12008,
	6.14946 5.10905,
	6.16049 5.12008,
	"/>
<Contour name="d08ax31ssvr" hidden="true" closed="true" simplified="false" border="0 1 0.251" fill="0 0 1" mode="11"
 points="6.19831 5.1516,
	6.18728 5.14057,
	6.19831 5.12954,
	6.20934 5.14057,
	"/>
<Contour name="d08ax31ssvr" hidden="true" closed="true" simplified="false" border="0 1 0.251" fill="0 0 1" mode="11"
 points="6.19831 5.24929,
	6.18728 5.23826,
	6.19831 5.22723,
	6.20934 5.23826,
	"/>
<Contour name="d08ax31ssvr" hidden="true" closed="true" simplified="false" border="0 1 0.251" fill="0 0 1" mode="11"
 points="5.88947 5.28711,
	5.87844 5.27608,
	5.88947 5.26505,
	5.9005 5.27608,
	"/>
<Contour name="d08ax31ssvr" hidden="true" closed="true" simplified="false" border="0 1 0.251" fill="0 0 1" mode="11"
 points="5.82801 5.30129,
	5.81698 5.29026,
	5.82801 5.27923,
	5.83904 5.29026,
	"/>
<Contour name="d08ax31ssvr" hidden="true" closed="true" simplified="false" border="0 1 0.251" fill="0 0 1" mode="11"
 points="5.79807 5.33123,
	5.78704 5.3202,
	5.79807 5.30917,
	5.8091 5.3202,
	"/>
<Contour name="d08ax31ssvr" hidden="true" closed="true" simplified="false" border="0 1 0.251" fill="0 0 1" mode="11"
 points="5.83747 5.4242,
	5.82644 5.41317,
	5.83747 5.40214,
	5.8485 5.41317,
	"/>
<Contour name="d08ax31ssvr" hidden="true" closed="true" simplified="false" border="0 1 0.251" fill="0 0 1" mode="11"
 points="5.88159 5.40056,
	5.87056 5.38953,
	5.88159 5.3785,
	5.89262 5.38953,
	"/>
<Contour name="d08ax31ssvr" hidden="true" closed="true" simplified="false" border="0 1 0.251" fill="0 0 1" mode="11"
 points="5.92571 5.4368,
	5.91468 5.42577,
	5.92571 5.41474,
	5.93674 5.42577,
	"/>
<Contour name="d08ax31ssvr" hidden="true" closed="true" simplified="false" border="0 1 0.251" fill="0 0 1" mode="11"
 points="6.07383 5.43838,
	6.0628 5.42735,
	6.07383 5.41632,
	6.08486 5.42735,
	"/>
<Contour name="d08ax31ssvr" hidden="true" closed="true" simplified="false" border="0 1 0.251" fill="0 0 1" mode="11"
 points="6.26134 5.33753,
	6.25031 5.3265,
	6.26134 5.31547,
	6.27237 5.3265,
	"/>
<Contour name="d08ax31ssvr" hidden="true" closed="true" simplified="false" border="0 1 0.251" fill="0 0 1" mode="11"
 points="6.27079 5.29341,
	6.25976 5.28238,
	6.27079 5.27135,
	6.28182 5.28238,
	"/>
<Contour name="d08ax31ssvr" hidden="true" closed="true" simplified="false" border="0 1 0.251" fill="0 0 1" mode="11"
 points="5.54281 5.62746,
	5.53178 5.61643,
	5.54281 5.6054,
	5.55384 5.61643,
	"/>
</Transform>

<Transform dim="0"
 xcoef=" 0 1 0 0 0 0"
 ycoef=" 0 0 1 0 0 0">
<Contour name="d08ax33ssvr" hidden="true" closed="true" simplified="false" border="0 1 0.251" fill="0 0 1" mode="11"
 points="2.65877 4.7727,
	2.6471 4.76104,
	2.65877 4.74937,
	2.67043 4.76104,
	"/>
<Contour name="d08ax33ssvr" hidden="true" closed="true" simplified="false" border="0 1 0.251" fill="0 0 1" mode="11"
 points="2.61544 4.76104,
	2.60377 4.74937,
	2.61544 4.7377,
	2.6271 4.74937,
	"/>
<Contour name="d08ax33ssvr" hidden="true" closed="true" simplified="false" border="0 1 0.251" fill="0 0 1" mode="11"
 points="2.44378 4.78604,
	2.43211 4.77437,
	2.44378 4.7627,
	2.45544 4.77437,
	"/>
<Contour name="d08ax33ssvr" hidden="true" closed="true" simplified="false" border="0 1 0.251" fill="0 0 1" mode="11"
 points="2.39878 4.75604,
	2.38711 4.74437,
	2.39878 4.7327,
	2.41044 4.74437,
	"/>
<Contour name="d08ax33ssvr" hidden="true" closed="true" simplified="false" border="0 1 0.251" fill="0 0 1" mode="11"
 points="2.37211 4.7227,
	2.36045 4.71104,
	2.37211 4.69937,
	2.38378 4.71104,
	"/>
<Contour name="d08ax33ssvr" hidden="true" closed="true" simplified="false" border="0 1 0.251" fill="0 0 1" mode="11"
 points="2.36711 4.68271,
	2.35545 4.67104,
	2.36711 4.65937,
	2.37878 4.67104,
	"/>
<Contour name="d08ax33ssvr" hidden="true" closed="true" simplified="false" border="0 1 0.251" fill="0 0 1" mode="11"
 points="2.32045 4.72937,
	2.30878 4.71771,
	2.32045 4.70604,
	2.33211 4.71771,
	"/>
<Contour name="d08ax33ssvr" hidden="true" closed="true" simplified="false" border="0 1 0.251" fill="0 0 1" mode="11"
 points="2.35045 4.7427,
	2.33878 4.73104,
	2.35045 4.71937,
	2.36211 4.73104,
	"/>
<Contour name="d08ax33ssvr" hidden="true" closed="true" simplified="false" border="0 1 0.251" fill="0 0 1" mode="11"
 points="2.89876 4.58771,
	2.88709 4.57604,
	2.89876 4.56438,
	2.91042 4.57604,
	"/>
<Contour name="d08ax33ssvr" hidden="true" closed="true" simplified="false" border="0 1 0.251" fill="0 0 1" mode="11"
 points="3.46707 4.87103,
	3.4554 4.85937,
	3.46707 4.8477,
	3.47873 4.85937,
	"/>
<Contour name="d08ax33ssvr" hidden="true" closed="true" simplified="false" border="0 1 0.251" fill="0 0 1" mode="11"
 points="3.66373 4.97269,
	3.65206 4.96103,
	3.66373 4.94936,
	3.67539 4.96103,
	"/>
</Transform>

<Transform dim="0"
 xcoef=" 0 1 0 0 0 0"
 ycoef=" 0 0 1 0 0 0">
<Contour name="d10ax35ssvr" hidden="true" closed="true" simplified="false" border="0 1 0.251" fill="0 0 1" mode="11"
 points="5.09567 2.47427,
	5.08141 2.46001,
	5.09567 2.44574,
	5.10994 2.46001,
	"/>
<Contour name="d10ax35ssvr" hidden="true" closed="true" simplified="false" border="0 1 0.251" fill="0 0 1" mode="11"
 points="5.11401 2.43556,
	5.09975 2.42129,
	5.11401 2.40703,
	5.12827 2.42129,
	"/>
<Contour name="d10ax35ssvr" hidden="true" closed="true" simplified="false" border="0 1 0.251" fill="0 0 1" mode="11"
 points="5.15884 2.43759,
	5.14458 2.42333,
	5.15884 2.40907,
	5.1731 2.42333,
	"/>
<Contour name="d10ax35ssvr" hidden="true" closed="true" simplified="false" border="0 1 0.251" fill="0 0 1" mode="11"
 points="5.21589 2.33775,
	5.20163 2.32349,
	5.21589 2.30922,
	5.23016 2.32349,
	"/>
<Contour name="d10ax35ssvr" hidden="true" closed="true" simplified="false" border="0 1 0.251" fill="0 0 1" mode="11"
 points="5.29332 2.31533,
	5.27906 2.30107,
	5.29332 2.28681,
	5.30759 2.30107,
	"/>
<Contour name="d10ax35ssvr" hidden="true" closed="true" simplified="false" border="0 1 0.251" fill="0 0 1" mode="11"
 points="5.36668 2.26032,
	5.35241 2.24606,
	5.36668 2.23179,
	5.38094 2.24606,
	"/>
<Contour name="d10ax35ssvr" hidden="true" closed="true" simplified="false" border="0 1 0.251" fill="0 0 1" mode="11"
 points="5.43596 2.28273,
	5.42169 2.26847,
	5.43596 2.25421,
	5.45022 2.26847,
	"/>
<Contour name="d10ax35ssvr" hidden="true" closed="true" simplified="false" border="0 1 0.251" fill="0 0 1" mode="11"
 points="5.72122 2.15232,
	5.70696 2.13806,
	5.72122 2.1238,
	5.73549 2.13806,
	"/>
<Contour name="d10ax35ssvr" hidden="true" closed="true" simplified="false" border="0 1 0.251" fill="0 0 1" mode="11"
 points="5.83941 2.06267,
	5.82514 2.04841,
	5.83941 2.03414,
	5.85367 2.04841,
	"/>
<Contour name="d10ax35ssvr" hidden="true" closed="true" simplified="false" border="0 1 0.251" fill="0 0 1" mode="11"
 points="5.91887 2.02599,
	5.90461 2.01173,
	5.91887 1.99746,
	5.93314 2.01173,
	"/>
<Contour name="d10ax35ssvr" hidden="true" closed="true" simplified="false" border="0 1 0.251" fill="0 0 1" mode="11"
 points="5.9637 1.9995,
	5.94944 1.98524,
	5.9637 1.97098,
	5.97797 1.98524,
	"/>
<Contour name="d10ax35ssvr" hidden="true" closed="true" simplified="false" border="0 1 0.251" fill="0 0 1" mode="11"
 points="6.01872 1.97709,
	6.00445 1.96283,
	6.01872 1.94856,
	6.03298 1.96283,
	"/>
<Contour name="d10ax35ssvr" hidden="true" closed="true" simplified="false" border="0 1 0.251" fill="0 0 1" mode="11"
 points="6.088 1.9506,
	6.07373 1.93634,
	6.088 1.92207,
	6.10226 1.93634,
	"/>
<Contour name="d10ax35ssvr" hidden="true" closed="true" simplified="false" border="0 1 0.251" fill="0 0 1" mode="11"
 points="6.11856 1.98728,
	6.1043 1.97301,
	6.11856 1.95875,
	6.13283 1.97301,
	"/>
</Transform>

<Transform dim="0"
 xcoef=" 0 1 0 0 0 0"
 ycoef=" 0 0 1 0 0 0">
<Contour name="d10ax37ssvr" hidden="true" closed="true" simplified="false" border="0 1 0.251" fill="0 0 1" mode="11"
 points="8.50134 1.85817,
	8.48913 1.84596,
	8.50134 1.83375,
	8.51355 1.84596,
	"/>
</Transform>

<Transform dim="0"
 xcoef=" 0 1 0 0 0 0"
 ycoef=" 0 0 1 0 0 0">
<Contour name="d10c22axon" hidden="true" closed="true" simplified="true" border="1 1 0" fill="1 1 0" mode="-9"
 points="6.17321 1.53345,
	6.17716 1.51768,
	6.23629 1.46643,
	6.29936 1.43096,
	6.33089 1.4073,
	6.34666 1.39942,
	6.35455 1.39942,
	6.35849 1.39154,
	6.39003 1.38365,
	6.40579 1.37577,
	6.46887 1.37577,
	6.48463 1.37971,
	6.49252 1.37971,
	6.52405 1.39942,
	6.53982 1.41125,
	6.54771 1.41125,
	6.55953 1.42701,
	6.55559 1.49009,
	6.53982 1.52162,
	6.51223 1.54922,
	6.44916 1.58469,
	6.43339 1.58864,
	6.4255 1.59652,
	6.29936 1.60835,
	6.23629 1.6044,
	6.22052 1.59258,
	6.18898 1.58469,
	6.17716 1.56893,
	6.17321 1.53739,
	"/>
</Transform>

<Transform dim="0"
 xcoef=" 0 1 0 0 0 0"
 ycoef=" 0 0 1 0 0 0">
<Contour name="d02p45" hidden="true" closed="true" simplified="false" border="1 0 0" fill="1 0 0" mode="-13"
 points="5.98131 2.52813,
	5.98131 2.47566,
	5.92884 2.47566,
	5.92884 2.52157,
	5.92228 2.52813,
	5.92228 2.4691,
	5.98787 2.4691,
	5.98787 2.53468,
	5.92228 2.53468,
	5.92884 2.52813,
	"/>
</Transform>

<Transform dim="0"
 xcoef=" 0 1 0 0 0 0"
 ycoef=" 0 0 1 0 0 0">
<Contour name="d01SER" hidden="true" closed="true" simplified="true" border="0 1 0" fill="0 1 0" mode="11"
 points="6.23538 2.9052,
	6.24499 2.898,
	6.24979 2.898,
	6.25459 2.8932,
	6.2738 2.8932,
	6.2834 2.898,
	6.29061 2.90761,
	6.2834 2.91721,
	6.2642 2.92441,
	6.24499 2.92441,
	6.23779 2.91721,
	6.23538 2.90761,
	"/>
<Contour name="d01SER" hidden="true" closed="true" simplified="true" border="0 1 0" fill="0 1 0" mode="11"
 points="5.97608 3.35419,
	5.98568 3.34459,
	6.00489 3.33738,
	6.0433 3.33978,
	6.05291 3.33978,
	6.07212 3.34699,
	6.08172 3.34939,
	6.12014 3.3734,
	6.13934 3.383,
	6.17776 3.3854,
	6.19697 3.3878,
	6.20657 3.39261,
	6.21137 3.39501,
	6.21378 3.40461,
	6.21137 3.41422,
	6.19217 3.42382,
	6.17296 3.42622,
	6.16335 3.42622,
	6.12494 3.40941,
	6.08652 3.39981,
	6.04811 3.39981,
	6.0289 3.39741,
	6.00969 3.39021,
	6.00009 3.3878,
	5.98088 3.3758,
	5.97608 3.3662,
	5.97608 3.35659,
	"/>
<Contour name="d01SER" hidden="true" closed="true" simplified="true" border="0 1 0" fill="0 1 0" mode="11"
 points="5.92085 3.25335,
	5.93046 3.24615,
	5.94967 3.24855,
	5.96887 3.25815,
	5.98808 3.25815,
	5.99288 3.26055,
	5.98808 3.27976,
	5.97848 3.28216,
	5.97608 3.28696,
	5.95687 3.29417,
	5.94727 3.29417,
	5.92806 3.28216,
	5.92085 3.27256,
	5.92085 3.25575,
	"/>
</Transform>

<Transform dim="0"
 xcoef=" 0 1 0 0 0 0"
 ycoef=" 0 0 1 0 0 0">
<Contour name="d01SER" hidden="true" closed="true" simplified="true" border="0 1 0" fill="0 1 0" mode="11"
 points="5.57511 2.92201,
	5.57991 2.91241,
	5.59912 2.9052,
	5.60872 2.90761,
	5.62553 2.92201,
	5.62073 2.93162,
	5.60152 2.93882,
	5.58231 2.93642,
	5.57511 2.92921,
	5.57511 2.92441,
	"/>
</Transform>

<Transform dim="0"
 xcoef=" 0 1 0 0 0 0"
 ycoef=" 0 0 1 0 0 0">
<Contour name="d02SER" hidden="true" closed="true" simplified="true" border="0 1 0" fill="0 1 0" mode="-9"
 points="6.03218 2.57305,
	6.05944 2.56964,
	6.08671 2.57305,
	6.09011 2.57646,
	6.0833 2.58327,
	6.05603 2.59009,
	6.0424 2.59009,
	6.03218 2.57646,
	"/>
<Contour name="d02SER" hidden="true" closed="true" simplified="true" border="0 1 0" fill="0 1 0" mode="-9"
 points="6.39002 2.54238,
	6.41728 2.52874,
	6.42751 2.52193,
	6.44114 2.53215,
	6.44455 2.53897,
	6.42751 2.55601,
	6.40024 2.55942,
	6.39002 2.54919,
	6.39002 2.54578,
	"/>
<Contour name="d02SER" hidden="true" closed="true" simplified="true" border="0 1 0" fill="0 1 0" mode="-9"
 points="6.76831 2.48444,
	6.78194 2.47422,
	6.78876 2.47081,
	6.80239 2.47422,
	6.8058 2.48103,
	6.79557 2.49126,
	6.78194 2.49466,
	6.76831 2.49126,
	6.76831 2.48785,
	"/>
</Transform>

<Transform dim="0"
 xcoef=" 0 1 0 0 0 0"
 ycoef=" 0 0 1 0 0 0">
<Contour name="d04SER" hidden="true" closed="true" simplified="true" border="0 1 0" fill="0 1 0" mode="-9"
 points="2.0556 3.30971,
	2.06032 3.30028,
	2.06032 3.29556,
	2.06503 3.29085,
	2.07682 3.25313,
	2.09332 3.23899,
	2.13104 3.2272,
	2.1499 3.22249,
	2.15933 3.21541,
	2.16875 3.21777,
	2.17583 3.2272,
	2.17347 3.24606,
	2.16875 3.25549,
	2.15933 3.26492,
	2.15225 3.26963,
	2.13339 3.28849,
	2.10511 3.32621,
	2.10039 3.33564,
	2.09096 3.34271,
	2.0721 3.34507,
	2.0556 3.32857,
	2.0556 3.31207,
	"/>
</Transform>

<Transform dim="0"
 xcoef=" 0 1 0 0 0 0"
 ycoef=" 0 0 1 0 0 0">
<Contour name="d04SER" hidden="true" closed="true" simplified="true" border="0 1 0" fill="0 1 0" mode="-9"
 points="1.48513 3.41107,
	1.49455 3.40164,
	1.51341 3.39693,
	1.51813 3.39457,
	1.52284 3.39693,
	1.52284 3.41579,
	1.51341 3.42286,
	1.49455 3.4205,
	1.48513 3.41815,
	1.48513 3.41343,
	"/>
</Transform>

<Transform dim="0"
 xcoef=" 0 1 0 0 0 0"
 ycoef=" 0 0 1 0 0 0">
<Contour name="d04SER" hidden="true" closed="true" simplified="true" border="0 1 0" fill="0 1 0" mode="-9"
 points="1.636 2.98911,
	1.65485 2.98204,
	1.67371 2.98204,
	1.67843 2.9844,
	1.68314 3.0009,
	1.67843 3.01033,
	1.669 3.0174,
	1.65957 3.01504,
	1.65485 3.01504,
	1.64778 3.00797,
	1.63835 3.00561,
	1.636 2.99618,
	1.636 2.99147,
	"/>
</Transform>

<Transform dim="0"
 xcoef=" 0 1 0 0 0 0"
 ycoef=" 0 0 1 0 0 0">
<Contour name="d04SER" hidden="true" closed="true" simplified="true" border="0 1 0" fill="0 1 0" mode="-9"
 points="1.06788 3.437,
	1.07731 3.42993,
	1.09616 3.43229,
	1.10559 3.437,
	1.10795 3.43936,
	1.08909 3.45115,
	1.07966 3.45115,
	1.07023 3.44408,
	1.06788 3.43936,
	"/>
</Transform>

<Transform dim="0"
 xcoef=" 0 1 0 0 0 0"
 ycoef=" 0 0 1 0 0 0">
<Contour name="d05SER" hidden="false" closed="true" simplified="true" border="0 1 0" fill="0 1 0" mode="11"
 points="4.83598 3.181,
	4.85133 3.15644,
	4.86361 3.15337,
	4.8759 3.16258,
	4.88204 3.18714,
	4.88204 3.19942,
	4.8759 3.2117,
	4.86361 3.21785,
	4.85133 3.21785,
	4.83598 3.19635,
	4.83598 3.18407,
	"/>
<Contour name="d05SER" hidden="false" closed="true" simplified="true" border="0 1 0" fill="0 1 0" mode="11"
 points="5.25356 3.08275,
	5.26584 3.07967,
	5.27813 3.08275,
	5.29041 3.09196,
	5.28734 3.10424,
	5.27506 3.10731,
	5.26277 3.10424,
	5.25356 3.09196,
	5.25356 3.08582,
	"/>
<Contour name="d05SER" hidden="false" closed="true" simplified="true" border="0 1 0" fill="0 1 0" mode="11"
 points="5.37638 3.41743,
	5.38252 3.41128,
	5.43165 3.40821,
	5.44393 3.41436,
	5.447 3.42664,
	5.43165 3.44813,
	5.40709 3.44506,
	5.38252 3.42971,
	5.37638 3.42357,
	5.37638 3.4205,
	"/>
</Transform>

<Transform dim="0"
 xcoef=" 0 1 0 0 0 0"
 ycoef=" 0 0 1 0 0 0">
<Contour name="d05SER" hidden="false" closed="true" simplified="true" border="0 1 0" fill="0 1 0" mode="11"
 points="5.4685 3.399,
	5.51455 3.36216,
	5.52683 3.35909,
	5.53297 3.37137,
	5.53912 3.37751,
	5.53912 3.38979,
	5.5299 3.40207,
	5.52376 3.40821,
	5.47464 3.41128,
	5.4685 3.40821,
	5.4685 3.40207,
	"/>
</Transform>

<Transform dim="1"
 xcoef=" 0.07 1 0 0 0 0"
 ycoef=" -0.14 0 1 0 0 0">
<Contour name="d08SER" hidden="true" closed="true" simplified="true" border="0 1 0" fill="0 1 0" mode="-9"
 points="5.38344 4.82143,
	5.39419 4.81336,
	5.40495 4.81336,
	5.41571 4.81874,
	5.42108 4.81874,
	5.42377 4.82412,
	5.42108 4.83488,
	5.39957 4.83756,
	5.38882 4.8295,
	5.38344 4.82681,
	5.38344 4.82412,
	"/>
<Contour name="d08SER" hidden="true" closed="true" simplified="true" border="0 1 0" fill="0 1 0" mode="-9"
 points="5.38882 5.03386,
	5.40764 5.01504,
	5.41839 5.00697,
	5.42915 5.00428,
	5.43453 5.0258,
	5.43184 5.03655,
	5.41302 5.05,
	5.40226 5.05,
	5.3915 5.04462,
	5.38882 5.03655,
	"/>
</Transform>

<Transform dim="0"
 xcoef=" 0 1 0 0 0 0"
 ycoef=" 0 0 1 0 0 0">
<Contour name="d10SER" hidden="true" closed="true" simplified="true" border="0 1 0" fill="0 1 0" mode="11"
 points="6.37351 0.934983,
	6.38554 0.925963,
	6.39757 0.925963,
	6.40959 0.934983,
	6.43064 0.983085,
	6.44867 1.00413,
	6.49678 1.0372,
	6.54488 1.05223,
	6.59298 1.05524,
	6.60501 1.05524,
	6.62906 1.06426,
	6.64108 1.06726,
	6.6471 1.06726,
	6.65311 1.07328,
	6.65912 1.07328,
	6.68317 1.09432,
	6.68618 1.09733,
	6.67415 1.10935,
	6.62605 1.11236,
	6.602 1.10935,
	6.59599 1.10334,
	6.57194 1.09733,
	6.55991 1.08831,
	6.54788 1.0853,
	6.53586 1.07628,
	6.51181 1.06726,
	6.46371 1.06125,
	6.43966 1.05223,
	6.41861 1.0372,
	6.38253 0.99511,
	6.38253 0.989097,
	6.37652 0.983085,
	6.37351 0.937989,
	"/>
<Contour name="d10SER" hidden="true" closed="true" simplified="true" border="0 1 0" fill="0 1 0" mode="11"
 points="6.78238 0.7546,
	6.80643 0.736562,
	6.82748 0.724536,
	6.83349 0.727543,
	6.82447 0.751594,
	6.80944 0.772638,
	6.79741 0.778651,
	6.78539 0.778651,
	6.78238 0.757606,
	"/>
</Transform>

<Transform dim="0"
 xcoef=" 0 1 0 0 0 0"
 ycoef=" 0 0 1 0 0 0">
<Contour name="d02SER" hidden="true" closed="true" simplified="true" border="0 1 0" fill="0 1 0" mode="-9"
 points="5.14846 2.65743,
	5.16863 2.64987,
	5.20897 2.64482,
	5.21905 2.64482,
	5.22914 2.64987,
	5.23418 2.65491,
	5.22914 2.66499,
	5.21905 2.67256,
	5.19888 2.6776,
	5.17871 2.6776,
	5.15854 2.67256,
	5.14846 2.66499,
	5.14846 2.65995,
	"/>
<Contour name="d02SER" hidden="true" closed="true" simplified="true" border="0 1 0" fill="0 1 0" mode="-9"
 points="5.07786 2.69777,
	5.08794 2.69273,
	5.12829 2.69021,
	5.13837 2.69021,
	5.14341 2.68516,
	5.16358 2.68516,
	5.20392 2.69525,
	5.21401 2.70533,
	5.21401 2.71038,
	5.20897 2.71542,
	5.1888 2.72046,
	5.16863 2.72046,
	5.12829 2.7129,
	5.08794 2.71038,
	5.0829 2.71038,
	5.07786 2.70533,
	5.07786 2.70029,
	"/>
</Transform>

<Transform dim="0"
 xcoef=" 0 1 0 0 0 0"
 ycoef=" 0 0 1 0 0 0">
<Contour name="d02SERp45" hidden="true" closed="true" simplified="true" border="0 1 0" fill="0 1 0" mode="-9"
 points="5.16846 2.64743,
	5.18863 2.63987,
	5.22897 2.63482,
	5.23905 2.63482,
	5.24914 2.63987,
	5.25418 2.64491,
	5.24914 2.65499,
	5.23905 2.66256,
	5.21888 2.6676,
	5.19871 2.6676,
	5.17854 2.66256,
	5.16846 2.65499,
	5.16846 2.64995,
	"/>
<Contour name="d02SERp45" hidden="true" closed="true" simplified="true" border="0 1 0" fill="0 1 0" mode="-9"
 points="5.09786 2.68777,
	5.10794 2.68273,
	5.14829 2.68021,
	5.15837 2.68021,
	5.16341 2.67516,
	5.18358 2.67516,
	5.22392 2.68525,
	5.23401 2.69533,
	5.23401 2.70038,
	5.22897 2.70542,
	5.2088 2.71046,
	5.18863 2.71046,
	5.14829 2.7029,
	5.10794 2.70038,
	5.1029 2.70038,
	5.09786 2.69533,
	5.09786 2.69029,
	"/>
</Transform>

<Transform dim="0"
 xcoef=" 0 1 0 0 0 0"
 ycoef=" 0 0 1 0 0 0">
<Contour name="d02_SER" hidden="true" closed="true" simplified="true" border="0 1 0" fill="0 1 0" mode="-9"
 points="6.03218 2.57305,
	6.05944 2.56964,
	6.08671 2.57305,
	6.09011 2.57646,
	6.0833 2.58327,
	6.05603 2.59009,
	6.0424 2.59009,
	6.03218 2.57646,
	"/>
<Contour name="d02_SER" hidden="true" closed="true" simplified="true" border="0 1 0" fill="0 1 0" mode="-9"
 points="6.39002 2.54238,
	6.41728 2.52874,
	6.42751 2.52193,
	6.44114 2.53215,
	6.44455 2.53897,
	6.42751 2.55601,
	6.40024 2.55942,
	6.39002 2.54919,
	6.39002 2.54578,
	"/>
<Contour name="d02_SER" hidden="true" closed="true" simplified="true" border="0 1 0" fill="0 1 0" mode="-9"
 points="6.76831 2.48444,
	6.78194 2.47422,
	6.78876 2.47081,
	6.80239 2.47422,
	6.8058 2.48103,
	6.79557 2.49126,
	6.78194 2.49466,
	6.76831 2.49126,
	6.76831 2.48785,
	"/>
</Transform>

<Transform dim="0"
 xcoef=" 0 1 0 0 0 0"
 ycoef=" 0 0 1 0 0 0">
<Contour name="d02_SER" hidden="true" closed="true" simplified="true" border="0 1 0" fill="0 1 0" mode="-9"
 points="5.14846 2.65743,
	5.16863 2.64987,
	5.20897 2.64482,
	5.21905 2.64482,
	5.22914 2.64987,
	5.23418 2.65491,
	5.22914 2.66499,
	5.21905 2.67256,
	5.19888 2.6776,
	5.17871 2.6776,
	5.15854 2.67256,
	5.14846 2.66499,
	5.14846 2.65995,
	"/>
<Contour name="d02_SER" hidden="true" closed="true" simplified="true" border="0 1 0" fill="0 1 0" mode="-9"
 points="5.07786 2.69777,
	5.08794 2.69273,
	5.12829 2.69021,
	5.13837 2.69021,
	5.14341 2.68516,
	5.16358 2.68516,
	5.20392 2.69525,
	5.21401 2.70533,
	5.21401 2.71038,
	5.20897 2.71542,
	5.1888 2.72046,
	5.16863 2.72046,
	5.12829 2.7129,
	5.08794 2.71038,
	5.0829 2.71038,
	5.07786 2.70533,
	5.07786 2.70029,
	"/>
</Transform>

<Transform dim="0"
 xcoef=" 0 1 0 0 0 0"
 ycoef=" 0 0 1 0 0 0">
<Contour name="d01p40" hidden="true" closed="true" simplified="false" border="1 0 0" fill="1 0 0" mode="-13"
 points="6.11903 3.50206,
	6.13215 3.48894,
	6.07968 3.43648,
	6.0928 3.42336,
	6.14527 3.47583,
	6.15839 3.46271,
	6.15839 3.50206,
	"/>
</Transform>

<Transform dim="6"
 xcoef=" 0.610701921506756 0.766659432331444 0.033578714698148 0 0 0"
 ycoef=" 0.0220955651621476 0.0671644477755294 1.2440665679773 0 0 0">
<Image mag="0.00223486" contrast="1" brightness="-0.25" red="true" green="true" blue="true"
 src="XRZCT.186.jpg" />
<Contour name="domain1" hidden="false" closed="true" simplified="false" border="1 0 1" fill="1 0 1" mode="11"
 points="0 0,
	4083 0,
	4083 4083,
	0 4083,
	"/>
</Transform>

<Transform dim="0"
 xcoef=" 0 1 0 0 0 0"
 ycoef=" 0 0 1 0 0 0">
<Contour name="d01_cl11_syn" hidden="true" closed="true" simplified="true" border="1 1 0" fill="1 0.5 0" mode="11"
 points="5.32522 2.95798,
	5.33523 2.94405,
	5.34002 2.93709,
	5.3522 2.92316,
	5.3583 2.91619,
	5.36135 2.91271,
	5.38921 2.89007,
	5.40314 2.87919,
	5.40662 2.87614,
	5.42055 2.86787,
	5.42751 2.86352,
	5.431 2.86134,
	5.48672 2.84045,
	5.51458 2.83,
	5.52851 2.82521,
	5.58423 2.81433,
	5.59816 2.81084,
	5.65388 2.8091,
	5.68174 2.80823,
	5.69567 2.80736,
	5.75139 2.79691,
	5.77925 2.79169,
	5.79318 2.78908,
	5.82104 2.78168,
	5.83497 2.7782,
	5.86283 2.77776,
	5.87676 2.77776,
	5.88372 2.77776,
	5.93945 2.76775,
	5.96731 2.76252,
	5.98124 2.75991,
	6.0091 2.75295,
	6.02303 2.74947,
	6.02999 2.74816,
	6.04392 2.74816,
	6.05089 2.74816,
	6.06482 2.74511,
	6.07875 2.74119,
	6.10661 2.72726,
	6.12054 2.7203,
	6.12402 2.71856,
	6.13055 2.71203,
	6.15841 2.72161,
	6.17234 2.72639,
	6.17582 2.72726,
	6.20368 2.72552,
	6.21761 2.72465,
	6.22109 2.72422,
	6.24895 2.72726,
	6.25592 2.72726,
	6.2594 2.7277,
	6.27333 2.73597,
	6.2803 2.74032,
	6.28378 2.7425,
	6.29075 2.74424,
	6.29423 2.74511,
	6.30119 2.74555,
	6.31512 2.75382,
	6.32209 2.75817,
	6.32513 2.76078,
	6.32688 2.8165,
	6.32775 2.84436,
	6.32862 2.85829,
	6.3321 2.88615,
	6.33384 2.90008,
	6.33428 2.92794,
	6.33384 2.9558,
	6.3321 2.96973,
	6.33079 2.9767,
	6.31991 3.00456,
	6.31425 3.01849,
	6.31338 3.02023,
	6.31338 3.03416,
	6.31338 3.04113,
	6.31338 3.04461,
	6.31861 3.05854,
	6.32078 3.0655,
	6.32252 3.06899,
	6.33254 3.08292,
	6.33776 3.08945,
	6.35169 3.09859,
	6.35865 3.10294,
	6.3604 3.10381,
	6.36736 3.11078,
	6.37084 3.11426,
	6.37258 3.116,
	6.38651 3.12297,
	6.39348 3.12645,
	6.39696 3.12819,
	6.42482 3.13167,
	6.43875 3.13298,
	6.44572 3.13428,
	6.47358 3.14647,
	6.48751 3.15257,
	6.49099 3.15431,
	6.50492 3.15474,
	6.51189 3.15474,
	6.51537 3.15474,
	6.51711 3.15518,
	6.53104 3.16432,
	6.538 3.16867,
	6.53975 3.16954,
	6.54671 3.17651,
	6.55019 3.17999,
	6.55193 3.18173,
	6.57979 3.19262,
	6.59372 3.19828,
	6.59721 3.20002,
	6.58328 3.20916,
	6.57631 3.21351,
	6.57283 3.21569,
	6.56935 3.21569,
	6.56761 3.21569,
	6.51189 3.25313,
	6.49796 3.26183,
	6.48403 3.26923,
	6.45791 3.29666,
	6.44485 3.31059,
	6.43832 3.31755,
	6.42787 3.33148,
	6.42265 3.33845,
	6.4196 3.34193,
	6.36388 3.38372,
	6.34995 3.39417,
	6.34298 3.39809,
	6.33602 3.40113,
	6.32209 3.40113,
	6.31512 3.40113,
	6.30119 3.40418,
	6.29771 3.40679,
	6.29075 3.41332,
	6.28726 3.41637,
	6.28639 3.41811,
	6.28117 3.44597,
	6.27856 3.4599,
	6.27203 3.48776,
	6.27029 3.49473,
	6.26854 3.50866,
	6.26854 3.5104,
	6.27116 3.51736,
	6.27203 3.52084,
	6.2742 3.52433,
	6.28073 3.53129,
	6.28378 3.53477,
	6.28552 3.53652,
	6.31338 3.55088,
	6.31512 3.55219,
	6.32252 3.56612,
	6.3247 3.5696,
	6.32905 3.58353,
	6.33079 3.59049,
	6.33166 3.59398,
	6.33776 3.60791,
	6.34255 3.62184,
	6.34516 3.63577,
	6.34559 3.64273,
	6.34429 3.65666,
	6.34385 3.6584,
	6.34385 3.65927,
	6.32992 3.66798,
	6.31599 3.67495,
	6.31251 3.67669,
	6.29858 3.68017,
	6.29162 3.68191,
	6.26376 3.68583,
	6.24983 3.68801,
	6.24286 3.68931,
	6.22893 3.69018,
	6.215 3.69018,
	6.20107 3.69105,
	6.19759 3.69105,
	6.16973 3.68322,
	6.1558 3.67756,
	6.14883 3.67451,
	6.14578 3.67233,
	6.13011 3.64447,
	6.12141 3.63054,
	6.11749 3.62358,
	6.10791 3.59572,
	6.10661 3.59224,
	6.09311 3.57831,
	6.08615 3.57178,
	6.03043 3.53303,
	6.0165 3.5252,
	6.00953 3.52172,
	6.00257 3.5191,
	5.98864 3.51519,
	5.97471 3.50996,
	5.96774 3.50735,
	5.96426 3.50604,
	5.96252 3.50561,
	5.93466 3.50822,
	5.93117 3.50866,
	5.92421 3.50735,
	5.91724 3.50517,
	5.90331 3.49473,
	5.89635 3.4895,
	5.89287 3.48689,
	5.87894 3.47296,
	5.87545 3.46991,
	5.81973 3.46687,
	5.81625 3.46687,
	5.81277 3.46338,
	5.81103 3.46164,
	5.81016 3.46077,
	5.80667 3.46077,
	5.80493 3.46077,
	5.80406 3.46077,
	5.7971 3.45468,
	5.78317 3.44945,
	5.7762 3.44684,
	5.77446 3.44597,
	5.7675 3.44553,
	5.73964 3.42769,
	5.73267 3.42246,
	5.7318 3.42159,
	5.73006 3.40766,
	5.72919 3.4007,
	5.72875 3.39721,
	5.73049 3.39025,
	5.73136 3.38677,
	5.75139 3.35891,
	5.76184 3.34498,
	5.77968 3.31712,
	5.77968 3.30319,
	5.77968 3.29622,
	5.77925 3.29274,
	5.76575 3.27881,
	5.75879 3.27184,
	5.75182 3.26662,
	5.74834 3.26401,
	5.72048 3.25487,
	5.70655 3.25051,
	5.69959 3.24834,
	5.67173 3.24311,
	5.6578 3.24094,
	5.65083 3.23963,
	5.53939 3.23658,
	5.51153 3.23658,
	5.4976 3.23658,
	5.49586 3.23658,
	5.468 3.22091,
	5.45407 3.21308,
	5.4471 3.20872,
	5.43317 3.19653,
	5.42621 3.19044,
	5.42273 3.18783,
	5.4088 3.17999,
	5.40183 3.17564,
	5.37397 3.153,
	5.36004 3.14168,
	5.35656 3.13864,
	5.35482 3.13733,
	5.34611 3.1234,
	5.34176 3.11644,
	5.34002 3.11295,
	5.33827 3.10599,
	5.3374 3.10251,
	5.33697 3.10164,
	5.34567 3.07378,
	5.35003 3.05985,
	5.35177 3.05288,
	5.35177 3.04592,
	5.35177 3.04243,
	5.34872 3.03547,
	5.34698 3.03199,
	5.34611 3.03024,
	5.34437 3.01631,
	5.3435 3.00935,
	5.34306 3.00587,
	5.33262 2.99194,
	5.32739 2.98497,
	5.32522 2.98149,
	5.32522 2.96756,
	5.32522 2.96059,
	5.32522 2.95885,
	5.32522 2.95842,
	"/>
</Transform>

<Transform dim="0"
 xcoef=" 0 1 0 0 0 0"
 ycoef=" 0 0 1 0 0 0">
<Contour name="d01_sp40_branched" hidden="true" closed="true" simplified="true" border="1 1 0" fill="1 1 0" mode="11"
 points="6.27014 3.50489,
	6.26811 3.52111,
	6.27217 3.52921,
	6.27318 3.53326,
	6.28838 3.54846,
	6.30459 3.55657,
	6.3127 3.56062,
	6.32283 3.57582,
	6.33397 3.60824,
	6.34005 3.62446,
	6.34411 3.64067,
	6.34512 3.65688,
	6.34411 3.66499,
	6.34411 3.66904,
	6.32789 3.67917,
	6.31168 3.68626,
	6.29547 3.69133,
	6.23062 3.70045,
	6.1982 3.70146,
	6.18199 3.69741,
	6.14956 3.68424,
	6.14551 3.68221,
	6.12727 3.64979,
	6.11714 3.63358,
	6.10599 3.60115,
	6.08978 3.58494,
	6.05736 3.56265,
	6.04115 3.5515,
	6.03304 3.54542,
	6.03101 3.54441,
	6.03203 3.54137,
	6.06445 3.53428,
	6.0685 3.53428,
	6.07256 3.53225,
	6.08877 3.52921,
	6.09282 3.52921,
	6.09485 3.52921,
	6.09687 3.52718,
	6.11309 3.52516,
	6.14551 3.51807,
	6.15362 3.51807,
	6.21846 3.50895,
	6.23468 3.50591,
	6.24278 3.50591,
	6.25089 3.50388,
	6.2671 3.50287,
	6.26913 3.50287,
	"/>
</Transform>

<Transform dim="0"
 xcoef=" 0 1 0 0 0 0"
 ycoef=" 0 0 1 0 0 0">
<Contour name="d01_sp36" hidden="true" closed="true" simplified="true" border="1 1 0" fill="1 1 0" mode="11"
 points="4.97241 2.58493,
	4.97839 2.57297,
	5.00233 2.55502,
	5.02626 2.54305,
	5.07413 2.54006,
	5.09807 2.54305,
	5.10704 2.55502,
	5.11901 2.55801,
	5.11901 2.58194,
	5.11602 2.59391,
	5.10106 2.61785,
	5.07712 2.6358,
	5.02925 2.63879,
	5.00532 2.63879,
	4.98139 2.6328,
	4.97241 2.62383,
	4.97241 2.59989,
	4.97241 2.58793,
	"/>
</Transform>

<Transform dim="0"
 xcoef=" 0 1 0 0 0 0"
 ycoef=" 0 0 1 0 0 0">
<Contour name="d01_sp42" hidden="true" closed="true" simplified="true" border="1 1 0" fill="1 1 0" mode="11"
 points="6.8782 3.50941,
	6.90214 3.49445,
	6.92607 3.48847,
	6.93804 3.48847,
	6.96197 3.47949,
	6.98591 3.4765,
	7.03378 3.48248,
	7.03976 3.48248,
	7.04574 3.50642,
	7.04574 3.5124,
	7.06968 3.53334,
	7.09361 3.53633,
	7.10558 3.53633,
	7.11755 3.5483,
	7.12054 3.59617,
	7.0996 3.61412,
	7.07566 3.62609,
	7.05173 3.63207,
	7.00386 3.63207,
	6.97992 3.62609,
	6.93505 3.59617,
	6.89316 3.55728,
	6.8782 3.53633,
	6.8782 3.5124,
	"/>
</Transform>

<Transform dim="0"
 xcoef=" 0 1 0 0 0 0"
 ycoef=" 0 0 1 0 0 0">
<Contour name="d01_sp39" hidden="true" closed="true" simplified="true" border="1 1 0" fill="1 1 0" mode="11"
 points="5.352 2.56674,
	5.36392 2.55283,
	5.4275 2.55084,
	5.45928 2.55084,
	5.47518 2.55084,
	5.48312 2.55283,
	5.50895 2.57866,
	5.52087 2.59455,
	5.52683 2.6025,
	5.53478 2.60448,
	5.54471 2.62038,
	5.55464 2.65216,
	5.55862 2.66806,
	5.56458 2.676,
	5.59437 2.69388,
	5.59636 2.70978,
	5.59437 2.72567,
	5.5904 2.73163,
	5.58245 2.73957,
	5.56656 2.74355,
	5.55067 2.74355,
	5.51888 2.73759,
	5.50299 2.73163,
	5.4871 2.72964,
	5.4712 2.72368,
	5.43942 2.7058,
	5.43544 2.70183,
	5.43147 2.70183,
	5.4275 2.69786,
	5.41955 2.69587,
	5.40366 2.68395,
	5.39571 2.676,
	5.39174 2.67203,
	5.39174 2.66806,
	5.3818 2.65216,
	5.37584 2.64422,
	5.37386 2.61243,
	5.37187 2.59654,
	5.35598 2.58263,
	5.352 2.57468,
	5.352 2.56872,
	"/>
</Transform>

<Transform dim="0"
 xcoef=" 0 1 0 0 0 0"
 ycoef=" 0 0 1 0 0 0">
<Contour name="d01_sp38" hidden="true" closed="true" simplified="true" border="1 1 0" fill="1 1 0" mode="11"
 points="4.30523 3.36281,
	4.32019 3.33887,
	4.41593 3.28801,
	4.4638 3.26109,
	4.48773 3.25211,
	4.4997 3.24912,
	4.59544 3.19527,
	4.64331 3.18031,
	4.65528 3.17432,
	4.70315 3.17133,
	4.72708 3.17133,
	4.73306 3.1833,
	4.73905 3.18928,
	4.73905 3.21322,
	4.69716 3.26109,
	4.67323 3.27305,
	4.64929 3.27904,
	4.63733 3.27904,
	4.61339 3.29699,
	4.58946 3.30297,
	4.54159 3.32691,
	4.49372 3.34486,
	4.48175 3.35084,
	4.47577 3.35084,
	4.46978 3.35683,
	4.42191 3.37777,
	4.41593 3.37777,
	4.392 3.39273,
	4.34413 3.39273,
	4.32019 3.39273,
	4.31421 3.39273,
	4.30822 3.38674,
	4.30523 3.3658,
	"/>
</Transform>

<Transform dim="0"
 xcoef=" 0 1 0 0 0 0"
 ycoef=" 0 0 1 0 0 0">
<Contour name="d01" hidden="true" closed="true" simplified="true" border="1 1 0" fill="0 1 0" mode="11"
 points="5.32498 2.96771,
	5.33148 2.95825,
	5.34743 2.93934,
	5.36457 2.92043,
	5.38348 2.90448,
	5.40239 2.8897,
	5.4213 2.87789,
	5.42603 2.87434,
	5.44494 2.86607,
	5.48276 2.85129,
	5.52058 2.8377,
	5.59622 2.82175,
	5.67186 2.8182,
	5.69077 2.81761,
	5.76641 2.80402,
	5.80423 2.79634,
	5.82314 2.79102,
	5.83259 2.78924,
	5.87041 2.78747,
	5.87987 2.78747,
	5.95551 2.77506,
	5.97442 2.77152,
	6.01224 2.76206,
	6.03115 2.75792,
	6.05006 2.75792,
	6.06897 2.75379,
	6.08788 2.7467,
	6.1257 2.7272,
	6.12925 2.72247,
	6.13161 2.72188,
	6.16943 2.73606,
	6.17889 2.73665,
	6.1978 2.73606,
	6.21671 2.73429,
	6.22143 2.7337,
	6.24034 2.73547,
	6.2498 2.73665,
	6.25453 2.73665,
	6.25689 2.73665,
	6.2758 2.74729,
	6.28526 2.75261,
	6.29471 2.75438,
	6.29944 2.75497,
	6.3018 2.75497,
	6.32071 2.76856,
	6.32485 2.77211,
	6.32721 2.84775,
	6.33135 2.88557,
	6.33312 2.90448,
	6.33371 2.9423,
	6.33371 2.96121,
	6.33194 2.98012,
	6.33194 2.98248,
	6.32544 3.00139,
	6.31776 3.0203,
	6.31421 3.02976,
	6.31362 3.04867,
	6.31362 3.0534,
	6.31362 3.05576,
	6.3213 3.07467,
	6.32308 3.0794,
	6.33785 3.09831,
	6.34258 3.10303,
	6.35203 3.10835,
	6.36149 3.11485,
	6.37094 3.12372,
	6.37567 3.12726,
	6.39458 3.13672,
	6.40403 3.13908,
	6.42294 3.14145,
	6.4324 3.14204,
	6.44185 3.14381,
	6.45131 3.14676,
	6.48913 3.16272,
	6.49386 3.16449,
	6.51277 3.16508,
	6.5175 3.16627,
	6.53641 3.17808,
	6.54113 3.18104,
	6.55059 3.1899,
	6.56004 3.19522,
	6.57895 3.20172,
	6.58841 3.20527,
	6.59727 3.21,
	6.57836 3.22181,
	6.57363 3.22477,
	6.56891 3.22536,
	6.53109 3.25018,
	6.51218 3.26259,
	6.50272 3.26909,
	6.48381 3.27914,
	6.44776 3.31696,
	6.43949 3.32641,
	6.4324 3.33587,
	6.42945 3.34059,
	6.42176 3.35005,
	6.40285 3.36482,
	6.36503 3.3926,
	6.35558 3.39969,
	6.34612 3.4056,
	6.34139 3.40855,
	6.33903 3.40973,
	6.32012 3.41092,
	6.31539 3.41092,
	6.30594 3.41328,
	6.30121 3.41505,
	6.29885 3.41564,
	6.29412 3.41919,
	6.28998 3.42392,
	6.28703 3.42864,
	6.28526 3.43101,
	6.28289 3.44992,
	6.27462 3.48774,
	6.27403 3.48892,
	6.27462 3.49365,
	6.27403 3.49837,
	6.27107 3.5031,
	6.26635 3.50665,
	6.24744 3.51019,
	6.24271 3.51138,
	6.24034 3.51138,
	6.23562 3.51315,
	6.23089 3.51374,
	6.22852 3.51374,
	6.2238 3.51551,
	6.18598 3.51965,
	6.14816 3.52142,
	6.12925 3.52438,
	6.11979 3.52615,
	6.11506 3.52733,
	6.1127 3.52733,
	6.10797 3.5291,
	6.10325 3.52969,
	6.09852 3.53147,
	6.09379 3.53206,
	6.08434 3.5356,
	6.04651 3.54329,
	6.03706 3.54329,
	6.03233 3.5427,
	6.0276 3.54033,
	6.02524 3.54033,
	6.01579 3.5356,
	6.01106 3.53265,
	5.97324 3.51965,
	5.96851 3.51728,
	5.95906 3.5161,
	5.94015 3.51728,
	5.93542 3.51788,
	5.93305 3.51847,
	5.93187 3.51906,
	5.92242 3.5161,
	5.91769 3.51433,
	5.91533 3.51374,
	5.89642 3.49897,
	5.87751 3.48183,
	5.87514 3.47946,
	5.83732 3.4771,
	5.81841 3.47651,
	5.81605 3.47651,
	5.81132 3.47178,
	5.81014 3.4706,
	5.80541 3.4706,
	5.80423 3.4706,
	5.79477 3.46351,
	5.77586 3.4576,
	5.76641 3.45464,
	5.75695 3.44933,
	5.73804 3.43692,
	5.73332 3.43219,
	5.73213 3.43101,
	5.72977 3.4121,
	5.72918 3.40737,
	5.73095 3.39791,
	5.73272 3.39319,
	5.76109 3.35537,
	5.77409 3.33646,
	5.77705 3.33173,
	5.77882 3.32937,
	5.78 3.31046,
	5.78 3.30573,
	5.77882 3.301,
	5.75991 3.28445,
	5.75045 3.27618,
	5.74573 3.27263,
	5.70791 3.26141,
	5.67009 3.25372,
	5.65117 3.25018,
	5.63226 3.249,
	5.55662 3.24722,
	5.5188 3.24663,
	5.49989 3.24604,
	5.49517 3.24545,
	5.45735 3.22536,
	5.44789 3.21945,
	5.44316 3.2159,
	5.42425 3.19877,
	5.40534 3.18695,
	5.40062 3.18458,
	5.39825 3.1834,
	5.36043 3.15149,
	5.35275 3.14263,
	5.34034 3.12372,
	5.33738 3.11426,
	5.33679 3.1119,
	5.3492 3.07408,
	5.35216 3.06462,
	5.35216 3.05517,
	5.35157 3.05044,
	5.34743 3.04099,
	5.34507 3.03626,
	5.34329 3.01735,
	5.3427 3.01498,
	5.32852 2.99607,
	5.32498 2.99135,
	5.32498 2.97244,
	5.32498 2.9683,
	"/>
</Transform>

<Transform dim="0"
 xcoef=" 0 1 0 0 0 0"
 ycoef=" 0 0 1 0 0 0">
<Contour name="d05_sp31" comment="24feb2017KH" hidden="false" closed="true" simplified="true" border="1 1 0" fill="1 1 0" mode="11"
 points="6.18451 3.7191,
	6.1929 3.71464,
	6.2013 3.71228,
	6.2034 3.71202,
	6.20445 3.71149,
	6.2055 3.71149,
	6.20602 3.71149,
	6.20707 3.71071,
	6.20812 3.71071,
	6.21232 3.70939,
	6.21337 3.70939,
	6.21441 3.70887,
	6.22281 3.70782,
	6.2312 3.70782,
	6.2333 3.70834,
	6.2375 3.70834,
	6.25429 3.70966,
	6.26268 3.70992,
	6.26478 3.70992,
	6.26583 3.71044,
	6.27003 3.71071,
	6.27423 3.71149,
	6.27633 3.71175,
	6.27842 3.71254,
	6.28262 3.7128,
	6.28682 3.71359,
	6.29102 3.71516,
	6.29207 3.71516,
	6.29626 3.71674,
	6.2981 3.71779,
	6.29915 3.71805,
	6.30125 3.71936,
	6.30203 3.72015,
	6.30256 3.72015,
	6.30282 3.72067,
	6.30676 3.72225,
	6.30885 3.72277,
	6.31069 3.72408,
	6.31489 3.7254,
	6.31594 3.72592,
	6.31646 3.72592,
	6.31699 3.72645,
	6.32118 3.72776,
	6.32223 3.72802,
	6.32328 3.72881,
	6.32538 3.72959,
	6.32748 3.7309,
	6.32853 3.73117,
	6.32958 3.73195,
	6.33063 3.73222,
	6.33273 3.73353,
	6.33378 3.73405,
	6.33404 3.73458,
	6.33588 3.73536,
	6.34007 3.73773,
	6.34086 3.73799,
	6.3427 3.73956,
	6.34348 3.74035,
	6.34427 3.74455,
	6.34453 3.75294,
	6.34453 3.75714,
	6.34453 3.75924,
	6.34427 3.76029,
	6.34348 3.76134,
	6.3427 3.76317,
	6.34112 3.76501,
	6.33929 3.76632,
	6.33876 3.76632,
	6.33483 3.76868,
	6.33273 3.76947,
	6.32853 3.76999,
	6.32643 3.76973,
	6.32433 3.76894,
	6.32328 3.76842,
	6.32223 3.76842,
	6.31436 3.76553,
	6.31227 3.76475,
	6.31122 3.76475,
	6.31069 3.76422,
	6.2939 3.76343,
	6.2918 3.76343,
	6.29075 3.76396,
	6.2897 3.76396,
	6.28866 3.76448,
	6.28761 3.76448,
	6.28341 3.7658,
	6.28236 3.76606,
	6.28183 3.76606,
	6.28157 3.76658,
	6.27947 3.76684,
	6.27895 3.76737,
	6.2779 3.76737,
	6.2737 3.76868,
	6.27318 3.76868,
	6.27265 3.76921,
	6.25586 3.77157,
	6.24747 3.77157,
	6.24537 3.77104,
	6.24432 3.77052,
	6.24327 3.77052,
	6.24222 3.76973,
	6.24117 3.76947,
	6.24065 3.76921,
	6.24065 3.76868,
	6.2396 3.76868,
	6.23566 3.76658,
	6.23461 3.7658,
	6.23357 3.76553,
	6.23147 3.76422,
	6.23042 3.76396,
	6.22858 3.76265,
	6.22806 3.76265,
	6.22386 3.75976,
	6.22281 3.75924,
	6.22124 3.75714,
	6.22045 3.75609,
	6.22045 3.75556,
	6.21704 3.75268,
	6.21284 3.74979,
	6.21179 3.74953,
	6.20812 3.74691,
	6.20759 3.74612,
	6.2055 3.74507,
	6.20497 3.74455,
	6.20445 3.74455,
	6.20235 3.74297,
	6.20156 3.74219,
	6.20051 3.74192,
	6.19841 3.74035,
	6.19736 3.73982,
	6.19684 3.73956,
	6.19684 3.73904,
	6.19631 3.73904,
	6.19238 3.73563,
	6.19054 3.73379,
	6.18923 3.73248,
	6.18739 3.73064,
	6.18661 3.72986,
	6.18661 3.72933,
	6.18608 3.72881,
	6.18477 3.72461,
	6.18451 3.72041,
	6.18451 3.71936,
	"/>
</Transform>

<Transform dim="0"
 xcoef=" 0 1 0 0 0 0"
 ycoef=" 0 0 1 0 0 0">
<Contour name="d10c35" hidden="true" closed="true" simplified="true" border="1 0 0" fill="0 1 0" mode="9"
 points="6.36293 1.89365,
	6.39782 1.84608,
	6.44858 1.82387,
	6.49933 1.81118,
	6.55008 1.81118,
	6.57545 1.81118,
	6.58814 1.81118,
	6.61034 1.83022,
	6.61034 1.85559,
	6.60717 1.86828,
	6.5818 1.87779,
	6.55642 1.89683,
	6.53105 1.90317,
	6.51836 1.90317,
	6.49298 1.91269,
	6.48029 1.91586,
	6.47395 1.9222,
	6.46761 1.9222,
	6.45492 1.93172,
	6.44858 1.93172,
	6.4232 1.94758,
	6.41051 1.95392,
	6.40417 1.96027,
	6.39148 1.96027,
	6.3661 1.94441,
	6.36293 1.89683,
	"/>
</Transform>

<Transform dim="0"
 xcoef=" 0 1 0 0 0 0"
 ycoef=" 0 0 1 0 0 0">
<Contour name="d10_sp35" hidden="true" closed="true" simplified="true" border="1 1 0" fill="1 1 0" mode="11"
 points="6.39777 1.91126,
	6.41871 1.88733,
	6.46657 1.86041,
	6.49049 1.85144,
	6.58621 1.84844,
	6.59817 1.84844,
	6.61612 1.86639,
	6.64004 1.89032,
	6.66397 1.89929,
	6.67295 1.91126,
	6.67295 1.92322,
	6.65799 1.94416,
	6.63705 1.96509,
	6.61313 1.98005,
	6.60714 1.98603,
	6.41572 1.98603,
	6.40974 1.98603,
	6.39777 1.97407,
	6.39777 1.92621,
	6.39777 1.91425,
	"/>
</Transform>

<Transform dim="0"
 xcoef=" 0 1 0 0 0 0"
 ycoef=" 0 0 1 0 0 0">
<Contour name="d10_sp37" hidden="true" closed="true" simplified="true" border="1 1 0" fill="1 1 0" mode="11"
 points="7.93216 1.37287,
	7.95011 1.34895,
	7.96207 1.33698,
	7.986 1.32801,
	8.03386 1.32801,
	8.04582 1.33399,
	8.09368 1.33698,
	8.1176 1.33698,
	8.12658 1.34595,
	8.12658 1.39381,
	8.12658 1.41774,
	8.12359 1.4297,
	8.1176 1.43569,
	8.02189 1.43269,
	7.99796 1.43269,
	7.986 1.4297,
	7.96207 1.41475,
	7.93814 1.39082,
	7.93216 1.38484,
	7.93216 1.37587,
	"/>
</Transform>

<Transform dim="0"
 xcoef=" 0 1 0 0 0 0"
 ycoef=" 0 0 1 0 0 0">
<Contour name="d10_sp39" hidden="true" closed="true" simplified="true" border="1 1 0" fill="1 1 0" mode="11"
 points="8.07573 -0.0358921,
	8.09368 -0.0568292,
	8.1176 -0.0807573,
	8.14153 -0.0927213,
	8.18939 -0.0957124,
	8.21332 -0.0927213,
	8.23425 -0.0777663,
	8.25818 -0.0687933,
	8.26715 -0.0568292,
	8.27015 -0.0329011,
	8.26715 -0.0209371,
	8.24921 0.00299101,
	8.20135 0.0269191,
	8.17742 0.0358921,
	8.1535 0.0358921,
	8.14153 0.0329011,
	8.09667 -0.011964,
	8.07573 -0.0269191,
	8.07573 -0.0329011,
	"/>
</Transform>

<Transform dim="0"
 xcoef=" 0 1 0 0 0 0"
 ycoef=" 0 0 1 0 0 0">
<Contour name="d01c45_axon" hidden="true" closed="true" simplified="true" border="0.501961 1 1" fill="0 1 0" mode="11"
 points="7.26481 3.78813,
	7.27099 3.74858,
	7.2747 3.73869,
	7.28088 3.72881,
	7.29076 3.72139,
	7.33031 3.7115,
	7.3402 3.70903,
	7.37975 3.71645,
	7.39952 3.72139,
	7.40941 3.72263,
	7.41436 3.7251,
	7.43413 3.72881,
	7.45391 3.73746,
	7.46379 3.74364,
	7.48233 3.76341,
	7.49098 3.7733,
	7.49593 3.78319,
	7.49964 3.78813,
	7.50829 3.80791,
	7.52435 3.82645,
	7.54413 3.83262,
	7.5639 3.83633,
	7.58368 3.84251,
	7.59357 3.84622,
	7.60345 3.85364,
	7.60963 3.86352,
	7.61087 3.87341,
	7.6084 3.8833,
	7.58862 3.89937,
	7.57873 3.90184,
	7.57379 3.90431,
	7.53424 3.90554,
	7.45514 3.9006,
	7.43537 3.89566,
	7.42548 3.89195,
	7.4057 3.87959,
	7.36615 3.86105,
	7.35627 3.85734,
	7.33649 3.84622,
	7.31672 3.83757,
	7.30683 3.83386,
	7.28705 3.82027,
	7.26852 3.8042,
	7.26481 3.79431,
	7.26481 3.78937,
	"/>
</Transform>

</Section>