<?xml version="1.0"?>
<!DOCTYPE Section SYSTEM "section.dtd">

<Section index="15" thickness="0.043" alignLocked="true">
<Transform dim="1"
 xcoef=" -0.031682107117096 1 0 0 0 0"
 ycoef=" -4.15796832919703 0 1 0 0 0">
<Contour name="mito09" hidden="false" closed="false" simplified="true" border="1 0.5 0" fill="1 0.5 0" mode="13"
 points="43.9298 19.9073,
	43.9298 19.6917,
	"/>
</Transform>

<Transform dim="1"
 xcoef=" 0.218317892882904 1 0 0 0 0"
 ycoef=" -4.03796832919703 0 1 0 0 0">
<Contour name="D001" hidden="false" closed="true" simplified="false" border="1 1 1" fill="0.501961 0 1" mode="-13"
 points="40.5118 24.7848,
	40.5118 24.7529,
	40.5437 24.7529,
	40.5437 24.7211,
	40.5755 24.7211,
	40.5755 24.7529,
	40.6074 24.7529,
	40.6074 24.7848,
	40.5755 24.7848,
	40.5755 24.8167,
	40.5437 24.8167,
	40.5437 24.7848,
	"/>
</Transform>

<Transform dim="1"
 xcoef=" 0.218317892882904 1 0 0 0 0"
 ycoef=" -4.03796832919703 0 1 0 0 0">
<Contour name="D002" hidden="false" closed="true" simplified="false" border="1 1 1" fill="0 0.501961 1" mode="-13"
 points="51.3718 12.0064,
	51.3718 11.9752,
	51.4029 11.9752,
	51.4029 11.9441,
	51.4341 11.9441,
	51.4341 11.9752,
	51.4652 11.9752,
	51.4652 12.0064,
	51.4341 12.0064,
	51.4341 12.0375,
	51.4029 12.0375,
	51.4029 12.0064,
	"/>
</Transform>

<Transform dim="1"
 xcoef=" 0.218317892882904 1 0 0 0 0"
 ycoef=" -4.03796832919703 0 1 0 0 0">
<Contour name="D003" hidden="false" closed="true" simplified="false" border="1 1 1" fill="1 0 1" mode="-13"
 points="58.3284 8.80894,
	58.3284 8.77408,
	58.3633 8.77408,
	58.3633 8.73922,
	58.3981 8.73922,
	58.3981 8.77408,
	58.433 8.77408,
	58.433 8.80894,
	58.3981 8.80894,
	58.3981 8.8438,
	58.3633 8.8438,
	58.3633 8.80894,
	"/>
</Transform>

<Transform dim="1"
 xcoef=" 0.218317892882904 1 0 0 0 0"
 ycoef=" -4.03796832919703 0 1 0 0 0">
<Contour name="D004" hidden="false" closed="true" simplified="false" border="1 1 1" fill="1 1 0" mode="-13"
 points="52.8488 25.9533,
	52.8488 25.9237,
	52.8784 25.9237,
	52.8784 25.8941,
	52.908 25.8941,
	52.908 25.9237,
	52.9377 25.9237,
	52.9377 25.9533,
	52.908 25.9533,
	52.908 25.983,
	52.8784 25.983,
	52.8784 25.9533,
	"/>
</Transform>

<Transform dim="1"
 xcoef=" 0.218317892882904 1 0 0 0 0"
 ycoef=" -4.03796832919703 0 1 0 0 0">
<Contour name="d001_symcand01axonstamp_delete" hidden="false" closed="true" simplified="false" border="0 1 1" fill="0 1 1" mode="9"
 points="39.6946 27.0023,
	39.7047 26.9922,
	39.6642 26.9517,
	39.6743 26.9416,
	39.7148 26.982,
	39.7249 26.9719,
	39.7249 27.0023,
	"/>
</Transform>

<Transform dim="1"
 xcoef=" 0.218317892882904 1 0 0 0 0"
 ycoef=" -4.03796832919703 0 1 0 0 0">
<Contour name="axon04" hidden="false" closed="true" simplified="false" border="0 1 1" fill="0 1 1" mode="9"
 points="52.1741 26.1186,
	52.189 26.1036,
	52.1291 26.0437,
	52.1441 26.0287,
	52.204 26.0886,
	52.219 26.0736,
	52.219 26.1186,
	"/>
</Transform>

<Transform dim="1"
 xcoef=" 0.35 1 0 0 0 0"
 ycoef=" -0.07 0 1 0 0 0">
<Contour name="D006" hidden="false" closed="true" simplified="true" border="1 0 0.501961" fill="0 0.501961 1" mode="11"
 points="52.4377 27.3649,
	52.44 27.3427,
	52.4471 27.3215,
	52.4586 27.3019,
	52.4741 27.2848,
	52.4929 27.271,
	52.5142 27.2608,
	52.5374 27.2548,
	52.5613 27.2531,
	52.5852 27.2559,
	52.608 27.263,
	52.6288 27.2741,
	52.6468 27.2888,
	52.6613 27.3066,
	52.6717 27.3266,
	52.6777 27.3482,
	52.6789 27.3705,
	52.6753 27.3925,
	52.6671 27.4134,
	52.6545 27.4324,
	52.6382 27.4487,
	52.6187 27.4617,
	52.5968 27.4709,
	52.5733 27.4758,
	52.5493 27.4764,
	52.5256 27.4725,
	52.5033 27.4644,
	52.4831 27.4523,
	52.4659 27.4368,
	52.4523 27.4184,
	52.443 27.3978,
	"/>
</Transform>

<Transform dim="0"
 xcoef=" 0 1 0 0 0 0"
 ycoef=" 0 0 1 0 0 0">
<Contour name="d006" hidden="false" closed="true" simplified="true" border="1 1 0" fill="1 1 0" mode="11"
 points="51.8458 27.4165,
	51.8573 27.3795,
	51.8666 27.3611,
	51.87 27.3426,
	51.87 27.3241,
	51.8689 27.3149,
	51.8666 27.3103,
	51.8631 27.2918,
	51.8631 27.2734,
	51.8666 27.2549,
	51.8689 27.2457,
	51.8735 27.2364,
	51.8804 27.2283,
	51.885 27.226,
	51.8874 27.2237,
	51.8897 27.2237,
	51.8989 27.218,
	51.9174 27.2099,
	51.9543 27.1972,
	51.9728 27.1903,
	51.9774 27.1879,
	51.9797 27.1856,
	51.9982 27.1822,
	52.0074 27.1822,
	52.0097 27.1845,
	52.0282 27.1856,
	52.0374 27.1856,
	52.042 27.1833,
	52.0513 27.1833,
	52.0605 27.1787,
	52.0628 27.1787,
	52.0651 27.1764,
	52.102 27.1776,
	52.1205 27.1799,
	52.1944 27.1787,
	52.2313 27.1764,
	52.2498 27.1729,
	52.259 27.1706,
	52.2775 27.1706,
	52.2867 27.1729,
	52.2913 27.1752,
	52.2994 27.1845,
	52.3052 27.1937,
	52.3087 27.1983,
	52.3098 27.2029,
	52.3121 27.2053,
	52.3121 27.2076,
	52.3156 27.2122,
	52.3202 27.2306,
	52.3225 27.2491,
	52.3271 27.2676,
	52.3271 27.2722,
	52.3364 27.2895,
	52.3421 27.2976,
	52.3502 27.3057,
	52.3837 27.3299,
	52.3929 27.3357,
	52.3975 27.3391,
	52.3987 27.3415,
	52.401 27.3415,
	52.4068 27.3484,
	52.4102 27.3518,
	52.4114 27.3542,
	52.4137 27.3542,
	52.4287 27.3692,
	52.4333 27.3749,
	52.4333 27.3772,
	52.446 27.3957,
	52.4495 27.4003,
	52.4518 27.4015,
	52.4518 27.4038,
	52.4587 27.413,
	52.4656 27.4199,
	52.4668 27.4223,
	52.4691 27.4223,
	52.4726 27.4269,
	52.491 27.4384,
	52.5003 27.4419,
	52.5026 27.4442,
	52.5072 27.4453,
	52.5233 27.4603,
	52.5291 27.4696,
	52.536 27.488,
	52.536 27.5065,
	52.5337 27.5157,
	52.5303 27.5192,
	52.5268 27.5284,
	52.521 27.5365,
	52.5187 27.5411,
	52.5187 27.5434,
	52.5118 27.5515,
	52.5118 27.5538,
	52.5003 27.5723,
	52.4968 27.5769,
	52.4933 27.5862,
	52.4945 27.6231,
	52.4968 27.6416,
	52.4968 27.66,
	52.4956 27.6693,
	52.4956 27.6739,
	52.4922 27.6831,
	52.4899 27.6854,
	52.4899 27.6877,
	52.4749 27.7027,
	52.4656 27.7085,
	52.4287 27.7108,
	52.4195 27.712,
	52.4148 27.712,
	52.4102 27.7154,
	52.4079 27.7154,
	52.3987 27.7224,
	52.3848 27.7408,
	52.3617 27.7778,
	52.3594 27.7824,
	52.3571 27.7835,
	52.3571 27.7858,
	52.3479 27.7951,
	52.3306 27.8066,
	52.326 27.8078,
	52.3213 27.8112,
	52.3167 27.8112,
	52.3121 27.8147,
	52.3075 27.8147,
	52.3052 27.817,
	52.2867 27.8239,
	52.2683 27.8285,
	52.2636 27.8297,
	52.2613 27.8297,
	52.259 27.832,
	52.2498 27.8343,
	52.2313 27.8343,
	52.2129 27.8308,
	52.1944 27.8193,
	52.1921 27.8193,
	52.1759 27.8066,
	52.1598 27.7916,
	52.1424 27.7789,
	52.1332 27.7743,
	52.1286 27.772,
	52.1263 27.7697,
	52.124 27.7697,
	52.1147 27.7639,
	52.1124 27.7639,
	52.1044 27.7581,
	52.0997 27.757,
	52.0974 27.7547,
	52.079 27.7477,
	52.0605 27.7385,
	52.0236 27.7281,
	51.9866 27.72,
	51.9774 27.72,
	51.9405 27.7097,
	51.922 27.7004,
	51.9139 27.6935,
	51.9024 27.675,
	51.9001 27.6727,
	51.8943 27.6543,
	51.892 27.6496,
	51.8931 27.6312,
	51.8954 27.6219,
	51.892 27.585,
	51.8874 27.5665,
	51.885 27.5619,
	51.885 27.5596,
	51.8793 27.5504,
	51.8793 27.5481,
	51.8758 27.5434,
	51.8758 27.5411,
	51.8724 27.5365,
	51.87 27.5342,
	51.87 27.5319,
	51.8666 27.5284,
	51.8666 27.5261,
	51.8631 27.5215,
	51.8631 27.5169,
	51.8608 27.5123,
	51.8573 27.4753,
	51.8539 27.4569,
	51.8481 27.4384,
	51.8458 27.4338,
	51.8458 27.4246,
	51.8458 27.4199,
	51.8458 27.4176,
	"/>
</Transform>

<Transform dim="0"
 xcoef=" 0 1 0 0 0 0"
 ycoef=" 0 0 1 0 0 0">
<Contour name="d006_p03" hidden="false" closed="true" simplified="true" border="1 1 0" fill="1 1 0" mode="11"
 points="50.9473 27.4143,
	50.9479 27.4039,
	50.9492 27.3987,
	50.9499 27.3961,
	50.9499 27.3948,
	50.9512 27.3935,
	50.9531 27.3883,
	50.9531 27.387,
	50.9551 27.3844,
	50.957 27.3792,
	50.9609 27.374,
	50.9635 27.3695,
	50.9655 27.3675,
	50.9661 27.3649,
	50.9674 27.3643,
	50.9674 27.363,
	50.9739 27.3532,
	50.9759 27.3513,
	50.9759 27.35,
	50.9798 27.3448,
	50.9811 27.3435,
	50.9817 27.3409,
	50.985 27.3357,
	50.9928 27.3149,
	50.9973 27.3045,
	50.9986 27.3032,
	50.9986 27.3019,
	51.0051 27.2928,
	51.0097 27.2889,
	51.0123 27.2869,
	51.0129 27.2856,
	51.0142 27.2856,
	51.0188 27.2817,
	51.0201 27.2804,
	51.0214 27.2804,
	51.0318 27.2739,
	51.037 27.272,
	51.0389 27.27,
	51.0441 27.2681,
	51.0467 27.2681,
	51.0493 27.2668,
	51.0909 27.2648,
	51.1117 27.2635,
	51.1169 27.2629,
	51.1195 27.2616,
	51.1299 27.2609,
	51.1351 27.2596,
	51.1455 27.2596,
	51.1871 27.2525,
	51.2079 27.2473,
	51.2092 27.2473,
	51.2105 27.246,
	51.2157 27.2453,
	51.217 27.244,
	51.2222 27.2434,
	51.2326 27.2401,
	51.2352 27.2388,
	51.2378 27.2388,
	51.243 27.2369,
	51.2534 27.2356,
	51.2742 27.2362,
	51.2768 27.2362,
	51.2781 27.2375,
	51.2885 27.2408,
	51.2924 27.2447,
	51.2937 27.2447,
	51.2983 27.2499,
	51.2996 27.2505,
	51.2996 27.2518,
	51.3028 27.257,
	51.3028 27.2583,
	51.3048 27.2609,
	51.3067 27.2817,
	51.3048 27.3025,
	51.3041 27.3077,
	51.3022 27.3129,
	51.3022 27.3155,
	51.2983 27.3259,
	51.2957 27.3311,
	51.295 27.3337,
	51.2937 27.3344,
	51.2924 27.3396,
	51.2898 27.3448,
	51.2885 27.3474,
	51.2872 27.3487,
	51.2866 27.3513,
	51.2846 27.3539,
	51.2846 27.3552,
	51.2833 27.3565,
	51.2833 27.3578,
	51.2762 27.3675,
	51.2762 27.3688,
	51.2586 27.3883,
	51.2495 27.3961,
	51.2391 27.4033,
	51.2287 27.4085,
	51.2261 27.4098,
	51.2248 27.4111,
	51.2235 27.4111,
	51.219 27.415,
	51.2177 27.415,
	51.2164 27.4163,
	51.2151 27.4163,
	51.2047 27.4221,
	51.2034 27.4234,
	51.2021 27.4234,
	51.1995 27.4254,
	51.1982 27.4267,
	51.1969 27.4267,
	51.1923 27.4306,
	51.152 27.4533,
	51.1468 27.4559,
	51.1442 27.4572,
	51.1429 27.4585,
	51.1377 27.4605,
	51.128 27.467,
	51.1176 27.4715,
	51.1124 27.4741,
	51.102 27.4761,
	51.0994 27.4774,
	51.0786 27.478,
	51.037 27.4761,
	51.0162 27.4748,
	50.9954 27.4715,
	50.985 27.4689,
	50.9798 27.467,
	50.9772 27.465,
	50.9746 27.4644,
	50.9733 27.4631,
	50.972 27.4631,
	50.9694 27.4605,
	50.9603 27.4533,
	50.9531 27.4436,
	50.9505 27.4384,
	50.9479 27.428,
	50.9473 27.4176,
	50.9473 27.415,
	"/>
</Transform>

<Transform dim="0"
 xcoef=" 0 1 0 0 0 0"
 ycoef=" 0 0 1 0 0 0">
<Contour name="d006_p04" hidden="false" closed="true" simplified="true" border="1 1 0" fill="1 1 0" mode="11"
 points="50.894 27.1733,
	50.8998 27.1675,
	50.9461 27.1386,
	50.9519 27.1342,
	50.9577 27.1328,
	50.9606 27.1299,
	50.9664 27.1299,
	50.9722 27.1255,
	50.9751 27.1255,
	50.978 27.1226,
	51.0243 27.1024,
	51.0475 27.0908,
	51.0591 27.085,
	51.0648 27.0835,
	51.0692 27.0792,
	51.0721 27.0792,
	51.0779 27.0749,
	51.0895 27.072,
	51.1112 27.0604,
	51.1227 27.0546,
	51.1256 27.0517,
	51.1285 27.0517,
	51.1314 27.0488,
	51.1343 27.0488,
	51.1358 27.0459,
	51.1416 27.0445,
	51.1633 27.0314,
	51.172 27.0256,
	51.1835 27.0184,
	51.1893 27.0141,
	51.1922 27.0141,
	51.2038 27.0054,
	51.2154 26.9996,
	51.2212 26.9981,
	51.227 26.9938,
	51.2299 26.9938,
	51.2328 26.9909,
	51.2559 26.9866,
	51.2791 26.988,
	51.2907 26.9909,
	51.2965 26.9952,
	51.2994 26.9952,
	51.3196 27.0126,
	51.3312 27.0242,
	51.3413 27.0329,
	51.3515 27.0445,
	51.3645 27.0647,
	51.3659 27.1111,
	51.3645 27.1342,
	51.3602 27.1458,
	51.3529 27.1574,
	51.3529 27.1603,
	51.337 27.182,
	51.3254 27.1892,
	51.324 27.1921,
	51.3182 27.1936,
	51.3167 27.1965,
	51.3138 27.1965,
	51.2907 27.2109,
	51.269 27.2225,
	51.2574 27.2283,
	51.2545 27.2312,
	51.2313 27.2384,
	51.2197 27.2428,
	51.1734 27.2457,
	51.1503 27.2471,
	51.1387 27.25,
	51.1271 27.25,
	51.1213 27.2529,
	51.075 27.2529,
	51.0634 27.2486,
	51.0576 27.2486,
	51.046 27.2442,
	51.0229 27.2413,
	50.9997 27.2413,
	50.9765 27.237,
	50.9534 27.2283,
	50.9418 27.2211,
	50.9389 27.2182,
	50.9331 27.2182,
	50.9273 27.2153,
	50.9157 27.2138,
	50.9128 27.2138,
	50.9071 27.2095,
	50.9042 27.2066,
	50.9013 27.2066,
	50.894 27.195,
	50.894 27.1834,
	50.894 27.1776,
	50.894 27.1747,
	"/>
</Transform>

<Transform dim="0"
 xcoef=" 0 1 0 0 0 0"
 ycoef=" 0 0 1 0 0 0">
<Contour name="d006_p02" hidden="false" closed="true" simplified="true" border="1 1 0" fill="1 1 0" mode="11"
 points="52.1536 28.1009,
	52.158 28.0867,
	52.1607 28.0796,
	52.1634 28.076,
	52.1678 28.0617,
	52.1705 28.0546,
	52.1723 28.0511,
	52.1723 28.0493,
	52.175 28.0457,
	52.175 28.0439,
	52.1767 28.043,
	52.1794 28.0359,
	52.1821 28.0324,
	52.1821 28.0306,
	52.1937 28.0163,
	52.207 28.0065,
	52.2106 28.0039,
	52.2115 28.0021,
	52.2257 27.9967,
	52.24 27.9941,
	52.2471 27.9941,
	52.2489 27.9941,
	52.2524 27.9967,
	52.2542 27.9967,
	52.2605 28.0021,
	52.2649 28.0048,
	52.2649 28.0065,
	52.2685 28.0083,
	52.2738 28.0154,
	52.2765 28.019,
	52.2809 28.0332,
	52.2818 28.0475,
	52.2792 28.0617,
	52.2702 28.0902,
	52.2702 28.0938,
	52.2702 28.0956,
	52.2685 28.0974,
	52.2658 28.1045,
	52.2658 28.108,
	52.2605 28.1223,
	52.2587 28.1232,
	52.2578 28.1267,
	52.248 28.141,
	52.2409 28.1463,
	52.2266 28.1544,
	52.2231 28.1561,
	52.2213 28.1579,
	52.1928 28.1659,
	52.1857 28.1659,
	52.1821 28.1659,
	52.1785 28.1642,
	52.1767 28.1642,
	52.1652 28.1526,
	52.1607 28.1472,
	52.1589 28.1437,
	52.1572 28.1419,
	52.1545 28.1348,
	52.1536 28.1063,
	52.1536 28.1027,
	52.1536 28.1018,
	"/>
</Transform>

<Transform dim="0"
 xcoef=" 0 1 0 0 0 0"
 ycoef=" 0 0 1 0 0 0">
<Contour name="d006_p05" hidden="false" closed="true" simplified="true" border="1 1 0" fill="1 1 0" mode="11"
 points="52.8588 27.3659,
	52.8626 27.3598,
	52.8687 27.356,
	52.8702 27.3544,
	52.8733 27.3544,
	52.8794 27.3521,
	52.8855 27.3514,
	52.8885 27.3498,
	52.9374 27.346,
	52.9496 27.346,
	52.9618 27.3445,
	52.9741 27.3445,
	52.9802 27.3437,
	52.9832 27.3437,
	52.9893 27.3414,
	52.9924 27.3399,
	53.0046 27.3384,
	53.0168 27.3399,
	53.0229 27.3422,
	53.029 27.3468,
	53.0344 27.3498,
	53.0367 27.3529,
	53.0382 27.3537,
	53.0374 27.3659,
	53.0351 27.372,
	53.0336 27.375,
	53.0336 27.3766,
	53.0222 27.3873,
	53.0191 27.3896,
	53.0176 27.3896,
	53.0161 27.3911,
	53.0145 27.3911,
	53.0084 27.3949,
	53.0023 27.3972,
	52.9916 27.4056,
	52.9863 27.4102,
	52.9779 27.4209,
	52.9779 27.4224,
	52.9741 27.4285,
	52.9718 27.4315,
	52.971 27.4346,
	52.9695 27.4361,
	52.9695 27.4377,
	52.9672 27.4407,
	52.9657 27.4422,
	52.9657 27.4438,
	52.9618 27.4491,
	52.9496 27.459,
	52.9481 27.459,
	52.9466 27.4606,
	52.9221 27.4598,
	52.916 27.4575,
	52.913 27.456,
	52.9114 27.456,
	52.9015 27.4476,
	52.8985 27.4453,
	52.8901 27.4346,
	52.8862 27.4285,
	52.8847 27.4254,
	52.8847 27.4239,
	52.8824 27.4209,
	52.8824 27.4193,
	52.8664 27.3957,
	52.8611 27.3842,
	52.8595 27.3812,
	52.8588 27.3689,
	52.8588 27.3666,
	"/>
</Transform>

<Transform dim="0"
 xcoef=" 0 1 0 0 0 0"
 ycoef=" 0 0 1 0 0 0">
<Contour name="d006_p06" hidden="false" closed="true" simplified="true" border="1 1 0" fill="1 1 0" mode="11"
 points="51.7592 28.1598,
	51.7639 28.1506,
	51.7777 28.1321,
	51.7812 28.1286,
	51.7812 28.1263,
	51.7996 28.1159,
	51.8181 28.1079,
	51.8366 28.1067,
	51.8735 28.1079,
	51.9474 28.1067,
	51.9566 28.1056,
	51.9658 28.0998,
	51.9762 28.0813,
	51.9832 28.0628,
	51.9855 28.0536,
	51.9901 28.0444,
	52.0039 28.0259,
	52.0132 28.019,
	52.0155 28.0167,
	52.0178 28.0167,
	52.0201 28.0144,
	52.0247 28.0132,
	52.0339 28.0063,
	52.0524 27.9971,
	52.0616 27.9924,
	52.079 27.9774,
	52.0836 27.9751,
	52.0882 27.9705,
	52.0905 27.9705,
	52.0997 27.9613,
	52.102 27.959,
	52.102 27.9567,
	52.1332 27.9197,
	52.1424 27.9116,
	52.1517 27.9059,
	52.1609 27.9024,
	52.1632 27.9001,
	52.1817 27.8989,
	52.1909 27.9001,
	52.2002 27.9082,
	52.2036 27.9128,
	52.2082 27.9313,
	52.2082 27.9405,
	52.2036 27.959,
	52.1794 27.9959,
	52.1713 28.0051,
	52.1494 28.0421,
	52.1436 28.079,
	52.1332 28.1159,
	52.1171 28.1529,
	52.1113 28.1621,
	52.1101 28.1667,
	52.0974 28.1852,
	52.0951 28.1898,
	52.0778 28.2071,
	52.0409 28.2279,
	52.0363 28.2314,
	52.0316 28.2325,
	52.027 28.236,
	52.0224 28.2371,
	52.0132 28.2429,
	52.0109 28.2429,
	52.0062 28.2464,
	51.997 28.2487,
	51.9601 28.2452,
	51.9508 28.2406,
	51.9462 28.2383,
	51.9439 28.236,
	51.9393 28.2348,
	51.9208 28.221,
	51.9116 28.2175,
	51.907 28.2141,
	51.9024 28.2129,
	51.9001 28.2106,
	51.8816 28.206,
	51.8447 28.2014,
	51.8077 28.2002,
	51.7892 28.199,
	51.7846 28.199,
	51.78 28.1956,
	51.7777 28.1956,
	51.7615 28.1771,
	51.7592 28.1679,
	51.7592 28.1633,
	51.7592 28.161,
	"/>
</Transform>

<Transform dim="0"
 xcoef=" 0 1 0 0 0 0"
 ycoef=" 0 0 1 0 0 0">
<Contour name="d006_p07" hidden="false" closed="true" simplified="true" border="1 1 0" fill="1 1 0" mode="11"
 points="52.5174 26.7553,
	52.5187 26.7448,
	52.5194 26.7396,
	52.5207 26.737,
	52.5207 26.7317,
	52.522 26.7291,
	52.5226 26.7239,
	52.5239 26.7212,
	52.5239 26.7186,
	52.5259 26.7134,
	52.5292 26.6924,
	52.5338 26.6715,
	52.5338 26.661,
	52.5357 26.6401,
	52.539 26.6191,
	52.541 26.5982,
	52.541 26.5772,
	52.5397 26.5667,
	52.537 26.5563,
	52.5331 26.5458,
	52.5325 26.5353,
	52.5325 26.5327,
	52.5344 26.5275,
	52.5344 26.5222,
	52.5377 26.5117,
	52.5397 26.5065,
	52.5416 26.5039,
	52.5436 26.4986,
	52.5501 26.4895,
	52.5534 26.4856,
	52.558 26.4803,
	52.5632 26.4764,
	52.5842 26.4698,
	52.5894 26.4679,
	52.5946 26.4672,
	52.6051 26.4633,
	52.6077 26.4633,
	52.6104 26.462,
	52.613 26.462,
	52.6143 26.4607,
	52.6352 26.4554,
	52.6457 26.4515,
	52.6562 26.4509,
	52.6667 26.4528,
	52.6771 26.4567,
	52.6824 26.46,
	52.685 26.4607,
	52.6902 26.4646,
	52.7099 26.4757,
	52.7145 26.479,
	52.7171 26.4797,
	52.7197 26.4816,
	52.7223 26.4823,
	52.7249 26.4842,
	52.7276 26.4849,
	52.7328 26.4882,
	52.7354 26.4901,
	52.738 26.4908,
	52.7433 26.4941,
	52.7636 26.5039,
	52.7662 26.5045,
	52.7688 26.5065,
	52.774 26.5085,
	52.7839 26.515,
	52.7884 26.5176,
	52.7983 26.5268,
	52.7996 26.5294,
	52.8009 26.5307,
	52.8009 26.532,
	52.8022 26.5333,
	52.8022 26.5347,
	52.8055 26.5399,
	52.8081 26.5504,
	52.8087 26.5713,
	52.8087 26.5818,
	52.8068 26.6027,
	52.8035 26.6132,
	52.8035 26.6158,
	52.8002 26.6263,
	52.8002 26.6289,
	52.7983 26.6342,
	52.7963 26.6551,
	52.795 26.6656,
	52.795 26.6761,
	52.793 26.697,
	52.7924 26.6996,
	52.7911 26.701,
	52.7911 26.7036,
	52.7891 26.7062,
	52.7871 26.7114,
	52.7839 26.7154,
	52.7753 26.7252,
	52.7714 26.7291,
	52.7662 26.733,
	52.7636 26.7337,
	52.7609 26.7357,
	52.7557 26.7376,
	52.7544 26.7376,
	52.7531 26.7389,
	52.7478 26.7409,
	52.7452 26.7409,
	52.7348 26.7448,
	52.7321 26.7461,
	52.7295 26.7461,
	52.7243 26.7481,
	52.723 26.7494,
	52.7217 26.7494,
	52.719 26.7514,
	52.7164 26.7514,
	52.7151 26.7527,
	52.7099 26.7546,
	52.7073 26.7553,
	52.7059 26.7566,
	52.7033 26.7573,
	52.702 26.7586,
	52.7007 26.7586,
	52.6994 26.7599,
	52.6942 26.7612,
	52.6915 26.7618,
	52.6889 26.7638,
	52.6863 26.7638,
	52.6758 26.7684,
	52.6654 26.7717,
	52.6627 26.7723,
	52.6614 26.7723,
	52.6588 26.7743,
	52.6483 26.7776,
	52.6457 26.7776,
	52.6431 26.7795,
	52.6326 26.7834,
	52.6313 26.7834,
	52.63 26.7848,
	52.6274 26.7854,
	52.6261 26.7854,
	52.6248 26.7867,
	52.6221 26.7867,
	52.6195 26.788,
	52.6169 26.788,
	52.6117 26.79,
	52.6091 26.7906,
	52.6077 26.792,
	52.5973 26.7952,
	52.592 26.7978,
	52.5868 26.7985,
	52.5658 26.7952,
	52.5554 26.7926,
	52.5501 26.7913,
	52.5475 26.7913,
	52.5462 26.79,
	52.541 26.7893,
	52.5357 26.7874,
	52.5331 26.7861,
	52.5246 26.7756,
	52.5213 26.7704,
	52.52 26.7697,
	52.518 26.7645,
	52.5174 26.7592,
	52.5174 26.7566,
	52.5174 26.7559,
	"/>
</Transform>

<Transform dim="0"
 xcoef=" 0 1 0 0 0 0"
 ycoef=" 0 0 1 0 0 0">
<Contour name="d006_p08" hidden="false" closed="true" simplified="true" border="1 1 0" fill="1 1 0" mode="11"
 points="50.6141 28.3132,
	50.6275 28.2998,
	50.6348 28.2946,
	50.643 28.2915,
	50.6451 28.2915,
	50.6533 28.2864,
	50.6575 28.2853,
	50.6595 28.2833,
	50.6637 28.2833,
	50.6967 28.273,
	50.7132 28.2699,
	50.7153 28.2678,
	50.7318 28.2647,
	50.7483 28.2637,
	50.7565 28.2637,
	50.7896 28.273,
	50.7937 28.275,
	50.8019 28.2833,
	50.805 28.2874,
	50.8071 28.2895,
	50.8092 28.2977,
	50.8092 28.306,
	50.7958 28.3204,
	50.7638 28.3431,
	50.7617 28.3473,
	50.7462 28.3607,
	50.738 28.3658,
	50.7215 28.371,
	50.7173 28.3731,
	50.7008 28.3762,
	50.6843 28.3762,
	50.6822 28.3741,
	50.6802 28.3741,
	50.676 28.371,
	50.674 28.371,
	50.6719 28.3689,
	50.6637 28.3658,
	50.6616 28.3658,
	50.6575 28.3627,
	50.6554 28.3627,
	50.6513 28.3596,
	50.6492 28.3596,
	50.6472 28.3576,
	50.6389 28.3545,
	50.6348 28.3514,
	50.6327 28.3514,
	50.6255 28.3452,
	50.6214 28.3411,
	50.6214 28.339,
	50.6162 28.3307,
	50.6141 28.3225,
	50.6141 28.3142,
	"/>
</Transform>

<Transform dim="0"
 xcoef=" 0 1 0 0 0 0"
 ycoef=" 0 0 1 0 0 0">
<Contour name="d006_o06" hidden="false" closed="true" simplified="false" border="1 0 0" fill="1 0 0" mode="-13"
 points="52.2162 27.7532,
	52.2456 27.7532,
	52.2309 27.7801,
	"/>
</Transform>

<Transform dim="0"
 xcoef=" 0 1 0 0 0 0"
 ycoef=" 0 0 1 0 0 0">
<Contour name="d006_cfa04" hidden="false" closed="false" simplified="false" border="0 1 0" fill="0 1 0" mode="11"
 points="51.2564 27.006,
	51.1041 27.0984,
	51.0038 27.1455,
	50.9286 27.1754,
	"/>
</Transform>

<Transform dim="0"
 xcoef=" 0 1 0 0 0 0"
 ycoef=" 0 0 1 0 0 0">
<Contour name="d006_c04" hidden="false" closed="true" simplified="true" border="1 0 0" fill="1 0 0" mode="11"
 points="50.8768 27.1141,
	50.8781 27.1073,
	50.8811 27.1004,
	50.8819 27.0987,
	50.8828 27.0978,
	50.8828 27.097,
	50.8888 27.091,
	50.8901 27.0897,
	50.8909 27.0897,
	50.8939 27.0876,
	50.8956 27.0863,
	50.8965 27.0863,
	50.8982 27.085,
	50.8991 27.085,
	50.8995 27.0841,
	50.9064 27.0816,
	50.9081 27.0807,
	50.9089 27.0807,
	50.9106 27.0794,
	50.9115 27.0794,
	50.9149 27.0773,
	50.9158 27.0773,
	50.9175 27.076,
	50.9312 27.0708,
	50.9449 27.0666,
	50.9483 27.0653,
	50.9501 27.0644,
	50.9518 27.0644,
	50.9535 27.0636,
	50.9552 27.0636,
	50.9586 27.0623,
	50.9723 27.0597,
	50.9741 27.0589,
	50.9758 27.0589,
	50.9826 27.0563,
	50.9843 27.0554,
	50.9861 27.0554,
	50.9878 27.0541,
	50.9895 27.0537,
	50.9903 27.0529,
	51.004 27.0473,
	51.007 27.0456,
	51.0088 27.0447,
	51.0096 27.0439,
	51.0113 27.0434,
	51.0118 27.0426,
	51.025 27.0366,
	51.0315 27.0327,
	51.0332 27.0319,
	51.034 27.031,
	51.0349 27.031,
	51.0366 27.0293,
	51.0499 27.0194,
	51.0516 27.019,
	51.055 27.0164,
	51.058 27.0147,
	51.0713 27.0053,
	51.0777 27.0014,
	51.0846 26.9967,
	51.0863 26.9963,
	51.0867 26.9954,
	51.0876 26.9954,
	51.094 26.9916,
	51.0949 26.9907,
	51.0957 26.9907,
	51.0987 26.9886,
	51.0996 26.9886,
	51.1065 26.9843,
	51.1133 26.9813,
	51.1142 26.9804,
	51.1176 26.9796,
	51.1244 26.9762,
	51.1262 26.9757,
	51.127 26.9749,
	51.1287 26.9744,
	51.1296 26.9736,
	51.133 26.9723,
	51.1339 26.9714,
	51.1407 26.9689,
	51.1442 26.9672,
	51.1459 26.9667,
	51.1476 26.9654,
	51.151 26.9646,
	51.1527 26.9633,
	51.1562 26.962,
	51.1596 26.9599,
	51.163 26.9586,
	51.1767 26.9564,
	51.1836 26.9556,
	51.1973 26.9556,
	51.2041 26.9556,
	51.2076 26.956,
	51.2144 26.959,
	51.2153 26.959,
	51.2273 26.9676,
	51.2406 26.977,
	51.2466 26.9817,
	51.2478 26.9834,
	51.2487 26.9834,
	51.2517 26.986,
	51.253 26.9877,
	51.2538 26.9882,
	51.2538 26.989,
	51.2564 26.992,
	51.2573 26.9929,
	51.2573 26.9937,
	51.2594 26.9967,
	51.2598 26.9984,
	51.2607 26.9993,
	51.2607 27.0002,
	51.2616 27.001,
	51.2616 27.0019,
	51.2624 27.0027,
	51.2624 27.0096,
	51.2624 27.0113,
	51.2598 27.0181,
	51.259 27.019,
	51.259 27.0199,
	51.2543 27.0267,
	51.2483 27.0323,
	51.2448 27.0349,
	51.2431 27.0361,
	51.2427 27.037,
	51.2418 27.037,
	51.2388 27.0396,
	51.2354 27.043,
	51.2337 27.0443,
	51.2333 27.0451,
	51.2324 27.0451,
	51.2316 27.0464,
	51.2247 27.052,
	51.2187 27.0571,
	51.2153 27.0597,
	51.214 27.061,
	51.2131 27.061,
	51.2106 27.064,
	51.2089 27.0649,
	51.208 27.0657,
	51.2071 27.0657,
	51.1947 27.0747,
	51.1883 27.0794,
	51.1853 27.0816,
	51.1836 27.082,
	51.1767 27.0863,
	51.1737 27.0884,
	51.172 27.0897,
	51.1712 27.0897,
	51.1677 27.0923,
	51.166 27.0927,
	51.1626 27.0953,
	51.1592 27.097,
	51.1587 27.0978,
	51.1519 27.1,
	51.1484 27.1021,
	51.1467 27.1026,
	51.1459 27.1034,
	51.139 27.1064,
	51.1373 27.1068,
	51.1356 27.1081,
	51.1339 27.1086,
	51.1322 27.1098,
	51.1304 27.1103,
	51.1287 27.1116,
	51.127 27.112,
	51.1262 27.1128,
	51.1244 27.1133,
	51.1176 27.1171,
	51.1159 27.1184,
	51.115 27.1184,
	51.1013 27.1274,
	51.0996 27.1278,
	51.0979 27.1291,
	51.097 27.1291,
	51.0966 27.13,
	51.0932 27.1313,
	51.0915 27.1321,
	51.0897 27.1321,
	51.088 27.1334,
	51.0872 27.1334,
	51.0807 27.1373,
	51.0786 27.1385,
	51.0769 27.139,
	51.0735 27.1415,
	51.07 27.1428,
	51.0692 27.1437,
	51.0683 27.1437,
	51.0666 27.145,
	51.0632 27.1463,
	51.0623 27.1471,
	51.0606 27.1475,
	51.0602 27.1484,
	51.0568 27.1497,
	51.0559 27.1497,
	51.055 27.1505,
	51.0533 27.151,
	51.0525 27.1518,
	51.049 27.1531,
	51.0482 27.1531,
	51.0473 27.154,
	51.0439 27.1553,
	51.043 27.1553,
	51.0413 27.1565,
	51.0379 27.1578,
	51.037 27.1587,
	51.0302 27.1613,
	51.0268 27.1625,
	51.0246 27.1638,
	51.0212 27.1655,
	51.0195 27.166,
	51.0186 27.1668,
	51.0049 27.1715,
	50.9912 27.1771,
	50.9903 27.1771,
	50.9895 27.178,
	50.9826 27.1801,
	50.9792 27.1805,
	50.9775 27.1814,
	50.9501 27.184,
	50.9432 27.1844,
	50.9364 27.184,
	50.9295 27.1823,
	50.9265 27.1805,
	50.9231 27.178,
	50.9166 27.1741,
	50.9106 27.1685,
	50.9055 27.163,
	50.9029 27.1595,
	50.9021 27.1591,
	50.9021 27.1583,
	50.9012 27.1578,
	50.9012 27.157,
	50.8965 27.1501,
	50.8952 27.1484,
	50.8944 27.1475,
	50.8944 27.1467,
	50.8918 27.1441,
	50.8892 27.1407,
	50.8884 27.1398,
	50.8884 27.139,
	50.8841 27.1325,
	50.8819 27.1291,
	50.8807 27.1257,
	50.8807 27.1248,
	50.8798 27.124,
	50.8789 27.1206,
	50.8781 27.1197,
	50.8772 27.1163,
	50.8768 27.1146,
	"/>
</Transform>

<Transform dim="1"
 xcoef=" 0.218317892882904 1 0 0 0 0"
 ycoef=" -4.03796832919703 0 1 0 0 0">
<Image mag="0.00209248" contrast="1.88565" brightness="-0.705" red="true" green="true" blue="true"
 src="016____z15.0.tif" />
<Contour name="domain1" hidden="false" closed="true" simplified="false" border="1 0 1" fill="1 0 1" mode="11"
 points="0 0,
	35235 0,
	35235 16175,
	0 16175,
	"/>
</Transform>

<Transform dim="0"
 xcoef=" 0 1 0 0 0 0"
 ycoef=" 0 0 1 0 0 0">
<Contour name="d006_cfa12" hidden="false" closed="false" simplified="false" border="0 1 0" fill="0 1 0" mode="11"
 points="52.0932 26.5808,
	52.0802 26.5815,
	52.0553 26.584,
	52.0396 26.5842,
	"/>
</Transform>

<Transform dim="0"
 xcoef=" 0 1 0 0 0 0"
 ycoef=" 0 0 1 0 0 0">
<Contour name="d006_cfa12" hidden="false" closed="true" simplified="true" border="0 1 0" fill="0 1 0" mode="11"
 points="51.8814 26.5597,
	51.8816 26.5587,
	51.8824 26.5577,
	51.8833 26.5573,
	51.8836 26.5568,
	51.8845 26.5565,
	51.8865 26.5553,
	51.8903 26.5556,
	51.8976 26.5587,
	51.8981 26.5587,
	51.8985 26.5592,
	51.9024 26.5599,
	51.9043 26.5606,
	51.9048 26.5606,
	51.9053 26.5611,
	51.9063 26.5611,
	51.9082 26.5621,
	51.9159 26.5645,
	51.9179 26.5652,
	51.9188 26.5652,
	51.9208 26.566,
	51.9517 26.5662,
	51.9553 26.565,
	51.9572 26.5643,
	51.9592 26.5631,
	51.9601 26.5623,
	51.9621 26.5618,
	51.964 26.5609,
	51.9949 26.5602,
	52.0026 26.5604,
	52.0046 26.5604,
	52.0065 26.5609,
	52.0104 26.5609,
	52.0142 26.5614,
	52.0181 26.5626,
	52.0219 26.5645,
	52.0236 26.5662,
	52.0263 26.5698,
	52.0299 26.572,
	52.0309 26.5725,
	52.0314 26.5725,
	52.0323 26.5734,
	52.0333 26.5739,
	52.0343 26.5749,
	52.0355 26.5766,
	52.0362 26.5761,
	52.0369 26.5771,
	52.0372 26.578,
	52.0384 26.58,
	52.0386 26.5809,
	52.0386 26.5814,
	52.0391 26.5819,
	52.0396 26.5838,
	52.0398 26.5848,
	52.0398 26.5853,
	52.041 26.5872,
	52.042 26.5911,
	52.042 26.5949,
	52.042 26.5969,
	52.0415 26.5988,
	52.0403 26.6,
	52.0403 26.6005,
	52.0364 26.6031,
	52.035 26.6041,
	52.0314 26.6065,
	52.0306 26.6073,
	52.0302 26.6075,
	52.0299 26.6073,
	52.0263 26.6106,
	52.0246 26.6123,
	52.0219 26.6155,
	52.0203 26.6172,
	52.0166 26.6198,
	52.0157 26.6201,
	52.0154 26.6205,
	52.0135 26.621,
	52.0133 26.6215,
	52.0096 26.6232,
	52.0091 26.6232,
	52.0089 26.6237,
	52.005 26.6244,
	52.0012 26.6246,
	51.9973 26.6244,
	51.9954 26.6242,
	51.9944 26.6237,
	51.9925 26.6234,
	51.992 26.6229,
	51.9901 26.6225,
	51.9891 26.6222,
	51.9889 26.6217,
	51.9884 26.6217,
	51.9874 26.621,
	51.9869 26.621,
	51.9852 26.6198,
	51.9814 26.6184,
	51.9804 26.6184,
	51.9765 26.6169,
	51.9688 26.6147,
	51.9652 26.6135,
	51.9633 26.6133,
	51.9594 26.6118,
	51.9517 26.6101,
	51.9497 26.6101,
	51.9478 26.6097,
	51.9468 26.6092,
	51.943 26.6089,
	51.9352 26.6075,
	51.9343 26.6075,
	51.9338 26.607,
	51.9299 26.6063,
	51.928 26.6058,
	51.927 26.6051,
	51.9261 26.6051,
	51.9241 26.6044,
	51.9232 26.6044,
	51.9157 26.6022,
	51.9118 26.6012,
	51.9113 26.6007,
	51.9094 26.6002,
	51.9089 26.5998,
	51.907 26.5995,
	51.9067 26.599,
	51.9058 26.5988,
	51.9038 26.5974,
	51.9029 26.5969,
	51.9017 26.5949,
	51.8983 26.5913,
	51.8978 26.5906,
	51.8959 26.5891,
	51.8944 26.5874,
	51.8939 26.5867,
	51.893 26.586,
	51.8925 26.5855,
	51.8925 26.585,
	51.8896 26.5821,
	51.8891 26.5812,
	51.8886 26.5807,
	51.8886 26.5797,
	51.8882 26.5795,
	51.8882 26.579,
	51.8874 26.578,
	51.8872 26.5771,
	51.8862 26.5763,
	51.886 26.5754,
	51.8848 26.5742,
	51.8848 26.5737,
	51.884 26.573,
	51.8836 26.571,
	51.8826 26.5691,
	51.8826 26.5686,
	51.8821 26.5681,
	51.8814 26.5643,
	51.8814 26.5604,
	51.8814 26.5599,
	"/>
<Contour name="d006_p12" hidden="false" closed="true" simplified="true" border="1 1 0" fill="1 1 0" mode="11"
 points="51.8029 26.5686,
	51.8077 26.5609,
	51.8089 26.559,
	51.8167 26.5519,
	51.8186 26.5505,
	51.8263 26.5466,
	51.8283 26.5459,
	51.8437 26.5437,
	51.8476 26.5433,
	51.8553 26.5433,
	51.8572 26.5433,
	51.8582 26.5433,
	51.8659 26.5464,
	51.8669 26.5469,
	51.8746 26.5457,
	51.8824 26.5466,
	51.8862 26.5474,
	51.8939 26.5503,
	51.8978 26.5519,
	51.9017 26.5541,
	51.9094 26.5597,
	51.9171 26.5633,
	51.9249 26.5645,
	51.9287 26.565,
	51.9297 26.5652,
	51.9374 26.564,
	51.9451 26.5633,
	51.9529 26.5621,
	51.9606 26.5604,
	51.9645 26.5602,
	51.9722 26.5604,
	51.9877 26.5597,
	51.9954 26.5592,
	51.9992 26.559,
	52.0147 26.5614,
	52.0224 26.5626,
	52.0244 26.5631,
	52.0299 26.5708,
	52.0306 26.571,
	52.0461 26.5693,
	52.05 26.5689,
	52.0809 26.5686,
	52.1118 26.5737,
	52.1195 26.5746,
	52.1234 26.5746,
	52.1311 26.5708,
	52.133 26.5698,
	52.1386 26.5623,
	52.142 26.5585,
	52.1478 26.543,
	52.1492 26.5391,
	52.1504 26.5314,
	52.1507 26.5295,
	52.1507 26.5285,
	52.1606 26.5131,
	52.163 26.5092,
	52.1647 26.5075,
	52.1724 26.5027,
	52.1743 26.502,
	52.1821 26.501,
	52.184 26.5007,
	52.1917 26.5017,
	52.1937 26.502,
	52.2014 26.509,
	52.2089 26.5164,
	52.2149 26.5319,
	52.2164 26.5358,
	52.2202 26.5512,
	52.2212 26.5551,
	52.2224 26.5705,
	52.2226 26.5783,
	52.2226 26.5802,
	52.2226 26.5812,
	52.2207 26.5831,
	52.22 26.5841,
	52.219 26.5879,
	52.2185 26.5889,
	52.2149 26.5928,
	52.2132 26.5947,
	52.2084 26.6024,
	52.2079 26.6034,
	52.2002 26.6111,
	52.1963 26.6147,
	52.1944 26.6159,
	52.1835 26.6312,
	52.1809 26.635,
	52.1796 26.637,
	52.1671 26.6524,
	52.164 26.6563,
	52.1562 26.6638,
	52.1543 26.6657,
	52.1388 26.6778,
	52.1369 26.6792,
	52.1292 26.6831,
	52.1272 26.6841,
	52.1195 26.686,
	52.1176 26.6865,
	52.1137 26.6865,
	52.1118 26.6867,
	52.1041 26.6896,
	52.1021 26.6903,
	52.0867 26.6932,
	52.0789 26.694,
	52.0635 26.694,
	52.0616 26.6942,
	52.0538 26.6971,
	52.0461 26.7017,
	52.0422 26.7041,
	52.0188 26.735,
	52.0159 26.7389,
	52.0091 26.7466,
	52.0058 26.7505,
	52.0019 26.7534,
	52.0009 26.7541,
	51.9855 26.7572,
	51.9816 26.758,
	51.9739 26.758,
	51.972 26.758,
	51.941 26.7483,
	51.9333 26.7459,
	51.9323 26.7454,
	51.9246 26.7444,
	51.9227 26.7439,
	51.9217 26.7439,
	51.9063 26.7381,
	51.9024 26.7367,
	51.8947 26.7328,
	51.8927 26.7319,
	51.8908 26.7316,
	51.8898 26.7316,
	51.8744 26.7208,
	51.8667 26.7152,
	51.8628 26.7123,
	51.8611 26.7106,
	51.8558 26.7029,
	51.8483 26.6954,
	51.8464 26.6935,
	51.8425 26.6857,
	51.8415 26.6838,
	51.8386 26.6684,
	51.8382 26.6645,
	51.8372 26.6606,
	51.8367 26.6587,
	51.8254 26.6432,
	51.8225 26.6394,
	51.8176 26.6316,
	51.8142 26.6239,
	51.8128 26.6201,
	51.8118 26.6123,
	51.8116 26.6085,
	51.8116 26.6075,
	51.8099 26.6056,
	51.8087 26.6036,
	51.8036 26.5882,
	51.8029 26.5862,
	51.8029 26.5708,
	51.8029 26.5689,
	"/>
</Transform>

<Transform dim="0"
 xcoef=" 0 1 0 0 0 0"
 ycoef=" 0 0 1 0 0 0">
<Contour name="d006_c12" hidden="false" closed="true" simplified="true" border="1 0 0" fill="1 0 0" mode="11"
 points="51.8633 26.4982,
	51.8659 26.493,
	51.8694 26.4879,
	51.874 26.483,
	51.8765 26.4811,
	51.8817 26.4789,
	51.892 26.4759,
	51.9023 26.4743,
	51.9436 26.4734,
	51.9462 26.4727,
	51.9488 26.4727,
	51.9694 26.4682,
	51.9901 26.466,
	51.9952 26.4653,
	52.0159 26.4605,
	52.021 26.4601,
	52.0236 26.4595,
	52.0443 26.4585,
	52.0494 26.4585,
	52.0597 26.4614,
	52.0649 26.4637,
	52.0675 26.465,
	52.0697 26.4672,
	52.0717 26.4724,
	52.0726 26.4776,
	52.0743 26.4982,
	52.0765 26.5085,
	52.0781 26.5137,
	52.0791 26.5163,
	52.0794 26.5176,
	52.0794 26.5182,
	52.0804 26.5195,
	52.081 26.5221,
	52.0814 26.5234,
	52.0814 26.524,
	52.0823 26.5253,
	52.0839 26.5305,
	52.0839 26.5317,
	52.0849 26.5327,
	52.0865 26.5379,
	52.0872 26.5405,
	52.0888 26.543,
	52.0907 26.5482,
	52.0917 26.5508,
	52.0933 26.5534,
	52.0943 26.5546,
	52.0972 26.565,
	52.0978 26.5753,
	52.0978 26.5805,
	52.0962 26.5856,
	52.0959 26.5869,
	52.091 26.5917,
	52.0884 26.594,
	52.0833 26.5972,
	52.073 26.6027,
	52.0626 26.6088,
	52.0575 26.6117,
	52.0368 26.6263,
	52.0317 26.6304,
	52.0265 26.634,
	52.0239 26.635,
	52.0214 26.6366,
	52.0007 26.6437,
	51.9956 26.6453,
	51.9852 26.6472,
	51.9749 26.6485,
	51.9543 26.6479,
	51.944 26.6472,
	51.9388 26.6466,
	51.9362 26.6456,
	51.9259 26.6443,
	51.9207 26.6427,
	51.9156 26.6404,
	51.9104 26.6369,
	51.9078 26.6356,
	51.9072 26.6356,
	51.9046 26.633,
	51.9033 26.6317,
	51.8981 26.6285,
	51.8956 26.6269,
	51.8904 26.6224,
	51.8878 26.6204,
	51.8788 26.6101,
	51.8717 26.5998,
	51.8688 26.5946,
	51.8678 26.5895,
	51.8675 26.5843,
	51.8691 26.574,
	51.8682 26.5534,
	51.8672 26.543,
	51.8669 26.5379,
	51.8659 26.5327,
	51.8656 26.5276,
	51.8649 26.525,
	51.8646 26.5198,
	51.864 26.5172,
	51.8633 26.5069,
	51.8633 26.5018,
	51.8633 26.4992,
	51.8633 26.4985,
	"/>
</Transform>

</Section>