<?xml version="1.0"?>
<!DOCTYPE Section SYSTEM "section.dtd">

<Section index="26" thickness="0.043" alignLocked="true">
<Transform dim="1"
 xcoef=" 0.0241158289518845 1 0 0 0 0"
 ycoef=" -4.30001775361936 0 1 0 0 0">
<Contour name="sym_cand_04_YES_MH_PHP_DDH" hidden="false" closed="true" simplified="true" border="1 0 1" fill="1 0 1" mode="11"
 points="51.7944 25.6772,
	51.7948 25.6604,
	51.7962 25.6438,
	51.7984 25.6274,
	51.8015 25.6114,
	51.8054 25.5959,
	51.8101 25.581,
	51.8156 25.5669,
	51.8219 25.5536,
	51.8288 25.5413,
	51.8363 25.53,
	51.8444 25.5198,
	51.8531 25.5109,
	51.8621 25.5033,
	51.8716 25.497,
	51.8813 25.4921,
	51.8912 25.4886,
	51.9013 25.4866,
	51.9115 25.486,
	51.9217 25.4869,
	51.9317 25.4893,
	51.9417 25.4932,
	51.9513 25.4984,
	51.9607 25.5051,
	51.9696 25.513,
	51.9781 25.5223,
	51.9861 25.5327,
	51.9935 25.5442,
	52.0002 25.5568,
	52.0063 25.5703,
	52.0116 25.5846,
	52.0161 25.5997,
	52.0198 25.6153,
	52.0227 25.6314,
	52.0247 25.6479,
	52.0258 25.6646,
	52.026 25.6814,
	52.0254 25.6981,
	52.0238 25.7147,
	52.0214 25.731,
	52.0181 25.7469,
	52.014 25.7623,
	52.009 25.777,
	52.0034 25.7909,
	51.9969 25.8039,
	51.9899 25.816,
	51.9822 25.827,
	51.9739 25.8369,
	51.9652 25.8455,
	51.956 25.8528,
	51.9465 25.8587,
	51.9367 25.8633,
	51.9267 25.8664,
	51.9166 25.8681,
	51.9064 25.8682,
	51.8963 25.867,
	51.8862 25.8642,
	51.8764 25.86,
	51.8668 25.8544,
	51.8575 25.8474,
	51.8487 25.8391,
	51.8403 25.8296,
	51.8325 25.8189,
	51.8252 25.8071,
	51.8187 25.7942,
	51.8128 25.7805,
	51.8077 25.766,
	51.8033 25.7508,
	51.7998 25.7351,
	51.7972 25.7188,
	51.7954 25.7023,
	"/>
</Transform>

<Transform dim="1"
 xcoef=" -0.245884171048116 1 0 0 0 0"
 ycoef=" -4.14001775361936 0 1 0 0 0">
<Contour name="mito05" hidden="false" closed="false" simplified="true" border="1 0.5 0" fill="1 0.5 0" mode="13"
 points="23.6048 8.21961,
	23.7686 8.42007,
	"/>
</Transform>

<Transform dim="1"
 xcoef=" 0.0241158289518845 1 0 0 0 0"
 ycoef=" -4.30001775361936 0 1 0 0 0">
<Contour name="D001" hidden="false" closed="true" simplified="false" border="1 1 1" fill="0.501961 0 1" mode="-13"
 points="40.6392 24.749,
	40.6392 24.7171,
	40.6711 24.7171,
	40.6711 24.6853,
	40.703 24.6853,
	40.703 24.7171,
	40.7348 24.7171,
	40.7348 24.749,
	40.703 24.749,
	40.703 24.7808,
	40.6711 24.7808,
	40.6711 24.749,
	"/>
</Transform>

<Transform dim="1"
 xcoef=" 0.0241158289518845 1 0 0 0 0"
 ycoef=" -4.30001775361936 0 1 0 0 0">
<Contour name="D002" hidden="false" closed="true" simplified="false" border="1 1 1" fill="0 0.501961 1" mode="-13"
 points="51.4068 11.9752,
	51.4068 11.9441,
	51.4379 11.9441,
	51.4379 11.913,
	51.4691 11.913,
	51.4691 11.9441,
	51.5002 11.9441,
	51.5002 11.9752,
	51.4691 11.9752,
	51.4691 12.0064,
	51.4379 12.0064,
	51.4379 11.9752,
	"/>
</Transform>

<Transform dim="1"
 xcoef=" 0.0241158289518845 1 0 0 0 0"
 ycoef=" -4.30001775361936 0 1 0 0 0">
<Contour name="D003" hidden="false" closed="true" simplified="false" border="1 1 1" fill="1 0 1" mode="-13"
 points="58.2543 8.24247,
	58.2543 8.20761,
	58.2892 8.20761,
	58.2892 8.17275,
	58.3241 8.17275,
	58.3241 8.20761,
	58.3589 8.20761,
	58.3589 8.24247,
	58.3241 8.24247,
	58.3241 8.27733,
	58.2892 8.27733,
	58.2892 8.24247,
	"/>
</Transform>

<Transform dim="1"
 xcoef=" 0.0241158289518845 1 0 0 0 0"
 ycoef=" -4.30001775361936 0 1 0 0 0">
<Contour name="D004" hidden="false" closed="true" simplified="false" border="1 1 1" fill="1 1 0" mode="-13"
 points="52.2115 25.7642,
	52.2115 25.735,
	52.2407 25.735,
	52.2407 25.7058,
	52.2699 25.7058,
	52.2699 25.735,
	52.2991 25.735,
	52.2991 25.7642,
	52.2699 25.7642,
	52.2699 25.7934,
	52.2407 25.7934,
	52.2407 25.7642,
	"/>
</Transform>

<Transform dim="1"
 xcoef=" 0.0241158289518845 1 0 0 0 0"
 ycoef=" -4.30001775361936 0 1 0 0 0">
<Contour name="d001_symcand01axonstamp_delete" hidden="false" closed="true" simplified="false" border="0 1 1" fill="0 1 1" mode="9"
 points="40.0649 26.508,
	40.082 26.4909,
	40.0136 26.4225,
	40.0307 26.4054,
	40.0991 26.4738,
	40.1162 26.4567,
	40.1162 26.508,
	"/>
</Transform>

<Transform dim="1"
 xcoef=" 0.0241158289518845 1 0 0 0 0"
 ycoef=" -4.30001775361936 0 1 0 0 0">
<Contour name="axon04" hidden="false" closed="true" simplified="false" border="0 1 1" fill="0 1 1" mode="9"
 points="51.6343 25.9001,
	51.6501 25.8843,
	51.5868 25.821,
	51.6026 25.8051,
	51.6659 25.8684,
	51.6818 25.8526,
	51.6818 25.9001,
	"/>
</Transform>

<Transform dim="1"
 xcoef=" 4.66144906465984 1 0 0 0 0"
 ycoef=" 4.40199881514683 0 1 0 0 0">
<Contour name="sym_cand_09_Axon_follow" hidden="false" closed="true" simplified="false" border="1 0 1" fill="1 0.501961 0.25098" mode="-13"
 points="15.9767 22.4355,
	15.9548 22.4355,
	15.9548 22.4465,
	15.9657 22.4575,
	15.9986 22.4684,
	15.9767 22.4794,
	15.9657 22.5013,
	15.9438 22.4794,
	15.9329 22.4575,
	15.9329 22.4355,
	15.911 22.4355,
	15.9438 22.4136,
	"/>
</Transform>

<Transform dim="1"
 xcoef=" 4.66144906465984 1 0 0 0 0"
 ycoef=" 4.40199881514683 0 1 0 0 0">
<Contour name="sym_cand_09_Axon_follow_inhibitory" hidden="false" closed="true" simplified="true" border="1 0 1" fill="1 0 1" mode="11"
 points="15.0234 22.4341,
	15.0261 22.4112,
	15.034 22.3886,
	15.0471 22.3669,
	15.065 22.3463,
	15.0876 22.3272,
	15.1143 22.3101,
	15.1448 22.295,
	15.1784 22.2825,
	15.2147 22.2725,
	15.2529 22.2654,
	15.2924 22.2613,
	15.3326 22.2601,
	15.3726 22.262,
	15.4119 22.2669,
	15.4497 22.2747,
	15.4854 22.2854,
	15.5183 22.2986,
	15.5478 22.3142,
	15.5736 22.3318,
	15.595 22.3513,
	15.6117 22.3722,
	15.6235 22.3942,
	15.6301 22.4169,
	15.6315 22.4399,
	15.6275 22.4628,
	15.6183 22.4852,
	15.604 22.5067,
	15.5848 22.5269,
	15.5612 22.5455,
	15.5335 22.5622,
	15.5022 22.5766,
	15.4678 22.5885,
	15.431 22.5978,
	15.3924 22.6041,
	15.3526 22.6076,
	15.3125 22.6079,
	15.2725 22.6053,
	15.2336 22.5996,
	15.1962 22.5911,
	15.1612 22.5798,
	15.1291 22.566,
	15.1004 22.5499,
	15.0757 22.5317,
	15.0555 22.5118,
	15.0399 22.4906,
	15.0294 22.4684,
	"/>
</Transform>

<Transform dim="1"
 xcoef=" 4.66144906465984 1 0 0 0 0"
 ycoef=" 4.40199881514683 0 1 0 0 0">
<Contour name="D005" hidden="false" closed="true" simplified="false" border="1 1 1" fill="0 0.501961 0.501961" mode="-13"
 points="19.4081 22.0346,
	19.4081 21.9977,
	19.445 21.9977,
	19.445 21.9607,
	19.482 21.9607,
	19.482 21.9977,
	19.519 21.9977,
	19.519 22.0346,
	19.482 22.0346,
	19.482 22.0716,
	19.445 22.0716,
	19.445 22.0346,
	"/>
</Transform>

<Transform dim="1"
 xcoef=" 0.35 1 0 0 0 0"
 ycoef=" -0.07 0 1 0 0 0">
<Contour name="D006" hidden="false" closed="true" simplified="true" border="1 0 0.501961" fill="0 0.501961 1" mode="11"
 points="52.4377 27.3649,
	52.44 27.3427,
	52.4471 27.3215,
	52.4586 27.3019,
	52.4741 27.2848,
	52.4929 27.271,
	52.5142 27.2608,
	52.5374 27.2548,
	52.5613 27.2531,
	52.5852 27.2559,
	52.608 27.263,
	52.6288 27.2741,
	52.6468 27.2888,
	52.6613 27.3066,
	52.6717 27.3266,
	52.6777 27.3482,
	52.6789 27.3705,
	52.6753 27.3925,
	52.6671 27.4134,
	52.6545 27.4324,
	52.6382 27.4487,
	52.6187 27.4617,
	52.5968 27.4709,
	52.5733 27.4758,
	52.5493 27.4764,
	52.5256 27.4725,
	52.5033 27.4644,
	52.4831 27.4523,
	52.4659 27.4368,
	52.4523 27.4184,
	52.443 27.3978,
	"/>
</Transform>

<Transform dim="0"
 xcoef=" 0 1 0 0 0 0"
 ycoef=" 0 0 1 0 0 0">
<Contour name="d006" hidden="false" closed="true" simplified="true" border="1 1 0" fill="1 1 0" mode="11"
 points="51.9918 27.3649,
	52.0021 27.3465,
	52.0113 27.3385,
	52.0297 27.327,
	52.0389 27.3224,
	52.0435 27.3224,
	52.0481 27.319,
	52.0848 27.3052,
	52.094 27.3006,
	52.0986 27.2995,
	52.1353 27.2776,
	52.1445 27.2696,
	52.1456 27.265,
	52.1491 27.2604,
	52.1491 27.2558,
	52.1514 27.2512,
	52.1514 27.2467,
	52.1594 27.2283,
	52.1743 27.2099,
	52.1835 27.2019,
	52.1962 27.1847,
	52.2088 27.1479,
	52.2099 27.1433,
	52.2099 27.141,
	52.2271 27.1238,
	52.2455 27.11,
	52.2639 27.0928,
	52.28 27.0756,
	52.2891 27.0572,
	52.3006 27.0389,
	52.3178 27.0239,
	52.3201 27.0216,
	52.3293 27.0193,
	52.3339 27.0171,
	52.3362 27.0171,
	52.3385 27.0148,
	52.3569 27.0113,
	52.3661 27.0102,
	52.3844 27.0033,
	52.3936 27.0021,
	52.3959 26.9998,
	52.4143 26.9964,
	52.4326 26.9952,
	52.4418 26.9952,
	52.4602 27.0021,
	52.4694 27.0044,
	52.4717 27.0044,
	52.474 27.0067,
	52.4763 27.0067,
	52.4946 27.0228,
	52.5187 27.0595,
	52.521 27.0641,
	52.5394 27.0813,
	52.5578 27.0917,
	52.5761 27.1066,
	52.5842 27.1158,
	52.5957 27.1341,
	52.5991 27.1433,
	52.6014 27.1479,
	52.6014 27.1502,
	52.6037 27.1525,
	52.6037 27.1571,
	52.606 27.1617,
	52.606 27.1663,
	52.6083 27.1709,
	52.6083 27.1801,
	52.6129 27.1984,
	52.6129 27.2352,
	52.6129 27.2535,
	52.6152 27.2627,
	52.6152 27.2673,
	52.6186 27.2719,
	52.6244 27.2903,
	52.6278 27.2995,
	52.6312 27.3041,
	52.6393 27.3224,
	52.6404 27.3316,
	52.6737 27.4051,
	52.6898 27.4418,
	52.6944 27.4602,
	52.6967 27.5337,
	52.7013 27.552,
	52.7024 27.5612,
	52.7059 27.5704,
	52.707 27.6071,
	52.7047 27.6255,
	52.6921 27.6622,
	52.6818 27.6806,
	52.676 27.6898,
	52.676 27.6921,
	52.6588 27.7104,
	52.6496 27.7185,
	52.6416 27.7242,
	52.6232 27.7403,
	52.614 27.7472,
	52.6048 27.7518,
	52.6002 27.7564,
	52.5819 27.7633,
	52.5773 27.7655,
	52.5406 27.769,
	52.5038 27.769,
	52.4854 27.769,
	52.4671 27.7655,
	52.4579 27.7644,
	52.4487 27.761,
	52.4441 27.761,
	52.4395 27.7575,
	52.4349 27.7575,
	52.4258 27.7541,
	52.389 27.7495,
	52.3523 27.7483,
	52.3339 27.7483,
	52.2604 27.7552,
	52.2421 27.7564,
	52.2329 27.7598,
	52.1962 27.761,
	52.1594 27.7598,
	52.1571 27.7575,
	52.1525 27.7564,
	52.1342 27.7414,
	52.1273 27.7323,
	52.1192 27.7139,
	52.1135 27.6955,
	52.1032 27.6772,
	52.0986 27.668,
	52.0836 27.6496,
	52.0664 27.6129,
	52.0641 27.6083,
	52.0618 27.606,
	52.0607 27.6014,
	52.0584 27.5991,
	52.0572 27.5945,
	52.0549 27.5922,
	52.0549 27.5899,
	52.0527 27.5876,
	52.0515 27.583,
	52.0171 27.5474,
	52.0102 27.5382,
	52.0067 27.5291,
	52.0044 27.5107,
	52.0044 27.5015,
	52.0067 27.4923,
	52.0067 27.474,
	52.009 27.4648,
	52.0056 27.428,
	52.0044 27.4189,
	52.0033 27.4143,
	51.9964 27.4051,
	51.9941 27.4005,
	51.9941 27.3959,
	51.9918 27.3913,
	51.9918 27.3729,
	51.9918 27.3683,
	51.9918 27.366,
	"/>
</Transform>

<Transform dim="0"
 xcoef=" 0 1 0 0 0 0"
 ycoef=" 0 0 1 0 0 0">
<Contour name="d006_p02" hidden="false" closed="true" simplified="true" border="1 1 0" fill="1 1 0" mode="11"
 points="52.0832 28.0635,
	52.0877 28.0493,
	52.0877 28.0475,
	52.0975 28.0341,
	52.1019 28.0288,
	52.1091 28.0243,
	52.11 28.0226,
	52.1171 28.0199,
	52.1206 28.0181,
	52.1224 28.0181,
	52.1295 28.0137,
	52.1865 28.0039,
	52.2008 27.9985,
	52.2079 27.9941,
	52.2097 27.9941,
	52.2168 27.9896,
	52.2311 27.9843,
	52.2596 27.9816,
	52.3166 27.9807,
	52.3308 27.9807,
	52.3379 27.9816,
	52.3451 27.9843,
	52.3593 27.9941,
	52.3611 27.9958,
	52.3611 27.9976,
	52.3629 27.9985,
	52.3629 28.0128,
	52.3629 28.0199,
	52.3602 28.0341,
	52.3557 28.0484,
	52.3557 28.0502,
	52.3531 28.0537,
	52.3513 28.0609,
	52.3468 28.068,
	52.3415 28.0822,
	52.3388 28.0849,
	52.337 28.092,
	52.3308 28.1063,
	52.3228 28.1348,
	52.3201 28.1633,
	52.3157 28.1775,
	52.3148 28.1811,
	52.313 28.1829,
	52.313 28.1846,
	52.3085 28.1909,
	52.3068 28.1944,
	52.2934 28.2024,
	52.2649 28.2033,
	52.2364 28.2016,
	52.2293 28.2016,
	52.2008 28.1962,
	52.1937 28.1935,
	52.1919 28.1918,
	52.1883 28.1918,
	52.1812 28.1891,
	52.1794 28.1891,
	52.1776 28.1873,
	52.1741 28.1873,
	52.1598 28.182,
	52.1563 28.1793,
	52.1491 28.1766,
	52.1456 28.1748,
	52.1438 28.1748,
	52.1367 28.1704,
	52.1349 28.1704,
	52.1322 28.1677,
	52.1304 28.1677,
	52.1171 28.1588,
	52.1135 28.157,
	52.1002 28.1437,
	52.0984 28.1419,
	52.0984 28.1401,
	52.0966 28.1383,
	52.0957 28.1348,
	52.0939 28.1339,
	52.0913 28.1267,
	52.0886 28.1125,
	52.0868 28.1089,
	52.0868 28.1054,
	52.0841 28.0983,
	52.0832 28.0698,
	52.0832 28.0662,
	52.0832 28.0644,
	"/>
</Transform>

<Transform dim="0"
 xcoef=" 0 1 0 0 0 0"
 ycoef=" 0 0 1 0 0 0">
<Contour name="d006_p08" hidden="false" closed="true" simplified="true" border="1 1 0" fill="1 1 0" mode="11"
 points="50.5614 28.4351,
	50.5718 28.4166,
	50.5775 28.4074,
	50.5925 28.3901,
	50.5948 28.389,
	50.5948 28.3866,
	50.6029 28.3774,
	50.6075 28.374,
	50.6075 28.3717,
	50.6225 28.3578,
	50.6409 28.3463,
	50.6594 28.3394,
	50.6778 28.3359,
	50.6871 28.3324,
	50.6894 28.3301,
	50.7078 28.3244,
	50.717 28.3198,
	50.7194 28.3175,
	50.7217 28.3175,
	50.7309 28.3105,
	50.732 28.3082,
	50.7343 28.3082,
	50.7516 28.2909,
	50.7666 28.2759,
	50.7701 28.2713,
	50.7782 28.2656,
	50.7862 28.2575,
	50.8024 28.2471,
	50.8047 28.2471,
	50.8139 28.2402,
	50.8185 28.2379,
	50.8208 28.2379,
	50.8254 28.2344,
	50.8347 28.231,
	50.8531 28.2275,
	50.8577 28.2252,
	50.8946 28.2183,
	50.8992 28.216,
	50.9039 28.216,
	50.9131 28.2125,
	50.9177 28.2102,
	50.9223 28.2102,
	50.9315 28.2068,
	50.95 28.2033,
	50.9546 28.2033,
	50.9592 28.201,
	50.9961 28.1987,
	51.033 28.201,
	51.1068 28.1998,
	51.116 28.1998,
	51.1253 28.1975,
	51.1345 28.1975,
	51.1437 28.1941,
	51.1529 28.1941,
	51.1622 28.1918,
	51.1806 28.1918,
	51.2175 28.1883,
	51.236 28.1848,
	51.2544 28.1791,
	51.2717 28.1687,
	51.2809 28.1641,
	51.2844 28.1606,
	51.2867 28.1606,
	51.3051 28.1491,
	51.3098 28.1468,
	51.3121 28.1445,
	51.3144 28.1445,
	51.3155 28.1422,
	51.3178 28.1422,
	51.3259 28.1364,
	51.3305 28.1341,
	51.3351 28.1295,
	51.3432 28.1237,
	51.3789 28.088,
	51.3962 28.0707,
	51.4055 28.0638,
	51.4066 28.0615,
	51.4089 28.0615,
	51.4181 28.0545,
	51.4205 28.0522,
	51.4228 28.0522,
	51.4401 28.0419,
	51.4424 28.0396,
	51.447 28.0384,
	51.4516 28.0349,
	51.4562 28.0338,
	51.4597 28.0303,
	51.4689 28.028,
	51.4735 28.0246,
	51.5104 28.0107,
	51.5196 28.0084,
	51.5242 28.0061,
	51.5289 28.0061,
	51.5473 28.0003,
	51.5565 27.9992,
	51.5611 27.9969,
	51.598 27.9957,
	51.6349 27.998,
	51.6534 27.9946,
	51.6718 27.9888,
	51.6811 27.9842,
	51.6834 27.9842,
	51.6926 27.9784,
	51.6972 27.975,
	51.6995 27.975,
	51.7087 27.9692,
	51.7134 27.9681,
	51.718 27.9646,
	51.7203 27.9623,
	51.7387 27.9542,
	51.7433 27.9531,
	51.7456 27.9508,
	51.7503 27.9496,
	51.7526 27.9473,
	51.7572 27.9473,
	51.7756 27.9415,
	51.7941 27.9392,
	51.8033 27.9404,
	51.8079 27.9404,
	51.8125 27.9427,
	51.8217 27.9438,
	51.8298 27.9508,
	51.8321 27.9554,
	51.831 27.9738,
	51.8252 27.9923,
	51.8137 28.0107,
	51.7998 28.0269,
	51.7975 28.028,
	51.7975 28.0303,
	51.7825 28.0453,
	51.7745 28.0522,
	51.7699 28.0545,
	51.7652 28.0592,
	51.7583 28.0649,
	51.7537 28.0684,
	51.7514 28.0684,
	51.7503 28.0707,
	51.7479 28.0707,
	51.7387 28.0788,
	51.7214 28.0903,
	51.7145 28.0984,
	51.7053 28.1064,
	51.6984 28.1145,
	51.6949 28.1191,
	51.6926 28.1203,
	51.6926 28.1226,
	51.6857 28.1307,
	51.6834 28.133,
	51.6834 28.1353,
	51.6684 28.1514,
	51.6626 28.1606,
	51.6557 28.1676,
	51.6499 28.1768,
	51.6361 28.1918,
	51.6176 28.2068,
	51.6015 28.2194,
	51.5842 28.2344,
	51.5761 28.2414,
	51.5473 28.2771,
	51.5404 28.284,
	51.5369 28.2875,
	51.5346 28.2875,
	51.5173 28.3002,
	51.4989 28.3152,
	51.4827 28.3336,
	51.4758 28.3417,
	51.4723 28.3451,
	51.47 28.3463,
	51.47 28.3486,
	51.4574 28.3659,
	51.447 28.3832,
	51.4424 28.389,
	51.4424 28.3913,
	51.4389 28.3947,
	51.432 28.4132,
	51.4193 28.4305,
	51.4124 28.4385,
	51.3974 28.4489,
	51.3951 28.4512,
	51.3928 28.4512,
	51.3836 28.457,
	51.3812 28.457,
	51.372 28.4639,
	51.3697 28.4639,
	51.3674 28.4662,
	51.3651 28.4662,
	51.349 28.4789,
	51.334 28.4939,
	51.3224 28.5123,
	51.319 28.517,
	51.3132 28.5354,
	51.3098 28.5446,
	51.3098 28.5631,
	51.3098 28.5723,
	51.304 28.5908,
	51.3028 28.5954,
	51.3005 28.5977,
	51.3005 28.6,
	51.2971 28.6046,
	51.2971 28.6069,
	51.2936 28.6115,
	51.2936 28.6138,
	51.2913 28.615,
	51.2913 28.6173,
	51.2844 28.6265,
	51.2821 28.6277,
	51.2821 28.63,
	51.2752 28.638,
	51.2729 28.6415,
	51.2648 28.6507,
	51.2613 28.6553,
	51.2463 28.668,
	51.2371 28.6726,
	51.2187 28.6726,
	51.2094 28.6692,
	51.1979 28.6519,
	51.1956 28.6496,
	51.1933 28.6403,
	51.1875 28.6311,
	51.1864 28.6265,
	51.1829 28.6219,
	51.1795 28.6034,
	51.1783 28.585,
	51.1748 28.5665,
	51.1714 28.5573,
	51.1714 28.5527,
	51.1622 28.5342,
	51.1518 28.5181,
	51.1449 28.5112,
	51.1437 28.5089,
	51.1414 28.5089,
	51.1391 28.5054,
	51.131 28.4985,
	51.1264 28.495,
	51.1241 28.4927,
	51.1218 28.4927,
	51.1172 28.4893,
	51.1149 28.487,
	51.1126 28.487,
	51.1033 28.4812,
	51.101 28.4812,
	51.093 28.4754,
	51.0837 28.472,
	51.0791 28.4685,
	51.0745 28.4674,
	51.0722 28.4651,
	51.063 28.4628,
	51.0445 28.4547,
	51.0399 28.4535,
	51.0376 28.4512,
	51.0284 28.4489,
	51.0192 28.4443,
	51.0146 28.4432,
	51.0122 28.4408,
	51.003 28.4374,
	50.9938 28.4316,
	50.9915 28.4316,
	50.9869 28.4282,
	50.9846 28.4282,
	50.9834 28.4259,
	50.9811 28.4259,
	50.973 28.4178,
	50.9684 28.4155,
	50.9673 28.4132,
	50.965 28.4132,
	50.9511 28.4005,
	50.9327 28.389,
	50.9235 28.3855,
	50.9142 28.3797,
	50.905 28.3763,
	50.9004 28.3763,
	50.8981 28.374,
	50.8612 28.3694,
	50.8243 28.3682,
	50.8151 28.3682,
	50.8058 28.3705,
	50.7874 28.3717,
	50.7689 28.3751,
	50.7632 28.3797,
	50.7539 28.3797,
	50.7493 28.3832,
	50.7401 28.3866,
	50.7378 28.3866,
	50.7355 28.389,
	50.7263 28.3924,
	50.7217 28.3959,
	50.717 28.3959,
	50.7147 28.3982,
	50.6778 28.4155,
	50.6594 28.4259,
	50.6225 28.4385,
	50.604 28.4455,
	50.5948 28.4489,
	50.5902 28.4512,
	50.5718 28.4501,
	50.5671 28.4489,
	50.5625 28.4455,
	50.5614 28.4362,
	"/>
</Transform>

<Transform dim="0"
 xcoef=" 0 1 0 0 0 0"
 ycoef=" 0 0 1 0 0 0">
<Contour name="d006_p09" hidden="false" closed="true" simplified="true" border="1 1 0" fill="1 1 0" mode="11"
 points="52.348 28.1386,
	52.3498 28.1291,
	52.3504 28.1244,
	52.3522 28.1196,
	52.3539 28.1102,
	52.3551 28.1078,
	52.3557 28.103,
	52.3569 28.1007,
	52.3581 28.0912,
	52.3622 28.0722,
	52.3681 28.0533,
	52.3693 28.0485,
	52.3711 28.0462,
	52.3723 28.0414,
	52.3729 28.0403,
	52.3717 28.0355,
	52.3764 28.026,
	52.3788 28.0213,
	52.3824 28.0171,
	52.3912 28.01,
	52.396 28.0071,
	52.4055 28.0077,
	52.4102 28.0089,
	52.4126 28.01,
	52.4138 28.01,
	52.4161 28.0118,
	52.4173 28.0118,
	52.4197 28.0136,
	52.4209 28.0148,
	52.422 28.0148,
	52.4244 28.0166,
	52.4256 28.0177,
	52.4268 28.0177,
	52.4309 28.0213,
	52.4321 28.0213,
	52.4487 28.0355,
	52.4576 28.0438,
	52.4611 28.0485,
	52.4611 28.0497,
	52.4623 28.0503,
	52.4623 28.0515,
	52.4659 28.0557,
	52.4671 28.058,
	52.4671 28.0592,
	52.4688 28.0616,
	52.4718 28.0711,
	52.4718 28.0805,
	52.4718 28.0853,
	52.4688 28.0947,
	52.4576 28.1131,
	52.4511 28.1226,
	52.4487 28.1273,
	52.4475 28.1285,
	52.4469 28.1309,
	52.4452 28.1333,
	52.4446 28.1356,
	52.4416 28.1404,
	52.4398 28.1427,
	52.4398 28.1439,
	52.4286 28.1629,
	52.422 28.1706,
	52.4138 28.1789,
	52.4043 28.1854,
	52.3995 28.1883,
	52.3901 28.1889,
	52.3806 28.1883,
	52.3758 28.1878,
	52.3735 28.1866,
	52.3711 28.1866,
	52.3664 28.1848,
	52.364 28.1836,
	52.3593 28.1795,
	52.3575 28.1771,
	52.3575 28.1759,
	52.3563 28.1753,
	52.3557 28.1729,
	52.3527 28.1682,
	52.3492 28.1587,
	52.348 28.154,
	52.348 28.1445,
	52.348 28.1398,
	52.348 28.1392,
	"/>
</Transform>

<Transform dim="0"
 xcoef=" 0 1 0 0 0 0"
 ycoef=" 0 0 1 0 0 0">
<Contour name="d006_p12" hidden="false" closed="true" simplified="true" border="1 1 0" fill="1 1 0" mode="11"
 points="52.0121 26.8416,
	52.0166 26.8327,
	52.0177 26.8282,
	52.0199 26.826,
	52.0344 26.7903,
	52.0579 26.7188,
	52.0635 26.7099,
	52.0679 26.7066,
	52.0702 26.7032,
	52.078 26.6954,
	52.0958 26.6842,
	52.1048 26.6809,
	52.1092 26.6787,
	52.1115 26.6787,
	52.1137 26.6764,
	52.1226 26.6742,
	52.126 26.6708,
	52.1349 26.6675,
	52.1394 26.6653,
	52.1438 26.6653,
	52.145 26.663,
	52.1628 26.6608,
	52.165 26.6586,
	52.1829 26.6563,
	52.2008 26.6563,
	52.2086 26.6597,
	52.2164 26.6653,
	52.2186 26.6653,
	52.2276 26.672,
	52.232 26.6764,
	52.2387 26.682,
	52.2532 26.6988,
	52.2644 26.7155,
	52.27 26.7334,
	52.2722 26.7423,
	52.2722 26.778,
	52.2722 26.7959,
	52.2666 26.8137,
	52.2666 26.8182,
	52.2644 26.8204,
	52.2622 26.8294,
	52.2622 26.8316,
	52.2599 26.8338,
	52.2577 26.8428,
	52.2544 26.8472,
	52.251 26.8562,
	52.2488 26.8606,
	52.2488 26.8629,
	52.2432 26.8718,
	52.241 26.8751,
	52.2331 26.8841,
	52.2164 26.8986,
	52.2075 26.9042,
	52.1717 26.9164,
	52.1539 26.9198,
	52.136 26.9254,
	52.1316 26.9265,
	52.1293 26.9265,
	52.1271 26.9287,
	52.1092 26.9298,
	52.1003 26.9298,
	52.0824 26.9254,
	52.078 26.9254,
	52.0757 26.9231,
	52.0579 26.9153,
	52.0534 26.912,
	52.0489 26.9109,
	52.0445 26.9075,
	52.0266 26.9008,
	52.0222 26.8997,
	52.0188 26.8908,
	52.0166 26.8863,
	52.0166 26.8841,
	52.0143 26.8818,
	52.0121 26.864,
	52.0121 26.8461,
	52.0121 26.8428,
	"/>
</Transform>

<Transform dim="0"
 xcoef=" 0 1 0 0 0 0"
 ycoef=" 0 0 1 0 0 0">
<Contour name="d006_p18_branched" hidden="false" closed="true" simplified="true" border="1 1 0" fill="1 1 0" mode="11"
 points="51.3515 26.9941,
	51.3527 26.9892,
	51.3601 26.9806,
	51.3638 26.977,
	51.3662 26.977,
	51.3711 26.9733,
	51.3908 26.9684,
	51.4104 26.9671,
	51.4202 26.9671,
	51.43 26.9721,
	51.4349 26.9733,
	51.4374 26.9757,
	51.4472 26.9794,
	51.4521 26.9794,
	51.4619 26.9831,
	51.4815 26.9855,
	51.5011 26.9917,
	51.5109 26.9978,
	51.5159 27.0015,
	51.5171 27.0113,
	51.5146 27.0162,
	51.5097 27.0187,
	51.5073 27.0211,
	51.5024 27.0223,
	51.4999 27.0248,
	51.4803 27.0309,
	51.4754 27.0346,
	51.4705 27.0346,
	51.4607 27.0383,
	51.4509 27.0383,
	51.4116 27.0481,
	51.392 27.0505,
	51.3822 27.0505,
	51.3773 27.0505,
	51.3589 27.0395,
	51.3527 27.0199,
	51.3515 27.0003,
	51.3515 26.9954,
	"/>
</Transform>

<Transform dim="0"
 xcoef=" 0 1 0 0 0 0"
 ycoef=" 0 0 1 0 0 0">
<Contour name="d006_cfa08" hidden="false" closed="false" simplified="false" border="0 1 0" fill="0 1 0" mode="11"
 points="51.1961 28.5303,
	51.1626 28.4771,
	50.9688 28.3693,
	50.8377 28.3336,
	50.767 28.3452,
	"/>
</Transform>

<Transform dim="0"
 xcoef=" 0 1 0 0 0 0"
 ycoef=" 0 0 1 0 0 0">
<Contour name="d006_c08" hidden="false" closed="true" simplified="true" border="1 0 0" fill="1 0 0" mode="11"
 points="50.7571 28.3538,
	50.76 28.3463,
	50.7618 28.3425,
	50.7637 28.3406,
	50.7637 28.3387,
	50.7694 28.333,
	50.7769 28.3274,
	50.7788 28.3255,
	50.7807 28.3255,
	50.7826 28.3236,
	50.7901 28.3208,
	50.8052 28.318,
	50.8354 28.317,
	50.8505 28.317,
	50.8656 28.3189,
	50.8807 28.3189,
	50.8958 28.3217,
	50.9033 28.3217,
	50.9637 28.333,
	50.9712 28.334,
	50.9787 28.3368,
	50.9938 28.3396,
	50.9976 28.3396,
	51.0051 28.3425,
	51.0089 28.3444,
	51.0127 28.3444,
	51.0165 28.3472,
	51.0202 28.3472,
	51.0353 28.3547,
	51.0372 28.3547,
	51.0448 28.3595,
	51.0476 28.3613,
	51.0514 28.3651,
	51.0532 28.3651,
	51.0674 28.3745,
	51.0749 28.3802,
	51.0768 28.3802,
	51.0919 28.3915,
	51.106 28.4009,
	51.1117 28.4066,
	51.1409 28.4283,
	51.1702 28.4538,
	51.1805 28.467,
	51.1853 28.4736,
	51.1881 28.4773,
	51.19 28.4792,
	51.19 28.4811,
	51.1956 28.4868,
	51.1956 28.4886,
	51.2013 28.4952,
	51.2032 28.499,
	51.2032 28.5009,
	51.206 28.5047,
	51.206 28.5198,
	51.2051 28.5273,
	51.2041 28.5311,
	51.1994 28.5386,
	51.1937 28.5433,
	51.1862 28.5499,
	51.1824 28.5518,
	51.1805 28.5537,
	51.1787 28.5537,
	51.1768 28.5556,
	51.1749 28.5556,
	51.1475 28.5745,
	51.1325 28.5829,
	51.1174 28.5896,
	51.1023 28.5924,
	51.0721 28.5933,
	51.057 28.5905,
	51.0268 28.5811,
	51.0231 28.5801,
	51.0193 28.5773,
	51.0117 28.5745,
	51.0099 28.5726,
	51.008 28.5726,
	50.9938 28.5641,
	50.9872 28.5584,
	50.9835 28.5565,
	50.9825 28.5547,
	50.9806 28.5547,
	50.9778 28.5518,
	50.9759 28.5518,
	50.9457 28.5311,
	50.9306 28.5217,
	50.9174 28.5122,
	50.8873 28.4952,
	50.8722 28.4886,
	50.8684 28.4886,
	50.8609 28.4858,
	50.8458 28.4839,
	50.8382 28.4811,
	50.8307 28.4802,
	50.8269 28.4802,
	50.8118 28.4745,
	50.8043 28.4717,
	50.8005 28.4707,
	50.7986 28.4707,
	50.7967 28.4688,
	50.7892 28.467,
	50.7854 28.466,
	50.7732 28.4519,
	50.7675 28.4443,
	50.7647 28.4406,
	50.7628 28.4387,
	50.759 28.4236,
	50.7571 28.3632,
	50.7571 28.3557,
	50.7571 28.3547,
	"/>
</Transform>

<Transform dim="1"
 xcoef=" 0.0241158289518845 1 0 0 0 0"
 ycoef=" -4.30001775361936 0 1 0 0 0">
<Image mag="0.00209248" contrast="1.71034" brightness="-0.18" red="true" green="true" blue="true"
 src="027____z26.0.tif" />
<Contour name="domain1" hidden="false" closed="true" simplified="false" border="1 0 1" fill="1 0 1" mode="11"
 points="0 0,
	35235 0,
	35235 16175,
	0 16175,
	"/>
</Transform>

</Section>