<?xml version="1.0"?>
<!DOCTYPE Section SYSTEM "section.dtd">

<Section index="37" thickness="0.043" alignLocked="true">
<Transform dim="1"
 xcoef=" 0.252324877965801 1 0 0 0 0"
 ycoef=" -4.06541069990569 0 1 0 0 0">
<Contour name="sym_cand_03_no_mh_aspiny" hidden="false" closed="true" simplified="true" border="1 0 1" fill="1 0 1" mode="11"
 points="58.4934 8.18664,
	58.4942 8.16765,
	58.4965 8.14873,
	58.5004 8.12993,
	58.5059 8.11132,
	58.5128 8.09295,
	58.5213 8.0749,
	58.5312 8.05721,
	58.5426 8.03995,
	58.5553 8.02317,
	58.5695 8.00692,
	58.5849 7.99127,
	58.6016 7.97627,
	58.6195 7.96195,
	58.6385 7.94838,
	58.6587 7.93559,
	58.6798 7.92362,
	58.7019 7.91253,
	58.7249 7.90233,
	58.7487 7.89307,
	58.7732 7.88478,
	58.7983 7.87748,
	58.824 7.87119,
	58.8502 7.86595,
	58.8768 7.86176,
	58.9036 7.85864,
	58.9307 7.8566,
	58.9579 7.85565,
	58.9851 7.85578,
	59.0123 7.85701,
	59.0393 7.85932,
	59.0661 7.86271,
	59.0926 7.86716,
	59.1187 7.87267,
	59.1442 7.87921,
	59.1692 7.88676,
	59.1936 7.8953,
	59.2171 7.90479,
	59.2399 7.91522,
	59.2618 7.92654,
	59.2827 7.93871,
	59.3026 7.9517,
	59.3213 7.96546,
	59.3389 7.97996,
	59.3553 7.99513,
	59.3704 8.01093,
	59.3842 8.02731,
	59.3966 8.04422,
	59.4076 8.06159,
	59.4172 8.07938,
	59.4253 8.09752,
	59.4318 8.11595,
	59.4369 8.13461,
	59.4404 8.15345,
	59.4424 8.1724,
	59.4427 8.19139,
	59.4416 8.21036,
	59.4388 8.22926,
	59.4346 8.24802,
	59.4287 8.26658,
	59.4214 8.28487,
	59.4126 8.30284,
	59.4023 8.32043,
	59.3906 8.33758,
	59.3775 8.35423,
	59.363 8.37032,
	59.3473 8.38582,
	59.3303 8.40066,
	59.3121 8.41479,
	59.2928 8.42817,
	59.2724 8.44076,
	59.251 8.45251,
	59.2286 8.46339,
	59.2054 8.47335,
	59.1815 8.48237,
	59.1568 8.49042,
	59.1315 8.49747,
	59.1057 8.50349,
	59.0794 8.50848,
	59.0528 8.5124,
	59.0258 8.51525,
	58.9987 8.51702,
	58.9715 8.5177,
	58.9443 8.51729,
	58.9171 8.51579,
	58.8902 8.51321,
	58.8634 8.50956,
	58.837 8.50484,
	58.8111 8.49907,
	58.7857 8.49228,
	58.7608 8.48448,
	58.7367 8.4757,
	58.7133 8.46597,
	58.6908 8.45531,
	58.6691 8.44378,
	58.6485 8.4314,
	58.6289 8.41821,
	58.6104 8.40426,
	58.5931 8.38959,
	58.577 8.37426,
	58.5622 8.3583,
	58.5488 8.34179,
	58.5367 8.32476,
	58.5261 8.30728,
	58.5169 8.2894,
	58.5092 8.27118,
	58.503 8.25268,
	58.4983 8.23397,
	58.4952 8.2151,
	"/>
</Transform>

<Transform dim="1"
 xcoef=" 0.252324877965801 1 0 0 0 0"
 ycoef=" -4.06541069990569 0 1 0 0 0">
<Contour name="D001" hidden="false" closed="true" simplified="false" border="1 1 1" fill="0.501961 0 1" mode="-13"
 points="40.6114 24.8565,
	40.6114 24.8246,
	40.6432 24.8246,
	40.6432 24.7928,
	40.6751 24.7928,
	40.6751 24.8246,
	40.7069 24.8246,
	40.7069 24.8565,
	40.6751 24.8565,
	40.6751 24.8883,
	40.6432 24.8883,
	40.6432 24.8565,
	"/>
</Transform>

<Transform dim="1"
 xcoef=" 0.252324877965801 1 0 0 0 0"
 ycoef=" -4.06541069990569 0 1 0 0 0">
<Contour name="D002" hidden="false" closed="true" simplified="false" border="1 1 1" fill="0 0.501961 1" mode="-13"
 points="51.6208 12.4265,
	51.6208 12.3954,
	51.6519 12.3954,
	51.6519 12.3643,
	51.683 12.3643,
	51.683 12.3954,
	51.7141 12.3954,
	51.7141 12.4265,
	51.683 12.4265,
	51.683 12.4576,
	51.6519 12.4576,
	51.6519 12.4265,
	"/>
</Transform>

<Transform dim="1"
 xcoef=" 0.252324877965801 1 0 0 0 0"
 ycoef=" -4.06541069990569 0 1 0 0 0">
<Contour name="D003" hidden="false" closed="true" simplified="false" border="1 1 1" fill="1 0 1" mode="-13"
 points="58.4782 8.45406,
	58.4782 8.41205,
	58.5202 8.41205,
	58.5202 8.37004,
	58.5622 8.37004,
	58.5622 8.41205,
	58.6042 8.41205,
	58.6042 8.45406,
	58.5622 8.45406,
	58.5622 8.49608,
	58.5202 8.49608,
	58.5202 8.45406,
	"/>
</Transform>

<Transform dim="1"
 xcoef=" 0.252324877965801 1 0 0 0 0"
 ycoef=" -4.06541069990569 0 1 0 0 0">
<Contour name="D004" hidden="false" closed="true" simplified="false" border="1 1 1" fill="1 1 0" mode="-13"
 points="52.4889 25.7898,
	52.4889 25.7606,
	52.5181 25.7606,
	52.5181 25.7314,
	52.5473 25.7314,
	52.5473 25.7606,
	52.5765 25.7606,
	52.5765 25.7898,
	52.5473 25.7898,
	52.5473 25.819,
	52.5181 25.819,
	52.5181 25.7898,
	"/>
</Transform>

<Transform dim="1"
 xcoef=" 0.252324877965801 1 0 0 0 0"
 ycoef=" -4.06541069990569 0 1 0 0 0">
<Contour name="axon04" hidden="false" closed="true" simplified="false" border="0 1 1" fill="0 1 1" mode="9"
 points="52.2898 25.4866,
	52.3052 25.4713,
	52.2438 25.4099,
	52.2592 25.3946,
	52.3205 25.456,
	52.3358 25.4406,
	52.3358 25.4866,
	"/>
</Transform>

<Transform dim="1"
 xcoef=" 0.252324877965801 1 0 0 0 0"
 ycoef=" -4.06541069990569 0 1 0 0 0">
<Contour name="d001_symcand01axonstamp_delete" hidden="false" closed="true" simplified="false" border="0 1 1" fill="0 1 1" mode="9"
 points="40.2056 26.3949,
	40.2157 26.3848,
	40.1753 26.3444,
	40.1854 26.3343,
	40.2258 26.3747,
	40.2359 26.3646,
	40.2359 26.3949,
	"/>
</Transform>

<Transform dim="1"
 xcoef=" 0.252324877965801 1 0 0 0 0"
 ycoef=" -4.06541069990569 0 1 0 0 0">
<Contour name="d002_symcand02axonstamp" hidden="false" closed="true" simplified="false" border="1 0 0" fill="0 1 1" mode="9"
 points="48.8014 11.5068,
	48.8125 11.4956,
	48.768 11.4511,
	48.7791 11.44,
	48.8236 11.4845,
	48.8348 11.4734,
	48.8348 11.5068,
	"/>
</Transform>

<Transform dim="1"
 xcoef=" 5.19355268785515 1 0 0 0 0"
 ycoef=" 4.93849130670082 0 1 0 0 0">
<Contour name="sym_cand_09_Axon_follow" hidden="false" closed="true" simplified="false" border="1 0 1" fill="1 0.501961 0.25098" mode="-13"
 points="16.5722 22.8727,
	16.5424 22.8727,
	16.5424 22.8876,
	16.5573 22.9025,
	16.6021 22.9174,
	16.5722 22.9323,
	16.5573 22.9621,
	16.5275 22.9323,
	16.5126 22.9025,
	16.5126 22.8727,
	16.4828 22.8727,
	16.5275 22.8428,
	"/>
</Transform>

<Transform dim="1"
 xcoef=" 5.19355268785515 1 0 0 0 0"
 ycoef=" 4.93849130670082 0 1 0 0 0">
<Contour name="D005" hidden="false" closed="true" simplified="false" border="1 1 1" fill="0 0.501961 0.501961" mode="-13"
 points="18.826 21.9699,
	18.826 21.933,
	18.863 21.933,
	18.863 21.896,
	18.8999 21.896,
	18.8999 21.933,
	18.9369 21.933,
	18.9369 21.9699,
	18.8999 21.9699,
	18.8999 22.0069,
	18.863 22.0069,
	18.863 21.9699,
	"/>
</Transform>

<Transform dim="1"
 xcoef=" 0.13 1 0 0 0 0"
 ycoef=" -0.06 0 1 0 0 0">
<Contour name="D006" hidden="false" closed="true" simplified="true" border="1 0 0.501961" fill="0 0.501961 1" mode="11"
 points="52.4377 27.3649,
	52.44 27.3427,
	52.4471 27.3215,
	52.4586 27.3019,
	52.4741 27.2848,
	52.4929 27.271,
	52.5142 27.2608,
	52.5374 27.2548,
	52.5613 27.2531,
	52.5852 27.2559,
	52.608 27.263,
	52.6288 27.2741,
	52.6468 27.2888,
	52.6613 27.3066,
	52.6717 27.3266,
	52.6777 27.3482,
	52.6789 27.3705,
	52.6753 27.3925,
	52.6671 27.4134,
	52.6545 27.4324,
	52.6382 27.4487,
	52.6187 27.4617,
	52.5968 27.4709,
	52.5733 27.4758,
	52.5493 27.4764,
	52.5256 27.4725,
	52.5033 27.4644,
	52.4831 27.4523,
	52.4659 27.4368,
	52.4523 27.4184,
	52.443 27.3978,
	"/>
</Transform>

<Transform dim="0"
 xcoef=" 0 1 0 0 0 0"
 ycoef=" 0 0 1 0 0 0">
<Contour name="d006_o11" hidden="false" closed="true" simplified="false" border="1 0 0" fill="1 0 0" mode="-13"
 points="52.7021 27.2451,
	52.7326 27.2451,
	52.7173 27.2731,
	"/>
</Transform>

<Transform dim="0"
 xcoef=" 0 1 0 0 0 0"
 ycoef=" 0 0 1 0 0 0">
<Contour name="d006_p10" hidden="false" closed="true" simplified="true" border="1 1 0" fill="1 1 0" mode="11"
 points="52.5827 28.0746,
	52.5834 28.0685,
	52.5865 28.0625,
	52.588 28.0564,
	52.591 28.0503,
	52.591 28.0488,
	52.5979 28.0366,
	52.5994 28.0351,
	52.5994 28.0335,
	52.6032 28.0274,
	52.6093 28.0213,
	52.6154 28.0175,
	52.6276 28.0198,
	52.6398 28.0282,
	52.6451 28.0343,
	52.6535 28.0442,
	52.6565 28.0472,
	52.6603 28.0526,
	52.6656 28.0564,
	52.6717 28.0617,
	52.6831 28.0678,
	52.6847 28.0693,
	52.709 28.0716,
	52.7121 28.0724,
	52.7136 28.0724,
	52.7189 28.0769,
	52.722 28.0784,
	52.725 28.0784,
	52.7494 28.0861,
	52.7555 28.0883,
	52.7585 28.0891,
	52.76 28.0906,
	52.7616 28.0906,
	52.7669 28.0944,
	52.7722 28.0998,
	52.7753 28.1028,
	52.7768 28.1059,
	52.7783 28.1074,
	52.7783 28.1196,
	52.7775 28.1256,
	52.7775 28.1287,
	52.776 28.1302,
	52.776 28.1333,
	52.7737 28.1393,
	52.7715 28.1424,
	52.7715 28.1439,
	52.7677 28.15,
	52.7661 28.1531,
	52.7631 28.1561,
	52.7593 28.1614,
	52.7494 28.1713,
	52.738 28.1805,
	52.7326 28.1835,
	52.7296 28.185,
	52.7281 28.1865,
	52.7265 28.1865,
	52.725 28.1881,
	52.7235 28.1881,
	52.7174 28.1919,
	52.7113 28.1942,
	52.6991 28.1934,
	52.693 28.1934,
	52.69 28.1919,
	52.687 28.1919,
	52.6854 28.1919,
	52.6839 28.1904,
	52.6778 28.1896,
	52.6748 28.1873,
	52.6733 28.1873,
	52.6702 28.185,
	52.6687 28.185,
	52.6679 28.1835,
	52.6649 28.1827,
	52.6641 28.1812,
	52.6626 28.1812,
	52.6504 28.1736,
	52.6451 28.1698,
	52.642 28.1683,
	52.636 28.1629,
	52.6329 28.1599,
	52.6276 28.1561,
	52.6162 28.1454,
	52.6108 28.1409,
	52.6009 28.1295,
	52.5933 28.118,
	52.5895 28.1119,
	52.588 28.1089,
	52.5865 28.1074,
	52.5827 28.0952,
	52.5827 28.083,
	52.5827 28.0769,
	52.5827 28.0754,
	"/>
</Transform>

<Transform dim="0"
 xcoef=" 0 1 0 0 0 0"
 ycoef=" 0 0 1 0 0 0">
<Contour name="d006_p11" hidden="false" closed="true" simplified="true" border="1 1 0" fill="1 1 0" mode="11"
 points="52.8068 27.2154,
	52.8197 27.221,
	52.8262 27.2239,
	52.8391 27.2324,
	52.8404 27.2336,
	52.8452 27.2465,
	52.8468 27.253,
	52.8472 27.2538,
	52.8404 27.2667,
	52.8278 27.2752,
	52.8213 27.2793,
	52.8181 27.2813,
	52.8165 27.2825,
	52.8157 27.2821,
	52.8169 27.2805,
	52.8181 27.2772,
	52.8181 27.2756,
	52.8193 27.2724,
	52.8193 27.2594,
	52.8189 27.253,
	52.8165 27.24,
	52.8149 27.2336,
	52.8125 27.2271,
	52.8116 27.2255,
	52.8108 27.2251,
	52.8108 27.2235,
	52.8096 27.2218,
	52.8096 27.221,
	52.8088 27.2202,
	52.8088 27.2194,
	52.8064 27.2162,
	"/>
<Contour name="d006_p11" hidden="false" closed="true" simplified="true" border="1 1 0" fill="1 1 0" mode="11"
 points="53.1307 27.1945,
	53.1342 27.191,
	53.136 27.184,
	53.1394 27.1823,
	53.1394 27.1788,
	53.1534 27.1666,
	53.1603 27.1614,
	53.1742 27.1562,
	53.2021 27.1562,
	53.2299 27.1527,
	53.2578 27.1457,
	53.2856 27.1318,
	53.2926 27.1266,
	53.2961 27.1266,
	53.2995 27.1231,
	53.3274 27.1127,
	53.3413 27.1074,
	53.397 27.1057,
	53.4109 27.1074,
	53.4179 27.1109,
	53.4179 27.1144,
	53.4266 27.1266,
	53.4318 27.1405,
	53.4353 27.144,
	53.4388 27.1579,
	53.4422 27.1649,
	53.4405 27.1927,
	53.4405 27.1997,
	53.4353 27.2066,
	53.4318 27.2101,
	53.3761 27.2084,
	53.3204 27.2101,
	53.2647 27.2206,
	53.2508 27.2258,
	53.2438 27.2258,
	53.2421 27.2293,
	53.2282 27.2293,
	53.2003 27.2362,
	53.1725 27.2345,
	53.1586 27.2275,
	53.1516 27.224,
	53.1481 27.224,
	53.136 27.2136,
	53.1325 27.2119,
	53.1307 27.1979,
	53.1307 27.1962,
	"/>
</Transform>

<Transform dim="0"
 xcoef=" 0 1 0 0 0 0"
 ycoef=" 0 0 1 0 0 0">
<Contour name="d006" hidden="false" closed="true" simplified="true" border="1 1 0" fill="1 1 0" mode="11"
 points="52.0466 27.3284,
	52.056 27.3098,
	52.0572 27.3075,
	52.0591 27.3051,
	52.0597 27.3045,
	52.0601 27.3034,
	52.0605 27.3011,
	52.0791 27.288,
	52.0838 27.2848,
	52.0861 27.283,
	52.0954 27.2781,
	52.1001 27.2758,
	52.1024 27.2746,
	52.1047 27.2737,
	52.1233 27.2702,
	52.128 27.2695,
	52.1303 27.2689,
	52.1396 27.2657,
	52.1419 27.265,
	52.1512 27.2634,
	52.1559 27.2625,
	52.1652 27.2593,
	52.1698 27.2576,
	52.1722 27.2564,
	52.1908 27.2403,
	52.2001 27.2322,
	52.2024 27.2298,
	52.2036 27.2287,
	52.2113 27.2194,
	52.2129 27.217,
	52.2185 27.2077,
	52.2194 27.2066,
	52.2376 27.188,
	52.2398 27.1856,
	52.2409 27.1845,
	52.2415 27.1839,
	52.2601 27.1746,
	52.2694 27.1699,
	52.288 27.1631,
	52.2973 27.1599,
	52.302 27.1586,
	52.3206 27.1554,
	52.3252 27.1545,
	52.3625 27.1542,
	52.3648 27.1542,
	52.3741 27.1523,
	52.4113 27.142,
	52.4206 27.1396,
	52.4299 27.1362,
	52.4346 27.1345,
	52.4357 27.134,
	52.5101 27.122,
	52.5288 27.1191,
	52.5381 27.1176,
	52.5474 27.1169,
	52.552 27.1166,
	52.5543 27.1164,
	52.5916 27.1176,
	52.6009 27.1179,
	52.6032 27.118,
	52.6043 27.118,
	52.623 27.124,
	52.6276 27.1255,
	52.6299 27.1262,
	52.6346 27.1282,
	52.6439 27.1329,
	52.7183 27.1727,
	52.7369 27.1827,
	52.7416 27.1852,
	52.7788 27.2026,
	52.7974 27.2114,
	52.7997 27.2122,
	52.8009 27.2125,
	52.802 27.2131,
	52.8044 27.2137,
	52.8055 27.2144,
	52.8079 27.2154,
	52.8125 27.2182,
	52.8137 27.2188,
	52.816 27.2207,
	52.8172 27.2215,
	52.8182 27.2227,
	52.8188 27.2231,
	52.8189 27.2237,
	52.8204 27.2259,
	52.8227 27.2306,
	52.8237 27.2329,
	52.824 27.234,
	52.8244 27.2346,
	52.8252 27.237,
	52.8254 27.2381,
	52.8259 27.2387,
	52.8259 27.2393,
	52.8262 27.2396,
	52.8263 27.2407,
	52.8268 27.2419,
	52.8269 27.2431,
	52.8269 27.2436,
	52.8272 27.2442,
	52.8273 27.2535,
	52.8268 27.2582,
	52.8268 27.2605,
	52.8266 27.2617,
	52.8263 27.262,
	52.8262 27.2631,
	52.8243 27.2678,
	52.8238 27.2689,
	52.8236 27.2713,
	52.823 27.2736,
	52.8205 27.2782,
	52.8186 27.2806,
	52.8176 27.2817,
	52.8129 27.2851,
	52.8106 27.2865,
	52.8013 27.2944,
	52.799 27.2966,
	52.7894 27.3152,
	52.7849 27.3245,
	52.7824 27.3431,
	52.7814 27.3524,
	52.7811 27.371,
	52.781 27.3756,
	52.7823 27.3942,
	52.7858 27.4315,
	52.7861 27.4338,
	52.7861 27.4349,
	52.7839 27.4442,
	52.783 27.4489,
	52.7827 27.4535,
	52.7824 27.4559,
	52.7823 27.457,
	52.7731 27.4756,
	52.7685 27.4849,
	52.7679 27.4861,
	52.7378 27.5233,
	52.7304 27.5326,
	52.7265 27.5373,
	52.6522 27.6087,
	52.6336 27.6265,
	52.615 27.644,
	52.6103 27.6485,
	52.5731 27.681,
	52.5638 27.6892,
	52.5591 27.6933,
	52.5498 27.7024,
	52.5487 27.7034,
	52.5115 27.7239,
	52.5068 27.7265,
	52.5045 27.7277,
	52.4998 27.7305,
	52.4626 27.7484,
	52.444 27.7572,
	52.4394 27.7595,
	52.4382 27.76,
	52.4196 27.7636,
	52.4149 27.7646,
	52.4103 27.7654,
	52.4097 27.7654,
	52.3911 27.7725,
	52.3864 27.7741,
	52.3841 27.7751,
	52.3829 27.7757,
	52.3643 27.777,
	52.3597 27.7773,
	52.3504 27.7774,
	52.3411 27.7773,
	52.3399 27.7771,
	52.3306 27.7736,
	52.3283 27.7728,
	52.3277 27.7725,
	52.3091 27.77,
	52.2998 27.7687,
	52.2812 27.762,
	52.2765 27.7603,
	52.2742 27.7593,
	52.2719 27.7587,
	52.2626 27.7574,
	52.2614 27.7572,
	52.2568 27.7559,
	52.2521 27.7543,
	52.2335 27.7459,
	52.2289 27.7438,
	52.2196 27.7383,
	52.2103 27.7325,
	52.2056 27.7297,
	52.2033 27.7283,
	52.201 27.7265,
	52.1918 27.7172,
	52.1895 27.7149,
	52.1883 27.7139,
	52.1672 27.6767,
	52.1568 27.6581,
	52.1197 27.621,
	52.1104 27.6117,
	52.1057 27.6072,
	52.1015 27.6026,
	52.1005 27.6014,
	52.0887 27.5828,
	52.0873 27.5805,
	52.0865 27.5793,
	52.0855 27.5781,
	52.0833 27.5735,
	52.0828 27.5723,
	52.0767 27.5537,
	52.0754 27.5491,
	52.0745 27.5444,
	52.0738 27.5351,
	52.0729 27.5165,
	52.0727 27.5072,
	52.0729 27.5049,
	52.0819 27.4863,
	52.0842 27.4816,
	52.0896 27.4723,
	52.0953 27.463,
	52.0966 27.4537,
	52.0974 27.4444,
	52.0976 27.4421,
	52.0983 27.4374,
	52.0985 27.4351,
	52.0988 27.4345,
	52.0953 27.4159,
	52.0945 27.4112,
	52.0941 27.4089,
	52.0922 27.4043,
	52.082 27.3857,
	52.0794 27.381,
	52.0788 27.3798,
	52.0604 27.3627,
	52.0557 27.3583,
	52.0534 27.3562,
	52.0514 27.3538,
	52.0505 27.3527,
	52.0501 27.3521,
	52.0498 27.3518,
	52.0474 27.3425,
	52.0469 27.3402,
	52.0466 27.339,
	52.0466 27.3297,
	52.0466 27.3285,
	"/>
</Transform>

<Transform dim="0"
 xcoef=" 0 1 0 0 0 0"
 ycoef=" 0 0 1 0 0 0">
<Contour name="d006_p12" hidden="false" closed="true" simplified="true" border="1 1 0" fill="1 1 0" mode="11"
 points="52.2328 26.8656,
	52.2363 26.8586,
	52.2363 26.8551,
	52.2415 26.8482,
	52.2432 26.8412,
	52.2519 26.8273,
	52.2589 26.8203,
	52.2624 26.8151,
	52.2763 26.8029,
	52.2902 26.7942,
	52.318 26.789,
	52.332 26.789,
	52.3459 26.7959,
	52.3529 26.8029,
	52.3616 26.8168,
	52.3668 26.8447,
	52.365 26.8725,
	52.3616 26.8795,
	52.3476 26.8917,
	52.3337 26.8986,
	52.3268 26.9021,
	52.3198 26.9021,
	52.3059 26.9073,
	52.2502 26.916,
	52.2363 26.9073,
	52.2328 26.9038,
	52.2328 26.876,
	52.2328 26.869,
	52.2328 26.8673,
	"/>
</Transform>

<Transform dim="0"
 xcoef=" 0 1 0 0 0 0"
 ycoef=" 0 0 1 0 0 0">
<Contour name="d006_p18_branched" hidden="false" closed="true" simplified="true" border="1 1 0" fill="1 1 0" mode="11"
 points="51.5952 27.0373,
	51.5989 27.0323,
	51.6187 27.0236,
	51.6287 27.0187,
	51.6336 27.0162,
	51.6386 27.0162,
	51.6485 27.0125,
	51.6584 27.0125,
	51.6782 27.0063,
	51.698 27.0038,
	51.7079 27.0038,
	51.7277 27.0125,
	51.7327 27.0175,
	51.7463 27.0336,
	51.7513 27.041,
	51.755 27.0459,
	51.755 27.0484,
	51.7686 27.067,
	51.7723 27.0769,
	51.7736 27.0967,
	51.7674 27.1066,
	51.7599 27.1141,
	51.755 27.1178,
	51.7525 27.1202,
	51.7475 27.1202,
	51.7426 27.124,
	51.7228 27.124,
	51.703 27.1202,
	51.6844 27.1116,
	51.6745 27.1079,
	51.6695 27.1079,
	51.6596 27.1017,
	51.6547 27.098,
	51.6522 27.098,
	51.6485 27.0942,
	51.646 27.0942,
	51.6435 27.0918,
	51.6237 27.0831,
	51.6187 27.0819,
	51.6088 27.0757,
	51.6039 27.0707,
	51.5977 27.0608,
	51.5952 27.0509,
	51.5952 27.041,
	51.5952 27.0385,
	"/>
</Transform>

<Transform dim="0"
 xcoef=" 0 1 0 0 0 0"
 ycoef=" 0 0 1 0 0 0">
<Contour name="d006_cfa13_shaft_symmetric" hidden="false" closed="false" simplified="false" border="0 1 0" fill="0 1 0" mode="11"
 points="52.7013 27.5284,
	52.6448 27.5895,
	"/>
</Transform>

<Transform dim="1"
 xcoef=" -0.02 1 0 0 0 0"
 ycoef=" 0.09 0 1 0 0 0">
<Contour name="d006_o13_shaft_symmetric" hidden="false" closed="true" simplified="false" border="1 0 0" fill="1 0 0" mode="-13"
 points="52.5686 27.6019,
	52.6008 27.6019,
	52.5847 27.6314,
	"/>
<Contour name="d006_c13_shaft_symmetric" hidden="false" closed="true" simplified="true" border="0 0 1" fill="0 0 1" mode="11"
 points="52.6189 27.6635,
	52.6325 27.6355,
	52.6365 27.6289,
	52.6395 27.6263,
	52.6413 27.6245,
	52.6421 27.6245,
	52.6426 27.6237,
	52.6435 27.6237,
	52.647 27.6215,
	52.6487 27.6202,
	52.6557 27.6175,
	52.6575 27.6166,
	52.6645 27.6153,
	52.6785 27.6158,
	52.6855 27.6162,
	52.689 27.6171,
	52.6925 27.6171,
	52.696 27.618,
	52.7026 27.621,
	52.7061 27.6223,
	52.7096 27.6245,
	52.7114 27.625,
	52.7122 27.6258,
	52.714 27.6263,
	52.7171 27.6289,
	52.7241 27.6324,
	52.7311 27.6372,
	52.7346 27.6394,
	52.7381 27.6425,
	52.7407 27.6447,
	52.7464 27.6517,
	52.7464 27.6526,
	52.7477 27.6543,
	52.7486 27.6552,
	52.7486 27.6561,
	52.7508 27.6596,
	52.7517 27.6631,
	52.7517 27.6701,
	52.7495 27.6771,
	52.749 27.6806,
	52.7464 27.6876,
	52.7447 27.6911,
	52.7447 27.692,
	52.7438 27.6929,
	52.7438 27.6938,
	52.7416 27.6973,
	52.7407 27.699,
	52.7398 27.6999,
	52.7398 27.7008,
	52.7385 27.7025,
	52.7377 27.7034,
	52.7377 27.7043,
	52.7363 27.7051,
	52.7337 27.7082,
	52.732 27.7095,
	52.7311 27.7108,
	52.7245 27.7165,
	52.7236 27.7165,
	52.7219 27.7178,
	52.721 27.7187,
	52.7201 27.7187,
	52.7065 27.727,
	52.7 27.7301,
	52.693 27.7319,
	52.686 27.7314,
	52.6789 27.7292,
	52.6772 27.7288,
	52.6754 27.7275,
	52.6737 27.727,
	52.6719 27.7253,
	52.6649 27.7218,
	52.6636 27.7205,
	52.6627 27.7205,
	52.6597 27.7178,
	52.6579 27.7165,
	52.6562 27.7161,
	52.6527 27.713,
	52.6478 27.7078,
	52.6443 27.7056,
	52.6421 27.703,
	52.6356 27.6964,
	52.6299 27.6907,
	52.6268 27.6872,
	52.6229 27.681,
	52.6207 27.6775,
	52.6198 27.6767,
	52.6189 27.6732,
	52.6189 27.6662,
	52.6189 27.6644,
	52.6189 27.664,
	"/>
</Transform>

<Transform dim="0"
 xcoef=" 0 1 0 0 0 0"
 ycoef=" 0 0 1 0 0 0">
<Contour name="d006_p09" hidden="false" closed="true" simplified="true" border="1 1 0" fill="1 1 0" mode="11"
 points="52.3962 28.3407,
	52.3972 28.3253,
	52.3977 28.3176,
	52.3977 28.3157,
	52.4073 28.2849,
	52.4131 28.2695,
	52.4159 28.2619,
	52.4323 28.2311,
	52.4529 28.2004,
	52.4582 28.1927,
	52.4702 28.1773,
	52.4731 28.1734,
	52.475 28.1715,
	52.4904 28.1619,
	52.4976 28.1571,
	52.5087 28.1417,
	52.5096 28.1398,
	52.525 28.1244,
	52.5269 28.123,
	52.5308 28.122,
	52.5317 28.1211,
	52.5471 28.1216,
	52.5548 28.1216,
	52.5587 28.123,
	52.5625 28.1235,
	52.5663 28.1249,
	52.5817 28.135,
	52.5894 28.1413,
	52.5971 28.1485,
	52.6125 28.161,
	52.6202 28.1677,
	52.6206 28.1686,
	52.6216 28.1686,
	52.6365 28.1835,
	52.6437 28.1912,
	52.6514 28.1965,
	52.6591 28.2008,
	52.6629 28.2032,
	52.6773 28.2181,
	52.6788 28.222,
	52.6831 28.2297,
	52.6836 28.2316,
	52.686 28.2354,
	52.6869 28.2393,
	52.6869 28.2546,
	52.6869 28.2585,
	52.6855 28.2662,
	52.6855 28.2681,
	52.6821 28.2758,
	52.6807 28.2796,
	52.6706 28.295,
	52.6586 28.3104,
	52.6557 28.3142,
	52.6543 28.3181,
	52.649 28.3258,
	52.6485 28.3277,
	52.6471 28.3296,
	52.6456 28.3334,
	52.6365 28.3488,
	52.6322 28.3565,
	52.6322 28.3575,
	52.6302 28.3589,
	52.6298 28.3608,
	52.6187 28.3762,
	52.6115 28.3825,
	52.6086 28.3863,
	52.6067 28.3882,
	52.599 28.393,
	52.5971 28.3935,
	52.5952 28.395,
	52.5798 28.3998,
	52.5721 28.4022,
	52.5567 28.4089,
	52.5529 28.4108,
	52.551 28.4113,
	52.5433 28.4156,
	52.5356 28.419,
	52.5279 28.4214,
	52.5125 28.4209,
	52.5048 28.4204,
	52.4971 28.419,
	52.4952 28.4185,
	52.4938 28.4166,
	52.4919 28.4166,
	52.4899 28.4151,
	52.488 28.4147,
	52.4813 28.4074,
	52.4799 28.4036,
	52.4774 28.3998,
	52.476 28.3959,
	52.4688 28.3901,
	52.4611 28.3858,
	52.4573 28.3839,
	52.4505 28.3767,
	52.4481 28.3729,
	52.4448 28.3652,
	52.4409 28.3623,
	52.439 28.3608,
	52.4236 28.357,
	52.4083 28.3551,
	52.4006 28.3531,
	52.3986 28.3522,
	52.3962 28.3445,
	52.3962 28.3411,
	"/>
</Transform>

<Transform dim="0"
 xcoef=" 0 1 0 0 0 0"
 ycoef=" 0 0 1 0 0 0">
<Contour name="d006_c09" hidden="false" closed="true" simplified="true" border="1 0 0" fill="1 0 0" mode="11"
 points="52.3626 28.3118,
	52.3636 28.2965,
	52.3698 28.2657,
	52.3717 28.258,
	52.3722 28.2542,
	52.3876 28.2234,
	52.3953 28.208,
	52.4155 28.1773,
	52.4183 28.1734,
	52.4193 28.1715,
	52.4347 28.1605,
	52.4424 28.1552,
	52.4577 28.1537,
	52.4654 28.1533,
	52.4693 28.1533,
	52.5 28.16,
	52.5154 28.1629,
	52.5308 28.1672,
	52.5385 28.1706,
	52.5404 28.171,
	52.5481 28.1768,
	52.5625 28.1917,
	52.5702 28.2071,
	52.5735 28.2148,
	52.575 28.2186,
	52.5769 28.234,
	52.5774 28.2417,
	52.5769 28.2571,
	52.574 28.2724,
	52.5692 28.2878,
	52.563 28.3032,
	52.5553 28.3186,
	52.5538 28.3224,
	52.5534 28.3243,
	52.5519 28.3262,
	52.5505 28.3301,
	52.5476 28.3339,
	52.5433 28.3416,
	52.5409 28.3455,
	52.539 28.3474,
	52.5385 28.3493,
	52.5322 28.357,
	52.525 28.3632,
	52.5212 28.3671,
	52.5173 28.37,
	52.502 28.3762,
	52.4943 28.3791,
	52.4904 28.3801,
	52.475 28.381,
	52.4674 28.382,
	52.4635 28.3815,
	52.402 28.3599,
	52.3943 28.357,
	52.3866 28.3531,
	52.3713 28.344,
	52.3645 28.3286,
	52.3631 28.3248,
	52.3626 28.3171,
	52.3626 28.3133,
	52.3626 28.3123,
	"/>
</Transform>

<Transform dim="0"
 xcoef=" 0 1 0 0 0 0"
 ycoef=" 0 0 1 0 0 0">
<Contour name="d006_cfa09" hidden="false" closed="true" simplified="true" border="0 1 0" fill="0 1 0" mode="11"
 points="52.3982 28.3366,
	52.3989 28.3352,
	52.399 28.3346,
	52.399 28.3342,
	52.3997 28.3335,
	52.4011 28.328,
	52.4016 28.3267,
	52.4045 28.3212,
	52.4056 28.3184,
	52.4071 28.3157,
	52.4081 28.3143,
	52.4086 28.3136,
	52.4093 28.3129,
	52.4095 28.3126,
	52.4095 28.3119,
	52.4108 28.3109,
	52.4112 28.3107,
	52.4114 28.3093,
	52.4116 28.309,
	52.4144 28.3062,
	52.4171 28.3043,
	52.4185 28.3033,
	52.4188 28.3032,
	52.4243 28.3028,
	52.425 28.3027,
	52.4305 28.3038,
	52.4312 28.3039,
	52.4319 28.3039,
	52.432 28.3039,
	52.4327 28.3045,
	52.4329 28.3047,
	52.4343 28.3047,
	52.4356 28.3053,
	52.436 28.3055,
	52.4415 28.3052,
	52.4422 28.3051,
	52.4449 28.3054,
	52.4476 28.3063,
	52.4483 28.3066,
	52.4497 28.3074,
	52.4525 28.3095,
	52.4538 28.3105,
	52.4545 28.311,
	52.4568 28.3137,
	52.4575 28.3144,
	52.4577 28.3146,
	52.4577 28.3153,
	52.4577 28.3154,
	52.4632 28.3192,
	52.4639 28.3196,
	52.4666 28.3219,
	52.467 28.3223,
	52.4676 28.3224,
	52.4678 28.3224,
	52.4733 28.3267,
	52.476 28.3287,
	52.4774 28.3298,
	52.4781 28.3304,
	52.4784 28.331,
	52.4791 28.331,
	52.4803 28.3323,
	52.4805 28.3327,
	52.4819 28.3334,
	52.4828 28.3346,
	52.4882 28.3401,
	52.4899 28.3429,
	52.4899 28.3436,
	52.4905 28.3443,
	52.4907 28.3446,
	52.4911 28.3501,
	52.4908 28.3556,
	52.4907 28.357,
	52.4887 28.3624,
	52.4884 28.3631,
	52.4857 28.3659,
	52.4854 28.3661,
	52.4799 28.3676,
	52.4772 28.3685,
	52.4765 28.3687,
	52.4761 28.3689,
	52.4706 28.3697,
	52.47 28.3697,
	52.4698 28.3697,
	52.4691 28.3703,
	52.4688 28.3707,
	52.4686 28.3709,
	52.4658 28.3709,
	52.4645 28.3706,
	52.4631 28.3705,
	52.4627 28.3698,
	52.4626 28.3697,
	52.4598 28.369,
	52.4543 28.366,
	52.453 28.3651,
	52.4516 28.3639,
	52.4509 28.3633,
	52.4506 28.363,
	52.4451 28.3612,
	52.4444 28.361,
	52.4389 28.36,
	52.4334 28.3587,
	52.4279 28.3576,
	52.4169 28.3547,
	52.4059 28.3521,
	52.4053 28.3519,
	52.4049 28.3518,
	52.4022 28.3493,
	52.4008 28.3481,
	52.4001 28.3475,
	52.3999 28.3472,
	52.3987 28.3417,
	52.3983 28.3403,
	52.3982 28.3376,
	52.3982 28.3369,
	52.3982 28.3367,
	"/>
</Transform>

<Transform dim="0"
 xcoef=" 0 1 0 0 0 0"
 ycoef=" 0 0 1 0 0 0">
<Contour name="d006_cfa09" hidden="false" closed="false" simplified="false" border="0 1 0" fill="0 1 0" mode="11"
 points="52.5112 28.1631,
	52.4788 28.2056,
	52.4445 28.2612,
	52.424 28.3009,
	"/>
</Transform>

<Transform dim="0"
 xcoef=" 0 1 0 0 0 0"
 ycoef=" 0 0 1 0 0 0">
<Contour name="d006_cfa09" hidden="false" closed="false" simplified="false" border="0 1 0" fill="0 1 0" mode="11"
 points="52.4214 28.299,
	52.4365 28.2992,
	52.4487 28.3034,
	52.4618 28.31,
	52.4717 28.3162,
	52.4839 28.3265,
	52.4962 28.3409,
	52.4996 28.3478,
	"/>
</Transform>

<Transform dim="1"
 xcoef=" 0.252324877965801 1 0 0 0 0"
 ycoef=" -4.06541069990569 0 1 0 0 0">
<Image mag="0.00209248" contrast="2.78596" brightness="-0.36" red="true" green="true" blue="true"
 src="038____z37.0.tif" />
<Contour name="domain1" hidden="false" closed="true" simplified="false" border="1 0 1" fill="1 0 1" mode="11"
 points="0 0,
	35235 0,
	35235 16175,
	0 16175,
	"/>
</Transform>

<Transform dim="1"
 xcoef=" 0.01 1 0 0 0 0"
 ycoef=" 0 0 1 0 0 0">
<Contour name="d006_c11" hidden="false" closed="true" simplified="true" border="1 0 0" fill="1 0 0" mode="11"
 points="53.1798 27.2224,
	53.1808 27.2172,
	53.1817 27.2147,
	53.1817 27.214,
	53.1853 27.2095,
	53.1869 27.2069,
	53.1895 27.2044,
	53.192 27.2024,
	53.1933 27.2015,
	53.194 27.2015,
	53.1943 27.2008,
	53.1949 27.2008,
	53.1962 27.1999,
	53.1969 27.1999,
	53.1975 27.1992,
	53.1988 27.1989,
	53.1994 27.1989,
	53.2011 27.1973,
	53.2023 27.197,
	53.2027 27.1963,
	53.2052 27.1957,
	53.2065 27.1947,
	53.2117 27.1931,
	53.2143 27.1921,
	53.2155 27.1921,
	53.2207 27.1905,
	53.2258 27.1899,
	53.2361 27.187,
	53.2387 27.1867,
	53.24 27.186,
	53.2606 27.1825,
	53.2619 27.1825,
	53.2632 27.1818,
	53.2658 27.1818,
	53.2761 27.1799,
	53.2812 27.1793,
	53.3224 27.1783,
	53.3636 27.1764,
	53.3688 27.1757,
	53.3713 27.1757,
	53.3765 27.1747,
	53.3816 27.1747,
	53.3868 27.1741,
	53.3971 27.1744,
	53.3997 27.1754,
	53.4009 27.1754,
	53.4032 27.1767,
	53.4045 27.177,
	53.4071 27.1789,
	53.4083 27.1799,
	53.4083 27.1805,
	53.4122 27.1847,
	53.4128 27.1854,
	53.4138 27.1879,
	53.4154 27.1905,
	53.4154 27.1918,
	53.4161 27.1931,
	53.4167 27.2034,
	53.4164 27.2137,
	53.4151 27.2188,
	53.4145 27.2214,
	53.4138 27.2227,
	53.4128 27.2279,
	53.4122 27.2304,
	53.4109 27.233,
	53.4106 27.2343,
	53.41 27.2346,
	53.41 27.2353,
	53.4061 27.2401,
	53.4013 27.244,
	53.3961 27.2468,
	53.391 27.2488,
	53.3903 27.2494,
	53.389 27.2494,
	53.3877 27.2501,
	53.3465 27.2504,
	53.3259 27.251,
	53.3156 27.2514,
	53.3131 27.252,
	53.3105 27.252,
	53.3053 27.253,
	53.3028 27.2536,
	53.3002 27.2536,
	53.295 27.2546,
	53.2925 27.2546,
	53.2873 27.2555,
	53.286 27.2562,
	53.2835 27.2565,
	53.2822 27.2571,
	53.2809 27.2571,
	53.2757 27.2591,
	53.2732 27.2597,
	53.2719 27.2604,
	53.2706 27.2604,
	53.25 27.2678,
	53.2493 27.2684,
	53.2468 27.2691,
	53.2455 27.27,
	53.2403 27.2716,
	53.239 27.2716,
	53.2378 27.2726,
	53.2352 27.2729,
	53.2339 27.2736,
	53.2326 27.2736,
	53.2313 27.2742,
	53.221 27.2752,
	53.2184 27.2752,
	53.2159 27.2745,
	53.2133 27.2745,
	53.2081 27.2729,
	53.2069 27.2729,
	53.2043 27.272,
	53.2017 27.2716,
	53.2004 27.2713,
	53.1991 27.2703,
	53.1966 27.2694,
	53.194 27.2678,
	53.1933 27.2678,
	53.192 27.2665,
	53.1856 27.2459,
	53.1821 27.2407,
	53.1821 27.2401,
	53.1811 27.2391,
	53.1811 27.2385,
	53.1805 27.2378,
	53.1798 27.2327,
	53.1798 27.2227,
	"/>
</Transform>

<Transform dim="0"
 xcoef=" 0 1 0 0 0 0"
 ycoef=" 0 0 1 0 0 0">
<Contour name="d006_cfa11" hidden="false" closed="false" simplified="false" border="0 1 0" fill="0 1 0" mode="11"
 points="53.3739 27.1838,
	53.3111 27.1846,
	53.2666 27.1894,
	53.2202 27.201,
	53.1896 27.2108,
	"/>
</Transform>

</Section>