<?xml version="1.0"?>
<!DOCTYPE Section SYSTEM "section.dtd">

<Section index="198" thickness="0.048" alignLocked="false">
<Transform dim="3"
 xcoef=" 1.11553700314468 0.846455232617974 -0.0428213084407764 0 0 0"
 ycoef=" 0.0370505798186042 -0.00489535937066404 0.953821325970165 0 0 0">
<Contour name="D01dia1" hidden="false" closed="false" simplified="true" border="1 0.5 0" fill="1 0.5 0" mode="13"
 points="5.0684 0.345834,
	5.68929 0.00485129,
	"/>
</Transform>

<Transform dim="3"
 xcoef=" 1.11553700314468 0.846455232617974 -0.0428213084407764 0 0 0"
 ycoef=" 0.0370505798186042 -0.00489535937066404 0.953821325970165 0 0 0">
<Contour name="D06_mid-caliber" hidden="false" closed="true" simplified="true" border="0 0 1" fill="0 0 1" mode="9"
 points="4.75197 3.55058,
	4.75627 3.51103,
	4.769 3.4728,
	4.78975 3.43713,
	4.81784 3.40522,
	4.85233 3.37811,
	4.89208 3.35671,
	4.93579 3.34172,
	4.98199 3.33364,
	5.02917 3.33274,
	5.07577 3.33904,
	5.12024 3.35234,
	5.16111 3.37219,
	5.19703 3.39795,
	5.22681 3.42875,
	5.24947 3.46359,
	5.26426 3.5013,
	5.27069 3.54064,
	5.26854 3.58031,
	5.25789 3.619,
	5.23909 3.65542,
	5.21276 3.68838,
	5.17977 3.71678,
	5.14121 3.73968,
	5.09836 3.75633,
	5.05264 3.76617,
	5.00556 3.76888,
	4.95867 3.76437,
	4.91353 3.75279,
	4.87163 3.73452,
	4.83435 3.71016,
	4.80293 3.68053,
	4.77841 3.6466,
	4.7616 3.60949,
	"/>
</Transform>

<Transform dim="3"
 xcoef=" 1.11553700314468 0.846455232617974 -0.0428213084407764 0 0 0"
 ycoef=" 0.0370505798186042 -0.00489535937066404 0.953821325970165 0 0 0">
<Contour name="d01c30" hidden="false" closed="true" simplified="true" border="1 0 0" fill="0 1 0" mode="11"
 points="6.34114 0.311859,
	6.36476 0.278783,
	6.40256 0.274058,
	6.42147 0.278783,
	6.45927 0.307134,
	6.47817 0.32131,
	6.48289 0.359111,
	6.47817 0.396912,
	6.50179 0.472514,
	6.50652 0.510315,
	6.49234 0.548116,
	6.46872 0.585917,
	6.43564 0.609543,
	6.41674 0.609543,
	6.40729 0.609543,
	6.38839 0.590642,
	6.37421 0.552841,
	6.36004 0.477239,
	6.34586 0.439438,
	6.34114 0.363836,
	6.34114 0.326035,
	6.34114 0.316584,
	"/>
</Transform>

<Transform dim="3"
 xcoef=" 1.12553700314468 0.846455232617974 -0.0428213084407764 0 0 0"
 ycoef=" 0.0370505798186042 -0.00489535937066404 0.953821325970165 0 0 0">
<Contour name="d01cfa30" hidden="false" closed="true" simplified="true" border="0 1 0" fill="0 1 0" mode="11"
 points="6.34114 0.311859,
	6.36476 0.278783,
	6.40256 0.274058,
	6.42147 0.278783,
	6.45927 0.307134,
	6.47817 0.32131,
	6.48289 0.359111,
	6.47817 0.396912,
	6.50179 0.472514,
	6.50652 0.510315,
	6.49234 0.548116,
	6.46872 0.585917,
	6.43564 0.609543,
	6.41674 0.609543,
	6.40729 0.609543,
	6.38839 0.590642,
	6.37421 0.552841,
	6.36004 0.477239,
	6.34586 0.439438,
	6.34114 0.363836,
	6.34114 0.326035,
	6.34114 0.316584,
	"/>
<Contour name="d01cfa30" hidden="false" closed="false" simplified="false" border="0 1 0" fill="0 1 1" mode="11"
 points="6.44316 0.611396,
	6.39591 0.601946,
	6.37701 0.531069,
	6.3581 0.450742,
	6.34865 0.365689,
	6.3581 0.294812,
	6.40063 0.271186,
	"/>
</Transform>

<Transform dim="3"
 xcoef=" 1.11553700314468 0.846455232617974 -0.0428213084407764 0 0 0"
 ycoef=" 0.0370505798186042 -0.00489535937066404 0.953821325970165 0 0 0">
<Contour name="D14_high caliber" hidden="false" closed="true" simplified="true" border="1 0 0.5" fill="1 0 0.5" mode="9"
 points="2.33012 -1.82635,
	2.34 -1.9101,
	2.36866 -1.98564,
	2.41331 -2.0456,
	2.46957 -2.08409,
	2.53193 -2.09735,
	2.59429 -2.08409,
	2.65055 -2.0456,
	2.6952 -1.98564,
	2.72386 -1.9101,
	2.73374 -1.82635,
	2.72386 -1.74261,
	2.6952 -1.66706,
	2.65055 -1.60711,
	2.59429 -1.56862,
	2.53193 -1.55535,
	2.46957 -1.56862,
	2.41331 -1.60711,
	2.36866 -1.66706,
	"/>
<Contour name="D13_high caliber" hidden="false" closed="true" simplified="true" border="0.5 0 1" fill="0.5 0 1" mode="9"
 points="2.02438 0.30344,
	2.03248 0.22517,
	2.05636 0.15083,
	2.09483 0.08414,
	2.14596 0.02845,
	2.20718 -0.013455,
	2.27543 -0.039468,
	2.34728 -0.048287,
	2.41913 -0.039468,
	2.48737 -0.013455,
	2.5486 0.02845,
	2.59972 0.08414,
	2.63819 0.15083,
	2.66207 0.22517,
	2.67017 0.30344,
	2.66207 0.3817,
	2.63819 0.45604,
	2.59972 0.52273,
	2.5486 0.57842,
	2.48737 0.62033,
	2.41913 0.64634,
	2.34728 0.65516,
	2.27543 0.64634,
	2.20718 0.62033,
	2.14596 0.57842,
	2.09483 0.52273,
	2.05636 0.45604,
	"/>
</Transform>

<Transform dim="3"
 xcoef=" 1.11553700314468 0.846455232617974 -0.0428213084407764 0 0 0"
 ycoef=" 0.0370505798186042 -0.00489535937066404 0.953821325970165 0 0 0">
<Contour name="D18_high caliber" hidden="false" closed="true" simplified="true" border="1 0 1" fill="1 0 1" mode="9"
 points="6.56729 -1.98046,
	6.57803 -2.06204,
	6.60947 -2.13757,
	6.65928 -2.20144,
	6.72375 -2.24893,
	6.79811 -2.27651,
	6.87684 -2.28213,
	6.9541 -2.26537,
	7.02417 -2.22749,
	7.08185 -2.17128,
	7.12285 -2.10092,
	7.14414 -2.02163,
	7.14414 -1.93928,
	7.12285 -1.85999,
	7.08185 -1.78963,
	7.02417 -1.73343,
	6.9541 -1.69554,
	6.87684 -1.67879,
	6.79811 -1.68441,
	6.72375 -1.71198,
	6.65928 -1.75947,
	6.60947 -1.82335,
	6.57803 -1.89888,
	"/>
</Transform>

<Transform dim="3"
 xcoef=" 1.63553700314468 0.846455232617974 -0.0428213084407764 0 0 0"
 ycoef=" 1.56705057981861 -0.00489535937066404 0.953821325970165 0 0 0">
<Contour name="D17_high caliber" hidden="false" closed="true" simplified="true" border="0 0 1" fill="0 0 1" mode="-13"
 points="5.33474 -1.48592,
	5.34525 -1.56732,
	5.37589 -1.64181,
	5.42407 -1.70309,
	5.4857 -1.74595,
	5.55555 -1.76676,
	5.62771 -1.76375,
	5.69604 -1.73719,
	5.75476 -1.68932,
	5.79888 -1.6242,
	5.82468 -1.54735,
	5.82995 -1.4653,
	5.81425 -1.38499,
	5.77891 -1.31325,
	5.72693 -1.25614,
	5.66273 -1.21853,
	5.59173 -1.20358,
	5.51996 -1.21258,
	5.45351 -1.24476,
	5.39802 -1.29739,
	5.35818 -1.366,
	"/>
</Transform>

<Transform dim="3"
 xcoef=" 1.11553700314468 0.846455232617974 -0.0428213084407764 0 0 0"
 ycoef=" 0.0370505798186042 -0.00489535937066404 0.953821325970165 0 0 0">
<Contour name="d14" hidden="false" closed="true" simplified="true" border="1 1 0" fill="1 0 1" mode="11"
 points="1.86409 -2.20459,
	1.89872 -2.38927,
	1.90449 -2.48161,
	1.90449 -2.49315,
	1.99683 -2.57972,
	2.00837 -2.62589,
	2.01414 -2.71823,
	2.03723 -2.724,
	2.12957 -2.71246,
	2.17574 -2.70668,
	2.26807 -2.67206,
	2.29116 -2.66052,
	2.3835 -2.66052,
	2.47584 -2.6432,
	2.52201 -2.63166,
	2.61435 -2.56241,
	2.70668 -2.47584,
	2.79902 -2.29116,
	2.84519 -2.19882,
	2.93753 -2.14688,
	2.96639 -2.10071,
	2.97793 -2.07763,
	2.97216 -1.98529,
	2.96639 -1.9622,
	2.99524 -1.86986,
	3.00679 -1.82369,
	3.09335 -1.75444,
	3.11067 -1.6621,
	3.11067 -1.56976,
	3.01833 -1.51782,
	2.93176 -1.4428,
	2.90868 -1.39663,
	2.89136 -1.37354,
	2.70668 -1.3216,
	2.6836 -1.31583,
	2.67206 -1.31006,
	2.57972 -1.33314,
	2.55663 -1.34469,
	2.57972 -1.35046,
	2.58549 -1.35623,
	2.56241 -1.35623,
	2.47007 -1.40817,
	2.37773 -1.43702,
	2.28539 -1.45434,
	2.19305 -1.53513,
	2.14688 -1.54668,
	2.10071 -1.56976,
	2.06031 -1.61016,
	1.98529 -1.79484,
	1.92758 -1.88718,
	1.89295 -2.07185,
	1.86986 -2.16419,
	1.86409 -2.18728,
	1.86409 -2.19882,
	"/>
</Transform>

<Transform dim="3"
 xcoef=" 1.11553700314468 0.846455232617974 -0.0428213084407764 0 0 0"
 ycoef=" 0.0370505798186042 -0.00489535937066404 0.953821325970165 0 0 0">
<Contour name="d14" hidden="false" closed="true" simplified="true" border="1 1 0" fill="1 0 1" mode="11"
 points="4.61488 -1.8522,
	4.64431 -1.85404,
	4.65902 -1.8522,
	4.71788 -1.81174,
	4.73259 -1.80438,
	4.73995 -1.8007,
	4.74363 -1.79702,
	4.7142 -1.56159,
	4.71052 -1.53216,
	4.70868 -1.51745,
	4.7234 -1.39973,
	4.72708 -1.3703,
	4.73627 -1.34087,
	4.78593 -1.22315,
	4.79881 -1.19372,
	4.81536 -1.1643,
	4.89813 -1.04658,
	4.90365 -1.01715,
	4.90549 -1.00243,
	4.90733 -0.995077,
	4.90733 -0.991398,
	4.89262 -0.98588,
	4.86319 -0.98772,
	4.85583 -0.989559,
	4.83376 -1.01899,
	4.78409 -1.07785,
	4.77858 -1.0852,
	4.75467 -1.14406,
	4.74915 -1.15878,
	4.74547 -1.16613,
	4.74547 -1.17349,
	4.73075 -1.20292,
	4.69213 -1.26178,
	4.6719 -1.29121,
	4.6627 -1.30592,
	4.65718 -1.31328,
	4.64982 -1.431,
	4.64431 -1.48986,
	4.63327 -1.54872,
	4.62775 -1.57814,
	4.62407 -1.59286,
	4.61488 -1.82829,
	4.61488 -1.84301,
	4.61488 -1.85037,
	"/>
<Contour name="d14" hidden="false" closed="true" simplified="true" border="1 1 0" fill="1 0 1" mode="11"
 points="4.21022 -0.748607,
	4.21574 -0.807465,
	4.21758 -0.836895,
	4.21942 -0.844252,
	4.27828 -0.901271,
	4.30771 -0.928861,
	4.32242 -0.943576,
	4.32978 -0.950933,
	4.33346 -0.954612,
	4.34817 -0.941736,
	4.35553 -0.934379,
	4.37025 -0.90495,
	4.39048 -0.875521,
	4.42175 -0.816662,
	4.43646 -0.787233,
	4.44014 -0.779876,
	4.4383 -0.750446,
	4.40887 -0.730214,
	4.37944 -0.715499,
	4.36473 -0.708142,
	4.30587 -0.693427,
	4.24701 -0.675034,
	4.2323 -0.673194,
	4.21758 -0.675034,
	4.2139 -0.675034,
	4.21022 -0.733892,
	4.21022 -0.746768,
	"/>
</Transform>

<Transform dim="3"
 xcoef=" 1.11553700314468 0.846455232617974 -0.0428213084407764 0 0 0"
 ycoef=" 0.0370505798186042 -0.00489535937066404 0.953821325970165 0 0 0">
<Contour name="d14" hidden="false" closed="true" simplified="true" border="1 1 0" fill="1 0 1" mode="11"
 points="1.55754 -2.84468,
	1.56656 -2.87352,
	1.57016 -2.88794,
	1.57377 -2.89516,
	1.57196 -2.90958,
	1.57196 -2.91318,
	1.57557 -2.91499,
	1.60441 -2.90597,
	1.61884 -2.90237,
	1.67652 -2.87352,
	1.68013 -2.86992,
	1.68013 -2.86271,
	1.68013 -2.8591,
	1.68734 -2.8555,
	1.70717 -2.82665,
	1.72339 -2.79781,
	1.73241 -2.78339,
	1.73601 -2.77618,
	1.7306 -2.71849,
	1.727 -2.68965,
	1.7252 -2.68244,
	1.71077 -2.66801,
	1.70717 -2.66441,
	1.67832 -2.66801,
	1.6639 -2.67342,
	1.60622 -2.71488,
	1.57737 -2.73111,
	1.56295 -2.74012,
	1.55935 -2.79781,
	1.55754 -2.82665,
	1.55754 -2.84107,
	1.55754 -2.84288,
	"/>
</Transform>

<Transform dim="3"
 xcoef=" 1.11553700314468 0.846455232617974 -0.0428213084407764 0 0 0"
 ycoef=" 0.0370505798186042 -0.00489535937066404 0.953821325970165 0 0 0">
<Contour name="d14" hidden="false" closed="true" simplified="true" border="1 1 0" fill="1 0 1" mode="11"
 points="3.76131 -1.9013,
	3.80411 -1.97956,
	3.81511 -1.99913,
	3.81756 -2.00402,
	3.85669 -2.02603,
	3.87626 -2.03704,
	3.88604 -2.04193,
	3.90193 -2.02236,
	3.90316 -2.0028,
	3.90316 -1.99301,
	3.91172 -1.97345,
	3.91661 -1.96367,
	3.9215 -1.95878,
	3.92395 -1.95388,
	3.94351 -1.93676,
	3.94473 -1.93554,
	3.94963 -1.92943,
	3.95329 -1.91964,
	3.95329 -1.9172,
	3.95696 -1.91231,
	3.95696 -1.90986,
	3.96919 -1.89152,
	3.97164 -1.88663,
	3.9643 -1.80837,
	3.96308 -1.7888,
	3.95941 -1.77902,
	3.94107 -1.75945,
	3.93128 -1.75089,
	3.92639 -1.746,
	3.91661 -1.73989,
	3.87992 -1.70076,
	3.87014 -1.6922,
	3.83101 -1.67141,
	3.81145 -1.66407,
	3.809 -1.66285,
	3.78943 -1.68119,
	3.7821 -1.69098,
	3.77843 -1.69587,
	3.76498 -1.85239,
	3.76253 -1.89152,
	3.76131 -1.90008,
	"/>
</Transform>

<Transform dim="3"
 xcoef=" 1.11553700314468 0.846455232617974 -0.0428213084407764 0 0 0"
 ycoef=" 0.0370505798186042 -0.00489535937066404 0.953821325970165 0 0 0">
<Contour name="d14" hidden="false" closed="true" simplified="true" border="1 1 0" fill="1 0 1" mode="11"
 points="3.94165 -0.331853,
	3.94404 -0.370052,
	3.94404 -0.379602,
	3.9512 -0.386764,
	3.9894 -0.401089,
	4.0085 -0.408251,
	4.0276 -0.408251,
	4.03715 -0.408251,
	4.05148 -0.391539,
	4.06819 -0.35334,
	4.08729 -0.276942,
	4.08968 -0.238743,
	4.08729 -0.219644,
	4.06819 -0.205319,
	4.05864 -0.198157,
	4.05386 -0.193382,
	4.01566 -0.190995,
	3.99657 -0.190995,
	3.98702 -0.193382,
	3.94882 -0.26978,
	3.94165 -0.28888,
	3.94165 -0.327079,
	3.94165 -0.329466,
	"/>
</Transform>

<Transform dim="3"
 xcoef=" 1.11553700314468 0.846455232617974 -0.0428213084407764 0 0 0"
 ycoef=" 0.0370505798186042 -0.00489535937066404 0.953821325970165 0 0 0">
<Contour name="d03" hidden="false" closed="true" simplified="true" border="1 1 0" fill="1 1 0" mode="11"
 points="7.48893 -0.178908,
	7.49397 -0.199067,
	7.49145 -0.239384,
	7.49145 -0.259542,
	7.50405 -0.29986,
	7.51413 -0.320018,
	7.51413 -0.325058,
	7.51917 -0.330098,
	7.52421 -0.350256,
	7.52421 -0.360336,
	7.52925 -0.370415,
	7.52925 -0.410732,
	7.52925 -0.420812,
	7.53429 -0.430891,
	7.52925 -0.471208,
	7.52673 -0.491367,
	7.51665 -0.511525,
	7.51413 -0.521605,
	7.51665 -0.541763,
	7.51917 -0.551843,
	7.53681 -0.566962,
	7.57713 -0.579561,
	7.58721 -0.582081,
	7.59225 -0.582081,
	7.59729 -0.58712,
	7.60233 -0.58712,
	7.62249 -0.602239,
	7.6502 -0.640037,
	7.65776 -0.647596,
	7.67792 -0.650116,
	7.688 -0.655156,
	7.7132 -0.692953,
	7.73336 -0.705552,
	7.74344 -0.710592,
	7.75352 -0.710592,
	7.75856 -0.710592,
	7.79383 -0.672795,
	7.80643 -0.655156,
	7.81147 -0.650116,
	7.81147 -0.609799,
	7.81399 -0.58964,
	7.81399 -0.584601,
	7.81903 -0.579561,
	7.81903 -0.574521,
	7.82911 -0.564442,
	7.84927 -0.554363,
	7.86943 -0.554363,
	7.87951 -0.554363,
	7.89967 -0.541763,
	7.91227 -0.501446,
	7.91479 -0.481288,
	7.92235 -0.461129,
	7.92739 -0.456089,
	7.94502 -0.375455,
	7.95258 -0.355296,
	7.9551 -0.345217,
	7.96014 -0.342697,
	7.96014 -0.332618,
	7.98282 -0.2923,
	8.02314 -0.262062,
	8.02818 -0.257023,
	8.0307 -0.236864,
	8.02818 -0.216705,
	8.02566 -0.206626,
	8.0055 -0.188987,
	7.98534 -0.183948,
	7.97526 -0.178908,
	7.95762 -0.161269,
	7.92991 -0.120952,
	7.88203 -0.0503966,
	7.87195 -0.0100793,
	7.86691 -0.00503966,
	7.86439 0.00503966,
	7.85179 0.0226785,
	7.83415 0.0403173,
	7.82659 0.0503966,
	7.80643 0.0604759,
	7.78879 0.0806346,
	7.76612 0.120952,
	7.74092 0.156229,
	7.73588 0.161269,
	7.73588 0.166309,
	7.72076 0.181428,
	7.69304 0.221745,
	7.66028 0.254503,
	7.64264 0.269622,
	7.62249 0.277181,
	7.60233 0.279701,
	7.58217 0.277181,
	7.57209 0.277181,
	7.55193 0.264582,
	7.53429 0.244424,
	7.51413 0.231824,
	7.50405 0.214186,
	7.50153 0.194027,
	7.50405 0.183948,
	7.50153 0.14363,
	7.50153 0.123472,
	7.49397 0.0831544,
	7.49145 0.0428371,
	7.48893 0.0226785,
	7.49649 -0.0176388,
	7.48893 -0.0579561,
	7.48893 -0.138591,
	7.48893 -0.176388,
	"/>
</Transform>

<Transform dim="3"
 xcoef=" 1.11553700314468 0.846455232617974 -0.0428213084407764 0 0 0"
 ycoef=" 0.0370505798186042 -0.00489535937066404 0.953821325970165 0 0 0">
<Contour name="d05ax18ssvr" hidden="false" closed="true" simplified="false" border="0 1 0.25098" fill="0 0 1" mode="-11"
 points="7.91747 1.51688,
	7.90824 1.50766,
	7.91747 1.49843,
	7.92669 1.50766,
	"/>
<Contour name="d05ax18ssvdb" hidden="false" closed="true" simplified="false" border="1 0.501961 0" fill="0 0 1" mode="-11"
 points="7.9346 1.37589,
	7.92537 1.36667,
	7.9346 1.35745,
	7.94382 1.36667,
	"/>
<Contour name="d05ax18ssvdb" hidden="false" closed="true" simplified="false" border="1 0.501961 0" fill="0 0 1" mode="-11"
 points="7.90824 1.43123,
	7.89902 1.42201,
	7.90824 1.41279,
	7.91747 1.42201,
	"/>
<Contour name="d05ax18ssvdb" hidden="false" closed="true" simplified="false" border="1 0.501961 0" fill="0 0 1" mode="-11"
 points="7.91351 1.32582,
	7.90429 1.3166,
	7.91351 1.30737,
	7.92274 1.3166,
	"/>
<Contour name="d05ax18ssvdb" hidden="false" closed="true" simplified="false" border="1 0.501961 0" fill="0 0 1" mode="-11"
 points="7.86608 1.47735,
	7.85686 1.46813,
	7.86608 1.45891,
	7.8753 1.46813,
	"/>
</Transform>

<Transform dim="3"
 xcoef=" 1.11553700314468 0.846455232617974 -0.0428213084407764 0 0 0"
 ycoef=" 0.0370505798186042 -0.00489535937066404 0.953821325970165 0 0 0">
<Contour name="d05ax19ssvr" hidden="false" closed="true" simplified="false" border="0 1 0.25098" fill="0 0 1" mode="-11"
 points="7.34719 4.88139,
	7.33813 4.87233,
	7.34719 4.86327,
	7.35625 4.87233,
	"/>
<Contour name="d05ax19ssvr" hidden="false" closed="true" simplified="false" border="0 1 0.25098" fill="0 0 1" mode="-11"
 points="7.31354 4.84903,
	7.30448 4.83997,
	7.31354 4.83091,
	7.3226 4.83997,
	"/>
<Contour name="d05ax19ssvr" hidden="false" closed="true" simplified="false" border="0 1 0.25098" fill="0 0 1" mode="-11"
 points="7.27212 4.81796,
	7.26306 4.8089,
	7.27212 4.79984,
	7.28118 4.8089,
	"/>
<Contour name="d05ax19ssvr" hidden="false" closed="true" simplified="false" border="0 1 0.25098" fill="0 0 1" mode="-11"
 points="7.29801 4.76749,
	7.28895 4.75843,
	7.29801 4.74937,
	7.30707 4.75843,
	"/>
<Contour name="d05ax19ssvr" hidden="false" closed="true" simplified="false" border="0 1 0.25098" fill="0 0 1" mode="-11"
 points="7.28507 4.74419,
	7.27601 4.73513,
	7.28507 4.72607,
	7.29413 4.73513,
	"/>
<Contour name="d05ax19ssvr" hidden="false" closed="true" simplified="false" border="0 1 0.25098" fill="0 0 1" mode="-11"
 points="7.32907 4.75454,
	7.32001 4.74548,
	7.32907 4.73642,
	7.33813 4.74548,
	"/>
<Contour name="d05ax19ssvr" hidden="false" closed="true" simplified="false" border="0 1 0.25098" fill="0 0 1" mode="-11"
 points="7.36143 4.73642,
	7.35237 4.72736,
	7.36143 4.7183,
	7.37049 4.72736,
	"/>
<Contour name="d05ax19ssvr" hidden="false" closed="true" simplified="false" border="0 1 0.25098" fill="0 0 1" mode="-11"
 points="7.32778 4.67947,
	7.31872 4.67041,
	7.32778 4.66135,
	7.33684 4.67041,
	"/>
</Transform>

<Transform dim="3"
 xcoef=" 1.11553700314468 0.846455232617974 -0.0428213084407764 0 0 0"
 ycoef=" 0.0370505798186042 -0.00489535937066404 0.953821325970165 0 0 0">
<Contour name="d05ax18" hidden="false" closed="true" simplified="true" border="0 0 1" fill="0 0 1" mode="-11"
 points="7.78924 1.55785,
	7.84025 1.43228,
	7.85987 1.36949,
	7.85987 1.36165,
	7.86772 1.3538,
	7.87164 1.3224,
	7.89911 1.29494,
	7.9305 1.27924,
	7.9462 1.27924,
	7.95405 1.27924,
	7.98152 1.30278,
	8.01291 1.33418,
	8.07177 1.37734,
	8.09139 1.40873,
	8.09924 1.40873,
	8.11886 1.44013,
	8.13063 1.45582,
	8.12671 1.48721,
	8.12671 1.50291,
	8.11494 1.51861,
	8.09139 1.58139,
	8.08354 1.64418,
	8.07569 1.65987,
	8.07569 1.66772,
	8.05215 1.69519,
	8.02076 1.71873,
	7.98937 1.72658,
	7.95797 1.72266,
	7.9305 1.70304,
	7.90304 1.67557,
	7.87164 1.6638,
	7.85595 1.65595,
	7.82456 1.65203,
	7.79316 1.62848,
	7.78924 1.5657,
	7.78924 1.56177,
	"/>
<Contour name="d05ax18" hidden="false" closed="true" simplified="true" border="0 0 1" fill="0 0 1" mode="-11"
 points="8.31114 3.40608,
	8.32683 3.37468,
	8.3543 3.35506,
	8.37 3.34721,
	8.40139 3.34721,
	8.41709 3.34721,
	8.44848 3.35899,
	8.46418 3.36291,
	8.49164 3.39038,
	8.53481 3.44924,
	8.55443 3.48063,
	8.56228 3.48848,
	8.5662 3.50418,
	8.5662 3.51202,
	8.57405 3.51987,
	8.57013 3.58266,
	8.57013 3.61405,
	8.54266 3.67683,
	8.51519 3.68861,
	8.4838 3.68468,
	8.47595 3.67683,
	8.46025 3.67291,
	8.43278 3.64937,
	8.41316 3.61797,
	8.39354 3.55519,
	8.37 3.5238,
	8.33861 3.49633,
	8.31899 3.46494,
	8.31114 3.44924,
	8.31114 3.41785,
	8.31114 3.41,
	"/>
</Transform>

<Transform dim="3"
 xcoef=" 1.11553700314468 0.846455232617974 -0.0428213084407764 0 0 0"
 ycoef=" 0.0370505798186042 -0.00489535937066404 0.953821325970165 0 0 0">
<Contour name="d01SER" hidden="false" closed="true" simplified="true" border="0 1 0" fill="0 1 0" mode="11"
 points="5.21997 0.0521128,
	5.23155 0.0405322,
	5.24313 0.0347419,
	5.24892 0.0289516,
	5.2605 0.0318467,
	5.26918 0.0405322,
	5.26918 0.0521128,
	5.26918 0.0579031,
	5.26339 0.0636934,
	5.26339 0.0694837,
	5.24023 0.0781692,
	5.22865 0.0781692,
	5.21997 0.0694837,
	5.21997 0.0579031,
	5.21997 0.055008,
	"/>
<Contour name="d01SER" hidden="false" closed="true" simplified="true" border="0 1 0" fill="0 1 0" mode="11"
 points="5.45158 0.0405322,
	5.45737 0.0289516,
	5.46895 0.0202661,
	5.48053 0.0231612,
	5.48922 0.0347419,
	5.49211 0.0579031,
	5.4979 0.0694837,
	5.52106 0.0607983,
	5.52685 0.0579031,
	5.53843 0.0636934,
	5.55001 0.0868547,
	5.54712 0.133177,
	5.54422 0.156338,
	5.54712 0.162129,
	5.54422 0.167919,
	5.5587 0.19108,
	5.56449 0.214242,
	5.56449 0.237403,
	5.56449 0.248983,
	5.54422 0.26925,
	5.53264 0.26925,
	5.52685 0.26925,
	5.50659 0.248983,
	5.50659 0.202661,
	5.51527 0.1795,
	5.51238 0.156338,
	5.51238 0.144758,
	5.50659 0.133177,
	5.50369 0.110016,
	5.5008 0.0984353,
	5.49211 0.0897498,
	5.46895 0.0839595,
	5.45447 0.0607983,
	5.45158 0.0492177,
	5.45158 0.0434273,
	"/>
</Transform>

<Transform dim="3"
 xcoef=" 0.432386867046543 0.814940171993163 -0.0642889018967813 0 0 0"
 ycoef=" 4.71949763602697 -0.0725874617527469 0.76869239630137 0 0 0">
<Image mag="0.00220626" contrast="1" brightness="0.015" red="true" green="true" blue="true"
 src="FPNCT.198.jpg" />
<Contour name="domain1" hidden="false" closed="true" simplified="false" border="1 0 1" fill="1 0 1" mode="11"
 points="0 0,
	4096 0,
	4096 4096,
	0 4096,
	"/>
</Transform>

<Transform dim="1"
 xcoef=" -0.539558176660806 1 0 0 0 0"
 ycoef=" -0.0671450175400114 0 1 0 0 0">
<Contour name="D10_inhib_160" hidden="false" closed="true" simplified="true" border="0 1 1" fill="0 1 1" mode="11"
 points="7.52939 0.0279378,
	7.5316 -0.0152824,
	7.53815 -0.0565493,
	7.54874 -0.0939979,
	7.56288 -0.125936,
	7.57994 -0.15092,
	7.59915 -0.167821,
	7.61964 -0.175874,
	7.64048 -0.174717,
	7.66073 -0.164402,
	7.67948 -0.145393,
	7.69588 -0.118552,
	7.70919 -0.08509,
	7.7188 -0.04652,
	7.72429 -0.00458499,
	7.7254 0.0388198,
	7.72208 0.0817328,
	7.71449 0.122215,
	7.70296 0.158436,
	7.68803 0.188759,
	7.67035 0.211815,
	7.65074 0.22656,
	7.63007 0.232329,
	7.60929 0.228861,
	7.58933 0.216313,
	7.57109 0.195251,
	7.5554 0.166628,
	7.54296 0.131737,
	7.53435 0.0921552,
	"/>
</Transform>

<Transform dim="1"
 xcoef=" -0.539558176660806 1 0 0 0 0"
 ycoef=" -0.0671450175400114 0 1 0 0 0">
<Contour name="d10_o14" hidden="false" closed="true" simplified="false" border="1 0 0" fill="1 0 0" mode="-13"
 points="7.25034 0.2786,
	7.2774 0.2786,
	7.26387 0.303407,
	"/>
</Transform>

<Transform dim="1"
 xcoef=" -0.539558176660806 1 0 0 0 0"
 ycoef=" -0.0671450175400114 0 1 0 0 0">
<Contour name="d10_o10_INC" comment="2/24/19 zal" hidden="false" closed="true" simplified="false" border="1 0 0" fill="1 0 0" mode="-13"
 points="7.73289 -0.302676,
	7.74158 -0.314847,
	7.73289 -0.327018,
	7.73811 -0.327018,
	7.74506 -0.316586,
	7.75202 -0.327018,
	7.75723 -0.327018,
	7.74854 -0.314847,
	7.75723 -0.302676,
	7.75202 -0.302676,
	7.74506 -0.313108,
	7.73811 -0.302676,
	"/>
</Transform>

<Transform dim="1"
 xcoef=" -0.539558176660806 1 0 0 0 0"
 ycoef=" -0.0671450175400114 0 1 0 0 0">
<Contour name="d10" comment="2-28-19 zal" hidden="false" closed="true" simplified="true" border="1 1 0" fill="1 1 0.501961" mode="11"
 points="7.20122 0.25398,
	7.20253 0.239968,
	7.20341 0.232961,
	7.20691 0.218949,
	7.20691 0.217197,
	7.20954 0.210191,
	7.21129 0.206687,
	7.21654 0.199681,
	7.22005 0.196616,
	7.22355 0.194864,
	7.2253 0.193551,
	7.22618 0.192675,
	7.22968 0.191361,
	7.24369 0.181727,
	7.25026 0.178224,
	7.25377 0.177348,
	7.25727 0.175597,
	7.26427 0.17078,
	7.27128 0.166839,
	7.27478 0.165087,
	7.27829 0.164211,
	7.27916 0.163336,
	7.28004 0.159832,
	7.28354 0.152826,
	7.28442 0.151074,
	7.29099 0.144068,
	7.29405 0.140565,
	7.29756 0.137938,
	7.29931 0.136186,
	7.29974 0.13531,
	7.29931 0.134434,
	7.30325 0.127428,
	7.305 0.123925,
	7.30544 0.122173,
	7.32733 0.0941479,
	7.32908 0.0906447,
	7.33259 0.0875794,
	7.33434 0.0858278,
	7.33478 0.0823247,
	7.33521 0.0805731,
	7.34485 0.0665604,
	7.35536 0.0525477,
	7.36105 0.0455413,
	7.36455 0.0420381,
	7.3663 0.0411623,
	7.37112 0.034156,
	7.37375 0.0306528,
	7.40177 0.00744425,
	7.4298 -0.0100716,
	7.4333 -0.0122611,
	7.43505 -0.0135748,
	7.44425 -0.0275875,
	7.44863 -0.0345939,
	7.45126 -0.038097,
	7.45257 -0.0416002,
	7.45739 -0.0486066,
	7.45958 -0.0521098,
	7.46089 -0.0556129,
	7.46308 -0.0591161,
	7.46921 -0.0871415,
	7.47228 -0.101154,
	7.48235 -0.12918,
	7.48629 -0.136186,
	7.48935 -0.143192,
	7.49111 -0.146696,
	7.50337 -0.160708,
	7.50687 -0.164211,
	7.50862 -0.165963,
	7.51563 -0.170342,
	7.52263 -0.175597,
	7.52526 -0.1791,
	7.52658 -0.180852,
	7.53183 -0.194864,
	7.53271 -0.198367,
	7.54015 -0.21238,
	7.54059 -0.213256,
	7.53927 -0.215007,
	7.54146 -0.218511,
	7.54234 -0.220262,
	7.54935 -0.226831,
	7.55285 -0.230334,
	7.56686 -0.241281,
	7.57387 -0.246536,
	7.58788 -0.253542,
	7.60189 -0.262738,
	7.6089 -0.267993,
	7.6124 -0.27062,
	7.61503 -0.274124,
	7.61634 -0.275875,
	7.61985 -0.289888,
	7.62204 -0.303901,
	7.62291 -0.310907,
	7.62291 -0.312659,
	7.62598 -0.319665,
	7.62992 -0.326671,
	7.63605 -0.333678,
	7.6378 -0.335429,
	7.63868 -0.336305,
	7.64568 -0.335867,
	7.65269 -0.333678,
	7.65619 -0.33105,
	7.67021 -0.324482,
	7.67371 -0.32273,
	7.67546 -0.321854,
	7.68247 -0.327547,
	7.68597 -0.330612,
	7.6886 -0.334115,
	7.6921 -0.341122,
	7.69473 -0.348128,
	7.69517 -0.351631,
	7.69517 -0.353383,
	7.69911 -0.360389,
	7.70086 -0.363892,
	7.70786 -0.370461,
	7.71137 -0.373964,
	7.71706 -0.38097,
	7.71969 -0.384474,
	7.72669 -0.387539,
	7.7337 -0.388415,
	7.74071 -0.387977,
	7.75472 -0.380533,
	7.76173 -0.376592,
	7.7753 -0.363892,
	7.78756 -0.34988,
	7.79676 -0.335867,
	7.79895 -0.328861,
	7.79939 -0.325358,
	7.80376 -0.318351,
	7.80639 -0.314848,
	7.82172 -0.286823,
	7.82916 -0.27281,
	7.83048 -0.269307,
	7.83529 -0.2623,
	7.83748 -0.258797,
	7.84887 -0.244784,
	7.85018 -0.243033,
	7.85062 -0.241281,
	7.85675 -0.234275,
	7.86551 -0.220262,
	7.88653 -0.192237,
	7.89222 -0.18523,
	7.89528 -0.181727,
	7.89747 -0.178224,
	7.90054 -0.171218,
	7.90142 -0.164211,
	7.90142 -0.160708,
	7.90054 -0.157205,
	7.89966 -0.155453,
	7.89966 -0.153702,
	7.89747 -0.150199,
	7.89134 -0.14363,
	7.88915 -0.140127,
	7.8839 -0.126114,
	7.88127 -0.122611,
	7.87646 -0.108598,
	7.87427 -0.101592,
	7.87295 -0.0875794,
	7.87251 -0.0840762,
	7.86419 -0.0560508,
	7.86332 -0.0490445,
	7.86288 -0.0455413,
	7.86157 -0.0420381,
	7.86157 -0.0350318,
	7.86157 -0.0315286,
	7.85938 -0.0175159,
	7.85631 -0.00350318,
	7.85412 0,
	7.85281 0.00175159,
	7.85193 0.00262738,
	7.85149 0.00963374,
	7.85193 0.0166401,
	7.85193 0.0201433,
	7.85149 0.0218949,
	7.85062 0.0227706,
	7.84931 0.029777,
	7.84843 0.0332802,
	7.84493 0.0402865,
	7.84011 0.0542992,
	7.83442 0.0683119,
	7.83354 0.0718151,
	7.8331 0.0735667,
	7.83179 0.0753183,
	7.83048 0.0823247,
	7.82829 0.089331,
	7.82697 0.103344,
	7.82653 0.11035,
	7.82741 0.117356,
	7.82829 0.12086,
	7.83573 0.134872,
	7.84011 0.141879,
	7.84361 0.145382,
	7.85062 0.149323,
	7.85412 0.151512,
	7.85763 0.150199,
	7.86463 0.14582,
	7.86814 0.144506,
	7.86989 0.144068,
	7.87339 0.144944,
	7.87689 0.147571,
	7.87864 0.149323,
	7.88127 0.156329,
	7.88259 0.159832,
	7.88346 0.166839,
	7.8839 0.170342,
	7.88259 0.177348,
	7.88171 0.180852,
	7.86857 0.208877,
	7.86463 0.215883,
	7.85281 0.243909,
	7.84887 0.250915,
	7.84712 0.254418,
	7.84142 0.260987,
	7.82741 0.267555,
	7.82435 0.269745,
	7.82391 0.276751,
	7.82303 0.280254,
	7.82172 0.282006,
	7.8169 0.310031,
	7.81384 0.338057,
	7.80902 0.366082,
	7.80771 0.373088,
	7.80552 0.380095,
	7.79895 0.386225,
	7.79194 0.39148,
	7.77793 0.399362,
	7.77092 0.402427,
	7.75691 0.406806,
	7.7499 0.408996,
	7.73589 0.41644,
	7.72188 0.42476,
	7.70786 0.42695,
	7.70086 0.427825,
	7.64481 0.426074,
	7.63079 0.426512,
	7.57474 0.422133,
	7.54672 0.420819,
	7.53271 0.420381,
	7.5292 0.420381,
	7.52745 0.420381,
	7.52395 0.422133,
	7.51694 0.423446,
	7.50293 0.423884,
	7.48892 0.423446,
	7.4749 0.422133,
	7.46089 0.419505,
	7.45388 0.418192,
	7.44688 0.416002,
	7.43987 0.414689,
	7.41185 0.413375,
	7.39783 0.411623,
	7.39433 0.411185,
	7.38032 0.405931,
	7.37331 0.403303,
	7.3663 0.399362,
	7.3628 0.397173,
	7.3558 0.394107,
	7.35229 0.391042,
	7.35054 0.390166,
	7.33653 0.393232,
	7.32952 0.393669,
	7.32252 0.394983,
	7.3085 0.395421,
	7.29449 0.394545,
	7.29099 0.394545,
	7.28398 0.393232,
	7.28048 0.393232,
	7.27697 0.392356,
	7.27522 0.392356,
	7.26121 0.387539,
	7.2542 0.384036,
	7.2472 0.379657,
	7.24019 0.373964,
	7.23318 0.367396,
	7.23143 0.365644,
	7.22705 0.358638,
	7.2218 0.344625,
	7.21742 0.330612,
	7.21698 0.327109,
	7.21217 0.313096,
	7.21085 0.309593,
	7.20779 0.295581,
	7.20691 0.293829,
	7.20647 0.290326,
	7.20516 0.286823,
	7.20472 0.283319,
	7.20341 0.279816,
	7.20297 0.276313,
	7.20209 0.274561,
	7.20122 0.260549,
	7.20122 0.257046,
	7.20122 0.255294,
	7.20122 0.254418,
	"/>
</Transform>

<Transform dim="1"
 xcoef=" -0.539558176660806 1 0 0 0 0"
 ycoef=" -0.0671450175400114 0 1 0 0 0">
<Contour name="d10_p14" comment="2/28/19 zal" hidden="false" closed="true" simplified="true" border="1 0.501961 0.501961" fill="1 0.501961 0.501961" mode="11"
 points="6.70097 0.289437,
	6.70254 0.276887,
	6.70254 0.273749,
	6.70411 0.27218,
	6.70489 0.265905,
	6.70489 0.264337,
	6.70725 0.261199,
	6.70803 0.258062,
	6.71588 0.245511,
	6.72058 0.239236,
	6.72293 0.236099,
	6.72372 0.232961,
	6.72607 0.230608,
	6.72686 0.227471,
	6.72921 0.224333,
	6.72999 0.221196,
	6.73156 0.220411,
	6.73156 0.218842,
	6.73548 0.212567,
	6.74098 0.207077,
	6.75274 0.198449,
	6.77784 0.18982,
	6.78412 0.187467,
	6.78725 0.186683,
	6.78882 0.186683,
	6.79039 0.185114,
	6.79667 0.18433,
	6.80294 0.181977,
	6.80608 0.181192,
	6.80765 0.181192,
	6.80922 0.179623,
	6.81549 0.178839,
	6.82177 0.176486,
	6.84687 0.170995,
	6.84844 0.169426,
	6.8602 0.16472,
	6.86334 0.163151,
	6.86961 0.162367,
	6.87275 0.160798,
	6.8853 0.159229,
	6.9104 0.159229,
	6.92295 0.159229,
	6.9355 0.160798,
	6.93864 0.162367,
	6.95119 0.16472,
	6.96374 0.16472,
	6.97629 0.170211,
	6.97943 0.170995,
	6.9857 0.175701,
	6.98884 0.176486,
	6.99119 0.178839,
	6.99276 0.178839,
	7.00531 0.188252,
	7.01159 0.192958,
	7.01472 0.194527,
	7.02022 0.200017,
	7.03198 0.207861,
	7.03512 0.20943,
	7.03826 0.212567,
	7.03982 0.212567,
	7.05081 0.222764,
	7.07512 0.239236,
	7.08689 0.24708,
	7.09316 0.250218,
	7.10414 0.260415,
	7.10885 0.265121,
	7.11277 0.271396,
	7.11434 0.272965,
	7.11591 0.27924,
	7.11748 0.280809,
	7.11983 0.305909,
	7.11905 0.318459,
	7.11513 0.331009,
	7.11277 0.337284,
	7.11277 0.338853,
	7.10571 0.351403,
	7.09708 0.363953,
	7.09003 0.375719,
	7.08767 0.378856,
	7.08767 0.380425,
	7.08297 0.385131,
	7.07983 0.390622,
	7.07512 0.396113,
	7.07198 0.398466,
	7.07198 0.400035,
	7.06336 0.412585,
	7.06022 0.41886,
	7.05943 0.421997,
	7.05551 0.427488,
	7.04453 0.436901,
	7.03277 0.44396,
	7.02649 0.447098,
	7.02335 0.448666,
	7.01708 0.447882,
	7.01159 0.44396,
	7.00531 0.442391,
	6.99276 0.442391,
	6.98021 0.440822,
	6.97394 0.440038,
	6.9708 0.438469,
	6.9457 0.437685,
	6.9206 0.434547,
	6.8704 0.425135,
	6.86412 0.423566,
	6.86255 0.421997,
	6.85 0.41886,
	6.83745 0.412585,
	6.81235 0.403957,
	6.80608 0.401603,
	6.80529 0.400035,
	6.80216 0.39925,
	6.7998 0.396897,
	6.79824 0.396897,
	6.79667 0.395328,
	6.7951 0.395328,
	6.79431 0.39376,
	6.79274 0.39376,
	6.78098 0.385131,
	6.76843 0.37415,
	6.76215 0.369444,
	6.75353 0.358462,
	6.74333 0.347481,
	6.73705 0.342775,
	6.73156 0.339637,
	6.72529 0.334931,
	6.71901 0.331793,
	6.71274 0.327087,
	6.7096 0.325518,
	6.70254 0.312968,
	6.70254 0.309831,
	6.70097 0.306693,
	6.70097 0.294143,
	6.70097 0.291006,
	6.70097 0.290221,
	"/>
</Transform>

<Transform dim="1"
 xcoef=" -0.539558176660806 1 0 0 0 0"
 ycoef=" -0.0671450175400114 0 1 0 0 0">
<Contour name="d10_o10" comment="3-3-19 zal" hidden="false" closed="true" simplified="false" border="1 0 0" fill="1 0 0" mode="-13"
 points="7.69934 -0.344605,
	7.73408 -0.344605,
	7.71671 -0.312753,
	"/>
</Transform>

<Transform dim="1"
 xcoef=" -0.539558176660806 1 0 0 0 0"
 ycoef=" -0.0671450175400114 0 1 0 0 0">
<Contour name="d10_p10" hidden="false" closed="true" simplified="true" border="1 0.501961 0.501961" fill="1 0.501961 0.501961" mode="11"
 points="7.46624 -1.18558,
	7.47003 -1.18991,
	7.47192 -1.19207,
	7.47287 -1.19302,
	7.47504 -1.19397,
	7.47612 -1.19451,
	7.47666 -1.19478,
	7.48099 -1.19532,
	7.48316 -1.19559,
	7.48532 -1.19627,
	7.48641 -1.19654,
	7.48695 -1.19668,
	7.48803 -1.19614,
	7.4967 -1.18896,
	7.50103 -1.18531,
	7.50211 -1.18449,
	7.52932 -1.14984,
	7.54286 -1.13251,
	7.54611 -1.12818,
	7.54787 -1.12601,
	7.55206 -1.12168,
	7.55788 -1.11302,
	7.56086 -1.10869,
	7.56533 -1.10002,
	7.57792 -1.0827,
	7.58428 -1.07403,
	7.58685 -1.0697,
	7.59552 -1.05237,
	7.59985 -1.04371,
	7.60093 -1.04154,
	7.60364 -1.03288,
	7.60486 -1.02855,
	7.60689 -1.02421,
	7.60797 -1.02205,
	7.60851 -1.02097,
	7.60919 -1.01663,
	7.60946 -1.01447,
	7.61014 -1.0123,
	7.6123 -1.00797,
	7.61339 -1.0058,
	7.61447 -1.00147,
	7.61501 -0.999307,
	7.61528 -0.998224,
	7.62394 -0.980896,
	7.62828 -0.972233,
	7.63071 -0.967901,
	7.63613 -0.959237,
	7.6387 -0.954905,
	7.64154 -0.950573,
	7.6429 -0.948407,
	7.64344 -0.947324,
	7.65346 -0.912669,
	7.65603 -0.904006,
	7.66009 -0.895342,
	7.66225 -0.89101,
	7.66266 -0.889927,
	7.67119 -0.881399,
	7.67552 -0.877067,
	7.67647 -0.875984,
	7.6808 -0.86732,
	7.68134 -0.866237,
	7.68175 -0.865696,
	7.68215 -0.861364,
	7.6831 -0.844037,
	7.68364 -0.835373,
	7.68364 -0.831041,
	7.68364 -0.828875,
	7.68513 -0.824543,
	7.68594 -0.822377,
	7.68635 -0.820211,
	7.68635 -0.81967,
	7.68784 -0.817504,
	7.68865 -0.816421,
	7.68906 -0.815879,
	7.68906 -0.814796,
	7.68906 -0.814255,
	7.68906 -0.813984,
	7.69271 -0.809652,
	7.69325 -0.809111,
	7.69352 -0.80884,
	7.69786 -0.808163,
	7.70002 -0.807893,
	7.71735 -0.80153,
	7.72601 -0.798281,
	7.73035 -0.796792,
	7.73901 -0.79246,
	7.74334 -0.790294,
	7.74767 -0.787722,
	7.75201 -0.78488,
	7.76067 -0.776351,
	7.76487 -0.772019,
	7.76595 -0.770936,
	7.76744 -0.76877,
	7.76838 -0.767687,
	7.76866 -0.765522,
	7.77204 -0.76119,
	7.77353 -0.759024,
	7.77475 -0.756858,
	7.77854 -0.748194,
	7.78057 -0.743862,
	7.78165 -0.743321,
	7.78219 -0.74305,
	7.78246 -0.740884,
	7.78409 -0.738718,
	7.7849 -0.737635,
	7.78598 -0.733303,
	7.78652 -0.731137,
	7.7868 -0.730054,
	7.7868 -0.721391,
	7.7868 -0.717059,
	7.78598 -0.708395,
	7.78219 -0.699731,
	7.7803 -0.695399,
	7.77976 -0.694316,
	7.77949 -0.693775,
	7.77949 -0.691609,
	7.7784 -0.690526,
	7.77786 -0.69012,
	7.77637 -0.685788,
	7.76432 -0.668461,
	7.7627 -0.666295,
	7.76189 -0.665212,
	7.75769 -0.66088,
	7.75661 -0.658714,
	7.75525 -0.656548,
	7.75417 -0.655465,
	7.7539 -0.655194,
	7.75119 -0.637867,
	7.74997 -0.629203,
	7.74957 -0.627037,
	7.74943 -0.625954,
	7.74767 -0.621622,
	7.74686 -0.619456,
	7.74673 -0.618915,
	7.74253 -0.614583,
	7.74036 -0.612417,
	7.73617 -0.608762,
	7.73332 -0.60443,
	7.73089 -0.600098,
	7.73035 -0.599015,
	7.73021 -0.598745,
	7.73887 -0.592382,
	7.74321 -0.589133,
	7.75187 -0.581553,
	7.75593 -0.572889,
	7.75769 -0.568557,
	7.75864 -0.566391,
	7.76013 -0.557727,
	7.76094 -0.553396,
	7.76121 -0.552313,
	7.76121 -0.543649,
	7.76121 -0.539317,
	7.76107 -0.537151,
	7.75904 -0.528487,
	7.75796 -0.524155,
	7.75742 -0.52199,
	7.75525 -0.504662,
	7.75417 -0.495998,
	7.75376 -0.493832,
	7.75282 -0.491667,
	7.74307 -0.474339,
	7.7382 -0.465675,
	7.73766 -0.464592,
	7.73752 -0.463509,
	7.73752 -0.462968,
	7.73576 -0.460802,
	7.73549 -0.458636,
	7.73021 -0.449972,
	7.72967 -0.448889,
	7.7294 -0.448348,
	7.72845 -0.447265,
	7.72818 -0.446994,
	7.72913 -0.444828,
	7.7298 -0.442662,
	7.73021 -0.440496,
	7.73048 -0.436165,
	7.73035 -0.427501,
	7.73021 -0.425335,
	7.73062 -0.421003,
	7.73129 -0.416671,
	7.73251 -0.412339,
	7.73292 -0.411256,
	7.73305 -0.410715,
	7.73725 -0.406383,
	7.73833 -0.4053,
	7.73942 -0.404488,
	7.73996 -0.404082,
	7.74429 -0.402999,
	7.74645 -0.402457,
	7.74754 -0.402051,
	7.75187 -0.398125,
	7.75241 -0.397584,
	7.75268 -0.397313,
	7.75376 -0.397042,
	7.75431 -0.396907,
	7.75864 -0.393793,
	7.75972 -0.392846,
	7.76026 -0.39244,
	7.76121 -0.388108,
	7.76162 -0.385942,
	7.76162 -0.383776,
	7.76162 -0.382693,
	7.76026 -0.380527,
	7.75959 -0.379444,
	7.75932 -0.379173,
	7.75498 -0.379173,
	7.7539 -0.379444,
	7.74524 -0.383776,
	7.74307 -0.384724,
	7.73874 -0.385671,
	7.73657 -0.386213,
	7.73549 -0.386483,
	7.73116 -0.386754,
	7.72899 -0.38689,
	7.72683 -0.386754,
	7.72574 -0.386754,
	7.72358 -0.386077,
	7.72249 -0.385671,
	7.72033 -0.384182,
	7.71721 -0.37985,
	7.71356 -0.375518,
	7.7118 -0.373352,
	7.71031 -0.371187,
	7.70963 -0.370104,
	7.7076 -0.368073,
	7.70706 -0.367532,
	7.70273 -0.36523,
	7.70165 -0.364553,
	7.70056 -0.364418,
	7.6984 -0.365095,
	7.69732 -0.366042,
	7.69583 -0.368208,
	7.6938 -0.37254,
	7.69258 -0.376872,
	7.6919 -0.381204,
	7.69204 -0.38337,
	7.69271 -0.387702,
	7.69325 -0.396366,
	7.69352 -0.400697,
	7.69231 -0.409361,
	7.6919 -0.413693,
	7.69177 -0.43102,
	7.69177 -0.439684,
	7.69177 -0.444016,
	7.69068 -0.461343,
	7.69001 -0.470007,
	7.68973 -0.472173,
	7.69028 -0.480837,
	7.69068 -0.485169,
	7.69082 -0.487335,
	7.69095 -0.488418,
	7.69095 -0.488959,
	7.70408 -0.523614,
	7.70449 -0.524697,
	7.7049 -0.533361,
	7.70517 -0.537693,
	7.7053 -0.538776,
	7.7053 -0.539317,
	7.70232 -0.547981,
	7.70178 -0.552313,
	7.70165 -0.553396,
	7.70165 -0.553937,
	7.69867 -0.558269,
	7.69501 -0.566933,
	7.69298 -0.571264,
	7.69231 -0.57343,
	7.69068 -0.582094,
	7.68987 -0.586426,
	7.68973 -0.586968,
	7.69041 -0.591299,
	7.69082 -0.593465,
	7.69095 -0.594007,
	7.69095 -0.594278,
	7.69149 -0.594819,
	7.69177 -0.59509,
	7.69001 -0.599422,
	7.68906 -0.601588,
	7.68879 -0.602671,
	7.68838 -0.611334,
	7.68811 -0.615666,
	7.68797 -0.617832,
	7.68838 -0.622164,
	7.68879 -0.630828,
	7.68838 -0.635159,
	7.68811 -0.637325,
	7.68797 -0.638408,
	7.68784 -0.63895,
	7.68513 -0.643282,
	7.68391 -0.645448,
	7.67539 -0.653028,
	7.67105 -0.656819,
	7.66239 -0.665347,
	7.65819 -0.669679,
	7.65603 -0.67171,
	7.65454 -0.676041,
	7.65359 -0.678207,
	7.65318 -0.67929,
	7.64736 -0.687954,
	7.64587 -0.69012,
	7.64506 -0.691203,
	7.64384 -0.693369,
	7.64222 -0.697701,
	7.64141 -0.699867,
	7.64019 -0.704199,
	7.63856 -0.706364,
	7.63775 -0.707447,
	7.63613 -0.711779,
	7.63532 -0.713945,
	7.63504 -0.714487,
	7.6341 -0.71557,
	7.63356 -0.716111,
	7.63328 -0.716382,
	7.63328 -0.718548,
	7.63328 -0.719631,
	7.63328 -0.720172,
	7.62882 -0.728836,
	7.62665 -0.733168,
	7.62543 -0.735334,
	7.61839 -0.743998,
	7.61487 -0.748329,
	7.61108 -0.752661,
	7.60919 -0.754827,
	7.60838 -0.75591,
	7.60784 -0.758076,
	7.60702 -0.760242,
	7.60445 -0.764574,
	7.60296 -0.76674,
	7.59552 -0.775404,
	7.59403 -0.777569,
	7.59349 -0.779735,
	7.59322 -0.780818,
	7.59294 -0.78136,
	7.59186 -0.782307,
	7.59132 -0.782849,
	7.59105 -0.78339,
	7.59064 -0.785556,
	7.59037 -0.786639,
	7.58848 -0.788805,
	7.58794 -0.790971,
	7.58767 -0.792054,
	7.58577 -0.79422,
	7.58509 -0.796386,
	7.58469 -0.797469,
	7.58455 -0.79801,
	7.58306 -0.800176,
	7.58225 -0.801259,
	7.5614 -0.870569,
	7.56073 -0.872735,
	7.5587 -0.877067,
	7.54963 -0.894394,
	7.54502 -0.903058,
	7.53717 -0.920386,
	7.53514 -0.924717,
	7.53284 -0.929049,
	7.51768 -0.946377,
	7.51578 -0.948543,
	7.51497 -0.949626,
	7.51389 -0.950709,
	7.50428 -0.968036,
	7.50374 -0.969119,
	7.50184 -0.971285,
	7.5013 -0.975617,
	7.50103 -0.977783,
	7.49805 -0.986447,
	7.49751 -0.990778,
	7.49724 -0.992944,
	7.49629 -0.99511,
	7.49575 -0.996193,
	7.49548 -0.996735,
	7.49494 -1.0054,
	7.49467 -1.00973,
	7.49453 -1.01081,
	7.49453 -1.01135,
	7.49345 -1.01352,
	7.49291 -1.0146,
	7.49223 -1.03193,
	7.49196 -1.04059,
	7.49182 -1.04493,
	7.4925 -1.05359,
	7.49277 -1.05792,
	7.49426 -1.06659,
	7.49507 -1.07092,
	7.49548 -1.07308,
	7.49602 -1.08175,
	7.49629 -1.08608,
	7.49643 -1.08716,
	7.49534 -1.09583,
	7.4948 -1.09799,
	7.49453 -1.09907,
	7.49453 -1.10016,
	7.49439 -1.1007,
	7.49345 -1.10178,
	7.49291 -1.10232,
	7.49142 -1.10666,
	7.48979 -1.10882,
	7.48898 -1.1099,
	7.4883 -1.11207,
	7.48803 -1.11315,
	7.48546 -1.11749,
	7.48411 -1.11965,
	7.48059 -1.12832,
	7.47774 -1.13265,
	7.47571 -1.13698,
	7.47233 -1.14564,
	7.47084 -1.14997,
	7.46867 -1.15864,
	7.46773 -1.16297,
	7.46719 -1.16514,
	7.46651 -1.1738,
	7.46624 -1.17813,
	7.46624 -1.18246,
	7.46624 -1.18463,
	7.46624 -1.18517,
	7.46624 -1.18544,
	"/>
</Transform>

<Transform dim="1"
 xcoef=" -0.539558176660806 1 0 0 0 0"
 ycoef=" -0.0671450175400114 0 1 0 0 0">
<Contour name="d01_INC" hidden="false" closed="true" simplified="false" border="1 0 0" fill="1 0 0" mode="-13"
 points="4.85716 0.225983,
	4.86983 0.208244,
	4.85716 0.190504,
	4.86476 0.190504,
	4.8749 0.205709,
	4.88504 0.190504,
	4.89264 0.190504,
	4.87997 0.208244,
	4.89264 0.225983,
	4.88504 0.225983,
	4.8749 0.210778,
	4.86476 0.225983,
	"/>
</Transform>

<Transform dim="1"
 xcoef=" -0.539558176660806 1 0 0 0 0"
 ycoef=" -0.0671450175400114 0 1 0 0 0">
<Contour name="d05_INC" hidden="false" closed="true" simplified="false" border="1 0 0" fill="1 0 0" mode="-13"
 points="6.36547 2.97374,
	6.38886 2.941,
	6.36547 2.90825,
	6.37951 2.90825,
	6.39822 2.93632,
	6.41693 2.90825,
	6.43096 2.90825,
	6.40757 2.941,
	6.43096 2.97374,
	6.41693 2.97374,
	6.39822 2.94568,
	6.37951 2.97374,
	"/>
</Transform>

<Transform dim="1"
 xcoef=" -0.539558176660806 1 0 0 0 0"
 ycoef=" -0.0671450175400114 0 1 0 0 0">
<Contour name="d01_COPY_centroid" hidden="false" closed="true" simplified="true" border="1 1 0" fill="1 1 0" mode="11"
 points="4.14344 0.404403,
	4.14667 0.391505,
	4.14747 0.385056,
	4.14667 0.372158,
	4.14909 0.35926,
	4.1507 0.333464,
	4.1515 0.320566,
	4.15312 0.314117,
	4.14586 0.288321,
	4.14425 0.281872,
	4.14344 0.268974,
	4.14425 0.262525,
	4.14909 0.249627,
	4.15795 0.236729,
	4.16198 0.23028,
	4.1644 0.223831,
	4.16198 0.210933,
	4.16118 0.207709,
	4.16924 0.181913,
	4.17569 0.156117,
	4.17649 0.152892,
	4.17649 0.15128,
	4.18536 0.139188,
	4.18214 0.139188,
	4.18052 0.139188,
	4.17891 0.135964,
	4.17811 0.134352,
	4.18617 0.108556,
	4.18778 0.102107,
	4.18697 0.0763107,
	4.18778 0.0730863,
	4.191 0.0698618,
	4.19262 0.0634128,
	4.19262 0.0618005,
	4.21841 0.044872,
	4.22486 0.0400352,
	4.22889 0.0343924,
	4.2305 0.0311679,
	4.23373 0.0287495,
	4.23534 0.0271373,
	4.23615 0.0142393,
	4.23695 0.00779032,
	4.23937 0.00134134,
	4.2426 -0.00188315,
	4.24501 -0.0276791,
	4.24743 -0.040577,
	4.24824 -0.047026,
	4.24904 -0.0502505,
	4.23776 -0.101842,
	4.23453 -0.11474,
	4.2297 -0.127638,
	4.2168 -0.153434,
	4.20874 -0.166332,
	4.2039 -0.192128,
	4.2031 -0.198577,
	4.19181 -0.224373,
	4.18939 -0.230822,
	4.17327 -0.256618,
	4.17004 -0.263067,
	4.16521 -0.288863,
	4.16198 -0.314659,
	4.15957 -0.327557,
	4.16118 -0.353353,
	4.16198 -0.359802,
	4.16198 -0.363026,
	4.17085 -0.388822,
	4.17246 -0.395271,
	4.17327 -0.408169,
	4.17327 -0.411393,
	4.17811 -0.424291,
	4.18697 -0.437189,
	4.19745 -0.450087,
	4.20229 -0.456536,
	4.21519 -0.468628,
	4.21841 -0.471047,
	4.23131 -0.473465,
	4.23776 -0.474271,
	4.25066 -0.478302,
	4.26355 -0.483944,
	4.27 -0.484751,
	4.27323 -0.487975,
	4.29902 -0.493618,
	4.31192 -0.496842,
	4.32482 -0.502485,
	4.32804 -0.504098,
	4.33772 -0.516996,
	4.34981 -0.529087,
	4.35303 -0.532312,
	4.37883 -0.541179,
	4.38528 -0.543598,
	4.3885 -0.544404,
	4.39898 -0.556496,
	4.4014 -0.55972,
	4.40301 -0.561332,
	4.41591 -0.562138,
	4.41914 -0.562945,
	4.42559 -0.560526,
	4.43203 -0.556496,
	4.43526 -0.550047,
	4.43768 -0.524251,
	4.43768 -0.517802,
	4.43848 -0.514577,
	4.44654 -0.501679,
	4.45219 -0.49523,
	4.45622 -0.488781,
	4.45864 -0.482332,
	4.46428 -0.475883,
	4.47153 -0.462985,
	4.4804 -0.450087,
	4.4933 -0.442026,
	4.49975 -0.437995,
	4.51265 -0.436383,
	4.5191 -0.435577,
	4.54489 -0.427516,
	4.55779 -0.428322,
	4.57069 -0.43074,
	4.57714 -0.431547,
	4.58359 -0.435577,
	4.59648 -0.435577,
	4.60938 -0.433159,
	4.62228 -0.427516,
	4.63518 -0.420261,
	4.64163 -0.41623,
	4.66742 -0.395271,
	4.68032 -0.384791,
	4.68354 -0.382373,
	4.68435 -0.379149,
	4.68435 -0.377536,
	4.68758 -0.375118,
	4.68919 -0.373506,
	4.68838 -0.34771,
	4.68838 -0.341261,
	4.68113 -0.315465,
	4.67871 -0.309016,
	4.6779 -0.305791,
	4.6771 -0.304179,
	4.68274 -0.291281,
	4.68435 -0.288057,
	4.69725 -0.275159,
	4.70128 -0.26871,
	4.71337 -0.242914,
	4.75126 -0.191322,
	4.75368 -0.184873,
	4.75932 -0.17923,
	4.76174 -0.166332,
	4.76416 -0.159883,
	4.77141 -0.146985,
	4.77383 -0.140536,
	4.77544 -0.137312,
	4.78189 -0.130863,
	4.78592 -0.117965,
	4.78834 -0.111516,
	4.78995 -0.108291,
	4.78834 -0.105067,
	4.81414 -0.0945873,
	4.82703 -0.0897505,
	4.83993 -0.0816893,
	4.84316 -0.0792709,
	4.84961 -0.0784648,
	4.8625 -0.0687913,
	4.86895 -0.0639546,
	4.8746 -0.0575056,
	4.87701 -0.0542811,
	4.88024 -0.0413832,
	4.88185 -0.0349342,
	4.89314 -0.0220362,
	4.91893 0.00214747,
	4.93183 0.0134332,
	4.93506 0.0174638,
	4.93586 0.0432597,
	4.92941 0.146443,
	4.92941 0.152892,
	4.92538 0.178688,
	4.92296 0.191586,
	4.92216 0.198035,
	4.92054 0.199648,
	4.91893 0.212545,
	4.91571 0.225443,
	4.91571 0.238341,
	4.9141 0.24479,
	4.9141 0.250433,
	4.91248 0.259301,
	4.89878 0.310892,
	4.89152 0.336688,
	4.88749 0.349586,
	4.87379 0.375382,
	4.86653 0.38828,
	4.85767 0.401178,
	4.84719 0.41327,
	4.83429 0.42375,
	4.82784 0.42778,
	4.82139 0.430199,
	4.80849 0.432617,
	4.7827 0.432617,
	4.77625 0.431005,
	4.7698 0.426974,
	4.7569 0.414076,
	4.75045 0.408433,
	4.74723 0.406015,
	4.74723 0.40279,
	4.73514 0.393923,
	4.73272 0.391505,
	4.72788 0.397954,
	4.72143 0.40279,
	4.70853 0.410046,
	4.68274 0.417301,
	4.66984 0.420525,
	4.65694 0.426168,
	4.65372 0.42778,
	4.64727 0.428586,
	4.64082 0.433423,
	4.61502 0.44229,
	4.60213 0.447127,
	4.59568 0.450352,
	4.56988 0.451158,
	4.55698 0.45277,
	4.54409 0.455995,
	4.53119 0.46325,
	4.52474 0.466474,
	4.50055 0.491464,
	4.49411 0.497107,
	4.48121 0.501944,
	4.46831 0.503556,
	4.44251 0.504362,
	4.41672 0.501944,
	4.40382 0.500331,
	4.39092 0.504362,
	4.37802 0.510005,
	4.35223 0.508392,
	4.33933 0.507586,
	4.31353 0.503556,
	4.28774 0.501137,
	4.26194 0.496301,
	4.24904 0.493882,
	4.2426 0.49227,
	4.2168 0.489852,
	4.21035 0.489046,
	4.18455 0.479372,
	4.17166 0.473729,
	4.16843 0.471311,
	4.16763 0.468086,
	4.16763 0.466474,
	4.1644 0.464056,
	4.16279 0.462443,
	4.16037 0.449546,
	4.15876 0.443097,
	4.15553 0.436648,
	4.14586 0.42375,
	4.14425 0.420525,
	4.14344 0.407627,
	4.14344 0.405209,
	"/>
</Transform>

<Transform dim="1"
 xcoef=" -0.539558176660806 1 0 0 0 0"
 ycoef=" -0.0671450175400114 0 1 0 0 0">
<Contour name="d01_centroid_S198" hidden="false" closed="true" simplified="false" border="1 0 0" fill="0 1 0" mode="11"
 points="4.49727 0.0357596,
	4.49727 0.0328301,
	4.5002 0.0299007,
	4.50313 0.0299007,
	4.50606 0.0328301,
	4.50606 0.0357596,
	4.50313 0.0386891,
	4.5002 0.0386891,
	"/>
</Transform>

<Transform dim="1"
 xcoef=" -0.489558176660806 1 0 0 0 0"
 ycoef=" -0.0671450175400114 0 1 0 0 0">
<Contour name="d01p30" hidden="false" closed="true" simplified="false" border="1 0 0" fill="1 0 0" mode="-13"
 points="4.86912 0.143749,
	4.86798 0.121139,
	4.89345 0.12127,
	4.89231 0.0986611,
	4.91779 0.0987918,
	4.91893 0.1214,
	4.94441 0.121531,
	4.94555 0.144141,
	4.92007 0.14401,
	4.92122 0.166619,
	4.89574 0.166488,
	4.8946 0.143879,
	"/>
</Transform>

<Transform dim="1"
 xcoef=" -0.539558176660806 1 0 0 0 0"
 ycoef=" -0.0671450175400114 0 1 0 0 0">
<Contour name="d01" hidden="false" closed="true" simplified="true" border="1 1 0" fill="0 1 0" mode="11"
 points="4.1431 0.266992,
	4.14709 0.255384,
	4.14963 0.24958,
	4.15289 0.243776,
	4.15688 0.237971,
	4.16015 0.232167,
	4.1616 0.229265,
	4.16377 0.226363,
	4.1645 0.224912,
	4.16232 0.213304,
	4.1616 0.210402,
	4.16124 0.208951,
	4.16776 0.185734,
	4.17176 0.174125,
	4.17429 0.162517,
	4.17538 0.156713,
	4.17611 0.153811,
	4.17647 0.15236,
	4.18082 0.146556,
	4.18445 0.140751,
	4.18518 0.139663,
	4.18228 0.1393,
	4.18082 0.1393,
	4.17901 0.136398,
	4.17828 0.134947,
	4.18518 0.11173,
	4.18663 0.105926,
	4.18772 0.103024,
	4.18699 0.0798075,
	4.18663 0.0740033,
	4.18917 0.071464,
	4.19062 0.0700129,
	4.19134 0.0685619,
	4.19243 0.0627577,
	4.19425 0.0602184,
	4.21746 0.0446196,
	4.22327 0.040992,
	4.22617 0.0391782,
	4.22943 0.0337368,
	4.23342 0.0279326,
	4.23451 0.0264816,
	4.23633 0.0148732,
	4.23705 0.00906903,
	4.23778 0.00616694,
	4.23778 0.0047159,
	4.2385 0.00326485,
	4.2385 0.00253933,
	4.24141 -0.000362761,
	4.24286 -0.00145105,
	4.24503 -0.0246678,
	4.2454 -0.030472,
	4.24757 -0.0420803,
	4.24866 -0.0478845,
	4.24939 -0.0507866,
	4.23923 -0.09722,
	4.23633 -0.108828,
	4.23524 -0.114633,
	4.22436 -0.137849,
	4.21891 -0.149458,
	4.21166 -0.161066,
	4.20985 -0.163968,
	4.20912 -0.165419,
	4.2044 -0.188636,
	4.20368 -0.19444,
	4.19969 -0.206048,
	4.19026 -0.229265,
	4.18735 -0.235069,
	4.17321 -0.258286,
	4.1703 -0.26409,
	4.16232 -0.310524,
	4.16015 -0.322132,
	4.15942 -0.327936,
	4.15906 -0.330838,
	4.16124 -0.354055,
	4.16124 -0.356957,
	4.1674 -0.380174,
	4.17103 -0.391782,
	4.17212 -0.394684,
	4.17284 -0.406293,
	4.17321 -0.409195,
	4.17756 -0.420803,
	4.17937 -0.426607,
	4.19715 -0.449824,
	4.20186 -0.455628,
	4.20404 -0.45853,
	4.21565 -0.46905,
	4.21855 -0.47159,
	4.23016 -0.473404,
	4.23596 -0.474492,
	4.23887 -0.474855,
	4.25047 -0.478482,
	4.25338 -0.479208,
	4.25918 -0.481747,
	4.26208 -0.483198,
	4.26498 -0.483924,
	4.26789 -0.483924,
	4.26861 -0.483924,
	4.27151 -0.486826,
	4.27297 -0.487914,
	4.29618 -0.493355,
	4.30779 -0.495895,
	4.3194 -0.500248,
	4.3252 -0.502787,
	4.32665 -0.503513,
	4.33572 -0.515121,
	4.34697 -0.525641,
	4.35277 -0.531083,
	4.35568 -0.532896,
	4.37889 -0.54124,
	4.3847 -0.543054,
	4.3876 -0.543779,
	4.3905 -0.545593,
	4.40029 -0.557201,
	4.40175 -0.558652,
	4.40247 -0.560103,
	4.40537 -0.561192,
	4.41698 -0.562643,
	4.41988 -0.563006,
	4.42061 -0.563368,
	4.42641 -0.560103,
	4.43222 -0.556113,
	4.43548 -0.550309,
	4.4373 -0.527092,
	4.43838 -0.515484,
	4.44528 -0.503875,
	4.44927 -0.498071,
	4.45217 -0.495169,
	4.45616 -0.489365,
	4.45689 -0.486463,
	4.45689 -0.485012,
	4.45761 -0.483561,
	4.46305 -0.477757,
	4.4645 -0.476306,
	4.46704 -0.470501,
	4.46813 -0.467599,
	4.47647 -0.455991,
	4.48047 -0.450187,
	4.49207 -0.442569,
	4.49788 -0.439304,
	4.50078 -0.437853,
	4.50368 -0.437127,
	4.51529 -0.436039,
	4.53851 -0.429509,
	4.54431 -0.427696,
	4.54721 -0.427333,
	4.55882 -0.428784,
	4.57043 -0.43096,
	4.57623 -0.431323,
	4.57769 -0.431323,
	4.58349 -0.435314,
	4.5951 -0.435314,
	4.6009 -0.435314,
	4.61251 -0.431686,
	4.61541 -0.43096,
	4.62702 -0.425156,
	4.63282 -0.421891,
	4.63573 -0.42044,
	4.64153 -0.41645,
	4.64443 -0.414636,
	4.66765 -0.395773,
	4.67926 -0.385978,
	4.68216 -0.383439,
	4.68361 -0.382713,
	4.68434 -0.379811,
	4.68434 -0.37836,
	4.68434 -0.377635,
	4.68724 -0.375458,
	4.68869 -0.374007,
	4.68942 -0.373281,
	4.68905 -0.350065,
	4.68905 -0.34426,
	4.68905 -0.341358,
	4.68143 -0.318142,
	4.67781 -0.306533,
	4.67744 -0.305082,
	4.67708 -0.304357,
	4.68252 -0.292748,
	4.68543 -0.286944,
	4.69667 -0.275336,
	4.69957 -0.272434,
	4.71046 -0.249217,
	4.713 -0.243413,
	4.71445 -0.240511,
	4.74963 -0.194077,
	4.75181 -0.191175,
	4.75362 -0.185371,
	4.75399 -0.18392,
	4.75653 -0.181018,
	4.75907 -0.178841,
	4.76015 -0.175939,
	4.76233 -0.164331,
	4.76233 -0.16288,
	4.76886 -0.151271,
	4.77213 -0.145467,
	4.77466 -0.139663,
	4.77466 -0.138938,
	4.77938 -0.133133,
	4.78192 -0.130231,
	4.78591 -0.118623,
	4.78664 -0.115721,
	4.7899 -0.109917,
	4.79026 -0.109191,
	4.78881 -0.106289,
	4.78845 -0.105564,
	4.78954 -0.104475,
	4.81275 -0.0954062,
	4.82436 -0.0906903,
	4.83017 -0.0877882,
	4.84178 -0.0798075,
	4.84468 -0.0779937,
	4.84758 -0.0779937,
	4.84903 -0.0779937,
	4.86064 -0.0696502,
	4.86644 -0.065297,
	4.87225 -0.0598556,
	4.87479 -0.0569535,
	4.8766 -0.0540514,
	4.88023 -0.0424431,
	4.88132 -0.0366389,
	4.88168 -0.0351878,
	4.8864 -0.0293837,
	4.89728 -0.0181381,
	4.92049 0.00326485,
	4.9263 0.00870627,
	4.92884 0.0145105,
	4.93138 0.0261188,
	4.93247 0.031923,
	4.93283 0.0377272,
	4.93501 0.0493355,
	4.93609 0.0551397,
	4.93609 0.0580418,
	4.94008 0.0812585,
	4.94008 0.0841606,
	4.94371 0.107377,
	4.94444 0.113182,
	4.94516 0.159615,
	4.94444 0.171223,
	4.94407 0.177028,
	4.94045 0.200244,
	4.93972 0.206048,
	4.939 0.208951,
	4.92775 0.232167,
	4.92485 0.237971,
	4.92086 0.243776,
	4.91614 0.249217,
	4.91433 0.252119,
	4.88857 0.344986,
	4.8864 0.35079,
	4.87479 0.374007,
	4.87152 0.379811,
	4.85592 0.403028,
	4.8523 0.408832,
	4.84685 0.413911,
	4.84105 0.418264,
	4.83815 0.420803,
	4.82654 0.428421,
	4.81493 0.43096,
	4.80913 0.432411,
	4.78591 0.432411,
	4.78011 0.432411,
	4.7743 0.429872,
	4.7714 0.428058,
	4.76995 0.427333,
	4.75834 0.415724,
	4.75254 0.410283,
	4.74963 0.408106,
	4.74818 0.406655,
	4.74709 0.403753,
	4.74673 0.402302,
	4.74673 0.401577,
	4.74093 0.397586,
	4.73803 0.395773,
	4.73657 0.395047,
	4.73367 0.392508,
	4.73258 0.391419,
	4.72787 0.397224,
	4.72678 0.398675,
	4.71517 0.405567,
	4.70937 0.409195,
	4.68615 0.415724,
	4.67454 0.419352,
	4.66874 0.421166,
	4.65713 0.426607,
	4.65423 0.427696,
	4.64842 0.428058,
	4.64262 0.432049,
	4.63972 0.433863,
	4.6165 0.441843,
	4.60489 0.445471,
	4.59909 0.447647,
	4.59619 0.449099,
	4.59038 0.450187,
	4.56717 0.451275,
	4.56136 0.451638,
	4.55846 0.451638,
	4.54685 0.455628,
	4.54105 0.457442,
	4.52944 0.463972,
	4.52363 0.467237,
	4.50151 0.490091,
	4.49606 0.495532,
	4.49316 0.497346,
	4.48155 0.501336,
	4.47575 0.502424,
	4.45253 0.503875,
	4.44673 0.504238,
	4.42351 0.502424,
	4.41771 0.501699,
	4.41481 0.501699,
	4.409 0.500611,
	4.4032 0.500248,
	4.39159 0.503875,
	4.37998 0.508591,
	4.37708 0.510042,
	4.35386 0.508591,
	4.34225 0.507503,
	4.33645 0.50714,
	4.31323 0.50315,
	4.30162 0.502062,
	4.29002 0.501699,
	4.28421 0.501699,
	4.26099 0.49662,
	4.24939 0.493718,
	4.22617 0.490816,
	4.21456 0.489365,
	4.21166 0.489002,
	4.18844 0.480296,
	4.17683 0.475943,
	4.17393 0.474855,
	4.17103 0.473041,
	4.16813 0.470501,
	4.1674 0.467599,
	4.1674 0.466148,
	4.1645 0.463609,
	4.16305 0.462158,
	4.16232 0.460707,
	4.16051 0.449099,
	4.1587 0.443294,
	4.15797 0.440392,
	4.15652 0.43749,
	4.14745 0.425882,
	4.14527 0.42298,
	4.14419 0.420078,
	4.14346 0.408469,
	4.14382 0.402665,
	4.14672 0.391057,
	4.14709 0.385253,
	4.14636 0.373644,
	4.14854 0.362036,
	4.14999 0.356232,
	4.15072 0.333015,
	4.15108 0.321407,
	4.15253 0.315602,
	4.15289 0.314151,
	4.14636 0.290935,
	4.14455 0.28513,
	4.14346 0.273522,
	4.1431 0.267718,
	4.1431 0.267355,
	"/>
</Transform>

<Transform dim="1"
 xcoef=" -0.539558176660806 1 0 0 0 0"
 ycoef=" -0.0671450175400114 0 1 0 0 0">
<Contour name="d01_sp30" hidden="false" closed="true" simplified="true" border="1 1 0" fill="1 1 0" mode="11"
 points="4.92786 0.0103646,
	4.93494 0.0165605,
	4.93671 0.0178882,
	4.9376 0.0214288,
	4.9376 0.0223139,
	4.94335 0.029395,
	4.94557 0.0329356,
	4.94645 0.0364761,
	4.94866 0.0400167,
	4.9615 0.0541789,
	4.96504 0.0577194,
	4.96681 0.0594897,
	4.98097 0.0608174,
	4.99513 0.0639154,
	5.02346 0.0718816,
	5.03762 0.0767499,
	5.04116 0.0780776,
	5.04293 0.0789627,
	5.04647 0.0820607,
	5.05355 0.083831,
	5.05709 0.0851587,
	5.06417 0.0895844,
	5.06771 0.0913547,
	5.09604 0.100649,
	5.10312 0.103304,
	5.11728 0.110828,
	5.13144 0.116581,
	5.13853 0.118794,
	5.1403 0.119679,
	5.15446 0.121007,
	5.158 0.121449,
	5.21465 0.1095,
	5.22881 0.106402,
	5.23235 0.105517,
	5.289 0.10773,
	5.31732 0.108172,
	5.3244 0.108172,
	5.33857 0.115696,
	5.34211 0.117466,
	5.34919 0.12322,
	5.35096 0.124547,
	5.36512 0.121449,
	5.36866 0.120564,
	5.38282 0.110828,
	5.38636 0.108615,
	5.40053 0.103747,
	5.40407 0.102419,
	5.41823 0.105074,
	5.42177 0.105959,
	5.42354 0.106402,
	5.4377 0.115696,
	5.44124 0.117024,
	5.45541 0.118794,
	5.45895 0.119236,
	5.47311 0.116139,
	5.47665 0.115253,
	5.48373 0.111713,
	5.4855 0.110828,
	5.51382 0.112598,
	5.52091 0.113041,
	5.52445 0.113483,
	5.53861 0.118794,
	5.54215 0.120122,
	5.55631 0.128973,
	5.55808 0.129858,
	5.58641 0.133399,
	5.59349 0.134284,
	5.59526 0.134284,
	5.60942 0.142693,
	5.62358 0.152872,
	5.63066 0.158183,
	5.64482 0.160395,
	5.65191 0.161281,
	5.65899 0.163051,
	5.67315 0.173672,
	5.67625 0.176328,
	5.68067 0.19049,
	5.68156 0.191818,
	5.69572 0.196686,
	5.69926 0.198014,
	5.70413 0.204652,
	5.70501 0.206423,
	5.7059 0.220585,
	5.7059 0.222355,
	5.70059 0.236517,
	5.69882 0.240058,
	5.68775 0.25422,
	5.68421 0.257318,
	5.6851 0.27148,
	5.6851 0.27325,
	5.70015 0.301575,
	5.70678 0.315737,
	5.7121 0.329899,
	5.71519 0.33698,
	5.71741 0.344061,
	5.73024 0.40071,
	5.73422 0.429035,
	5.73555 0.443197,
	5.73599 0.450278,
	5.73599 0.453819,
	5.74883 0.510467,
	5.75104 0.52463,
	5.75148 0.531711,
	5.75148 0.535251,
	5.7537 0.542332,
	5.75458 0.544103,
	5.76874 0.558265,
	5.77051 0.560035,
	5.77096 0.561805,
	5.76963 0.575968,
	5.77007 0.579508,
	5.76963 0.581278,
	5.74662 0.609603,
	5.74396 0.613143,
	5.71564 0.635714,
	5.7121 0.638812,
	5.71032 0.64014,
	5.69395 0.668464,
	5.69218 0.672005,
	5.68112 0.686167,
	5.66695 0.691478,
	5.66341 0.692363,
	5.66164 0.692806,
	5.63332 0.687495,
	5.62624 0.686167,
	5.59791 0.684397,
	5.59083 0.683954,
	5.58729 0.684397,
	5.55897 0.694133,
	5.55189 0.696346,
	5.53772 0.695904,
	5.53418 0.695904,
	5.52002 0.69015,
	5.51648 0.68838,
	5.51294 0.687937,
	5.51117 0.687937,
	5.51028 0.687937,
	5.48196 0.661826,
	5.47886 0.658728,
	5.47222 0.644566,
	5.47134 0.642795,
	5.45718 0.628633,
	5.42885 0.611816,
	5.42177 0.607832,
	5.40761 0.602964,
	5.40053 0.600309,
	5.3722 0.585261,
	5.36512 0.581721,
	5.3368 0.571099,
	5.32263 0.565346,
	5.31555 0.562248,
	5.31201 0.56092,
	5.31024 0.560035,
	5.3067 0.560035,
	5.30582 0.560035,
	5.30228 0.556937,
	5.24563 0.533038,
	5.23147 0.526842,
	5.22792 0.525515,
	5.22084 0.520646,
	5.19252 0.496305,
	5.16729 0.467981,
	5.13941 0.441869,
	5.13587 0.438771,
	5.1341 0.437001,
	5.12879 0.422839,
	5.12835 0.421068,
	5.12171 0.4162,
	5.11463 0.410447,
	5.11374 0.409562,
	5.11374 0.406021,
	5.11064 0.404251,
	5.10887 0.403366,
	5.10666 0.396285,
	5.08719 0.36796,
	5.08276 0.360879,
	5.07126 0.332555,
	5.06683 0.318392,
	5.06417 0.311311,
	5.06329 0.307771,
	5.06285 0.306001,
	5.05223 0.291838,
	5.04957 0.288298,
	5.03541 0.275906,
	5.02833 0.26971,
	5.02479 0.267497,
	5.01062 0.264842,
	4.99646 0.261301,
	4.96814 0.247139,
	4.96106 0.243598,
	4.93273 0.239173,
	4.92565 0.242271,
	4.92211 0.244483,
	4.92034 0.245811,
	4.91945 0.245811,
	4.92034 0.242271,
	4.92122 0.2405,
	4.92167 0.23696,
	4.92167 0.236075,
	4.92255 0.23519,
	4.92609 0.221027,
	4.92786 0.213946,
	4.92919 0.210406,
	4.93008 0.208635,
	4.93096 0.201554,
	4.93185 0.199784,
	4.93317 0.192703,
	4.9345 0.189162,
	4.9345 0.187392,
	4.93539 0.185622,
	4.93848 0.157297,
	4.93804 0.143135,
	4.93804 0.136054,
	4.93494 0.10773,
	4.93494 0.100649,
	4.93317 0.0864864,
	4.93273 0.0794053,
	4.9314 0.0723242,
	4.93052 0.058162,
	4.92963 0.0546214,
	4.92919 0.0404592,
	4.92698 0.0121348,
	4.92698 0.0103646,
	"/>
</Transform>

<Transform dim="1"
 xcoef=" -0.539558176660806 1 0 0 0 0"
 ycoef=" -0.0671450175400114 0 1 0 0 0">
<Contour name="d03_sp22" hidden="false" closed="true" simplified="true" border="1 1 0" fill="1 1 0" mode="11"
 points="6.31608 0.49983,
	6.32395 0.478737,
	6.32585 0.457612,
	6.35052 0.415469,
	6.36434 0.394405,
	6.37002 0.38915,
	6.37247 0.378596,
	6.3894 0.36019,
	6.43638 0.347222,
	6.4602 0.347344,
	6.48348 0.336897,
	6.48943 0.336927,
	6.49512 0.331673,
	6.59162 0.355945,
	6.64073 0.385257,
	6.68944 0.406641,
	6.71095 0.419961,
	6.73273 0.438565,
	6.74491 0.443911,
	6.76847 0.438748,
	6.79229 0.438871,
	6.8042 0.438932,
	6.85264 0.455031,
	6.85913 0.465633,
	6.86535 0.470947,
	6.86344 0.492073,
	6.85776 0.497328,
	6.85531 0.507882,
	6.81239 0.542006,
	6.76893 0.565558,
	6.76622 0.570829,
	6.76026 0.570798,
	6.71382 0.594336,
	6.70217 0.59956,
	6.69026 0.599499,
	6.66685 0.607304,
	6.62379 0.638784,
	6.60063 0.651876,
	6.55339 0.659558,
	6.54174 0.664782,
	6.49398 0.661895,
	6.47002 0.65913,
	6.44579 0.651081,
	6.43375 0.648377,
	6.42441 0.640403,
	6.41846 0.640373,
	6.39383 0.624395,
	6.36218 0.587248,
	6.35867 0.576662,
	6.32973 0.534244,
	6.31675 0.513043,
	6.31621 0.502473,
	"/>
</Transform>

<Transform dim="1"
 xcoef=" -0.539558176660806 1 0 0 0 0"
 ycoef=" -0.0671450175400114 0 1 0 0 0">
<Contour name="d03_sp21" hidden="false" closed="true" simplified="true" border="1 1 0" fill="1 1 0" mode="11"
 points="6.95851 -1.51259,
	6.97246 -1.53101,
	6.99575 -1.54146,
	7.00144 -1.5467,
	7.04868 -1.55439,
	7.07251 -1.55427,
	7.12068 -1.54345,
	7.14463 -1.5407,
	7.15641 -1.54327,
	7.17063 -1.5564,
	7.17036 -1.56169,
	7.1873 -1.5801,
	7.19409 -1.62233,
	7.19493 -1.6646,
	7.18684 -1.7069,
	7.18279 -1.72806,
	7.17278 -1.74925,
	7.16629 -1.75985,
	7.16603 -1.76513,
	7.15994 -1.76781,
	7.15482 -1.81011,
	7.1478 -1.83128,
	7.14726 -1.84185,
	7.14699 -1.84713,
	7.16379 -1.86817,
	7.1753 -1.87604,
	7.19899 -1.87856,
	7.22308 -1.87315,
	7.23526 -1.86781,
	7.25419 -1.84658,
	7.2577 -1.836,
	7.26392 -1.83068,
	7.27499 -1.78835,
	7.28523 -1.70376,
	7.2963 -1.66144,
	7.2976 -1.57689,
	7.29081 -1.53466,
	7.2721 -1.49249,
	7.26425 -1.47139,
	7.24434 -1.453,
	7.23038 -1.43458,
	7.19056 -1.39779,
	7.17039 -1.3847,
	7.14697 -1.37689,
	7.12314 -1.37701,
	7.11123 -1.37707,
	7.06213 -1.40638,
	7.04981 -1.41437,
	7.04386 -1.4144,
	7.03763 -1.41971,
	7.01354 -1.42512,
	6.98905 -1.43846,
	6.97661 -1.44909,
	6.96362 -1.47029,
	6.95864 -1.50995,
	"/>
</Transform>

<Transform dim="1"
 xcoef=" -0.539558176660806 1 0 0 0 0"
 ycoef=" -0.0671450175400114 0 1 0 0 0">
<Contour name="d03p23" hidden="false" closed="true" simplified="false" border="1 0 0" fill="1 0 0" mode="-13"
 points="7.21535 -0.674951,
	7.23528 -0.674951,
	7.22532 -0.656684,
	"/>
</Transform>

<Transform dim="1"
 xcoef=" -0.539558176660806 1 0 0 0 0"
 ycoef=" -0.0671450175400114 0 1 0 0 0">
<Contour name="d03_p23_INC" hidden="false" closed="true" simplified="false" border="1 0 0" fill="1 0 0" mode="-13"
 points="7.25687 -0.650041,
	7.26517 -0.661666,
	7.25687 -0.67329,
	7.26185 -0.67329,
	7.26849 -0.663326,
	7.27514 -0.67329,
	7.28012 -0.67329,
	7.27181 -0.661666,
	7.28012 -0.650041,
	7.27514 -0.650041,
	7.26849 -0.660005,
	7.26185 -0.650041,
	"/>
</Transform>

<Transform dim="1"
 xcoef=" -0.539558176660806 1 0 0 0 0"
 ycoef=" -0.0671450175400114 0 1 0 0 0">
<Contour name="d05_p24_INC" hidden="false" closed="true" simplified="false" border="1 0 0" fill="1 0 0" mode="-13"
 points="6.33081 2.91886,
	6.34071 2.90501,
	6.33081 2.89115,
	6.33675 2.89115,
	6.34467 2.90303,
	6.35259 2.89115,
	6.35853 2.89115,
	6.34863 2.90501,
	6.35853 2.91886,
	6.35259 2.91886,
	6.34467 2.90699,
	6.33675 2.91886,
	"/>
</Transform>

<Transform dim="1"
 xcoef=" -0.539558176660806 1 0 0 0 0"
 ycoef=" -0.0671450175400114 0 1 0 0 0">
<Contour name="d05p24" hidden="false" closed="true" simplified="false" border="1 0 0" fill="1 0 0" mode="-13"
 points="6.34665 2.83572,
	6.37041 2.83572,
	6.35853 2.85749,
	"/>
</Transform>

<Transform dim="1"
 xcoef=" -0.539558176660806 1 0 0 0 0"
 ycoef=" -0.0671450175400114 0 1 0 0 0">
<Contour name="d05_sp20" hidden="false" closed="true" simplified="true" border="1 1 0" fill="0 1 0" mode="11"
 points="6.26223 1.76727,
	6.27242 1.73356,
	6.27199 1.7251,
	6.28931 1.69142,
	6.29321 1.67456,
	6.31302 1.643,
	6.32882 1.6262,
	6.34775 1.62418,
	6.38635 1.63494,
	6.40569 1.64137,
	6.42484 1.64358,
	6.46279 1.64166,
	6.50021 1.62919,
	6.51871 1.61873,
	6.55613 1.60626,
	6.59408 1.60434,
	6.63289 1.61931,
	6.65257 1.63208,
	6.67204 1.64062,
	6.71159 1.67038,
	6.74423 1.70431,
	6.76259 1.73818,
	6.76344 1.75506,
	6.79065 1.82275,
	6.80663 1.8566,
	6.81939 1.87355,
	6.83689 1.89053,
	6.87602 1.91183,
	6.89569 1.9246,
	6.90532 1.92676,
	6.92488 1.93741,
	6.94238 1.95438,
	6.95514 1.97134,
	6.96873 2.00518,
	6.97155 2.01363,
	7.00656 2.04758,
	7.0192 2.06242,
	7.02914 2.07091,
	7.07041 2.13444,
	7.11189 2.2022,
	7.12787 2.23605,
	7.12958 2.26983,
	7.1352 2.28674,
	7.13691 2.32052,
	7.13776 2.33741,
	7.12995 2.37114,
	7.11501 2.40483,
	7.10483 2.43855,
	7.08902 2.45535,
	7.07983 2.46164,
	7.04209 2.46778,
	7.00381 2.46336,
	6.96521 2.45261,
	6.95549 2.44834,
	6.91721 2.44392,
	6.89828 2.44594,
	6.88898 2.4501,
	6.88746 2.46699,
	6.90276 2.5346,
	6.91637 2.56844,
	6.9168 2.57688,
	6.92198 2.58535,
	6.92131 2.61912,
	6.91979 2.636,
	6.91351 2.65286,
	6.91155 2.66129,
	6.89338 2.67807,
	6.87445 2.68009,
	6.83532 2.65878,
	6.77481 2.59093,
	6.73568 2.56962,
	6.71611 2.55897,
	6.69633 2.54409,
	6.68649 2.53771,
	6.68131 2.52924,
	6.64229 2.51004,
	6.62272 2.4994,
	6.60759 2.48243,
	6.56803 2.45268,
	6.55809 2.44419,
	6.55529 2.43573,
	6.55507 2.43151,
	6.51778 2.39966,
	6.49466 2.36577,
	6.4763 2.3319,
	6.46594 2.31496,
	6.4333 2.28102,
	6.42292 2.26409,
	6.41732 2.24717,
	6.41213 2.23871,
	6.4117 2.23026,
	6.38858 2.19638,
	6.38059 2.17945,
	6.37413 2.14564,
	6.36614 2.12872,
	6.34862 2.11174,
	6.32789 2.07787,
	6.31904 2.04405,
	6.32099 2.03562,
	6.313 2.01869,
	6.30025 2.00175,
	6.29226 1.98482,
	6.28903 1.96792,
	6.29208 1.93417,
	6.27914 1.86656,
	6.27872 1.85811,
	6.27073 1.84119,
	6.26425 1.80738,
	6.26255 1.77361,
	6.26233 1.76938,
	"/>
</Transform>

<Transform dim="1"
 xcoef=" -0.539558176660806 1 0 0 0 0"
 ycoef=" -0.0671450175400114 0 1 0 0 0">
<Contour name="d05" hidden="false" closed="true" simplified="true" border="1 1 0" fill="0 1 0" mode="11"
 points="6.14535 3.26431,
	6.15244 3.24162,
	6.15634 3.23027,
	6.18612 3.18489,
	6.18967 3.17922,
	6.1925 3.17354,
	6.19321 3.17212,
	6.2159 3.15262,
	6.22725 3.1427,
	6.23009 3.14022,
	6.23434 3.13454,
	6.23576 3.13312,
	6.23718 3.12178,
	6.23753 3.11611,
	6.23895 3.11043,
	6.23966 3.1076,
	6.24108 3.10476,
	6.24888 3.09342,
	6.25065 3.09058,
	6.25171 3.08491,
	6.25278 3.08207,
	6.25455 3.07923,
	6.25916 3.07356,
	6.26164 3.07072,
	6.26554 3.06505,
	6.26731 3.05938,
	6.26838 3.05654,
	6.27299 3.05087,
	6.27476 3.04803,
	6.28185 3.02534,
	6.28504 3.014,
	6.28469 3.01116,
	6.29142 2.99982,
	6.29355 2.99698,
	6.29603 2.99131,
	6.29958 2.96862,
	6.30135 2.95727,
	6.30241 2.94592,
	6.30312 2.94025,
	6.30454 2.93458,
	6.30383 2.93174,
	6.30277 2.93032,
	6.30277 2.92962,
	6.3017 2.9282,
	6.30099 2.92536,
	6.30135 2.91402,
	6.30241 2.90834,
	6.30241 2.90692,
	6.30454 2.90125,
	6.30738 2.88991,
	6.31092 2.87856,
	6.31199 2.87289,
	6.31943 2.8502,
	6.32475 2.83885,
	6.32617 2.83601,
	6.32723 2.8346,
	6.32723 2.83389,
	6.32829 2.83247,
	6.329 2.82963,
	6.33042 2.8268,
	6.33149 2.82538,
	6.33149 2.82467,
	6.33432 2.82183,
	6.33716 2.81971,
	6.34 2.81829,
	6.34567 2.81687,
	6.35134 2.81651,
	6.35418 2.81651,
	6.3556 2.81687,
	6.35843 2.81864,
	6.36978 2.81864,
	6.37545 2.81864,
	6.3868 2.81616,
	6.39247 2.8151,
	6.41516 2.81439,
	6.4265 2.81155,
	6.43218 2.81049,
	6.44352 2.81191,
	6.4492 2.81261,
	6.46054 2.81829,
	6.47189 2.82502,
	6.47756 2.82999,
	6.4804 2.83211,
	6.48323 2.83211,
	6.48465 2.83211,
	6.49032 2.83637,
	6.51301 2.83779,
	6.52436 2.83814,
	6.53003 2.83885,
	6.5357 2.84027,
	6.53854 2.84133,
	6.56123 2.86367,
	6.57258 2.87466,
	6.58818 2.89735,
	6.59562 2.9087,
	6.60484 2.93139,
	6.60945 2.94273,
	6.60839 2.95408,
	6.60803 2.95975,
	6.61406 2.98244,
	6.6176 2.99379,
	6.62895 3.00478,
	6.63462 3.01045,
	6.65731 3.02286,
	6.66866 3.02889,
	6.67433 3.03243,
	6.69702 3.05477,
	6.70837 3.06612,
	6.72503 3.08881,
	6.73319 3.10015,
	6.73709 3.10547,
	6.75978 3.11788,
	6.77112 3.12426,
	6.7768 3.1271,
	6.79949 3.1349,
	6.81083 3.1388,
	6.83352 3.14802,
	6.85621 3.14979,
	6.86756 3.15014,
	6.8704 3.1505,
	6.87323 3.15014,
	6.87891 3.14766,
	6.88174 3.14589,
	6.88316 3.14482,
	6.88351 3.14447,
	6.89486 3.15546,
	6.90053 3.16078,
	6.9016 3.1622,
	6.90337 3.16787,
	6.90408 3.16929,
	6.90053 3.19198,
	6.89841 3.20332,
	6.89451 3.21467,
	6.89238 3.22034,
	6.89025 3.24303,
	6.88919 3.25438,
	6.8821 3.27707,
	6.87891 3.28842,
	6.87536 3.31111,
	6.87323 3.32245,
	6.87181 3.32813,
	6.87146 3.32954,
	6.87359 3.34089,
	6.87642 3.35223,
	6.87749 3.35507,
	6.88281 3.36003,
	6.88848 3.38273,
	6.89131 3.39407,
	6.89415 3.41676,
	6.89557 3.42811,
	6.89451 3.43945,
	6.89415 3.44513,
	6.89451 3.4508,
	6.8938 3.45363,
	6.88812 3.46498,
	6.88671 3.46782,
	6.88422 3.4703,
	6.87288 3.4781,
	6.86756 3.48235,
	6.86862 3.50504,
	6.86898 3.51639,
	6.86295 3.52773,
	6.85976 3.53341,
	6.83707 3.55397,
	6.82572 3.56461,
	6.80303 3.58092,
	6.79736 3.58446,
	6.79169 3.58623,
	6.78885 3.58659,
	6.78743 3.58694,
	6.76616 3.60928,
	6.76084 3.61495,
	6.75836 3.61779,
	6.75552 3.61921,
	6.74418 3.62169,
	6.7385 3.62275,
	6.72716 3.62275,
	6.72149 3.62275,
	6.71014 3.62027,
	6.6988 3.61708,
	6.69312 3.6146,
	6.69029 3.61389,
	6.6676 3.61708,
	6.66192 3.61814,
	6.65909 3.61814,
	6.65767 3.6185,
	6.63498 3.638,
	6.62363 3.64793,
	6.6208 3.65041,
	6.61512 3.65395,
	6.61229 3.65537,
	6.60094 3.65714,
	6.57825 3.65963,
	6.57541 3.65998,
	6.574 3.65998,
	6.56265 3.66494,
	6.55698 3.66778,
	6.54563 3.66849,
	6.50025 3.6692,
	6.47756 3.66991,
	6.47189 3.66991,
	6.47047 3.66991,
	6.44778 3.66282,
	6.43643 3.65892,
	6.43076 3.65714,
	6.38538 3.63693,
	6.36269 3.62701,
	6.35701 3.62417,
	6.34567 3.62098,
	6.34 3.6185,
	6.32865 3.61247,
	6.32298 3.60893,
	6.31163 3.60006,
	6.30596 3.59545,
	6.30312 3.59297,
	6.23505 3.50221,
	6.22689 3.49086,
	6.21449 3.46817,
	6.21129 3.4625,
	6.20917 3.45683,
	6.20349 3.43413,
	6.20208 3.42846,
	6.19959 3.42279,
	6.18719 3.4001,
	6.18399 3.39443,
	6.18258 3.39159,
	6.17052 3.34621,
	6.16449 3.32352,
	6.15067 3.30083,
	6.1496 3.29941,
	6.14854 3.29373,
	6.14606 3.27104,
	6.14535 3.26537,
	6.14535 3.26466,
	"/>
</Transform>

<Transform dim="1"
 xcoef=" -0.539558176660806 1 0 0 0 0"
 ycoef=" -0.0671450175400114 0 1 0 0 0">
<Contour name="d05_sp24" hidden="false" closed="true" simplified="true" border="1 1 0" fill="1 1 0" mode="11"
 points="5.70044 3.54169,
	5.71214 3.519,
	5.71781 3.50766,
	5.73128 3.46227,
	5.73837 3.43958,
	5.74121 3.43391,
	5.74227 3.43107,
	5.74156 3.41973,
	5.74688 3.41583,
	5.74972 3.4137,
	5.75078 3.41264,
	5.75362 3.40129,
	5.75468 3.39562,
	5.75575 3.35024,
	5.7561 3.32755,
	5.76 3.30485,
	5.76142 3.29351,
	5.76106 3.28216,
	5.76071 3.27933,
	5.76071 3.27791,
	5.77064 3.25522,
	5.7756 3.24387,
	5.78801 3.19849,
	5.79085 3.18715,
	5.79262 3.18147,
	5.79652 3.15878,
	5.79829 3.14744,
	5.79936 3.14176,
	5.80645 3.11907,
	5.80822 3.1134,
	5.80999 3.10205,
	5.81212 3.07936,
	5.81247 3.07653,
	5.80964 3.05384,
	5.80822 3.04249,
	5.80928 2.99711,
	5.80964 2.97442,
	5.81318 2.95173,
	5.81496 2.94038,
	5.81779 2.92904,
	5.81815 2.9262,
	5.82914 2.90351,
	5.85254 2.85813,
	5.85396 2.85529,
	5.85679 2.84394,
	5.86211 2.8326,
	5.8653 2.82693,
	5.86707 2.82444,
	5.87842 2.81629,
	5.88409 2.81239,
	5.88551 2.81168,
	5.89118 2.81062,
	5.89402 2.81026,
	5.89686 2.80778,
	5.89827 2.80636,
	5.92096 2.80601,
	5.93231 2.80601,
	5.955 2.80849,
	5.97769 2.81594,
	6.00038 2.82728,
	6.01173 2.83295,
	6.01456 2.83402,
	6.05995 2.83544,
	6.08264 2.83614,
	6.08831 2.8365,
	6.17907 2.82976,
	6.20177 2.8287,
	6.2046 2.8287,
	6.22729 2.82232,
	6.23864 2.81913,
	6.24998 2.81735,
	6.27267 2.81487,
	6.27835 2.81416,
	6.32373 2.817,
	6.33507 2.81735,
	6.34075 2.81771,
	6.34252 2.81877,
	6.34217 2.84146,
	6.34146 2.84714,
	6.33827 2.85848,
	6.3372 2.86132,
	6.33685 2.86274,
	6.33614 2.86344,
	6.33543 2.86628,
	6.33188 2.87195,
	6.33153 2.87337,
	6.33047 2.87479,
	6.32834 2.88046,
	6.32727 2.8833,
	6.32692 2.88472,
	6.32586 2.88614,
	6.3255 2.88755,
	6.32231 2.89323,
	6.32018 2.89606,
	6.31877 2.8989,
	6.31806 2.90032,
	6.31735 2.90103,
	6.31735 2.90174,
	6.31557 2.90457,
	6.31522 2.90599,
	6.31451 2.9067,
	6.31238 2.91237,
	6.31167 2.91308,
	6.31061 2.91556,
	6.30423 2.92691,
	6.30317 2.92833,
	6.30246 2.92833,
	6.29856 2.91698,
	6.29005 2.90564,
	6.28544 2.90032,
	6.27409 2.89287,
	6.26842 2.88897,
	6.26558 2.88755,
	6.24289 2.88153,
	6.23155 2.87834,
	6.22587 2.87692,
	6.21453 2.87585,
	6.20886 2.87514,
	6.20318 2.87373,
	6.20035 2.87337,
	6.19893 2.87302,
	6.18758 2.87692,
	6.18191 2.87869,
	6.18049 2.87904,
	6.1578 2.89323,
	6.14646 2.90032,
	6.14362 2.90209,
	6.13227 2.90599,
	6.1266 2.90776,
	6.11526 2.91273,
	6.11242 2.91273,
	6.111 2.91273,
	6.10533 2.91627,
	6.10249 2.9184,
	6.09115 2.92159,
	6.08547 2.92549,
	6.08264 2.92762,
	6.06952 2.95031,
	6.06314 2.96165,
	6.0564 2.98435,
	6.05463 2.99002,
	6.05392 2.99285,
	6.05321 2.99427,
	6.05569 3.03965,
	6.05676 3.06235,
	6.06101 3.08504,
	6.06207 3.09071,
	6.06278 3.09355,
	6.06278 3.09496,
	6.07484 3.11765,
	6.08122 3.129,
	6.08867 3.15169,
	6.09221 3.16304,
	6.09469 3.17438,
	6.09576 3.18005,
	6.10107 3.1914,
	6.10391 3.19707,
	6.10604 3.20842,
	6.1071 3.21409,
	6.11242 3.22544,
	6.11526 3.23111,
	6.12554 3.27649,
	6.1305 3.29918,
	6.13582 3.31053,
	6.1383 3.3162,
	6.14043 3.32755,
	6.14149 3.33322,
	6.14362 3.33889,
	6.14397 3.34031,
	6.15248 3.35165,
	6.15674 3.35733,
	6.16206 3.36867,
	6.16489 3.37435,
	6.1656 3.37718,
	6.16915 3.42256,
	6.17127 3.44526,
	6.17411 3.46795,
	6.17588 3.47929,
	6.18191 3.50198,
	6.18333 3.50766,
	6.18404 3.51049,
	6.18439 3.51616,
	6.18475 3.519,
	6.20779 3.56438,
	6.21914 3.58707,
	6.23155 3.60976,
	6.23757 3.62111,
	6.24112 3.63246,
	6.24183 3.63529,
	6.24254 3.63671,
	6.24147 3.64806,
	6.24112 3.65373,
	6.23864 3.6594,
	6.23722 3.66224,
	6.23155 3.6672,
	6.22871 3.66968,
	6.22729 3.67075,
	6.21595 3.66933,
	6.21027 3.66897,
	6.20886 3.66862,
	6.20318 3.66436,
	6.19184 3.66188,
	6.18617 3.66046,
	6.18475 3.66011,
	6.17907 3.65586,
	6.16773 3.65727,
	6.16206 3.65798,
	6.16064 3.65798,
	6.14929 3.66295,
	6.14362 3.66543,
	6.14114 3.6672,
	6.12447 3.68989,
	6.11667 3.70124,
	6.111 3.71258,
	6.10958 3.71542,
	6.10887 3.71684,
	6.10994 3.73953,
	6.11029 3.75087,
	6.10852 3.77356,
	6.10746 3.78491,
	6.10214 3.8076,
	6.10072 3.81327,
	6.10001 3.81611,
	6.09966 3.81753,
	6.08937 3.82887,
	6.08406 3.83455,
	6.07271 3.84235,
	6.06704 3.84625,
	6.05569 3.85157,
	6.05002 3.8544,
	6.04718 3.85582,
	6.03584 3.85547,
	6.03016 3.85547,
	6.02733 3.85547,
	6.01598 3.85298,
	6.01031 3.85157,
	6.00747 3.8505,
	5.98478 3.83703,
	5.97344 3.83029,
	5.96776 3.82675,
	5.95642 3.81824,
	5.95075 3.81363,
	5.94933 3.81256,
	5.94578 3.80689,
	5.94401 3.80406,
	5.92132 3.78704,
	5.90997 3.77853,
	5.9043 3.77427,
	5.87168 3.72889,
	5.85573 3.7062,
	5.84509 3.68351,
	5.83906 3.67216,
	5.8341 3.66649,
	5.83304 3.66507,
	5.82169 3.6594,
	5.81602 3.65656,
	5.8146 3.65586,
	5.80893 3.65479,
	5.80609 3.65408,
	5.79475 3.64345,
	5.78907 3.63777,
	5.7834 3.63281,
	5.78163 3.62714,
	5.78056 3.6243,
	5.7756 3.61863,
	5.77312 3.61579,
	5.77135 3.61012,
	5.77028 3.60728,
	5.76177 3.59594,
	5.75752 3.59026,
	5.75185 3.5853,
	5.74901 3.58353,
	5.72632 3.5775,
	5.71497 3.57431,
	5.71214 3.5736,
	5.70717 3.56828,
	5.70469 3.56545,
	5.70398 3.56474,
	5.70186 3.55339,
	5.70079 3.54772,
	5.70044 3.54205,
	"/>
</Transform>

</Section>