<?xml version="1.0"?>
<!DOCTYPE Section SYSTEM "section.dtd">

<Section index="145" thickness="0.052" alignLocked="true">
<Transform dim="1"
 xcoef=" 10.9569146942792 1 0 0 0 0"
 ycoef=" 11.3858812507204 0 1 0 0 0">
<Contour name="D020" hidden="false" closed="true" simplified="true" border="0 0 1" fill="0 0 1" mode="13"
 points="20.8931 17.3344,
	20.8937 17.3198,
	20.8955 17.3052,
	20.8986 17.291,
	20.9028 17.2771,
	20.9082 17.2638,
	20.9146 17.2512,
	20.9221 17.2393,
	20.9305 17.2283,
	20.9399 17.2183,
	20.95 17.2094,
	20.9608 17.2016,
	20.9722 17.1951,
	20.9841 17.1899,
	20.9964 17.1861,
	21.0089 17.1836,
	21.0216 17.1825,
	21.0343 17.1829,
	21.0469 17.1847,
	21.0594 17.1878,
	21.0715 17.1924,
	21.0831 17.1982,
	21.0942 17.2054,
	21.1047 17.2137,
	21.1144 17.2232,
	21.1233 17.2337,
	21.1313 17.2451,
	21.1383 17.2574,
	21.1442 17.2704,
	21.149 17.284,
	21.1526 17.2981,
	21.1551 17.3125,
	21.1563 17.3271,
	21.1563 17.3418,
	21.1551 17.3564,
	21.1526 17.3708,
	21.149 17.3848,
	21.1442 17.3984,
	21.1383 17.4114,
	21.1313 17.4237,
	21.1233 17.4352,
	21.1144 17.4457,
	21.1047 17.4551,
	21.0942 17.4635,
	21.0831 17.4706,
	21.0715 17.4765,
	21.0594 17.481,
	21.0469 17.4842,
	21.0343 17.486,
	21.0216 17.4863,
	21.0089 17.4852,
	20.9964 17.4828,
	20.9841 17.4789,
	20.9722 17.4737,
	20.9608 17.4672,
	20.95 17.4595,
	20.9399 17.4505,
	20.9305 17.4405,
	20.9221 17.4296,
	20.9146 17.4177,
	20.9082 17.405,
	20.9028 17.3917,
	20.8986 17.3779,
	20.8955 17.3636,
	20.8937 17.3491,
	"/>
</Transform>

<Transform dim="1"
 xcoef=" 0.0969146942792249 1 0 0 0 0"
 ycoef=" 0.53588125072042 0 1 0 0 0">
<Contour name="D052 " hidden="false" closed="true" simplified="true" border="0 0 1" fill="0 0 1" mode="13"
 points="5.97959 -0.664239,
	5.98079 -0.680429,
	5.98436 -0.696273,
	5.99022 -0.711435,
	5.99826 -0.725591,
	6.0083 -0.73844,
	6.02012 -0.749706,
	6.03347 -0.759152,
	6.04808 -0.766574,
	6.06362 -0.771816,
	6.07977 -0.774764,
	6.09618 -0.775357,
	6.1125 -0.773582,
	6.12839 -0.769476,
	6.14351 -0.763127,
	6.15752 -0.75467,
	6.17015 -0.744287,
	6.1811 -0.732197,
	6.19017 -0.718658,
	6.19714 -0.70396,
	6.20187 -0.688415,
	6.20426 -0.672355,
	6.20426 -0.656122,
	6.20187 -0.640062,
	6.19714 -0.624517,
	6.19017 -0.609819,
	6.1811 -0.596281,
	6.17015 -0.584191,
	6.15752 -0.573807,
	6.14351 -0.565351,
	6.12839 -0.559002,
	6.1125 -0.554896,
	6.09618 -0.553121,
	6.07977 -0.553713,
	6.06362 -0.556662,
	6.04808 -0.561903,
	6.03347 -0.569326,
	6.02012 -0.578771,
	6.0083 -0.590038,
	5.99826 -0.602886,
	5.99022 -0.617042,
	5.98436 -0.632204,
	5.98079 -0.648049,
	"/>
</Transform>

<Transform dim="1"
 xcoef=" 0.0969146942792249 1 0 0 0 0"
 ycoef=" 0.53588125072042 0 1 0 0 0">
<Contour name="D054" hidden="false" closed="true" simplified="true" border="0 0 1" fill="0 0 1" mode="13"
 points="1.38096 1.03683,
	1.38129 1.02645,
	1.38227 1.01614,
	1.3839 1.00594,
	1.38617 0.995915,
	1.38906 0.986122,
	1.39257 0.976616,
	1.39666 0.967451,
	1.40132 0.958678,
	1.40652 0.950348,
	1.41223 0.942507,
	1.41842 0.9352,
	1.42506 0.928469,
	1.43209 0.92235,
	1.4395 0.91688,
	1.44723 0.912088,
	1.45524 0.908002,
	1.46348 0.904646,
	1.47192 0.902037,
	1.48049 0.900191,
	1.48916 0.899119,
	1.49787 0.898826,
	1.50657 0.899314,
	1.51522 0.900581,
	1.52376 0.902618,
	1.53215 0.905415,
	1.54034 0.908956,
	1.54829 0.913221,
	1.55594 0.918185,
	1.56326 0.92382,
	1.5702 0.930095,
	1.57673 0.936975,
	1.5828 0.944419,
	1.58839 0.952386,
	1.59345 0.960832,
	1.59797 0.969707,
	1.60192 0.978962,
	1.60528 0.988545,
	1.60801 0.998401,
	1.61012 1.00847,
	1.61159 1.01871,
	1.61241 1.02905,
	1.61257 1.03943,
	1.61208 1.04979,
	1.61094 1.06008,
	1.60915 1.07025,
	1.60672 1.08022,
	1.60367 1.08994,
	1.60002 1.09937,
	1.59578 1.10844,
	1.59099 1.11711,
	1.58565 1.12532,
	1.57982 1.13303,
	1.57352 1.1402,
	1.56678 1.14678,
	1.55964 1.15274,
	1.55215 1.15804,
	1.54435 1.16266,
	1.53628 1.16657,
	1.52798 1.16974,
	1.51951 1.17216,
	1.5109 1.17381,
	1.50222 1.17469,
	1.49351 1.17478,
	1.48482 1.1741,
	1.47619 1.17264,
	1.46768 1.17041,
	1.45934 1.16743,
	1.4512 1.1637,
	1.44333 1.15926,
	1.43575 1.15413,
	1.42853 1.14833,
	1.42169 1.1419,
	1.41527 1.13488,
	1.40931 1.1273,
	1.40385 1.1192,
	1.39892 1.11065,
	1.39454 1.10167,
	1.39074 1.09233,
	1.38754 1.08267,
	1.38495 1.07276,
	1.383 1.06264,
	1.3817 1.05237,
	"/>
</Transform>

<Transform dim="1"
 xcoef=" 0.0969146942792249 1 0 0 0 0"
 ycoef=" 0.53588125072042 0 1 0 0 0">
<Contour name="D019" hidden="false" closed="true" simplified="true" border="0 0 1" fill="0 0 1" mode="13"
 points="4.26877 5.19012,
	4.27001 5.1736,
	4.27369 5.15743,
	4.27975 5.14197,
	4.28805 5.12757,
	4.2984 5.11453,
	4.31058 5.10314,
	4.32432 5.09365,
	4.33933 5.08626,
	4.35528 5.08114,
	4.37182 5.0784,
	4.38858 5.07809,
	4.40521 5.08023,
	4.42134 5.08476,
	4.43662 5.0916,
	4.45071 5.10058,
	4.46331 5.11152,
	4.47414 5.12417,
	4.48297 5.13826,
	4.4896 5.15348,
	4.49389 5.16951,
	4.49574 5.18598,
	4.49512 5.20254,
	4.49204 5.21883,
	4.48657 5.2345,
	4.47882 5.24919,
	4.46896 5.2626,
	4.45721 5.27443,
	4.44383 5.28442,
	4.42911 5.29235,
	4.41336 5.29805,
	4.39694 5.30139,
	4.3802 5.30231,
	4.3635 5.30078,
	4.34721 5.29684,
	4.33169 5.29057,
	4.31727 5.2821,
	4.30427 5.27164,
	4.29298 5.25939,
	4.28363 5.24563,
	4.27643 5.23066,
	4.27155 5.2148,
	"/>
</Transform>

<Transform dim="1"
 xcoef=" 0.0969146942792249 1 0 0 0 0"
 ycoef=" 0.53588125072042 0 1 0 0 0">
<Contour name="D021" hidden="false" closed="true" simplified="true" border="0 0 1" fill="0 0 1" mode="13"
 points="6.12703 7.68831,
	6.1282 7.67148,
	6.13171 7.655,
	6.13747 7.63924,
	6.14537 7.62452,
	6.15522 7.61116,
	6.16683 7.59945,
	6.17995 7.58963,
	6.19429 7.58191,
	6.20956 7.57646,
	6.22542 7.5734,
	6.24153 7.57278,
	6.25756 7.57463,
	6.27317 7.5789,
	6.28801 7.5855,
	6.30178 7.59429,
	6.31417 7.60508,
	6.32493 7.61765,
	6.33383 7.63173,
	6.34068 7.64701,
	6.34533 7.66317,
	6.34767 7.67987,
	6.34767 7.69675,
	6.34533 7.71345,
	6.34068 7.72961,
	6.33383 7.74489,
	6.32493 7.75897,
	6.31417 7.77154,
	6.30178 7.78233,
	6.28801 7.79113,
	6.27317 7.79773,
	6.25756 7.802,
	6.24153 7.80384,
	6.22542 7.80323,
	6.20956 7.80016,
	6.19429 7.79471,
	6.17995 7.78699,
	6.16683 7.77717,
	6.15522 7.76546,
	6.14537 7.7521,
	6.13747 7.73738,
	6.13171 7.72162,
	6.1282 7.70514,
	"/>
</Transform>

<Transform dim="1"
 xcoef=" 0.0969146942792249 1 0 0 0 0"
 ycoef=" 0.53588125072042 0 1 0 0 0">
<Contour name="D025" hidden="false" closed="true" simplified="true" border="0 0 1" fill="0 0 1" mode="13"
 points="3.97029 4.75227,
	3.97083 4.73944,
	3.97244 4.72681,
	3.97511 4.71461,
	3.97878 4.70302,
	3.98339 4.69224,
	3.98888 4.68245,
	3.99514 4.6738,
	4.00208 4.66645,
	4.00958 4.6605,
	4.01751 4.65606,
	4.02576 4.65319,
	4.03418 4.65196,
	4.04264 4.65237,
	4.05099 4.65442,
	4.05909 4.65808,
	4.06683 4.66329,
	4.07406 4.66996,
	4.08068 4.67797,
	4.08656 4.68721,
	4.09162 4.69752,
	4.09577 4.70873,
	4.09894 4.72065,
	4.10109 4.73309,
	4.10217 4.74584,
	4.10217 4.7587,
	4.10109 4.77146,
	4.09894 4.7839,
	4.09577 4.79582,
	4.09162 4.80702,
	4.08656 4.81733,
	4.08068 4.82657,
	4.07406 4.83459,
	4.06683 4.84125,
	4.05909 4.84646,
	4.05099 4.85012,
	4.04264 4.85217,
	4.03418 4.85258,
	4.02576 4.85135,
	4.01751 4.84849,
	4.00958 4.84404,
	4.00208 4.8381,
	3.99514 4.83074,
	3.98888 4.82209,
	3.98339 4.8123,
	3.97878 4.80152,
	3.97511 4.78993,
	3.97244 4.77773,
	3.97083 4.76511,
	"/>
</Transform>

<Transform dim="1"
 xcoef=" 0.0969146942792249 1 0 0 0 0"
 ycoef=" 0.53588125072042 0 1 0 0 0">
<Contour name="D028" hidden="false" closed="true" simplified="true" border="0 0 1" fill="0 0 1" mode="13"
 points="6.6096 6.85206,
	6.60991 6.84465,
	6.61083 6.83729,
	6.61237 6.83005,
	6.61449 6.82299,
	6.6172 6.81615,
	6.62046 6.80959,
	6.62426 6.80336,
	6.62856 6.79752,
	6.63333 6.7921,
	6.63853 6.78715,
	6.64412 6.78271,
	6.65005 6.77881,
	6.65629 6.77548,
	6.66278 6.77276,
	6.66948 6.77065,
	6.67632 6.76919,
	6.68325 6.76837,
	6.69023 6.7682,
	6.69719 6.76869,
	6.70409 6.76984,
	6.71086 6.77163,
	6.71746 6.77405,
	6.72383 6.77707,
	6.72992 6.78069,
	6.73569 6.78486,
	6.74109 6.78956,
	6.74608 6.79475,
	6.75062 6.80039,
	6.75467 6.80643,
	6.75821 6.81283,
	6.76119 6.81954,
	6.76361 6.8265,
	6.76544 6.83366,
	6.76667 6.84096,
	6.76729 6.84835,
	6.76729 6.85577,
	6.76667 6.86317,
	6.76544 6.87047,
	6.76361 6.87763,
	6.76119 6.88459,
	6.75821 6.8913,
	6.75467 6.8977,
	6.75062 6.90374,
	6.74608 6.90938,
	6.74109 6.91456,
	6.73569 6.91926,
	6.72992 6.92344,
	6.72383 6.92705,
	6.71746 6.93008,
	6.71086 6.9325,
	6.70409 6.93429,
	6.69719 6.93543,
	6.69023 6.93592,
	6.68325 6.93576,
	6.67632 6.93494,
	6.66948 6.93347,
	6.66278 6.93137,
	6.65629 6.92864,
	6.65005 6.92532,
	6.64412 6.92142,
	6.63853 6.91698,
	6.63333 6.91203,
	6.62856 6.90661,
	6.62426 6.90077,
	6.62046 6.89454,
	6.6172 6.88798,
	6.61449 6.88114,
	6.61237 6.87407,
	6.61083 6.86683,
	"/>
</Transform>

<Transform dim="1"
 xcoef=" 0.0969146942792249 1 0 0 0 0"
 ycoef=" 0.53588125072042 0 1 0 0 0">
<Contour name="D032" hidden="false" closed="true" simplified="true" border="0 0 1" fill="0 0 1" mode="13"
 points="4.26057 -0.811174,
	4.26208 -0.831198,
	4.26653 -0.850519,
	4.27378 -0.868461,
	4.28357 -0.884393,
	4.29556 -0.897757,
	4.30932 -0.908084,
	4.32438 -0.915012,
	4.34021 -0.918298,
	4.35625 -0.917826,
	4.37193 -0.913614,
	4.38672 -0.905808,
	4.40008 -0.894684,
	4.41156 -0.88063,
	4.42074 -0.86414,
	4.42731 -0.845792,
	4.43104 -0.82623,
	4.43179 -0.80614,
	4.42954 -0.786227,
	4.42437 -0.767188,
	4.41646 -0.749693,
	4.40608 -0.734353,
	4.39361 -0.721709,
	4.37947 -0.712202,
	4.36417 -0.706166,
	4.34824 -0.703814,
	4.33224 -0.705228,
	4.31673 -0.710357,
	4.30225 -0.719023,
	4.28931 -0.73092,
	4.27838 -0.745633,
	4.26982 -0.762645,
	4.26394 -0.781358,
	"/>
</Transform>

<Transform dim="1"
 xcoef=" 0.0969146942792249 1 0 0 0 0"
 ycoef=" 0.53588125072042 0 1 0 0 0">
<Contour name="D041" hidden="false" closed="true" simplified="true" border="0 0 1" fill="0 0 1" mode="13"
 points="6.02519 0.199527,
	6.02669 0.188384,
	6.03113 0.177491,
	6.03842 0.167089,
	6.04839 0.157413,
	6.06083 0.148677,
	6.07546 0.141077,
	6.09195 0.134782,
	6.10992 0.129934,
	6.12899 0.126641,
	6.14872 0.124975,
	6.16867 0.124975,
	6.1884 0.126641,
	6.20747 0.129934,
	6.22545 0.134782,
	6.24193 0.141077,
	6.25656 0.148677,
	6.269 0.157413,
	6.27898 0.167089,
	6.28627 0.177491,
	6.29071 0.188384,
	6.2922 0.199527,
	6.29071 0.210669,
	6.28627 0.221563,
	6.27898 0.231964,
	6.269 0.241641,
	6.25656 0.250377,
	6.24193 0.257977,
	6.22545 0.264271,
	6.20747 0.269119,
	6.1884 0.272413,
	6.16867 0.274078,
	6.14872 0.274078,
	6.12899 0.272413,
	6.10992 0.269119,
	6.09195 0.264271,
	6.07546 0.257977,
	6.06083 0.250377,
	6.04839 0.241641,
	6.03842 0.231964,
	6.03113 0.221563,
	"/>
</Transform>

<Transform dim="1"
 xcoef=" 0.0969146942792249 1 0 0 0 0"
 ycoef=" 0.53588125072042 0 1 0 0 0">
<Contour name="D043" hidden="false" closed="true" simplified="true" border="0 0 1" fill="0 0 1" mode="13"
 points="0.982848 8.4957,
	0.983679 8.4826,
	0.986158 8.4697,
	0.990249 8.45717,
	0.995894 8.4452,
	1.00301 8.43397,
	1.01149 8.42364,
	1.02121 8.41437,
	1.03204 8.40627,
	1.04381 8.39949,
	1.05635 8.3941,
	1.06948 8.3902,
	1.08301 8.38783,
	1.09674 8.38704,
	1.11046 8.38783,
	1.12399 8.3902,
	1.13712 8.3941,
	1.14966 8.39949,
	1.16143 8.40627,
	1.17226 8.41437,
	1.18198 8.42364,
	1.19046 8.43397,
	1.19758 8.4452,
	1.20322 8.45717,
	1.20731 8.4697,
	1.20979 8.4826,
	1.21062 8.4957,
	1.20979 8.5088,
	1.20731 8.52171,
	1.20322 8.53423,
	1.19758 8.5462,
	1.19046 8.55743,
	1.18198 8.56776,
	1.17226 8.57704,
	1.16143 8.58513,
	1.14966 8.59192,
	1.13712 8.5973,
	1.12399 8.60121,
	1.11046 8.60357,
	1.09674 8.60436,
	1.08301 8.60357,
	1.06948 8.60121,
	1.05635 8.5973,
	1.04381 8.59192,
	1.03204 8.58513,
	1.02121 8.57704,
	1.01149 8.56776,
	1.00301 8.55743,
	0.995894 8.5462,
	0.990249 8.53423,
	0.986158 8.52171,
	0.983679 8.5088,
	"/>
</Transform>

<Transform dim="1"
 xcoef=" 0.0969146942792249 1 0 0 0 0"
 ycoef=" 0.53588125072042 0 1 0 0 0">
<Contour name="D044" hidden="false" closed="true" simplified="true" border="0 0 1" fill="0 0 1" mode="13"
 points="0.117296 6.93175,
	0.118606 6.91655,
	0.122514 6.90164,
	0.128947 6.88728,
	0.137784 6.87376,
	0.14886 6.86131,
	0.161971 6.85018,
	0.17687 6.84056,
	0.193282 6.83265,
	0.2109 6.82658,
	0.229395 6.82247,
	0.248424 6.82039,
	0.267632 6.82039,
	0.286661 6.82247,
	0.305157 6.82658,
	0.322774 6.83265,
	0.339186 6.84056,
	0.354086 6.85018,
	0.367196 6.86131,
	0.378273 6.87376,
	0.38711 6.88728,
	0.393542 6.90164,
	0.39745 6.91655,
	0.398761 6.93175,
	0.39745 6.94695,
	0.393542 6.96186,
	0.38711 6.97622,
	0.378273 6.98974,
	0.367196 7.00219,
	0.354086 7.01332,
	0.339186 7.02294,
	0.322774 7.03085,
	0.305157 7.03692,
	0.286661 7.04103,
	0.267632 7.0431,
	0.248424 7.0431,
	0.229395 7.04103,
	0.2109 7.03692,
	0.193282 7.03085,
	0.17687 7.02294,
	0.161971 7.01332,
	0.14886 7.00219,
	0.137784 6.98974,
	0.128947 6.97622,
	0.122514 6.96186,
	0.118606 6.94695,
	"/>
</Transform>

<Transform dim="1"
 xcoef=" 0.0969146942792249 1 0 0 0 0"
 ycoef=" 0.53588125072042 0 1 0 0 0">
<Contour name="D045" hidden="false" closed="true" simplified="true" border="0 0 1" fill="0 0 1" mode="13"
 points="2.87652 8.35859,
	2.87739 8.34597,
	2.87999 8.33358,
	2.88426 8.32164,
	2.89015 8.31036,
	2.89753 8.29994,
	2.90628 8.29056,
	2.91625 8.2824,
	2.92724 8.27559,
	2.93908 8.27027,
	2.95154 8.26653,
	2.9644 8.26442,
	2.97744 8.264,
	2.99042 8.26527,
	3.00311 8.2682,
	3.01528 8.27274,
	3.02672 8.27882,
	3.03723 8.28632,
	3.0466 8.29511,
	3.05469 8.30503,
	3.06134 8.3159,
	3.06643 8.32754,
	3.06988 8.33974,
	3.07162 8.35227,
	3.07162 8.36491,
	3.06988 8.37744,
	3.06643 8.38963,
	3.06134 8.40127,
	3.05469 8.41215,
	3.0466 8.42207,
	3.03723 8.43086,
	3.02672 8.43836,
	3.01528 8.44443,
	3.00311 8.44898,
	2.99042 8.45191,
	2.97744 8.45317,
	2.9644 8.45275,
	2.95154 8.45065,
	2.93908 8.4469,
	2.92724 8.44158,
	2.91625 8.43478,
	2.90628 8.42662,
	2.89753 8.41724,
	2.89015 8.40682,
	2.88426 8.39553,
	2.87999 8.38359,
	"/>
</Transform>

<Transform dim="1"
 xcoef=" 0.0969146942792249 1 0 0 0 0"
 ycoef=" 0.53588125072042 0 1 0 0 0">
<Contour name="D046" hidden="false" closed="true" simplified="true" border="0 0 1" fill="0 0 1" mode="13"
 points="12.7051 3.06689,
	12.7068 3.05382,
	12.7117 3.04117,
	12.7198 3.02935,
	12.7307 3.01874,
	12.7441 3.00967,
	12.7596 3.00244,
	12.7766 2.99729,
	12.7947 2.99437,
	12.8133 2.99378,
	12.8316 2.99554,
	12.8493 2.9996,
	12.8656 3.00581,
	12.8801 3.01399,
	12.8923 3.02387,
	12.9019 3.03513,
	12.9084 3.04742,
	12.9117 3.06033,
	12.9117 3.07345,
	12.9084 3.08635,
	12.9019 3.09864,
	12.8923 3.1099,
	12.8801 3.11978,
	12.8656 3.12796,
	12.8493 3.13418,
	12.8316 3.13823,
	12.8133 3.13999,
	12.7947 3.1394,
	12.7766 3.13648,
	12.7596 3.13133,
	12.7441 3.1241,
	12.7307 3.11503,
	12.7198 3.10442,
	12.7117 3.0926,
	"/>
</Transform>

<Transform dim="1"
 xcoef=" 0.0969146942792249 1 0 0 0 0"
 ycoef=" 0.53588125072042 0 1 0 0 0">
<Contour name="D047" hidden="false" closed="true" simplified="true" border="0 0 1" fill="0 0 1" mode="13"
 points="3.02266 6.98308,
	3.02417 6.96012,
	3.02865 6.93781,
	3.03596 6.91681,
	3.04591 6.89771,
	3.05821 6.88107,
	3.07249 6.86737,
	3.08836 6.85699,
	3.10534 6.85024,
	3.12297 6.84731,
	3.14072 6.84829,
	3.15809 6.85315,
	3.17457 6.86174,
	3.1897 6.87383,
	3.20304 6.88905,
	3.2142 6.90699,
	3.22286 6.92711,
	3.22878 6.94884,
	3.23179 6.97156,
	3.23179 6.99461,
	3.22878 7.01733,
	3.22286 7.03906,
	3.2142 7.05918,
	3.20304 7.07711,
	3.1897 7.09234,
	3.17457 7.10443,
	3.15809 7.11302,
	3.14072 7.11788,
	3.12297 7.11885,
	3.10534 7.11593,
	3.08836 7.10918,
	3.07249 7.0988,
	3.05821 7.08509,
	3.04591 7.06845,
	3.03596 7.04936,
	3.02865 7.02836,
	3.02417 7.00605,
	"/>
</Transform>

<Transform dim="1"
 xcoef=" 0.0969146942792249 1 0 0 0 0"
 ycoef=" 0.53588125072042 0 1 0 0 0">
<Contour name="D034" hidden="false" closed="true" simplified="true" border="0 0 1" fill="0 0 1" mode="13"
 points="9.29763 3.53591,
	9.29872 3.52142,
	9.30199 3.50715,
	9.30739 3.49329,
	9.31484 3.48005,
	9.32422 3.46763,
	9.33541 3.45621,
	9.34824 3.44595,
	9.36252 3.43699,
	9.37805 3.42949,
	9.39459 3.42353,
	9.41191 3.41921,
	9.42975 3.41659,
	9.44786 3.41572,
	9.46597 3.41659,
	9.48382 3.41921,
	9.50114 3.42353,
	9.51768 3.42949,
	9.53321 3.43699,
	9.54749 3.44595,
	9.56032 3.45621,
	9.57151 3.46763,
	9.58089 3.48005,
	9.58834 3.49329,
	9.59374 3.50715,
	9.59701 3.52142,
	9.5981 3.53591,
	9.59701 3.5504,
	9.59374 3.56467,
	9.58834 3.57853,
	9.58089 3.59176,
	9.57151 3.60418,
	9.56032 3.61561,
	9.54749 3.62587,
	9.53321 3.63482,
	9.51768 3.64233,
	9.50114 3.64829,
	9.48382 3.65261,
	9.46597 3.65522,
	9.44786 3.6561,
	9.42975 3.65522,
	9.41191 3.65261,
	9.39459 3.64829,
	9.37805 3.64233,
	9.36252 3.63482,
	9.34824 3.62587,
	9.33541 3.61561,
	9.32422 3.60418,
	9.31484 3.59176,
	9.30739 3.57853,
	9.30199 3.56467,
	9.29872 3.5504,
	"/>
</Transform>

<Transform dim="1"
 xcoef=" 0.0969146942792249 1 0 0 0 0"
 ycoef=" 0.53588125072042 0 1 0 0 0">
<Contour name="D035" hidden="false" closed="true" simplified="true" border="0 0 1" fill="0 0 1" mode="13"
 points="7.27118 3.02932,
	7.27166 3.02097,
	7.2731 3.0127,
	7.27548 3.00459,
	7.27878 2.99674,
	7.28296 2.98922,
	7.28799 2.9821,
	7.29381 2.97545,
	7.30036 2.96935,
	7.30758 2.96386,
	7.31539 2.95903,
	7.32372 2.95491,
	7.33248 2.95154,
	7.34158 2.94895,
	7.35094 2.94718,
	7.36045 2.94623,
	7.37002 2.94613,
	7.37955 2.94686,
	7.38895 2.94843,
	7.39813 2.95081,
	7.40698 2.95399,
	7.41543 2.95793,
	7.42338 2.96259,
	7.43075 2.96792,
	7.43748 2.97387,
	7.44348 2.98039,
	7.44871 2.98739,
	7.45311 2.99483,
	7.45663 3.0026,
	7.45925 3.01065,
	7.46092 3.01889,
	7.46164 3.02723,
	7.4614 3.0356,
	7.4602 3.0439,
	7.45806 3.05205,
	7.45498 3.05997,
	7.45102 3.06759,
	7.4462 3.07482,
	7.44057 3.08158,
	7.4342 3.08783,
	7.42714 3.09348,
	7.41947 3.09848,
	7.41126 3.10278,
	7.4026 3.10634,
	7.39357 3.10913,
	7.38427 3.11111,
	7.37479 3.11226,
	7.36523 3.11258,
	7.35568 3.11205,
	7.34623 3.11069,
	7.33699 3.10851,
	7.32805 3.10553,
	7.3195 3.10177,
	7.31142 3.09729,
	7.30389 3.09212,
	7.297 3.08632,
	7.2908 3.07994,
	7.28537 3.07305,
	7.28076 3.06572,
	7.27702 3.05802,
	7.27417 3.05003,
	7.27226 3.04183,
	"/>
</Transform>

<Transform dim="1"
 xcoef=" 0.0969146942792249 1 0 0 0 0"
 ycoef=" 0.53588125072042 0 1 0 0 0">
<Contour name="D039" hidden="false" closed="true" simplified="true" border="0 0 1" fill="0 0 1" mode="13"
 points="7.91639 1.02726,
	7.9171 1.01548,
	7.91925 1.00382,
	7.92281 0.992424,
	7.92773 0.981398,
	7.93397 0.970867,
	7.94145 0.960944,
	7.9501 0.951735,
	7.95983 0.94334,
	7.97052 0.93585,
	7.98207 0.929344,
	7.99434 0.923894,
	8.00722 0.919557,
	8.02055 0.916381,
	8.0342 0.9144,
	8.04801 0.913634,
	8.06184 0.914094,
	8.07554 0.915772,
	8.08897 0.918653,
	8.10197 0.922703,
	8.11441 0.92788,
	8.12615 0.934128,
	8.13707 0.94138,
	8.14705 0.949557,
	8.15597 0.958571,
	8.16376 0.968325,
	8.17031 0.978715,
	8.17557 0.989627,
	8.17947 1.00095,
	8.18197 1.01255,
	8.18305 1.02431,
	8.18269 1.0361,
	8.1809 1.0478,
	8.17769 1.05927,
	8.17311 1.0704,
	8.16719 1.08107,
	8.16002 1.09115,
	8.15165 1.10055,
	8.14218 1.10916,
	8.13172 1.11688,
	8.12037 1.12364,
	8.10827 1.12936,
	8.09553 1.13398,
	8.0823 1.13745,
	8.06872 1.13973,
	8.05493 1.1408,
	8.04109 1.14065,
	8.02734 1.13928,
	8.01383 1.13669,
	8.00071 1.13293,
	7.98812 1.12803,
	7.97619 1.12205,
	7.96506 1.11504,
	7.95483 1.10708,
	7.94563 1.09827,
	7.93756 1.08869,
	7.93069 1.07845,
	7.9251 1.06766,
	7.92086 1.05643,
	7.918 1.04489,
	"/>
</Transform>

<Transform dim="1"
 xcoef=" 0.0969146942792249 1 0 0 0 0"
 ycoef=" 0.53588125072042 0 1 0 0 0">
<Contour name="D049" hidden="false" closed="true" simplified="true" border="0 0 1" fill="0 0 1" mode="13"
 points="10.2787 1.01637,
	10.2795 0.999131,
	10.2819 0.982206,
	10.2858 0.965904,
	10.2911 0.950523,
	10.2978 0.936341,
	10.3057 0.923619,
	10.3148 0.912588,
	10.3247 0.903448,
	10.3354 0.896367,
	10.3467 0.891474,
	10.3583 0.888857,
	10.37 0.888565,
	10.3816 0.890604,
	10.393 0.894934,
	10.4039 0.901479,
	10.414 0.910118,
	10.4233 0.920694,
	10.4315 0.933014,
	10.4385 0.946854,
	10.4442 0.961961,
	10.4485 0.97806,
	10.4512 0.994858,
	10.4524 1.01205,
	10.452 1.02932,
	10.45 1.04635,
	10.4465 1.06283,
	10.4415 1.07847,
	10.4352 1.09298,
	10.4275 1.10609,
	10.4188 1.11756,
	10.409 1.12719,
	10.3985 1.1348,
	10.3874 1.14025,
	10.3758 1.14344,
	10.3641 1.14432,
	10.3524 1.14286,
	10.341 1.1391,
	10.33 1.1331,
	10.3196 1.12497,
	10.3101 1.11486,
	10.3016 1.10296,
	10.2943 1.08947,
	10.2883 1.07466,
	10.2836 1.05878,
	10.2805 1.04213,
	"/>
</Transform>

<Transform dim="1"
 xcoef=" 0.0969146942792249 1 0 0 0 0"
 ycoef=" 0.53588125072042 0 1 0 0 0">
<Contour name="D055" hidden="false" closed="true" simplified="true" border="0 0 1" fill="0 0 1" mode="13"
 points="0.90916 2.92883,
	0.910722 2.91437,
	0.915365 2.90034,
	0.922954 2.88712,
	0.933271 2.8751,
	0.94602 2.86463,
	0.960833 2.85601,
	0.977285 2.84948,
	0.994901 2.84523,
	1.01318 2.84339,
	1.03158 2.844,
	1.0496 2.84706,
	1.06669 2.85247,
	1.08238 2.86007,
	1.09621 2.86966,
	1.10779 2.88094,
	1.11677 2.8936,
	1.12291 2.90728,
	1.12602 2.92157,
	1.12602 2.93608,
	1.12291 2.95037,
	1.11677 2.96405,
	1.10779 2.97671,
	1.09621 2.988,
	1.08238 2.99758,
	1.06669 3.00519,
	1.0496 3.01059,
	1.03158 3.01365,
	1.01318 3.01426,
	0.994901 3.01242,
	0.977285 3.00818,
	0.960833 3.00165,
	0.94602 2.99302,
	0.933271 2.98255,
	0.922954 2.97053,
	0.915365 2.95732,
	0.910722 2.94328,
	"/>
</Transform>

<Transform dim="1"
 xcoef=" 0.0969146942792249 1 0 0 0 0"
 ycoef=" 0.53588125072042 0 1 0 0 0">
<Contour name="d046_o31_branched" hidden="false" closed="true" simplified="false" border="1 0 0" fill="1 0 0" mode="-13"
 points="13.3498 2.95249,
	13.3826 2.95249,
	13.3662 2.98261,
	"/>
</Transform>

<Transform dim="1"
 xcoef=" 0.0969146942792249 1 0 0 0 0"
 ycoef=" 0.53588125072042 0 1 0 0 0">
<Contour name="D057" hidden="false" closed="true" simplified="true" border="0 0 1" fill="0 0 1" mode="11"
 points="6.4512 9.49624,
	6.45274 9.48379,
	6.45734 9.47165,
	6.46487 9.46013,
	6.47515 9.44953,
	6.48791 9.44011,
	6.50284 9.4321,
	6.51955 9.42571,
	6.53762 9.4211,
	6.55661 9.41839,
	6.57602 9.41765,
	6.59537 9.41889,
	6.61417 9.42208,
	6.63195 9.42715,
	6.64825 9.43396,
	6.66267 9.44234,
	6.67484 9.45208,
	6.68445 9.46294,
	6.69126 9.47464,
	6.6951 9.48688,
	6.69588 9.49936,
	6.69356 9.51176,
	6.68822 9.52377,
	6.67998 9.53509,
	6.66905 9.54542,
	6.65572 9.55451,
	6.64031 9.56213,
	6.62322 9.56809,
	6.60487 9.57223,
	6.58573 9.57446,
	6.56629 9.5747,
	6.54703 9.57297,
	6.52844 9.5693,
	6.51099 9.56379,
	6.49512 9.55657,
	6.48124 9.54782,
	6.46968 9.53777,
	6.46075 9.52668,
	6.45467 9.51482,
	"/>
</Transform>

<Transform dim="1"
 xcoef=" 0.0969146942792249 1 0 0 0 0"
 ycoef=" 0.53588125072042 0 1 0 0 0">
<Contour name="D058" hidden="false" closed="true" simplified="true" border="0 0 1" fill="0 0 1" mode="11"
 points="5.38936 11.1386,
	5.39231 11.1189,
	5.40094 11.1006,
	5.4146 11.0852,
	5.43229 11.0737,
	5.4527 11.067,
	5.4743 11.0656,
	5.49551 11.0697,
	5.51473 11.0789,
	5.53056 11.0925,
	5.54181 11.1095,
	5.54766 11.1287,
	5.54766 11.1486,
	5.54181 11.1678,
	5.53056 11.1848,
	5.51473 11.1984,
	5.49551 11.2076,
	5.4743 11.2116,
	5.4527 11.2103,
	5.43229 11.2036,
	5.4146 11.1921,
	5.40094 11.1766,
	5.39231 11.1584,
	"/>
</Transform>

<Transform dim="1"
 xcoef=" 0.0969146942792249 1 0 0 0 0"
 ycoef=" 0.53588125072042 0 1 0 0 0">
<Contour name="D057 ax01" hidden="false" closed="true" simplified="false" border="0 1 1" fill="0 1 1" mode="-9"
 points="3.88705 7.68267,
	3.90291 7.66682,
	3.83948 7.60339,
	3.85534 7.58754,
	3.91876 7.65096,
	3.93462 7.63511,
	3.93462 7.68267,
	"/>
</Transform>

<Transform dim="1"
 xcoef=" 0.0969146942792249 1 0 0 0 0"
 ycoef=" 0.53588125072042 0 1 0 0 0">
<Contour name="D045 sym cand 4" hidden="false" closed="true" simplified="true" border="0 1 1" fill="0 1 1" mode="11"
 points="3.14886 8.36886,
	3.14993 8.33889,
	3.15313 8.30941,
	3.1584 8.28088,
	3.16566 8.25377,
	3.17479 8.22851,
	3.18564 8.20551,
	3.19805 8.18514,
	3.21181 8.16772,
	3.22669 8.15354,
	3.24247 8.14283,
	3.25888 8.13575,
	3.27567 8.13242,
	3.29256 8.1329,
	3.30927 8.13717,
	3.32555 8.14517,
	3.34113 8.15677,
	3.35576 8.17178,
	3.3692 8.18997,
	3.38123 8.21103,
	3.39167 8.23463,
	3.40035 8.26039,
	3.40712 8.2879,
	3.41188 8.31671,
	3.41455 8.34636,
	3.41508 8.37637,
	3.41348 8.40626,
	3.40976 8.43554,
	3.40398 8.46376,
	3.39624 8.49045,
	3.38666 8.51518,
	3.3754 8.53755,
	3.36264 8.55722,
	3.34858 8.57385,
	3.33345 8.58718,
	3.31748 8.597,
	3.30095 8.60315,
	3.28412 8.60553,
	3.26725 8.6041,
	3.25061 8.59889,
	3.23449 8.58997,
	3.21912 8.5775,
	3.20477 8.56167,
	3.19166 8.54274,
	3.18001 8.52101,
	3.17 8.49683,
	3.16178 8.47059,
	3.15551 8.44272,
	3.15127 8.41365,
	"/>
</Transform>

<Transform dim="1"
 xcoef=" 0.0969146942792249 1 0 0 0 0"
 ycoef=" 0.53588125072042 0 1 0 0 0">
<Contour name="d046_p30" hidden="false" closed="true" simplified="true" border="1 1 0" fill="1 1 0" mode="11"
 points="12.5365 4.17632,
	12.539 4.16964,
	12.5398 4.1663,
	12.5415 4.16547,
	12.5423 4.16213,
	12.5473 4.15546,
	12.5531 4.15045,
	12.5565 4.14795,
	12.5598 4.14711,
	12.5615 4.14544,
	12.5648 4.14461,
	12.5665 4.14294,
	12.5798 4.13877,
	12.6065 4.13793,
	12.6333 4.14044,
	12.6466 4.14044,
	12.66 4.13626,
	12.6666 4.13376,
	12.67 4.13126,
	12.6766 4.12875,
	12.6892 4.12124,
	12.7017 4.1154,
	12.7084 4.1129,
	12.715 4.11206,
	12.7217 4.10956,
	12.725 4.10956,
	12.7284 4.10789,
	12.7417 4.10622,
	12.7551 4.10622,
	12.7684 4.10456,
	12.7951 4.09788,
	12.8085 4.09371,
	12.8152 4.09204,
	12.8285 4.0862,
	12.8419 4.08286,
	12.8485 4.08119,
	12.8752 4.08203,
	12.8886 4.08703,
	12.8919 4.0887,
	12.8936 4.0887,
	12.9003 4.09287,
	12.9061 4.09871,
	12.9094 4.10205,
	12.9111 4.10539,
	12.9178 4.11206,
	12.9195 4.11457,
	12.932 4.12542,
	12.942 4.1371,
	12.9453 4.14294,
	12.9503 4.14961,
	12.9537 4.15629,
	12.9562 4.15963,
	12.9612 4.17298,
	12.9603 4.18633,
	12.9578 4.19968,
	12.957 4.20302,
	12.952 4.20886,
	12.9487 4.21136,
	12.947 4.21303,
	12.9336 4.21804,
	12.9203 4.22054,
	12.8936 4.22304,
	12.8802 4.22555,
	12.8736 4.22805,
	12.8469 4.23222,
	12.8202 4.23473,
	12.8168 4.23639,
	12.8102 4.23723,
	12.8068 4.23806,
	12.8051 4.23973,
	12.8018 4.23973,
	12.7751 4.25141,
	12.7618 4.25809,
	12.7551 4.26143,
	12.7417 4.26477,
	12.7384 4.26477,
	12.7351 4.26643,
	12.7084 4.26977,
	12.695 4.27144,
	12.6883 4.27228,
	12.6816 4.27478,
	12.6783 4.27478,
	12.675 4.27645,
	12.6733 4.27645,
	12.6716 4.27812,
	12.6591 4.28396,
	12.6524 4.2873,
	12.6491 4.2898,
	12.6458 4.29063,
	12.6433 4.29314,
	12.6366 4.29564,
	12.6333 4.29731,
	12.6316 4.29898,
	12.6049 4.30482,
	12.5982 4.30565,
	12.5915 4.30816,
	12.5899 4.30816,
	12.5882 4.30982,
	12.5748 4.31233,
	12.5481 4.31149,
	12.5448 4.31066,
	12.5406 4.30398,
	12.539 4.29063,
	12.5398 4.27728,
	12.544 4.26393,
	12.5465 4.25058,
	12.5481 4.2439,
	12.5481 4.23055,
	12.5465 4.22388,
	12.5456 4.22054,
	12.544 4.21887,
	12.5423 4.2122,
	12.5406 4.21053,
	12.5373 4.19718,
	12.5365 4.18383,
	12.5365 4.17715,
	"/>
</Transform>

<Transform dim="1"
 xcoef=" 0.0969146942792249 1 0 0 0 0"
 ycoef=" 0.53588125072042 0 1 0 0 0">
<Contour name="d046" hidden="false" closed="true" simplified="true" border="1 1 0" fill="1 1 0" mode="11"
 points="12.4456 3.26443,
	12.4497 3.25119,
	12.4509 3.24456,
	12.4509 3.24291,
	12.4538 3.23629,
	12.4551 3.23298,
	12.4559 3.22636,
	12.458 3.21974,
	12.4588 3.21643,
	12.4617 3.2098,
	12.4634 3.20649,
	12.4675 3.19325,
	12.4725 3.18001,
	12.4787 3.16677,
	12.4816 3.16346,
	12.4824 3.16263,
	12.4828 3.16097,
	12.4828 3.16015,
	12.4845 3.15932,
	12.4853 3.15601,
	12.4969 3.14277,
	12.5097 3.12994,
	12.523 3.11876,
	12.5296 3.11214,
	12.535 3.10552,
	12.5441 3.09228,
	12.5515 3.07904,
	12.5569 3.07242,
	12.5594 3.06911,
	12.5627 3.0658,
	12.5643 3.06414,
	12.571 3.06042,
	12.5776 3.05752,
	12.5908 3.05338,
	12.5941 3.05255,
	12.6074 3.04552,
	12.6206 3.03766,
	12.6272 3.03352,
	12.6339 3.03021,
	12.6372 3.02897,
	12.6637 3.01241,
	12.667 3.01034,
	12.6798 2.99752,
	12.6827 2.99421,
	12.6868 2.98758,
	12.7133 2.96565,
	12.7266 2.95448,
	12.7332 2.94951,
	12.7365 2.94703,
	12.7497 2.94165,
	12.7563 2.93917,
	12.7597 2.93751,
	12.7613 2.9371,
	12.7621 2.9371,
	12.7688 2.93131,
	12.7721 2.92841,
	12.7779 2.91517,
	12.7808 2.90855,
	12.7824 2.90524,
	12.7837 2.90399,
	12.7903 2.90151,
	12.7969 2.90068,
	12.8035 2.90068,
	12.8101 2.90151,
	12.8168 2.90317,
	12.8201 2.90482,
	12.8466 2.9102,
	12.8532 2.91144,
	12.8598 2.91351,
	12.8664 2.91641,
	12.8697 2.91889,
	12.8764 2.9251,
	12.878 2.92675,
	12.8813 2.92882,
	12.883 2.93006,
	12.8962 2.93379,
	12.9028 2.93627,
	12.9095 2.9371,
	12.9128 2.93793,
	12.9161 2.93958,
	12.9227 2.94124,
	12.9359 2.94248,
	12.9426 2.94331,
	12.9492 2.94206,
	12.9525 2.94165,
	12.9657 2.93669,
	12.969 2.93544,
	12.9707 2.93503,
	12.974 2.93296,
	12.9806 2.93131,
	12.9939 2.92593,
	13.0005 2.92386,
	13.0038 2.92262,
	13.0104 2.92179,
	13.0137 2.92096,
	13.027 2.92013,
	13.0336 2.91972,
	13.0369 2.91972,
	13.0634 2.91351,
	13.0766 2.9073,
	13.08 2.90606,
	13.0804 2.90524,
	13.0837 2.90482,
	13.0903 2.9011,
	13.0969 2.8982,
	13.1035 2.89448,
	13.1102 2.89158,
	13.1234 2.88868,
	13.13 2.88703,
	13.1433 2.88537,
	13.1565 2.88496,
	13.1697 2.88744,
	13.1731 2.88868,
	13.1797 2.88951,
	13.1863 2.89158,
	13.1995 2.89323,
	13.226 2.89489,
	13.2393 2.89613,
	13.2459 2.89654,
	13.2591 2.8953,
	13.2624 2.89448,
	13.2691 2.89406,
	13.2823 2.89117,
	13.2955 2.88579,
	13.3088 2.87958,
	13.3092 2.87958,
	13.3113 2.87999,
	13.3146 2.88248,
	13.3208 2.8862,
	13.3237 2.88827,
	13.3253 2.88868,
	13.3258 2.88951,
	13.3266 2.88951,
	13.3274 2.89034,
	13.3282 2.89034,
	13.3299 2.89158,
	13.3332 2.89282,
	13.3365 2.89489,
	13.3382 2.8953,
	13.3398 2.89654,
	13.3415 2.89696,
	13.3431 2.8982,
	13.3498 2.90068,
	13.3531 2.90234,
	13.3547 2.90317,
	13.3556 2.90399,
	13.3622 2.90689,
	13.3638 2.9073,
	13.3647 2.90813,
	13.3655 2.90813,
	13.3671 2.90937,
	13.3704 2.9102,
	13.3713 2.91103,
	13.3746 2.91227,
	13.3754 2.91227,
	13.3762 2.9131,
	13.3779 2.9131,
	13.3845 2.91599,
	13.3878 2.91765,
	13.3887 2.91765,
	13.3895 2.91848,
	13.3911 2.91889,
	13.392 2.91889,
	13.4052 2.92593,
	13.4085 2.92799,
	13.4102 2.92882,
	13.4118 2.93048,
	13.4135 2.93131,
	13.4139 2.93213,
	13.4147 2.93213,
	13.416 2.93379,
	13.4292 2.94248,
	13.4309 2.94372,
	13.4325 2.94413,
	13.4391 2.94786,
	13.44 2.94869,
	13.4408 2.94869,
	13.4416 2.94951,
	13.4425 2.94951,
	13.4433 2.95034,
	13.4441 2.95034,
	13.4458 2.95158,
	13.4466 2.95158,
	13.447 2.95241,
	13.4478 2.95241,
	13.4511 2.95448,
	13.452 2.95531,
	13.4528 2.95531,
	13.4557 2.95779,
	13.4574 2.95862,
	13.459 2.96027,
	13.4607 2.9611,
	13.4623 2.96276,
	13.4739 2.97062,
	13.4772 2.9731,
	13.4826 2.97641,
	13.4859 2.97889,
	13.4921 2.98221,
	13.4954 2.98345,
	13.4983 2.98552,
	13.5049 2.99876,
	13.5066 3.00207,
	13.5194 3.0149,
	13.5302 3.02814,
	13.536 3.03435,
	13.5409 3.04055,
	13.5471 3.04717,
	13.5525 3.0538,
	13.5658 3.06331,
	13.5691 3.06621,
	13.5736 3.07283,
	13.5765 3.07945,
	13.5794 3.09269,
	13.5803 3.096,
	13.5807 3.09766,
	13.5782 3.1109,
	13.5757 3.11752,
	13.5728 3.12083,
	13.5662 3.1258,
	13.5397 3.13987,
	13.5265 3.14649,
	13.5132 3.15394,
	13.5124 3.15394,
	13.488 3.18042,
	13.4822 3.18704,
	13.4793 3.19035,
	13.4727 3.19532,
	13.471 3.19615,
	13.4702 3.19739,
	13.4698 3.19698,
	13.464 3.2036,
	13.4507 3.21601,
	13.4441 3.22222,
	13.4383 3.22884,
	13.4358 3.23215,
	13.4292 3.23877,
	13.4089 3.26526,
	13.4048 3.27188,
	13.3998 3.2785,
	13.3911 3.29174,
	13.3899 3.29464,
	13.382 3.30788,
	13.3733 3.32112,
	13.3688 3.32774,
	13.3584 3.34098,
	13.3539 3.34761,
	13.3514 3.35092,
	13.3452 3.35754,
	13.3419 3.36085,
	13.3287 3.36912,
	13.3253 3.37119,
	13.3237 3.37285,
	13.3171 3.37492,
	13.3138 3.37657,
	13.2873 3.3803,
	13.2807 3.38237,
	13.2773 3.38319,
	13.2641 3.3894,
	13.2509 3.39478,
	13.2475 3.39561,
	13.2409 3.3985,
	13.2343 3.40057,
	13.2326 3.40099,
	13.231 3.40223,
	13.2178 3.40554,
	13.2111 3.40678,
	13.1979 3.41051,
	13.1846 3.40844,
	13.1813 3.40761,
	13.1747 3.40719,
	13.1615 3.40844,
	13.1582 3.40885,
	13.1573 3.40885,
	13.1565 3.40968,
	13.1499 3.41092,
	13.1466 3.41175,
	13.1333 3.41216,
	13.1201 3.41175,
	13.1068 3.41051,
	13.1002 3.41092,
	13.087 3.4134,
	13.0737 3.41671,
	13.0721 3.41754,
	13.0588 3.41837,
	13.0522 3.4192,
	13.0257 3.4192,
	12.9728 3.42126,
	12.9662 3.42126,
	12.9397 3.41754,
	12.9264 3.41464,
	12.9132 3.41423,
	12.9066 3.41464,
	12.8933 3.41837,
	12.8867 3.42044,
	12.8834 3.42168,
	12.8701 3.42292,
	12.8437 3.42333,
	12.8304 3.42292,
	12.8238 3.42251,
	12.8106 3.41961,
	12.7973 3.41506,
	12.794 3.41464,
	12.7675 3.40595,
	12.7543 3.4043,
	12.751 3.40388,
	12.7245 3.41009,
	12.7212 3.41051,
	12.7179 3.41175,
	12.7046 3.41299,
	12.698 3.41382,
	12.6848 3.41423,
	12.6781 3.41464,
	12.6715 3.41423,
	12.6649 3.41299,
	12.6384 3.40471,
	12.6119 3.39519,
	12.6053 3.39354,
	12.5987 3.39271,
	12.5921 3.39271,
	12.5887 3.39271,
	12.5871 3.39271,
	12.5739 3.39892,
	12.5606 3.40595,
	12.5573 3.40678,
	12.5556 3.40761,
	12.5424 3.40844,
	12.5358 3.40885,
	12.5225 3.40761,
	12.5159 3.40595,
	12.5126 3.4043,
	12.5068 3.39768,
	12.5027 3.39106,
	12.4973 3.37781,
	12.4944 3.37119,
	12.4927 3.36788,
	12.4832 3.35464,
	12.482 3.35133,
	12.4778 3.34471,
	12.4584 3.31822,
	12.4522 3.30498,
	12.4472 3.29174,
	12.446 3.28843,
	12.4456 3.27519,
	12.4456 3.26857,
	12.4456 3.26526,
	12.4456 3.26484,
	"/>
<Contour name="Copy of d046_i16_p32" hidden="false" closed="true" simplified="true" border="1 1 0" fill="1 1 0" mode="11"
 points="12.4456 3.26443,
	12.4497 3.25119,
	12.4509 3.24456,
	12.4509 3.24291,
	12.4538 3.23629,
	12.4551 3.23298,
	12.4559 3.22636,
	12.458 3.21974,
	12.4588 3.21643,
	12.4617 3.2098,
	12.4634 3.20649,
	12.4675 3.19325,
	12.4725 3.18001,
	12.4787 3.16677,
	12.4816 3.16346,
	12.4824 3.16263,
	12.4828 3.16097,
	12.4828 3.16015,
	12.4845 3.15932,
	12.4853 3.15601,
	12.4969 3.14277,
	12.5097 3.12994,
	12.523 3.11876,
	12.5296 3.11214,
	12.535 3.10552,
	12.5441 3.09228,
	12.5515 3.07904,
	12.5569 3.07242,
	12.5594 3.06911,
	12.5627 3.0658,
	12.5643 3.06414,
	12.571 3.06042,
	12.5776 3.05752,
	12.5908 3.05338,
	12.5941 3.05255,
	12.6074 3.04552,
	12.6206 3.03766,
	12.6272 3.03352,
	12.6339 3.03021,
	12.6372 3.02897,
	12.6637 3.01241,
	12.667 3.01034,
	12.6798 2.99752,
	12.6827 2.99421,
	12.6868 2.98758,
	12.7133 2.96565,
	12.7266 2.95448,
	12.7332 2.94951,
	12.7365 2.94703,
	12.7497 2.94165,
	12.7563 2.93917,
	12.7597 2.93751,
	12.7613 2.9371,
	12.7621 2.9371,
	12.7688 2.93131,
	12.7721 2.92841,
	12.7779 2.91517,
	12.7808 2.90855,
	12.7824 2.90524,
	12.7837 2.90399,
	12.7903 2.90151,
	12.7969 2.90068,
	12.8035 2.90068,
	12.8101 2.90151,
	12.8168 2.90317,
	12.8201 2.90482,
	12.8466 2.9102,
	12.8532 2.91144,
	12.8598 2.91351,
	12.8664 2.91641,
	12.8697 2.91889,
	12.8764 2.9251,
	12.878 2.92675,
	12.8813 2.92882,
	12.883 2.93006,
	12.8962 2.93379,
	12.9028 2.93627,
	12.9095 2.9371,
	12.9128 2.93793,
	12.9161 2.93958,
	12.9227 2.94124,
	12.9359 2.94248,
	12.9426 2.94331,
	12.9492 2.94206,
	12.9525 2.94165,
	12.9657 2.93669,
	12.969 2.93544,
	12.9707 2.93503,
	12.974 2.93296,
	12.9806 2.93131,
	12.9939 2.92593,
	13.0005 2.92386,
	13.0038 2.92262,
	13.0104 2.92179,
	13.0137 2.92096,
	13.027 2.92013,
	13.0336 2.91972,
	13.0369 2.91972,
	13.0634 2.91351,
	13.0766 2.9073,
	13.08 2.90606,
	13.0804 2.90524,
	13.0837 2.90482,
	13.0903 2.9011,
	13.0969 2.8982,
	13.1035 2.89448,
	13.1102 2.89158,
	13.1234 2.88868,
	13.13 2.88703,
	13.1433 2.88537,
	13.1565 2.88496,
	13.1697 2.88744,
	13.1731 2.88868,
	13.1797 2.88951,
	13.1863 2.89158,
	13.1995 2.89323,
	13.226 2.89489,
	13.2393 2.89613,
	13.2459 2.89654,
	13.2591 2.8953,
	13.2624 2.89448,
	13.2691 2.89406,
	13.2823 2.89117,
	13.2955 2.88579,
	13.3088 2.87958,
	13.3092 2.87958,
	13.3113 2.87999,
	13.3146 2.88248,
	13.3208 2.8862,
	13.3237 2.88827,
	13.3253 2.88868,
	13.3258 2.88951,
	13.3266 2.88951,
	13.3274 2.89034,
	13.3282 2.89034,
	13.3299 2.89158,
	13.3332 2.89282,
	13.3365 2.89489,
	13.3382 2.8953,
	13.3398 2.89654,
	13.3415 2.89696,
	13.3431 2.8982,
	13.3498 2.90068,
	13.3531 2.90234,
	13.3547 2.90317,
	13.3556 2.90399,
	13.3622 2.90689,
	13.3638 2.9073,
	13.3647 2.90813,
	13.3655 2.90813,
	13.3671 2.90937,
	13.3704 2.9102,
	13.3713 2.91103,
	13.3746 2.91227,
	13.3754 2.91227,
	13.3762 2.9131,
	13.3779 2.9131,
	13.3845 2.91599,
	13.3878 2.91765,
	13.3887 2.91765,
	13.3895 2.91848,
	13.3911 2.91889,
	13.392 2.91889,
	13.4052 2.92593,
	13.4085 2.92799,
	13.4102 2.92882,
	13.4118 2.93048,
	13.4135 2.93131,
	13.4139 2.93213,
	13.4147 2.93213,
	13.416 2.93379,
	13.4292 2.94248,
	13.4309 2.94372,
	13.4325 2.94413,
	13.4391 2.94786,
	13.44 2.94869,
	13.4408 2.94869,
	13.4416 2.94951,
	13.4425 2.94951,
	13.4433 2.95034,
	13.4441 2.95034,
	13.4458 2.95158,
	13.4466 2.95158,
	13.447 2.95241,
	13.4478 2.95241,
	13.4511 2.95448,
	13.452 2.95531,
	13.4528 2.95531,
	13.4557 2.95779,
	13.4574 2.95862,
	13.459 2.96027,
	13.4607 2.9611,
	13.4623 2.96276,
	13.4739 2.97062,
	13.4772 2.9731,
	13.4826 2.97641,
	13.4859 2.97889,
	13.4921 2.98221,
	13.4954 2.98345,
	13.4983 2.98552,
	13.5049 2.99876,
	13.5066 3.00207,
	13.5194 3.0149,
	13.5302 3.02814,
	13.536 3.03435,
	13.5409 3.04055,
	13.5471 3.04717,
	13.5525 3.0538,
	13.5658 3.06331,
	13.5691 3.06621,
	13.5736 3.07283,
	13.5765 3.07945,
	13.5794 3.09269,
	13.5803 3.096,
	13.5807 3.09766,
	13.5782 3.1109,
	13.5757 3.11752,
	13.5728 3.12083,
	13.5662 3.1258,
	13.5397 3.13987,
	13.5265 3.14649,
	13.5132 3.15394,
	13.5124 3.15394,
	13.488 3.18042,
	13.4822 3.18704,
	13.4793 3.19035,
	13.4727 3.19532,
	13.471 3.19615,
	13.4702 3.19739,
	13.4698 3.19698,
	13.464 3.2036,
	13.4507 3.21601,
	13.4441 3.22222,
	13.4383 3.22884,
	13.4358 3.23215,
	13.4292 3.23877,
	13.4089 3.26526,
	13.4048 3.27188,
	13.3998 3.2785,
	13.3911 3.29174,
	13.3899 3.29464,
	13.382 3.30788,
	13.3733 3.32112,
	13.3688 3.32774,
	13.3584 3.34098,
	13.3539 3.34761,
	13.3514 3.35092,
	13.3452 3.35754,
	13.3419 3.36085,
	13.3287 3.36912,
	13.3253 3.37119,
	13.3237 3.37285,
	13.3171 3.37492,
	13.3138 3.37657,
	13.2873 3.3803,
	13.2807 3.38237,
	13.2773 3.38319,
	13.2641 3.3894,
	13.2509 3.39478,
	13.2475 3.39561,
	13.2409 3.3985,
	13.2343 3.40057,
	13.2326 3.40099,
	13.231 3.40223,
	13.2178 3.40554,
	13.2111 3.40678,
	13.1979 3.41051,
	13.1846 3.40844,
	13.1813 3.40761,
	13.1747 3.40719,
	13.1615 3.40844,
	13.1582 3.40885,
	13.1573 3.40885,
	13.1565 3.40968,
	13.1499 3.41092,
	13.1466 3.41175,
	13.1333 3.41216,
	13.1201 3.41175,
	13.1068 3.41051,
	13.1002 3.41092,
	13.087 3.4134,
	13.0737 3.41671,
	13.0721 3.41754,
	13.0588 3.41837,
	13.0522 3.4192,
	13.0257 3.4192,
	12.9728 3.42126,
	12.9662 3.42126,
	12.9397 3.41754,
	12.9264 3.41464,
	12.9132 3.41423,
	12.9066 3.41464,
	12.8933 3.41837,
	12.8867 3.42044,
	12.8834 3.42168,
	12.8701 3.42292,
	12.8437 3.42333,
	12.8304 3.42292,
	12.8238 3.42251,
	12.8106 3.41961,
	12.7973 3.41506,
	12.794 3.41464,
	12.7675 3.40595,
	12.7543 3.4043,
	12.751 3.40388,
	12.7245 3.41009,
	12.7212 3.41051,
	12.7179 3.41175,
	12.7046 3.41299,
	12.698 3.41382,
	12.6848 3.41423,
	12.6781 3.41464,
	12.6715 3.41423,
	12.6649 3.41299,
	12.6384 3.40471,
	12.6119 3.39519,
	12.6053 3.39354,
	12.5987 3.39271,
	12.5921 3.39271,
	12.5887 3.39271,
	12.5871 3.39271,
	12.5739 3.39892,
	12.5606 3.40595,
	12.5573 3.40678,
	12.5556 3.40761,
	12.5424 3.40844,
	12.5358 3.40885,
	12.5225 3.40761,
	12.5159 3.40595,
	12.5126 3.4043,
	12.5068 3.39768,
	12.5027 3.39106,
	12.4973 3.37781,
	12.4944 3.37119,
	12.4927 3.36788,
	12.4832 3.35464,
	12.482 3.35133,
	12.4778 3.34471,
	12.4584 3.31822,
	12.4522 3.30498,
	12.4472 3.29174,
	12.446 3.28843,
	12.4456 3.27519,
	12.4456 3.26857,
	12.4456 3.26526,
	12.4456 3.26484,
	"/>
</Transform>

<Transform dim="1"
 xcoef=" 10.9569146942792 1 0 0 0 0"
 ycoef=" 11.3858812507204 0 1 0 0 0">
<Image mag="0.00201646" contrast="1.62889" brightness="-0.76" red="true" green="true" blue="true"
 src="145.tif_1.bmp" />
<Contour name="domain1" hidden="false" closed="true" simplified="false" border="1 0 1" fill="1 0 1" mode="11"
 points="0 0,
	16383 0,
	16383 16383,
	0 16383,
	"/>
</Transform>

<Transform dim="0"
 xcoef=" 0 1 0 0 0 0"
 ycoef=" 0 0 1 0 0 0">
<Contour name="d046_checked" hidden="false" closed="true" simplified="false" border="0 1 0" fill="0 1 0" mode="-13"
 points="13.2567 2.43824,
	13.2661 2.42509,
	13.2567 2.41195,
	13.2623 2.41195,
	13.2698 2.42322,
	13.2773 2.41195,
	13.283 2.41195,
	13.2736 2.42509,
	13.283 2.43824,
	13.2773 2.43824,
	13.2698 2.42697,
	13.2623 2.43824,
	"/>
</Transform>

<Transform dim="1"
 xcoef=" 0.05 1 0 0 0 0"
 ycoef=" 0 0 1 0 0 0">
<Contour name="d046_p31_branched" hidden="false" closed="true" simplified="true" border="1 1 0" fill="1 1 0" mode="11"
 points="13.2048 1.95929,
	13.2058 1.95426,
	13.2063 1.95174,
	13.2064 1.95048,
	13.2064 1.94985,
	13.2089 1.94482,
	13.2102 1.9423,
	13.2118 1.93978,
	13.214 1.93727,
	13.2152 1.93616,
	13.2159 1.93554,
	13.2209 1.93396,
	13.2259 1.93176,
	13.2272 1.93144,
	13.2373 1.9305,
	13.2574 1.92956,
	13.2624 1.92924,
	13.2649 1.92908,
	13.2662 1.92908,
	13.2763 1.93129,
	13.2788 1.93176,
	13.2838 1.93333,
	13.2851 1.93365,
	13.2952 1.93868,
	13.3002 1.94136,
	13.3405 1.96999,
	13.3505 1.97723,
	13.3908 2.00461,
	13.4009 2.01153,
	13.4059 2.01484,
	13.411 2.01846,
	13.4311 2.02868,
	13.4361 2.0312,
	13.4462 2.03545,
	13.4663 2.04237,
	13.4764 2.04568,
	13.4815 2.04709,
	13.4827 2.04772,
	13.4852 2.04788,
	13.4865 2.04804,
	13.4966 2.05166,
	13.4991 2.0526,
	13.5192 2.06361,
	13.5293 2.06896,
	13.5343 2.07164,
	13.5444 2.07793,
	13.5545 2.08486,
	13.5595 2.08832,
	13.5645 2.09146,
	13.567 2.09319,
	13.5696 2.09382,
	13.5746 2.09603,
	13.5847 2.09776,
	13.5897 2.09854,
	13.5998 2.09949,
	13.6048 2.0998,
	13.6073 2.09996,
	13.6098 2.10043,
	13.6199 2.09917,
	13.6224 2.09886,
	13.6237 2.0987,
	13.625 2.09807,
	13.6451 2.08139,
	13.6476 2.07951,
	13.6489 2.07872,
	13.6589 2.07683,
	13.6615 2.07636,
	13.6715 2.07573,
	13.6766 2.07541,
	13.6866 2.074,
	13.6891 2.07368,
	13.6898 2.07353,
	13.6998 2.07636,
	13.7024 2.07699,
	13.7049 2.07809,
	13.715 2.0836,
	13.72 2.08659,
	13.7225 2.08816,
	13.7247 2.09052,
	13.7255 2.09178,
	13.7274 2.09681,
	13.7279 2.09807,
	13.7282 2.10059,
	13.729 2.10311,
	13.7294 2.10437,
	13.7258 2.11444,
	13.7249 2.11695,
	13.7234 2.11947,
	13.7217 2.12199,
	13.7194 2.12451,
	13.7168 2.12608,
	13.7162 2.12639,
	13.7061 2.13568,
	13.7011 2.14008,
	13.6986 2.14229,
	13.6973 2.14339,
	13.6967 2.14402,
	13.6912 2.15409,
	13.6893 2.1566,
	13.6885 2.15786,
	13.6882 2.15849,
	13.6712 2.17863,
	13.6652 2.1887,
	13.6622 2.19374,
	13.6607 2.19626,
	13.6508 2.20601,
	13.6495 2.20727,
	13.6489 2.2079,
	13.6476 2.20853,
	13.6454 2.21089,
	13.6374 2.22096,
	13.6333 2.22599,
	13.6312 2.22851,
	13.6287 2.23103,
	13.6267 2.23355,
	13.6135 2.25369,
	13.6054 2.26376,
	13.6045 2.26502,
	13.5995 2.26926,
	13.5944 2.27304,
	13.5844 2.27839,
	13.5818 2.27965,
	13.5806 2.28028,
	13.5403 2.29412,
	13.5353 2.29601,
	13.5252 2.3012,
	13.5227 2.30262,
	13.5126 2.31002,
	13.5076 2.31379,
	13.5051 2.31568,
	13.495 2.32544,
	13.4925 2.32795,
	13.4903 2.33047,
	13.4892 2.33173,
	13.4786 2.35187,
	13.4759 2.3569,
	13.4697 2.36697,
	13.4681 2.36949,
	13.4673 2.37075,
	13.4591 2.39089,
	13.4549 2.40096,
	13.4528 2.406,
	13.4512 2.41103,
	13.4506 2.41229,
	13.4503 2.41733,
	13.4487 2.4274,
	13.4486 2.43243,
	13.4489 2.43747,
	13.449 2.43998,
	13.45 2.44502,
	13.4503 2.44628,
	13.4505 2.44691,
	13.4519 2.44942,
	13.4522 2.45005,
	13.4523 2.45037,
	13.452 2.45052,
	13.442 2.44565,
	13.4369 2.44313,
	13.4269 2.43699,
	13.4067 2.42378,
	13.3966 2.41717,
	13.3941 2.41544,
	13.374 2.40364,
	13.369 2.40065,
	13.3589 2.39372,
	13.3538 2.39026,
	13.3513 2.38853,
	13.3488 2.38712,
	13.3085 2.36996,
	13.2985 2.36572,
	13.2934 2.36351,
	13.2909 2.36257,
	13.2708 2.3514,
	13.2695 2.35077,
	13.2645 2.34652,
	13.262 2.34432,
	13.2616 2.344,
	13.2642 2.34243,
	13.2654 2.3418,
	13.2705 2.34007,
	13.273 2.33944,
	13.2742 2.33912,
	13.2843 2.33409,
	13.2893 2.33173,
	13.2906 2.3311,
	13.2931 2.32921,
	13.3032 2.32402,
	13.3233 2.31426,
	13.3258 2.31301,
	13.3271 2.31238,
	13.3372 2.30262,
	13.3469 2.29271,
	13.3537 2.28264,
	13.3554 2.28012,
	13.3581 2.27509,
	13.3594 2.27257,
	13.3628 2.2625,
	13.3636 2.25998,
	13.3642 2.25872,
	13.3645 2.25809,
	13.3653 2.24802,
	13.3644 2.23795,
	13.3639 2.23292,
	13.3638 2.22788,
	13.3638 2.22662,
	13.36 2.21655,
	13.3557 2.20648,
	13.3512 2.19641,
	13.3414 2.17627,
	13.3402 2.17376,
	13.3395 2.1725,
	13.3296 2.16384,
	13.3271 2.1618,
	13.3258 2.1607,
	13.3158 2.15503,
	13.3107 2.15236,
	13.3057 2.15031,
	13.3032 2.14937,
	13.2981 2.14622,
	13.2931 2.14355,
	13.283 2.13882,
	13.2805 2.13725,
	13.2793 2.13662,
	13.2767 2.13599,
	13.2761 2.13584,
	13.256 2.12057,
	13.2459 2.11113,
	13.2358 2.10122,
	13.2308 2.09618,
	13.2288 2.09367,
	13.2255 2.08863,
	13.2154 2.06849,
	13.2125 2.05842,
	13.2118 2.0559,
	13.21 2.03576,
	13.2096 2.03073,
	13.2094 2.02947,
	13.2105 2.0194,
	13.2108 2.01688,
	13.211 2.01562,
	13.2066 1.97534,
	13.2055 1.96527,
	13.2048 1.96024,
	13.2048 1.95961,
	13.2048 1.95945,
	"/>
</Transform>

<Transform dim="0"
 xcoef=" 0 1 0 0 0 0"
 ycoef=" 0 0 1 0 0 0">
<Contour name="d046_c30" hidden="false" closed="true" simplified="true" border="1 0 0" fill="1 0 0" mode="11"
 points="12.5432 3.7011,
	12.5651 3.68405,
	12.576 3.67518,
	12.5814 3.67177,
	12.6251 3.66154,
	12.6687 3.65813,
	12.6797 3.65745,
	12.6906 3.6554,
	12.696 3.65404,
	12.7124 3.67586,
	12.7206 3.68678,
	12.7226 3.68951,
	12.724 3.69087,
	12.7274 3.7127,
	12.7288 3.71815,
	12.7288 3.76181,
	12.7226 3.78364,
	12.7206 3.78909,
	12.7199 3.79182,
	12.6981 3.80069,
	12.6762 3.80683,
	12.6653 3.80887,
	12.6217 3.80956,
	12.5998 3.80956,
	12.5889 3.80819,
	12.5862 3.80819,
	12.5767 3.78637,
	12.5514 3.74271,
	12.548 3.73725,
	12.5466 3.73453,
	12.5446 3.7127,
	12.5432 3.70178,
	"/>
</Transform>

<Transform dim="1"
 xcoef=" 0 1 0 0 0 0"
 ycoef=" 0.01 0 1 0 0 0">
<Contour name="d046_cfa30" hidden="false" closed="false" simplified="false" border="0 1 0" fill="0 1 0" mode="11"
 points="12.7206 3.69273,
	12.6456 3.71661,
	12.5985 3.72411,
	12.5515 3.74184,
	"/>
</Transform>

</Section>