<?xml version="1.0"?>
<!DOCTYPE Section SYSTEM "section.dtd">

<Section index="129" thickness="0.052" alignLocked="true">
<Transform dim="1"
 xcoef=" 9.21939410722776 1 0 0 0 0"
 ycoef=" 13.0688573820467 0 1 0 0 0">
<Contour name="D020" hidden="false" closed="true" simplified="true" border="0 0 1" fill="0 0 1" mode="13"
 points="19.4739 19.3259,
	19.475 19.3099,
	19.4781 19.2944,
	19.4832 19.2795,
	19.4902 19.2657,
	19.4989 19.2533,
	19.5091 19.2425,
	19.5206 19.2337,
	19.5332 19.2269,
	19.5464 19.2225,
	19.5601 19.2203,
	19.574 19.2206,
	19.5876 19.2234,
	19.6007 19.2284,
	19.613 19.2357,
	19.6242 19.245,
	19.6341 19.2562,
	19.6424 19.269,
	19.6489 19.2831,
	19.6535 19.2982,
	19.6561 19.3139,
	19.6567 19.3299,
	19.6551 19.3458,
	19.6515 19.3612,
	19.6459 19.3758,
	19.6384 19.3893,
	19.6293 19.4013,
	19.6188 19.4116,
	19.607 19.42,
	19.5942 19.4262,
	19.5808 19.4301,
	19.5671 19.4316,
	19.5532 19.4307,
	19.5397 19.4274,
	19.5268 19.4217,
	19.5147 19.4139,
	19.5038 19.4041,
	19.4943 19.3925,
	19.4865 19.3793,
	19.4804 19.365,
	19.4763 19.3497,
	"/>
</Transform>

<Transform dim="1"
 xcoef=" 0.0293941072277631 1 0 0 0 0"
 ycoef=" 0.378857382046724 0 1 0 0 0">
<Contour name="D052 " hidden="false" closed="true" simplified="true" border="0 0 1" fill="0 0 1" mode="13"
 points="5.56854 -0.559821,
	5.57228 -0.582079,
	5.58335 -0.603365,
	5.60125 -0.622747,
	5.62521 -0.639379,
	5.65418 -0.652534,
	5.68689 -0.661637,
	5.72192 -0.66629,
	5.75773 -0.66629,
	5.79276 -0.661637,
	5.82547 -0.652534,
	5.85444 -0.639379,
	5.8784 -0.622747,
	5.89631 -0.603365,
	5.90737 -0.582079,
	5.91111 -0.559821,
	5.90737 -0.537563,
	5.89631 -0.516278,
	5.8784 -0.496896,
	5.85444 -0.480264,
	5.82547 -0.467109,
	5.79276 -0.458006,
	5.75773 -0.453353,
	5.72192 -0.453353,
	5.68689 -0.458006,
	5.65418 -0.467109,
	5.62521 -0.480264,
	5.60125 -0.496896,
	5.58335 -0.516278,
	5.57228 -0.537563,
	"/>
</Transform>

<Transform dim="1"
 xcoef=" 0.0293941072277631 1 0 0 0 0"
 ycoef=" 0.378857382046724 0 1 0 0 0">
<Contour name="D054" hidden="false" closed="true" simplified="true" border="0 0 1" fill="0 0 1" mode="13"
 points="1.69432 1.10285,
	1.696 1.07989,
	1.70099 1.05761,
	1.70915 1.03667,
	1.72024 1.01768,
	1.73392 1.00121,
	1.7498 0.987748,
	1.76739 0.977685,
	1.7862 0.971323,
	1.80564 0.968848,
	1.82516 0.970335,
	1.84418 0.975739,
	1.86213 0.9849,
	1.87848 0.997548,
	1.89275 1.01331,
	1.90452 1.03172,
	1.91344 1.05223,
	1.91924 1.07423,
	1.92176 1.09709,
	1.92092 1.12011,
	1.91674 1.14262,
	1.90935 1.16396,
	1.89897 1.18349,
	1.88591 1.20064,
	1.87054 1.2149,
	1.85332 1.22584,
	1.83477 1.23315,
	1.81543 1.23661,
	1.79587 1.23611,
	1.77668 1.23168,
	1.75841 1.22344,
	1.74161 1.21163,
	1.72678 1.19661,
	1.71435 1.17881,
	1.70469 1.15877,
	1.69809 1.13708,
	"/>
</Transform>

<Transform dim="1"
 xcoef=" 0.0293941072277631 1 0 0 0 0"
 ycoef=" 0.378857382046724 0 1 0 0 0">
<Contour name="D019" hidden="false" closed="true" simplified="true" border="0 0 1" fill="0 0 1" mode="13"
 points="4.47998 4.83634,
	4.48116 4.8185,
	4.48468 4.80101,
	4.49048 4.78425,
	4.49842 4.76854,
	4.50835 4.75422,
	4.52007 4.74157,
	4.53334 4.73085,
	4.54789 4.72227,
	4.56342 4.71602,
	4.57961 4.71221,
	4.59615 4.71094,
	4.61268 4.71221,
	4.62887 4.71602,
	4.6444 4.72227,
	4.65895 4.73085,
	4.67222 4.74157,
	4.68394 4.75422,
	4.69387 4.76854,
	4.70181 4.78425,
	4.70761 4.80101,
	4.71113 4.8185,
	4.71231 4.83634,
	4.71113 4.85419,
	4.70761 4.87168,
	4.70181 4.88844,
	4.69387 4.90414,
	4.68394 4.91847,
	4.67222 4.93112,
	4.65895 4.94184,
	4.6444 4.95042,
	4.62887 4.95667,
	4.61268 4.96048,
	4.59615 4.96175,
	4.57961 4.96048,
	4.56342 4.95667,
	4.54789 4.95042,
	4.53334 4.94184,
	4.52007 4.93112,
	4.50835 4.91847,
	4.49842 4.90414,
	4.49048 4.88844,
	4.48468 4.87168,
	4.48116 4.85419,
	"/>
</Transform>

<Transform dim="1"
 xcoef=" 0.0293941072277631 1 0 0 0 0"
 ycoef=" 0.378857382046724 0 1 0 0 0">
<Contour name="D021" hidden="false" closed="true" simplified="true" border="0 0 1" fill="0 0 1" mode="13"
 points="5.87012 7.49049,
	5.87122 7.4744,
	5.8745 7.45861,
	5.8799 7.44341,
	5.88732 7.42909,
	5.89663 7.41591,
	5.90764 7.40412,
	5.92015 7.39395,
	5.93393 7.38556,
	5.94872 7.37914,
	5.96425 7.37479,
	5.98023 7.37259,
	5.99636 7.37259,
	6.01234 7.37479,
	6.02787 7.37914,
	6.04267 7.38556,
	6.05645 7.39395,
	6.06896 7.40412,
	6.07997 7.41591,
	6.08927 7.42909,
	6.09669 7.44341,
	6.10209 7.45861,
	6.10537 7.4744,
	6.10648 7.49049,
	6.10537 7.50658,
	6.10209 7.52238,
	6.09669 7.53757,
	6.08927 7.5519,
	6.07997 7.56507,
	6.06896 7.57686,
	6.05645 7.58704,
	6.04267 7.59542,
	6.02787 7.60185,
	6.01234 7.6062,
	5.99636 7.60839,
	5.98023 7.60839,
	5.96425 7.6062,
	5.94872 7.60185,
	5.93393 7.59542,
	5.92015 7.58704,
	5.90764 7.57686,
	5.89663 7.56507,
	5.88732 7.5519,
	5.8799 7.53757,
	5.8745 7.52238,
	5.87122 7.50658,
	"/>
</Transform>

<Transform dim="1"
 xcoef=" 0.0293941072277631 1 0 0 0 0"
 ycoef=" 0.378857382046724 0 1 0 0 0">
<Contour name="D025" hidden="false" closed="true" simplified="true" border="0 0 1" fill="0 0 1" mode="13"
 points="3.83961 4.33937,
	3.84003 4.33078,
	3.84129 4.32228,
	3.84338 4.31395,
	3.84628 4.30588,
	3.84995 4.29813,
	3.85436 4.2908,
	3.85947 4.28395,
	3.86522 4.27765,
	3.87157 4.27196,
	3.87844 4.26694,
	3.88576 4.26264,
	3.89348 4.25911,
	3.9015 4.25637,
	3.90975 4.25446,
	3.91814 4.25339,
	3.9266 4.25318,
	3.93504 4.25382,
	3.94337 4.25531,
	3.95151 4.25764,
	3.95939 4.26078,
	3.96692 4.2647,
	3.97403 4.26936,
	3.98064 4.27472,
	3.9867 4.28072,
	3.99214 4.28731,
	3.9969 4.29441,
	4.00095 4.30196,
	4.00424 4.30988,
	4.00673 4.31809,
	4.00841 4.32652,
	4.00925 4.33507,
	4.00925 4.34366,
	4.00841 4.35222,
	4.00673 4.36064,
	4.00424 4.36886,
	4.00095 4.37678,
	3.9969 4.38432,
	3.99214 4.39143,
	3.9867 4.39801,
	3.98064 4.40401,
	3.97403 4.40937,
	3.96692 4.41403,
	3.95939 4.41796,
	3.95151 4.4211,
	3.94337 4.42342,
	3.93504 4.42492,
	3.9266 4.42556,
	3.91814 4.42534,
	3.90975 4.42428,
	3.9015 4.42236,
	3.89348 4.41963,
	3.88576 4.41609,
	3.87844 4.41179,
	3.87157 4.40678,
	3.86522 4.40109,
	3.85947 4.39479,
	3.85436 4.38794,
	3.84995 4.3806,
	3.84628 4.37286,
	3.84338 4.36478,
	3.84129 4.35645,
	3.84003 4.34795,
	"/>
</Transform>

<Transform dim="1"
 xcoef=" 0.0293941072277631 1 0 0 0 0"
 ycoef=" 0.378857382046724 0 1 0 0 0">
<Contour name="D028" hidden="false" closed="true" simplified="true" border="0 0 1" fill="0 0 1" mode="13"
 points="6.46201 7.09449,
	6.46252 7.08599,
	6.46402 7.07761,
	6.46651 7.06947,
	6.46994 7.06168,
	6.47427 7.05435,
	6.47943 7.04759,
	6.48536 7.04148,
	6.49197 7.03612,
	6.49917 7.03158,
	6.50685 7.02792,
	6.51492 7.02519,
	6.52325 7.02344,
	6.53172 7.02268,
	6.54023 7.02293,
	6.54865 7.02419,
	6.55686 7.02643,
	6.56475 7.02963,
	6.5722 7.03374,
	6.57912 7.0387,
	6.5854 7.04445,
	6.59095 7.0509,
	6.59571 7.05795,
	6.5996 7.06553,
	6.60256 7.07351,
	6.60456 7.08178,
	6.60557 7.09023,
	6.60557 7.09874,
	6.60456 7.10719,
	6.60256 7.11547,
	6.5996 7.12345,
	6.59571 7.13102,
	6.59095 7.13808,
	6.5854 7.14453,
	6.57912 7.15027,
	6.5722 7.15523,
	6.56475 7.15934,
	6.55686 7.16254,
	6.54865 7.16478,
	6.54023 7.16604,
	6.53172 7.16629,
	6.52325 7.16554,
	6.51492 7.16378,
	6.50685 7.16106,
	6.49917 7.1574,
	6.49197 7.15285,
	6.48536 7.14749,
	6.47943 7.14138,
	6.47427 7.13462,
	6.46994 7.12729,
	6.46651 7.1195,
	6.46402 7.11136,
	6.46252 7.10298,
	"/>
</Transform>

<Transform dim="1"
 xcoef=" 0.0293941072277631 1 0 0 0 0"
 ycoef=" 0.378857382046724 0 1 0 0 0">
<Contour name="D032" hidden="false" closed="true" simplified="true" border="0 0 1" fill="0 0 1" mode="13"
 points="4.52884 -0.220109,
	4.53046 -0.236301,
	4.53525 -0.251736,
	4.54298 -0.265692,
	4.5533 -0.277517,
	4.56571 -0.286657,
	4.57964 -0.292686,
	4.59443 -0.295321,
	4.60941 -0.294439,
	4.62386 -0.290082,
	4.6371 -0.282453,
	4.64853 -0.271908,
	4.65761 -0.258942,
	4.6639 -0.244159,
	4.66713 -0.228253,
	4.66713 -0.211965,
	4.6639 -0.196058,
	4.65761 -0.181276,
	4.64853 -0.168309,
	4.6371 -0.157765,
	4.62386 -0.150136,
	4.60941 -0.145778,
	4.59443 -0.144896,
	4.57964 -0.147531,
	4.56571 -0.15356,
	4.5533 -0.162701,
	4.54298 -0.174525,
	4.53525 -0.188481,
	"/>
</Transform>

<Transform dim="1"
 xcoef=" 0.0293941072277631 1 0 0 0 0"
 ycoef=" 0.378857382046724 0 1 0 0 0">
<Contour name="D041" hidden="false" closed="true" simplified="true" border="0 0 1" fill="0 0 1" mode="13"
 points="7.34591 0.483855,
	7.34851 0.469803,
	7.35624 0.45623,
	7.36882 0.443597,
	7.38583 0.432335,
	7.40668 0.422828,
	7.43068 0.415399,
	7.457 0.410301,
	7.48474 0.407708,
	7.51297 0.407708,
	7.54071 0.410301,
	7.56703 0.415399,
	7.59103 0.422828,
	7.61188 0.432335,
	7.62889 0.443597,
	7.64147 0.45623,
	7.6492 0.469803,
	7.6518 0.483855,
	7.6492 0.497907,
	7.64147 0.51148,
	7.62889 0.524113,
	7.61188 0.535375,
	7.59103 0.544882,
	7.56703 0.552311,
	7.54071 0.557409,
	7.51297 0.560002,
	7.48474 0.560002,
	7.457 0.557409,
	7.43068 0.552311,
	7.40668 0.544882,
	7.38583 0.535375,
	7.36882 0.524113,
	7.35624 0.51148,
	7.34851 0.497907,
	"/>
</Transform>

<Transform dim="1"
 xcoef=" 0.0293941072277631 1 0 0 0 0"
 ycoef=" 0.378857382046724 0 1 0 0 0">
<Contour name="D043" hidden="false" closed="true" simplified="true" border="0 0 1" fill="0 0 1" mode="13"
 points="0.99761 8.38883,
	0.99833 8.3782,
	1.00047 8.36777,
	1.004 8.35774,
	1.00885 8.34831,
	1.01492 8.33964,
	1.0221 8.33191,
	1.03025 8.32527,
	1.03922 8.31984,
	1.04883 8.31572,
	1.05891 8.31299,
	1.06926 8.3117,
	1.07969 8.31189,
	1.08999 8.31354,
	1.09997 8.31662,
	1.10944 8.32108,
	1.11822 8.32682,
	1.12614 8.33375,
	1.13306 8.34173,
	1.13883 8.3506,
	1.14336 8.3602,
	1.14654 8.37034,
	1.14833 8.38084,
	1.14869 8.39149,
	1.14762 8.40209,
	1.14512 8.41244,
	1.14126 8.42233,
	1.1361 8.43159,
	1.12974 8.44004,
	1.1223 8.44751,
	1.11393 8.45386,
	1.10478 8.45897,
	1.09503 8.46275,
	1.08487 8.46512,
	1.07448 8.46604,
	1.06407 8.46549,
	1.05383 8.46348,
	1.04396 8.46004,
	1.03464 8.45526,
	1.02606 8.4492,
	1.01838 8.442,
	1.01174 8.43379,
	1.00627 8.42471,
	1.00207 8.41496,
	0.999226 8.40471,
	"/>
</Transform>

<Transform dim="1"
 xcoef=" 0.0293941072277631 1 0 0 0 0"
 ycoef=" 0.378857382046724 0 1 0 0 0">
<Contour name="D044" hidden="false" closed="true" simplified="true" border="0 0 1" fill="0 0 1" mode="13"
 points="1.35552 7.35298,
	1.35694 7.33778,
	1.36117 7.32295,
	1.3681 7.30886,
	1.37756 7.29586,
	1.38932 7.28427,
	1.40309 7.27436,
	1.41853 7.2664,
	1.43525 7.26056,
	1.45286 7.257,
	1.47091 7.25581,
	1.48897 7.257,
	1.50657 7.26056,
	1.5233 7.2664,
	1.53874 7.27436,
	1.55251 7.28427,
	1.56427 7.29586,
	1.57373 7.30886,
	1.58066 7.32295,
	1.58489 7.33778,
	1.58631 7.35298,
	1.58489 7.36818,
	1.58066 7.38301,
	1.57373 7.3971,
	1.56427 7.4101,
	1.55251 7.4217,
	1.53874 7.4316,
	1.5233 7.43957,
	1.50657 7.4454,
	1.48897 7.44896,
	1.47091 7.45016,
	1.45286 7.44896,
	1.43525 7.4454,
	1.41853 7.43957,
	1.40309 7.4316,
	1.38932 7.4217,
	1.37756 7.4101,
	1.3681 7.3971,
	1.36117 7.38301,
	"/>
</Transform>

<Transform dim="1"
 xcoef=" 0.0293941072277631 1 0 0 0 0"
 ycoef=" 0.378857382046724 0 1 0 0 0">
<Contour name="D045" hidden="false" closed="true" simplified="true" border="0 0 1" fill="0 0 1" mode="13"
 points="2.67438 8.40852,
	2.6756 8.38676,
	2.67924 8.36545,
	2.68523 8.34501,
	2.69345 8.32586,
	2.70372 8.3084,
	2.71584 8.29297,
	2.72956 8.2799,
	2.7446 8.26945,
	2.76066 8.26182,
	2.77741 8.25719,
	2.79451 8.25563,
	2.8116 8.25719,
	2.82835 8.26182,
	2.84441 8.26945,
	2.85945 8.2799,
	2.87317 8.29297,
	2.88529 8.3084,
	2.89556 8.32586,
	2.90378 8.34501,
	2.90977 8.36545,
	2.91341 8.38676,
	2.91463 8.40852,
	2.91341 8.43028,
	2.90977 8.45159,
	2.90378 8.47203,
	2.89556 8.49118,
	2.88529 8.50864,
	2.87317 8.52407,
	2.85945 8.53714,
	2.84441 8.54759,
	2.82835 8.55522,
	2.8116 8.55985,
	2.79451 8.56141,
	2.77741 8.55985,
	2.76066 8.55522,
	2.7446 8.54759,
	2.72956 8.53714,
	2.71584 8.52407,
	2.70372 8.50864,
	2.69345 8.49118,
	2.68523 8.47203,
	2.67924 8.45159,
	2.6756 8.43028,
	"/>
<Contour name="D045 sym cand 3" hidden="false" closed="true" simplified="true" border="0 1 1" fill="0 1 1" mode="11"
 points="2.69349 7.91026,
	2.69825 7.89322,
	2.71236 7.87686,
	2.73524 7.86182,
	2.76599 7.8487,
	2.8034 7.83802,
	2.84597 7.83021,
	2.89203 7.82557,
	2.93974 7.82429,
	2.98721 7.82642,
	3.03256 7.83187,
	3.07399 7.84043,
	3.10987 7.85177,
	3.13875 7.86542,
	3.15951 7.88085,
	3.17132 7.89744,
	3.1737 7.91455,
	3.16657 7.93148,
	3.15021 7.94758,
	3.12526 7.96219,
	3.09272 7.97474,
	3.05387 7.98474,
	3.01026 7.99178,
	2.96362 7.9956,
	2.91579 7.99602,
	2.86867 7.99305,
	2.82414 7.98679,
	2.78395 7.9775,
	2.7497 7.96554,
	2.72275 7.95139,
	2.70416 7.93561,
	"/>
</Transform>

<Transform dim="1"
 xcoef=" 0.0293941072277631 1 0 0 0 0"
 ycoef=" 0.378857382046724 0 1 0 0 0">
<Contour name="D046" hidden="false" closed="true" simplified="true" border="0 0 1" fill="0 0 1" mode="13"
 points="12.4375 3.25401,
	12.4388 3.24093,
	12.4428 3.22812,
	12.4493 3.21588,
	12.4583 3.20448,
	12.4694 3.19415,
	12.4825 3.18513,
	12.4973 3.17761,
	12.5135 3.17176,
	12.5307 3.16771,
	12.5485 3.16553,
	12.5666 3.16529,
	12.5845 3.16698,
	12.6019 3.17058,
	12.6183 3.17599,
	12.6335 3.1831,
	12.6471 3.19176,
	12.6588 3.20178,
	12.6683 3.21294,
	12.6754 3.225,
	12.68 3.23769,
	12.682 3.25073,
	12.6814 3.26385,
	12.678 3.27675,
	12.6721 3.28915,
	12.6638 3.30079,
	12.6532 3.31141,
	12.6405 3.32078,
	12.6261 3.32869,
	12.6102 3.33497,
	12.5933 3.33948,
	12.5756 3.34213,
	12.5575 3.34286,
	12.5396 3.34165,
	12.522 3.33853,
	12.5053 3.33356,
	12.4897 3.32686,
	12.4757 3.31857,
	12.4636 3.30887,
	12.4535 3.29797,
	12.4457 3.28611,
	12.4405 3.27356,
	"/>
</Transform>

<Transform dim="1"
 xcoef=" 0.0293941072277631 1 0 0 0 0"
 ycoef=" 0.378857382046724 0 1 0 0 0">
<Contour name="D047" hidden="false" closed="true" simplified="true" border="0 0 1" fill="0 0 1" mode="13"
 points="3.2891 5.63687,
	3.2909 5.5848,
	3.29624 5.5348,
	3.3049 5.48884,
	3.31655 5.44875,
	3.33071 5.41613,
	3.34683 5.39225,
	3.36426 5.37808,
	3.38233 5.37417,
	3.4003 5.38068,
	3.41747 5.39734,
	3.43316 5.42351,
	3.44674 5.45813,
	3.45768 5.49985,
	3.46554 5.547,
	3.47001 5.59771,
	3.47091 5.64997,
	3.46821 5.70172,
	3.46201 5.75089,
	3.45257 5.79554,
	3.44025 5.8339,
	3.42554 5.86445,
	3.40903 5.88597,
	3.39137 5.89761,
	3.37326 5.89892,
	3.35542 5.88983,
	3.33856 5.87071,
	3.32334 5.84232,
	3.31038 5.80578,
	3.30017 5.76255,
	3.29314 5.71433,
	"/>
</Transform>

<Transform dim="1"
 xcoef=" 0.0293941072277631 1 0 0 0 0"
 ycoef=" 0.378857382046724 0 1 0 0 0">
<Contour name="D034" hidden="false" closed="true" simplified="true" border="0 0 1" fill="0 0 1" mode="13"
 points="9.59117 3.40878,
	9.5922 3.39431,
	9.59529 3.38013,
	9.60036 3.36654,
	9.60731 3.3538,
	9.61601 3.34219,
	9.62627 3.33193,
	9.63788 3.32323,
	9.65062 3.31628,
	9.66422 3.3112,
	9.67839 3.30812,
	9.69287 3.30709,
	9.70734 3.30812,
	9.72152 3.3112,
	9.73511 3.31628,
	9.74785 3.32323,
	9.75947 3.33193,
	9.76973 3.34219,
	9.77842 3.3538,
	9.78538 3.36654,
	9.79045 3.38013,
	9.79353 3.39431,
	9.79457 3.40878,
	9.79353 3.42326,
	9.79045 3.43744,
	9.78538 3.45103,
	9.77842 3.46377,
	9.76973 3.47538,
	9.75947 3.48564,
	9.74785 3.49434,
	9.73511 3.50129,
	9.72152 3.50636,
	9.70734 3.50945,
	9.69287 3.51048,
	9.67839 3.50945,
	9.66422 3.50636,
	9.65062 3.50129,
	9.63788 3.49434,
	9.62627 3.48564,
	9.61601 3.47538,
	9.60731 3.46377,
	9.60036 3.45103,
	9.59529 3.43744,
	9.5922 3.42326,
	"/>
</Transform>

<Transform dim="1"
 xcoef=" 0.0293941072277631 1 0 0 0 0"
 ycoef=" 0.378857382046724 0 1 0 0 0">
<Contour name="D035" hidden="false" closed="true" simplified="true" border="0 0 1" fill="0 0 1" mode="13"
 points="6.87534 3.09368,
	6.87619 3.08274,
	6.87873 3.07201,
	6.88291 3.06166,
	6.88866 3.0519,
	6.89586 3.0429,
	6.9044 3.03483,
	6.91411 3.02783,
	6.92481 3.02203,
	6.93632 3.01754,
	6.94841 3.01444,
	6.96088 3.01278,
	6.97349 3.01259,
	6.98602 3.01388,
	6.99823 3.01663,
	7.0099 3.02078,
	7.02082 3.02627,
	7.0308 3.03298,
	7.03964 3.04079,
	7.04719 3.04957,
	7.05331 3.05916,
	7.05789 3.06937,
	7.06085 3.08003,
	7.06213 3.09094,
	7.0617 3.1019,
	7.05958 3.1127,
	7.0558 3.12316,
	7.05044 3.13309,
	7.04359 3.14229,
	7.03537 3.15061,
	7.02594 3.15789,
	7.01547 3.164,
	7.00415 3.16883,
	6.99218 3.17229,
	6.97978 3.17431,
	6.96718 3.17487,
	6.95461 3.17394,
	6.9423 3.17155,
	6.93048 3.16775,
	6.91935 3.16259,
	6.90912 3.15617,
	6.89997 3.14862,
	6.89209 3.14007,
	6.8856 3.13067,
	6.88062 3.12059,
	6.87725 3.11003,
	"/>
</Transform>

<Transform dim="1"
 xcoef=" 0.0293941072277631 1 0 0 0 0"
 ycoef=" 0.378857382046724 0 1 0 0 0">
<Contour name="D036" hidden="false" closed="true" simplified="true" border="0 0 1" fill="0 0 1" mode="13"
 points="14.641 -2.13415,
	14.6448 -2.19123,
	14.6559 -2.24555,
	14.6737 -2.29447,
	14.6975 -2.33564,
	14.726 -2.36705,
	14.758 -2.38718,
	14.7918 -2.39507,
	14.8257 -2.39033,
	14.8583 -2.37319,
	14.8878 -2.34447,
	14.9129 -2.30558,
	14.9323 -2.25838,
	14.9452 -2.20517,
	14.9508 -2.14853,
	14.9489 -2.09119,
	14.9396 -2.03593,
	14.9234 -1.98542,
	14.901 -1.94211,
	14.8735 -1.9081,
	14.8423 -1.88503,
	14.8088 -1.87402,
	14.7747 -1.8756,
	14.7417 -1.8897,
	14.7113 -1.91563,
	14.6849 -1.95214,
	14.664 -1.99746,
	14.6494 -2.0494,
	"/>
</Transform>

<Transform dim="1"
 xcoef=" 0.0293941072277631 1 0 0 0 0"
 ycoef=" 0.378857382046724 0 1 0 0 0">
<Contour name="D039" hidden="false" closed="true" simplified="true" border="0 0 1" fill="0 0 1" mode="13"
 points="8.16847 1.28,
	8.1693 1.26403,
	8.17177 1.24832,
	8.17586 1.23311,
	8.18149 1.21864,
	8.18857 1.20514,
	8.19699 1.19281,
	8.20663 1.18186,
	8.21732 1.17246,
	8.22891 1.16476,
	8.2412 1.15887,
	8.254 1.15489,
	8.26711 1.15289,
	8.28033 1.15289,
	8.29345 1.15489,
	8.30625 1.15887,
	8.31854 1.16476,
	8.33012 1.17246,
	8.34082 1.18186,
	8.35045 1.19281,
	8.35888 1.20514,
	8.36596 1.21864,
	8.37159 1.23311,
	8.37567 1.24832,
	8.37815 1.26403,
	8.37898 1.28,
	8.37815 1.29596,
	8.37567 1.31167,
	8.37159 1.32688,
	8.36596 1.34135,
	8.35888 1.35486,
	8.35045 1.36718,
	8.34082 1.37813,
	8.33012 1.38753,
	8.31854 1.39523,
	8.30625 1.40112,
	8.29345 1.4051,
	8.28033 1.4071,
	8.26711 1.4071,
	8.254 1.4051,
	8.2412 1.40112,
	8.22891 1.39523,
	8.21732 1.38753,
	8.20663 1.37813,
	8.19699 1.36718,
	8.18857 1.35486,
	8.18149 1.34135,
	8.17586 1.32688,
	8.17177 1.31167,
	"/>
</Transform>

<Transform dim="1"
 xcoef=" 0.0293941072277631 1 0 0 0 0"
 ycoef=" 0.378857382046724 0 1 0 0 0">
<Contour name="D049" hidden="false" closed="true" simplified="true" border="0 0 1" fill="0 0 1" mode="13"
 points="10.1965 1.87759,
	10.1972 1.85906,
	10.1994 1.8408,
	10.2029 1.8231,
	10.2078 1.8062,
	10.2139 1.79036,
	10.2212 1.77582,
	10.2295 1.7628,
	10.2388 1.75148,
	10.2489 1.74203,
	10.2597 1.7346,
	10.2709 1.7293,
	10.2825 1.7262,
	10.2942 1.72535,
	10.3059 1.72676,
	10.3174 1.73042,
	10.3285 1.73626,
	10.3391 1.74421,
	10.349 1.75414,
	10.3581 1.7659,
	10.3662 1.77932,
	10.3732 1.79421,
	10.3791 1.81033,
	10.3836 1.82746,
	10.3868 1.84533,
	10.3885 1.86367,
	10.3889 1.88223,
	10.3878 1.90072,
	10.3853 1.91886,
	10.3815 1.93639,
	10.3763 1.95304,
	10.3699 1.96857,
	10.3623 1.98276,
	10.3537 1.99537,
	10.3442 2.00624,
	10.3339 2.01519,
	10.323 2.0221,
	10.3117 2.02686,
	10.3001 2.0294,
	10.2883 2.02968,
	10.2767 2.0277,
	10.2652 2.02349,
	10.2542 2.01711,
	10.2438 2.00866,
	10.2341 1.99826,
	10.2252 1.98606,
	10.2174 1.97226,
	10.2107 1.95704,
	10.2052 1.94064,
	10.201 1.92331,
	10.1981 1.90529,
	"/>
</Transform>

<Transform dim="1"
 xcoef=" 0.0293941072277631 1 0 0 0 0"
 ycoef=" 0.378857382046724 0 1 0 0 0">
<Contour name="D055" hidden="false" closed="true" simplified="true" border="0 0 1" fill="0 0 1" mode="13"
 points="1.12041 2.49113,
	1.1209 2.48214,
	1.12236 2.47326,
	1.12479 2.46457,
	1.12815 2.45619,
	1.13241 2.44821,
	1.13751 2.44071,
	1.1434 2.43378,
	1.15001 2.4275,
	1.15727 2.42195,
	1.16509 2.41717,
	1.17339 2.41324,
	1.18207 2.41018,
	1.19104 2.40805,
	1.20018 2.40685,
	1.20941 2.40661,
	1.21861 2.40733,
	1.22767 2.409,
	1.23651 2.4116,
	1.24501 2.4151,
	1.25308 2.41946,
	1.26063 2.42463,
	1.26758 2.43056,
	1.27384 2.43717,
	1.27934 2.44439,
	1.28403 2.45215,
	1.28784 2.46034,
	1.29074 2.46888,
	1.29269 2.47768,
	1.29367 2.48663,
	1.29367 2.49563,
	1.29269 2.50458,
	1.29074 2.51337,
	1.28784 2.52192,
	1.28403 2.53011,
	1.27934 2.53786,
	1.27384 2.54509,
	1.26758 2.5517,
	1.26063 2.55763,
	1.25308 2.5628,
	1.24501 2.56716,
	1.23651 2.57066,
	1.22767 2.57326,
	1.21861 2.57492,
	1.20941 2.57564,
	1.20018 2.5754,
	1.19104 2.57421,
	1.18207 2.57207,
	1.17339 2.56902,
	1.16509 2.56508,
	1.15727 2.56031,
	1.15001 2.55475,
	1.1434 2.54848,
	1.13751 2.54155,
	1.13241 2.53405,
	1.12815 2.52606,
	1.12479 2.51768,
	1.12236 2.509,
	1.1209 2.50011,
	"/>
</Transform>

<Transform dim="1"
 xcoef=" 0.0293941072277631 1 0 0 0 0"
 ycoef=" 0.378857382046724 0 1 0 0 0">
<Contour name="D049_ax03" hidden="false" closed="true" simplified="false" border="0 1 1" fill="0 1 1" mode="11"
 points="11.0996 0.937108,
	11.1113 0.925328,
	11.0642 0.878204,
	11.076 0.866424,
	11.1231 0.913547,
	11.1349 0.901766,
	11.1349 0.937108,
	"/>
</Transform>

<Transform dim="1"
 xcoef=" 0.0293941072277631 1 0 0 0 0"
 ycoef=" 0.378857382046724 0 1 0 0 0">
<Contour name="d046_o27" hidden="false" closed="true" simplified="false" border="1 0 0" fill="1 0 0" mode="-13"
 points="12.617 3.51925,
	12.6502 3.51925,
	12.6336 3.54967,
	"/>
</Transform>

<Transform dim="1"
 xcoef=" 0.0293941072277631 1 0 0 0 0"
 ycoef=" 0.378857382046724 0 1 0 0 0">
<Contour name="d046_o28" hidden="false" closed="true" simplified="false" border="1 0 0" fill="1 0 0" mode="-13"
 points="13.1176 3.12376,
	13.1508 3.12376,
	13.1342 3.15418,
	"/>
</Transform>

<Transform dim="1"
 xcoef=" 0.0293941072277631 1 0 0 0 0"
 ycoef=" 0.378857382046724 0 1 0 0 0">
<Contour name="D057" hidden="false" closed="true" simplified="true" border="0 0 1" fill="0 0 1" mode="11"
 points="6.17429 9.29537,
	6.17515 9.28254,
	6.17771 9.26994,
	6.18193 9.25779,
	6.18773 9.24632,
	6.19501 9.23571,
	6.20363 9.22618,
	6.21345 9.21788,
	6.22429 9.21096,
	6.23596 9.20554,
	6.24824 9.20173,
	6.26092 9.19959,
	6.27377 9.19916,
	6.28657 9.20045,
	6.29908 9.20343,
	6.31108 9.20805,
	6.32235 9.21423,
	6.33271 9.22186,
	6.34195 9.2308,
	6.34992 9.24089,
	6.35647 9.25196,
	6.36149 9.2638,
	6.36489 9.2762,
	6.3666 9.28894,
	6.3666 9.3018,
	6.36489 9.31455,
	6.36149 9.32695,
	6.35647 9.33879,
	6.34992 9.34985,
	6.34195 9.35995,
	6.33271 9.36889,
	6.32235 9.37651,
	6.31108 9.38269,
	6.29908 9.38732,
	6.28657 9.3903,
	6.27377 9.39158,
	6.26092 9.39115,
	6.24824 9.38902,
	6.23596 9.38521,
	6.22429 9.37979,
	6.21345 9.37287,
	6.20363 9.36457,
	6.19501 9.35503,
	6.18773 9.34443,
	6.18193 9.33295,
	6.17771 9.32081,
	"/>
</Transform>

<Transform dim="1"
 xcoef=" 0.0293941072277631 1 0 0 0 0"
 ycoef=" 0.378857382046724 0 1 0 0 0">
<Contour name="D057 ax01" hidden="false" closed="true" simplified="false" border="0 1 1" fill="0 1 1" mode="-9"
 points="3.38362 7.12375,
	3.39948 7.10789,
	3.33605 7.04447,
	3.35191 7.02861,
	3.41533 7.09204,
	3.43119 7.07618,
	3.43119 7.12375,
	"/>
</Transform>

<Transform dim="1"
 xcoef=" 0.0293941072277631 1 0 0 0 0"
 ycoef=" 0.378857382046724 0 1 0 0 0">
<Contour name="d046_p26" hidden="false" closed="true" simplified="true" border="1 1 0" fill="1 1 0" mode="11"
 points="11.947 2.56963,
	11.9488 2.56472,
	11.955 2.5549,
	11.9617 2.5463,
	11.9697 2.53832,
	11.9722 2.53648,
	11.9734 2.53525,
	11.9746 2.53525,
	11.9771 2.53341,
	11.9869 2.52973,
	11.9894 2.5285,
	11.9906 2.5285,
	11.9918 2.52727,
	12.0115 2.52052,
	12.0213 2.51807,
	12.0409 2.51807,
	12.0507 2.51807,
	12.0606 2.51929,
	12.0802 2.51745,
	12.0827 2.51622,
	12.0925 2.51438,
	12.0974 2.51316,
	12.0999 2.51316,
	12.1011 2.51193,
	12.1207 2.51009,
	12.1404 2.50947,
	12.16 2.51009,
	12.1698 2.51131,
	12.1747 2.51131,
	12.1797 2.51254,
	12.1895 2.51316,
	12.1944 2.51316,
	12.2042 2.515,
	12.2091 2.51684,
	12.2288 2.51929,
	12.2484 2.51991,
	12.2582 2.51991,
	12.2681 2.51807,
	12.273 2.51745,
	12.3123 2.5064,
	12.3221 2.50456,
	12.3245 2.50456,
	12.327 2.50333,
	12.3368 2.50272,
	12.3466 2.50088,
	12.3663 2.49965,
	12.3859 2.50026,
	12.3908 2.50026,
	12.4006 2.50211,
	12.4056 2.50272,
	12.408 2.50272,
	12.4105 2.50395,
	12.4203 2.50579,
	12.4295 2.51009,
	12.4344 2.51377,
	12.4369 2.51561,
	12.4381 2.51561,
	12.4424 2.51991,
	12.4491 2.52912,
	12.4528 2.53894,
	12.4541 2.54876,
	12.4541 2.5684,
	12.451 2.60769,
	12.4504 2.61751,
	12.4485 2.62733,
	12.4455 2.63716,
	12.4442 2.64207,
	12.443 2.64452,
	12.443 2.64575,
	12.4418 2.64698,
	12.4405 2.65189,
	12.4344 2.66171,
	12.432 2.66662,
	12.424 2.67583,
	12.4142 2.68258,
	12.4117 2.68381,
	12.4105 2.68381,
	12.4092 2.68504,
	12.3896 2.6924,
	12.3798 2.6967,
	12.3405 2.70836,
	12.3307 2.71082,
	12.3258 2.71143,
	12.3233 2.71205,
	12.3221 2.71205,
	12.3208 2.71327,
	12.3159 2.71389,
	12.3135 2.71512,
	12.2742 2.72432,
	12.2349 2.72985,
	12.2153 2.73353,
	12.2128 2.73353,
	12.2103 2.73476,
	12.2054 2.73537,
	12.2048 2.7366,
	12.195 2.73967,
	12.1938 2.7409,
	12.1913 2.7409,
	12.1889 2.74213,
	12.1876 2.74213,
	12.1864 2.74335,
	12.1668 2.74642,
	12.1569 2.74765,
	12.1373 2.74765,
	12.1275 2.74581,
	12.1177 2.74274,
	12.098 2.74213,
	12.0784 2.73844,
	12.0735 2.73722,
	12.0722 2.73599,
	12.0698 2.73599,
	12.06 2.73292,
	12.055 2.73108,
	12.0538 2.73108,
	12.0526 2.72985,
	12.0477 2.72801,
	12.0428 2.72494,
	12.0415 2.72494,
	12.0225 2.71143,
	12.0065 2.6967,
	11.998 2.68872,
	11.99 2.6789,
	11.9863 2.67399,
	11.9808 2.66417,
	11.9789 2.66171,
	11.9789 2.66048,
	11.9728 2.65127,
	11.963 2.63224,
	11.9605 2.62795,
	11.9599 2.62549,
	11.9587 2.62426,
	11.9574 2.61935,
	11.9531 2.60953,
	11.9531 2.6083,
	11.9519 2.60708,
	11.9513 2.60217,
	11.9501 2.60094,
	11.9495 2.59603,
	11.9476 2.59112,
	11.947 2.57147,
	11.947 2.57024,
	"/>
</Transform>

<Transform dim="1"
 xcoef=" 0.0293941072277631 1 0 0 0 0"
 ycoef=" 0.378857382046724 0 1 0 0 0">
<Contour name="d046" hidden="false" closed="true" simplified="true" border="1 1 0" fill="1 1 0" mode="11"
 points="12.3407 3.30183,
	12.3446 3.28595,
	12.3494 3.25418,
	12.3518 3.2383,
	12.3531 3.23036,
	12.3536 3.22639,
	12.3576 3.21051,
	12.3598 3.20257,
	12.3672 3.18669,
	12.3742 3.17081,
	12.3762 3.16684,
	12.3776 3.16287,
	12.3779 3.16187,
	12.3791 3.15989,
	12.3794 3.14401,
	12.3796 3.13607,
	12.3873 3.1043,
	12.3896 3.08842,
	12.3903 3.08445,
	12.3906 3.08247,
	12.3906 3.08222,
	12.3915 3.08147,
	12.3995 3.07999,
	12.4154 3.07577,
	12.4193 3.07477,
	12.4203 3.07477,
	12.4208 3.07428,
	12.4248 3.07353,
	12.4327 3.07105,
	12.4367 3.06956,
	12.4387 3.06882,
	12.4397 3.06857,
	12.4402 3.06807,
	12.4481 3.06485,
	12.4521 3.06336,
	12.4541 3.06237,
	12.4551 3.06237,
	12.4561 3.06162,
	12.458 3.06088,
	12.459 3.06038,
	12.4595 3.06038,
	12.46 3.05989,
	12.462 3.05914,
	12.463 3.0584,
	12.465 3.0579,
	12.467 3.05666,
	12.468 3.05641,
	12.4685 3.05592,
	12.4695 3.05567,
	12.47 3.05517,
	12.4719 3.05443,
	12.4739 3.05319,
	12.4759 3.05244,
	12.4799 3.05021,
	12.4819 3.04897,
	12.4824 3.04897,
	12.4844 3.04748,
	12.4848 3.04748,
	12.4888 3.04475,
	12.4893 3.04475,
	12.4973 3.03929,
	12.4992 3.03805,
	12.4997 3.03805,
	12.5035 3.03507,
	12.5054 3.03333,
	12.5067 3.03209,
	12.5072 3.03209,
	12.5087 3.03036,
	12.5097 3.02986,
	12.5255 3.02961,
	12.5275 3.02961,
	12.5593 3.02192,
	12.5633 3.02043,
	12.5652 3.01969,
	12.5662 3.01919,
	12.5821 3.01696,
	12.5901 3.01621,
	12.594 3.01646,
	12.602 3.01795,
	12.6059 3.01919,
	12.6099 3.02093,
	12.6119 3.02167,
	12.6159 3.02242,
	12.6238 3.0249,
	12.6318 3.02812,
	12.6476 3.03656,
	12.6516 3.03904,
	12.6595 3.04227,
	12.6635 3.04376,
	12.6655 3.0445,
	12.6695 3.04475,
	12.6715 3.04549,
	12.6794 3.04599,
	12.7112 3.04673,
	12.727 3.04698,
	12.731 3.04723,
	12.733 3.04748,
	12.737 3.04946,
	12.7449 3.05195,
	12.7608 3.05567,
	12.7767 3.05865,
	12.7806 3.05889,
	12.7886 3.05815,
	12.7965 3.05492,
	12.8283 3.0383,
	12.8442 3.03085,
	12.8521 3.02738,
	12.8561 3.02589,
	12.8581 3.02515,
	12.8591 3.02465,
	12.867 3.0177,
	12.871 3.01423,
	12.8749 3.0115,
	12.8829 3.00678,
	12.8868 3.0043,
	12.8908 3.00232,
	12.8928 3.00157,
	12.9007 2.99711,
	12.9047 2.99462,
	12.9127 2.98892,
	12.9166 2.98594,
	12.9186 2.9847,
	12.9265 2.9775,
	12.9303 2.97378,
	12.932 2.97179,
	12.934 2.97031,
	12.938 2.96832,
	12.9459 2.96534,
	12.9499 2.9641,
	12.9538 2.96336,
	12.9697 2.96261,
	12.9737 2.96236,
	12.9777 2.96261,
	12.9816 2.96336,
	12.9896 2.96609,
	12.9975 2.96807,
	12.9995 2.96857,
	13.0313 2.98296,
	13.0392 2.98743,
	13.0412 2.98842,
	13.0452 2.9914,
	13.0471 2.99214,
	13.063 3.00529,
	13.067 3.00852,
	13.069 3.00976,
	13.073 3.01125,
	13.0888 3.01448,
	13.1047 3.01621,
	13.1127 3.01572,
	13.1166 3.01522,
	13.1186 3.01522,
	13.1266 3.01323,
	13.1275 3.01299,
	13.128 3.01274,
	13.1288 3.01348,
	13.131 3.02936,
	13.1318 3.03333,
	13.132 3.03532,
	13.1333 3.03929,
	13.1335 3.04128,
	13.1347 3.04525,
	13.1355 3.04922,
	13.1367 3.05319,
	13.1382 3.06113,
	13.1392 3.06907,
	13.1397 3.07304,
	13.1402 3.07502,
	13.1407 3.08296,
	13.1407 3.08693,
	13.1414 3.09487,
	13.1427 3.10282,
	13.1427 3.1048,
	13.1434 3.10579,
	13.1439 3.10976,
	13.1459 3.1177,
	13.1469 3.12167,
	13.1474 3.12366,
	13.1484 3.12564,
	13.1509 3.13359,
	13.1519 3.14153,
	13.1521 3.14351,
	13.1529 3.1455,
	13.1553 3.16138,
	13.1561 3.16535,
	13.1561 3.16634,
	13.1573 3.17031,
	13.1581 3.1723,
	13.1583 3.17428,
	13.1583 3.17527,
	13.1605 3.18321,
	13.1633 3.19115,
	13.1648 3.19513,
	13.1658 3.1991,
	13.1665 3.20108,
	13.1665 3.20307,
	13.1628 3.20704,
	13.1608 3.20902,
	13.1593 3.21101,
	13.1514 3.22689,
	13.1439 3.24277,
	13.13 3.27453,
	13.1166 3.30629,
	13.1109 3.31424,
	13.1047 3.32218,
	13.097 3.32912,
	13.0811 3.34153,
	13.0732 3.34749,
	13.0692 3.35022,
	13.0613 3.35667,
	13.0533 3.36362,
	13.0494 3.36684,
	13.0335 3.38223,
	13.0176 3.39811,
	13.0156 3.40009,
	13.0124 3.40382,
	13.0079 3.41176,
	13.0002 3.42764,
	12.9938 3.44352,
	12.9906 3.45146,
	12.9868 3.4594,
	12.9824 3.46734,
	12.9727 3.48322,
	12.9578 3.4991,
	12.9501 3.5068,
	12.9462 3.51077,
	12.9422 3.51424,
	12.9382 3.51722,
	12.9342 3.51945,
	12.9206 3.53533,
	12.9156 3.54327,
	12.9102 3.55121,
	12.904 3.55915,
	12.8886 3.57504,
	12.8846 3.57901,
	12.8826 3.58099,
	12.8667 3.59117,
	12.8648 3.59241,
	12.8571 3.6001,
	12.8432 3.61598,
	12.8355 3.62392,
	12.8275 3.62988,
	12.8256 3.63136,
	12.8097 3.63682,
	12.8017 3.63955,
	12.7938 3.64179,
	12.762 3.64849,
	12.7581 3.64948,
	12.7561 3.65022,
	12.7543 3.64898,
	12.7491 3.64104,
	12.7486 3.64005,
	12.7452 3.63608,
	12.7434 3.63409,
	12.7422 3.63211,
	12.7265 3.61796,
	12.7226 3.61449,
	12.7146 3.60903,
	12.7107 3.60605,
	12.7067 3.60357,
	12.7027 3.60035,
	12.6948 3.59514,
	12.663 3.57901,
	12.659 3.57727,
	12.6571 3.57603,
	12.6531 3.57429,
	12.6452 3.56958,
	12.6412 3.56759,
	12.6253 3.56089,
	12.6174 3.55791,
	12.6154 3.55767,
	12.5995 3.55097,
	12.5916 3.54749,
	12.5896 3.5465,
	12.5856 3.54526,
	12.5836 3.54427,
	12.5677 3.5393,
	12.5638 3.53781,
	12.5558 3.53583,
	12.5538 3.53508,
	12.5518 3.53484,
	12.5439 3.53235,
	12.536 3.53111,
	12.532 3.53062,
	12.5241 3.52888,
	12.5161 3.52665,
	12.5002 3.52317,
	12.4923 3.52168,
	12.4903 3.52144,
	12.4893 3.52144,
	12.4883 3.52094,
	12.4868 3.51325,
	12.4866 3.51126,
	12.4848 3.50729,
	12.4841 3.50531,
	12.4816 3.50134,
	12.4811 3.50034,
	12.466 3.48446,
	12.4623 3.48049,
	12.4603 3.47851,
	12.4578 3.47454,
	12.4536 3.4666,
	12.4516 3.46263,
	12.4454 3.44674,
	12.4424 3.4388,
	12.4402 3.43086,
	12.4362 3.42292,
	12.4352 3.42094,
	12.4347 3.41994,
	12.4347 3.41945,
	12.4288 3.41151,
	12.4223 3.40357,
	12.4188 3.3996,
	12.4171 3.39761,
	12.4012 3.38719,
	12.3933 3.38173,
	12.3774 3.37305,
	12.3695 3.36709,
	12.3536 3.35369,
	12.3516 3.35195,
	12.3506 3.35096,
	12.3469 3.34302,
	12.3437 3.33508,
	12.3419 3.32714,
	12.3409 3.31126,
	12.3407 3.30332,
	12.3407 3.30232,
	12.3407 3.30208,
	"/>
<Contour name="Copy of d046_i16_p28" hidden="false" closed="true" simplified="true" border="1 1 0" fill="1 1 0" mode="11"
 points="12.3407 3.30183,
	12.3446 3.28595,
	12.3494 3.25418,
	12.3518 3.2383,
	12.3531 3.23036,
	12.3536 3.22639,
	12.3576 3.21051,
	12.3598 3.20257,
	12.3672 3.18669,
	12.3742 3.17081,
	12.3762 3.16684,
	12.3776 3.16287,
	12.3779 3.16187,
	12.3791 3.15989,
	12.3794 3.14401,
	12.3796 3.13607,
	12.3873 3.1043,
	12.3896 3.08842,
	12.3903 3.08445,
	12.3906 3.08247,
	12.3906 3.08222,
	12.3915 3.08147,
	12.3995 3.07999,
	12.4154 3.07577,
	12.4193 3.07477,
	12.4203 3.07477,
	12.4208 3.07428,
	12.4248 3.07353,
	12.4327 3.07105,
	12.4367 3.06956,
	12.4387 3.06882,
	12.4397 3.06857,
	12.4402 3.06807,
	12.4481 3.06485,
	12.4521 3.06336,
	12.4541 3.06237,
	12.4551 3.06237,
	12.4561 3.06162,
	12.458 3.06088,
	12.459 3.06038,
	12.4595 3.06038,
	12.46 3.05989,
	12.462 3.05914,
	12.463 3.0584,
	12.465 3.0579,
	12.467 3.05666,
	12.468 3.05641,
	12.4685 3.05592,
	12.4695 3.05567,
	12.47 3.05517,
	12.4719 3.05443,
	12.4739 3.05319,
	12.4759 3.05244,
	12.4799 3.05021,
	12.4819 3.04897,
	12.4824 3.04897,
	12.4844 3.04748,
	12.4848 3.04748,
	12.4888 3.04475,
	12.4893 3.04475,
	12.4973 3.03929,
	12.4992 3.03805,
	12.4997 3.03805,
	12.5035 3.03507,
	12.5054 3.03333,
	12.5067 3.03209,
	12.5072 3.03209,
	12.5087 3.03036,
	12.5097 3.02986,
	12.5255 3.02961,
	12.5275 3.02961,
	12.5593 3.02192,
	12.5633 3.02043,
	12.5652 3.01969,
	12.5662 3.01919,
	12.5821 3.01696,
	12.5901 3.01621,
	12.594 3.01646,
	12.602 3.01795,
	12.6059 3.01919,
	12.6099 3.02093,
	12.6119 3.02167,
	12.6159 3.02242,
	12.6238 3.0249,
	12.6318 3.02812,
	12.6476 3.03656,
	12.6516 3.03904,
	12.6595 3.04227,
	12.6635 3.04376,
	12.6655 3.0445,
	12.6695 3.04475,
	12.6715 3.04549,
	12.6794 3.04599,
	12.7112 3.04673,
	12.727 3.04698,
	12.731 3.04723,
	12.733 3.04748,
	12.737 3.04946,
	12.7449 3.05195,
	12.7608 3.05567,
	12.7767 3.05865,
	12.7806 3.05889,
	12.7886 3.05815,
	12.7965 3.05492,
	12.8283 3.0383,
	12.8442 3.03085,
	12.8521 3.02738,
	12.8561 3.02589,
	12.8581 3.02515,
	12.8591 3.02465,
	12.867 3.0177,
	12.871 3.01423,
	12.8749 3.0115,
	12.8829 3.00678,
	12.8868 3.0043,
	12.8908 3.00232,
	12.8928 3.00157,
	12.9007 2.99711,
	12.9047 2.99462,
	12.9127 2.98892,
	12.9166 2.98594,
	12.9186 2.9847,
	12.9265 2.9775,
	12.9303 2.97378,
	12.932 2.97179,
	12.934 2.97031,
	12.938 2.96832,
	12.9459 2.96534,
	12.9499 2.9641,
	12.9538 2.96336,
	12.9697 2.96261,
	12.9737 2.96236,
	12.9777 2.96261,
	12.9816 2.96336,
	12.9896 2.96609,
	12.9975 2.96807,
	12.9995 2.96857,
	13.0313 2.98296,
	13.0392 2.98743,
	13.0412 2.98842,
	13.0452 2.9914,
	13.0471 2.99214,
	13.063 3.00529,
	13.067 3.00852,
	13.069 3.00976,
	13.073 3.01125,
	13.0888 3.01448,
	13.1047 3.01621,
	13.1127 3.01572,
	13.1166 3.01522,
	13.1186 3.01522,
	13.1266 3.01323,
	13.1275 3.01299,
	13.128 3.01274,
	13.1288 3.01348,
	13.131 3.02936,
	13.1318 3.03333,
	13.132 3.03532,
	13.1333 3.03929,
	13.1335 3.04128,
	13.1347 3.04525,
	13.1355 3.04922,
	13.1367 3.05319,
	13.1382 3.06113,
	13.1392 3.06907,
	13.1397 3.07304,
	13.1402 3.07502,
	13.1407 3.08296,
	13.1407 3.08693,
	13.1414 3.09487,
	13.1427 3.10282,
	13.1427 3.1048,
	13.1434 3.10579,
	13.1439 3.10976,
	13.1459 3.1177,
	13.1469 3.12167,
	13.1474 3.12366,
	13.1484 3.12564,
	13.1509 3.13359,
	13.1519 3.14153,
	13.1521 3.14351,
	13.1529 3.1455,
	13.1553 3.16138,
	13.1561 3.16535,
	13.1561 3.16634,
	13.1573 3.17031,
	13.1581 3.1723,
	13.1583 3.17428,
	13.1583 3.17527,
	13.1605 3.18321,
	13.1633 3.19115,
	13.1648 3.19513,
	13.1658 3.1991,
	13.1665 3.20108,
	13.1665 3.20307,
	13.1628 3.20704,
	13.1608 3.20902,
	13.1593 3.21101,
	13.1514 3.22689,
	13.1439 3.24277,
	13.13 3.27453,
	13.1166 3.30629,
	13.1109 3.31424,
	13.1047 3.32218,
	13.097 3.32912,
	13.0811 3.34153,
	13.0732 3.34749,
	13.0692 3.35022,
	13.0613 3.35667,
	13.0533 3.36362,
	13.0494 3.36684,
	13.0335 3.38223,
	13.0176 3.39811,
	13.0156 3.40009,
	13.0124 3.40382,
	13.0079 3.41176,
	13.0002 3.42764,
	12.9938 3.44352,
	12.9906 3.45146,
	12.9868 3.4594,
	12.9824 3.46734,
	12.9727 3.48322,
	12.9578 3.4991,
	12.9501 3.5068,
	12.9462 3.51077,
	12.9422 3.51424,
	12.9382 3.51722,
	12.9342 3.51945,
	12.9206 3.53533,
	12.9156 3.54327,
	12.9102 3.55121,
	12.904 3.55915,
	12.8886 3.57504,
	12.8846 3.57901,
	12.8826 3.58099,
	12.8667 3.59117,
	12.8648 3.59241,
	12.8571 3.6001,
	12.8432 3.61598,
	12.8355 3.62392,
	12.8275 3.62988,
	12.8256 3.63136,
	12.8097 3.63682,
	12.8017 3.63955,
	12.7938 3.64179,
	12.762 3.64849,
	12.7581 3.64948,
	12.7561 3.65022,
	12.7543 3.64898,
	12.7491 3.64104,
	12.7486 3.64005,
	12.7452 3.63608,
	12.7434 3.63409,
	12.7422 3.63211,
	12.7265 3.61796,
	12.7226 3.61449,
	12.7146 3.60903,
	12.7107 3.60605,
	12.7067 3.60357,
	12.7027 3.60035,
	12.6948 3.59514,
	12.663 3.57901,
	12.659 3.57727,
	12.6571 3.57603,
	12.6531 3.57429,
	12.6452 3.56958,
	12.6412 3.56759,
	12.6253 3.56089,
	12.6174 3.55791,
	12.6154 3.55767,
	12.5995 3.55097,
	12.5916 3.54749,
	12.5896 3.5465,
	12.5856 3.54526,
	12.5836 3.54427,
	12.5677 3.5393,
	12.5638 3.53781,
	12.5558 3.53583,
	12.5538 3.53508,
	12.5518 3.53484,
	12.5439 3.53235,
	12.536 3.53111,
	12.532 3.53062,
	12.5241 3.52888,
	12.5161 3.52665,
	12.5002 3.52317,
	12.4923 3.52168,
	12.4903 3.52144,
	12.4893 3.52144,
	12.4883 3.52094,
	12.4868 3.51325,
	12.4866 3.51126,
	12.4848 3.50729,
	12.4841 3.50531,
	12.4816 3.50134,
	12.4811 3.50034,
	12.466 3.48446,
	12.4623 3.48049,
	12.4603 3.47851,
	12.4578 3.47454,
	12.4536 3.4666,
	12.4516 3.46263,
	12.4454 3.44674,
	12.4424 3.4388,
	12.4402 3.43086,
	12.4362 3.42292,
	12.4352 3.42094,
	12.4347 3.41994,
	12.4347 3.41945,
	12.4288 3.41151,
	12.4223 3.40357,
	12.4188 3.3996,
	12.4171 3.39761,
	12.4012 3.38719,
	12.3933 3.38173,
	12.3774 3.37305,
	12.3695 3.36709,
	12.3536 3.35369,
	12.3516 3.35195,
	12.3506 3.35096,
	12.3469 3.34302,
	12.3437 3.33508,
	12.3419 3.32714,
	12.3409 3.31126,
	12.3407 3.30332,
	12.3407 3.30232,
	12.3407 3.30208,
	"/>
</Transform>

<Transform dim="1"
 xcoef=" 9.21939410722776 1 0 0 0 0"
 ycoef=" 13.0688573820467 0 1 0 0 0">
<Image mag="0.00201646" contrast="1.4071" brightness="-0.535" red="true" green="true" blue="true"
 src="129.tif_1.bmp" />
<Contour name="domain1" hidden="false" closed="true" simplified="false" border="1 0 1" fill="1 0 1" mode="11"
 points="0 0,
	16383 0,
	16383 16383,
	0 16383,
	"/>
</Transform>

<Transform dim="0"
 xcoef=" 0 1 0 0 0 0"
 ycoef=" 0 0 1 0 0 0">
<Contour name="d046_checked" hidden="false" closed="true" simplified="false" border="0 1 0" fill="0 1 0" mode="-13"
 points="12.5931 3.1587,
	12.6014 3.1472,
	12.5931 3.13569,
	12.5981 3.13569,
	12.6046 3.14556,
	12.6112 3.13569,
	12.6161 3.13569,
	12.6079 3.1472,
	12.6161 3.1587,
	12.6112 3.1587,
	12.6046 3.14884,
	12.5981 3.1587,
	"/>
</Transform>

<Transform dim="0"
 xcoef=" 0 1 0 0 0 0"
 ycoef=" 0 0 1 0 0 0">
<Contour name="d046_checked" hidden="false" closed="true" simplified="false" border="0 1 0" fill="0 1 0" mode="-13"
 points="13.0938 2.7618,
	13.1001 2.75297,
	13.0938 2.74414,
	13.0976 2.74414,
	13.1026 2.75171,
	13.1077 2.74414,
	13.1114 2.74414,
	13.1051 2.75297,
	13.1114 2.7618,
	13.1077 2.7618,
	13.1026 2.75423,
	13.0976 2.7618,
	"/>
</Transform>

<Transform dim="0"
 xcoef=" 0 1 0 0 0 0"
 ycoef=" 0 0 1 0 0 0">
<Contour name="d046_o29" hidden="false" closed="true" simplified="false" border="1 0 0" fill="1 0 0" mode="-13"
 points="12.43 2.70618,
	12.4632 2.70618,
	12.4466 2.7366,
	"/>
<Contour name="d046_checked" hidden="false" closed="true" simplified="false" border="0 1 0" fill="0 1 0" mode="-13"
 points="12.4353 2.73024,
	12.4433 2.71899,
	12.4353 2.70774,
	12.4401 2.70774,
	12.4465 2.71738,
	12.453 2.70774,
	12.4578 2.70774,
	12.4498 2.71899,
	12.4578 2.73024,
	12.453 2.73024,
	12.4465 2.7206,
	12.4401 2.73024,
	"/>
</Transform>

<Transform dim="1"
 xcoef=" 0 1 0 0 0 0"
 ycoef=" 0.05 0 1 0 0 0">
<Contour name="d046_p27" hidden="false" closed="true" simplified="true" border="1 1 0" fill="1 1 0" mode="11"
 points="12.3792 3.34075,
	12.3802 3.33398,
	12.3813 3.3306,
	12.3887 3.31706,
	12.3925 3.31029,
	12.3957 3.30352,
	12.3993 3.29675,
	12.4001 3.29506,
	12.405 3.28829,
	12.4103 3.28152,
	12.4191 3.26798,
	12.4314 3.25444,
	12.4342 3.25105,
	12.435 3.24936,
	12.4418 3.24301,
	12.4477 3.23624,
	12.4505 3.23286,
	12.4549 3.22609,
	12.4574 3.21932,
	12.4585 3.21593,
	12.46 3.20916,
	12.4604 3.20577,
	12.4596 3.199,
	12.4589 3.19562,
	12.4581 3.19393,
	12.4583 3.19054,
	12.4591 3.19033,
	12.4862 3.19625,
	12.4998 3.19879,
	12.5065 3.20006,
	12.5336 3.20662,
	12.5471 3.21128,
	12.5742 3.22143,
	12.5878 3.22672,
	12.6148 3.23878,
	12.6284 3.24534,
	12.6352 3.24851,
	12.6622 3.2629,
	12.669 3.26671,
	12.6961 3.28638,
	12.7096 3.29654,
	12.7156 3.30331,
	12.7211 3.31008,
	12.7249 3.31685,
	12.727 3.32023,
	12.7274 3.32108,
	12.7276 3.3215,
	12.7208 3.32256,
	12.7141 3.32446,
	12.7073 3.32891,
	12.6938 3.33991,
	12.6904 3.34266,
	12.6887 3.34414,
	12.6616 3.36276,
	12.6548 3.36657,
	12.6514 3.36805,
	12.6498 3.36889,
	12.643 3.37101,
	12.6159 3.37545,
	12.6125 3.37609,
	12.6108 3.3763,
	12.61 3.3763,
	12.6032 3.37862,
	12.5964 3.37926,
	12.5829 3.37989,
	12.5795 3.38032,
	12.5524 3.37884,
	12.5389 3.37968,
	12.5321 3.38053,
	12.5287 3.38074,
	12.5152 3.38772,
	12.5084 3.39153,
	12.505 3.39322,
	12.5034 3.39407,
	12.5 3.3947,
	12.4864 3.39576,
	12.4797 3.39597,
	12.4763 3.39618,
	12.4627 3.39491,
	12.456 3.39407,
	12.4526 3.39386,
	12.4458 3.39132,
	12.439 3.38941,
	12.4357 3.38857,
	12.4221 3.38307,
	12.4153 3.38011,
	12.412 3.37862,
	12.4052 3.37376,
	12.3984 3.36805,
	12.395 3.36508,
	12.3942 3.36424,
	12.3925 3.36318,
	12.3857 3.35641,
	12.3821 3.34964,
	12.3804 3.34625,
	12.3796 3.34456,
	12.3792 3.34118,
	12.3792 3.34097,
	"/>
</Transform>

<Transform dim="1"
 xcoef=" 0.1 1 0 0 0 0"
 ycoef=" 0 0 1 0 0 0">
<Contour name="d046_p28" hidden="false" closed="true" simplified="true" border="1 1 0" fill="1 1 0" mode="11"
 points="13.1969 2.63458,
	13.2036 2.63165,
	13.2041 2.63186,
	13.2309 2.62222,
	13.2376 2.62012,
	13.2443 2.61844,
	13.251 2.61739,
	13.2577 2.61676,
	13.2711 2.61635,
	13.2745 2.61614,
	13.2762 2.61593,
	13.2896 2.61802,
	13.2929 2.61865,
	13.2946 2.61907,
	13.308 2.62536,
	13.3097 2.6262,
	13.3131 2.62851,
	13.3139 2.62871,
	13.3173 2.63144,
	13.3189 2.6327,
	13.3317 2.64612,
	13.338 2.65282,
	13.3437 2.65953,
	13.3466 2.66289,
	13.3569 2.6763,
	13.3621 2.68301,
	13.3634 2.68469,
	13.3766 2.69811,
	13.3783 2.69978,
	13.385 2.7044,
	13.3867 2.70544,
	13.39 2.70649,
	13.4034 2.7088,
	13.4303 2.71236,
	13.4571 2.71635,
	13.4839 2.71949,
	13.4906 2.72054,
	13.5041 2.72326,
	13.5175 2.72641,
	13.5242 2.72851,
	13.5259 2.72913,
	13.5292 2.72955,
	13.5359 2.73228,
	13.5426 2.73542,
	13.5493 2.73899,
	13.556 2.7436,
	13.5577 2.74486,
	13.5634 2.75157,
	13.5642 2.75241,
	13.5676 2.75911,
	13.5688 2.76247,
	13.569 2.76918,
	13.5693 2.77253,
	13.5684 2.78595,
	13.5682 2.7893,
	13.5678 2.79098,
	13.569 2.79769,
	13.5695 2.79937,
	13.5714 2.80272,
	13.581 2.81614,
	13.586 2.82285,
	13.5883 2.8262,
	13.5896 2.82788,
	13.5934 2.83459,
	13.5953 2.83794,
	13.5965 2.83962,
	13.5997 2.84633,
	13.6024 2.85304,
	13.6047 2.85974,
	13.6053 2.86142,
	13.6062 2.86813,
	13.6068 2.87148,
	13.6072 2.87819,
	13.6076 2.88155,
	13.6078 2.88826,
	13.6074 2.89161,
	13.6072 2.89329,
	13.6072 2.89413,
	13.6066 2.8958,
	13.6062 2.89664,
	13.6059 2.90335,
	13.6064 2.91006,
	13.6074 2.91341,
	13.6091 2.91677,
	13.6185 2.93018,
	13.6233 2.93689,
	13.6254 2.94025,
	13.6271 2.9436,
	13.6296 2.95031,
	13.6303 2.95702,
	13.6298 2.96037,
	13.6288 2.96373,
	13.6284 2.96541,
	13.6252 2.96771,
	13.6219 2.96918,
	13.6185 2.97023,
	13.6168 2.97065,
	13.6135 2.97023,
	13.6118 2.97002,
	13.6085 2.96876,
	13.6018 2.96541,
	13.595 2.96163,
	13.5917 2.95933,
	13.5908 2.95891,
	13.5875 2.95597,
	13.5808 2.95178,
	13.5774 2.94968,
	13.5758 2.94842,
	13.5724 2.94675,
	13.5709 2.94507,
	13.5701 2.94444,
	13.5684 2.94402,
	13.5667 2.94318,
	13.56 2.93836,
	13.5567 2.93626,
	13.555 2.93522,
	13.5483 2.92977,
	13.5449 2.92704,
	13.5382 2.92096,
	13.5349 2.91803,
	13.5219 2.90461,
	13.5154 2.8979,
	13.5032 2.88448,
	13.4921 2.87106,
	13.4864 2.86436,
	13.4734 2.85094,
	13.4718 2.84926,
	13.4663 2.84255,
	13.4636 2.8392,
	13.4623 2.83752,
	13.4619 2.83668,
	13.4552 2.83102,
	13.4519 2.8283,
	13.4502 2.82767,
	13.4435 2.8241,
	13.4401 2.82201,
	13.4368 2.82075,
	13.4334 2.81907,
	13.4267 2.81698,
	13.4233 2.81593,
	13.4217 2.81551,
	13.415 2.81257,
	13.4116 2.81111,
	13.4049 2.80922,
	13.4015 2.80838,
	13.4007 2.80775,
	13.4003 2.80733,
	13.3869 2.80607,
	13.3802 2.80524,
	13.3734 2.80482,
	13.3701 2.8044,
	13.3567 2.80461,
	13.3533 2.80503,
	13.3265 2.80482,
	13.2997 2.80419,
	13.2929 2.80356,
	13.2896 2.80314,
	13.2862 2.80377,
	13.2795 2.80628,
	13.2778 2.8067,
	13.2711 2.80943,
	13.2678 2.8109,
	13.2544 2.81467,
	13.2477 2.81656,
	13.2468 2.81677,
	13.2435 2.81907,
	13.242 2.82012,
	13.2386 2.82327,
	13.237 2.82494,
	13.2368 2.82515,
	13.2324 2.81174,
	13.2303 2.80503,
	13.2269 2.79161,
	13.225 2.7849,
	13.2236 2.77819,
	13.2215 2.76477,
	13.2202 2.75807,
	13.2126 2.73123,
	13.212 2.72955,
	13.211 2.71614,
	13.2106 2.70943,
	13.2101 2.70607,
	13.2101 2.7044,
	13.2049 2.67756,
	13.2001 2.65073,
	13.1973 2.63731,
	13.1971 2.63563,
	13.1969 2.63479,
	"/>
</Transform>

<Transform dim="1"
 xcoef=" 0 1 0 0 0 0"
 ycoef=" -0.05 0 1 0 0 0">
<Contour name="d046_p29" hidden="false" closed="true" simplified="true" border="1 1 0" fill="1 1 0" mode="11"
 points="12.3562 2.62193,
	12.3578 2.61599,
	12.3608 2.61004,
	12.3615 2.60855,
	12.3635 2.60558,
	12.3656 2.6026,
	12.3703 2.59665,
	12.3717 2.59526,
	12.3725 2.59461,
	12.3784 2.59117,
	12.3814 2.58959,
	12.3873 2.58903,
	12.3888 2.58894,
	12.3896 2.58885,
	12.4134 2.59164,
	12.4253 2.59312,
	12.4282 2.59349,
	12.4342 2.59387,
	12.4372 2.59405,
	12.4401 2.59442,
	12.4416 2.5947,
	12.4476 2.59656,
	12.4535 2.59814,
	12.4654 2.59981,
	12.4714 2.60056,
	12.4743 2.60084,
	12.4803 2.60065,
	12.4809 2.60074,
	12.469 2.61022,
	12.4631 2.61506,
	12.4616 2.61617,
	12.4557 2.61961,
	12.4438 2.62612,
	12.4408 2.62779,
	12.4378 2.62928,
	12.414 2.63941,
	12.411 2.64061,
	12.3873 2.64786,
	12.3813 2.64963,
	12.3798 2.65009,
	12.3679 2.65214,
	12.362 2.65335,
	12.3612 2.65353,
	12.361 2.65363,
	12.3609 2.65353,
	12.3606 2.64758,
	12.3603 2.64461,
	12.3585 2.63271,
	12.3572 2.62677,
	12.3566 2.62379,
	12.3562 2.6223,
	12.3562 2.62203,
	"/>
</Transform>

<Transform dim="0"
 xcoef=" 0 1 0 0 0 0"
 ycoef=" 0 0 1 0 0 0">
<Contour name="d046_c26" hidden="false" closed="true" simplified="true" border="1 0 0" fill="1 0 0" mode="11"
 points="11.9949 2.10188,
	12.0239 2.06694,
	12.0271 2.06258,
	12.0293 2.06094,
	12.0643 2.0522,
	12.0817 2.04838,
	12.0905 2.0462,
	12.0948 2.04511,
	12.1647 2.04674,
	12.1997 2.04729,
	12.2084 2.04784,
	12.2433 2.05603,
	12.2608 2.06421,
	12.2783 2.07404,
	12.2958 2.08824,
	12.3001 2.09206,
	12.3121 2.10953,
	12.3181 2.11826,
	12.3214 2.127,
	12.3247 2.14447,
	12.3263 2.1532,
	12.3269 2.15757,
	12.3045 2.19251,
	12.3018 2.19688,
	12.3007 2.19906,
	12.2963 2.20179,
	12.2614 2.21653,
	12.2439 2.22418,
	12.174 2.22909,
	12.1041 2.22909,
	12.0867 2.22745,
	12.0517 2.22145,
	12.0473 2.2209,
	12.0299 2.21053,
	12.0211 2.20507,
	12.0168 2.20234,
	12.0146 2.2007,
	12.0097 2.19197,
	12.0069 2.1876,
	12.0053 2.18323,
	12.0069 2.16576,
	12.002 2.14829,
	11.9993 2.13956,
	11.9982 2.13519,
	11.9966 2.11772,
	11.9955 2.10898,
	11.9955 2.10461,
	11.9949 2.10243,
	"/>
</Transform>

<Transform dim="1"
 xcoef=" 0 1 0 0 0 0"
 ycoef=" -0.01 0 1 0 0 0">
<Contour name="d046_cfa26" hidden="false" closed="false" simplified="false" border="0 1 0" fill="0 1 0" mode="11"
 points="12.3156 2.12786,
	12.2566 2.1426,
	12.2058 2.14861,
	12.1594 2.14424,
	12.107 2.14315,
	12.0617 2.14806,
	12.0049 2.15352,
	"/>
</Transform>

</Section>