<?xml version="1.0"?>
<!DOCTYPE Section SYSTEM "section.dtd">

<Section index="179" thickness="0.052" alignLocked="true">
<Transform dim="1"
 xcoef=" 11.7334552242705 1 0 0 0 0"
 ycoef=" 13.3753494124022 0 1 0 0 0">
<Image mag="0.00201646" contrast="1" brightness="-0.255" red="true" green="true" blue="true"
 src="179.tif_1.bmp" />
<Contour name="domain1" hidden="false" closed="true" simplified="false" border="1 0 1" fill="1 0 1" mode="11"
 points="0 0,
	16383 0,
	16383 16383,
	0 16383,
	"/>
</Transform>

<Transform dim="1"
 xcoef=" 11.7334552242705 1 0 0 0 0"
 ycoef=" 13.3753494124022 0 1 0 0 0">
<Contour name="D058" hidden="false" closed="true" simplified="true" border="0 0 1" fill="0 0 1" mode="11"
 points="17.0302 23.2012,
	17.033 23.186,
	17.0414 23.1714,
	17.0549 23.1582,
	17.0729 23.1468,
	17.0948 23.1378,
	17.1195 23.1316,
	17.1459 23.1284,
	17.1729 23.1284,
	17.1993 23.1316,
	17.224 23.1378,
	17.2458 23.1468,
	17.2639 23.1582,
	17.2774 23.1714,
	17.2858 23.186,
	17.2886 23.2012,
	17.2858 23.2164,
	17.2774 23.2309,
	17.2639 23.2441,
	17.2458 23.2555,
	17.224 23.2645,
	17.1993 23.2707,
	17.1729 23.2739,
	17.1459 23.2739,
	17.1195 23.2707,
	17.0948 23.2645,
	17.0729 23.2555,
	17.0549 23.2441,
	17.0414 23.2309,
	17.033 23.2164,
	"/>
</Transform>

<Transform dim="1"
 xcoef=" 11.7334552242705 1 0 0 0 0"
 ycoef=" 13.3753494124022 0 1 0 0 0">
<Contour name="D057" hidden="false" closed="true" simplified="true" border="0 0 1" fill="0 0 1" mode="11"
 points="17.2351 22.8216,
	17.2356 22.8107,
	17.2371 22.7999,
	17.2395 22.7894,
	17.2428 22.7792,
	17.2469 22.7695,
	17.252 22.7603,
	17.2578 22.7518,
	17.2643 22.7441,
	17.2715 22.7372,
	17.2792 22.7312,
	17.2874 22.7261,
	17.2961 22.7221,
	17.305 22.7192,
	17.3142 22.7173,
	17.3234 22.7166,
	17.3327 22.7171,
	17.3419 22.7186,
	17.3509 22.7213,
	17.3596 22.725,
	17.3679 22.7298,
	17.3758 22.7356,
	17.3831 22.7423,
	17.3898 22.7498,
	17.3958 22.7581,
	17.401 22.7672,
	17.4054 22.7768,
	17.409 22.7868,
	17.4116 22.7973,
	17.4133 22.808,
	17.414 22.8189,
	17.4137 22.8298,
	17.4125 22.8406,
	17.4104 22.8512,
	17.4073 22.8614,
	17.4033 22.8713,
	17.3985 22.8806,
	17.3929 22.8893,
	17.3866 22.8972,
	17.3796 22.9044,
	17.3719 22.9106,
	17.3638 22.9159,
	17.3553 22.9202,
	17.3464 22.9234,
	17.3373 22.9255,
	17.3281 22.9265,
	17.3188 22.9263,
	17.3096 22.925,
	17.3005 22.9227,
	17.2917 22.9192,
	17.2833 22.9147,
	17.2753 22.9091,
	17.2678 22.9027,
	17.2609 22.8953,
	17.2548 22.8872,
	17.2493 22.8783,
	17.2447 22.8689,
	17.241 22.8589,
	17.2381 22.8485,
	17.2362 22.8379,
	"/>
</Transform>

<Transform dim="1"
 xcoef=" 9.58463037960034 1 0 0 0 0"
 ycoef=" 8.94747798397552 0 1 0 0 0">
<Contour name="d057_o0#" hidden="false" closed="true" simplified="false" border="1 0 0" fill="1 0 0" mode="-13"
 points="14.9744 18.4677,
	15.0054 18.4677,
	14.9899 18.496,
	"/>
</Transform>

<Transform dim="1"
 xcoef=" 9.58463037960034 1 0 0 0 0"
 ycoef=" 8.94747798397552 0 1 0 0 0">
<Contour name="D046" hidden="true" closed="true" simplified="true" border="0 0 1" fill="0 0 1" mode="11"
 points="22.7953 12.1716,
	22.8027 12.1528,
	22.8242 12.1356,
	22.8579 12.1216,
	22.9008 12.112,
	22.9491 12.1078,
	22.9985 12.1092,
	23.0446 12.1162,
	23.0833 12.1281,
	23.1112 12.1439,
	23.1258 12.1621,
	23.1258 12.1812,
	23.1112 12.1994,
	23.0833 12.2152,
	23.0446 12.2271,
	22.9985 12.2341,
	22.9491 12.2355,
	22.9008 12.2312,
	22.8579 12.2217,
	22.8242 12.2077,
	"/>
</Transform>

<Transform dim="0"
 xcoef=" 0 1 0 0 0 0"
 ycoef=" 0 0 1 0 0 0">
<Contour name="D057 ax01" hidden="false" closed="true" simplified="false" border="0 1 1" fill="0 1 1" mode="-9"
 points="4.45313 8.03647,
	4.46389 8.02571,
	4.42082 7.98263,
	4.43159 7.97186,
	4.47466 8.01494,
	4.48543 8.00417,
	4.48543 8.03647,
	"/>
</Transform>

<Transform dim="0"
 xcoef=" 0 1 0 0 0 0"
 ycoef=" 0 0 1 0 0 0">
<Contour name="D045" hidden="false" closed="true" simplified="true" border="0 0 1" fill="0 0 1" mode="11"
 points="2.4122 8.00461,
	2.41322 7.9906,
	2.41627 7.97683,
	2.42129 7.96352,
	2.4282 7.9509,
	2.43688 7.93918,
	2.4472 7.92855,
	2.45897 7.9192,
	2.47199 7.91129,
	2.48606 7.90493,
	2.50093 7.90025,
	2.51636 7.89732,
	2.53208 7.89618,
	2.54784 7.89686,
	2.56337 7.89935,
	2.5784 7.9036,
	2.59269 7.90955,
	2.606 7.91709,
	2.61811 7.92609,
	2.6288 7.93641,
	2.63791 7.94787,
	2.64527 7.96029,
	2.65077 7.97345,
	2.65432 7.98713,
	2.65585 8.0011,
	2.65534 8.01513,
	2.6528 8.02898,
	2.64826 8.04243,
	2.64182 8.05524,
	2.63356 8.06721,
	2.62364 8.07812,
	2.61222 8.08781,
	2.59949 8.09609,
	2.58566 8.10285,
	2.57096 8.10796,
	2.55565 8.11134,
	2.53998 8.11292,
	2.5242 8.1127,
	2.50859 8.11066,
	2.49341 8.10684,
	2.47891 8.10131,
	2.46534 8.09416,
	2.45291 8.08551,
	2.44185 8.0755,
	2.43233 8.06431,
	2.42451 8.05211,
	2.41854 8.03912,
	2.41449 8.02555,
	"/>
</Transform>

<Transform dim="0"
 xcoef=" 0 1 0 0 0 0"
 ycoef=" 0 0 1 0 0 0">
<Contour name="D019" hidden="false" closed="true" simplified="true" border="0 0 1" fill="0 0 1" mode="11"
 points="3.01779 5.29764,
	3.0192 5.28326,
	3.0234 5.2692,
	3.0303 5.25577,
	3.03974 5.24328,
	3.05152 5.23201,
	3.06536 5.2222,
	3.08097 5.21407,
	3.09798 5.20782,
	3.11603 5.20357,
	3.1347 5.20142,
	3.15359 5.20142,
	3.17226 5.20357,
	3.19031 5.20782,
	3.20732 5.21407,
	3.22293 5.2222,
	3.23677 5.23201,
	3.24854 5.24328,
	3.25799 5.25577,
	3.26489 5.2692,
	3.26909 5.28326,
	3.2705 5.29764,
	3.26909 5.31202,
	3.26489 5.32608,
	3.25799 5.3395,
	3.24854 5.35199,
	3.23677 5.36327,
	3.22293 5.37308,
	3.20732 5.3812,
	3.19031 5.38746,
	3.17226 5.39171,
	3.15359 5.39386,
	3.1347 5.39386,
	3.11603 5.39171,
	3.09798 5.38746,
	3.08097 5.3812,
	3.06536 5.37308,
	3.05152 5.36327,
	3.03974 5.35199,
	3.0303 5.3395,
	3.0234 5.32608,
	"/>
</Transform>

<Transform dim="0"
 xcoef=" 0 1 0 0 0 0"
 ycoef=" 0 0 1 0 0 0">
<Contour name="D020" hidden="false" closed="true" simplified="true" border="0 0 1" fill="0 0 1" mode="11"
 points="9.38913 5.77891,
	9.39067 5.75529,
	9.39523 5.7322,
	9.40272 5.71015,
	9.41298 5.68964,
	9.42577 5.67112,
	9.4408 5.65501,
	9.45775 5.64167,
	9.47623 5.63139,
	9.49583 5.62441,
	9.51611 5.62088,
	9.53662 5.62088,
	9.5569 5.62441,
	9.5765 5.63139,
	9.59498 5.64167,
	9.61193 5.65501,
	9.62696 5.67112,
	9.63975 5.68964,
	9.65 5.71015,
	9.6575 5.7322,
	9.66206 5.75529,
	9.6636 5.77891,
	9.66206 5.80252,
	9.6575 5.82562,
	9.65 5.84766,
	9.63975 5.86817,
	9.62696 5.88669,
	9.61193 5.9028,
	9.59498 5.91614,
	9.5765 5.92642,
	9.5569 5.9334,
	9.53662 5.93693,
	9.51611 5.93693,
	9.49583 5.9334,
	9.47623 5.92642,
	9.45775 5.91614,
	9.4408 5.9028,
	9.42577 5.88669,
	9.41298 5.86817,
	9.40272 5.84766,
	9.39523 5.82562,
	"/>
</Transform>

</Section>