<?xml version="1.0"?>
<!DOCTYPE Section SYSTEM "section.dtd">

<Section index="223" thickness="0.052" alignLocked="true">
<Transform dim="1"
 xcoef=" 9.51148903225088 1 0 0 0 0"
 ycoef=" 8.67878892425354 0 1 0 0 0">
<Image mag="0.00201646" contrast="1.3401" brightness="-0.87" red="true" green="true" blue="true"
 src="223____z222.0.tif" />
<Contour name="domain1" hidden="false" closed="true" simplified="false" border="1 0 1" fill="1 0 1" mode="11"
 points="0 0,
	13727 0,
	13727 13535,
	0 13535,
	"/>
</Transform>

<Transform dim="1"
 xcoef=" 9.51148903225088 1 0 0 0 0"
 ycoef=" 8.67878892425354 0 1 0 0 0">
<Contour name="D057" hidden="false" closed="true" simplified="true" border="0 0 1" fill="0 0 1" mode="11"
 points="13.9502 18.6212,
	13.951 18.6084,
	13.9537 18.5957,
	13.9581 18.5835,
	13.9641 18.5719,
	13.9717 18.5611,
	13.9807 18.5512,
	13.991 18.5425,
	14.0025 18.535,
	14.0148 18.5289,
	14.028 18.5243,
	14.0416 18.5213,
	14.0556 18.5199,
	14.0696 18.5201,
	14.0835 18.5219,
	14.097 18.5253,
	14.11 18.5303,
	14.1221 18.5367,
	14.1333 18.5445,
	14.1433 18.5536,
	14.152 18.5637,
	14.1592 18.5747,
	14.1648 18.5865,
	14.1688 18.5988,
	14.171 18.6116,
	14.1714 18.6244,
	14.1701 18.6372,
	14.167 18.6498,
	14.1622 18.6619,
	14.1558 18.6733,
	14.1478 18.6839,
	14.1384 18.6935,
	14.1278 18.7019,
	14.1161 18.709,
	14.1036 18.7148,
	14.0903 18.719,
	14.0766 18.7216,
	14.0626 18.7226,
	14.0486 18.722,
	14.0347 18.7198,
	14.0213 18.716,
	14.0086 18.7106,
	13.9966 18.7038,
	13.9857 18.6957,
	13.976 18.6864,
	13.9677 18.676,
	13.9609 18.6648,
	13.9557 18.6528,
	13.9522 18.6404,
	"/>
</Transform>

<Transform dim="1"
 xcoef=" 9.51148903225088 1 0 0 0 0"
 ycoef=" 8.67878892425354 0 1 0 0 0">
<Contour name="D058" hidden="false" closed="true" simplified="true" border="0 0 1" fill="0 0 1" mode="11"
 points="14.8931 19.1428,
	14.8937 19.1319,
	14.8957 19.1211,
	14.8991 19.1105,
	14.9036 19.1003,
	14.9095 19.0904,
	14.9165 19.0811,
	14.9246 19.0724,
	14.9337 19.0644,
	14.9438 19.0572,
	14.9546 19.0509,
	14.9663 19.0454,
	14.9785 19.0409,
	14.9912 19.0374,
	15.0043 19.035,
	15.0176 19.0337,
	15.031 19.0334,
	15.0444 19.0342,
	15.0576 19.0361,
	15.0706 19.039,
	15.083 19.043,
	15.095 19.048,
	15.1063 19.0539,
	15.1167 19.0607,
	15.1264 19.0683,
	15.135 19.0767,
	15.1425 19.0857,
	15.149 19.0953,
	15.1542 19.1054,
	15.1581 19.1158,
	15.1608 19.1265,
	15.1621 19.1373,
	15.1621 19.1482,
	15.1608 19.1591,
	15.1581 19.1698,
	15.1542 19.1802,
	15.149 19.1903,
	15.1425 19.1998,
	15.135 19.2088,
	15.1264 19.2172,
	15.1167 19.2248,
	15.1063 19.2316,
	15.095 19.2375,
	15.083 19.2425,
	15.0706 19.2465,
	15.0576 19.2495,
	15.0444 19.2514,
	15.031 19.2522,
	15.0176 19.2519,
	15.0043 19.2505,
	14.9912 19.2481,
	14.9785 19.2446,
	14.9663 19.2402,
	14.9546 19.2347,
	14.9438 19.2283,
	14.9337 19.2211,
	14.9246 19.2131,
	14.9165 19.2044,
	14.9095 19.1951,
	14.9036 19.1853,
	14.8991 19.175,
	14.8957 19.1645,
	14.8937 19.1537,
	"/>
</Transform>

<Transform dim="1"
 xcoef=" 9.07919772184585 1 0 0 0 0"
 ycoef=" 8.11087681058418 0 1 0 0 0">
<Contour name="D046" hidden="true" closed="true" simplified="true" border="0 0 1" fill="0 0 1" mode="11"
 points="23.6844 11.7783,
	23.6855 11.7644,
	23.6888 11.7508,
	23.6941 11.7378,
	23.7015 11.7257,
	23.7107 11.7148,
	23.7216 11.7052,
	23.7338 11.6972,
	23.7471 11.691,
	23.7613 11.6867,
	23.776 11.6844,
	23.7909 11.6841,
	23.8057 11.6859,
	23.8201 11.6897,
	23.8337 11.6955,
	23.8462 11.703,
	23.8574 11.7122,
	23.867 11.7229,
	23.8749 11.7347,
	23.8808 11.7475,
	23.8846 11.761,
	23.8863 11.7748,
	23.8857 11.7887,
	23.883 11.8024,
	23.8781 11.8156,
	23.8712 11.8279,
	23.8624 11.8392,
	23.852 11.8492,
	23.8401 11.8576,
	23.827 11.8642,
	23.813 11.869,
	23.7984 11.8718,
	23.7835 11.8726,
	23.7686 11.8713,
	23.7542 11.868,
	23.7403 11.8627,
	23.7275 11.8556,
	23.716 11.8468,
	23.7059 11.8365,
	23.6976 11.825,
	23.6912 11.8124,
	23.6868 11.799,
	"/>
</Transform>

<Transform dim="0"
 xcoef=" 0 1 0 0 0 0"
 ycoef=" 0 0 1 0 0 0">
<Contour name="D045 sym cand 6" hidden="false" closed="true" simplified="true" border="0 1 1" fill="0 1 1" mode="11"
 points="2.10387 8.55824,
	2.10569 8.53673,
	2.1111 8.51562,
	2.12 8.49533,
	2.13222 8.47624,
	2.14753 8.45871,
	2.16564 8.44307,
	2.18621 8.42963,
	2.20883 8.41863,
	2.23309 8.4103,
	2.25851 8.40477,
	2.28462 8.40218,
	2.31092 8.40255,
	2.3369 8.40588,
	2.36208 8.41212,
	2.38597 8.42114,
	2.40812 8.43277,
	2.42811 8.44679,
	2.44555 8.46293,
	2.46011 8.48088,
	2.47152 8.50031,
	2.47957 8.52084,
	2.48408 8.54208,
	2.48499 8.56363,
	2.48227 8.58508,
	2.47598 8.60601,
	2.46623 8.62604,
	2.45321 8.64478,
	2.43717 8.66186,
	2.41841 8.67698,
	2.39729 8.68983,
	2.37422 8.70018,
	2.34962 8.70783,
	2.32398 8.71262,
	2.29778 8.71448,
	2.27151 8.71337,
	2.24568 8.7093,
	2.22078 8.70235,
	2.19729 8.69266,
	2.17564 8.68041,
	2.15626 8.66584,
	2.13951 8.64921,
	2.12571 8.63086,
	2.11512 8.61112,
	2.10795 8.59038,
	"/>
<Contour name="D045" hidden="false" closed="true" simplified="true" border="0 0 1" fill="0 0 1" mode="11"
 points="1.68486 8.97725,
	1.68746 8.95583,
	1.69514 8.93538,
	1.70756 8.91682,
	1.72415 8.901,
	1.74417 8.88862,
	1.7667 8.88024,
	1.79074 8.87625,
	1.81519 8.87683,
	1.83895 8.88194,
	1.86095 8.89136,
	1.88019 8.90466,
	1.8958 8.92124,
	1.90707 8.94035,
	1.91351 8.96113,
	1.91481 8.98264,
	1.91092 9.0039,
	1.90201 9.02396,
	1.88849 9.04191,
	1.87097 9.05694,
	1.85023 9.06836,
	1.82722 9.07567,
	1.80298 9.07853,
	1.7786 9.07681,
	1.75518 9.07059,
	1.73379 9.06016,
	1.71538 9.04597,
	1.70079 9.02868,
	1.69068 9.00907,
	"/>
</Transform>

<Transform dim="0"
 xcoef=" 0 1 0 0 0 0"
 ycoef=" 0 0 1 0 0 0">
<Contour name="D019" hidden="false" closed="true" simplified="true" border="0 0 1" fill="0 0 1" mode="11"
 points="2.45749 6.44456,
	2.45838 6.42651,
	2.46105 6.40875,
	2.46545 6.39155,
	2.47151 6.37519,
	2.47914 6.35992,
	2.48822 6.34599,
	2.4986 6.33361,
	2.51012 6.32298,
	2.5226 6.31427,
	2.53583 6.30761,
	2.54963 6.30311,
	2.56375 6.30085,
	2.57799 6.30085,
	2.59212 6.30311,
	2.60591 6.30761,
	2.61915 6.31427,
	2.63163 6.32298,
	2.64315 6.33361,
	2.65353 6.34599,
	2.6626 6.35992,
	2.67023 6.37519,
	2.67629 6.39155,
	2.68069 6.40875,
	2.68336 6.42651,
	2.68426 6.44456,
	2.68336 6.46261,
	2.68069 6.48037,
	2.67629 6.49757,
	2.67023 6.51393,
	2.6626 6.5292,
	2.65353 6.54313,
	2.64315 6.55551,
	2.63163 6.56614,
	2.61915 6.57485,
	2.60591 6.58151,
	2.59212 6.58601,
	2.57799 6.58827,
	2.56375 6.58827,
	2.54963 6.58601,
	2.53583 6.58151,
	2.5226 6.57485,
	2.51012 6.56614,
	2.4986 6.55551,
	2.48822 6.54313,
	2.47914 6.5292,
	2.47151 6.51393,
	2.46545 6.49757,
	2.46105 6.48037,
	"/>
</Transform>

<Transform dim="0"
 xcoef=" 0 1 0 0 0 0"
 ycoef=" 0 0 1 0 0 0">
<Contour name="D020" hidden="false" closed="true" simplified="true" border="0 0 1" fill="0 0 1" mode="11"
 points="9.30745 5.85896,
	9.31005 5.83855,
	9.31775 5.81888,
	9.33027 5.80066,
	9.34717 5.78455,
	9.36782 5.77113,
	9.39149 5.76088,
	9.41732 5.75417,
	9.44437 5.75125,
	9.47167 5.75223,
	9.49823 5.75706,
	9.5231 5.76558,
	9.54536 5.77747,
	9.56422 5.7923,
	9.579 5.80955,
	9.58916 5.82858,
	9.59433 5.84871,
	9.59433 5.86921,
	9.58916 5.88934,
	9.579 5.90837,
	9.56422 5.92561,
	9.54536 5.94045,
	9.5231 5.95234,
	9.49823 5.96085,
	9.47167 5.96568,
	9.44437 5.96666,
	9.41732 5.96374,
	9.39149 5.95704,
	9.36782 5.94679,
	9.34717 5.93336,
	9.33027 5.91725,
	9.31775 5.89903,
	"/>
</Transform>

</Section>