<?xml version="1.0"?>
<!DOCTYPE Section SYSTEM "section.dtd">

<Section index="170" thickness="0.052" alignLocked="true">
<Transform dim="1"
 xcoef=" 10.73 1 0 0 0 0"
 ycoef=" 13.11 0 1 0 0 0">
<Image mag="0.00201646" contrast="1.21551" brightness="-0.84" red="true" green="true" blue="true"
 src="170.tif_1.bmp" />
<Contour name="domain1" hidden="false" closed="true" simplified="false" border="1 0 1" fill="1 0 1" mode="11"
 points="0 0,
	16383 0,
	16383 16383,
	0 16383,
	"/>
</Transform>

<Transform dim="1"
 xcoef=" 10.73 1 0 0 0 0"
 ycoef=" 13.11 0 1 0 0 0">
<Contour name="D058" hidden="false" closed="true" simplified="true" border="0 0 1" fill="0 0 1" mode="11"
 points="15.6828 23.2282,
	15.6846 23.212,
	15.6898 23.1962,
	15.6985 23.1813,
	15.7103 23.1677,
	15.7249 23.1559,
	15.7418 23.146,
	15.7607 23.1385,
	15.7809 23.1334,
	15.802 23.131,
	15.8233 23.1314,
	15.8442 23.1344,
	15.8641 23.1401,
	15.8826 23.1483,
	15.899 23.1586,
	15.9129 23.171,
	15.9239 23.1849,
	15.9317 23.2001,
	15.9362 23.216,
	15.937 23.2323,
	15.9344 23.2484,
	15.9282 23.264,
	15.9188 23.2786,
	15.9062 23.2918,
	15.891 23.3032,
	15.8736 23.3125,
	15.8543 23.3194,
	15.8338 23.3238,
	15.8126 23.3255,
	15.7914 23.3245,
	15.7707 23.3208,
	15.751 23.3145,
	15.7331 23.3057,
	15.7172 23.2948,
	15.704 23.2821,
	15.6938 23.2678,
	15.6868 23.2524,
	"/>
</Transform>

<Transform dim="1"
 xcoef=" 10.73 1 0 0 0 0"
 ycoef=" 13.11 0 1 0 0 0">
<Contour name="D057" hidden="false" closed="true" simplified="true" border="0 0 1" fill="0 0 1" mode="11"
 points="16.5087 22.4291,
	16.5105 22.4069,
	16.5158 22.3854,
	16.5245 22.3655,
	16.5362 22.3479,
	16.5505 22.3332,
	16.5669 22.3221,
	16.5848 22.3147,
	16.6035 22.3116,
	16.6224 22.3126,
	16.6408 22.3179,
	16.6581 22.3272,
	16.6735 22.3402,
	16.6866 22.3564,
	16.6968 22.3752,
	16.7038 22.396,
	16.7074 22.4179,
	16.7074 22.4403,
	16.7038 22.4623,
	16.6968 22.4831,
	16.6866 22.5019,
	16.6735 22.5181,
	16.6581 22.5311,
	16.6408 22.5404,
	16.6224 22.5456,
	16.6035 22.5467,
	16.5848 22.5435,
	16.5669 22.5362,
	16.5505 22.525,
	16.5362 22.5104,
	16.5245 22.4928,
	16.5158 22.4729,
	"/>
</Transform>

<Transform dim="1"
 xcoef=" 10.73 1 0 0 0 0"
 ycoef=" 13.11 0 1 0 0 0">
<Contour name="D046" hidden="true" closed="true" simplified="true" border="0 0 1" fill="0 0 1" mode="11"
 points="23.7441 16.2667,
	23.7455 16.248,
	23.7499 16.2299,
	23.7571 16.2127,
	23.7668 16.1971,
	23.7789 16.1834,
	23.7929 16.172,
	23.8085 16.1634,
	23.8252 16.1576,
	23.8426 16.1548,
	23.8602 16.1552,
	23.8775 16.1587,
	23.894 16.1653,
	23.9092 16.1746,
	23.9228 16.1866,
	23.9343 16.2008,
	23.9434 16.2169,
	23.9499 16.2343,
	23.9535 16.2527,
	23.9543 16.2714,
	23.952 16.2901,
	23.947 16.308,
	23.9391 16.3248,
	23.9288 16.34,
	23.9162 16.3531,
	23.9018 16.3639,
	23.8859 16.3718,
	23.8689 16.3769,
	23.8514 16.3789,
	23.8339 16.3777,
	23.8167 16.3734,
	23.8005 16.3661,
	23.7856 16.3561,
	23.7726 16.3435,
	23.7616 16.3288,
	23.7532 16.3123,
	23.7474 16.2946,
	"/>
</Transform>

<Transform dim="0"
 xcoef=" 0 1 0 0 0 0"
 ycoef=" 0 0 1 0 0 0">
<Contour name="D059 sym cand 1" hidden="false" closed="true" simplified="false" border="0 1 1" fill="0 1 1" mode="11"
 points="4.23273 7.72274,
	4.24309 7.71238,
	4.20166 7.67095,
	4.21202 7.66059,
	4.25345 7.70203,
	4.26381 7.69167,
	4.26381 7.72274,
	"/>
</Transform>

<Transform dim="0"
 xcoef=" 0 1 0 0 0 0"
 ycoef=" 0 0 1 0 0 0">
<Contour name="D045" hidden="false" closed="true" simplified="true" border="0 0 1" fill="0 0 1" mode="11"
 points="2.48317 7.9267,
	2.48465 7.91397,
	2.48904 7.90156,
	2.49624 7.88979,
	2.50606 7.87894,
	2.51826 7.86931,
	2.53253 7.86112,
	2.5485 7.85459,
	2.56578 7.84988,
	2.58393 7.84711,
	2.60249 7.84635,
	2.62099 7.84761,
	2.63896 7.85088,
	2.65595 7.85606,
	2.67154 7.86302,
	2.68532 7.87159,
	2.69695 7.88155,
	2.70614 7.89265,
	2.71265 7.90461,
	2.71632 7.91713,
	2.71706 7.92989,
	2.71485 7.94257,
	2.70974 7.95485,
	2.70187 7.96642,
	2.69142 7.97699,
	2.67868 7.98628,
	2.66395 7.99407,
	2.64761 8.00016,
	2.63007 8.0044,
	2.61177 8.00667,
	2.59319 8.00693,
	2.57478 8.00515,
	2.55701 8.0014,
	2.54033 7.99576,
	2.52516 7.98838,
	2.51188 7.97944,
	2.50084 7.96917,
	2.4923 7.95782,
	2.48648 7.94569,
	"/>
</Transform>

<Transform dim="0"
 xcoef=" 0 1 0 0 0 0"
 ycoef=" 0 0 1 0 0 0">
<Contour name="D019" hidden="false" closed="true" simplified="true" border="0 0 1" fill="0 0 1" mode="11"
 points="3.25672 5.12763,
	3.25773 5.11323,
	3.26076 5.09906,
	3.26575 5.08535,
	3.27263 5.07229,
	3.28129 5.06011,
	3.29158 5.049,
	3.30336 5.03912,
	3.31643 5.03064,
	3.33059 5.0237,
	3.34561 5.01839,
	3.36126 5.0148,
	3.37729 5.01299,
	3.39345 5.01299,
	3.40948 5.0148,
	3.42512 5.01839,
	3.44015 5.0237,
	3.4543 5.03064,
	3.46737 5.03912,
	3.47915 5.049,
	3.48945 5.06011,
	3.49811 5.07229,
	3.50499 5.08535,
	3.50998 5.09906,
	3.51301 5.11323,
	3.51402 5.12763,
	3.51301 5.14203,
	3.50998 5.1562,
	3.50499 5.16992,
	3.49811 5.18297,
	3.48945 5.19515,
	3.47915 5.20626,
	3.46737 5.21614,
	3.4543 5.22462,
	3.44015 5.23157,
	3.42512 5.23688,
	3.40948 5.24047,
	3.39345 5.24227,
	3.37729 5.24227,
	3.36126 5.24047,
	3.34561 5.23688,
	3.33059 5.23157,
	3.31643 5.22462,
	3.30336 5.21614,
	3.29158 5.20626,
	3.28129 5.19515,
	3.27263 5.18297,
	3.26575 5.16992,
	3.26076 5.1562,
	"/>
</Transform>

<Transform dim="0"
 xcoef=" 0 1 0 0 0 0"
 ycoef=" 0 0 1 0 0 0">
<Contour name="D020" hidden="false" closed="true" simplified="true" border="0 0 1" fill="0 0 1" mode="11"
 points="9.54924 6.02886,
	9.5511 6.00401,
	9.55663 5.97998,
	9.56565 5.95756,
	9.57785 5.9375,
	9.59283 5.92047,
	9.6101 5.90702,
	9.62909 5.8976,
	9.64916 5.89252,
	9.66965 5.89195,
	9.6899 5.89591,
	9.70921 5.90427,
	9.72697 5.91675,
	9.74257 5.93294,
	9.75551 5.9523,
	9.76535 5.97419,
	9.77178 5.99789,
	9.77457 6.02262,
	9.77364 6.04755,
	9.76901 6.07186,
	9.76084 6.09476,
	9.7494 6.11547,
	9.73507 6.13332,
	9.71832 6.14771,
	9.69971 6.15817,
	9.67985 6.16436,
	9.6594 6.16606,
	9.63903 6.16322,
	9.61942 6.15594,
	9.60121 6.14446,
	9.58502 6.12916,
	9.57137 6.11053,
	9.56072 6.08921,
	9.55342 6.06589,
	"/>
</Transform>

</Section>