<?xml version="1.0"?>
<!DOCTYPE Section SYSTEM "section.dtd">

<Section index="59" thickness="0.052" alignLocked="true">
<Transform dim="3"
 xcoef=" 0.49485409770252 1.25456401399526 0 0 0 0"
 ycoef=" 0.43337670522744 0 1.25456401399526 0 0 0">
<Contour name="D019" hidden="false" closed="true" simplified="true" border="0 0 1" fill="0 0 1" mode="13"
 points="8.51085 6.22501,
	8.51443 6.19668,
	8.52507 6.16909,
	8.54249 6.14295,
	8.56624 6.11893,
	8.59571 6.09766,
	8.63014 6.07969,
	8.66863 6.06549,
	8.71019 6.05541,
	8.75374 6.04972,
	8.79814 6.04858,
	8.84227 6.05201,
	8.88496 6.05991,
	8.92511 6.07209,
	8.96169 6.08824,
	8.99374 6.10792,
	9.02044 6.13064,
	9.0411 6.1558,
	9.05517 6.18275,
	9.0623 6.2108,
	9.0623 6.23921,
	9.05517 6.26726,
	9.0411 6.29421,
	9.02044 6.31938,
	8.99374 6.34209,
	8.96169 6.36178,
	8.92511 6.37792,
	8.88496 6.3901,
	8.84227 6.39801,
	8.79814 6.40143,
	8.75374 6.40029,
	8.71019 6.3946,
	8.66863 6.38453,
	8.63014 6.37032,
	8.59571 6.35235,
	8.56624 6.33108,
	8.54249 6.30706,
	8.52507 6.28092,
	"/>
</Transform>

<Transform dim="3"
 xcoef=" 0.49485409770252 1.25456401399526 0 0 0 0"
 ycoef=" 0.43337670522744 0 1.25456401399526 0 0 0">
<Contour name="D020" hidden="false" closed="true" simplified="true" border="0 0 1" fill="0 0 1" mode="13"
 points="14.0669 8.92691,
	14.0702 8.87485,
	14.0801 8.82521,
	14.0961 8.78034,
	14.1174 8.74231,
	14.1431 8.71292,
	14.1719 8.69353,
	14.2025 8.68506,
	14.2334 8.6879,
	14.2633 8.70191,
	14.2907 8.72644,
	14.3143 8.76035,
	14.3331 8.80204,
	14.3461 8.84958,
	14.3527 8.90073,
	14.3527 8.9531,
	14.3461 9.00425,
	14.3331 9.05179,
	14.3143 9.09348,
	14.2907 9.12739,
	14.2633 9.15192,
	14.2334 9.16593,
	14.2025 9.16877,
	14.1719 9.16029,
	14.1431 9.14091,
	14.1174 9.11152,
	14.0961 9.07349,
	14.0801 9.02861,
	"/>
</Transform>

<Transform dim="3"
 xcoef=" 0.49485409770252 1.25456401399526 0 0 0 0"
 ycoef=" 0.43337670522744 0 1.25456401399526 0 0 0">
<Contour name="D021" hidden="false" closed="true" simplified="true" border="0 0 1" fill="0 0 1" mode="13"
 points="8.19551 8.06206,
	8.1985 8.02214,
	8.2074 7.98326,
	8.22197 7.94642,
	8.24185 7.91257,
	8.26651 7.8826,
	8.29531 7.85727,
	8.32751 7.83725,
	8.36228 7.82305,
	8.39872 7.81504,
	8.43587 7.81343,
	8.47279 7.81825,
	8.5085 7.8294,
	8.5421 7.84656,
	8.5727 7.86931,
	8.59952 7.89705,
	8.62186 7.92907,
	8.63914 7.96452,
	8.65091 8.00251,
	8.65688 8.04204,
	8.65688 8.08208,
	8.65091 8.12161,
	8.63914 8.15959,
	8.62186 8.19505,
	8.59952 8.22707,
	8.5727 8.25481,
	8.5421 8.27756,
	8.5085 8.29472,
	8.47279 8.30586,
	8.43587 8.31069,
	8.39872 8.30908,
	8.36228 8.30107,
	8.32751 8.28687,
	8.29531 8.26684,
	8.26651 8.24152,
	8.24185 8.21154,
	8.22197 8.1777,
	8.2074 8.14086,
	"/>
</Transform>

<Transform dim="3"
 xcoef=" 0.49485409770252 1.25456401399526 0 0 0 0"
 ycoef=" 0.43337670522744 0 1.25456401399526 0 0 0">
<Contour name="D022" hidden="false" closed="true" simplified="true" border="0 0 1" fill="0 0 1" mode="13"
 points="20.1331 8.21627,
	20.1349 8.18746,
	20.1402 8.15904,
	20.1489 8.13139,
	20.161 8.10489,
	20.1762 8.0799,
	20.1944 8.05675,
	20.2153 8.03575,
	20.2387 8.0172,
	20.2641 8.00134,
	20.2913 7.98839,
	20.32 7.97852,
	20.3496 7.97186,
	20.3799 7.96851,
	20.4103 7.96851,
	20.4406 7.97186,
	20.4702 7.97852,
	20.4988 7.98839,
	20.5261 8.00134,
	20.5515 8.0172,
	20.5749 8.03575,
	20.5958 8.05675,
	20.614 8.0799,
	20.6292 8.10489,
	20.6413 8.13139,
	20.65 8.15904,
	20.6553 8.18746,
	20.6571 8.21627,
	20.6553 8.24508,
	20.65 8.27351,
	20.6413 8.30115,
	20.6292 8.32765,
	20.614 8.35265,
	20.5958 8.3758,
	20.5749 8.39679,
	20.5515 8.41534,
	20.5261 8.4312,
	20.4988 8.44415,
	20.4702 8.45402,
	20.4406 8.46068,
	20.4103 8.46403,
	20.3799 8.46403,
	20.3496 8.46068,
	20.32 8.45402,
	20.2913 8.44415,
	20.2641 8.4312,
	20.2387 8.41534,
	20.2153 8.39679,
	20.1944 8.3758,
	20.1762 8.35265,
	20.161 8.32765,
	20.1489 8.30115,
	20.1402 8.27351,
	"/>
</Transform>

<Transform dim="3"
 xcoef=" 0.49485409770252 1.25456401399526 0 0 0 0"
 ycoef=" 0.43337670522744 0 1.25456401399526 0 0 0">
<Contour name="D023" hidden="false" closed="true" simplified="true" border="0 0 1" fill="0 0 1" mode="13"
 points="10.7923 4.75816,
	10.7932 4.73043,
	10.7957 4.70296,
	10.7999 4.67601,
	10.8057 4.64983,
	10.813 4.62465,
	10.8218 4.60072,
	10.8321 4.57826,
	10.8437 4.55749,
	10.8564 4.53858,
	10.8703 4.52173,
	10.8851 4.50708,
	10.9007 4.49478,
	10.917 4.48493,
	10.9338 4.47764,
	10.951 4.47297,
	10.9684 4.47096,
	10.9858 4.47163,
	11.0031 4.47497,
	11.0202 4.48096,
	11.0367 4.48954,
	11.0527 4.50063,
	11.068 4.51412,
	11.0823 4.52989,
	11.0956 4.54779,
	11.1078 4.56765,
	11.1187 4.5893,
	11.1283 4.61252,
	11.1364 4.6371,
	11.143 4.66281,
	11.1479 4.68941,
	11.1513 4.71665,
	11.153 4.74428,
	11.153 4.77204,
	11.1513 4.79967,
	11.1479 4.82691,
	11.143 4.85351,
	11.1364 4.87923,
	11.1283 4.90381,
	11.1187 4.92703,
	11.1078 4.94867,
	11.0956 4.96853,
	11.0823 4.98643,
	11.068 5.0022,
	11.0527 5.0157,
	11.0367 5.02678,
	11.0202 5.03536,
	11.0031 5.04135,
	10.9858 5.0447,
	10.9684 5.04537,
	10.951 5.04336,
	10.9338 5.03868,
	10.917 5.03139,
	10.9007 5.02155,
	10.8851 5.00924,
	10.8703 4.9946,
	10.8564 4.97774,
	10.8437 4.95884,
	10.8321 4.93806,
	10.8218 4.9156,
	10.813 4.89167,
	10.8057 4.8665,
	10.7999 4.84031,
	10.7957 4.81336,
	10.7932 4.78589,
	"/>
</Transform>

<Transform dim="3"
 xcoef=" 0.49485409770252 1.25456401399526 0 0 0 0"
 ycoef=" 0.43337670522744 0 1.25456401399526 0 0 0">
<Contour name="D024_edge" hidden="false" closed="true" simplified="true" border="0 0 1" fill="0 0 1" mode="13"
 points="15.2764 12.5367,
	15.2776 12.5235,
	15.281 12.5106,
	15.2866 12.4979,
	15.2943 12.4856,
	15.3042 12.4738,
	15.316 12.4628,
	15.3296 12.4525,
	15.3449 12.4432,
	15.3618 12.4348,
	15.38 12.4276,
	15.3994 12.4215,
	15.4197 12.4167,
	15.4407 12.4131,
	15.4622 12.4109,
	15.484 12.4101,
	15.5058 12.4106,
	15.5274 12.4125,
	15.5486 12.4157,
	15.5691 12.4202,
	15.5887 12.426,
	15.6072 12.4329,
	15.6244 12.441,
	15.6402 12.4501,
	15.6542 12.4601,
	15.6665 12.471,
	15.6769 12.4826,
	15.6851 12.4947,
	15.6913 12.5073,
	15.6952 12.5203,
	15.6969 12.5334,
	15.6964 12.5465,
	15.6935 12.5595,
	15.6885 12.5723,
	15.6813 12.5847,
	15.6719 12.5966,
	15.6606 12.6078,
	15.6474 12.6183,
	15.6325 12.6279,
	15.616 12.6365,
	15.5981 12.644,
	15.579 12.6504,
	15.5589 12.6555,
	15.5381 12.6594,
	15.5167 12.662,
	15.4949 12.6631,
	15.4731 12.663,
	15.4514 12.6614,
	15.4301 12.6586,
	15.4094 12.6544,
	15.3896 12.6489,
	15.3708 12.6422,
	15.3532 12.6344,
	15.3371 12.6256,
	15.3226 12.6158,
	15.3098 12.6051,
	15.299 12.5937,
	15.2902 12.5817,
	15.2835 12.5692,
	15.279 12.5563,
	"/>
</Transform>

<Transform dim="3"
 xcoef=" 0.49485409770252 1.25456401399526 0 0 0 0"
 ycoef=" 0.43337670522744 0 1.25456401399526 0 0 0">
<Contour name="D025" hidden="false" closed="true" simplified="true" border="0 0 1" fill="0 0 1" mode="13"
 points="5.75447 5.37217,
	5.75534 5.35269,
	5.75794 5.33341,
	5.76224 5.3145,
	5.7682 5.29615,
	5.77577 5.27855,
	5.78486 5.26187,
	5.7954 5.24626,
	5.80727 5.23188,
	5.82036 5.21888,
	5.83455 5.20738,
	5.84969 5.19749,
	5.86564 5.18931,
	5.88223 5.18292,
	5.89931 5.17837,
	5.91672 5.17573,
	5.93427 5.17501,
	5.95181 5.17621,
	5.96915 5.17933,
	5.98612 5.18434,
	6.00257 5.19119,
	6.01833 5.19981,
	6.03324 5.21011,
	6.04717 5.222,
	6.05997 5.23535,
	6.07152 5.25005,
	6.0817 5.26594,
	6.09042 5.28287,
	6.09759 5.30068,
	6.10315 5.31918,
	6.10702 5.3382,
	6.10919 5.35755,
	6.10963 5.37705,
	6.10832 5.3965,
	6.1053 5.41571,
	6.10058 5.4345,
	6.09421 5.45267,
	6.08625 5.47006,
	6.07679 5.48649,
	6.06591 5.5018,
	6.05372 5.51585,
	6.04034 5.52848,
	6.0259 5.53959,
	6.01055 5.54907,
	5.99442 5.55681,
	5.97769 5.56274,
	5.96051 5.56681,
	5.94305 5.56898,
	5.92549 5.56922,
	5.90799 5.56753,
	5.89072 5.56394,
	5.87386 5.55846,
	5.85757 5.55117,
	5.84201 5.54212,
	5.82733 5.53141,
	5.81367 5.51914,
	5.80117 5.50544,
	5.78996 5.49043,
	5.78013 5.47426,
	5.77179 5.4571,
	5.76502 5.4391,
	5.75988 5.42045,
	5.75642 5.40133,
	"/>
</Transform>

<Transform dim="3"
 xcoef=" 0.49485409770252 1.25456401399526 0 0 0 0"
 ycoef=" 0.43337670522744 0 1.25456401399526 0 0 0">
<Contour name="D026_edge" hidden="false" closed="true" simplified="true" border="0 0 1" fill="0 0 1" mode="13"
 points="4.09678 5.90679,
	4.09813 5.88979,
	4.10219 5.87292,
	4.10892 5.85629,
	4.11828 5.84003,
	4.13019 5.82424,
	4.14457 5.80906,
	4.16133 5.79457,
	4.18033 5.7809,
	4.20144 5.76813,
	4.2245 5.75636,
	4.24936 5.74567,
	4.27583 5.73615,
	4.30373 5.72785,
	4.33284 5.72084,
	4.36297 5.71518,
	4.39389 5.71089,
	4.42538 5.70802,
	4.45721 5.70657,
	4.48917 5.70657,
	4.521 5.70802,
	4.55249 5.71089,
	4.58341 5.71518,
	4.61354 5.72084,
	4.64265 5.72785,
	4.67055 5.73615,
	4.69702 5.74567,
	4.72188 5.75636,
	4.74494 5.76813,
	4.76605 5.7809,
	4.78505 5.79457,
	4.80181 5.80906,
	4.81619 5.82424,
	4.8281 5.84003,
	4.83746 5.85629,
	4.84419 5.87292,
	4.84825 5.88979,
	4.8496 5.90679,
	4.84825 5.92378,
	4.84419 5.94065,
	4.83746 5.95728,
	4.8281 5.97355,
	4.81619 5.98933,
	4.80181 6.00452,
	4.78505 6.019,
	4.76605 6.03268,
	4.74494 6.04545,
	4.72188 6.05722,
	4.69702 6.0679,
	4.67055 6.07743,
	4.64265 6.08572,
	4.61354 6.09273,
	4.58341 6.0984,
	4.55249 6.10268,
	4.521 6.10556,
	4.48917 6.107,
	4.45721 6.107,
	4.42538 6.10556,
	4.39389 6.10268,
	4.36297 6.0984,
	4.33284 6.09273,
	4.30373 6.08572,
	4.27583 6.07743,
	4.24936 6.0679,
	4.2245 6.05722,
	4.20144 6.04545,
	4.18033 6.03268,
	4.16133 6.019,
	4.14457 6.00452,
	4.13019 5.98933,
	4.11828 5.97355,
	4.10892 5.95728,
	4.10219 5.94065,
	"/>
</Transform>

<Transform dim="3"
 xcoef=" 0.49485409770252 1.25456401399526 0 0 0 0"
 ycoef=" 0.43337670522744 0 1.25456401399526 0 0 0">
<Contour name="D028" hidden="false" closed="true" simplified="true" border="0 0 1" fill="0 0 1" mode="13"
 points="10.7715 9.72617,
	10.7735 9.70672,
	10.7794 9.6877,
	10.789 9.66954,
	10.8023 9.65264,
	10.8188 9.63739,
	10.8382 9.62413,
	10.8601 9.61314,
	10.8839 9.60467,
	10.9092 9.59892,
	10.9354 9.59602,
	10.9619 9.59602,
	10.988 9.59892,
	11.0133 9.60467,
	11.0372 9.61314,
	11.0591 9.62413,
	11.0785 9.63739,
	11.095 9.65264,
	11.1082 9.66954,
	11.1179 9.6877,
	11.1238 9.70672,
	11.1258 9.72617,
	11.1238 9.74562,
	11.1179 9.76464,
	11.1082 9.7828,
	11.095 9.79969,
	11.0785 9.81494,
	11.0591 9.82821,
	11.0372 9.8392,
	11.0133 9.84766,
	10.988 9.85341,
	10.9619 9.85632,
	10.9354 9.85632,
	10.9092 9.85341,
	10.8839 9.84766,
	10.8601 9.8392,
	10.8382 9.82821,
	10.8188 9.81494,
	10.8023 9.79969,
	10.789 9.7828,
	10.7794 9.76464,
	"/>
</Transform>

<Transform dim="3"
 xcoef=" 0.49485409770252 1.25456401399526 0 0 0 0"
 ycoef=" 0.43337670522744 0 1.25456401399526 0 0 0">
<Contour name="D029_edge" hidden="false" closed="true" simplified="true" border="0 0 1" fill="0 0 1" mode="13"
 points="12.9457 11.6272,
	12.9468 11.5966,
	12.9503 11.5663,
	12.956 11.5366,
	12.9639 11.5079,
	12.9739 11.4805,
	12.9859 11.4547,
	12.9998 11.4306,
	13.0154 11.4087,
	13.0326 11.389,
	13.0512 11.3719,
	13.071 11.3575,
	13.0917 11.3459,
	13.1132 11.3374,
	13.1353 11.3319,
	13.1576 11.3295,
	13.18 11.3303,
	13.2022 11.3342,
	13.224 11.3413,
	13.2452 11.3513,
	13.2655 11.3643,
	13.2847 11.3801,
	13.3026 11.3985,
	13.319 11.4194,
	13.3338 11.4424,
	13.3468 11.4674,
	13.3578 11.4941,
	13.3668 11.5222,
	13.3736 11.5514,
	13.3782 11.5814,
	13.3805 11.6119,
	13.3805 11.6425,
	13.3782 11.673,
	13.3736 11.703,
	13.3668 11.7323,
	13.3578 11.7604,
	13.3468 11.787,
	13.3338 11.812,
	13.319 11.8351,
	13.3026 11.8559,
	13.2847 11.8743,
	13.2655 11.8901,
	13.2452 11.9031,
	13.224 11.9131,
	13.2022 11.9202,
	13.18 11.9241,
	13.1576 11.9249,
	13.1353 11.9225,
	13.1132 11.917,
	13.0917 11.9085,
	13.071 11.8969,
	13.0512 11.8825,
	13.0326 11.8654,
	13.0154 11.8458,
	12.9998 11.8238,
	12.9859 11.7998,
	12.9739 11.7739,
	12.9639 11.7465,
	12.956 11.7178,
	12.9503 11.6881,
	"/>
</Transform>

<Transform dim="3"
 xcoef=" 0.49485409770252 1.25456401399526 0 0 0 0"
 ycoef=" 0.43337670522744 0 1.25456401399526 0 0 0">
<Contour name="D030" hidden="false" closed="true" simplified="true" border="0 0 1" fill="0 0 1" mode="13"
 points="12.5 7.50726,
	12.5011 7.47886,
	12.5046 7.45079,
	12.5104 7.42337,
	12.5184 7.39691,
	12.5285 7.37173,
	12.5406 7.34811,
	12.5546 7.32632,
	12.5703 7.30662,
	12.5875 7.28923,
	12.606 7.27435,
	12.6256 7.26216,
	12.6462 7.25279,
	12.6674 7.24635,
	12.689 7.24293,
	12.7107 7.24254,
	12.7324 7.24521,
	12.7537 7.2509,
	12.7744 7.25955,
	12.7943 7.27104,
	12.8131 7.28526,
	12.8307 7.30204,
	12.8468 7.32119,
	12.8612 7.34248,
	12.8738 7.36566,
	12.8844 7.39048,
	12.8929 7.41665,
	12.8993 7.44386,
	12.9033 7.4718,
	12.9051 7.50015,
	12.9045 7.52858,
	12.9016 7.55677,
	12.8964 7.58438,
	12.8889 7.61111,
	12.8793 7.63664,
	12.8677 7.66068,
	12.8542 7.68295,
	12.8389 7.70319,
	12.8221 7.72118,
	12.8038 7.7367,
	12.7845 7.74958,
	12.7641 7.75967,
	12.7431 7.76684,
	12.7216 7.77103,
	12.6998 7.77217,
	12.6781 7.77027,
	12.6567 7.76533,
	12.6358 7.75741,
	12.6157 7.74662,
	12.5966 7.73306,
	12.5787 7.71691,
	12.5622 7.69833,
	12.5474 7.67756,
	12.5343 7.65482,
	12.5232 7.63038,
	12.5141 7.60453,
	12.5072 7.57755,
	12.5026 7.54976,
	"/>
</Transform>

<Transform dim="3"
 xcoef=" 0.49485409770252 1.25456401399526 0 0 0 0"
 ycoef=" 0.43337670522744 0 1.25456401399526 0 0 0">
<Contour name="D031" hidden="false" closed="true" simplified="true" border="0 0 1" fill="0 0 1" mode="13"
 points="14.44 7.0725,
	14.4422 7.04101,
	14.4486 7.01109,
	14.4588 6.98426,
	14.4725 6.96185,
	14.4888 6.94499,
	14.507 6.93452,
	14.5262 6.93097,
	14.5453 6.93452,
	14.5636 6.94499,
	14.5799 6.96185,
	14.5935 6.98426,
	14.6038 7.01109,
	14.6102 7.04101,
	14.6123 7.0725,
	14.6102 7.10399,
	14.6038 7.1339,
	14.5935 7.16074,
	14.5799 7.18315,
	14.5636 7.20001,
	14.5453 7.21048,
	14.5262 7.21403,
	14.507 7.21048,
	14.4888 7.20001,
	14.4725 7.18315,
	14.4588 7.16074,
	14.4486 7.1339,
	"/>
</Transform>

<Transform dim="3"
 xcoef=" 0.49485409770252 1.25456401399526 0 0 0 0"
 ycoef=" 0.43337670522744 0 1.25456401399526 0 0 0">
<Contour name="D032" hidden="false" closed="true" simplified="true" border="0 0 1" fill="0 0 1" mode="13"
 points="7.35135 4.69383,
	7.35182 4.6712,
	7.35323 4.64868,
	7.35557 4.62639,
	7.35884 4.60443,
	7.36301 4.58291,
	7.36806 4.56193,
	7.37398 4.5416,
	7.38072 4.52203,
	7.38826 4.5033,
	7.39656 4.48551,
	7.40558 4.46874,
	7.41528 4.45309,
	7.4256 4.43862,
	7.4365 4.42541,
	7.44792 4.41352,
	7.45981 4.40301,
	7.47211 4.39393,
	7.48475 4.38633,
	7.49767 4.38025,
	7.51082 4.37571,
	7.52413 4.37274,
	7.53752 4.37135,
	7.55094 4.37155,
	7.56432 4.37333,
	7.57759 4.3767,
	7.59069 4.38163,
	7.60355 4.38809,
	7.61611 4.39606,
	7.62831 4.4055,
	7.64009 4.41636,
	7.65139 4.42859,
	7.66215 4.44212,
	7.67232 4.45689,
	7.68185 4.47283,
	7.69069 4.48986,
	7.69881 4.5079,
	7.70615 4.52685,
	7.71269 4.54662,
	7.71839 4.56712,
	7.72323 4.58824,
	7.72717 4.60988,
	7.73021 4.63194,
	7.73232 4.6543,
	7.7335 4.67685,
	7.73373 4.69949,
	7.73303 4.7221,
	7.73138 4.74457,
	7.72881 4.7668,
	7.72531 4.78866,
	7.72092 4.81005,
	7.71565 4.83088,
	7.70953 4.85102,
	7.70258 4.8704,
	7.69484 4.8889,
	7.68636 4.90644,
	7.67716 4.92294,
	7.66731 4.9383,
	7.65684 4.95247,
	7.6458 4.96535,
	7.63426 4.9769,
	7.62226 4.98706,
	7.60988 4.99577,
	7.59716 5.00299,
	7.58417 5.00869,
	7.57097 5.01284,
	7.55764 5.01542,
	7.54423 5.01641,
	7.53082 5.01582,
	7.51746 5.01363,
	7.50423 5.00988,
	7.49118 5.00456,
	7.47839 4.99772,
	7.46591 4.98937,
	7.45381 4.97957,
	7.44215 4.96837,
	7.43098 4.95581,
	7.42037 4.94196,
	7.41035 4.92689,
	7.40099 4.91067,
	7.39232 4.89338,
	7.38439 4.87511,
	7.37725 4.85594,
	7.37091 4.83598,
	7.36543 4.81532,
	7.36081 4.79406,
	7.35709 4.7723,
	7.35429 4.75016,
	7.35241 4.72774,
	"/>
</Transform>

<Transform dim="3"
 xcoef=" 0.49485409770252 1.25456401399526 0 0 0 0"
 ycoef=" 0.43337670522744 0 1.25456401399526 0 0 0">
<Contour name="D033" hidden="false" closed="true" simplified="true" border="0 0 1" fill="0 0 1" mode="13"
 points="14.1122 3.9347,
	14.113 3.92216,
	14.1153 3.90974,
	14.1191 3.89755,
	14.1243 3.8857,
	14.131 3.8743,
	14.1391 3.86345,
	14.1484 3.85326,
	14.159 3.84382,
	14.1706 3.83522,
	14.1833 3.82753,
	14.1968 3.82082,
	14.2111 3.81516,
	14.226 3.81061,
	14.2414 3.80719,
	14.2571 3.80494,
	14.2731 3.80389,
	14.2891 3.80404,
	14.305 3.80539,
	14.3206 3.80793,
	14.3359 3.81164,
	14.3507 3.81648,
	14.3648 3.8224,
	14.3781 3.82936,
	14.3905 3.83729,
	14.4019 3.84611,
	14.4121 3.85575,
	14.4212 3.86611,
	14.4289 3.8771,
	14.4352 3.88862,
	14.4401 3.90057,
	14.4436 3.91283,
	14.4455 3.92529,
	14.4459 3.93784,
	14.4447 3.95036,
	14.442 3.96273,
	14.4379 3.97485,
	14.4322 3.9866,
	14.4252 3.99787,
	14.4168 4.00856,
	14.4072 4.01857,
	14.3963 4.02781,
	14.3844 4.03619,
	14.3716 4.04364,
	14.3578 4.05009,
	14.3434 4.05548,
	14.3283 4.05976,
	14.3128 4.06288,
	14.297 4.06483,
	14.2811 4.06559,
	14.2651 4.06513,
	14.2492 4.06348,
	14.2336 4.06065,
	14.2184 4.05666,
	14.2038 4.05154,
	14.1899 4.04535,
	14.1768 4.03815,
	14.1647 4.02999,
	14.1535 4.02096,
	14.1436 4.01113,
	14.1349 4.0006,
	14.1275 3.98946,
	14.1215 3.97783,
	14.117 3.96579,
	14.1139 3.95347,
	"/>
</Transform>

<Transform dim="3"
 xcoef=" 0.49485409770252 1.25456401399526 0 0 0 0"
 ycoef=" 0.43337670522744 0 1.25456401399526 0 0 0">
<Contour name="D034" hidden="false" closed="true" simplified="true" border="0 0 1" fill="0 0 1" mode="13"
 points="11.3922 2.9771,
	11.3927 2.95553,
	11.394 2.93403,
	11.3962 2.91265,
	11.3994 2.89148,
	11.4033 2.87057,
	11.4082 2.84998,
	11.4139 2.82978,
	11.4204 2.81004,
	11.4277 2.7908,
	11.4358 2.77214,
	11.4447 2.7541,
	11.4543 2.73675,
	11.4646 2.72014,
	11.4756 2.70431,
	11.4873 2.68931,
	11.4995 2.6752,
	11.5123 2.66202,
	11.5256 2.6498,
	11.5394 2.63858,
	11.5537 2.6284,
	11.5683 2.61929,
	11.5833 2.61127,
	11.5987 2.60438,
	11.6142 2.59862,
	11.63 2.59403,
	11.646 2.59061,
	11.6621 2.58837,
	11.6782 2.58733,
	11.6944 2.58748,
	11.7105 2.58882,
	11.7266 2.59135,
	11.7425 2.59507,
	11.7583 2.59995,
	11.7738 2.60599,
	11.789 2.61317,
	11.804 2.62146,
	11.8185 2.63085,
	11.8327 2.64129,
	11.8464 2.65276,
	11.8595 2.66523,
	11.8722 2.67865,
	11.8843 2.69298,
	11.8958 2.70819,
	11.9066 2.72422,
	11.9167 2.74102,
	11.9262 2.75855,
	11.9348 2.77675,
	11.9428 2.79556,
	11.9499 2.81493,
	11.9562 2.83479,
	11.9617 2.85509,
	11.9663 2.87577,
	11.9701 2.89675,
	11.973 2.91798,
	11.975 2.93939,
	11.9761 2.96092,
	11.9763 2.9825,
	11.9757 3.00406,
	11.9741 3.02554,
	11.9717 3.04687,
	11.9683 3.06798,
	11.9641 3.08882,
	11.9591 3.10932,
	11.9532 3.12941,
	11.9464 3.14903,
	11.9389 3.16813,
	11.9306 3.18664,
	11.9215 3.20451,
	11.9117 3.22168,
	11.9013 3.2381,
	11.8901 3.25373,
	11.8783 3.2685,
	11.8659 3.28239,
	11.853 3.29534,
	11.8396 3.30731,
	11.8256 3.31827,
	11.8113 3.32819,
	11.7965 3.33703,
	11.7814 3.34477,
	11.7661 3.35138,
	11.7504 3.35684,
	11.7346 3.36114,
	11.7186 3.36427,
	11.7025 3.36621,
	11.6863 3.36695,
	11.6702 3.36651,
	11.654 3.36486,
	11.638 3.36204,
	11.6221 3.35803,
	11.6064 3.35285,
	11.591 3.34653,
	11.5758 3.33907,
	11.561 3.3305,
	11.5465 3.32085,
	11.5325 3.31015,
	11.5189 3.29842,
	11.5058 3.28571,
	11.4933 3.27206,
	11.4814 3.2575,
	11.4701 3.24209,
	11.4594 3.22586,
	11.4494 3.20887,
	11.4402 3.19117,
	11.4317 3.17281,
	11.424 3.15386,
	11.417 3.13436,
	11.4109 3.11438,
	11.4057 3.09398,
	11.4012 3.07322,
	11.3977 3.05217,
	11.395 3.03089,
	11.3932 3.00944,
	"/>
</Transform>

<Transform dim="3"
 xcoef=" 0.49485409770252 1.25456401399526 0 0 0 0"
 ycoef=" 0.43337670522744 0 1.25456401399526 0 0 0">
<Contour name="D035" hidden="false" closed="true" simplified="true" border="0 0 1" fill="0 0 1" mode="13"
 points="8.63037 3.91549,
	8.63098 3.89648,
	8.63283 3.87757,
	8.63589 3.85886,
	8.64016 3.84048,
	8.6456 3.8225,
	8.6522 3.80504,
	8.6599 3.78819,
	8.66867 3.77204,
	8.67847 3.75669,
	8.68923 3.74222,
	8.70089 3.7287,
	8.7134 3.71621,
	8.72669 3.70483,
	8.74067 3.69461,
	8.75528 3.68561,
	8.77042 3.67788,
	8.78603 3.67146,
	8.80201 3.66639,
	8.81827 3.6627,
	8.83473 3.66041,
	8.85129 3.65952,
	8.86786 3.66006,
	8.88435 3.662,
	8.90067 3.66534,
	8.91673 3.67007,
	8.93244 3.67615,
	8.94771 3.68355,
	8.96246 3.69224,
	8.9766 3.70216,
	8.99007 3.71326,
	9.00278 3.72548,
	9.01466 3.73874,
	9.02565 3.75299,
	9.0357 3.76813,
	9.04473 3.78408,
	9.0527 3.80077,
	9.05958 3.81808,
	9.06531 3.83594,
	9.06987 3.85423,
	9.07324 3.87287,
	9.07539 3.89174,
	9.07632 3.91074,
	9.07601 3.92976,
	9.07447 3.94871,
	9.07171 3.96747,
	9.06774 3.98595,
	9.06259 4.00404,
	9.05628 4.02163,
	9.04885 4.03865,
	9.04034 4.05498,
	9.0308 4.07054,
	9.02027 4.08524,
	9.00883 4.099,
	8.99652 4.11176,
	8.98342 4.12342,
	8.96961 4.13394,
	8.95515 4.14325,
	8.94013 4.1513,
	8.92463 4.15805,
	8.90874 4.16345,
	8.89254 4.16749,
	8.87612 4.17014,
	8.85958 4.17137,
	8.843 4.1712,
	8.82648 4.16961,
	8.81011 4.16661,
	8.79398 4.16223,
	8.77818 4.15648,
	8.76279 4.14941,
	8.7479 4.14104,
	8.7336 4.13142,
	8.71995 4.12061,
	8.70705 4.10867,
	8.69495 4.09566,
	8.68373 4.08165,
	8.67345 4.06672,
	8.66416 4.05096,
	8.65591 4.03445,
	8.64876 4.01729,
	8.64274 3.99956,
	8.63788 3.98136,
	8.63421 3.9628,
	8.63175 3.94399,
	"/>
</Transform>

<Transform dim="3"
 xcoef=" 0.49485409770252 1.25456401399526 0 0 0 0"
 ycoef=" 0.43337670522744 0 1.25456401399526 0 0 0">
<Contour name="D036" hidden="false" closed="true" simplified="true" border="0 0 1" fill="0 0 1" mode="13"
 points="17.5435 4.20071,
	17.546 4.17856,
	17.5534 4.15676,
	17.5656 4.13564,
	17.5825 4.11553,
	17.6037 4.09673,
	17.629 4.07954,
	17.6579 4.06422,
	17.69 4.05102,
	17.7249 4.04012,
	17.7619 4.03171,
	17.8004 4.02592,
	17.84 4.02282,
	17.88 4.02248,
	17.9197 4.02489,
	17.9586 4.03002,
	17.9961 4.03778,
	18.0315 4.04807,
	18.0643 4.06072,
	18.0941 4.07553,
	18.1203 4.09227,
	18.1426 4.11069,
	18.1606 4.13051,
	18.174 4.15141,
	18.1826 4.17307,
	18.1864 4.19516,
	18.1851 4.21733,
	18.1789 4.23925,
	18.1679 4.26057,
	18.1522 4.28097,
	18.132 4.30012,
	18.1077 4.31774,
	18.0796 4.33355,
	18.0483 4.3473,
	18.0141 4.35879,
	17.9776 4.36783,
	17.9393 4.3743,
	17.8999 4.37807,
	17.86 4.37911,
	17.8201 4.37738,
	17.781 4.37293,
	17.7431 4.36581,
	17.7071 4.35614,
	17.6736 4.34407,
	17.643 4.32978,
	17.6159 4.31349,
	17.5926 4.29546,
	17.5735 4.27597,
	17.5589 4.25531,
	17.5491 4.23381,
	"/>
</Transform>

<Transform dim="3"
 xcoef=" 0.49485409770252 1.25456401399526 0 0 0 0"
 ycoef=" 0.43337670522744 0 1.25456401399526 0 0 0">
<Contour name="D037_edge" hidden="false" closed="true" simplified="true" border="0 0 1" fill="0 0 1" mode="13"
 points="18.4254 1.55853,
	18.4267 1.53147,
	18.4304 1.50478,
	18.4366 1.47879,
	18.4452 1.45387,
	18.4561 1.43034,
	18.4691 1.4085,
	18.484 1.38866,
	18.5006 1.37108,
	18.5188 1.35598,
	18.5382 1.34357,
	18.5587 1.33402,
	18.5799 1.32745,
	18.6016 1.32394,
	18.6235 1.32355,
	18.6453 1.32628,
	18.6666 1.33209,
	18.6873 1.34091,
	18.7071 1.35262,
	18.7256 1.36706,
	18.7426 1.38405,
	18.758 1.40335,
	18.7715 1.42471,
	18.7829 1.44784,
	18.792 1.47245,
	18.7988 1.4982,
	18.8032 1.52475,
	18.8051 1.55175,
	18.8045 1.57884,
	18.8013 1.60566,
	18.7957 1.63185,
	18.7877 1.65707,
	18.7774 1.68098,
	18.765 1.70327,
	18.7505 1.72363,
	18.7343 1.7418,
	18.7165 1.75754,
	18.6973 1.77064,
	18.6771 1.78092,
	18.656 1.78824,
	18.6344 1.79252,
	18.6126 1.79369,
	18.5907 1.79174,
	18.5692 1.7867,
	18.5484 1.77862,
	18.5284 1.76762,
	18.5095 1.75385,
	18.4921 1.73748,
	18.4763 1.71873,
	18.4623 1.69786,
	18.4504 1.67514,
	18.4407 1.65087,
	18.4332 1.62538,
	18.4282 1.599,
	"/>
</Transform>

<Transform dim="3"
 xcoef=" 0.49485409770252 1.25456401399526 0 0 0 0"
 ycoef=" 0.43337670522744 0 1.25456401399526 0 0 0">
<Contour name="D038_edge" hidden="false" closed="true" simplified="true" border="0 0 1" fill="0 0 1" mode="13"
 points="8.74525 0.353123,
	8.74723 0.331451,
	8.75316 0.310033,
	8.76297 0.289121,
	8.77655 0.268959,
	8.79373 0.249784,
	8.8143 0.23182,
	8.83805 0.215278,
	8.86467 0.200353,
	8.89386 0.187219,
	8.92528 0.176029,
	8.95857 0.166916,
	8.99332 0.159986,
	9.02913 0.155321,
	9.06559 0.152974,
	9.10226 0.152974,
	9.13872 0.155321,
	9.17453 0.159986,
	9.20928 0.166916,
	9.24256 0.176029,
	9.27399 0.187219,
	9.30318 0.200353,
	9.3298 0.215278,
	9.35354 0.23182,
	9.37412 0.249784,
	9.3913 0.268959,
	9.40487 0.289121,
	9.41469 0.310033,
	9.42062 0.331451,
	9.4226 0.353123,
	9.42062 0.374794,
	9.41469 0.396212,
	9.40487 0.417124,
	9.3913 0.437286,
	9.37412 0.456461,
	9.35354 0.474425,
	9.3298 0.490967,
	9.30318 0.505892,
	9.27399 0.519027,
	9.24256 0.530216,
	9.20928 0.539329,
	9.17453 0.546259,
	9.13872 0.550925,
	9.10226 0.553271,
	9.06559 0.553271,
	9.02913 0.550925,
	8.99332 0.546259,
	8.95857 0.539329,
	8.92528 0.530216,
	8.89386 0.519027,
	8.86467 0.505892,
	8.83805 0.490967,
	8.8143 0.474425,
	8.79373 0.456461,
	8.77655 0.437286,
	8.76297 0.417124,
	8.75316 0.396212,
	"/>
</Transform>

<Transform dim="3"
 xcoef=" 0.49485409770252 1.25456401399526 0 0 0 0"
 ycoef=" 0.43337670522744 0 1.25456401399526 0 0 0">
<Contour name="D039" hidden="false" closed="true" simplified="true" border="0 0 1" fill="0 0 1" mode="13"
 points="13.2695 3.69431,
	13.2712 3.66584,
	13.276 3.63784,
	13.2839 3.61077,
	13.2948 3.58508,
	13.3086 3.56117,
	13.3249 3.53945,
	13.3435 3.52028,
	13.3642 3.50396,
	13.3865 3.49076,
	13.4101 3.48091,
	13.4347 3.47457,
	13.4598 3.47183,
	13.4849 3.47274,
	13.5098 3.47729,
	13.5339 3.48541,
	13.557 3.49696,
	13.5785 3.51174,
	13.5982 3.52953,
	13.6157 3.55002,
	13.6308 3.57287,
	13.6431 3.59773,
	13.6526 3.62417,
	13.659 3.65176,
	13.6622 3.68004,
	13.6622 3.70857,
	13.659 3.73686,
	13.6526 3.76445,
	13.6431 3.79089,
	13.6308 3.81574,
	13.6157 3.8386,
	13.5982 3.85909,
	13.5785 3.87687,
	13.557 3.89166,
	13.5339 3.9032,
	13.5098 3.91132,
	13.4849 3.91587,
	13.4598 3.91678,
	13.4347 3.91405,
	13.4101 3.9077,
	13.3865 3.89785,
	13.3642 3.88465,
	13.3435 3.86834,
	13.3249 3.84916,
	13.3086 3.82744,
	13.2948 3.80354,
	13.2839 3.77784,
	13.276 3.75077,
	13.2712 3.72277,
	"/>
</Transform>

<Transform dim="3"
 xcoef=" 0.49485409770252 1.25456401399526 0 0 0 0"
 ycoef=" 0.43337670522744 0 1.25456401399526 0 0 0">
<Contour name="D040_edge" hidden="false" closed="true" simplified="true" border="0 0 1" fill="0 0 1" mode="13"
 points="8.49143 1.67965,
	8.49224 1.6607,
	8.4947 1.64185,
	8.49877 1.62322,
	8.50444 1.6049,
	8.51167 1.587,
	8.52043 1.56962,
	8.53066 1.55285,
	8.54231 1.53679,
	8.55532 1.52153,
	8.5696 1.50715,
	8.58509 1.49374,
	8.60169 1.48137,
	8.61931 1.47011,
	8.63786 1.46002,
	8.65722 1.45116,
	8.67729 1.44357,
	8.69796 1.43731,
	8.71912 1.4324,
	8.74064 1.42888,
	8.7624 1.42675,
	8.78428 1.42604,
	8.80617 1.42675,
	8.82793 1.42888,
	8.84945 1.4324,
	8.87061 1.43731,
	8.89128 1.44357,
	8.91135 1.45116,
	8.93071 1.46002,
	8.94926 1.47011,
	8.96688 1.48137,
	8.98348 1.49374,
	8.99897 1.50715,
	9.01325 1.52153,
	9.02626 1.53679,
	9.03791 1.55285,
	9.04814 1.56962,
	9.0569 1.587,
	9.06413 1.6049,
	9.0698 1.62322,
	9.07387 1.64185,
	9.07633 1.6607,
	9.07714 1.67965,
	9.07633 1.69861,
	9.07387 1.71745,
	9.0698 1.73609,
	9.06413 1.75441,
	9.0569 1.77231,
	9.04814 1.78969,
	9.03791 1.80646,
	9.02626 1.82252,
	9.01325 1.83778,
	8.99897 1.85215,
	8.98348 1.86556,
	8.96688 1.87793,
	8.94926 1.8892,
	8.93071 1.89929,
	8.91135 1.90815,
	8.89128 1.91573,
	8.87061 1.922,
	8.84945 1.9269,
	8.82793 1.93043,
	8.80617 1.93255,
	8.78428 1.93326,
	8.7624 1.93255,
	8.74064 1.93043,
	8.71912 1.9269,
	8.69796 1.922,
	8.67729 1.91573,
	8.65722 1.90815,
	8.63786 1.89929,
	8.61931 1.8892,
	8.60169 1.87793,
	8.58509 1.86556,
	8.5696 1.85215,
	8.55532 1.83778,
	8.54231 1.82252,
	8.53066 1.80646,
	8.52043 1.78969,
	8.51167 1.77231,
	8.50444 1.75441,
	8.49877 1.73609,
	8.4947 1.71745,
	8.49224 1.69861,
	"/>
</Transform>

<Transform dim="3"
 xcoef=" 0.49485409770252 1.25456401399526 0 0 0 0"
 ycoef=" 0.43337670522744 0 1.25456401399526 0 0 0">
<Contour name="D041_longitudinal" hidden="false" closed="true" simplified="true" border="0 0 1" fill="0 0 1" mode="13"
 points="17.5476 3.62959,
	17.5506 3.60386,
	17.5595 3.57865,
	17.5741 3.55448,
	17.5942 3.53183,
	17.6194 3.51118,
	17.649 3.49294,
	17.6826 3.47748,
	17.7194 3.46511,
	17.7586 3.4561,
	17.7996 3.45061,
	17.8414 3.44877,
	17.8832 3.45061,
	17.9242 3.4561,
	17.9635 3.46511,
	18.0003 3.47748,
	18.0338 3.49294,
	18.0635 3.51118,
	18.0886 3.53183,
	18.1087 3.55448,
	18.1234 3.57865,
	18.1323 3.60386,
	18.1353 3.62959,
	18.1323 3.65533,
	18.1234 3.68054,
	18.1087 3.70471,
	18.0886 3.72735,
	18.0635 3.74801,
	18.0338 3.76625,
	18.0003 3.78171,
	17.9635 3.79407,
	17.9242 3.80309,
	17.8832 3.80857,
	17.8414 3.81041,
	17.7996 3.80857,
	17.7586 3.80309,
	17.7194 3.79407,
	17.6826 3.78171,
	17.649 3.76625,
	17.6194 3.74801,
	17.5942 3.72735,
	17.5741 3.70471,
	17.5595 3.68054,
	17.5506 3.65533,
	"/>
</Transform>

<Transform dim="3"
 xcoef=" 0.49485409770252 1.25456401399526 0 0 0 0"
 ycoef=" 0.43337670522744 0 1.25456401399526 0 0 0">
<Contour name="D042_edge" hidden="false" closed="true" simplified="true" border="0 0 1" fill="0 0 1" mode="13"
 points="3.18275 5.16546,
	3.18602 5.13984,
	3.19575 5.11475,
	3.21176 5.09069,
	3.23372 5.06816,
	3.26117 5.0476,
	3.29357 5.02944,
	3.33024 5.01405,
	3.37045 5.00175,
	3.41337 4.99277,
	3.45814 4.98732,
	3.50384 4.98548,
	3.54953 4.98732,
	3.5943 4.99277,
	3.63722 5.00175,
	3.67743 5.01405,
	3.7141 5.02944,
	3.7465 5.0476,
	3.77395 5.06816,
	3.79591 5.09069,
	3.81192 5.11475,
	3.82165 5.13984,
	3.82492 5.16546,
	3.82165 5.19107,
	3.81192 5.21616,
	3.79591 5.24022,
	3.77395 5.26276,
	3.7465 5.28331,
	3.7141 5.30147,
	3.67743 5.31686,
	3.63722 5.32917,
	3.5943 5.33814,
	3.54953 5.3436,
	3.50384 5.34543,
	3.45814 5.3436,
	3.41337 5.33814,
	3.37045 5.32917,
	3.33024 5.31686,
	3.29357 5.30147,
	3.26117 5.28331,
	3.23372 5.26276,
	3.21176 5.24022,
	3.19575 5.21616,
	3.18602 5.19107,
	"/>
</Transform>

<Transform dim="3"
 xcoef=" 0.49485409770252 1.25456401399526 0 0 0 0"
 ycoef=" 0.43337670522744 0 1.25456401399526 0 0 0">
<Contour name="D043" hidden="false" closed="true" simplified="true" border="0 0 1" fill="0 0 1" mode="13"
 points="3.07943 9.92703,
	3.08048 9.90304,
	3.08364 9.87926,
	3.08886 9.85592,
	3.09612 9.83323,
	3.10533 9.81138,
	3.11641 9.79058,
	3.12927 9.77101,
	3.14379 9.75286,
	3.15984 9.73629,
	3.17726 9.72144,
	3.19591 9.70845,
	3.21562 9.69745,
	3.2362 9.68852,
	3.25747 9.68176,
	3.27924 9.67721,
	3.30131 9.67493,
	3.32349 9.67493,
	3.34556 9.67721,
	3.36733 9.68176,
	3.3886 9.68852,
	3.40918 9.69745,
	3.42889 9.70845,
	3.44754 9.72144,
	3.46497 9.73629,
	3.48101 9.75286,
	3.49553 9.77101,
	3.50839 9.79058,
	3.51947 9.81138,
	3.52868 9.83323,
	3.53594 9.85592,
	3.54116 9.87926,
	3.54432 9.90304,
	3.54537 9.92703,
	3.54432 9.95102,
	3.54116 9.97479,
	3.53594 9.99813,
	3.52868 10.0208,
	3.51947 10.0427,
	3.50839 10.0635,
	3.49553 10.083,
	3.48101 10.1012,
	3.46497 10.1178,
	3.44754 10.1326,
	3.42889 10.1456,
	3.40918 10.1566,
	3.3886 10.1655,
	3.36733 10.1723,
	3.34556 10.1768,
	3.32349 10.1791,
	3.30131 10.1791,
	3.27924 10.1768,
	3.25747 10.1723,
	3.2362 10.1655,
	3.21562 10.1566,
	3.19591 10.1456,
	3.17726 10.1326,
	3.15984 10.1178,
	3.14379 10.1012,
	3.12927 10.083,
	3.11641 10.0635,
	3.10533 10.0427,
	3.09612 10.0208,
	3.08886 9.99813,
	3.08364 9.97479,
	"/>
</Transform>

<Transform dim="3"
 xcoef=" 0.49485409770252 1.25456401399526 0 0 0 0"
 ycoef=" 0.43337670522744 0 1.25456401399526 0 0 0">
<Contour name="D044" hidden="false" closed="true" simplified="true" border="0 0 1" fill="0 0 1" mode="13"
 points="7.75297 11.2271,
	7.76375 11.2063,
	7.79544 11.1867,
	7.84611 11.1696,
	7.91272 11.1559,
	7.99123 11.1465,
	8.07691 11.142,
	8.16458 11.1427,
	8.24894 11.1484,
	8.3249 11.1589,
	8.38787 11.1736,
	8.43404 11.1914,
	8.46063 11.2114,
	8.46603 11.2324,
	8.44992 11.253,
	8.41326 11.2721,
	8.35827 11.2885,
	8.28827 11.3011,
	8.2075 11.3093,
	8.12083 11.3125,
	8.03349 11.3106,
	7.95077 11.3036,
	7.87766 11.292,
	7.81857 11.2765,
	7.77707 11.258,
	"/>
</Transform>

<Transform dim="3"
 xcoef=" 0.49485409770252 1.25456401399526 0 0 0 0"
 ycoef=" 0.43337670522744 0 1.25456401399526 0 0 0">
<Contour name="D045" hidden="false" closed="true" simplified="true" border="0 0 1" fill="0 0 1" mode="13"
 points="5.45486 11.6889,
	5.4557 11.6741,
	5.45824 11.6595,
	5.46244 11.645,
	5.46829 11.6309,
	5.47573 11.6172,
	5.48472 11.604,
	5.49518 11.5914,
	5.50704 11.5795,
	5.52021 11.5685,
	5.5346 11.5583,
	5.55011 11.5491,
	5.56661 11.5409,
	5.58399 11.5337,
	5.60213 11.5277,
	5.62088 11.5229,
	5.64011 11.5193,
	5.65969 11.517,
	5.67947 11.5159,
	5.69929 11.516,
	5.71903 11.5174,
	5.73854 11.5201,
	5.75767 11.524,
	5.77628 11.5291,
	5.79423 11.5354,
	5.81141 11.5428,
	5.82767 11.5513,
	5.84291 11.5608,
	5.857 11.5712,
	5.86986 11.5824,
	5.88138 11.5945,
	5.89148 11.6072,
	5.90008 11.6205,
	5.90713 11.6344,
	5.91257 11.6486,
	5.91636 11.6631,
	5.91847 11.6778,
	5.9189 11.6926,
	5.91763 11.7074,
	5.91467 11.722,
	5.91005 11.7364,
	5.9038 11.7505,
	5.89597 11.7641,
	5.88661 11.7771,
	5.87579 11.7895,
	5.86359 11.8012,
	5.85011 11.812,
	5.83543 11.822,
	5.81966 11.8309,
	5.80293 11.8389,
	5.78534 11.8457,
	5.76704 11.8514,
	5.74816 11.8559,
	5.72882 11.8592,
	5.70918 11.8613,
	5.68938 11.8621,
	5.66956 11.8616,
	5.64987 11.8599,
	5.63044 11.8569,
	5.61143 11.8527,
	5.59297 11.8473,
	5.5752 11.8407,
	5.55824 11.833,
	5.54222 11.8243,
	5.52726 11.8146,
	5.51347 11.804,
	5.50094 11.7925,
	5.48977 11.7803,
	5.48003 11.7674,
	5.47181 11.7539,
	5.46516 11.74,
	5.46013 11.7257,
	5.45676 11.7111,
	"/>
</Transform>

<Transform dim="3"
 xcoef=" 0.49485409770252 1.25456401399526 0 0 0 0"
 ycoef=" 0.43337670522744 0 1.25456401399526 0 0 0">
<Contour name="D047" hidden="false" closed="true" simplified="true" border="0 0 1" fill="0 0 1" mode="13"
 points="7.06523 1.54972,
	7.06664 1.51962,
	7.07086 1.48985,
	7.07785 1.46072,
	7.08753 1.43255,
	7.09979 1.40564,
	7.1145 1.38029,
	7.13151 1.35676,
	7.15063 1.33531,
	7.17165 1.31617,
	7.19436 1.29954,
	7.21849 1.28562,
	7.2438 1.27454,
	7.27001 1.26642,
	7.29684 1.26136,
	7.324 1.2594,
	7.3512 1.26058,
	7.37813 1.26487,
	7.40453 1.27223,
	7.43009 1.28258,
	7.45454 1.2958,
	7.47763 1.31177,
	7.49909 1.3303,
	7.51871 1.35119,
	7.53626 1.37422,
	7.55157 1.39915,
	7.56445 1.42569,
	7.57479 1.45357,
	7.58245 1.48249,
	7.58737 1.51214,
	7.58949 1.54219,
	7.58879 1.57232,
	7.58526 1.6022,
	7.57896 1.63152,
	7.56995 1.65996,
	7.55832 1.68721,
	7.54421 1.71298,
	7.52776 1.73699,
	7.50915 1.75899,
	7.48858 1.77872,
	7.46627 1.79599,
	7.44247 1.81061,
	7.41743 1.82241,
	7.39142 1.83128,
	7.36472 1.83711,
	7.33761 1.83985,
	7.3104 1.83945,
	7.28337 1.83594,
	7.25681 1.82934,
	7.23102 1.81973,
	7.20626 1.80721,
	7.18281 1.79192,
	7.16092 1.77401,
	7.14082 1.75369,
	7.12273 1.73117,
	7.10685 1.70669,
	7.09334 1.68053,
	7.08236 1.65295,
	7.07402 1.62426,
	7.0684 1.59477,
	"/>
</Transform>

<Transform dim="3"
 xcoef=" 0.49485409770252 1.25456401399526 0 0 0 0"
 ycoef=" 0.43337670522744 0 1.25456401399526 0 0 0">
<Contour name="D048" hidden="false" closed="true" simplified="true" border="0 0 1" fill="0 0 1" mode="13"
 points="15.7104 8.50197,
	15.7109 8.47881,
	15.7124 8.45575,
	15.7149 8.43287,
	15.7184 8.41027,
	15.7228 8.38802,
	15.7282 8.36623,
	15.7346 8.34497,
	15.7418 8.32433,
	15.75 8.30439,
	15.759 8.28523,
	15.7687 8.26693,
	15.7793 8.24955,
	15.7906 8.23317,
	15.8026 8.21786,
	15.8152 8.20366,
	15.8284 8.19064,
	15.8422 8.17885,
	15.8564 8.16833,
	15.8711 8.15913,
	15.8861 8.15128,
	15.9014 8.14482,
	15.917 8.13977,
	15.9328 8.13614,
	15.9487 8.13396,
	15.9647 8.13324,
	15.9807 8.13396,
	15.9966 8.13614,
	16.0123 8.13977,
	16.0279 8.14482,
	16.0433 8.15128,
	16.0583 8.15913,
	16.073 8.16833,
	16.0872 8.17885,
	16.1009 8.19064,
	16.1142 8.20366,
	16.1268 8.21786,
	16.1388 8.23317,
	16.1501 8.24955,
	16.1606 8.26693,
	16.1704 8.28523,
	16.1794 8.30439,
	16.1875 8.32433,
	16.1948 8.34497,
	16.2011 8.36623,
	16.2065 8.38802,
	16.211 8.41027,
	16.2145 8.43287,
	16.217 8.45575,
	16.2185 8.47881,
	16.219 8.50197,
	16.2185 8.52512,
	16.217 8.54818,
	16.2145 8.57106,
	16.211 8.59367,
	16.2065 8.61591,
	16.2011 8.63771,
	16.1948 8.65897,
	16.1875 8.67961,
	16.1794 8.69954,
	16.1704 8.7187,
	16.1606 8.73701,
	16.1501 8.75438,
	16.1388 8.77076,
	16.1268 8.78608,
	16.1142 8.80028,
	16.1009 8.8133,
	16.0872 8.82509,
	16.073 8.83561,
	16.0583 8.84481,
	16.0433 8.85265,
	16.0279 8.85911,
	16.0123 8.86417,
	15.9966 8.86779,
	15.9807 8.86997,
	15.9647 8.8707,
	15.9487 8.86997,
	15.9328 8.86779,
	15.917 8.86417,
	15.9014 8.85911,
	15.8861 8.85265,
	15.8711 8.84481,
	15.8564 8.83561,
	15.8422 8.82509,
	15.8284 8.8133,
	15.8152 8.80028,
	15.8026 8.78608,
	15.7906 8.77076,
	15.7793 8.75438,
	15.7687 8.73701,
	15.759 8.7187,
	15.75 8.69954,
	15.7418 8.67961,
	15.7346 8.65897,
	15.7282 8.63771,
	15.7228 8.61591,
	15.7184 8.59367,
	15.7149 8.57106,
	15.7124 8.54818,
	"/>
</Transform>

<Transform dim="3"
 xcoef=" 0.49485409770252 1.25456401399526 0 0 0 0"
 ycoef=" 0.43337670522744 0 1.25456401399526 0 0 0">
<Contour name="D049" hidden="false" closed="true" simplified="true" border="0 0 1" fill="0 0 1" mode="13"
 points="10.7091 6.20492,
	10.7108 6.18281,
	10.7157 6.16095,
	10.7238 6.13959,
	10.735 6.11897,
	10.7492 6.09932,
	10.7662 6.08087,
	10.7858 6.06382,
	10.8079 6.04837,
	10.8321 6.0347,
	10.8582 6.02295,
	10.8858 6.01327,
	10.9148 6.00576,
	10.9447 6.0005,
	10.9752 5.99756,
	11.006 5.99698,
	11.0366 5.99874,
	11.0669 6.00284,
	11.0963 6.00924,
	11.1247 6.01785,
	11.1516 6.02858,
	11.1768 6.0413,
	11.2 6.05588,
	11.2208 6.07215,
	11.2392 6.08993,
	11.2548 6.10901,
	11.2675 6.12917,
	11.2772 6.15019,
	11.2837 6.17184,
	11.287 6.19385,
	11.287 6.216,
	11.2837 6.23801,
	11.2772 6.25966,
	11.2675 6.28068,
	11.2548 6.30084,
	11.2392 6.31992,
	11.2208 6.33769,
	11.2 6.35396,
	11.1768 6.36854,
	11.1516 6.38127,
	11.1247 6.392,
	11.0963 6.40061,
	11.0669 6.407,
	11.0366 6.41111,
	11.006 6.41287,
	10.9752 6.41228,
	10.9447 6.40934,
	10.9148 6.40409,
	10.8858 6.39658,
	10.8582 6.38689,
	10.8321 6.37515,
	10.8079 6.36148,
	10.7858 6.34603,
	10.7662 6.32898,
	10.7492 6.31053,
	10.735 6.29088,
	10.7238 6.27026,
	10.7157 6.2489,
	10.7108 6.22704,
	"/>
</Transform>

<Transform dim="1"
 xcoef=" 0.434443083160514 1 0 0 0 0"
 ycoef=" 0.345440089459695 0 1 0 0 0">
<Contour name="D037 sym cand 1" hidden="false" closed="true" simplified="true" border="0 1 1" fill="0 1 1" mode="11"
 points="15.0551 1.30528,
	15.0563 1.27585,
	15.06 1.24746,
	15.066 1.2211,
	15.074 1.19769,
	15.0839 1.17805,
	15.0952 1.16287,
	15.1076 1.1527,
	15.1206 1.14786,
	15.1338 1.14856,
	15.1467 1.15475,
	15.1589 1.16622,
	15.1699 1.18257,
	15.1793 1.20321,
	15.1869 1.22745,
	15.1923 1.25441,
	15.1953 1.28315,
	15.196 1.31268,
	15.1941 1.34194,
	15.1899 1.36992,
	15.1834 1.39562,
	15.1748 1.41817,
	15.1646 1.43675,
	15.1529 1.45071,
	15.1403 1.45958,
	15.1272 1.46304,
	15.114 1.46096,
	15.1013 1.45342,
	15.0894 1.44069,
	15.0787 1.42321,
	15.0697 1.40159,
	15.0627 1.37659,
	15.0578 1.34909,
	"/>
</Transform>

<Transform dim="1"
 xcoef=" -0.271924374950003 1 0 0 0 0"
 ycoef=" -0.191355918462666 0 1 0 0 0">
<Contour name="D049 ax01" hidden="false" closed="true" simplified="false" border="0 1 1" fill="0 1 1" mode="-9"
 points="8.3724 4.14983,
	8.39271 4.12952,
	8.31147 4.04828,
	8.33178 4.02797,
	8.41302 4.10921,
	8.43333 4.0889,
	8.43333 4.14983,
	"/>
</Transform>

<Transform dim="1"
 xcoef=" -0.271924374950003 1 0 0 0 0"
 ycoef=" -0.191355918462666 0 1 0 0 0">
<Contour name="D051 edge" hidden="false" closed="true" simplified="true" border="0 0 1" fill="0 0 1" mode="13"
 points="9.75847 0.0493042,
	9.76357 0.0211559,
	9.77851 -0.00507413,
	9.80227 -0.0275984,
	9.83324 -0.0448819,
	9.86931 -0.0557467,
	9.90801 -0.0594525,
	9.94672 -0.0557467,
	9.98278 -0.0448819,
	10.0138 -0.0275984,
	10.0375 -0.00507413,
	10.0525 0.0211559,
	10.0576 0.0493042,
	10.0525 0.0774526,
	10.0375 0.103683,
	10.0138 0.126207,
	9.98278 0.14349,
	9.94672 0.154355,
	9.90801 0.158061,
	9.86931 0.154355,
	9.83324 0.14349,
	9.80227 0.126207,
	9.77851 0.103683,
	"/>
</Transform>

<Transform dim="1"
 xcoef=" -0.271924374950003 1 0 0 0 0"
 ycoef=" -0.191355918462666 0 1 0 0 0">
<Contour name="D048 ax03" hidden="false" closed="true" simplified="false" border="0 1 1" fill="0 1 1" mode="-9"
 points="12.181 5.19493,
	12.1927 5.18318,
	12.1457 5.13617,
	12.1575 5.12441,
	12.2045 5.17142,
	12.2162 5.15967,
	12.2162 5.19493,
	"/>
</Transform>

<Transform dim="1"
 xcoef=" -0.271924374950003 1 0 0 0 0"
 ycoef=" -0.191355918462666 0 1 0 0 0">
<Contour name="D053_edge" hidden="false" closed="true" simplified="true" border="0 0 1" fill="0 0 1" mode="13"
 points="16.0217 1.34744,
	16.0244 1.32534,
	16.0322 1.30424,
	16.0448 1.28509,
	16.0617 1.26876,
	16.082 1.25599,
	16.1049 1.24734,
	16.1293 1.24323,
	16.1542 1.24382,
	16.1783 1.24909,
	16.2007 1.25881,
	16.2203 1.27254,
	16.2361 1.28965,
	16.2476 1.30937,
	16.2541 1.33081,
	16.2555 1.353,
	16.2515 1.37495,
	16.2424 1.39565,
	16.2287 1.41417,
	16.2109 1.42967,
	16.1898 1.44146,
	16.1664 1.449,
	16.1418 1.45195,
	16.117 1.45018,
	16.0932 1.44376,
	16.0714 1.43299,
	16.0527 1.41836,
	16.0379 1.40052,
	16.0276 1.38028,
	"/>
</Transform>

<Transform dim="1"
 xcoef=" -0.271924374950003 1 0 0 0 0"
 ycoef=" -0.191355918462666 0 1 0 0 0">
<Contour name="D055" hidden="false" closed="true" simplified="true" border="0 0 1" fill="0 0 1" mode="13"
 points="1.12697 0.968655,
	1.13078 0.939029,
	1.14182 0.912302,
	1.15902 0.891091,
	1.18069 0.877473,
	1.20471 0.872781,
	1.22873 0.877473,
	1.2504 0.891091,
	1.2676 0.912302,
	1.27864 0.939029,
	1.28245 0.968655,
	1.27864 0.998282,
	1.2676 1.02501,
	1.2504 1.04622,
	1.22873 1.05984,
	1.20471 1.06453,
	1.18069 1.05984,
	1.15902 1.04622,
	1.14182 1.02501,
	"/>
</Transform>

<Transform dim="1"
 xcoef=" -0.271924374950003 1 0 0 0 0"
 ycoef=" -0.191355918462666 0 1 0 0 0">
<Contour name="D020_ax01" hidden="false" closed="true" simplified="false" border="0 1 1" fill="0 1 1" mode="11"
 points="10.9954 7.60976,
	11.0061 7.59901,
	10.9631 7.55602,
	10.9739 7.54528,
	11.0169 7.58826,
	11.0276 7.57752,
	11.0276 7.60976,
	"/>
</Transform>

<Transform dim="1"
 xcoef=" -0.271924374950003 1 0 0 0 0"
 ycoef=" -0.191355918462666 0 1 0 0 0">
<Contour name="D046" hidden="false" closed="true" simplified="true" border="0 0 1" fill="0 0 1" mode="13"
 points="11.5686 1.62,
	11.5693 1.60708,
	11.5714 1.59435,
	11.5748 1.582,
	11.5796 1.5702,
	11.5856 1.55912,
	11.5928 1.54893,
	11.601 1.53978,
	11.6101 1.5318,
	11.62 1.5251,
	11.6306 1.51979,
	11.6417 1.51594,
	11.6531 1.51361,
	11.6647 1.51283,
	11.6763 1.51361,
	11.6877 1.51594,
	11.6988 1.51979,
	11.7093 1.5251,
	11.7193 1.5318,
	11.7284 1.53978,
	11.7366 1.54893,
	11.7438 1.55912,
	11.7498 1.5702,
	11.7545 1.582,
	11.758 1.59435,
	11.7601 1.60708,
	11.7608 1.62,
	11.7601 1.63292,
	11.758 1.64565,
	11.7545 1.658,
	11.7498 1.6698,
	11.7438 1.68088,
	11.7366 1.69107,
	11.7284 1.70022,
	11.7193 1.7082,
	11.7093 1.7149,
	11.6988 1.72021,
	11.6877 1.72406,
	11.6763 1.72639,
	11.6647 1.72717,
	11.6531 1.72639,
	11.6417 1.72406,
	11.6306 1.72021,
	11.62 1.7149,
	11.6101 1.7082,
	11.601 1.70022,
	11.5928 1.69107,
	11.5856 1.68088,
	11.5796 1.6698,
	11.5748 1.658,
	11.5714 1.64565,
	11.5693 1.63292,
	"/>
</Transform>

<Transform dim="1"
 xcoef=" -0.206717579519747 1 0 0 0 0"
 ycoef=" -0.599985169825606 0 1 0 0 0">
<Contour name="d046" hidden="false" closed="true" simplified="true" border="1 1 0" fill="1 1 0" mode="11"
 points="11.3596 0.990129,
	11.3622 0.979814,
	11.3634 0.974656,
	11.364 0.972077,
	11.3643 0.969498,
	11.368 0.959183,
	11.3687 0.956604,
	11.3688 0.954025,
	11.3724 0.943709,
	11.3742 0.938552,
	11.375 0.935973,
	11.3771 0.930815,
	11.3806 0.920499,
	11.3824 0.915342,
	11.3833 0.912763,
	11.3929 0.892132,
	11.3978 0.881816,
	11.4019 0.871501,
	11.4223 0.830239,
	11.4323 0.809608,
	11.443 0.788976,
	11.4456 0.783819,
	11.4485 0.778661,
	11.4557 0.768345,
	11.4636 0.75803,
	11.4659 0.755451,
	11.476 0.746747,
	11.4812 0.742557,
	11.4915 0.737077,
	11.4967 0.734336,
	11.4992 0.733047,
	11.5095 0.726922,
	11.5147 0.724021,
	11.516 0.723215,
	11.5166 0.722893,
	11.5266 0.712577,
	11.5316 0.707419,
	11.536 0.702262,
	11.541 0.697104,
	11.5416 0.696459,
	11.5468 0.693719,
	11.5494 0.692591,
	11.5545 0.691463,
	11.5571 0.690818,
	11.5584 0.690495,
	11.5687 0.690334,
	11.5893 0.691624,
	11.5996 0.692107,
	11.6048 0.69243,
	11.61 0.693074,
	11.6151 0.694203,
	11.6203 0.695009,
	11.6409 0.697265,
	11.6512 0.698393,
	11.6564 0.698877,
	11.677 0.69936,
	11.6822 0.699683,
	11.6925 0.701456,
	11.6951 0.701617,
	11.6957 0.701617,
	11.706 0.706452,
	11.7163 0.709515,
	11.7215 0.711127,
	11.7267 0.712416,
	11.7318 0.712255,
	11.7421 0.709998,
	11.7524 0.707097,
	11.7731 0.701778,
	11.7834 0.697426,
	11.7937 0.692752,
	11.7989 0.690334,
	11.804 0.688722,
	11.8143 0.686305,
	11.8195 0.684371,
	11.8221 0.683565,
	11.8272 0.682598,
	11.8324 0.681953,
	11.8427 0.681631,
	11.8479 0.681308,
	11.8685 0.682114,
	11.8891 0.685338,
	11.8943 0.686466,
	11.8956 0.686788,
	11.9059 0.691785,
	11.911 0.694525,
	11.9162 0.698232,
	11.9214 0.702745,
	11.9239 0.704679,
	11.9275 0.709837,
	11.9289 0.712416,
	11.9297 0.713705,
	11.9336 0.724021,
	11.9372 0.734336,
	11.9394 0.744652,
	11.9401 0.747231,
	11.9402 0.74852,
	11.9386 0.769151,
	11.9383 0.774309,
	11.9381 0.776888,
	11.9391 0.782046,
	11.9394 0.784625,
	11.9404 0.787204,
	11.9407 0.788493,
	11.9422 0.791072,
	11.9463 0.79623,
	11.967 0.816538,
	11.9721 0.821213,
	11.9773 0.826209,
	11.9786 0.827499,
	11.9845 0.837814,
	11.9874 0.842972,
	11.9876 0.844261,
	11.9881 0.845551,
	11.991 0.866182,
	11.9926 0.876497,
	11.9931 0.879076,
	11.9932 0.881655,
	11.9974 0.891971,
	12.0179 0.933233,
	12.0192 0.935812,
	12.0223 0.946127,
	12.0232 0.948706,
	12.0252 0.969337,
	12.0255 0.971916,
	12.0279 0.982231,
	12.0285 0.98481,
	12.0331 0.995126,
	12.0352 1.00028,
	12.0379 1.00544,
	12.041 1.0106,
	12.0422 1.01318,
	12.0442 1.01834,
	12.0493 1.03897,
	12.0501 1.04155,
	12.0547 1.05186,
	12.0595 1.06218,
	12.0603 1.06347,
	12.0627 1.06605,
	12.0634 1.06669,
	12.0648 1.06927,
	12.0695 1.07958,
	12.08 1.10022,
	12.0824 1.10537,
	12.0903 1.126,
	12.0945 1.13632,
	12.0966 1.14148,
	12.099 1.14664,
	12.1059 1.16727,
	12.109 1.17758,
	12.114 1.19821,
	12.1161 1.20853,
	12.1154 1.21884,
	12.1149 1.224,
	12.1146 1.23432,
	12.1143 1.23947,
	12.1137 1.24463,
	12.1145 1.24979,
	12.1154 1.26011,
	12.1156 1.26268,
	12.1164 1.26526,
	12.1175 1.26784,
	12.1183 1.27042,
	12.1209 1.27558,
	12.1219 1.27816,
	12.1236 1.28074,
	12.1246 1.28203,
	12.1257 1.28461,
	12.1259 1.28525,
	12.1344 1.29557,
	12.1388 1.30072,
	12.1409 1.3033,
	12.142 1.30459,
	12.1475 1.31491,
	12.1483 1.3162,
	12.1488 1.31668,
	12.1491 1.31684,
	12.151 1.32716,
	12.1515 1.32974,
	12.1518 1.34005,
	12.151 1.36068,
	12.1496 1.371,
	12.1494 1.37229,
	12.1477 1.37744,
	12.1472 1.37873,
	12.1464 1.38389,
	12.139 1.40452,
	12.1367 1.40968,
	12.1361 1.41226,
	12.1359 1.4129,
	12.132 1.41806,
	12.1314 1.42064,
	12.1309 1.42193,
	12.1307 1.42258,
	12.1275 1.42773,
	12.1253 1.43289,
	12.1251 1.43354,
	12.1267 1.44385,
	12.1275 1.44901,
	12.128 1.45417,
	12.1283 1.46448,
	12.128 1.46964,
	12.128 1.4748,
	12.1278 1.47738,
	12.1267 1.48253,
	12.1262 1.48511,
	12.1246 1.49027,
	12.1227 1.49285,
	12.1219 1.49414,
	12.1195 1.4964,
	12.1188 1.49704,
	12.1137 1.50026,
	12.1111 1.50204,
	12.1085 1.50349,
	12.1033 1.50558,
	12.1008 1.50655,
	12.0995 1.50719,
	12.0988 1.50736,
	12.0895 1.51751,
	12.0877 1.52009,
	12.0867 1.52138,
	12.0763 1.54201,
	12.0737 1.54717,
	12.0724 1.54975,
	12.0663 1.56006,
	12.0587 1.57038,
	12.0566 1.57296,
	12.0556 1.57425,
	12.0508 1.5794,
	12.0482 1.58166,
	12.0431 1.5844,
	12.0379 1.58601,
	12.0353 1.58682,
	12.0302 1.58907,
	12.0289 1.58956,
	12.0276 1.59036,
	12.0269 1.59069,
	12.0166 1.60068,
	12.016 1.60132,
	12.0108 1.60423,
	12.0057 1.60616,
	12.0031 1.60761,
	12.0018 1.60842,
	11.9915 1.61245,
	11.9863 1.61502,
	11.9812 1.61857,
	11.9786 1.62018,
	11.9734 1.62437,
	11.9655 1.63469,
	11.9613 1.63985,
	11.9539 1.65016,
	11.9499 1.65532,
	11.948 1.6579,
	11.9431 1.66306,
	11.9405 1.66547,
	11.9393 1.66628,
	11.9367 1.66741,
	11.9354 1.66821,
	11.9302 1.67031,
	11.9276 1.67144,
	11.9251 1.67224,
	11.9225 1.67273,
	11.9212 1.67289,
	11.9109 1.67224,
	11.9006 1.67257,
	11.8954 1.67273,
	11.8928 1.67289,
	11.8825 1.67579,
	11.8774 1.67821,
	11.8748 1.67934,
	11.8722 1.68079,
	11.8696 1.68256,
	11.8683 1.68336,
	11.859 1.69368,
	11.8567 1.69626,
	11.8558 1.69755,
	11.8508 1.70271,
	11.8482 1.70529,
	11.8469 1.70657,
	11.8463 1.70722,
	11.8359 1.71334,
	11.8346 1.71447,
	11.8334 1.71528,
	11.8321 1.71576,
	11.8218 1.71625,
	11.8114 1.71544,
	11.8011 1.71367,
	11.796 1.7127,
	11.7934 1.71222,
	11.7882 1.7106,
	11.7856 1.70996,
	11.7805 1.70722,
	11.7753 1.70367,
	11.7728 1.7019,
	11.7715 1.70109,
	11.7663 1.69932,
	11.7637 1.69852,
	11.7611 1.69739,
	11.7605 1.69723,
	11.7602 1.69723,
	11.7597 1.69658,
	11.7571 1.6961,
	11.7468 1.6911,
	11.7416 1.6882,
	11.7391 1.68675,
	11.7378 1.68594,
	11.7326 1.68095,
	11.7223 1.67224,
	11.7171 1.66789,
	11.7146 1.6658,
	11.7094 1.66112,
	11.7068 1.65983,
	11.7055 1.65935,
	11.6952 1.65838,
	11.6849 1.6579,
	11.6823 1.65758,
	11.6798 1.65693,
	11.6694 1.65258,
	11.6643 1.64968,
	11.6617 1.64807,
	11.6565 1.64371,
	11.6462 1.63388,
	11.6436 1.63211,
	11.6411 1.63066,
	11.6359 1.62856,
	11.6333 1.62744,
	11.6282 1.62631,
	11.623 1.62437,
	11.6179 1.62212,
	11.6127 1.61938,
	11.6101 1.61793,
	11.6088 1.61728,
	11.5985 1.61003,
	11.5972 1.60922,
	11.5966 1.60906,
	11.594 1.6068,
	11.5934 1.60632,
	11.5927 1.60616,
	11.5901 1.60406,
	11.585 1.60036,
	11.5824 1.59858,
	11.5772 1.59423,
	11.5585 1.5736,
	11.5482 1.56361,
	11.5431 1.55861,
	11.5405 1.55603,
	11.5353 1.55168,
	11.5347 1.55104,
	11.5321 1.54942,
	11.5308 1.54862,
	11.5282 1.54636,
	11.5257 1.54459,
	11.5153 1.53669,
	11.5128 1.5346,
	11.5102 1.53282,
	11.5076 1.53073,
	11.5063 1.52976,
	11.5057 1.52944,
	11.4954 1.5209,
	11.4928 1.5188,
	11.4876 1.51525,
	11.4825 1.51203,
	11.4812 1.51122,
	11.4805 1.5109,
	11.4799 1.51026,
	11.4773 1.50881,
	11.4722 1.50542,
	11.4696 1.50413,
	11.467 1.5022,
	11.4657 1.50107,
	11.4636 1.49849,
	11.4631 1.49785,
	11.4628 1.49769,
	11.4626 1.49704,
	11.461 1.49446,
	11.4601 1.49188,
	11.4588 1.4893,
	11.4552 1.47899,
	11.4551 1.4777,
	11.4544 1.47641,
	11.4528 1.47125,
	11.4527 1.47061,
	11.4523 1.47028,
	11.4523 1.46964,
	11.4452 1.45932,
	11.4378 1.44901,
	11.4277 1.43869,
	11.4174 1.42902,
	11.4162 1.42773,
	11.4148 1.42515,
	11.4111 1.42,
	11.408 1.41484,
	11.4045 1.40452,
	11.404 1.40323,
	11.403 1.39808,
	11.4022 1.3955,
	11.4017 1.39421,
	11.4008 1.38905,
	11.4006 1.38841,
	11.4001 1.38776,
	11.3977 1.37744,
	11.3972 1.37616,
	11.3969 1.37551,
	11.3966 1.3652,
	11.3974 1.35488,
	11.3993 1.34456,
	11.4001 1.33941,
	11.4006 1.33683,
	11.4037 1.32651,
	11.4051 1.32135,
	11.4059 1.31878,
	11.4077 1.30846,
	11.4083 1.30588,
	11.4083 1.30459,
	11.409 1.3033,
	11.4098 1.28267,
	11.409 1.27236,
	11.4082 1.2672,
	11.4077 1.26462,
	11.4061 1.25946,
	11.4048 1.25688,
	11.4043 1.25559,
	11.398 1.24528,
	11.392 1.23496,
	11.389 1.2298,
	11.3862 1.22465,
	11.3841 1.21949,
	11.383 1.21691,
	11.3796 1.20659,
	11.3782 1.20144,
	11.3774 1.19886,
	11.3771 1.19757,
	11.3759 1.19499,
	11.3743 1.18467,
	11.3704 1.14341,
	11.368 1.12278,
	11.3664 1.11246,
	11.3656 1.10215,
	11.365 1.08152,
	11.3638 1.06089,
	11.363 1.05057,
	11.3608 1.02994,
	11.3603 1.02478,
	11.36 1.0222,
	11.3596 1.00157,
	11.3596 0.991257,
	11.3596 0.990613,
	11.3596 0.99029,
	"/>
<Contour name="Copy of d046_i16_p14" hidden="false" closed="true" simplified="true" border="1 1 0" fill="1 1 0" mode="11"
 points="11.3596 0.990129,
	11.3622 0.979814,
	11.3634 0.974656,
	11.364 0.972077,
	11.3643 0.969498,
	11.368 0.959183,
	11.3687 0.956604,
	11.3688 0.954025,
	11.3724 0.943709,
	11.3742 0.938552,
	11.375 0.935973,
	11.3771 0.930815,
	11.3806 0.920499,
	11.3824 0.915342,
	11.3833 0.912763,
	11.3929 0.892132,
	11.3978 0.881816,
	11.4019 0.871501,
	11.4223 0.830239,
	11.4323 0.809608,
	11.443 0.788976,
	11.4456 0.783819,
	11.4485 0.778661,
	11.4557 0.768345,
	11.4636 0.75803,
	11.4659 0.755451,
	11.476 0.746747,
	11.4812 0.742557,
	11.4915 0.737077,
	11.4967 0.734336,
	11.4992 0.733047,
	11.5095 0.726922,
	11.5147 0.724021,
	11.516 0.723215,
	11.5166 0.722893,
	11.5266 0.712577,
	11.5316 0.707419,
	11.536 0.702262,
	11.541 0.697104,
	11.5416 0.696459,
	11.5468 0.693719,
	11.5494 0.692591,
	11.5545 0.691463,
	11.5571 0.690818,
	11.5584 0.690495,
	11.5687 0.690334,
	11.5893 0.691624,
	11.5996 0.692107,
	11.6048 0.69243,
	11.61 0.693074,
	11.6151 0.694203,
	11.6203 0.695009,
	11.6409 0.697265,
	11.6512 0.698393,
	11.6564 0.698877,
	11.677 0.69936,
	11.6822 0.699683,
	11.6925 0.701456,
	11.6951 0.701617,
	11.6957 0.701617,
	11.706 0.706452,
	11.7163 0.709515,
	11.7215 0.711127,
	11.7267 0.712416,
	11.7318 0.712255,
	11.7421 0.709998,
	11.7524 0.707097,
	11.7731 0.701778,
	11.7834 0.697426,
	11.7937 0.692752,
	11.7989 0.690334,
	11.804 0.688722,
	11.8143 0.686305,
	11.8195 0.684371,
	11.8221 0.683565,
	11.8272 0.682598,
	11.8324 0.681953,
	11.8427 0.681631,
	11.8479 0.681308,
	11.8685 0.682114,
	11.8891 0.685338,
	11.8943 0.686466,
	11.8956 0.686788,
	11.9059 0.691785,
	11.911 0.694525,
	11.9162 0.698232,
	11.9214 0.702745,
	11.9239 0.704679,
	11.9275 0.709837,
	11.9289 0.712416,
	11.9297 0.713705,
	11.9336 0.724021,
	11.9372 0.734336,
	11.9394 0.744652,
	11.9401 0.747231,
	11.9402 0.74852,
	11.9386 0.769151,
	11.9383 0.774309,
	11.9381 0.776888,
	11.9391 0.782046,
	11.9394 0.784625,
	11.9404 0.787204,
	11.9407 0.788493,
	11.9422 0.791072,
	11.9463 0.79623,
	11.967 0.816538,
	11.9721 0.821213,
	11.9773 0.826209,
	11.9786 0.827499,
	11.9845 0.837814,
	11.9874 0.842972,
	11.9876 0.844261,
	11.9881 0.845551,
	11.991 0.866182,
	11.9926 0.876497,
	11.9931 0.879076,
	11.9932 0.881655,
	11.9974 0.891971,
	12.0179 0.933233,
	12.0192 0.935812,
	12.0223 0.946127,
	12.0232 0.948706,
	12.0252 0.969337,
	12.0255 0.971916,
	12.0279 0.982231,
	12.0285 0.98481,
	12.0331 0.995126,
	12.0352 1.00028,
	12.0379 1.00544,
	12.041 1.0106,
	12.0422 1.01318,
	12.0442 1.01834,
	12.0493 1.03897,
	12.0501 1.04155,
	12.0547 1.05186,
	12.0595 1.06218,
	12.0603 1.06347,
	12.0627 1.06605,
	12.0634 1.06669,
	12.0648 1.06927,
	12.0695 1.07958,
	12.08 1.10022,
	12.0824 1.10537,
	12.0903 1.126,
	12.0945 1.13632,
	12.0966 1.14148,
	12.099 1.14664,
	12.1059 1.16727,
	12.109 1.17758,
	12.114 1.19821,
	12.1161 1.20853,
	12.1154 1.21884,
	12.1149 1.224,
	12.1146 1.23432,
	12.1143 1.23947,
	12.1137 1.24463,
	12.1145 1.24979,
	12.1154 1.26011,
	12.1156 1.26268,
	12.1164 1.26526,
	12.1175 1.26784,
	12.1183 1.27042,
	12.1209 1.27558,
	12.1219 1.27816,
	12.1236 1.28074,
	12.1246 1.28203,
	12.1257 1.28461,
	12.1259 1.28525,
	12.1344 1.29557,
	12.1388 1.30072,
	12.1409 1.3033,
	12.142 1.30459,
	12.1475 1.31491,
	12.1483 1.3162,
	12.1488 1.31668,
	12.1491 1.31684,
	12.151 1.32716,
	12.1515 1.32974,
	12.1518 1.34005,
	12.151 1.36068,
	12.1496 1.371,
	12.1494 1.37229,
	12.1477 1.37744,
	12.1472 1.37873,
	12.1464 1.38389,
	12.139 1.40452,
	12.1367 1.40968,
	12.1361 1.41226,
	12.1359 1.4129,
	12.132 1.41806,
	12.1314 1.42064,
	12.1309 1.42193,
	12.1307 1.42258,
	12.1275 1.42773,
	12.1253 1.43289,
	12.1251 1.43354,
	12.1267 1.44385,
	12.1275 1.44901,
	12.128 1.45417,
	12.1283 1.46448,
	12.128 1.46964,
	12.128 1.4748,
	12.1278 1.47738,
	12.1267 1.48253,
	12.1262 1.48511,
	12.1246 1.49027,
	12.1227 1.49285,
	12.1219 1.49414,
	12.1195 1.4964,
	12.1188 1.49704,
	12.1137 1.50026,
	12.1111 1.50204,
	12.1085 1.50349,
	12.1033 1.50558,
	12.1008 1.50655,
	12.0995 1.50719,
	12.0988 1.50736,
	12.0895 1.51751,
	12.0877 1.52009,
	12.0867 1.52138,
	12.0763 1.54201,
	12.0737 1.54717,
	12.0724 1.54975,
	12.0663 1.56006,
	12.0587 1.57038,
	12.0566 1.57296,
	12.0556 1.57425,
	12.0508 1.5794,
	12.0482 1.58166,
	12.0431 1.5844,
	12.0379 1.58601,
	12.0353 1.58682,
	12.0302 1.58907,
	12.0289 1.58956,
	12.0276 1.59036,
	12.0269 1.59069,
	12.0166 1.60068,
	12.016 1.60132,
	12.0108 1.60423,
	12.0057 1.60616,
	12.0031 1.60761,
	12.0018 1.60842,
	11.9915 1.61245,
	11.9863 1.61502,
	11.9812 1.61857,
	11.9786 1.62018,
	11.9734 1.62437,
	11.9655 1.63469,
	11.9613 1.63985,
	11.9539 1.65016,
	11.9499 1.65532,
	11.948 1.6579,
	11.9431 1.66306,
	11.9405 1.66547,
	11.9393 1.66628,
	11.9367 1.66741,
	11.9354 1.66821,
	11.9302 1.67031,
	11.9276 1.67144,
	11.9251 1.67224,
	11.9225 1.67273,
	11.9212 1.67289,
	11.9109 1.67224,
	11.9006 1.67257,
	11.8954 1.67273,
	11.8928 1.67289,
	11.8825 1.67579,
	11.8774 1.67821,
	11.8748 1.67934,
	11.8722 1.68079,
	11.8696 1.68256,
	11.8683 1.68336,
	11.859 1.69368,
	11.8567 1.69626,
	11.8558 1.69755,
	11.8508 1.70271,
	11.8482 1.70529,
	11.8469 1.70657,
	11.8463 1.70722,
	11.8359 1.71334,
	11.8346 1.71447,
	11.8334 1.71528,
	11.8321 1.71576,
	11.8218 1.71625,
	11.8114 1.71544,
	11.8011 1.71367,
	11.796 1.7127,
	11.7934 1.71222,
	11.7882 1.7106,
	11.7856 1.70996,
	11.7805 1.70722,
	11.7753 1.70367,
	11.7728 1.7019,
	11.7715 1.70109,
	11.7663 1.69932,
	11.7637 1.69852,
	11.7611 1.69739,
	11.7605 1.69723,
	11.7602 1.69723,
	11.7597 1.69658,
	11.7571 1.6961,
	11.7468 1.6911,
	11.7416 1.6882,
	11.7391 1.68675,
	11.7378 1.68594,
	11.7326 1.68095,
	11.7223 1.67224,
	11.7171 1.66789,
	11.7146 1.6658,
	11.7094 1.66112,
	11.7068 1.65983,
	11.7055 1.65935,
	11.6952 1.65838,
	11.6849 1.6579,
	11.6823 1.65758,
	11.6798 1.65693,
	11.6694 1.65258,
	11.6643 1.64968,
	11.6617 1.64807,
	11.6565 1.64371,
	11.6462 1.63388,
	11.6436 1.63211,
	11.6411 1.63066,
	11.6359 1.62856,
	11.6333 1.62744,
	11.6282 1.62631,
	11.623 1.62437,
	11.6179 1.62212,
	11.6127 1.61938,
	11.6101 1.61793,
	11.6088 1.61728,
	11.5985 1.61003,
	11.5972 1.60922,
	11.5966 1.60906,
	11.594 1.6068,
	11.5934 1.60632,
	11.5927 1.60616,
	11.5901 1.60406,
	11.585 1.60036,
	11.5824 1.59858,
	11.5772 1.59423,
	11.5585 1.5736,
	11.5482 1.56361,
	11.5431 1.55861,
	11.5405 1.55603,
	11.5353 1.55168,
	11.5347 1.55104,
	11.5321 1.54942,
	11.5308 1.54862,
	11.5282 1.54636,
	11.5257 1.54459,
	11.5153 1.53669,
	11.5128 1.5346,
	11.5102 1.53282,
	11.5076 1.53073,
	11.5063 1.52976,
	11.5057 1.52944,
	11.4954 1.5209,
	11.4928 1.5188,
	11.4876 1.51525,
	11.4825 1.51203,
	11.4812 1.51122,
	11.4805 1.5109,
	11.4799 1.51026,
	11.4773 1.50881,
	11.4722 1.50542,
	11.4696 1.50413,
	11.467 1.5022,
	11.4657 1.50107,
	11.4636 1.49849,
	11.4631 1.49785,
	11.4628 1.49769,
	11.4626 1.49704,
	11.461 1.49446,
	11.4601 1.49188,
	11.4588 1.4893,
	11.4552 1.47899,
	11.4551 1.4777,
	11.4544 1.47641,
	11.4528 1.47125,
	11.4527 1.47061,
	11.4523 1.47028,
	11.4523 1.46964,
	11.4452 1.45932,
	11.4378 1.44901,
	11.4277 1.43869,
	11.4174 1.42902,
	11.4162 1.42773,
	11.4148 1.42515,
	11.4111 1.42,
	11.408 1.41484,
	11.4045 1.40452,
	11.404 1.40323,
	11.403 1.39808,
	11.4022 1.3955,
	11.4017 1.39421,
	11.4008 1.38905,
	11.4006 1.38841,
	11.4001 1.38776,
	11.3977 1.37744,
	11.3972 1.37616,
	11.3969 1.37551,
	11.3966 1.3652,
	11.3974 1.35488,
	11.3993 1.34456,
	11.4001 1.33941,
	11.4006 1.33683,
	11.4037 1.32651,
	11.4051 1.32135,
	11.4059 1.31878,
	11.4077 1.30846,
	11.4083 1.30588,
	11.4083 1.30459,
	11.409 1.3033,
	11.4098 1.28267,
	11.409 1.27236,
	11.4082 1.2672,
	11.4077 1.26462,
	11.4061 1.25946,
	11.4048 1.25688,
	11.4043 1.25559,
	11.398 1.24528,
	11.392 1.23496,
	11.389 1.2298,
	11.3862 1.22465,
	11.3841 1.21949,
	11.383 1.21691,
	11.3796 1.20659,
	11.3782 1.20144,
	11.3774 1.19886,
	11.3771 1.19757,
	11.3759 1.19499,
	11.3743 1.18467,
	11.3704 1.14341,
	11.368 1.12278,
	11.3664 1.11246,
	11.3656 1.10215,
	11.365 1.08152,
	11.3638 1.06089,
	11.363 1.05057,
	11.3608 1.02994,
	11.3603 1.02478,
	11.36 1.0222,
	11.3596 1.00157,
	11.3596 0.991257,
	11.3596 0.990613,
	11.3596 0.99029,
	"/>
</Transform>

<Transform dim="1"
 xcoef=" -0.206717579519747 1 0 0 0 0"
 ycoef=" -0.599985169825606 0 1 0 0 0">
<Contour name="d046_p13" hidden="false" closed="true" simplified="true" border="1 1 0" fill="1 1 0" mode="11"
 points="11.3807 0.310503,
	11.384 0.299977,
	11.3847 0.297346,
	11.386 0.29603,
	11.3893 0.285505,
	11.3912 0.280242,
	11.3932 0.277611,
	11.3972 0.267085,
	11.4123 0.246692,
	11.4209 0.236166,
	11.4347 0.215773,
	11.438 0.210511,
	11.438 0.209195,
	11.4399 0.206563,
	11.4445 0.196038,
	11.4518 0.174987,
	11.4537 0.169724,
	11.4551 0.159199,
	11.4564 0.153936,
	11.4564 0.132885,
	11.4544 0.111834,
	11.4524 0.101308,
	11.4518 0.0960454,
	11.4505 0.093414,
	11.4505 0.0907827,
	11.4472 0.0802571,
	11.4459 0.0776257,
	11.4459 0.0749944,
	11.4439 0.0697316,
	11.4426 0.0671002,
	11.4426 0.0644688,
	11.4287 0.0223667,
	11.4268 0.017104,
	11.4261 0.0144726,
	11.4261 0.0131569,
	11.4248 0.0118412,
	11.4202 0.00131569,
	11.4182 -0.00131569,
	11.4084 -0.0223667,
	11.4077 -0.0249981,
	11.4064 -0.0263138,
	11.4051 -0.0315766,
	11.4037 -0.0328923,
	11.4005 -0.0434178,
	11.3985 -0.0460492,
	11.3985 -0.0473649,
	11.3972 -0.0486806,
	11.3959 -0.0539433,
	11.3945 -0.0565747,
	11.3939 -0.0671002,
	11.3959 -0.072363,
	11.3998 -0.0769679,
	11.4011 -0.0782836,
	11.4024 -0.0782836,
	11.4037 -0.0795993,
	11.4248 -0.0815728,
	11.4353 -0.0815728,
	11.4406 -0.080915,
	11.4511 -0.0776257,
	11.4524 -0.0776257,
	11.4537 -0.0763101,
	11.4636 -0.0717051,
	11.4682 -0.0690738,
	11.4708 -0.0677581,
	11.4722 -0.0664424,
	11.4735 -0.0664424,
	11.4761 -0.0644688,
	11.4774 -0.0644688,
	11.488 -0.0572325,
	11.4972 -0.0493384,
	11.5064 -0.0401286,
	11.511 -0.0355236,
	11.5182 -0.025656,
	11.5268 -0.0157883,
	11.536 -0.00789414,
	11.557 0.00328923,
	11.5597 0.00592061,
	11.561 0.00592061,
	11.5616 0.0072363,
	11.5629 0.0072363,
	11.5715 0.017104,
	11.5748 0.0217089,
	11.5768 0.0269717,
	11.5768 0.029603,
	11.5781 0.0322344,
	11.5787 0.0532855,
	11.5801 0.0585482,
	11.5807 0.0795993,
	11.582 0.0901248,
	11.5879 0.111176,
	11.5926 0.121701,
	11.5972 0.142752,
	11.5985 0.145384,
	11.6004 0.155909,
	11.607 0.17696,
	11.6103 0.187486,
	11.611 0.190117,
	11.611 0.191433,
	11.6123 0.192749,
	11.6261 0.234851,
	11.6294 0.245376,
	11.6314 0.255902,
	11.632 0.261165,
	11.6333 0.263796,
	11.634 0.284847,
	11.634 0.295373,
	11.634 0.298004,
	11.6327 0.29932,
	11.6294 0.309845,
	11.6274 0.315108,
	11.6202 0.324976,
	11.6103 0.33287,
	11.5998 0.339448,
	11.5945 0.341422,
	11.5932 0.341422,
	11.5919 0.342737,
	11.5866 0.343395,
	11.5853 0.344711,
	11.5643 0.349316,
	11.5432 0.355236,
	11.5379 0.35721,
	11.5366 0.358526,
	11.5261 0.361815,
	11.5156 0.363788,
	11.4735 0.365104,
	11.4524 0.365762,
	11.4419 0.365104,
	11.4209 0.357868,
	11.3998 0.354579,
	11.3985 0.353263,
	11.3959 0.352605,
	11.3873 0.344711,
	11.3866 0.34208,
	11.3847 0.339448,
	11.3814 0.328923,
	11.3807 0.318397,
	11.3807 0.313134,
	11.3807 0.311161,
	"/>
</Transform>

<Transform dim="1"
 xcoef=" -0.206717579519747 1 0 0 0 0"
 ycoef=" -0.599985169825606 0 1 0 0 0">
<Contour name="d046_p14" hidden="false" closed="true" simplified="true" border="1 1 0" fill="1 1 0" mode="11"
 points="10.727 1.00076,
	10.7318 0.989992,
	10.7345 0.984608,
	10.7358 0.981916,
	10.7452 0.971821,
	10.756 0.964418,
	10.7614 0.96038,
	10.7627 0.96038,
	10.7634 0.959034,
	10.7661 0.958361,
	10.7688 0.956342,
	10.7795 0.95365,
	10.7903 0.949612,
	10.7957 0.94692,
	10.8172 0.942209,
	10.8388 0.94019,
	10.8495 0.94019,
	10.8603 0.942209,
	10.8657 0.944901,
	10.8765 0.947593,
	10.8872 0.951631,
	10.8886 0.951631,
	10.8913 0.95365,
	10.9128 0.96038,
	10.9343 0.964418,
	10.9559 0.971821,
	10.9613 0.97384,
	10.9666 0.977205,
	10.9693 0.977878,
	10.9794 0.986627,
	10.9835 0.992011,
	10.9882 1.00278,
	10.9895 1.00547,
	10.9909 1.02701,
	10.9909 1.03239,
	10.9888 1.03778,
	10.9855 1.04316,
	10.9747 1.05191,
	10.972 1.05393,
	10.9693 1.0546,
	10.9639 1.05797,
	10.9424 1.06537,
	10.9209 1.06941,
	10.8778 1.07479,
	10.867 1.08018,
	10.8616 1.08287,
	10.8509 1.08489,
	10.8401 1.08556,
	10.8293 1.08758,
	10.8078 1.08892,
	10.7863 1.08758,
	10.7809 1.08623,
	10.7701 1.0795,
	10.7647 1.07681,
	10.7439 1.05729,
	10.7351 1.04652,
	10.7331 1.04383,
	10.7297 1.03306,
	10.7277 1.0223,
	10.727 1.00143,
	"/>
</Transform>

<Transform dim="0"
 xcoef=" 0 1 0 0 0 0"
 ycoef=" 0 0 1 0 0 0">
<Contour name="d046_cfa13" hidden="false" closed="false" simplified="false" border="0 1 0" fill="0 1 0" mode="11"
 points="11.6682 0.688218,
	11.6726 0.701563,
	11.6785 0.723804,
	11.6785 0.740114,
	11.6741 0.7757,
	11.6622 0.820183,
	11.6148 0.873562,
	"/>
<Contour name="d046_cfa13" hidden="false" closed="false" simplified="false" border="0 1 0" fill="0 1 0" mode="11"
 points="11.6089 0.544391,
	11.6103 0.544391,
	11.6103 0.548839,
	11.6192 0.560701,
	11.6326 0.577012,
	11.6578 0.634839,
	"/>
</Transform>

<Transform dim="0"
 xcoef=" 0 1 0 0 0 0"
 ycoef=" 0 0 1 0 0 0">
<Contour name="d046_c13" hidden="false" closed="true" simplified="true" border="1 0 0" fill="1 0 0" mode="11"
 points="11.5091 0.587169,
	11.5328 0.566411,
	11.5566 0.550101,
	11.5803 0.538238,
	11.604 0.535273,
	11.6277 0.539721,
	11.6396 0.542687,
	11.6455 0.545652,
	11.6678 0.569376,
	11.6752 0.5931,
	11.6767 0.604962,
	11.6752 0.616824,
	11.6752 0.622755,
	11.6648 0.633135,
	11.6529 0.640548,
	11.6292 0.644997,
	11.5818 0.646479,
	11.558 0.646479,
	11.5521 0.646479,
	11.5284 0.634617,
	11.5165 0.628686,
	11.5106 0.625721,
	11.5091 0.601997,
	11.5091 0.590135,
	11.5091 0.588652,
	"/>
<Contour name="d046_c13" hidden="false" closed="true" simplified="true" border="1 0 0" fill="1 0 0" mode="11"
 points="11.5566 0.802168,
	11.5595 0.778444,
	11.5699 0.75472,
	11.5832 0.730996,
	11.5877 0.719134,
	11.5907 0.713203,
	11.6025 0.702824,
	11.6262 0.69541,
	11.6381 0.690962,
	11.6856 0.686514,
	11.693 0.696893,
	11.7122 0.744341,
	11.7226 0.791789,
	11.7241 0.815513,
	11.7256 0.827375,
	11.7211 0.839237,
	11.7019 0.861478,
	11.69 0.870375,
	11.6841 0.874823,
	11.6366 0.88965,
	11.6307 0.891133,
	11.5832 0.868892,
	11.5714 0.859995,
	11.561 0.848133,
	11.5566 0.824409,
	11.5566 0.812547,
	11.5566 0.806616,
	11.5566 0.803651,
	"/>
</Transform>

<Transform dim="0"
 xcoef=" 0 1 0 0 0 0"
 ycoef=" 0 0 1 0 0 0">
<Contour name="D046_ax01" hidden="false" closed="true" simplified="false" border="0 1 1" fill="0 1 1" mode="-11"
 points="15.2912 0.625268,
	15.3055 0.610982,
	15.2483 0.553841,
	15.2626 0.539555,
	15.3198 0.596697,
	15.334 0.582411,
	15.334 0.625268,
	"/>
</Transform>

<Transform dim="1"
 xcoef=" 0.394443083160514 1 0 0 0 0"
 ycoef=" 0.345440089459695 0 1 0 0 0">
<Image mag="0.00201646" contrast="1.97993" brightness="-0.73" red="true" green="true" blue="true"
 src="059____z58.0.tif" />
<Contour name="domain1" hidden="false" closed="true" simplified="false" border="1 0 1" fill="1 0 1" mode="11"
 points="0 0,
	9551 0,
	9551 5063,
	0 5063,
	"/>
</Transform>

</Section>