<?xml version="1.0"?>
<!DOCTYPE Section SYSTEM "section.dtd">

<Section index="40" thickness="0.052" alignLocked="true">
<Transform dim="3"
 xcoef=" 1.56381419444123 1.25456401399526 0 0 0 0"
 ycoef=" 1.26743498923858 0 1.25456401399526 0 0 0">
<Contour name="D019" hidden="false" closed="true" simplified="true" border="0 0 1" fill="0 0 1" mode="13"
 points="9.52952 6.20916,
	9.53158 6.1808,
	9.53773 6.15296,
	9.54786 6.12614,
	9.56178 6.10083,
	9.57924 6.0775,
	9.59992 6.05657,
	9.62345 6.03843,
	9.64939 6.02339,
	9.67727 6.01174,
	9.70658 6.00369,
	9.73679 5.99939,
	9.76735 5.99891,
	9.7977 6.00226,
	9.82729 6.00938,
	9.85558 6.02015,
	9.88205 6.03436,
	9.90622 6.05176,
	9.92765 6.07203,
	9.94594 6.0948,
	9.96078 6.11965,
	9.97187 6.14614,
	9.97903 6.17377,
	9.98213 6.20205,
	9.98109 6.23046,
	9.97596 6.25848,
	9.96681 6.2856,
	9.95381 6.31133,
	9.93721 6.33519,
	9.9173 6.35676,
	9.89445 6.37564,
	9.86907 6.39148,
	9.84163 6.404,
	9.81263 6.41296,
	9.78259 6.41821,
	9.75206 6.41965,
	9.72161 6.41726,
	9.69178 6.41106,
	9.66311 6.40119,
	9.63614 6.38782,
	9.61136 6.37119,
	9.5892 6.35161,
	9.57009 6.32943,
	9.55436 6.30505,
	9.54231 6.27893,
	9.53415 6.25154,
	"/>
</Transform>

<Transform dim="3"
 xcoef=" 1.56381419444123 1.25456401399526 0 0 0 0"
 ycoef=" 1.26743498923858 0 1.25456401399526 0 0 0">
<Contour name="D020" hidden="false" closed="true" simplified="true" border="0 0 1" fill="0 0 1" mode="13"
 points="14.2525 8.91756,
	14.2553 8.8742,
	14.2634 8.83337,
	14.2764 8.79742,
	14.2936 8.76846,
	14.3139 8.74816,
	14.3362 8.73771,
	14.3591 8.73771,
	14.3814 8.74816,
	14.4017 8.76846,
	14.4189 8.79742,
	14.4319 8.83337,
	14.4401 8.8742,
	14.4428 8.91756,
	14.4401 8.96092,
	14.4319 9.00176,
	14.4189 9.03771,
	14.4017 9.06667,
	14.3814 9.08697,
	14.3591 9.09742,
	14.3362 9.09742,
	14.3139 9.08697,
	14.2936 9.06667,
	14.2764 9.03771,
	14.2634 9.00176,
	14.2553 8.96092,
	"/>
</Transform>

<Transform dim="3"
 xcoef=" 1.56381419444123 1.25456401399526 0 0 0 0"
 ycoef=" 1.26743498923858 0 1.25456401399526 0 0 0">
<Contour name="D021" hidden="false" closed="true" simplified="true" border="0 0 1" fill="0 0 1" mode="13"
 points="8.17181 7.72732,
	8.17488 7.6849,
	8.18401 7.64364,
	8.19894 7.60466,
	8.21928 7.56902,
	8.24447 7.53771,
	8.27381 7.51156,
	8.30651 7.4913,
	8.34168 7.47748,
	8.37835 7.47048,
	8.41554 7.47048,
	8.45221 7.47748,
	8.48738 7.4913,
	8.52008 7.51156,
	8.54943 7.53771,
	8.57461 7.56902,
	8.59495 7.60466,
	8.60988 7.64364,
	8.61901 7.6849,
	8.62208 7.72732,
	8.61901 7.76974,
	8.60988 7.811,
	8.59495 7.84998,
	8.57461 7.88561,
	8.54943 7.91693,
	8.52008 7.94307,
	8.48738 7.96333,
	8.45221 7.97715,
	8.41554 7.98416,
	8.37835 7.98416,
	8.34168 7.97715,
	8.30651 7.96333,
	8.27381 7.94307,
	8.24447 7.91693,
	8.21928 7.88561,
	8.19894 7.84998,
	8.18401 7.811,
	"/>
</Transform>

<Transform dim="3"
 xcoef=" 1.56381419444123 1.25456401399526 0 0 0 0"
 ycoef=" 1.26743498923858 0 1.25456401399526 0 0 0">
<Contour name="D022" hidden="false" closed="true" simplified="true" border="0 0 1" fill="0 0 1" mode="13"
 points="20.2572 9.22047,
	20.2599 9.19167,
	20.268 9.16331,
	20.2814 9.13584,
	20.2999 9.10967,
	20.3231 9.08522,
	20.3507 9.06286,
	20.3823 9.04294,
	20.4175 9.02576,
	20.4555 9.01159,
	20.496 9.00065,
	20.5382 8.99311,
	20.5815 8.98908,
	20.6252 8.98863,
	20.6687 8.99177,
	20.7112 8.99844,
	20.7521 9.00854,
	20.7909 9.02192,
	20.8268 9.03837,
	20.8593 9.05764,
	20.888 9.07942,
	20.9124 9.10339,
	20.932 9.12916,
	20.9467 9.15634,
	20.9561 9.18452,
	20.9602 9.21325,
	20.9589 9.2421,
	20.9521 9.27061,
	20.94 9.29834,
	20.9228 9.32487,
	20.9007 9.34979,
	20.8742 9.37271,
	20.8435 9.39327,
	20.8092 9.41116,
	20.7718 9.42611,
	20.7319 9.43787,
	20.6901 9.44628,
	20.647 9.45119,
	20.6033 9.45254,
	20.5597 9.45029,
	20.5169 9.4445,
	20.4755 9.43524,
	20.4362 9.42266,
	20.3995 9.40696,
	20.3661 9.38837,
	20.3364 9.36719,
	20.3109 9.34373,
	20.29 9.31838,
	20.2741 9.29151,
	20.2633 9.26354,
	"/>
</Transform>

<Transform dim="3"
 xcoef=" 1.56381419444123 1.25456401399526 0 0 0 0"
 ycoef=" 1.26743498923858 0 1.25456401399526 0 0 0">
<Contour name="D023" hidden="false" closed="true" simplified="true" border="0 0 1" fill="0 0 1" mode="13"
 points="10.8282 5.65928,
	10.8287 5.64115,
	10.8302 5.62308,
	10.8327 5.60515,
	10.8362 5.58742,
	10.8406 5.56995,
	10.846 5.55282,
	10.8523 5.53609,
	10.8596 5.51981,
	10.8677 5.50406,
	10.8767 5.48888,
	10.8865 5.47433,
	10.897 5.46047,
	10.9084 5.44735,
	10.9204 5.43502,
	10.9331 5.42353,
	10.9464 5.41291,
	10.9602 5.40321,
	10.9746 5.39446,
	10.9894 5.38669,
	11.0046 5.37994,
	11.0202 5.37423,
	11.036 5.36958,
	11.0521 5.36601,
	11.0683 5.36352,
	11.0847 5.36214,
	11.101 5.36186,
	11.1174 5.36269,
	11.1337 5.36463,
	11.1499 5.36766,
	11.1658 5.37177,
	11.1816 5.37695,
	11.1969 5.38319,
	11.212 5.39045,
	11.2266 5.39871,
	11.2407 5.40794,
	11.2543 5.41811,
	11.2672 5.42917,
	11.2796 5.44109,
	11.2913 5.45382,
	11.3022 5.46731,
	11.3124 5.48152,
	11.3218 5.49639,
	11.3304 5.51187,
	11.3381 5.52789,
	11.3448 5.5444,
	11.3507 5.56134,
	11.3556 5.57865,
	11.3596 5.59625,
	11.3626 5.61409,
	11.3646 5.6321,
	11.3656 5.65021,
	11.3656 5.66835,
	11.3646 5.68646,
	11.3626 5.70447,
	11.3596 5.7223,
	11.3556 5.73991,
	11.3507 5.75721,
	11.3448 5.77415,
	11.3381 5.79067,
	11.3304 5.80669,
	11.3218 5.82217,
	11.3124 5.83704,
	11.3022 5.85125,
	11.2913 5.86474,
	11.2796 5.87747,
	11.2672 5.88939,
	11.2543 5.90045,
	11.2407 5.91062,
	11.2266 5.91985,
	11.212 5.92811,
	11.1969 5.93537,
	11.1816 5.9416,
	11.1658 5.94679,
	11.1499 5.9509,
	11.1337 5.95393,
	11.1174 5.95586,
	11.101 5.95669,
	11.0847 5.95642,
	11.0683 5.95503,
	11.0521 5.95255,
	11.036 5.94898,
	11.0202 5.94433,
	11.0046 5.93862,
	10.9894 5.93187,
	10.9746 5.9241,
	10.9602 5.91535,
	10.9464 5.90565,
	10.9331 5.89503,
	10.9204 5.88353,
	10.9084 5.8712,
	10.897 5.85809,
	10.8865 5.84423,
	10.8767 5.82968,
	10.8677 5.8145,
	10.8596 5.79874,
	10.8523 5.78247,
	10.846 5.76573,
	10.8406 5.7486,
	10.8362 5.73114,
	10.8327 5.71341,
	10.8302 5.69548,
	10.8287 5.67741,
	"/>
</Transform>

<Transform dim="3"
 xcoef=" 1.56381419444123 1.25456401399526 0 0 0 0"
 ycoef=" 1.26743498923858 0 1.25456401399526 0 0 0">
<Contour name="D024_edge" hidden="false" closed="true" simplified="true" border="0 0 1" fill="0 0 1" mode="13"
 points="15.4376 12.5576,
	15.4381 12.5433,
	15.4397 12.5292,
	15.4424 12.5152,
	15.4462 12.5015,
	15.4509 12.4882,
	15.4567 12.4754,
	15.4634 12.4632,
	15.4711 12.4516,
	15.4796 12.4407,
	15.4889 12.4306,
	15.4989 12.4214,
	15.5096 12.4131,
	15.5209 12.4058,
	15.5327 12.3995,
	15.5449 12.3943,
	15.5575 12.3902,
	15.5704 12.3873,
	15.5834 12.3856,
	15.5966 12.385,
	15.6097 12.3856,
	15.6227 12.3873,
	15.6356 12.3902,
	15.6482 12.3943,
	15.6604 12.3995,
	15.6723 12.4058,
	15.6835 12.4131,
	15.6942 12.4214,
	15.7043 12.4306,
	15.7136 12.4407,
	15.7221 12.4516,
	15.7297 12.4632,
	15.7364 12.4754,
	15.7422 12.4882,
	15.747 12.5015,
	15.7507 12.5152,
	15.7534 12.5292,
	15.755 12.5433,
	15.7556 12.5576,
	15.755 12.5718,
	15.7534 12.586,
	15.7507 12.6,
	15.747 12.6136,
	15.7422 12.6269,
	15.7364 12.6397,
	15.7297 12.652,
	15.7221 12.6636,
	15.7136 12.6745,
	15.7043 12.6846,
	15.6942 12.6938,
	15.6835 12.7021,
	15.6723 12.7094,
	15.6604 12.7157,
	15.6482 12.7208,
	15.6356 12.7249,
	15.6227 12.7278,
	15.6097 12.7296,
	15.5966 12.7302,
	15.5834 12.7296,
	15.5704 12.7278,
	15.5575 12.7249,
	15.5449 12.7208,
	15.5327 12.7157,
	15.5209 12.7094,
	15.5096 12.7021,
	15.4989 12.6938,
	15.4889 12.6846,
	15.4796 12.6745,
	15.4711 12.6636,
	15.4634 12.652,
	15.4567 12.6397,
	15.4509 12.6269,
	15.4462 12.6136,
	15.4424 12.6,
	15.4397 12.586,
	15.4381 12.5718,
	"/>
</Transform>

<Transform dim="3"
 xcoef=" 1.56381419444123 1.25456401399526 0 0 0 0"
 ycoef=" 1.26743498923858 0 1.25456401399526 0 0 0">
<Contour name="D025" hidden="false" closed="true" simplified="true" border="0 0 1" fill="0 0 1" mode="13"
 points="5.61742 5.30505,
	5.61924 5.28751,
	5.62467 5.2702,
	5.63364 5.25333,
	5.64604 5.23713,
	5.6617 5.2218,
	5.68044 5.20753,
	5.702 5.19451,
	5.72611 5.18291,
	5.75247 5.17287,
	5.78073 5.16452,
	5.81053 5.15797,
	5.8415 5.1533,
	5.87323 5.15058,
	5.90533 5.14983,
	5.93737 5.15108,
	5.96895 5.15429,
	5.99966 5.15943,
	6.02912 5.16644,
	6.05694 5.17522,
	6.08276 5.18567,
	6.10626 5.19764,
	6.12714 5.21099,
	6.14513 5.22554,
	6.16 5.24111,
	6.17155 5.2575,
	6.17964 5.27449,
	6.18417 5.29188,
	6.18508 5.30944,
	6.18236 5.32694,
	6.17604 5.34416,
	6.1662 5.36088,
	6.15297 5.37689,
	6.13651 5.39197,
	6.11705 5.40594,
	6.09482 5.41862,
	6.07012 5.42985,
	6.04325 5.43948,
	6.01457 5.44739,
	5.98444 5.45347,
	5.95324 5.45766,
	5.92138 5.45989,
	5.88926 5.46014,
	5.8573 5.4584,
	5.8259 5.4547,
	5.79546 5.44908,
	5.76638 5.44162,
	5.73903 5.43241,
	5.71375 5.42157,
	5.69088 5.40924,
	5.6707 5.39558,
	5.65347 5.38075,
	5.63942 5.36496,
	5.62872 5.3484,
	5.62151 5.33128,
	"/>
</Transform>

<Transform dim="3"
 xcoef=" 1.56381419444123 1.25456401399526 0 0 0 0"
 ycoef=" 1.26743498923858 0 1.25456401399526 0 0 0">
<Contour name="D026_edge" hidden="false" closed="true" simplified="true" border="0 0 1" fill="0 0 1" mode="13"
 points="2.27428 5.42205,
	2.27501 5.40505,
	2.27718 5.38813,
	2.28079 5.37138,
	2.28582 5.35487,
	2.29224 5.33869,
	2.30003 5.32292,
	2.30915 5.30763,
	2.31954 5.2929,
	2.33117 5.2788,
	2.34397 5.26539,
	2.35788 5.25275,
	2.37284 5.24093,
	2.38877 5.23,
	2.40559 5.22,
	2.42322 5.21098,
	2.44158 5.203,
	2.46057 5.19608,
	2.48011 5.19026,
	2.5001 5.18557,
	2.52044 5.18203,
	2.54102 5.17967,
	2.56177 5.17848,
	2.58256 5.17848,
	2.6033 5.17967,
	2.62389 5.18203,
	2.64423 5.18557,
	2.66421 5.19026,
	2.68375 5.19608,
	2.70274 5.203,
	2.7211 5.21098,
	2.73874 5.22,
	2.75556 5.23,
	2.77148 5.24093,
	2.78644 5.25275,
	2.80035 5.26539,
	2.81315 5.2788,
	2.82478 5.2929,
	2.83518 5.30763,
	2.84429 5.32292,
	2.85208 5.33869,
	2.8585 5.35487,
	2.86353 5.37138,
	2.86714 5.38813,
	2.86932 5.40505,
	2.87004 5.42205,
	2.86932 5.43905,
	2.86714 5.45597,
	2.86353 5.47272,
	2.8585 5.48923,
	2.85208 5.50541,
	2.84429 5.52118,
	2.83518 5.53647,
	2.82478 5.5512,
	2.81315 5.56531,
	2.80035 5.57871,
	2.78644 5.59136,
	2.77148 5.60317,
	2.75556 5.61411,
	2.73874 5.62411,
	2.7211 5.63312,
	2.70274 5.64111,
	2.68375 5.64803,
	2.66421 5.65384,
	2.64423 5.65853,
	2.62389 5.66207,
	2.6033 5.66444,
	2.58256 5.66562,
	2.56177 5.66562,
	2.54102 5.66444,
	2.52044 5.66207,
	2.5001 5.65853,
	2.48011 5.65384,
	2.46057 5.64803,
	2.44158 5.64111,
	2.42322 5.63312,
	2.40559 5.62411,
	2.38877 5.61411,
	2.37284 5.60317,
	2.35788 5.59136,
	2.34397 5.57871,
	2.33117 5.56531,
	2.31954 5.5512,
	2.30915 5.53647,
	2.30003 5.52118,
	2.29224 5.50541,
	2.28582 5.48923,
	2.28079 5.47272,
	2.27718 5.45597,
	"/>
</Transform>

<Transform dim="3"
 xcoef=" 1.56381419444123 1.25456401399526 0 0 0 0"
 ycoef=" 1.26743498923858 0 1.25456401399526 0 0 0">
<Contour name="D028" hidden="false" closed="true" simplified="true" border="0 0 1" fill="0 0 1" mode="13"
 points="11.536 9.96545,
	11.5403 9.94605,
	11.5531 9.9274,
	11.5739 9.9102,
	11.602 9.89514,
	11.6361 9.88277,
	11.675 9.87358,
	11.7173 9.86792,
	11.7613 9.86601,
	11.8052 9.86792,
	11.8475 9.87358,
	11.8864 9.88277,
	11.9206 9.89514,
	11.9486 9.9102,
	11.9694 9.9274,
	11.9822 9.94605,
	11.9866 9.96545,
	11.9822 9.98485,
	11.9694 10.0035,
	11.9486 10.0207,
	11.9206 10.0358,
	11.8864 10.0481,
	11.8475 10.0573,
	11.8052 10.063,
	11.7613 10.0649,
	11.7173 10.063,
	11.675 10.0573,
	11.6361 10.0481,
	11.602 10.0358,
	11.5739 10.0207,
	11.5531 10.0035,
	"/>
</Transform>

<Transform dim="3"
 xcoef=" 1.56381419444123 1.25456401399526 0 0 0 0"
 ycoef=" 1.26743498923858 0 1.25456401399526 0 0 0">
<Contour name="D029_edge" hidden="false" closed="true" simplified="true" border="0 0 1" fill="0 0 1" mode="13"
 points="11.5827 11.942,
	11.584 11.9166,
	11.5878 11.8914,
	11.594 11.8667,
	11.6027 11.8427,
	11.6138 11.8196,
	11.6271 11.7977,
	11.6425 11.7771,
	11.6599 11.758,
	11.6791 11.7407,
	11.7 11.7253,
	11.7222 11.7118,
	11.7458 11.7005,
	11.7703 11.6915,
	11.7956 11.6848,
	11.8214 11.6806,
	11.8476 11.6787,
	11.8738 11.6793,
	11.8999 11.6824,
	11.9255 11.6879,
	11.9504 11.6957,
	11.9745 11.7059,
	11.9974 11.7183,
	12.019 11.7327,
	12.0391 11.7491,
	12.0574 11.7674,
	12.0738 11.7872,
	12.0882 11.8085,
	12.1004 11.831,
	12.1103 11.8546,
	12.1178 11.879,
	12.1228 11.904,
	12.1253 11.9293,
	12.1253 11.9547,
	12.1228 11.9801,
	12.1178 12.005,
	12.1103 12.0294,
	12.1004 12.053,
	12.0882 12.0755,
	12.0738 12.0968,
	12.0574 12.1167,
	12.0391 12.1349,
	12.019 12.1513,
	11.9974 12.1657,
	11.9745 12.1781,
	11.9504 12.1883,
	11.9255 12.1961,
	11.8999 12.2016,
	11.8738 12.2047,
	11.8476 12.2053,
	11.8214 12.2035,
	11.7956 12.1992,
	11.7703 12.1925,
	11.7458 12.1835,
	11.7222 12.1722,
	11.7 12.1588,
	11.6791 12.1433,
	11.6599 12.126,
	11.6425 12.1069,
	11.6271 12.0863,
	11.6138 12.0644,
	11.6027 12.0413,
	11.594 12.0173,
	11.5878 11.9926,
	11.584 11.9674,
	"/>
</Transform>

<Transform dim="3"
 xcoef=" 1.56381419444123 1.25456401399526 0 0 0 0"
 ycoef=" 1.26743498923858 0 1.25456401399526 0 0 0">
<Contour name="D030" hidden="false" closed="true" simplified="true" border="0 0 1" fill="0 0 1" mode="13"
 points="11.688 6.57189,
	11.6891 6.55692,
	11.6923 6.54225,
	11.6976 6.52815,
	11.7049 6.51491,
	11.714 6.50277,
	11.7248 6.49198,
	11.737 6.48274,
	11.7504 6.47524,
	11.7648 6.46962,
	11.7798 6.46599,
	11.7952 6.46442,
	11.8107 6.46495,
	11.826 6.46755,
	11.8407 6.47219,
	11.8547 6.47876,
	11.8675 6.48715,
	11.8791 6.49719,
	11.889 6.50868,
	11.8972 6.52141,
	11.9035 6.53511,
	11.9078 6.54953,
	11.91 6.56439,
	11.91 6.57939,
	11.9078 6.59425,
	11.9035 6.60867,
	11.8972 6.62237,
	11.889 6.63509,
	11.8791 6.64659,
	11.8675 6.65663,
	11.8547 6.66501,
	11.8407 6.67159,
	11.826 6.67623,
	11.8107 6.67883,
	11.7952 6.67936,
	11.7798 6.67779,
	11.7648 6.67416,
	11.7504 6.66854,
	11.737 6.66104,
	11.7248 6.6518,
	11.714 6.64101,
	11.7049 6.62887,
	11.6976 6.61563,
	11.6923 6.60153,
	"/>
</Transform>

<Transform dim="3"
 xcoef=" 1.56381419444123 1.25456401399526 0 0 0 0"
 ycoef=" 1.26743498923858 0 1.25456401399526 0 0 0">
<Contour name="D031" hidden="false" closed="true" simplified="true" border="0 0 1" fill="0 0 1" mode="13"
 points="13.6278 7.83552,
	13.6291 7.81624,
	13.633 7.79733,
	13.6395 7.77913,
	13.6484 7.76198,
	13.6595 7.7462,
	13.6727 7.73208,
	13.6877 7.71989,
	13.7042 7.70986,
	13.7219 7.70216,
	13.7405 7.69695,
	13.7597 7.69432,
	13.779 7.69432,
	13.7981 7.69695,
	13.8167 7.70216,
	13.8344 7.70986,
	13.8509 7.71989,
	13.8659 7.73208,
	13.8791 7.7462,
	13.8902 7.76198,
	13.8991 7.77913,
	13.9056 7.79733,
	13.9095 7.81624,
	13.9108 7.83552,
	13.9095 7.85479,
	13.9056 7.8737,
	13.8991 7.8919,
	13.8902 7.90905,
	13.8791 7.92483,
	13.8659 7.93895,
	13.8509 7.95114,
	13.8344 7.96118,
	13.8167 7.96887,
	13.7981 7.97408,
	13.779 7.97671,
	13.7597 7.97671,
	13.7405 7.97408,
	13.7219 7.96887,
	13.7042 7.96118,
	13.6877 7.95114,
	13.6727 7.93895,
	13.6595 7.92483,
	13.6484 7.90905,
	13.6395 7.8919,
	13.633 7.8737,
	13.6291 7.85479,
	"/>
</Transform>

<Transform dim="3"
 xcoef=" 1.56381419444123 1.25456401399526 0 0 0 0"
 ycoef=" 1.26743498923858 0 1.25456401399526 0 0 0">
<Contour name="D032" hidden="false" closed="true" simplified="true" border="0 0 1" fill="0 0 1" mode="13"
 points="7.4437 5.60115,
	7.44435 5.57536,
	7.4463 5.54979,
	7.44955 5.52463,
	7.45405 5.5001,
	7.45977 5.4764,
	7.46667 5.45371,
	7.47469 5.43223,
	7.48377 5.41213,
	7.49382 5.39357,
	7.50478 5.3767,
	7.51654 5.36167,
	7.52901 5.3486,
	7.5421 5.33759,
	7.55569 5.32873,
	7.56967 5.3221,
	7.58393 5.31774,
	7.59835 5.3157,
	7.61282 5.31599,
	7.62721 5.31861,
	7.64141 5.32354,
	7.6553 5.33074,
	7.66878 5.34014,
	7.68172 5.35168,
	7.69402 5.36525,
	7.70559 5.38075,
	7.71633 5.39805,
	7.72615 5.41701,
	7.73496 5.43748,
	7.74271 5.45928,
	7.74932 5.48224,
	7.75475 5.50617,
	7.75894 5.53087,
	7.76186 5.55615,
	7.76349 5.5818,
	7.76382 5.60761,
	7.76284 5.63336,
	7.76056 5.65885,
	7.757 5.68387,
	7.75219 5.70821,
	7.74616 5.73168,
	7.73898 5.75408,
	7.73069 5.77523,
	7.72136 5.79497,
	7.71107 5.81311,
	7.69991 5.82953,
	7.68796 5.84408,
	7.67532 5.85665,
	7.6621 5.86713,
	7.6484 5.87544,
	7.63434 5.88151,
	7.62003 5.88529,
	7.60559 5.88674,
	7.59113 5.88587,
	7.57677 5.88267,
	7.56264 5.87717,
	7.54884 5.86942,
	7.53549 5.85947,
	7.52269 5.84742,
	7.51056 5.83335,
	7.49919 5.81739,
	7.48868 5.79966,
	7.4791 5.78031,
	7.47055 5.75949,
	7.46308 5.73739,
	7.45676 5.71417,
	7.45164 5.69002,
	7.44777 5.66515,
	7.44516 5.63976,
	"/>
</Transform>

<Transform dim="3"
 xcoef=" 1.56381419444123 1.25456401399526 0 0 0 0"
 ycoef=" 1.26743498923858 0 1.25456401399526 0 0 0">
<Contour name="D033" hidden="false" closed="true" simplified="true" border="0 0 1" fill="0 0 1" mode="13"
 points="15.2373 4.75004,
	15.2378 4.7375,
	15.2393 4.72503,
	15.2419 4.7127,
	15.2454 4.70059,
	15.25 4.68877,
	15.2554 4.6773,
	15.2618 4.66625,
	15.2691 4.65569,
	15.2772 4.64568,
	15.2861 4.63627,
	15.2958 4.62752,
	15.3061 4.61948,
	15.3171 4.6122,
	15.3286 4.60572,
	15.3407 4.60007,
	15.3531 4.5953,
	15.3659 4.59142,
	15.379 4.58846,
	15.3923 4.58644,
	15.4057 4.58536,
	15.4192 4.58524,
	15.4326 4.58608,
	15.446 4.58787,
	15.4591 4.59059,
	15.472 4.59424,
	15.4845 4.5988,
	15.4967 4.60423,
	15.5083 4.61051,
	15.5195 4.61759,
	15.53 4.62544,
	15.5398 4.63402,
	15.5489 4.64327,
	15.5572 4.65314,
	15.5647 4.66357,
	15.5713 4.6745,
	15.577 4.68587,
	15.5818 4.69761,
	15.5856 4.70965,
	15.5884 4.72193,
	15.5902 4.73437,
	15.591 4.7469,
	15.5907 4.75946,
	15.5894 4.77195,
	15.5871 4.78432,
	15.5838 4.79649,
	15.5796 4.80839,
	15.5743 4.81996,
	15.5681 4.83111,
	15.5611 4.8418,
	15.5532 4.85196,
	15.5444 4.86152,
	15.535 4.87044,
	15.5248 4.87866,
	15.514 4.88614,
	15.5026 4.89282,
	15.4907 4.89868,
	15.4783 4.90368,
	15.4656 4.90778,
	15.4526 4.91097,
	15.4393 4.91323,
	15.4259 4.91454,
	15.4125 4.9149,
	15.399 4.91431,
	15.3856 4.91276,
	15.3724 4.91026,
	15.3595 4.90684,
	15.3468 4.90251,
	15.3346 4.8973,
	15.3228 4.89123,
	15.3116 4.88434,
	15.3009 4.87667,
	15.2909 4.86827,
	15.2816 4.85919,
	15.2731 4.84947,
	15.2654 4.83918,
	15.2585 4.82837,
	15.2526 4.8171,
	15.2476 4.80545,
	15.2435 4.79347,
	15.2405 4.78124,
	15.2384 4.76884,
	"/>
</Transform>

<Transform dim="3"
 xcoef=" 1.56381419444123 1.25456401399526 0 0 0 0"
 ycoef=" 1.26743498923858 0 1.25456401399526 0 0 0">
<Contour name="D034" hidden="false" closed="true" simplified="true" border="0 0 1" fill="0 0 1" mode="13"
 points="11.858 3.36825,
	11.8587 3.35209,
	11.8607 3.336,
	11.8641 3.32005,
	11.8687 3.30429,
	11.8747 3.2888,
	11.882 3.27364,
	11.8906 3.25887,
	11.9003 3.24455,
	11.9112 3.23075,
	11.9233 3.21752,
	11.9364 3.20492,
	11.9506 3.19299,
	11.9657 3.18179,
	11.9817 3.17137,
	11.9986 3.16176,
	12.0162 3.15301,
	12.0346 3.14516,
	12.0535 3.13823,
	12.073 3.13225,
	12.093 3.12726,
	12.1133 3.12326,
	12.1339 3.12028,
	12.1547 3.11833,
	12.1757 3.11742,
	12.1966 3.11755,
	12.2175 3.11872,
	12.2383 3.12093,
	12.2589 3.12416,
	12.2791 3.12841,
	12.299 3.13365,
	12.3183 3.13987,
	12.3371 3.14704,
	12.3553 3.15512,
	12.3727 3.16409,
	12.3894 3.1739,
	12.4052 3.18452,
	12.4201 3.19591,
	12.434 3.20801,
	12.4469 3.22077,
	12.4587 3.23415,
	12.4693 3.24809,
	12.4787 3.26252,
	12.487 3.27739,
	12.4939 3.29264,
	12.4996 3.30821,
	12.5039 3.32402,
	12.507 3.34001,
	12.5087 3.35613,
	12.509 3.37229,
	12.508 3.38844,
	12.5056 3.4045,
	12.5019 3.42041,
	12.4969 3.43611,
	12.4906 3.45153,
	12.483 3.46659,
	12.4742 3.48125,
	12.4641 3.49545,
	12.4529 3.50911,
	12.4406 3.52219,
	12.4272 3.53463,
	12.4128 3.54638,
	12.3974 3.55738,
	12.3812 3.56761,
	12.3641 3.57701,
	12.3463 3.58554,
	12.3278 3.59316,
	12.3087 3.59986,
	12.2891 3.60559,
	12.269 3.61034,
	12.2486 3.61408,
	12.228 3.6168,
	12.2071 3.61849,
	12.1861 3.61914,
	12.1652 3.61875,
	12.1443 3.61732,
	12.1236 3.61486,
	12.1031 3.61137,
	12.0829 3.60687,
	12.0632 3.60138,
	12.044 3.59492,
	12.0253 3.58753,
	12.0073 3.57922,
	11.9901 3.57004,
	11.9736 3.56002,
	11.958 3.5492,
	11.9434 3.53763,
	11.9297 3.52536,
	11.9171 3.51244,
	11.9056 3.49891,
	11.8953 3.48485,
	11.8861 3.4703,
	11.8782 3.45533,
	11.8716 3.43999,
	11.8662 3.42436,
	11.8622 3.4085,
	11.8595 3.39246,
	"/>
</Transform>

<Transform dim="3"
 xcoef=" 1.56381419444123 1.25456401399526 0 0 0 0"
 ycoef=" 1.26743498923858 0 1.25456401399526 0 0 0">
<Contour name="D035" hidden="false" closed="true" simplified="true" border="0 0 1" fill="0 0 1" mode="13"
 points="8.49578 4.35224,
	8.49711 4.33569,
	8.50107 4.31929,
	8.50764 4.3032,
	8.51675 4.28758,
	8.52831 4.27258,
	8.54222 4.25832,
	8.55833 4.24496,
	8.57651 4.23262,
	8.59658 4.22141,
	8.61834 4.21144,
	8.64159 4.2028,
	8.66611 4.19559,
	8.69167 4.18986,
	8.71802 4.18566,
	8.74492 4.18305,
	8.77211 4.18204,
	8.79933 4.18265,
	8.82632 4.18486,
	8.85283 4.18866,
	8.87861 4.19401,
	8.90342 4.20086,
	8.92701 4.20915,
	8.94916 4.2188,
	8.96967 4.22971,
	8.98833 4.24178,
	9.00498 4.2549,
	9.01945 4.26894,
	9.03161 4.28377,
	9.04134 4.29925,
	9.04855 4.31523,
	9.05317 4.33157,
	9.05516 4.3481,
	9.0545 4.36467,
	9.05119 4.38112,
	9.04526 4.3973,
	9.03678 4.41305,
	9.02583 4.42822,
	9.0125 4.44268,
	8.99692 4.45627,
	8.97924 4.46888,
	8.95963 4.48039,
	8.93828 4.49067,
	8.91538 4.49965,
	8.89115 4.50723,
	8.86583 4.51334,
	8.83965 4.51792,
	8.81287 4.52093,
	8.78573 4.52234,
	8.75849 4.52214,
	8.73142 4.52033,
	8.70476 4.51692,
	8.67877 4.51195,
	8.6537 4.50547,
	8.62979 4.49754,
	8.60726 4.48822,
	8.58632 4.47762,
	8.56718 4.46583,
	8.55001 4.45296,
	8.53498 4.43914,
	8.52223 4.42449,
	8.51188 4.40916,
	8.50404 4.39329,
	8.49876 4.37703,
	"/>
</Transform>

<Transform dim="3"
 xcoef=" 1.56381419444123 1.25456401399526 0 0 0 0"
 ycoef=" 1.26743498923858 0 1.25456401399526 0 0 0">
<Contour name="D036" hidden="false" closed="true" simplified="true" border="0 0 1" fill="0 0 1" mode="13"
 points="19.1475 5.9549,
	19.1486 5.93155,
	19.1518 5.90842,
	19.157 5.88571,
	19.1644 5.86364,
	19.1736 5.8424,
	19.1848 5.82221,
	19.1978 5.80323,
	19.2124 5.78565,
	19.2285 5.76962,
	19.2461 5.7553,
	19.2648 5.74281,
	19.2846 5.73227,
	19.3053 5.72378,
	19.3267 5.71741,
	19.3485 5.71323,
	19.3706 5.71127,
	19.3928 5.71155,
	19.4149 5.71407,
	19.4366 5.7188,
	19.4578 5.72571,
	19.4783 5.73472,
	19.4978 5.74575,
	19.5163 5.75871,
	19.5335 5.77347,
	19.5493 5.7899,
	19.5635 5.80785,
	19.576 5.82715,
	19.5868 5.84762,
	19.5956 5.86908,
	19.6024 5.89133,
	19.6071 5.91417,
	19.6098 5.93738,
	19.6103 5.96075,
	19.6087 5.98406,
	19.605 6.00711,
	19.5992 6.02968,
	19.5914 6.05156,
	19.5816 6.07255,
	19.57 6.09246,
	19.5566 6.1111,
	19.5416 6.12831,
	19.5251 6.14393,
	19.5072 6.1578,
	19.4882 6.16981,
	19.4681 6.17985,
	19.4473 6.18781,
	19.4258 6.19364,
	19.4039 6.19727,
	19.3817 6.19867,
	19.3595 6.19783,
	19.3375 6.19475,
	19.3159 6.18947,
	19.2949 6.18204,
	19.2746 6.17251,
	19.2553 6.16099,
	19.2371 6.14756,
	19.2203 6.13237,
	19.2049 6.11555,
	19.1911 6.09725,
	19.179 6.07764,
	19.1688 6.0569,
	19.1604 6.03522,
	19.1541 6.01281,
	19.1499 5.98986,
	"/>
</Transform>

<Transform dim="3"
 xcoef=" 1.56381419444123 1.25456401399526 0 0 0 0"
 ycoef=" 1.26743498923858 0 1.25456401399526 0 0 0">
<Contour name="D037_edge" hidden="false" closed="true" simplified="true" border="0 0 1" fill="0 0 1" mode="13"
 points="20.5743 2.95342,
	20.575 2.93685,
	20.577 2.92038,
	20.5804 2.90409,
	20.5851 2.88808,
	20.5912 2.87244,
	20.5985 2.85726,
	20.607 2.84262,
	20.6167 2.82861,
	20.6276 2.8153,
	20.6395 2.80278,
	20.6524 2.79111,
	20.6662 2.78036,
	20.6809 2.77059,
	20.6964 2.76185,
	20.7125 2.7542,
	20.7292 2.74768,
	20.7464 2.74231,
	20.764 2.73815,
	20.7819 2.7352,
	20.7999 2.73349,
	20.8181 2.73302,
	20.8362 2.7338,
	20.8543 2.73582,
	20.8721 2.73908,
	20.8896 2.74354,
	20.9067 2.7492,
	20.9232 2.75601,
	20.9392 2.76394,
	20.9545 2.77294,
	20.9689 2.78296,
	20.9825 2.79395,
	20.9952 2.80584,
	21.0069 2.81856,
	21.0174 2.83205,
	21.0269 2.84622,
	21.0351 2.861,
	21.0421 2.87631,
	21.0478 2.89205,
	21.0522 2.90814,
	21.0553 2.92448,
	21.057 2.94099,
	21.0573 2.95757,
	21.0563 2.97412,
	21.0539 2.99056,
	21.0502 3.00679,
	21.0451 3.02271,
	21.0387 3.03825,
	21.0311 3.0533,
	21.0223 3.06779,
	21.0123 3.08163,
	21.0012 3.09475,
	20.989 3.10706,
	20.9758 3.11851,
	20.9618 3.12902,
	20.9469 3.13854,
	20.9313 3.14701,
	20.915 3.15438,
	20.8982 3.16062,
	20.8809 3.16568,
	20.8632 3.16955,
	20.8453 3.17219,
	20.8272 3.17359,
	20.809 3.17374,
	20.7909 3.17265,
	20.7729 3.17032,
	20.7551 3.16676,
	20.7377 3.162,
	20.7208 3.15605,
	20.7043 3.14896,
	20.6886 3.14075,
	20.6735 3.13149,
	20.6592 3.12123,
	20.6458 3.11001,
	20.6334 3.0979,
	20.622 3.08498,
	20.6117 3.07131,
	20.6026 3.05698,
	20.5947 3.04206,
	20.588 3.02664,
	20.5826 3.0108,
	20.5786 2.99464,
	20.5758 2.97825,
	"/>
</Transform>

<Transform dim="3"
 xcoef=" 1.56381419444123 1.25456401399526 0 0 0 0"
 ycoef=" 1.26743498923858 0 1.25456401399526 0 0 0">
<Contour name="D038_edge" hidden="false" closed="true" simplified="true" border="0 0 1" fill="0 0 1" mode="13"
 points="9.55051 1.59946,
	9.55214 1.58192,
	9.55702 1.56464,
	9.56506 1.54789,
	9.57615 1.53192,
	9.59012 1.51698,
	9.60676 1.50328,
	9.62581 1.49104,
	9.64699 1.48045,
	9.66997 1.47166,
	9.69441 1.46481,
	9.71994 1.46,
	9.74616 1.45731,
	9.77269 1.45676,
	9.79911 1.45839,
	9.82504 1.46215,
	9.85007 1.46799,
	9.87382 1.47582,
	9.89595 1.48553,
	9.9161 1.49697,
	9.93398 1.50996,
	9.94931 1.5243,
	9.96187 1.53979,
	9.97145 1.55618,
	9.97793 1.57323,
	9.98119 1.59067,
	9.98119 1.60825,
	9.97793 1.62569,
	9.97145 1.64274,
	9.96187 1.65913,
	9.94931 1.67462,
	9.93398 1.68896,
	9.9161 1.70195,
	9.89595 1.71339,
	9.87382 1.7231,
	9.85007 1.73093,
	9.82504 1.73677,
	9.79911 1.74053,
	9.77269 1.74216,
	9.74616 1.74161,
	9.71994 1.73892,
	9.69441 1.73411,
	9.66997 1.72726,
	9.64699 1.71847,
	9.62581 1.70788,
	9.60676 1.69564,
	9.59012 1.68195,
	9.57615 1.667,
	9.56506 1.65103,
	9.55702 1.63428,
	"/>
</Transform>

<Transform dim="3"
 xcoef=" 1.56381419444123 1.25456401399526 0 0 0 0"
 ycoef=" 1.26743498923858 0 1.25456401399526 0 0 0">
<Contour name="D039" hidden="false" closed="true" simplified="true" border="0 0 1" fill="0 0 1" mode="13"
 points="14.8337 4.29591,
	14.8373 4.27081,
	14.848 4.24631,
	14.8655 4.22301,
	14.8894 4.20145,
	14.9192 4.18217,
	14.9541 4.16562,
	14.9932 4.15219,
	15.0358 4.14222,
	15.0806 4.13594,
	15.1267 4.13351,
	15.1729 4.13497,
	15.2182 4.1403,
	15.2614 4.14937,
	15.3015 4.16195,
	15.3375 4.17776,
	15.3687 4.1964,
	15.3941 4.21743,
	15.4133 4.24035,
	15.4257 4.2646,
	15.4311 4.28961,
	15.4293 4.31476,
	15.4203 4.33947,
	15.4045 4.36312,
	15.3821 4.38517,
	15.3538 4.40506,
	15.3201 4.42234,
	15.2819 4.43658,
	15.2401 4.44744,
	15.1958 4.45466,
	15.1499 4.45806,
	15.1036 4.45758,
	15.058 4.4532,
	15.0142 4.44506,
	14.9732 4.43332,
	14.936 4.41829,
	14.9036 4.40032,
	14.8767 4.37984,
	14.8559 4.35734,
	14.8418 4.33337,
	"/>
</Transform>

<Transform dim="3"
 xcoef=" 1.56381419444123 1.25456401399526 0 0 0 0"
 ycoef=" 1.26743498923858 0 1.25456401399526 0 0 0">
<Contour name="D040_edge" hidden="false" closed="true" simplified="true" border="0 0 1" fill="0 0 1" mode="13"
 points="8.20159 2.58238,
	8.20326 2.56345,
	8.20826 2.54474,
	8.21652 2.52647,
	8.22796 2.50886,
	8.24243 2.49211,
	8.25976 2.47641,
	8.27976 2.46196,
	8.30219 2.44892,
	8.32678 2.43745,
	8.35325 2.42767,
	8.38129 2.41971,
	8.41057 2.41366,
	8.44074 2.40958,
	8.47145 2.40753,
	8.50234 2.40753,
	8.53306 2.40958,
	8.56323 2.41366,
	8.5925 2.41971,
	8.62054 2.42767,
	8.64701 2.43745,
	8.6716 2.44892,
	8.69403 2.46196,
	8.71403 2.47641,
	8.73137 2.49211,
	8.74584 2.50886,
	8.75727 2.52647,
	8.76554 2.54474,
	8.77054 2.56345,
	8.77221 2.58238,
	8.77054 2.60132,
	8.76554 2.62003,
	8.75727 2.6383,
	8.74584 2.65591,
	8.73137 2.67266,
	8.71403 2.68836,
	8.69403 2.70281,
	8.6716 2.71585,
	8.64701 2.72732,
	8.62054 2.7371,
	8.5925 2.74506,
	8.56323 2.75111,
	8.53306 2.75519,
	8.50234 2.75724,
	8.47145 2.75724,
	8.44074 2.75519,
	8.41057 2.75111,
	8.38129 2.74506,
	8.35325 2.7371,
	8.32678 2.72732,
	8.30219 2.71585,
	8.27976 2.70281,
	8.25976 2.68836,
	8.24243 2.67266,
	8.22796 2.65591,
	8.21652 2.6383,
	8.20826 2.62003,
	"/>
</Transform>

<Transform dim="3"
 xcoef=" 1.56381419444123 1.25456401399526 0 0 0 0"
 ycoef=" 1.26743498923858 0 1.25456401399526 0 0 0">
<Contour name="D041_longitudinal" hidden="false" closed="true" simplified="true" border="0 0 1" fill="0 0 1" mode="13"
 points="20.49 4.90973,
	20.4921 4.88397,
	20.4982 4.8586,
	20.5083 4.83398,
	20.5222 4.81049,
	20.5397 4.78848,
	20.5606 4.76827,
	20.5845 4.75016,
	20.6111 4.73443,
	20.64 4.7213,
	20.6708 4.71097,
	20.703 4.7036,
	20.7361 4.69929,
	20.7696 4.69811,
	20.8031 4.70008,
	20.836 4.70516,
	20.8678 4.71328,
	20.8982 4.72433,
	20.9266 4.73813,
	20.9525 4.75448,
	20.9757 4.77314,
	20.9958 4.79383,
	21.0124 4.81624,
	21.0254 4.84004,
	21.0345 4.86488,
	21.0396 4.89039,
	21.0406 4.91618,
	21.0375 4.94188,
	21.0304 4.9671,
	21.0194 4.99147,
	21.0045 5.01462,
	20.9862 5.03621,
	20.9645 5.05592,
	20.9399 5.07346,
	20.9126 5.08856,
	20.8832 5.10101,
	20.8521 5.11061,
	20.8196 5.11723,
	20.7864 5.12076,
	20.7528 5.12115,
	20.7194 5.1184,
	20.6867 5.11255,
	20.6552 5.10368,
	20.6253 5.09193,
	20.5975 5.07747,
	20.5722 5.06052,
	20.5497 5.04133,
	20.5305 5.02017,
	20.5148 4.99738,
	20.5028 4.97329,
	20.4946 4.94824,
	"/>
</Transform>

<Transform dim="3"
 xcoef=" 1.56381419444123 1.25456401399526 0 0 0 0"
 ycoef=" 1.26743498923858 0 1.25456401399526 0 0 0">
<Contour name="D042_edge" hidden="false" closed="true" simplified="true" border="0 0 1" fill="0 0 1" mode="13"
 points="5.21562 4.76256,
	5.2226 4.73698,
	5.24337 4.71207,
	5.27736 4.68851,
	5.32369 4.66691,
	5.38111 4.64786,
	5.4481 4.63185,
	5.52288 4.61932,
	5.60346 4.61059,
	5.6877 4.60591,
	5.77337 4.60538,
	5.85818 4.60904,
	5.93988 4.61677,
	6.0163 4.62838,
	6.08541 4.64355,
	6.14538 4.66189,
	6.19461 4.6829,
	6.23178 4.70603,
	6.25592 4.73066,
	6.26638 4.75614,
	6.26289 4.78179,
	6.24553 4.80693,
	6.21477 4.83089,
	6.17142 4.85303,
	6.11665 4.87277,
	6.05189 4.88959,
	5.97888 4.90302,
	5.89955 4.91272,
	5.81602 4.91844,
	5.7305 4.92001,
	5.64526 4.91739,
	5.56257 4.91066,
	5.48463 4.9,
	5.41351 4.88568,
	5.3511 4.8681,
	5.29906 4.8477,
	5.25876 4.82505,
	5.23129 4.80073,
	"/>
</Transform>

<Transform dim="3"
 xcoef=" 1.56381419444123 1.25456401399526 0 0 0 0"
 ycoef=" 1.26743498923858 0 1.25456401399526 0 0 0">
<Contour name="D043" hidden="false" closed="true" simplified="true" border="0 0 1" fill="0 0 1" mode="13"
 points="2.51111 9.3746,
	2.51222 9.35246,
	2.51552 9.33053,
	2.52099 9.30902,
	2.52858 9.28815,
	2.53821 9.2681,
	2.54978 9.24909,
	2.5632 9.23128,
	2.57832 9.21485,
	2.595 9.19997,
	2.61309 9.18676,
	2.6324 9.17536,
	2.65275 9.16588,
	2.67395 9.15841,
	2.6958 9.15303,
	2.71807 9.14977,
	2.74056 9.14869,
	2.76305 9.14977,
	2.78532 9.15303,
	2.80716 9.15841,
	2.82836 9.16588,
	2.84872 9.17536,
	2.86803 9.18676,
	2.88611 9.19997,
	2.9028 9.21485,
	2.91792 9.23128,
	2.93133 9.24909,
	2.94291 9.2681,
	2.95254 9.28815,
	2.96012 9.30902,
	2.96559 9.33053,
	2.9689 9.35246,
	2.97 9.3746,
	2.9689 9.39674,
	2.96559 9.41867,
	2.96012 9.44018,
	2.95254 9.46105,
	2.94291 9.48109,
	2.93133 9.50011,
	2.91792 9.51792,
	2.9028 9.53434,
	2.88611 9.54923,
	2.86803 9.56244,
	2.84872 9.57384,
	2.82836 9.58332,
	2.80716 9.59079,
	2.78532 9.59617,
	2.76305 9.59943,
	2.74056 9.60051,
	2.71807 9.59943,
	2.6958 9.59617,
	2.67395 9.59079,
	2.65275 9.58332,
	2.6324 9.57384,
	2.61309 9.56244,
	2.595 9.54923,
	2.57832 9.53434,
	2.5632 9.51792,
	2.54978 9.50011,
	2.53821 9.48109,
	2.52858 9.46105,
	2.52099 9.44018,
	2.51552 9.41867,
	"/>
</Transform>

<Transform dim="3"
 xcoef=" 1.56381419444123 1.25456401399526 0 0 0 0"
 ycoef=" 1.26743498923858 0 1.25456401399526 0 0 0">
<Contour name="D044" hidden="false" closed="true" simplified="true" border="0 0 1" fill="0 0 1" mode="13"
 points="8.91573 10.6173,
	8.91768 10.5963,
	8.9235 10.5757,
	8.93307 10.5561,
	8.94618 10.5377,
	8.96257 10.5209,
	8.98189 10.5062,
	9.00374 10.4937,
	9.02767 10.4839,
	9.05317 10.4768,
	9.07972 10.4727,
	9.10676 10.4715,
	9.13373 10.4734,
	9.16007 10.4783,
	9.18523 10.4861,
	9.20868 10.4966,
	9.22994 10.5096,
	9.24856 10.5249,
	9.26416 10.5421,
	9.27641 10.5609,
	9.28506 10.5808,
	9.28992 10.6015,
	9.2909 10.6225,
	9.28797 10.6434,
	9.2812 10.6638,
	9.27073 10.6832,
	9.25676 10.7012,
	9.23961 10.7175,
	9.21961 10.7317,
	9.1972 10.7435,
	9.17283 10.7527,
	9.14702 10.759,
	9.12029 10.7624,
	9.09322 10.7628,
	9.06635 10.7602,
	9.04026 10.7545,
	9.01548 10.746,
	8.99253 10.7349,
	8.97189 10.7213,
	8.95399 10.7055,
	8.9392 10.6879,
	8.92783 10.6688,
	8.92011 10.6486,
	"/>
</Transform>

<Transform dim="3"
 xcoef=" 1.56381419444123 1.25456401399526 0 0 0 0"
 ycoef=" 1.26743498923858 0 1.25456401399526 0 0 0">
<Contour name="D045" hidden="false" closed="true" simplified="true" border="0 0 1" fill="0 0 1" mode="13"
 points="4.27931 11.0116,
	4.27988 10.9968,
	4.28161 10.9821,
	4.28447 10.9676,
	4.28845 10.9533,
	4.29353 10.9393,
	4.29969 10.9256,
	4.30689 10.9125,
	4.31509 10.8998,
	4.32425 10.8878,
	4.33432 10.8764,
	4.34525 10.8658,
	4.35698 10.8559,
	4.36944 10.8469,
	4.38257 10.8387,
	4.3963 10.8315,
	4.41056 10.8252,
	4.42527 10.8199,
	4.44034 10.8156,
	4.45571 10.8124,
	4.47129 10.8103,
	4.48699 10.8092,
	4.50274 10.8092,
	4.51844 10.8103,
	4.53402 10.8124,
	4.54939 10.8156,
	4.56446 10.8199,
	4.57917 10.8252,
	4.59343 10.8315,
	4.60716 10.8387,
	4.62029 10.8469,
	4.63275 10.8559,
	4.64448 10.8658,
	4.65541 10.8764,
	4.66548 10.8878,
	4.67464 10.8998,
	4.68284 10.9125,
	4.69004 10.9256,
	4.6962 10.9393,
	4.70128 10.9533,
	4.70526 10.9676,
	4.70812 10.9821,
	4.70985 10.9968,
	4.71042 11.0116,
	4.70985 11.0264,
	4.70812 11.0411,
	4.70526 11.0557,
	4.70128 11.07,
	4.6962 11.084,
	4.69004 11.0976,
	4.68284 11.1108,
	4.67464 11.1234,
	4.66548 11.1355,
	4.65541 11.1468,
	4.64448 11.1575,
	4.63275 11.1674,
	4.62029 11.1764,
	4.60716 11.1846,
	4.59343 11.1918,
	4.57917 11.1981,
	4.56446 11.2034,
	4.54939 11.2076,
	4.53402 11.2109,
	4.51844 11.213,
	4.50274 11.2141,
	4.48699 11.2141,
	4.47129 11.213,
	4.45571 11.2109,
	4.44034 11.2076,
	4.42527 11.2034,
	4.41056 11.1981,
	4.3963 11.1918,
	4.38257 11.1846,
	4.36944 11.1764,
	4.35698 11.1674,
	4.34525 11.1575,
	4.33432 11.1468,
	4.32425 11.1355,
	4.31509 11.1234,
	4.30689 11.1108,
	4.29969 11.0976,
	4.29353 11.084,
	4.28845 11.07,
	4.28447 11.0557,
	4.28161 11.0411,
	4.27988 11.0264,
	"/>
<Contour name="D045 sym cand 1" hidden="false" closed="true" simplified="true" border="0 1 1" fill="0 1 1" mode="11"
 points="4.14032 10.9598,
	4.1422 10.9054,
	4.14774 10.8546,
	4.15657 10.8107,
	4.16811 10.7765,
	4.18161 10.7543,
	4.19618 10.7455,
	4.21088 10.7508,
	4.22473 10.7697,
	4.23684 10.8011,
	4.24641 10.8429,
	4.25281 10.8923,
	4.25563 10.9461,
	4.25469 11.0008,
	4.25003 11.0528,
	4.24198 11.0988,
	4.23105 11.1356,
	4.21797 11.161,
	4.20358 11.1732,
	4.18882 11.1714,
	4.17467 11.1558,
	4.16205 11.1274,
	4.15178 11.088,
	4.14453 11.0403,
	"/>
</Transform>

<Transform dim="3"
 xcoef=" 1.56381419444123 1.25456401399526 0 0 0 0"
 ycoef=" 1.26743498923858 0 1.25456401399526 0 0 0">
<Contour name="D047" hidden="false" closed="true" simplified="true" border="0 0 1" fill="0 0 1" mode="13"
 points="7.88426 1.82273,
	7.88578 1.79362,
	7.89034 1.76487,
	7.89788 1.73686,
	7.90829 1.70992,
	7.92145 1.6844,
	7.9372 1.66062,
	7.95533 1.63888,
	7.97563 1.61945,
	7.99782 1.60258,
	8.02164 1.58847,
	8.04678 1.57731,
	8.07293 1.56924,
	8.09976 1.56436,
	8.12693 1.56272,
	8.1541 1.56436,
	8.18093 1.56924,
	8.20708 1.57731,
	8.23222 1.58847,
	8.25604 1.60258,
	8.27824 1.61945,
	8.29853 1.63888,
	8.31666 1.66062,
	8.33241 1.6844,
	8.34557 1.70992,
	8.35599 1.73686,
	8.36352 1.76487,
	8.36808 1.79362,
	8.36961 1.82273,
	8.36808 1.85184,
	8.36352 1.88059,
	8.35599 1.90861,
	8.34557 1.93555,
	8.33241 1.96107,
	8.31666 1.98485,
	8.29853 2.00659,
	8.27824 2.02602,
	8.25604 2.04289,
	8.23222 2.05699,
	8.20708 2.06815,
	8.18093 2.07622,
	8.1541 2.08111,
	8.12693 2.08274,
	8.09976 2.08111,
	8.07293 2.07622,
	8.04678 2.06815,
	8.02164 2.05699,
	7.99782 2.04289,
	7.97563 2.02602,
	7.95533 2.00659,
	7.9372 1.98485,
	7.92145 1.96107,
	7.90829 1.93555,
	7.89788 1.90861,
	7.89034 1.88059,
	"/>
</Transform>

<Transform dim="3"
 xcoef=" 1.56381419444123 1.25456401399526 0 0 0 0"
 ycoef=" 1.26743498923858 0 1.25456401399526 0 0 0">
<Contour name="D049" hidden="false" closed="true" simplified="true" border="0 0 1" fill="0 0 1" mode="13"
 points="10.075 7.40202,
	10.0762 7.37673,
	10.08 7.3517,
	10.0862 7.32718,
	10.0948 7.30343,
	10.1056 7.28069,
	10.1187 7.2592,
	10.1339 7.23917,
	10.1509 7.22081,
	10.1697 7.20432,
	10.19 7.18985,
	10.2116 7.17756,
	10.2343 7.16757,
	10.2579 7.15999,
	10.2821 7.15489,
	10.3067 7.15233,
	10.3314 7.15233,
	10.356 7.15489,
	10.3803 7.15999,
	10.4039 7.16757,
	10.4266 7.17756,
	10.4482 7.18985,
	10.4685 7.20432,
	10.4873 7.22081,
	10.5043 7.23917,
	10.5194 7.2592,
	10.5325 7.28069,
	10.5434 7.30343,
	10.552 7.32718,
	10.5582 7.3517,
	10.5619 7.37673,
	10.5632 7.40202,
	10.5619 7.42732,
	10.5582 7.45235,
	10.552 7.47687,
	10.5434 7.50062,
	10.5325 7.52336,
	10.5194 7.54485,
	10.5043 7.56488,
	10.4873 7.58323,
	10.4685 7.59973,
	10.4482 7.6142,
	10.4266 7.62649,
	10.4039 7.63648,
	10.3803 7.64406,
	10.356 7.64916,
	10.3314 7.65172,
	10.3067 7.65172,
	10.2821 7.64916,
	10.2579 7.64406,
	10.2343 7.63648,
	10.2116 7.62649,
	10.19 7.6142,
	10.1697 7.59973,
	10.1509 7.58323,
	10.1339 7.56488,
	10.1187 7.54485,
	10.1056 7.52336,
	10.0948 7.50062,
	10.0862 7.47687,
	10.08 7.45235,
	10.0762 7.42732,
	"/>
</Transform>

<Transform dim="1"
 xcoef=" 0.485986268662711 1 0 0 0 0"
 ycoef=" 0.673836046793199 0 1 0 0 0">
<Contour name="D049 ax01" hidden="false" closed="true" simplified="false" border="0 1 1" fill="0 1 1" mode="-9"
 points="8.12361 5.06375,
	8.14392 5.04344,
	8.06268 4.96221,
	8.08299 4.9419,
	8.16423 5.02314,
	8.18454 5.00283,
	8.18454 5.06375,
	"/>
</Transform>

<Transform dim="1"
 xcoef=" 0.485986268662711 1 0 0 0 0"
 ycoef=" 0.673836046793199 0 1 0 0 0">
<Contour name="D051 edge" hidden="false" closed="true" simplified="true" border="0 0 1" fill="0 0 1" mode="13"
 points="10.2116 1.50393,
	10.2203 1.47872,
	10.2454 1.45598,
	10.2845 1.43794,
	10.3337 1.42635,
	10.3884 1.42236,
	10.443 1.42635,
	10.4922 1.43794,
	10.5313 1.45598,
	10.5564 1.47872,
	10.5651 1.50393,
	10.5564 1.52913,
	10.5313 1.55187,
	10.4922 1.56992,
	10.443 1.5815,
	10.3884 1.58549,
	10.3337 1.5815,
	10.2845 1.56992,
	10.2454 1.55187,
	"/>
</Transform>

<Transform dim="1"
 xcoef=" 0.485986268662711 1 0 0 0 0"
 ycoef=" 0.673836046793199 0 1 0 0 0">
<Contour name="D053_edge" hidden="false" closed="true" simplified="true" border="0 0 1" fill="0 0 1" mode="13"
 points="17.1314 2.78612,
	17.1348 2.76972,
	17.1447 2.75459,
	17.1603 2.7419,
	17.1804 2.73263,
	17.2035 2.72752,
	17.2278 2.72694,
	17.2514 2.73095,
	17.2724 2.73923,
	17.2893 2.75114,
	17.3007 2.76577,
	17.3058 2.78197,
	17.3041 2.79849,
	17.2957 2.81406,
	17.2815 2.82746,
	17.2623 2.83765,
	17.2398 2.84386,
	17.2156 2.84559,
	17.1917 2.84271,
	17.1699 2.83545,
	17.1518 2.82437,
	17.139 2.81032,
	"/>
</Transform>

<Transform dim="1"
 xcoef=" 0.525986268662711 1 0 0 0 0"
 ycoef=" 0.723836046793199 0 1 0 0 0">
<Contour name="D048" hidden="false" closed="true" simplified="true" border="0 0 1" fill="0 0 1" mode="13"
 points="12.521 5.50734,
	12.5218 5.48814,
	12.5243 5.46931,
	12.5286 5.45121,
	12.5342 5.43421,
	12.5414 5.41864,
	12.5499 5.40478,
	12.5595 5.39293,
	12.5701 5.3833,
	12.5814 5.3761,
	12.5933 5.37143,
	12.6054 5.36942,
	12.6176 5.37009,
	12.6296 5.37343,
	12.6412 5.37939,
	12.6522 5.38783,
	12.6623 5.3986,
	12.6713 5.41148,
	12.6792 5.42622,
	12.6857 5.44256,
	12.6906 5.46014,
	12.694 5.47865,
	12.6957 5.49772,
	12.6957 5.51697,
	12.694 5.53604,
	12.6906 5.55455,
	12.6857 5.57214,
	12.6792 5.58846,
	12.6713 5.60322,
	12.6623 5.6161,
	12.6522 5.62687,
	12.6412 5.63531,
	12.6296 5.64125,
	12.6176 5.6446,
	12.6054 5.64527,
	12.5933 5.64326,
	12.5814 5.6386,
	12.5701 5.63139,
	12.5595 5.62176,
	12.5499 5.60991,
	12.5414 5.59606,
	12.5342 5.58048,
	12.5286 5.56348,
	12.5243 5.54539,
	"/>
</Transform>

<Transform dim="1"
 xcoef=" 0.485986268662711 1 0 0 0 0"
 ycoef=" 0.673836046793199 0 1 0 0 0">
<Contour name="D055" hidden="false" closed="true" simplified="true" border="0 0 1" fill="0 0 1" mode="13"
 points="1.22544 1.41693,
	1.23037 1.38481,
	1.24477 1.35529,
	1.26747 1.33077,
	1.29663 1.31322,
	1.32989 1.30408,
	1.36456 1.30408,
	1.39782 1.31322,
	1.42698 1.33077,
	1.44968 1.35529,
	1.46408 1.38481,
	1.46901 1.41693,
	1.46408 1.44906,
	1.44968 1.47857,
	1.42698 1.5031,
	1.39782 1.52064,
	1.36456 1.52979,
	1.32989 1.52979,
	1.29663 1.52064,
	1.26747 1.5031,
	1.24477 1.47857,
	1.23037 1.44906,
	"/>
</Transform>

<Transform dim="1"
 xcoef=" 0.485986268662711 1 0 0 0 0"
 ycoef=" 0.673836046793199 0 1 0 0 0">
<Contour name="D020_ax01" hidden="false" closed="true" simplified="false" border="0 1 1" fill="0 1 1" mode="11"
 points="10.8704 7.93696,
	10.8813 7.92609,
	10.8378 7.88257,
	10.8486 7.87169,
	10.8921 7.91521,
	10.903 7.90433,
	10.903 7.93696,
	"/>
</Transform>

<Transform dim="1"
 xcoef=" 0.485986268662711 1 0 0 0 0"
 ycoef=" 0.673836046793199 0 1 0 0 0">
<Contour name="D046" hidden="false" closed="true" simplified="true" border="0 0 1" fill="0 0 1" mode="13"
 points="12.2338 2.28842,
	12.2345 2.27825,
	12.2364 2.26818,
	12.2397 2.25831,
	12.2442 2.24875,
	12.2499 2.23959,
	12.2567 2.23092,
	12.2646 2.22283,
	12.2736 2.2154,
	12.2834 2.20872,
	12.2941 2.20283,
	12.3054 2.19781,
	12.3173 2.19371,
	12.3297 2.19056,
	12.3425 2.1884,
	12.3554 2.18725,
	12.3685 2.18712,
	12.3815 2.18802,
	12.3943 2.18993,
	12.4068 2.19283,
	12.4188 2.1967,
	12.4303 2.20149,
	12.4412 2.20717,
	12.4512 2.21366,
	12.4604 2.22091,
	12.4686 2.22884,
	12.4757 2.23737,
	12.4817 2.24642,
	12.4865 2.25589,
	12.49 2.26569,
	12.4923 2.27572,
	12.4933 2.28587,
	12.493 2.29606,
	12.4913 2.30616,
	12.4884 2.31609,
	12.4842 2.32574,
	12.4788 2.33501,
	12.4723 2.34381,
	12.4646 2.35205,
	12.4559 2.35965,
	12.4463 2.36653,
	12.4358 2.37262,
	12.4247 2.37786,
	12.4129 2.3822,
	12.4006 2.38559,
	12.3879 2.388,
	12.375 2.3894,
	12.3619 2.38978,
	12.3489 2.38914,
	12.3361 2.38749,
	12.3235 2.38483,
	12.3113 2.3812,
	12.2996 2.37663,
	12.2886 2.37117,
	12.2784 2.36488,
	12.269 2.35781,
	12.2606 2.35005,
	12.2532 2.34166,
	12.2469 2.33273,
	12.2418 2.32336,
	12.2379 2.31363,
	12.2353 2.30365,
	"/>
</Transform>

<Transform dim="1"
 xcoef=" 0.485986268662711 1 0 0 0 0"
 ycoef=" 0.673836046793199 0 1 0 0 0">
<Contour name="d046_o11" hidden="false" closed="true" simplified="false" border="1 0 0" fill="1 0 0" mode="-13"
 points="11.836 2.17898,
	11.8683 2.17898,
	11.8522 2.20863,
	"/>
</Transform>

<Transform dim="1"
 xcoef=" -0.204013731337289 1 0 0 0 0"
 ycoef=" -0.65 0 1 0 0 0">
<Contour name="d046_p08" hidden="false" closed="true" simplified="true" border="1 1 0" fill="1 1 0" mode="11"
 points="10.484 -0.3759,
	10.4864 -0.385743,
	10.492 -0.395587,
	10.4957 -0.399893,
	10.4981 -0.402354,
	10.5 -0.403585,
	10.5073 -0.412198,
	10.5123 -0.416504,
	10.5215 -0.422041,
	10.5264 -0.425117,
	10.5313 -0.426348,
	10.5326 -0.427578,
	10.5523 -0.434961,
	10.5535 -0.434961,
	10.5553 -0.436806,
	10.575 -0.442959,
	10.6144 -0.452187,
	10.6193 -0.452187,
	10.6242 -0.454033,
	10.6439 -0.455878,
	10.6538 -0.455878,
	10.6587 -0.455878,
	10.6685 -0.453417,
	10.671 -0.452187,
	10.6735 -0.452187,
	10.6833 -0.448496,
	10.6882 -0.44665,
	10.6981 -0.440498,
	10.703 -0.436191,
	10.7104 -0.427578,
	10.7214 -0.408506,
	10.7245 -0.403585,
	10.7245 -0.402354,
	10.7258 -0.401124,
	10.7294 -0.39128,
	10.7325 -0.386358,
	10.7331 -0.383898,
	10.7344 -0.382667,
	10.7344 -0.381437,
	10.7356 -0.380206,
	10.7356 -0.378976,
	10.7436 -0.369747,
	10.7473 -0.366056,
	10.7571 -0.360519,
	10.7664 -0.356213,
	10.7713 -0.353136,
	10.7811 -0.35006,
	10.7836 -0.34883,
	10.7934 -0.34883,
	10.7983 -0.349445,
	10.8008 -0.35006,
	10.802 -0.351291,
	10.8045 -0.351906,
	10.8143 -0.358673,
	10.8242 -0.360519,
	10.8291 -0.360519,
	10.839 -0.356828,
	10.8488 -0.351906,
	10.8506 -0.35006,
	10.8703 -0.343293,
	10.8716 -0.342063,
	10.874 -0.341447,
	10.8753 -0.341447,
	10.8765 -0.340217,
	10.9159 -0.326067,
	10.9208 -0.323606,
	10.922 -0.323606,
	10.9232 -0.322375,
	10.9331 -0.318684,
	10.9355 -0.318069,
	10.938 -0.316223,
	10.9478 -0.311917,
	10.9503 -0.311302,
	10.954 -0.30761,
	10.9571 -0.302688,
	10.9602 -0.292845,
	10.9595 -0.283001,
	10.9558 -0.273158,
	10.9466 -0.253471,
	10.9454 -0.25101,
	10.9454 -0.249779,
	10.9442 -0.249164,
	10.9319 -0.20979,
	10.9294 -0.199947,
	10.9282 -0.190103,
	10.9226 -0.170416,
	10.9183 -0.160573,
	10.9159 -0.156266,
	10.9152 -0.153805,
	10.9115 -0.148883,
	10.9091 -0.143962,
	10.9005 -0.136579,
	10.8906 -0.131657,
	10.8894 -0.131657,
	10.8882 -0.130427,
	10.8783 -0.128581,
	10.8586 -0.127966,
	10.8488 -0.127966,
	10.839 -0.129196,
	10.834 -0.129196,
	10.8316 -0.130427,
	10.8291 -0.130427,
	10.8193 -0.134733,
	10.8143 -0.136579,
	10.8051 -0.143962,
	10.7965 -0.153805,
	10.7916 -0.158727,
	10.7904 -0.161188,
	10.7854 -0.165494,
	10.7836 -0.167955,
	10.7793 -0.171031,
	10.7768 -0.172262,
	10.775 -0.174723,
	10.77 -0.177799,
	10.7608 -0.185797,
	10.751 -0.191949,
	10.7485 -0.193179,
	10.7473 -0.19441,
	10.7424 -0.196255,
	10.7227 -0.197486,
	10.703 -0.197486,
	10.6931 -0.196255,
	10.6735 -0.190718,
	10.6636 -0.188257,
	10.6439 -0.186412,
	10.6341 -0.186412,
	10.6292 -0.186412,
	10.6242 -0.187642,
	10.6218 -0.188257,
	10.6205 -0.188257,
	10.6193 -0.189488,
	10.6144 -0.190103,
	10.6095 -0.191949,
	10.6046 -0.192564,
	10.6033 -0.193794,
	10.5984 -0.195025,
	10.5972 -0.196255,
	10.5873 -0.199947,
	10.5836 -0.202408,
	10.5738 -0.207329,
	10.5713 -0.207944,
	10.5621 -0.214097,
	10.5523 -0.222095,
	10.5492 -0.226401,
	10.5412 -0.236245,
	10.5295 -0.255316,
	10.5215 -0.26516,
	10.516 -0.275004,
	10.5123 -0.279925,
	10.5123 -0.281156,
	10.5086 -0.286077,
	10.5061 -0.290999,
	10.5043 -0.29346,
	10.5037 -0.295921,
	10.5024 -0.297151,
	10.487 -0.336526,
	10.4852 -0.346369,
	10.484 -0.366056,
	10.484 -0.375284,
	"/>
</Transform>

<Transform dim="1"
 xcoef=" -0.204013731337289 1 0 0 0 0"
 ycoef=" -0.65 0 1 0 0 0">
<Contour name="d046_p09" hidden="false" closed="true" simplified="true" border="1 1 0" fill="1 1 0" mode="11"
 points="11.7452 -0.2213,
	11.7501 -0.234318,
	11.759 -0.246522,
	11.7647 -0.252217,
	11.7769 -0.261167,
	11.7802 -0.263608,
	11.7834 -0.264421,
	11.7842 -0.266048,
	11.7907 -0.268489,
	11.794 -0.271744,
	11.807 -0.275812,
	11.8135 -0.278252,
	11.82 -0.279066,
	11.8217 -0.280693,
	11.8347 -0.283134,
	11.8412 -0.284761,
	11.8444 -0.284761,
	11.8461 -0.286388,
	11.8526 -0.287202,
	11.8591 -0.289643,
	11.8656 -0.290456,
	11.8688 -0.292084,
	11.8949 -0.297779,
	11.9209 -0.301847,
	11.947 -0.301847,
	11.9535 -0.301847,
	11.9567 -0.301847,
	11.9697 -0.296152,
	11.9819 -0.287202,
	11.9836 -0.287202,
	11.9893 -0.281507,
	11.9917 -0.278252,
	11.9917 -0.276625,
	11.9958 -0.27093,
	11.9998 -0.257912,
	11.9998 -0.251403,
	11.9998 -0.248149,
	11.9974 -0.24164,
	11.9966 -0.238386,
	11.995 -0.237572,
	11.9941 -0.234318,
	11.9917 -0.231063,
	11.9909 -0.227809,
	11.9893 -0.226182,
	11.9884 -0.222927,
	11.9868 -0.222114,
	11.986 -0.218859,
	11.9803 -0.21235,
	11.9771 -0.206655,
	11.9681 -0.193638,
	11.951 -0.170043,
	11.9437 -0.157839,
	11.9421 -0.154585,
	11.9421 -0.152957,
	11.9266 -0.126922,
	11.9242 -0.120413,
	11.9225 -0.117159,
	11.9225 -0.115532,
	11.9209 -0.113904,
	11.9168 -0.100887,
	11.9095 -0.0878692,
	11.9095 -0.086242,
	11.9079 -0.0846148,
	11.9071 -0.0813603,
	11.9055 -0.0797331,
	11.9055 -0.0781059,
	11.8916 -0.0528842,
	11.8867 -0.0480026,
	11.8835 -0.0455618,
	11.8819 -0.0455618,
	11.8811 -0.0439346,
	11.8745 -0.0463754,
	11.8713 -0.047189,
	11.8656 -0.0536978,
	11.8623 -0.0602067,
	11.8607 -0.0667155,
	11.8607 -0.0683427,
	11.8591 -0.0699699,
	11.8542 -0.0960052,
	11.8526 -0.109023,
	11.8526 -0.115532,
	11.8485 -0.128549,
	11.8461 -0.131804,
	11.8461 -0.133431,
	11.8412 -0.139126,
	11.8282 -0.148076,
	11.8249 -0.150517,
	11.8217 -0.15133,
	11.8208 -0.152957,
	11.8192 -0.152957,
	11.816 -0.155398,
	11.8029 -0.161093,
	11.7964 -0.162721,
	11.7948 -0.164348,
	11.7818 -0.16923,
	11.7785 -0.170043,
	11.772 -0.174111,
	11.7704 -0.174111,
	11.7696 -0.175738,
	11.7663 -0.176552,
	11.7606 -0.18062,
	11.7517 -0.192824,
	11.7492 -0.196078,
	11.7468 -0.202587,
	11.7452 -0.215605,
	11.7452 -0.218859,
	11.7452 -0.220487,
	"/>
</Transform>

<Transform dim="1"
 xcoef=" -0.204013731337289 1 0 0 0 0"
 ycoef=" -0.62 0 1 0 0 0">
<Contour name="d046_o10" hidden="false" closed="true" simplified="false" border="1 0 0" fill="1 0 0" mode="-13"
 points="11.5504 1.24873,
	11.5827 1.24873,
	11.5665 1.27838,
	"/>
</Transform>

<Transform dim="1"
 xcoef=" -0.204013731337289 1 0 0 0 0"
 ycoef=" -0.65 0 1 0 0 0">
<Contour name="d046_p10" hidden="false" closed="true" simplified="true" border="1 1 0" fill="1 1 0" mode="11"
 points="11.3832 1.32029,
	11.3913 1.31762,
	11.4238 1.30772,
	11.4888 1.28741,
	11.5051 1.28233,
	11.5091 1.28106,
	11.5173 1.27891,
	11.5335 1.27497,
	11.5416 1.27294,
	11.5457 1.27205,
	11.6107 1.26139,
	11.6269 1.25872,
	11.6919 1.24996,
	11.7244 1.24565,
	11.7285 1.24527,
	11.761 1.24438,
	11.7772 1.24387,
	11.7854 1.24362,
	11.7935 1.24438,
	11.7936 1.24463,
	11.793 1.24666,
	11.7923 1.24755,
	11.7888 1.25568,
	11.7879 1.25771,
	11.7787 1.27395,
	11.7741 1.28208,
	11.7716 1.28614,
	11.7704 1.28817,
	11.7539 1.32067,
	11.7497 1.32879,
	11.7475 1.33285,
	11.7451 1.33692,
	11.7442 1.33895,
	11.743 1.34301,
	11.7417 1.35113,
	11.7402 1.35926,
	11.74 1.35977,
	11.7413 1.36383,
	11.7418 1.36586,
	11.7423 1.36992,
	11.7424 1.37804,
	11.743 1.38617,
	11.743 1.3882,
	11.7437 1.39226,
	11.7456 1.40039,
	11.7459 1.4014,
	11.7469 1.40343,
	11.7471 1.40394,
	11.7473 1.40496,
	11.7501 1.40902,
	11.7507 1.41003,
	11.7541 1.41409,
	11.755 1.41511,
	11.756 1.41714,
	11.7565 1.41816,
	11.7593 1.42222,
	11.7609 1.42425,
	11.7626 1.42831,
	11.7668 1.43644,
	11.7688 1.4405,
	11.7699 1.44253,
	11.7758 1.45065,
	11.7772 1.45268,
	11.781 1.45675,
	11.7829 1.45878,
	11.7862 1.46284,
	11.79 1.4669,
	11.7941 1.47084,
	11.8022 1.47744,
	11.8043 1.47909,
	11.8124 1.48467,
	11.8165 1.48759,
	11.8175 1.48835,
	11.8337 1.49635,
	11.8418 1.49914,
	11.8459 1.50029,
	11.8479 1.5013,
	11.8484 1.50156,
	11.8505 1.50181,
	11.851 1.50194,
	11.8515 1.50232,
	11.8517 1.50257,
	11.8538 1.50282,
	11.8558 1.50371,
	11.8568 1.50422,
	11.8893 1.51133,
	11.8974 1.51311,
	11.8995 1.51349,
	11.9157 1.51463,
	11.9238 1.51501,
	11.9401 1.51526,
	11.9482 1.51501,
	11.9502 1.51488,
	11.9513 1.51476,
	11.9594 1.51247,
	11.9675 1.50955,
	11.9695 1.50879,
	11.9706 1.50854,
	11.9746 1.50638,
	11.9766 1.50524,
	11.9848 1.50156,
	11.9868 1.50067,
	11.9949 1.49813,
	11.997 1.49749,
	12.0051 1.49597,
	12.0132 1.49419,
	12.0173 1.49356,
	12.0193 1.49343,
	12.0355 1.49432,
	12.0376 1.49432,
	12.0538 1.49648,
	12.0579 1.49711,
	12.066 1.49787,
	12.0741 1.4994,
	12.0782 1.50041,
	12.0823 1.50244,
	12.0843 1.50359,
	12.0853 1.50422,
	12.0858 1.50447,
	12.0897 1.50854,
	12.0908 1.50955,
	12.0936 1.51361,
	12.0947 1.51565,
	12.0965 1.51971,
	12.0972 1.52377,
	12.0975 1.52479,
	12.0976 1.52885,
	12.0977 1.52986,
	12.0969 1.53799,
	12.0963 1.54205,
	12.0962 1.54306,
	12.0929 1.55119,
	12.0894 1.55931,
	12.0884 1.56134,
	12.0878 1.56337,
	12.0859 1.56744,
	12.0815 1.57556,
	12.0801 1.57759,
	12.0767 1.58165,
	12.075 1.58368,
	12.074 1.58572,
	12.0703 1.58978,
	12.0664 1.59371,
	12.0649 1.59574,
	12.0641 1.59676,
	12.056 1.60311,
	12.054 1.60463,
	12.0377 1.61199,
	12.0336 1.61377,
	12.0296 1.61656,
	12.0275 1.61745,
	12.0265 1.61758,
	12.026 1.61758,
	12.025 1.61834,
	12.0245 1.61859,
	12.0235 1.61859,
	12.0215 1.61986,
	12.0204 1.62037,
	12.0164 1.62164,
	12.0154 1.62202,
	12.0072 1.62684,
	12.0052 1.62799,
	11.9971 1.6337,
	11.993 1.63598,
	11.991 1.63713,
	11.99 1.63763,
	11.9859 1.63865,
	11.9819 1.64005,
	11.9656 1.6469,
	11.9636 1.64779,
	11.9595 1.64906,
	11.9514 1.65249,
	11.9504 1.65287,
	11.9463 1.65515,
	11.9301 1.66302,
	11.926 1.66505,
	11.924 1.66594,
	11.9199 1.66721,
	11.9118 1.67089,
	11.9077 1.67267,
	11.8996 1.67546,
	11.8915 1.67787,
	11.8874 1.67902,
	11.8793 1.68181,
	11.8712 1.68524,
	11.8671 1.68701,
	11.859 1.69107,
	11.8549 1.69298,
	11.8468 1.69641,
	11.8448 1.69755,
	11.8437 1.69806,
	11.8397 1.70085,
	11.8387 1.70161,
	11.8224 1.71037,
	11.8184 1.71253,
	11.8163 1.71367,
	11.8143 1.71507,
	11.8062 1.72141,
	11.8052 1.72217,
	11.797 1.73004,
	11.795 1.73195,
	11.7909 1.73512,
	11.7889 1.73677,
	11.7848 1.74083,
	11.7828 1.74274,
	11.7818 1.74375,
	11.7805 1.74579,
	11.78 1.7468,
	11.7795 1.74883,
	11.7793 1.74985,
	11.779 1.75035,
	11.7795 1.75442,
	11.7799 1.75645,
	11.7827 1.76457,
	11.7842 1.76863,
	11.7852 1.77676,
	11.7855 1.77879,
	11.7846 1.78691,
	11.7841 1.79098,
	11.7838 1.79504,
	11.7831 1.7991,
	11.7831 1.79961,
	11.7819 1.80164,
	11.7812 1.80265,
	11.7771 1.80672,
	11.7751 1.80837,
	11.7669 1.80964,
	11.7649 1.81002,
	11.7609 1.80976,
	11.7588 1.80951,
	11.7548 1.80849,
	11.7527 1.8076,
	11.7517 1.8071,
	11.7476 1.8038,
	11.7466 1.80303,
	11.7388 1.79491,
	11.7369 1.79288,
	11.7364 1.79237,
	11.7282 1.78679,
	11.7242 1.78399,
	11.7221 1.7826,
	11.7211 1.78184,
	11.7171 1.77955,
	11.715 1.77866,
	11.711 1.77815,
	11.7099 1.77803,
	11.7018 1.77536,
	11.7013 1.77523,
	11.6973 1.7727,
	11.6962 1.77206,
	11.6932 1.768,
	11.6917 1.76597,
	11.687 1.75784,
	11.6847 1.75378,
	11.6834 1.75175,
	11.6801 1.74363,
	11.6785 1.73957,
	11.6766 1.7355,
	11.6753 1.73347,
	11.675 1.73296,
	11.6712 1.7289,
	11.6702 1.72801,
	11.654 1.72014,
	11.6499 1.71811,
	11.6458 1.71494,
	11.6438 1.71316,
	11.6418 1.71113,
	11.6385 1.70707,
	11.6345 1.70339,
	11.6325 1.70161,
	11.6285 1.69882,
	11.6274 1.69806,
	11.6193 1.69361,
	11.6153 1.69158,
	11.6071 1.68803,
	11.6051 1.68701,
	11.597 1.68219,
	11.5949 1.68117,
	11.5935 1.67927,
	11.5896 1.6761,
	11.5891 1.67572,
	11.5843 1.66759,
	11.5801 1.65947,
	11.5792 1.65744,
	11.5748 1.64119,
	11.5737 1.63713,
	11.5723 1.629,
	11.5674 1.59651,
	11.5666 1.59244,
	11.5663 1.59041,
	11.566 1.5894,
	11.5642 1.57315,
	11.5635 1.56502,
	11.5631 1.56096,
	11.563 1.55893,
	11.5612 1.55081,
	11.5603 1.54675,
	11.559 1.54268,
	11.5574 1.53862,
	11.5551 1.53456,
	11.5354 1.50206,
	11.533 1.498,
	11.5317 1.49597,
	11.5259 1.48785,
	11.5244 1.48582,
	11.517 1.47769,
	11.509 1.46995,
	11.5049 1.46614,
	11.4968 1.46144,
	11.4806 1.45294,
	11.4724 1.44862,
	11.4684 1.44608,
	11.4643 1.44266,
	11.4633 1.44189,
	11.4554 1.43377,
	11.4515 1.42971,
	11.4495 1.42768,
	11.4425 1.41955,
	11.4392 1.41549,
	11.4346 1.40737,
	11.4306 1.39924,
	11.4285 1.39518,
	11.4256 1.38706,
	11.4232 1.37893,
	11.4221 1.37487,
	11.4218 1.37386,
	11.4177 1.36573,
	11.4134 1.35761,
	11.4078 1.34948,
	11.4048 1.34542,
	11.4033 1.34339,
	11.4025 1.34237,
	11.4006 1.34034,
	11.3978 1.33628,
	11.3972 1.33527,
	11.3898 1.32714,
	11.3863 1.32308,
	11.3842 1.32118,
	11.3833 1.32041,
	"/>
</Transform>

<Transform dim="1"
 xcoef=" -0.204013731337289 1 0 0 0 0"
 ycoef=" -0.65 0 1 0 0 0">
<Contour name="d046_p11" hidden="false" closed="true" simplified="true" border="1 1 0" fill="1 1 0" mode="11"
 points="10.0145 0.722353,
	10.0165 0.714517,
	10.0209 0.707171,
	10.0272 0.699336,
	10.0292 0.697377,
	10.0302 0.696397,
	10.0312 0.696397,
	10.0458 0.684154,
	10.0532 0.678767,
	10.061 0.671911,
	10.064 0.669462,
	10.0713 0.663585,
	10.0747 0.660647,
	10.0767 0.659667,
	10.0772 0.658688,
	10.0782 0.658688,
	10.0938 0.647914,
	10.1017 0.641547,
	10.1154 0.630284,
	10.1306 0.61902,
	10.1369 0.613143,
	10.1389 0.611674,
	10.1399 0.610205,
	10.1433 0.606777,
	10.1443 0.605307,
	10.1516 0.598941,
	10.1546 0.596492,
	10.1624 0.591105,
	10.1702 0.586698,
	10.1742 0.584249,
	10.1781 0.58278,
	10.18 0.580821,
	10.1869 0.576413,
	10.1947 0.573965,
	10.2026 0.572495,
	10.2104 0.572495,
	10.2182 0.573475,
	10.2222 0.573965,
	10.2261 0.575434,
	10.2417 0.577882,
	10.2496 0.577882,
	10.2535 0.577882,
	10.2574 0.579352,
	10.2594 0.580331,
	10.275 0.583269,
	10.279 0.583759,
	10.2868 0.586208,
	10.2907 0.587187,
	10.2927 0.588167,
	10.2966 0.588656,
	10.3044 0.592085,
	10.3064 0.592574,
	10.3142 0.596982,
	10.3181 0.598451,
	10.326 0.602859,
	10.3338 0.606287,
	10.3348 0.606287,
	10.3358 0.607266,
	10.3377 0.607756,
	10.3416 0.610205,
	10.3436 0.611674,
	10.3446 0.611674,
	10.3524 0.616081,
	10.3558 0.61804,
	10.3593 0.620979,
	10.3612 0.621468,
	10.3764 0.631753,
	10.3843 0.63616,
	10.3882 0.638119,
	10.3892 0.639099,
	10.3901 0.639099,
	10.398 0.643996,
	10.4019 0.646445,
	10.4029 0.647424,
	10.4048 0.647914,
	10.4087 0.650363,
	10.4127 0.651832,
	10.4146 0.652811,
	10.4156 0.652811,
	10.4234 0.657709,
	10.4254 0.658198,
	10.4332 0.663096,
	10.4352 0.663585,
	10.4357 0.664565,
	10.4376 0.665055,
	10.4416 0.667503,
	10.4425 0.668483,
	10.4435 0.668483,
	10.4474 0.671421,
	10.4494 0.67289,
	10.4504 0.67289,
	10.4582 0.677788,
	10.4621 0.680236,
	10.4641 0.680726,
	10.4651 0.681705,
	10.467 0.682195,
	10.468 0.682195,
	10.469 0.683175,
	10.4846 0.687582,
	10.4856 0.688562,
	10.4895 0.690031,
	10.4935 0.690521,
	10.5091 0.695418,
	10.5131 0.696887,
	10.5209 0.701295,
	10.5287 0.706682,
	10.5429 0.717456,
	10.5459 0.720884,
	10.5473 0.724802,
	10.5478 0.732637,
	10.5478 0.736555,
	10.5468 0.737045,
	10.5454 0.740963,
	10.5419 0.744881,
	10.5346 0.749778,
	10.5326 0.750757,
	10.5317 0.750757,
	10.5307 0.751737,
	10.5287 0.752227,
	10.5277 0.752227,
	10.5268 0.753206,
	10.4954 0.761531,
	10.4876 0.763001,
	10.4798 0.765449,
	10.4758 0.765939,
	10.4719 0.767408,
	10.468 0.767898,
	10.467 0.768877,
	10.4631 0.769367,
	10.4592 0.770836,
	10.4513 0.772306,
	10.4474 0.773285,
	10.4435 0.773285,
	10.4416 0.774264,
	10.4259 0.776713,
	10.3945 0.779652,
	10.3789 0.780631,
	10.3475 0.781121,
	10.3397 0.78259,
	10.3377 0.783569,
	10.3221 0.786997,
	10.3142 0.789446,
	10.3132 0.789446,
	10.3123 0.790426,
	10.2966 0.793364,
	10.2888 0.794343,
	10.2574 0.794833,
	10.2417 0.794343,
	10.2339 0.794343,
	10.2261 0.795323,
	10.2222 0.796302,
	10.2202 0.796302,
	10.2163 0.797772,
	10.2124 0.798261,
	10.2104 0.799241,
	10.1947 0.802669,
	10.1928 0.803159,
	10.1908 0.804628,
	10.183 0.807566,
	10.1791 0.809035,
	10.1771 0.810015,
	10.1614 0.812463,
	10.1458 0.813933,
	10.1301 0.814422,
	10.1262 0.814422,
	10.1183 0.812953,
	10.1105 0.812463,
	10.1066 0.811484,
	10.0987 0.810994,
	10.0831 0.808056,
	10.0752 0.805607,
	10.0743 0.805607,
	10.0723 0.804138,
	10.0713 0.804138,
	10.0703 0.803159,
	10.0625 0.79973,
	10.0605 0.799241,
	10.0454 0.788956,
	10.038 0.78259,
	10.0267 0.767408,
	10.0233 0.759573,
	10.0219 0.757614,
	10.0204 0.753696,
	10.0194 0.751737,
	10.0194 0.750757,
	10.0184 0.749778,
	10.0179 0.74586,
	10.0165 0.741942,
	10.015 0.734107,
	10.0145 0.726271,
	10.0145 0.722843,
	"/>
</Transform>

<Transform dim="1"
 xcoef=" -0.204013731337289 1 0 0 0 0"
 ycoef=" -0.65 0 1 0 0 0">
<Contour name="d046_p12_branched" hidden="false" closed="true" simplified="true" border="1 1 0" fill="1 1 0" mode="11"
 points="12.2761 1.03689,
	12.2785 1.03216,
	12.2856 1.02271,
	12.2891 1.01799,
	12.3068 1.00323,
	12.3163 0.997914,
	12.321 0.994961,
	12.3233 0.994371,
	12.3281 0.991418,
	12.3293 0.990237,
	12.3316 0.989647,
	12.3328 0.988466,
	12.334 0.988466,
	12.3434 0.981971,
	12.3458 0.98138,
	12.3481 0.979609,
	12.367 0.973113,
	12.3765 0.96957,
	12.3812 0.967799,
	12.3836 0.966618,
	12.3848 0.966618,
	12.3942 0.960123,
	12.3989 0.95717,
	12.4037 0.955399,
	12.4225 0.954808,
	12.432 0.954808,
	12.4367 0.954808,
	12.4414 0.95658,
	12.4426 0.95658,
	12.4438 0.957761,
	12.4485 0.958942,
	12.4527 0.962485,
	12.4544 0.964847,
	12.4538 0.974294,
	12.4509 0.983742,
	12.4491 0.988466,
	12.4479 0.990828,
	12.4479 0.992009,
	12.4468 0.99319,
	12.445 1.00264,
	12.4438 1.02153,
	12.4438 1.02389,
	12.4403 1.03334,
	12.4385 1.0357,
	12.4379 1.03807,
	12.4349 1.04279,
	12.4273 1.05047,
	12.4184 1.05814,
	12.4143 1.0611,
	12.4119 1.06169,
	12.4072 1.06582,
	12.4048 1.06641,
	12.396 1.07172,
	12.3871 1.07527,
	12.3824 1.07704,
	12.3812 1.07822,
	12.3623 1.08117,
	12.3529 1.08235,
	12.3434 1.08235,
	12.3245 1.0794,
	12.3056 1.07763,
	12.3009 1.07704,
	12.2985 1.07645,
	12.2891 1.06936,
	12.2826 1.0605,
	12.2779 1.05106,
	12.2761 1.04161,
	12.2761 1.03748,
	"/>
</Transform>

<Transform dim="0"
 xcoef=" 0 1 0 0 0 0"
 ycoef=" 0 0 1 0 0 0">
<Contour name="d046" hidden="false" closed="true" simplified="true" border="1 1 0" fill="1 1 0" mode="11"
 points="11.292 1.61894,
	11.3114 1.5907,
	11.3132 1.57657,
	11.3079 1.56245,
	11.3097 1.5342,
	11.3273 1.4777,
	11.3397 1.44946,
	11.3556 1.42121,
	11.3608 1.41415,
	11.375 1.41944,
	11.382 1.42298,
	11.4385 1.42121,
	11.4668 1.41768,
	11.4809 1.41062,
	11.5939 1.3806,
	11.6504 1.36295,
	11.6786 1.35942,
	11.7069 1.36471,
	11.721 1.36648,
	11.7493 1.37531,
	11.7775 1.3806,
	11.834 1.38237,
	11.8481 1.38413,
	11.9046 1.37884,
	11.9187 1.37884,
	11.9752 1.35942,
	12.0317 1.35589,
	12.0459 1.35942,
	12.0512 1.36648,
	12.0476 1.39473,
	12.0706 1.45122,
	12.067 1.47947,
	12.06 1.49359,
	12.0582 1.50066,
	12.0564 1.50419,
	12.067 1.53243,
	12.0794 1.54656,
	12.1076 1.56774,
	12.1218 1.58187,
	12.1359 1.59246,
	12.1483 1.60658,
	12.1535 1.61365,
	12.1606 1.64189,
	12.1624 1.65602,
	12.1747 1.68427,
	12.1783 1.69133,
	12.2065 1.70722,
	12.233 1.73546,
	12.2348 1.74253,
	12.2312 1.74959,
	12.2242 1.75488,
	12.1959 1.76018,
	12.1677 1.75842,
	12.1535 1.76195,
	12.143 1.77431,
	12.1288 1.78666,
	12.1147 1.79196,
	12.0865 1.79549,
	12.0582 1.80608,
	12.0441 1.81138,
	12.03 1.82021,
	12.0194 1.83433,
	12.0141 1.84139,
	12.0052 1.86964,
	12.0017 1.88376,
	12 1.89083,
	11.9947 1.89612,
	11.9911 1.89612,
	11.9717 1.92437,
	11.9629 1.93849,
	11.9346 1.95615,
	11.9276 1.95791,
	11.9134 1.96851,
	11.8993 1.97557,
	11.8852 1.9791,
	11.8287 2.00558,
	11.8146 2.01264,
	11.7581 2.02324,
	11.7016 2.025,
	11.6733 2.02324,
	11.6592 2.02147,
	11.631 2.00911,
	11.6168 2.00029,
	11.5904 1.97734,
	11.5798 1.96498,
	11.5656 1.95615,
	11.5515 1.95262,
	11.5374 1.94379,
	11.5233 1.93849,
	11.5162 1.93496,
	11.4615 1.88023,
	11.4527 1.86611,
	11.4474 1.85199,
	11.4209 1.8255,
	11.3926 1.80961,
	11.3767 1.78137,
	11.3591 1.72487,
	11.3503 1.69662,
	11.345 1.6825,
	11.3361 1.66838,
	11.322 1.65602,
	11.3079 1.64719,
	11.2973 1.63483,
	11.292 1.62071,
	"/>
</Transform>

<Transform dim="0"
 xcoef=" 0 1 0 0 0 0"
 ycoef=" 0 0 1 0 0 0">
<Contour name="d046_checked" hidden="false" closed="true" simplified="false" border="0 1 0" fill="0 1 0" mode="-13"
 points="11.7884 1.89636,
	11.7968 1.88466,
	11.7884 1.87295,
	11.7934 1.87295,
	11.8001 1.88299,
	11.8068 1.87295,
	11.8118 1.87295,
	11.8034 1.88466,
	11.8118 1.89636,
	11.8068 1.89636,
	11.8001 1.88633,
	11.7934 1.89636,
	"/>
</Transform>

<Transform dim="0"
 xcoef=" 0 1 0 0 0 0"
 ycoef=" 0 0 1 0 0 0">
<Contour name="d046_checked" hidden="false" closed="true" simplified="false" border="0 1 0" fill="0 1 0" mode="-13"
 points="11.3522 1.52929,
	11.3613 1.51644,
	11.3522 1.50359,
	11.3577 1.50359,
	11.365 1.5146,
	11.3724 1.50359,
	11.3779 1.50359,
	11.3687 1.51644,
	11.3779 1.52929,
	11.3724 1.52929,
	11.365 1.51827,
	11.3577 1.52929,
	"/>
</Transform>

<Transform dim="1"
 xcoef=" -0.03 1 0 0 0 0"
 ycoef=" 0 0 1 0 0 0">
<Contour name="d046_p11" hidden="false" closed="true" simplified="true" border="1 1 0" fill="1 1 0" mode="11"
 points="11.1234 1.50137,
	11.1312 1.48749,
	11.1351 1.48055,
	11.1369 1.47708,
	11.1486 1.4632,
	11.1544 1.45626,
	11.1679 1.44237,
	11.1818 1.42849,
	11.1887 1.42264,
	11.1922 1.41982,
	11.1991 1.41504,
	11.2026 1.41288,
	11.2165 1.40615,
	11.22 1.40463,
	11.2269 1.40073,
	11.2408 1.39726,
	11.2477 1.39552,
	11.2547 1.39487,
	11.2564 1.39465,
	11.2633 1.39552,
	11.2668 1.39596,
	11.2946 1.40246,
	11.3085 1.40593,
	11.3154 1.40745,
	11.3189 1.40854,
	11.3206 1.40897,
	11.3241 1.41071,
	11.3275 1.41201,
	11.3293 1.41288,
	11.3327 1.41396,
	11.3332 1.41418,
	11.3165 1.44194,
	11.3124 1.44888,
	11.3002 1.47665,
	11.2941 1.49053,
	11.2926 1.494,
	11.2844 1.52176,
	11.2824 1.5287,
	11.2794 1.54259,
	11.2787 1.54606,
	11.2785 1.54779,
	11.2798 1.56168,
	11.2805 1.56862,
	11.2805 1.56948,
	11.2803 1.56992,
	11.2733 1.56298,
	11.2718 1.56124,
	11.2709 1.56037,
	11.264 1.5569,
	11.2605 1.55517,
	11.257 1.55387,
	11.2432 1.55191,
	11.2362 1.55105,
	11.2328 1.55061,
	11.231 1.5504,
	11.2275 1.54909,
	11.2267 1.54866,
	11.1989 1.55083,
	11.185 1.55191,
	11.1781 1.55235,
	11.1642 1.55126,
	11.1573 1.5504,
	11.1503 1.54909,
	11.1469 1.54844,
	11.1451 1.54779,
	11.1382 1.54302,
	11.1349 1.5402,
	11.1286 1.53326,
	11.1276 1.53153,
	11.1262 1.52805,
	11.1247 1.51417,
	11.1241 1.50723,
	11.1236 1.50376,
	11.1234 1.50203,
	11.1234 1.50159,
	"/>
</Transform>

<Transform dim="0"
 xcoef=" 0 1 0 0 0 0"
 ycoef=" 0 0 1 0 0 0">
<Contour name="d046_cfa09" hidden="false" closed="false" simplified="false" border="0 1 0" fill="0 1 0" mode="11"
 points="12.1259 0.351338,
	12.0919 0.367541,
	11.9987 0.390224,
	"/>
<Contour name="d046_c09" hidden="false" closed="true" simplified="true" border="1 0 0" fill="1 0 0" mode="11"
 points="11.9753 0.337014,
	11.9851 0.324052,
	11.9875 0.320812,
	12.0134 0.30947,
	12.0264 0.304609,
	12.0329 0.301369,
	12.0588 0.295698,
	12.0847 0.291647,
	12.0977 0.289217,
	12.1042 0.290027,
	12.1171 0.294077,
	12.1187 0.297318,
	12.1301 0.349166,
	12.1228 0.37509,
	12.1212 0.378331,
	12.1082 0.388052,
	12.1017 0.393723,
	12.0952 0.397774,
	12.0693 0.405065,
	12.0564 0.408306,
	12.0499 0.410736,
	12.0369 0.411546,
	12.024 0.410736,
	12.0175 0.409926,
	12.011 0.407496,
	12.0045 0.402635,
	11.9988 0.396154,
	11.9875 0.37023,
	11.9802 0.357268,
	11.9778 0.350786,
	11.9753 0.337824,
	"/>
</Transform>

<Transform dim="0"
 xcoef=" 0 1 0 0 0 0"
 ycoef=" 0 0 1 0 0 0">
<Contour name="d046_cfa11" hidden="false" closed="false" simplified="false" border="0 1 0" fill="0 1 0" mode="11"
 points="10.3667 1.24651,
	10.3429 1.27656,
	10.3145 1.30424,
	10.2298 1.37226,
	"/>
<Contour name="d046_c11" hidden="false" closed="true" simplified="true" border="1 0 0" fill="1 0 0" mode="11"
 points="10.2123 1.33111,
	10.2146 1.3058,
	10.2217 1.28049,
	10.2225 1.27732,
	10.2471 1.25439,
	10.2597 1.2441,
	10.2724 1.2362,
	10.285 1.22987,
	10.3103 1.22196,
	10.3167 1.22117,
	10.342 1.22433,
	10.3435 1.22433,
	10.3689 1.24569,
	10.3752 1.25122,
	10.3831 1.27653,
	10.387 1.28919,
	10.3831 1.33981,
	10.3807 1.35246,
	10.3768 1.36511,
	10.3625 1.39042,
	10.3586 1.39675,
	10.3333 1.40545,
	10.3206 1.40941,
	10.27 1.39359,
	10.2573 1.38963,
	10.251 1.38726,
	10.2384 1.37777,
	10.232 1.37302,
	10.2225 1.36037,
	10.2178 1.35404,
	10.2154 1.35088,
	10.213 1.33822,
	10.2123 1.3319,
	"/>
</Transform>

<Transform dim="0"
 xcoef=" 0 1 0 0 0 0"
 ycoef=" 0 0 1 0 0 0">
<Contour name="D046_ax01" hidden="false" closed="true" simplified="false" border="0 1 1" fill="0 1 1" mode="-11"
 points="15.959 0.639553,
	15.9733 0.625268,
	15.9162 0.568126,
	15.9305 0.553841,
	15.9876 0.610982,
	16.0019 0.596697,
	16.0019 0.639553,
	"/>
</Transform>

<Transform dim="1"
 xcoef=" 1.24650012035745 1 0 0 0 0"
 ycoef=" 1.01025932124606 0 1 0 0 0">
<Image mag="0.00201646" contrast="1.88565" brightness="-0.595" red="true" green="true" blue="true"
 src="040____z39.0.tif" />
<Contour name="domain1" hidden="false" closed="true" simplified="false" border="1 0 1" fill="1 0 1" mode="11"
 points="0 0,
	9551 0,
	9551 5063,
	0 5063,
	"/>
</Transform>

<Transform dim="0"
 xcoef=" 0 1 0 0 0 0"
 ycoef=" 0 0 1 0 0 0">
<Contour name="d046_SER_p10" hidden="false" closed="true" simplified="false" border="1 0.501961 0" fill="1 0.501961 0" mode="11"
 points="11.8496 2.01504,
	11.8496 1.99025,
	11.8744 1.99025,
	11.8744 1.96545,
	11.8992 1.96545,
	11.8992 1.99025,
	11.924 1.99025,
	11.924 2.01504,
	11.8992 2.01504,
	11.8992 2.03984,
	11.8744 2.03984,
	11.8744 2.01504,
	"/>
</Transform>

</Section>