<?xml version="1.0"?>
<!DOCTYPE Section SYSTEM "section.dtd">

<Section index="110" thickness="0.052" alignLocked="true">
<Transform dim="1"
 xcoef=" 5.13940482906476 1 0 0 0 0"
 ycoef=" 9.13432060720625 0 1 0 0 0">
<Contour name="D020" hidden="false" closed="true" simplified="true" border="0 0 1" fill="0 0 1" mode="13"
 points="15.3928 15.5045,
	15.3938 15.4903,
	15.3968 15.4765,
	15.4017 15.4635,
	15.4083 15.4517,
	15.4165 15.4413,
	15.4261 15.4327,
	15.4367 15.4261,
	15.4481 15.4217,
	15.46 15.4196,
	15.472 15.4199,
	15.4838 15.4226,
	15.495 15.4275,
	15.5054 15.4346,
	15.5146 15.4437,
	15.5225 15.4545,
	15.5287 15.4667,
	15.5331 15.4799,
	15.5356 15.4938,
	15.5361 15.508,
	15.5346 15.5222,
	15.5311 15.5358,
	15.5258 15.5485,
	15.5187 15.5601,
	15.5102 15.57,
	15.5003 15.5781,
	15.4895 15.5842,
	15.4779 15.588,
	15.466 15.5895,
	15.454 15.5886,
	15.4423 15.5854,
	15.4313 15.5798,
	15.4212 15.5722,
	15.4122 15.5627,
	15.4048 15.5515,
	15.399 15.5391,
	15.3951 15.5256,
	"/>
</Transform>

<Transform dim="1"
 xcoef=" 0.139404829064755 1 0 0 0 0"
 ycoef=" 0.354320607206253 0 1 0 0 0">
<Contour name="D054" hidden="false" closed="true" simplified="true" border="0 0 1" fill="0 0 1" mode="13"
 points="2.20553 1.29923,
	2.20848 1.2798,
	2.21719 1.26128,
	2.23127 1.24453,
	2.25004 1.23034,
	2.27264 1.21937,
	2.298 1.21213,
	2.32493 1.20897,
	2.35219 1.21003,
	2.3785 1.21526,
	2.40262 1.22441,
	2.42342 1.23707,
	2.43994 1.25263,
	2.4514 1.27037,
	2.45727 1.28946,
	2.45727 1.30901,
	2.4514 1.3281,
	2.43994 1.34584,
	2.42342 1.3614,
	2.40262 1.37405,
	2.3785 1.38321,
	2.35219 1.38844,
	2.32493 1.3895,
	2.298 1.38633,
	2.27264 1.3791,
	2.25004 1.36813,
	2.23127 1.35394,
	2.21719 1.33719,
	"/>
</Transform>

<Transform dim="1"
 xcoef=" 0.139404829064755 1 0 0 0 0"
 ycoef=" 0.354320607206253 0 1 0 0 0">
<Contour name="D019" hidden="false" closed="true" simplified="true" border="0 0 1" fill="0 0 1" mode="13"
 points="4.94993 4.67398,
	4.95097 4.65743,
	4.95407 4.64112,
	4.95919 4.62529,
	4.96626 4.61017,
	4.97516 4.59599,
	4.98578 4.58294,
	4.99795 4.57121,
	5.01151 4.56099,
	5.02624 4.55241,
	5.04194 4.54561,
	5.05838 4.54068,
	5.07531 4.53769,
	5.09249 4.53669,
	5.10968 4.53769,
	5.12661 4.54068,
	5.14305 4.54561,
	5.15875 4.55241,
	5.17348 4.56099,
	5.18703 4.57121,
	5.19921 4.58294,
	5.20983 4.59599,
	5.21873 4.61017,
	5.2258 4.62529,
	5.23092 4.64112,
	5.23402 4.65743,
	5.23506 4.67398,
	5.23402 4.69052,
	5.23092 4.70683,
	5.2258 4.72266,
	5.21873 4.73778,
	5.20983 4.75196,
	5.19921 4.76501,
	5.18703 4.77674,
	5.17348 4.78696,
	5.15875 4.79554,
	5.14305 4.80234,
	5.12661 4.80727,
	5.10968 4.81026,
	5.09249 4.81126,
	5.07531 4.81026,
	5.05838 4.80727,
	5.04194 4.80234,
	5.02624 4.79554,
	5.01151 4.78696,
	4.99795 4.77674,
	4.98578 4.76501,
	4.97516 4.75196,
	4.96626 4.73778,
	4.95919 4.72266,
	4.95407 4.70683,
	4.95097 4.69052,
	"/>
</Transform>

<Transform dim="1"
 xcoef=" 0.139404829064755 1 0 0 0 0"
 ycoef=" 0.354320607206253 0 1 0 0 0">
<Contour name="D021" hidden="false" closed="true" simplified="true" border="0 0 1" fill="0 0 1" mode="13"
 points="5.93692 7.45067,
	5.93832 7.43461,
	5.94249 7.41902,
	5.94931 7.40437,
	5.95857 7.39109,
	5.97001 7.37956,
	5.98327 7.37014,
	5.99797 7.3631,
	6.01368 7.35865,
	6.02993 7.35692,
	6.04624 7.35796,
	6.06212 7.36174,
	6.07712 7.36815,
	6.09078 7.377,
	6.1027 7.38803,
	6.11254 7.4009,
	6.11999 7.41525,
	6.12484 7.43065,
	6.12694 7.44664,
	6.12624 7.46274,
	6.12275 7.4785,
	6.11657 7.49342,
	6.1079 7.50709,
	6.09698 7.51908,
	6.08414 7.52906,
	6.06976 7.53671,
	6.05426 7.54183,
	6.0381 7.54425,
	6.02176 7.5439,
	6.00573 7.5408,
	5.99047 7.53503,
	5.97643 7.52677,
	5.96404 7.51626,
	5.95365 7.50381,
	5.94558 7.48979,
	5.94007 7.47462,
	"/>
</Transform>

<Transform dim="1"
 xcoef=" 0.139404829064755 1 0 0 0 0"
 ycoef=" 0.354320607206253 0 1 0 0 0">
<Contour name="D025" hidden="false" closed="true" simplified="true" border="0 0 1" fill="0 0 1" mode="13"
 points="3.60684 4.19667,
	3.60789 4.18257,
	3.61102 4.16868,
	3.61619 4.1552,
	3.62333 4.14233,
	3.63232 4.13024,
	3.64303 4.11913,
	3.65532 4.10914,
	3.669 4.10043,
	3.68388 4.09313,
	3.69972 4.08733,
	3.71632 4.08313,
	3.73341 4.08059,
	3.75076 4.07974,
	3.76811 4.08059,
	3.7852 4.08313,
	3.80179 4.08733,
	3.81764 4.09313,
	3.83251 4.10043,
	3.84619 4.10914,
	3.85848 4.11913,
	3.8692 4.13024,
	3.87819 4.14233,
	3.88532 4.1552,
	3.89049 4.16868,
	3.89362 4.18257,
	3.89467 4.19667,
	3.89362 4.21076,
	3.89049 4.22465,
	3.88532 4.23813,
	3.87819 4.25101,
	3.8692 4.26309,
	3.85848 4.27421,
	3.84619 4.28419,
	3.83251 4.2929,
	3.81764 4.30021,
	3.80179 4.306,
	3.7852 4.3102,
	3.76811 4.31275,
	3.75076 4.3136,
	3.73341 4.31275,
	3.71632 4.3102,
	3.69972 4.306,
	3.68388 4.30021,
	3.669 4.2929,
	3.65532 4.28419,
	3.64303 4.27421,
	3.63232 4.26309,
	3.62333 4.25101,
	3.61619 4.23813,
	3.61102 4.22465,
	3.60789 4.21076,
	"/>
</Transform>

<Transform dim="1"
 xcoef=" 0.139404829064755 1 0 0 0 0"
 ycoef=" 0.354320607206253 0 1 0 0 0">
<Contour name="D028" hidden="false" closed="true" simplified="true" border="0 0 1" fill="0 0 1" mode="13"
 points="6.7331 7.35609,
	6.73357 7.34758,
	6.73496 7.33915,
	6.73727 7.33085,
	6.74048 7.32277,
	6.74456 7.31496,
	6.74948 7.30749,
	6.75519 7.30043,
	6.76166 7.29382,
	6.76882 7.28773,
	6.77661 7.28221,
	6.78498 7.2773,
	6.79385 7.27305,
	6.80314 7.26948,
	6.81279 7.26663,
	6.82271 7.26452,
	6.83283 7.26317,
	6.84304 7.26259,
	6.85328 7.26278,
	6.86346 7.26375,
	6.87348 7.26548,
	6.88328 7.26796,
	6.89276 7.27117,
	6.90185 7.27509,
	6.91048 7.27968,
	6.91857 7.2849,
	6.92605 7.29071,
	6.93287 7.29706,
	6.93897 7.30391,
	6.94429 7.31118,
	6.94879 7.31883,
	6.95244 7.32678,
	6.9552 7.33498,
	6.95706 7.34335,
	6.95799 7.35183,
	6.95799 7.36034,
	6.95706 7.36882,
	6.9552 7.37719,
	6.95244 7.38539,
	6.94879 7.39335,
	6.94429 7.40099,
	6.93897 7.40827,
	6.93287 7.41511,
	6.92605 7.42146,
	6.91857 7.42727,
	6.91048 7.43249,
	6.90185 7.43708,
	6.89276 7.441,
	6.88328 7.44421,
	6.87348 7.44669,
	6.86346 7.44843,
	6.85328 7.44939,
	6.84304 7.44959,
	6.83283 7.44901,
	6.82271 7.44766,
	6.81279 7.44555,
	6.80314 7.44269,
	6.79385 7.43913,
	6.78498 7.43487,
	6.77661 7.42996,
	6.76882 7.42444,
	6.76166 7.41835,
	6.75519 7.41175,
	6.74948 7.40468,
	6.74456 7.39721,
	6.74048 7.3894,
	6.73727 7.38132,
	6.73496 7.37303,
	"/>
</Transform>

<Transform dim="1"
 xcoef=" 0.139404829064755 1 0 0 0 0"
 ycoef=" 0.354320607206253 0 1 0 0 0">
<Contour name="D032" hidden="false" closed="true" simplified="true" border="0 0 1" fill="0 0 1" mode="13"
 points="5.00197 1.01927,
	5.00374 0.995679,
	5.00897 0.973115,
	5.01745 0.952568,
	5.02879 0.934937,
	5.0425 0.920992,
	5.05798 0.911342,
	5.07455 0.906409,
	5.0915 0.906409,
	5.10808 0.911342,
	5.12356 0.920992,
	5.13727 0.934937,
	5.14861 0.952568,
	5.15708 0.973115,
	5.16232 0.995679,
	5.16409 1.01927,
	5.16232 1.04287,
	5.15708 1.06543,
	5.14861 1.08598,
	5.13727 1.10361,
	5.12356 1.11756,
	5.10808 1.12721,
	5.0915 1.13214,
	5.07455 1.13214,
	5.05798 1.12721,
	5.0425 1.11756,
	5.02879 1.10361,
	5.01745 1.08598,
	5.00897 1.06543,
	5.00374 1.04287,
	"/>
</Transform>

<Transform dim="1"
 xcoef=" 0.139404829064755 1 0 0 0 0"
 ycoef=" 0.354320607206253 0 1 0 0 0">
<Contour name="D041" hidden="false" closed="true" simplified="true" border="0 0 1" fill="0 0 1" mode="13"
 points="8.30219 0.531381,
	8.30544 0.512569,
	8.31509 0.494503,
	8.33073 0.4779,
	8.35175 0.463417,
	8.37733 0.451629,
	8.40644 0.443004,
	8.43792 0.437884,
	8.47054 0.436471,
	8.503 0.438822,
	8.53401 0.444843,
	8.56233 0.454296,
	8.58686 0.466806,
	8.60661 0.481876,
	8.6208 0.49891,
	8.62887 0.517231,
	8.6305 0.536113,
	8.62563 0.554808,
	8.61444 0.572574,
	8.59738 0.588706,
	8.57514 0.602565,
	8.54858 0.613601,
	8.51876 0.621377,
	8.48687 0.625584,
	8.45417 0.626055,
	8.42196 0.622772,
	8.39151 0.615865,
	8.36403 0.605608,
	8.34062 0.592407,
	8.32219 0.576786,
	8.30948 0.559365,
	"/>
</Transform>

<Transform dim="1"
 xcoef=" 0.139404829064755 1 0 0 0 0"
 ycoef=" 0.354320607206253 0 1 0 0 0">
<Contour name="D043" hidden="false" closed="true" simplified="true" border="0 0 1" fill="0 0 1" mode="13"
 points="1.37294 8.42619,
	1.37391 8.4158,
	1.3768 8.40566,
	1.38154 8.39603,
	1.38801 8.38715,
	1.39605 8.37922,
	1.40546 8.37245,
	1.41601 8.367,
	1.42745 8.36301,
	1.43949 8.36058,
	1.45183 8.35976,
	1.46417 8.36058,
	1.47621 8.36301,
	1.48764 8.367,
	1.4982 8.37245,
	1.50761 8.37922,
	1.51565 8.38715,
	1.52212 8.39603,
	1.52685 8.40566,
	1.52974 8.4158,
	1.53071 8.42619,
	1.52974 8.43658,
	1.52685 8.44672,
	1.52212 8.45635,
	1.51565 8.46524,
	1.50761 8.47317,
	1.4982 8.47994,
	1.48764 8.48538,
	1.47621 8.48937,
	1.46417 8.49181,
	1.45183 8.49262,
	1.43949 8.49181,
	1.42745 8.48937,
	1.41601 8.48538,
	1.40546 8.47994,
	1.39605 8.47317,
	1.38801 8.46524,
	1.38154 8.45635,
	1.3768 8.44672,
	"/>
</Transform>

<Transform dim="1"
 xcoef=" 0.139404829064755 1 0 0 0 0"
 ycoef=" 0.354320607206253 0 1 0 0 0">
<Contour name="D044" hidden="false" closed="true" simplified="true" border="0 0 1" fill="0 0 1" mode="13"
 points="2.25926 7.92389,
	2.2604 7.90615,
	2.26379 7.88881,
	2.26936 7.87224,
	2.27699 7.85684,
	2.2865 7.84293,
	2.29768 7.83082,
	2.31028 7.8208,
	2.32402 7.81308,
	2.33859 7.80784,
	2.35367 7.80519,
	2.36892 7.80519,
	2.384 7.80784,
	2.39857 7.81308,
	2.41231 7.8208,
	2.42491 7.83082,
	2.43609 7.84293,
	2.4456 7.85684,
	2.45322 7.87224,
	2.4588 7.88881,
	2.46219 7.90615,
	2.46333 7.92389,
	2.46219 7.94164,
	2.4588 7.95898,
	2.45322 7.97554,
	2.4456 7.99095,
	2.43609 8.00486,
	2.42491 8.01696,
	2.41231 8.02699,
	2.39857 8.03471,
	2.384 8.03995,
	2.36892 8.0426,
	2.35367 8.0426,
	2.33859 8.03995,
	2.32402 8.03471,
	2.31028 8.02699,
	2.29768 8.01696,
	2.2865 8.00486,
	2.27699 7.99095,
	2.26936 7.97554,
	2.26379 7.95898,
	"/>
</Transform>

<Transform dim="1"
 xcoef=" 0.139404829064755 1 0 0 0 0"
 ycoef=" 0.354320607206253 0 1 0 0 0">
<Contour name="D045" hidden="false" closed="true" simplified="true" border="0 0 1" fill="0 0 1" mode="13"
 points="3.02947 8.56599,
	3.03232 8.5483,
	3.04071 8.53164,
	3.05414 8.51698,
	3.07183 8.50516,
	3.09276 8.49688,
	3.11572 8.49262,
	3.13936 8.49262,
	3.16231 8.49688,
	3.18325 8.50516,
	3.20094 8.51698,
	3.21437 8.53164,
	3.22275 8.5483,
	3.2256 8.56599,
	3.22275 8.58367,
	3.21437 8.60033,
	3.20094 8.61499,
	3.18325 8.62681,
	3.16231 8.63509,
	3.13936 8.63935,
	3.11572 8.63935,
	3.09276 8.63509,
	3.07183 8.62681,
	3.05414 8.61499,
	3.04071 8.60033,
	3.03232 8.58367,
	"/>
</Transform>

<Transform dim="1"
 xcoef=" 0.139404829064755 1 0 0 0 0"
 ycoef=" 0.354320607206253 0 1 0 0 0">
<Contour name="D046" hidden="false" closed="true" simplified="true" border="0 0 1" fill="0 0 1" mode="13"
 points="12.8787 2.46611,
	12.8799 2.43813,
	12.8834 2.41096,
	12.8892 2.38537,
	12.8971 2.3621,
	12.9068 2.34183,
	12.9181 2.32514,
	12.9306 2.31249,
	12.944 2.30427,
	12.958 2.30071,
	12.972 2.3019,
	12.9857 2.30781,
	12.9987 2.31828,
	13.0107 2.333,
	13.0212 2.35156,
	13.0301 2.3734,
	13.0369 2.39792,
	13.0416 2.42439,
	13.0439 2.45207,
	13.0439 2.48015,
	13.0416 2.50782,
	13.0369 2.5343,
	13.0301 2.55881,
	13.0212 2.58066,
	13.0107 2.59921,
	12.9987 2.61393,
	12.9857 2.6244,
	12.972 2.63032,
	12.958 2.63151,
	12.944 2.62794,
	12.9306 2.61972,
	12.9181 2.60708,
	12.9068 2.59038,
	12.8971 2.57011,
	12.8892 2.54685,
	12.8834 2.52126,
	12.8799 2.49409,
	"/>
</Transform>

<Transform dim="1"
 xcoef=" 0.139404829064755 1 0 0 0 0"
 ycoef=" 0.354320607206253 0 1 0 0 0">
<Contour name="D047" hidden="false" closed="true" simplified="true" border="0 0 1" fill="0 0 1" mode="13"
 points="4.10868 3.60921,
	4.10986 3.58994,
	4.11337 3.57116,
	4.11911 3.55334,
	4.12694 3.53693,
	4.13667 3.52235,
	4.14804 3.50996,
	4.16078 3.50007,
	4.17456 3.49294,
	4.18903 3.48875,
	4.20383 3.48759,
	4.21858 3.48951,
	4.23291 3.49445,
	4.24647 3.50229,
	4.25889 3.51283,
	4.26988 3.5258,
	4.27916 3.54088,
	4.28649 3.55768,
	4.29168 3.57578,
	4.29461 3.59473,
	4.2952 3.61404,
	4.29343 3.63323,
	4.28936 3.65182,
	4.28308 3.66932,
	4.27475 3.68531,
	4.26459 3.69938,
	4.25284 3.71117,
	4.23981 3.72039,
	4.22582 3.7268,
	4.21124 3.73024,
	4.19642 3.73062,
	4.18173 3.72794,
	4.16756 3.72226,
	4.15426 3.71373,
	4.14217 3.70256,
	4.13158 3.68903,
	4.12277 3.67348,
	4.11596 3.65631,
	4.11133 3.63795,
	"/>
</Transform>

<Transform dim="1"
 xcoef=" 0.139404829064755 1 0 0 0 0"
 ycoef=" 0.354320607206253 0 1 0 0 0">
<Contour name="D034" hidden="false" closed="true" simplified="true" border="0 0 1" fill="0 0 1" mode="13"
 points="9.60041 2.99852,
	9.60155 2.98207,
	9.60494 2.96602,
	9.61049 2.95077,
	9.61807 2.9367,
	9.62749 2.92416,
	9.63852 2.91344,
	9.65089 2.90482,
	9.6643 2.8985,
	9.6784 2.89465,
	9.69287 2.89335,
	9.70733 2.89465,
	9.72144 2.8985,
	9.73484 2.90482,
	9.74721 2.91344,
	9.75824 2.92416,
	9.76766 2.9367,
	9.77524 2.95077,
	9.7808 2.96602,
	9.78418 2.98207,
	9.78532 2.99852,
	9.78418 3.01497,
	9.7808 3.03102,
	9.77524 3.04626,
	9.76766 3.06033,
	9.75824 3.07288,
	9.74721 3.0836,
	9.73484 3.09222,
	9.72144 3.09854,
	9.70733 3.10239,
	9.69287 3.10369,
	9.6784 3.10239,
	9.6643 3.09854,
	9.65089 3.09222,
	9.63852 3.0836,
	9.62749 3.07288,
	9.61807 3.06033,
	9.61049 3.04626,
	9.60494 3.03102,
	"/>
</Transform>

<Transform dim="1"
 xcoef=" 0.139404829064755 1 0 0 0 0"
 ycoef=" 0.354320607206253 0 1 0 0 0">
<Contour name="D035" hidden="false" closed="true" simplified="true" border="0 0 1" fill="0 0 1" mode="13"
 points="7.14893 2.88498,
	7.14965 2.87311,
	7.15179 2.86148,
	7.15531 2.85035,
	7.16013 2.83994,
	7.16615 2.83047,
	7.17325 2.82213,
	7.18129 2.8151,
	7.19008 2.80953,
	7.19945 2.80552,
	7.20921 2.80318,
	7.21915 2.80253,
	7.22907 2.8036,
	7.23875 2.80637,
	7.248 2.81078,
	7.25662 2.81673,
	7.26443 2.8241,
	7.27128 2.83274,
	7.27701 2.84246,
	7.28152 2.85308,
	7.2847 2.86435,
	7.28648 2.87606,
	7.28684 2.88795,
	7.28577 2.89978,
	7.28328 2.9113,
	7.27943 2.92228,
	7.27429 2.93247,
	7.26799 2.94168,
	7.26064 2.94971,
	7.2524 2.95639,
	7.24344 2.96158,
	7.23395 2.96517,
	7.22413 2.9671,
	7.21417 2.96731,
	7.2043 2.96581,
	7.19471 2.96263,
	7.1856 2.95783,
	7.17716 2.95151,
	7.16958 2.94381,
	7.163 2.93488,
	7.15756 2.92491,
	7.15338 2.91411,
	7.15054 2.9027,
	"/>
</Transform>

<Transform dim="1"
 xcoef=" 0.139404829064755 1 0 0 0 0"
 ycoef=" 0.354320607206253 0 1 0 0 0">
<Contour name="D036" hidden="false" closed="true" simplified="true" border="0 0 1" fill="0 0 1" mode="13"
 points="14.5805 -0.142656,
	14.5816 -0.165379,
	14.5848 -0.187629,
	14.5901 -0.208942,
	14.5973 -0.228875,
	14.6063 -0.247012,
	14.6169 -0.262976,
	14.629 -0.276434,
	14.6421 -0.287105,
	14.6562 -0.294769,
	14.6708 -0.299264,
	14.6857 -0.300497,
	14.7005 -0.298443,
	14.715 -0.293145,
	14.7288 -0.284712,
	14.7418 -0.273321,
	14.7535 -0.259208,
	14.7637 -0.242668,
	14.7723 -0.224045,
	14.779 -0.203727,
	14.7838 -0.182137,
	14.7865 -0.159724,
	14.787 -0.136956,
	14.7854 -0.114307,
	14.7817 -0.0922487,
	14.7759 -0.0712398,
	14.7682 -0.0517183,
	14.7588 -0.0340908,
	14.7478 -0.0187243,
	14.7354 -0.00593899,
	14.722 0.00399895,
	14.7078 0.0108825,
	14.6931 0.0145683,
	14.6782 0.0149797,
	14.6634 0.0121079,
	14.6491 0.0060129,
	14.6354 -0.00317842,
	14.6228 -0.0152746,
	14.6114 -0.0300238,
	14.6016 -0.0471188,
	14.5935 -0.0662035,
	14.5872 -0.0868805,
	14.5829 -0.108719,
	"/>
</Transform>

<Transform dim="1"
 xcoef=" 0.139404829064755 1 0 0 0 0"
 ycoef=" 0.354320607206253 0 1 0 0 0">
<Contour name="D039" hidden="false" closed="true" simplified="true" border="0 0 1" fill="0 0 1" mode="13"
 points="9.00841 1.98205,
	9.00976 1.96888,
	9.01377 1.95605,
	9.02034 1.9439,
	9.02931 1.93273,
	9.04043 1.92284,
	9.05342 1.91449,
	9.06794 1.90788,
	9.08362 1.90319,
	9.10005 1.90055,
	9.11681 1.90002,
	9.13345 1.90161,
	9.14956 1.90529,
	9.16471 1.91095,
	9.17851 1.91846,
	9.19061 1.92761,
	9.20068 1.93817,
	9.20848 1.94987,
	9.21379 1.9624,
	9.21648 1.97545,
	9.21648 1.98866,
	9.21379 2.0017,
	9.20848 2.01423,
	9.20068 2.02593,
	9.19061 2.03649,
	9.17851 2.04565,
	9.16471 2.05315,
	9.14956 2.05882,
	9.13345 2.06249,
	9.11681 2.06408,
	9.10005 2.06355,
	9.08362 2.06091,
	9.06794 2.05622,
	9.05342 2.04962,
	9.04043 2.04126,
	9.02931 2.03137,
	9.02034 2.02021,
	9.01377 2.00805,
	"/>
</Transform>

<Transform dim="1"
 xcoef=" 0.139404829064755 1 0 0 0 0"
 ycoef=" 0.354320607206253 0 1 0 0 0">
<Contour name="D049" hidden="false" closed="true" simplified="true" border="0 0 1" fill="0 0 1" mode="13"
 points="9.97609 2.42962,
	9.97671 2.41771,
	9.97858 2.40593,
	9.98166 2.39442,
	9.98594 2.38331,
	9.99135 2.37272,
	9.99783 2.36278,
	10.0053 2.35359,
	10.0137 2.34527,
	10.023 2.3379,
	10.0329 2.33157,
	10.0434 2.32636,
	10.0545 2.32231,
	10.0659 2.31948,
	10.0775 2.31789,
	10.0892 2.31757,
	10.1009 2.31853,
	10.1125 2.32074,
	10.1237 2.32418,
	10.1345 2.32882,
	10.1448 2.3346,
	10.1544 2.34146,
	10.1632 2.34932,
	10.1712 2.35808,
	10.1782 2.36766,
	10.1841 2.37794,
	10.189 2.38881,
	10.1926 2.40013,
	10.1951 2.41179,
	10.1964 2.42366,
	10.1964 2.43559,
	10.1951 2.44745,
	10.1926 2.45911,
	10.189 2.47044,
	10.1841 2.48131,
	10.1782 2.49159,
	10.1712 2.50116,
	10.1632 2.50993,
	10.1544 2.51779,
	10.1448 2.52465,
	10.1345 2.53043,
	10.1237 2.53507,
	10.1125 2.53851,
	10.1009 2.54072,
	10.0892 2.54167,
	10.0775 2.54136,
	10.0659 2.53977,
	10.0545 2.53694,
	10.0434 2.53289,
	10.0329 2.52768,
	10.023 2.52135,
	10.0137 2.51398,
	10.0053 2.50566,
	9.99783 2.49647,
	9.99135 2.48653,
	9.98594 2.47594,
	9.98166 2.46483,
	9.97858 2.45332,
	9.97671 2.44154,
	"/>
</Transform>

<Transform dim="1"
 xcoef=" 0.139404829064755 1 0 0 0 0"
 ycoef=" 0.354320607206253 0 1 0 0 0">
<Contour name="D055" hidden="false" closed="true" simplified="true" border="0 0 1" fill="0 0 1" mode="13"
 points="1.34825 2.49471,
	1.34878 2.48077,
	1.35039 2.46702,
	1.35304 2.45367,
	1.3567 2.44091,
	1.36132 2.42892,
	1.36682 2.41787,
	1.37314 2.40792,
	1.38017 2.39921,
	1.38783 2.39187,
	1.39599 2.386,
	1.40455 2.38168,
	1.41338 2.37898,
	1.42235 2.37794,
	1.43134 2.37856,
	1.44022 2.38085,
	1.44885 2.38477,
	1.45713 2.39026,
	1.46492 2.39724,
	1.47212 2.40562,
	1.47862 2.41528,
	1.48434 2.42607,
	1.48918 2.43784,
	1.49309 2.45042,
	1.49599 2.46364,
	1.49787 2.4773,
	1.49867 2.49122,
	1.4984 2.50518,
	1.49706 2.51899,
	1.49467 2.53246,
	1.49126 2.54538,
	1.48687 2.55758,
	1.48158 2.56888,
	1.47546 2.57912,
	1.4686 2.58815,
	1.46109 2.59585,
	1.45304 2.6021,
	1.44457 2.60681,
	1.4358 2.60992,
	1.42685 2.61138,
	1.41785 2.61117,
	1.40894 2.60929,
	1.40023 2.60578,
	1.39185 2.60068,
	1.38393 2.59406,
	1.37657 2.58602,
	1.36988 2.57667,
	1.36396 2.56615,
	1.35889 2.55461,
	1.35475 2.54221,
	1.35159 2.52913,
	1.34945 2.51556,
	"/>
</Transform>

<Transform dim="1"
 xcoef=" 0.139404829064755 1 0 0 0 0"
 ycoef=" 0.354320607206253 0 1 0 0 0">
<Contour name="D049_ax03" hidden="false" closed="true" simplified="false" border="0 1 1" fill="0 1 1" mode="11"
 points="10.8551 0.607247,
	10.8669 0.595466,
	10.8198 0.548343,
	10.8316 0.536562,
	10.8787 0.583685,
	10.8905 0.571905,
	10.8905 0.607247,
	"/>
</Transform>

<Transform dim="1"
 xcoef=" 0.139404829064755 1 0 0 0 0"
 ycoef=" 0.354320607206253 0 1 0 0 0">
<Contour name="d046_o22" hidden="false" closed="true" simplified="false" border="1 0 0" fill="1 0 0" mode="-13"
 points="12.751 2.35345,
	12.7887 2.35345,
	12.7699 2.38796,
	"/>
</Transform>

<Transform dim="1"
 xcoef=" 0.139404829064755 1 0 0 0 0"
 ycoef=" 0.354320607206253 0 1 0 0 0">
<Contour name="D057" hidden="false" closed="true" simplified="true" border="0 0 1" fill="0 0 1" mode="11"
 points="7.01177 9.32581,
	7.01288 9.31408,
	7.01617 9.30256,
	7.0216 9.29143,
	7.02907 9.2809,
	7.03845 9.27113,
	7.04959 9.2623,
	7.06228 9.25455,
	7.07633 9.24802,
	7.09147 9.24282,
	7.10747 9.23905,
	7.12403 9.23676,
	7.14088 9.23599,
	7.15774 9.23676,
	7.1743 9.23905,
	7.19029 9.24282,
	7.20544 9.24802,
	7.21948 9.25455,
	7.23218 9.2623,
	7.24332 9.27113,
	7.2527 9.2809,
	7.26017 9.29143,
	7.2656 9.30256,
	7.26889 9.31408,
	7.27 9.32581,
	7.26889 9.33753,
	7.2656 9.34905,
	7.26017 9.36018,
	7.2527 9.37072,
	7.24332 9.38048,
	7.23218 9.38932,
	7.21948 9.39706,
	7.20544 9.40359,
	7.19029 9.40879,
	7.1743 9.41256,
	7.15774 9.41486,
	7.14088 9.41563,
	7.12403 9.41486,
	7.10747 9.41256,
	7.09147 9.40879,
	7.07633 9.40359,
	7.06228 9.39706,
	7.04959 9.38932,
	7.03845 9.38048,
	7.02907 9.37072,
	7.0216 9.36018,
	7.01617 9.34905,
	7.01288 9.33753,
	"/>
</Transform>

<Transform dim="1"
 xcoef=" 0.139404829064755 1 0 0 0 0"
 ycoef=" 0.354320607206253 0 1 0 0 0">
<Contour name="D057 ax01" hidden="false" closed="true" simplified="false" border="0 1 1" fill="0 1 1" mode="-9"
 points="3.35095 6.98854,
	3.36832 6.97116,
	3.29881 6.90165,
	3.31619 6.88427,
	3.3857 6.95378,
	3.40308 6.93641,
	3.40308 6.98854,
	"/>
</Transform>

<Transform dim="1"
 xcoef=" 0.139404829064755 1 0 0 0 0"
 ycoef=" 0.354320607206253 0 1 0 0 0">
<Contour name="D057 ax01" hidden="false" closed="true" simplified="false" border="0 1 1" fill="0 1 1" mode="-9"
 points="3.10179 4.51652,
	3.11915 4.49917,
	3.04973 4.42976,
	3.06709 4.41241,
	3.1365 4.48182,
	3.15385 4.46446,
	3.15385 4.51652,
	"/>
</Transform>

<Transform dim="0"
 xcoef=" 0 1 0 0 0 0"
 ycoef=" 0 0 1 0 0 0">
<Contour name="d046" hidden="false" closed="true" simplified="true" border="1 1 0" fill="1 1 0" mode="11"
 points="12.4306 2.43147,
	12.4379 2.38923,
	12.4418 2.36811,
	12.4438 2.35755,
	12.4438 2.35491,
	12.4464 2.34963,
	12.4464 2.34435,
	12.4511 2.33379,
	12.455 2.32851,
	12.459 2.31795,
	12.4577 2.30739,
	12.4544 2.29683,
	12.4537 2.28627,
	12.453 2.28099,
	12.4537 2.27571,
	12.4596 2.26515,
	12.5006 2.22291,
	12.5078 2.21235,
	12.5105 2.20707,
	12.5118 2.20443,
	12.5138 2.19387,
	12.5184 2.18331,
	12.5204 2.17803,
	12.5217 2.17539,
	12.5243 2.15427,
	12.5243 2.15163,
	12.5349 2.13051,
	12.5388 2.11995,
	12.5415 2.11467,
	12.5415 2.11335,
	12.5388 2.11203,
	12.5402 2.10675,
	12.5415 2.10411,
	12.5421 2.08299,
	12.5415 2.06187,
	12.5415 2.05131,
	12.5415 2.04603,
	12.5441 2.03547,
	12.5454 2.03283,
	12.5454 2.03151,
	12.5468 2.03019,
	12.5468 2.02755,
	12.5487 2.02491,
	12.5494 2.02227,
	12.5514 2.01963,
	12.552 2.01699,
	12.56 2.00643,
	12.5646 2.00115,
	12.5679 1.99587,
	12.5778 1.98531,
	12.5831 1.98003,
	12.6035 1.96551,
	12.6246 1.94769,
	12.6293 1.94307,
	12.6306 1.94307,
	12.6411 1.93449,
	12.6438 1.93185,
	12.6491 1.92855,
	12.6517 1.92657,
	12.657 1.92459,
	12.6596 1.92261,
	12.6807 1.91799,
	12.7019 1.91667,
	12.723 1.91997,
	12.7335 1.92195,
	12.7362 1.92261,
	12.7573 1.91997,
	12.7679 1.91733,
	12.7731 1.91468,
	12.783 1.90544,
	12.789 1.89488,
	12.7923 1.8896,
	12.7969 1.88564,
	12.7995 1.88366,
	12.8101 1.88102,
	12.8127 1.88036,
	12.8141 1.8797,
	12.8352 1.88498,
	12.8563 1.89488,
	12.8774 1.9061,
	12.8966 1.92723,
	12.8992 1.93251,
	12.9098 1.94307,
	12.9322 1.98531,
	12.9612 2.02755,
	12.9731 2.04867,
	12.9817 2.06979,
	13.0041 2.11203,
	13.0081 2.12259,
	13.0101 2.12787,
	13.0107 2.14899,
	13.0094 2.19123,
	13.0068 2.21235,
	12.9923 2.25459,
	12.9843 2.29683,
	12.9824 2.31795,
	12.9791 2.32851,
	12.989 2.37075,
	12.9989 2.39187,
	13.0048 2.40243,
	13.0081 2.40771,
	13.0094 2.41035,
	13.0094 2.43147,
	13.0068 2.45259,
	12.9995 2.47371,
	12.9903 2.49483,
	12.9837 2.51595,
	12.9804 2.53707,
	12.9791 2.57931,
	12.9777 2.60043,
	12.9698 2.64267,
	12.9678 2.65323,
	12.9659 2.65851,
	12.9639 2.67963,
	12.956 2.72188,
	12.952 2.73244,
	12.9441 2.77468,
	12.9401 2.7958,
	12.9388 2.81692,
	12.9388 2.82748,
	12.9302 2.86972,
	12.9329 2.89084,
	12.9309 2.91196,
	12.9263 2.92252,
	12.923 2.9278,
	12.9131 2.93836,
	12.9104 2.94034,
	12.9051 2.94166,
	12.884 2.94034,
	12.8629 2.93374,
	12.8523 2.93176,
	12.8312 2.93176,
	12.8259 2.93176,
	12.8233 2.93176,
	12.8127 2.93704,
	12.7916 2.93836,
	12.7811 2.93242,
	12.7705 2.92516,
	12.7652 2.92318,
	12.7547 2.91526,
	12.7441 2.91064,
	12.723 2.90668,
	12.7124 2.90866,
	12.6702 2.92714,
	12.6491 2.93044,
	12.6385 2.92978,
	12.6279 2.9278,
	12.6174 2.92846,
	12.6121 2.92912,
	12.6095 2.92912,
	12.5883 2.9377,
	12.5778 2.94298,
	12.5725 2.94628,
	12.5672 2.94826,
	12.5567 2.94958,
	12.5514 2.95024,
	12.5487 2.9509,
	12.5382 2.94628,
	12.5329 2.9443,
	12.5223 2.9377,
	12.5184 2.93242,
	12.5164 2.92714,
	12.5138 2.90602,
	12.5151 2.89546,
	12.5138 2.8849,
	12.5052 2.84266,
	12.5032 2.8321,
	12.4893 2.78986,
	12.4722 2.74762,
	12.4471 2.66313,
	12.4418 2.62089,
	12.4398 2.53641,
	12.4392 2.51529,
	12.4346 2.47305,
	12.4326 2.46249,
	12.4313 2.44137,
	12.4313 2.43609,
	12.4306 2.43345,
	12.4306 2.43213,
	"/>
<Contour name="Copy of d046_i16_p22" hidden="false" closed="true" simplified="true" border="1 1 0" fill="1 1 0" mode="11"
 points="12.4306 2.43147,
	12.4379 2.38923,
	12.4418 2.36811,
	12.4438 2.35755,
	12.4438 2.35491,
	12.4464 2.34963,
	12.4464 2.34435,
	12.4511 2.33379,
	12.455 2.32851,
	12.459 2.31795,
	12.4577 2.30739,
	12.4544 2.29683,
	12.4537 2.28627,
	12.453 2.28099,
	12.4537 2.27571,
	12.4596 2.26515,
	12.5006 2.22291,
	12.5078 2.21235,
	12.5105 2.20707,
	12.5118 2.20443,
	12.5138 2.19387,
	12.5184 2.18331,
	12.5204 2.17803,
	12.5217 2.17539,
	12.5243 2.15427,
	12.5243 2.15163,
	12.5349 2.13051,
	12.5388 2.11995,
	12.5415 2.11467,
	12.5415 2.11335,
	12.5388 2.11203,
	12.5402 2.10675,
	12.5415 2.10411,
	12.5421 2.08299,
	12.5415 2.06187,
	12.5415 2.05131,
	12.5415 2.04603,
	12.5441 2.03547,
	12.5454 2.03283,
	12.5454 2.03151,
	12.5468 2.03019,
	12.5468 2.02755,
	12.5487 2.02491,
	12.5494 2.02227,
	12.5514 2.01963,
	12.552 2.01699,
	12.56 2.00643,
	12.5646 2.00115,
	12.5679 1.99587,
	12.5778 1.98531,
	12.5831 1.98003,
	12.6035 1.96551,
	12.6246 1.94769,
	12.6293 1.94307,
	12.6306 1.94307,
	12.6411 1.93449,
	12.6438 1.93185,
	12.6491 1.92855,
	12.6517 1.92657,
	12.657 1.92459,
	12.6596 1.92261,
	12.6807 1.91799,
	12.7019 1.91667,
	12.723 1.91997,
	12.7335 1.92195,
	12.7362 1.92261,
	12.7573 1.91997,
	12.7679 1.91733,
	12.7731 1.91468,
	12.783 1.90544,
	12.789 1.89488,
	12.7923 1.8896,
	12.7969 1.88564,
	12.7995 1.88366,
	12.8101 1.88102,
	12.8127 1.88036,
	12.8141 1.8797,
	12.8352 1.88498,
	12.8563 1.89488,
	12.8774 1.9061,
	12.8966 1.92723,
	12.8992 1.93251,
	12.9098 1.94307,
	12.9322 1.98531,
	12.9612 2.02755,
	12.9731 2.04867,
	12.9817 2.06979,
	13.0041 2.11203,
	13.0081 2.12259,
	13.0101 2.12787,
	13.0107 2.14899,
	13.0094 2.19123,
	13.0068 2.21235,
	12.9923 2.25459,
	12.9843 2.29683,
	12.9824 2.31795,
	12.9791 2.32851,
	12.989 2.37075,
	12.9989 2.39187,
	13.0048 2.40243,
	13.0081 2.40771,
	13.0094 2.41035,
	13.0094 2.43147,
	13.0068 2.45259,
	12.9995 2.47371,
	12.9903 2.49483,
	12.9837 2.51595,
	12.9804 2.53707,
	12.9791 2.57931,
	12.9777 2.60043,
	12.9698 2.64267,
	12.9678 2.65323,
	12.9659 2.65851,
	12.9639 2.67963,
	12.956 2.72188,
	12.952 2.73244,
	12.9441 2.77468,
	12.9401 2.7958,
	12.9388 2.81692,
	12.9388 2.82748,
	12.9302 2.86972,
	12.9329 2.89084,
	12.9309 2.91196,
	12.9263 2.92252,
	12.923 2.9278,
	12.9131 2.93836,
	12.9104 2.94034,
	12.9051 2.94166,
	12.884 2.94034,
	12.8629 2.93374,
	12.8523 2.93176,
	12.8312 2.93176,
	12.8259 2.93176,
	12.8233 2.93176,
	12.8127 2.93704,
	12.7916 2.93836,
	12.7811 2.93242,
	12.7705 2.92516,
	12.7652 2.92318,
	12.7547 2.91526,
	12.7441 2.91064,
	12.723 2.90668,
	12.7124 2.90866,
	12.6702 2.92714,
	12.6491 2.93044,
	12.6385 2.92978,
	12.6279 2.9278,
	12.6174 2.92846,
	12.6121 2.92912,
	12.6095 2.92912,
	12.5883 2.9377,
	12.5778 2.94298,
	12.5725 2.94628,
	12.5672 2.94826,
	12.5567 2.94958,
	12.5514 2.95024,
	12.5487 2.9509,
	12.5382 2.94628,
	12.5329 2.9443,
	12.5223 2.9377,
	12.5184 2.93242,
	12.5164 2.92714,
	12.5138 2.90602,
	12.5151 2.89546,
	12.5138 2.8849,
	12.5052 2.84266,
	12.5032 2.8321,
	12.4893 2.78986,
	12.4722 2.74762,
	12.4471 2.66313,
	12.4418 2.62089,
	12.4398 2.53641,
	12.4392 2.51529,
	12.4346 2.47305,
	12.4326 2.46249,
	12.4313 2.44137,
	12.4313 2.43609,
	12.4306 2.43345,
	12.4306 2.43213,
	"/>
</Transform>

<Transform dim="0"
 xcoef=" 0 1 0 0 0 0"
 ycoef=" 0 0 1 0 0 0">
<Contour name="d046_p22" hidden="false" closed="true" simplified="true" border="1 1 0" fill="1 1 0" mode="11"
 points="12.4989 1.81858,
	12.5032 1.79582,
	12.5053 1.78444,
	12.506 1.77875,
	12.5174 1.75599,
	12.5259 1.74461,
	12.5316 1.73963,
	12.5345 1.73679,
	12.5459 1.73181,
	12.5572 1.72968,
	12.5686 1.72897,
	12.5743 1.73181,
	12.5857 1.74319,
	12.5899 1.74888,
	12.5949 1.76026,
	12.6013 1.77164,
	12.6063 1.78302,
	12.6127 1.7944,
	12.622 1.81716,
	12.6284 1.83992,
	12.6291 1.84561,
	12.6262 1.86836,
	12.6255 1.87405,
	12.6269 1.88543,
	12.6276 1.89112,
	12.6276 1.89397,
	12.6305 1.89966,
	12.6355 1.90535,
	12.6582 1.92028,
	12.6696 1.92668,
	12.6753 1.92811,
	12.6781 1.92953,
	12.6789 1.93024,
	12.6739 1.93593,
	12.6284 1.97078,
	12.6227 1.97505,
	12.6198 1.97647,
	12.617 1.97931,
	12.6141 1.97931,
	12.5914 1.99567,
	12.5885 1.9971,
	12.5779 2.00847,
	12.5615 2.03123,
	12.548 2.05399,
	12.5466 2.05684,
	12.5437 2.05897,
	12.543 2.05968,
	12.5409 2.03692,
	12.5395 1.99141,
	12.5402 1.96865,
	12.5395 1.95727,
	12.5352 1.95158,
	12.5295 1.94731,
	12.5267 1.94589,
	12.5188 1.93451,
	12.5167 1.93166,
	12.5153 1.92597,
	12.5153 1.91459,
	12.5138 1.90321,
	12.5167 1.89184,
	12.5195 1.88615,
	12.521 1.86339,
	12.5202 1.8577,
	12.5146 1.84632,
	12.4996 1.82427,
	12.4989 1.81929,
	"/>
</Transform>

<Transform dim="0"
 xcoef=" 0 1 0 0 0 0"
 ycoef=" 0 0 1 0 0 0">
<Contour name="d046_checked" hidden="false" closed="true" simplified="false" border="0 1 0" fill="0 1 0" mode="-13"
 points="12.6147 2.02452,
	12.6238 2.0118,
	12.6147 1.99909,
	12.6202 1.99909,
	12.6274 2.00999,
	12.6347 1.99909,
	12.6401 1.99909,
	12.6311 2.0118,
	12.6401 2.02452,
	12.6347 2.02452,
	12.6274 2.01362,
	12.6202 2.02452,
	"/>
</Transform>

<Transform dim="1"
 xcoef=" 5.13940482906476 1 0 0 0 0"
 ycoef=" 9.13432060720625 0 1 0 0 0">
<Image mag="0.00201646" contrast="1.21551" brightness="-0.775" red="true" green="true" blue="true"
 src="110.tif_1.bmp" />
<Contour name="domain1" hidden="false" closed="true" simplified="false" border="1 0 1" fill="1 0 1" mode="11"
 points="0 0,
	12287 0,
	12287 12287,
	0 12287,
	"/>
</Transform>

<Transform dim="0"
 xcoef=" 0 1 0 0 0 0"
 ycoef=" 0 0 1 0 0 0">
<Contour name="d046_p23" hidden="false" closed="true" simplified="true" border="1 1 0" fill="1 1 0" mode="11"
 points="13.0375 2.96367,
	13.0475 2.94073,
	13.059 2.93069,
	13.1034 2.90631,
	13.1135 2.90058,
	13.1192 2.89914,
	13.1307 2.89054,
	13.1421 2.88624,
	13.1651 2.8848,
	13.1765 2.88911,
	13.1823 2.89054,
	13.1938 2.89914,
	13.2368 2.94503,
	13.2554 2.96797,
	13.2712 2.99091,
	13.2798 3.00238,
	13.2913 3.01385,
	13.3271 3.0583,
	13.3357 3.06978,
	13.3457 3.09272,
	13.3472 3.10419,
	13.3472 3.10992,
	13.3472 3.11279,
	13.3443 3.11566,
	13.3443 3.12713,
	13.3343 3.15007,
	13.33 3.16154,
	13.3285 3.16728,
	13.3257 3.17732,
	13.3142 3.18879,
	13.3085 3.19166,
	13.307 3.19452,
	13.3013 3.19452,
	13.2956 3.19739,
	13.2726 3.19739,
	13.2497 3.19452,
	13.2382 3.19166,
	13.231 3.18592,
	13.2224 3.17445,
	13.1995 3.15868,
	13.1765 3.14864,
	13.1651 3.14434,
	13.1622 3.14147,
	13.1507 3.1386,
	13.1292 3.12856,
	13.1178 3.12283,
	13.1063 3.11423,
	13.0948 3.10275,
	13.079 3.07981,
	13.0719 3.06834,
	13.0532 3.02246,
	13.0475 3.01099,
	13.0403 2.98804,
	13.036 2.9651,
	"/>
</Transform>

<Transform dim="0"
 xcoef=" 0 1 0 0 0 0"
 ycoef=" 0 0 1 0 0 0">
<Contour name="D046_ax01" hidden="false" closed="true" simplified="false" border="0 1 1" fill="0 1 1" mode="-11"
 points="9.93321 6.64592,
	9.9436 6.63553,
	9.90205 6.59398,
	9.91243 6.5836,
	9.95398 6.62515,
	9.96437 6.61476,
	9.96437 6.64592,
	"/>
</Transform>

<Transform dim="0"
 xcoef=" 0 1 0 0 0 0"
 ycoef=" 0 0 1 0 0 0">
<Contour name="d046_SER_p23" hidden="false" closed="true" simplified="false" border="1 0.501961 0" fill="1 0.501961 0" mode="11"
 points="13.1272 3.05179,
	13.1272 3.03273,
	13.1463 3.03273,
	13.1463 3.01367,
	13.1653 3.01367,
	13.1653 3.03273,
	13.1844 3.03273,
	13.1844 3.05179,
	13.1653 3.05179,
	13.1653 3.07085,
	13.1463 3.07085,
	13.1463 3.05179,
	"/>
</Transform>

</Section>