<?xml version="1.0"?>
<!DOCTYPE Section SYSTEM "section.dtd">

<Section index="154" thickness="0.052" alignLocked="true">
<Transform dim="1"
 xcoef=" 10.4763509977926 1 0 0 0 0"
 ycoef=" 14.3340097749095 0 1 0 0 0">
<Contour name="D020" hidden="false" closed="true" simplified="true" border="0 0 1" fill="0 0 1" mode="13"
 points="20.1802 20.0584,
	20.1813 20.0452,
	20.1846 20.0324,
	20.19 20.0201,
	20.1973 20.0088,
	20.2065 19.9985,
	20.2173 19.9897,
	20.2295 19.9824,
	20.2427 19.9768,
	20.2568 19.9731,
	20.2712 19.9714,
	20.2858 19.9716,
	20.3002 19.9739,
	20.3141 19.978,
	20.3271 19.984,
	20.3389 19.9918,
	20.3493 20.001,
	20.3581 20.0115,
	20.365 20.0231,
	20.3699 20.0355,
	20.3726 20.0485,
	20.3732 20.0616,
	20.3715 20.0747,
	20.3677 20.0875,
	20.3618 20.0995,
	20.3539 20.1106,
	20.3443 20.1205,
	20.3332 20.129,
	20.3207 20.1359,
	20.3072 20.141,
	20.2931 20.1442,
	20.2785 20.1454,
	20.264 20.1447,
	20.2497 20.142,
	20.236 20.1373,
	20.2233 20.1309,
	20.2118 20.1228,
	20.2017 20.1132,
	20.1934 20.1024,
	20.187 20.0905,
	20.1826 20.078,
	"/>
</Transform>

<Transform dim="1"
 xcoef=" 0.336350997792604 1 0 0 0 0"
 ycoef=" 0.724009774909504 0 1 0 0 0">
<Contour name="D052 " hidden="false" closed="true" simplified="true" border="0 0 1" fill="0 0 1" mode="13"
 points="6.20456 -1.01592,
	6.20595 -1.03585,
	6.2101 -1.05519,
	6.21687 -1.07337,
	6.22606 -1.08986,
	6.23741 -1.10416,
	6.25058 -1.11585,
	6.26518 -1.12458,
	6.28078 -1.13011,
	6.29691 -1.13225,
	6.31311 -1.13096,
	6.32888 -1.12627,
	6.34377 -1.11832,
	6.35734 -1.10734,
	6.36917 -1.09366,
	6.37894 -1.07767,
	6.38634 -1.05987,
	6.39115 -1.04076,
	6.39324 -1.02092,
	6.39254 -1.00094,
	6.38908 -0.98139,
	6.38295 -0.962866,
	6.37433 -0.94591,
	6.36349 -0.931023,
	6.35074 -0.918645,
	6.33646 -0.909143,
	6.32107 -0.902797,
	6.30503 -0.899795,
	6.28881 -0.900226,
	6.27288 -0.904076,
	6.25773 -0.911232,
	6.24379 -0.921483,
	6.23149 -0.934525,
	6.22118 -0.949973,
	6.21316 -0.967371,
	6.20769 -0.986203,
	"/>
</Transform>

<Transform dim="1"
 xcoef=" 0.336350997792604 1 0 0 0 0"
 ycoef=" 0.724009774909504 0 1 0 0 0">
<Contour name="D054" hidden="false" closed="true" simplified="true" border="0 0 1" fill="0 0 1" mode="13"
 points="1.51646 0.39084,
	1.51744 0.38213,
	1.52037 0.373597,
	1.52519 0.365416,
	1.5318 0.357751,
	1.54007 0.350761,
	1.54982 0.344586,
	1.56087 0.339353,
	1.57297 0.335168,
	1.5859 0.332116,
	1.59937 0.33026,
	1.61313 0.329637,
	1.62689 0.33026,
	1.64037 0.332116,
	1.65329 0.335168,
	1.6654 0.339353,
	1.67644 0.344586,
	1.68619 0.350761,
	1.69446 0.357751,
	1.70107 0.365416,
	1.70589 0.373597,
	1.70882 0.38213,
	1.70981 0.39084,
	1.70882 0.399551,
	1.70589 0.408084,
	1.70107 0.416265,
	1.69446 0.42393,
	1.68619 0.43092,
	1.67644 0.437095,
	1.6654 0.442328,
	1.65329 0.446513,
	1.64037 0.449565,
	1.62689 0.451421,
	1.61313 0.452044,
	1.59937 0.451421,
	1.5859 0.449565,
	1.57297 0.446513,
	1.56087 0.442328,
	1.54982 0.437095,
	1.54007 0.43092,
	1.5318 0.42393,
	1.52519 0.416265,
	1.52037 0.408084,
	1.51744 0.399551,
	"/>
</Transform>

<Transform dim="1"
 xcoef=" 0.336350997792604 1 0 0 0 0"
 ycoef=" 0.724009774909504 0 1 0 0 0">
<Contour name="D019" hidden="false" closed="true" simplified="true" border="0 0 1" fill="0 0 1" mode="13"
 points="4.113 5.27593,
	4.1149 5.25939,
	4.12057 5.24318,
	4.12989 5.22761,
	4.14269 5.21297,
	4.15871 5.19956,
	4.17764 5.18764,
	4.19912 5.17743,
	4.22272 5.16915,
	4.248 5.16294,
	4.27444 5.15893,
	4.30155 5.1572,
	4.32879 5.15777,
	4.35563 5.16065,
	4.38156 5.16577,
	4.40606 5.17304,
	4.42865 5.18231,
	4.44891 5.1934,
	4.46643 5.2061,
	4.48087 5.22015,
	4.49196 5.2353,
	4.49947 5.25123,
	4.50326 5.26764,
	4.50326 5.28422,
	4.49947 5.30063,
	4.49196 5.31656,
	4.48087 5.33171,
	4.46643 5.34576,
	4.44891 5.35846,
	4.42865 5.36955,
	4.40606 5.37882,
	4.38156 5.38609,
	4.35563 5.39121,
	4.32879 5.39409,
	4.30155 5.39466,
	4.27444 5.39293,
	4.248 5.38892,
	4.22272 5.38271,
	4.19912 5.37442,
	4.17764 5.36422,
	4.15871 5.3523,
	4.14269 5.33889,
	4.12989 5.32425,
	4.12057 5.30868,
	"/>
</Transform>

<Transform dim="1"
 xcoef=" 0.336350997792604 1 0 0 0 0"
 ycoef=" 0.724009774909504 0 1 0 0 0">
<Contour name="D023" hidden="false" closed="true" simplified="true" border="0 0 1" fill="0 0 1" mode="13"
 points="8.03467 1.67697,
	8.03649 1.65154,
	8.0419 1.62684,
	8.05074 1.60358,
	8.06276 1.58243,
	8.07761 1.564,
	8.09487 1.54883,
	8.11403 1.53734,
	8.13456 1.52986,
	8.15584 1.52662,
	8.17729 1.5277,
	8.19827 1.53308,
	8.21819 1.5426,
	8.23646 1.55598,
	8.25258 1.57284,
	8.26606 1.5927,
	8.27653 1.61498,
	8.28368 1.63905,
	8.2873 1.66421,
	8.2873 1.68973,
	8.28368 1.71489,
	8.27653 1.73895,
	8.26606 1.76124,
	8.25258 1.7811,
	8.23646 1.79796,
	8.21819 1.81134,
	8.19827 1.82086,
	8.17729 1.82624,
	8.15584 1.82732,
	8.13456 1.82408,
	8.11403 1.8166,
	8.09487 1.80511,
	8.07761 1.78993,
	8.06276 1.77151,
	8.05074 1.75036,
	8.0419 1.7271,
	8.03649 1.7024,
	"/>
</Transform>

<Transform dim="1"
 xcoef=" 0.336350997792604 1 0 0 0 0"
 ycoef=" 0.724009774909504 0 1 0 0 0">
<Contour name="D021" hidden="false" closed="true" simplified="true" border="0 0 1" fill="0 0 1" mode="13"
 points="6.16556 7.65748,
	6.1667 7.64139,
	6.17009 7.62562,
	6.17567 7.61046,
	6.18333 7.59622,
	6.19291 7.58317,
	6.20424 7.57157,
	6.21709 7.56164,
	6.23121 7.55357,
	6.24633 7.54753,
	6.26216 7.54363,
	6.27838 7.54194,
	6.29468 7.54251,
	6.31074 7.54531,
	6.32625 7.55029,
	6.3409 7.55736,
	6.35442 7.56638,
	6.36654 7.57717,
	6.37703 7.58953,
	6.38567 7.60321,
	6.3923 7.61794,
	6.3968 7.63345,
	6.39906 7.64942,
	6.39906 7.66555,
	6.3968 7.68152,
	6.3923 7.69702,
	6.38567 7.71176,
	6.37703 7.72544,
	6.36654 7.73779,
	6.35442 7.74858,
	6.3409 7.7576,
	6.32625 7.76467,
	6.31074 7.76966,
	6.29468 7.77246,
	6.27838 7.77302,
	6.26216 7.77133,
	6.24633 7.76743,
	6.23121 7.76139,
	6.21709 7.75333,
	6.20424 7.7434,
	6.19291 7.73179,
	6.18333 7.71875,
	6.17567 7.7045,
	6.17009 7.68935,
	"/>
</Transform>

<Transform dim="1"
 xcoef=" 0.336350997792604 1 0 0 0 0"
 ycoef=" 0.724009774909504 0 1 0 0 0">
<Contour name="D025" hidden="false" closed="true" simplified="true" border="0 0 1" fill="0 0 1" mode="13"
 points="4.18853 4.62496,
	4.189 4.61561,
	4.19042 4.60638,
	4.19276 4.59738,
	4.196 4.58873,
	4.20009 4.58053,
	4.20498 4.57289,
	4.21062 4.5659,
	4.21693 4.55966,
	4.22383 4.55424,
	4.23123 4.54971,
	4.23905 4.54613,
	4.24718 4.54354,
	4.25552 4.54197,
	4.26397 4.54144,
	4.27241 4.54197,
	4.28075 4.54354,
	4.28888 4.54613,
	4.2967 4.54971,
	4.3041 4.55424,
	4.311 4.55966,
	4.31731 4.5659,
	4.32295 4.57289,
	4.32784 4.58053,
	4.33194 4.58873,
	4.33517 4.59738,
	4.33752 4.60638,
	4.33893 4.61561,
	4.33941 4.62496,
	4.33893 4.63432,
	4.33752 4.64355,
	4.33517 4.65255,
	4.33194 4.6612,
	4.32784 4.6694,
	4.32295 4.67704,
	4.31731 4.68403,
	4.311 4.69027,
	4.3041 4.69569,
	4.2967 4.70022,
	4.28888 4.7038,
	4.28075 4.70639,
	4.27241 4.70796,
	4.26397 4.70849,
	4.25552 4.70796,
	4.24718 4.70639,
	4.23905 4.7038,
	4.23123 4.70022,
	4.22383 4.69569,
	4.21693 4.69027,
	4.21062 4.68403,
	4.20498 4.67704,
	4.20009 4.6694,
	4.196 4.6612,
	4.19276 4.65255,
	4.19042 4.64355,
	"/>
</Transform>

<Transform dim="1"
 xcoef=" 0.336350997792604 1 0 0 0 0"
 ycoef=" 0.724009774909504 0 1 0 0 0">
<Contour name="D028" hidden="false" closed="true" simplified="true" border="0 0 1" fill="0 0 1" mode="13"
 points="6.72181 6.63597,
	6.72227 6.629,
	6.72363 6.62212,
	6.72588 6.61541,
	6.72899 6.60894,
	6.73292 6.60281,
	6.73763 6.59707,
	6.74305 6.59181,
	6.74913 6.58709,
	6.75579 6.58296,
	6.76295 6.57947,
	6.77051 6.57666,
	6.7784 6.57458,
	6.78651 6.57324,
	6.79474 6.57267,
	6.803 6.57286,
	6.81119 6.57382,
	6.81919 6.57553,
	6.82693 6.57798,
	6.8343 6.58113,
	6.84122 6.58494,
	6.8476 6.58938,
	6.85336 6.59438,
	6.85844 6.59989,
	6.86276 6.60583,
	6.86629 6.61214,
	6.86897 6.61874,
	6.87078 6.62555,
	6.87169 6.63248,
	6.87169 6.63946,
	6.87078 6.64639,
	6.86897 6.6532,
	6.86629 6.6598,
	6.86276 6.66611,
	6.85844 6.67206,
	6.85336 6.67756,
	6.8476 6.68256,
	6.84122 6.687,
	6.8343 6.69081,
	6.82693 6.69397,
	6.81919 6.69641,
	6.81119 6.69812,
	6.803 6.69908,
	6.79474 6.69927,
	6.78651 6.6987,
	6.7784 6.69736,
	6.77051 6.69528,
	6.76295 6.69248,
	6.75579 6.68899,
	6.74913 6.68485,
	6.74305 6.68013,
	6.73763 6.67487,
	6.73292 6.66913,
	6.72899 6.663,
	6.72588 6.65653,
	6.72363 6.64982,
	"/>
</Transform>

<Transform dim="1"
 xcoef=" 0.336350997792604 1 0 0 0 0"
 ycoef=" 0.724009774909504 0 1 0 0 0">
<Contour name="D041" hidden="false" closed="true" simplified="true" border="0 0 1" fill="0 0 1" mode="13"
 points="5.52269 -0.295487,
	5.52354 -0.30528,
	5.5261 -0.314947,
	5.53032 -0.324366,
	5.53615 -0.333415,
	5.54352 -0.341978,
	5.55233 -0.349946,
	5.56247 -0.357217,
	5.57382 -0.363697,
	5.58621 -0.369305,
	5.59951 -0.373967,
	5.61353 -0.377624,
	5.6281 -0.38023,
	5.64303 -0.38175,
	5.65812 -0.382167,
	5.6732 -0.381473,
	5.68805 -0.379679,
	5.7025 -0.376807,
	5.71636 -0.372893,
	5.72944 -0.367989,
	5.74159 -0.362156,
	5.75265 -0.35547,
	5.76247 -0.348016,
	5.77093 -0.339889,
	5.77793 -0.331194,
	5.78336 -0.322041,
	5.78717 -0.312549,
	5.7893 -0.302838,
	5.78973 -0.293033,
	5.78845 -0.28326,
	5.78547 -0.273643,
	5.78084 -0.264305,
	5.77462 -0.255367,
	5.76688 -0.246943,
	5.75772 -0.23914,
	5.74727 -0.232058,
	5.73565 -0.225789,
	5.72301 -0.220412,
	5.70952 -0.215996,
	5.69534 -0.212597,
	5.68066 -0.21026,
	5.66568 -0.209015,
	5.65057 -0.208876,
	5.63553 -0.209846,
	5.62076 -0.211912,
	5.60644 -0.215049,
	5.59276 -0.219215,
	5.57989 -0.224358,
	5.568 -0.230412,
	5.55724 -0.237298,
	5.54775 -0.24493,
	5.53965 -0.253209,
	5.53303 -0.262029,
	5.528 -0.271278,
	5.52461 -0.280836,
	"/>
</Transform>

<Transform dim="1"
 xcoef=" 0.336350997792604 1 0 0 0 0"
 ycoef=" 0.724009774909504 0 1 0 0 0">
<Contour name="D043" hidden="false" closed="true" simplified="true" border="0 0 1" fill="0 0 1" mode="13"
 points="0.832392 8.36301,
	0.833177 8.34991,
	0.83552 8.337,
	0.839388 8.32446,
	0.844725 8.31247,
	0.851455 8.30121,
	0.859482 8.29083,
	0.868691 8.28148,
	0.87895 8.2733,
	0.890113 8.2664,
	0.902019 8.26088,
	0.914499 8.25683,
	0.927374 8.25429,
	0.940459 8.25331,
	0.953567 8.2539,
	0.966512 8.25605,
	0.979108 8.25973,
	0.991174 8.26489,
	1.00254 8.27145,
	1.01304 8.27932,
	1.02252 8.28839,
	1.03086 8.29852,
	1.03792 8.30958,
	1.04361 8.3214,
	1.04785 8.33382,
	1.05058 8.34666,
	1.05176 8.35973,
	1.05137 8.37284,
	1.04941 8.38582,
	1.04592 8.39847,
	1.04094 8.41061,
	1.03455 8.42207,
	1.02684 8.43268,
	1.01791 8.4423,
	1.0079 8.45079,
	0.996954 8.45802,
	0.985218 8.46389,
	0.972865 8.46831,
	0.960072 8.47123,
	0.947022 8.4726,
	0.933901 8.47241,
	0.920898 8.47065,
	0.908198 8.46735,
	0.895984 8.46255,
	0.884428 8.45633,
	0.873698 8.44878,
	0.863947 8.44,
	0.855313 8.43012,
	0.847922 8.41928,
	0.841877 8.40763,
	0.837266 8.39534,
	0.834155 8.3826,
	"/>
</Transform>

<Transform dim="1"
 xcoef=" 0.336350997792604 1 0 0 0 0"
 ycoef=" 0.724009774909504 0 1 0 0 0">
<Contour name="D044" hidden="false" closed="true" simplified="true" border="0 0 1" fill="0 0 1" mode="13"
 points="-0.668865 6.27783,
	-0.667349 6.26265,
	-0.662838 6.24785,
	-0.655447 6.23381,
	-0.645362 6.22088,
	-0.632838 6.20939,
	-0.618191 6.19962,
	-0.601791 6.19183,
	-0.584051 6.18622,
	-0.565421 6.18291,
	-0.546369 6.182,
	-0.527378 6.18352,
	-0.508927 6.18741,
	-0.491482 6.19358,
	-0.475483 6.20189,
	-0.461333 6.21211,
	-0.449392 6.22399,
	-0.439959 6.23723,
	-0.433273 6.25149,
	-0.429503 6.26642,
	-0.428744 6.28164,
	-0.431016 6.29676,
	-0.43626 6.3114,
	-0.444345 6.3252,
	-0.455066 6.3378,
	-0.468153 6.34888,
	-0.483275 6.35818,
	-0.500051 6.36544,
	-0.518056 6.37049,
	-0.536836 6.3732,
	-0.555918 6.3735,
	-0.574818 6.37139,
	-0.593061 6.36691,
	-0.610185 6.36019,
	-0.625758 6.35139,
	-0.639387 6.34072,
	-0.650727 6.32847,
	-0.659493 6.31495,
	-0.665463 6.30048,
	"/>
</Transform>

<Transform dim="1"
 xcoef=" 0.336350997792604 1 0 0 0 0"
 ycoef=" 0.724009774909504 0 1 0 0 0">
<Contour name="D045" hidden="false" closed="true" simplified="true" border="0 0 1" fill="0 0 1" mode="13"
 points="2.90471 8.20253,
	2.90593 8.18993,
	2.90956 8.17762,
	2.91553 8.16587,
	2.92369 8.15496,
	2.93385 8.14515,
	2.94579 8.13664,
	2.95924 8.12964,
	2.97387 8.12431,
	2.98937 8.12077,
	3.00537 8.1191,
	3.02151 8.11934,
	3.03742 8.12149,
	3.05273 8.12548,
	3.0671 8.13124,
	3.0802 8.13863,
	3.09172 8.14749,
	3.1014 8.1576,
	3.10903 8.16874,
	3.11442 8.18065,
	3.11746 8.19307,
	3.11807 8.2057,
	3.11624 8.21825,
	3.11201 8.23045,
	3.10549 8.24201,
	3.09681 8.25267,
	3.08617 8.26218,
	3.07383 8.27032,
	3.06006 8.27692,
	3.04517 8.28181,
	3.02952 8.28489,
	3.01345 8.28608,
	2.99733 8.28537,
	2.98154 8.28275,
	2.96643 8.27831,
	2.95235 8.27212,
	2.93962 8.26435,
	2.92853 8.25516,
	2.91934 8.24477,
	2.91226 8.23341,
	2.90745 8.22135,
	"/>
</Transform>

<Transform dim="1"
 xcoef=" 0.336350997792604 1 0 0 0 0"
 ycoef=" 0.724009774909504 0 1 0 0 0">
<Contour name="D046" hidden="false" closed="true" simplified="true" border="0 0 1" fill="0 0 1" mode="13"
 points="13.0187 3.26133,
	13.0202 3.24826,
	13.0245 3.23559,
	13.0316 3.2237,
	13.0412 3.21295,
	13.0531 3.20367,
	13.0668 3.19615,
	13.082 3.1906,
	13.0982 3.18721,
	13.1149 3.18606,
	13.1316 3.18721,
	13.1478 3.1906,
	13.163 3.19615,
	13.1767 3.20367,
	13.1886 3.21295,
	13.1982 3.2237,
	13.2053 3.23559,
	13.2096 3.24826,
	13.2111 3.26133,
	13.2096 3.2744,
	13.2053 3.28708,
	13.1982 3.29897,
	13.1886 3.30971,
	13.1767 3.31899,
	13.163 3.32652,
	13.1478 3.33206,
	13.1316 3.33546,
	13.1149 3.3366,
	13.0982 3.33546,
	13.082 3.33206,
	13.0668 3.32652,
	13.0531 3.31899,
	13.0412 3.30971,
	13.0316 3.29897,
	13.0245 3.28708,
	13.0202 3.2744,
	"/>
</Transform>

<Transform dim="1"
 xcoef=" 0.336350997792604 1 0 0 0 0"
 ycoef=" 0.724009774909504 0 1 0 0 0">
<Contour name="D047" hidden="false" closed="true" simplified="true" border="0 0 1" fill="0 0 1" mode="13"
 points="3.20304 7.05625,
	3.20422 7.03961,
	3.20772 7.02348,
	3.21343 7.00834,
	3.22118 6.99466,
	3.23073 6.98284,
	3.2418 6.97326,
	3.25405 6.9662,
	3.2671 6.96188,
	3.28056 6.96042,
	3.29403 6.96188,
	3.30708 6.9662,
	3.31933 6.97326,
	3.3304 6.98284,
	3.33995 6.99466,
	3.3477 7.00834,
	3.35341 7.02348,
	3.35691 7.03961,
	3.35809 7.05625,
	3.35691 7.07289,
	3.35341 7.08903,
	3.3477 7.10417,
	3.33995 7.11785,
	3.3304 7.12966,
	3.31933 7.13924,
	3.30708 7.1463,
	3.29403 7.15062,
	3.28056 7.15208,
	3.2671 7.15062,
	3.25405 7.1463,
	3.2418 7.13924,
	3.23073 7.12966,
	3.22118 7.11785,
	3.21343 7.10417,
	3.20772 7.08903,
	3.20422 7.07289,
	"/>
</Transform>

<Transform dim="1"
 xcoef=" 0.336350997792604 1 0 0 0 0"
 ycoef=" 0.724009774909504 0 1 0 0 0">
<Contour name="D034" hidden="false" closed="true" simplified="true" border="0 0 1" fill="0 0 1" mode="13"
 points="9.5773 3.62374,
	9.57855 3.60927,
	9.58228 3.59513,
	9.5884 3.58162,
	9.59678 3.56905,
	9.60722 3.55771,
	9.61951 3.54784,
	9.63335 3.53967,
	9.64845 3.53337,
	9.66446 3.5291,
	9.68102 3.52693,
	9.69778 3.52693,
	9.71435 3.5291,
	9.73036 3.53337,
	9.74545 3.53967,
	9.75929 3.54784,
	9.77158 3.55771,
	9.78202 3.56905,
	9.7904 3.58162,
	9.79652 3.59513,
	9.80025 3.60927,
	9.8015 3.62374,
	9.80025 3.63821,
	9.79652 3.65235,
	9.7904 3.66586,
	9.78202 3.67843,
	9.77158 3.68977,
	9.75929 3.69964,
	9.74545 3.70781,
	9.73036 3.71411,
	9.71435 3.71838,
	9.69778 3.72055,
	9.68102 3.72055,
	9.66446 3.71838,
	9.64845 3.71411,
	9.63335 3.70781,
	9.61951 3.69964,
	9.60722 3.68977,
	9.59678 3.67843,
	9.5884 3.66586,
	9.58228 3.65235,
	"/>
</Transform>

<Transform dim="1"
 xcoef=" 0.336350997792604 1 0 0 0 0"
 ycoef=" 0.724009774909504 0 1 0 0 0">
<Contour name="D035" hidden="false" closed="true" simplified="true" border="0 0 1" fill="0 0 1" mode="13"
 points="7.6495 2.89678,
	7.65 2.88485,
	7.6515 2.87309,
	7.65396 2.86167,
	7.65736 2.85076,
	7.66165 2.8405,
	7.66677 2.83105,
	7.67264 2.82253,
	7.67918 2.81508,
	7.6863 2.8088,
	7.69389 2.80378,
	7.70184 2.80008,
	7.71005 2.79777,
	7.71839 2.79688,
	7.72675 2.79742,
	7.735 2.79938,
	7.74303 2.80273,
	7.75072 2.80742,
	7.75797 2.8134,
	7.76466 2.82057,
	7.7707 2.82882,
	7.77602 2.83805,
	7.78052 2.84812,
	7.78415 2.85889,
	7.78685 2.8702,
	7.78859 2.88189,
	7.78934 2.89379,
	7.78909 2.90574,
	7.78785 2.91755,
	7.78562 2.92907,
	7.78245 2.94013,
	7.77837 2.95057,
	7.77346 2.96023,
	7.76777 2.96899,
	7.76139 2.97672,
	7.75441 2.9833,
	7.74692 2.98865,
	7.73905 2.99268,
	7.73089 2.99534,
	7.72258 2.99659,
	7.71421 2.99641,
	7.70592 2.9948,
	7.69783 2.9918,
	7.69004 2.98743,
	7.68267 2.98177,
	7.67583 2.97489,
	7.66962 2.9669,
	7.66411 2.9579,
	7.6594 2.94802,
	7.65555 2.93742,
	7.65261 2.92623,
	7.65063 2.91462,
	"/>
</Transform>

<Transform dim="1"
 xcoef=" 0.336350997792604 1 0 0 0 0"
 ycoef=" 0.724009774909504 0 1 0 0 0">
<Contour name="D039" hidden="false" closed="true" simplified="true" border="0 0 1" fill="0 0 1" mode="13"
 points="8.02532 0.776515,
	8.02628 0.757289,
	8.02914 0.738575,
	8.03382 0.720868,
	8.04019 0.704641,
	8.04809 0.690323,
	8.05731 0.678297,
	8.0676 0.66888,
	8.07868 0.662323,
	8.09027 0.658802,
	8.10206 0.658408,
	8.11373 0.661153,
	8.12497 0.666964,
	8.13548 0.675687,
	8.14499 0.687088,
	8.15324 0.700867,
	8.16001 0.716655,
	8.16513 0.734035,
	8.16845 0.752543,
	8.16989 0.771688,
	8.16941 0.790962,
	8.16702 0.809852,
	8.16279 0.827855,
	8.15682 0.844495,
	8.14929 0.859327,
	8.14038 0.871959,
	8.13033 0.882055,
	8.11942 0.889346,
	8.10793 0.893638,
	8.09616 0.894818,
	8.08443 0.892854,
	8.07306 0.887798,
	8.06233 0.879785,
	8.05255 0.869027,
	8.04396 0.855811,
	8.0368 0.840488,
	8.03126 0.823464,
	8.02748 0.805193,
	"/>
</Transform>

<Transform dim="1"
 xcoef=" 0.336350997792604 1 0 0 0 0"
 ycoef=" 0.724009774909504 0 1 0 0 0">
<Contour name="D049" hidden="false" closed="true" simplified="true" border="0 0 1" fill="0 0 1" mode="13"
 points="10.7028 0.583893,
	10.7036 0.569393,
	10.706 0.555164,
	10.7099 0.541469,
	10.7153 0.528565,
	10.7221 0.516692,
	10.7301 0.50607,
	10.7392 0.496898,
	10.7492 0.489347,
	10.76 0.483557,
	10.7712 0.479636,
	10.7829 0.477657,
	10.7946 0.477657,
	10.8062 0.479636,
	10.8175 0.483557,
	10.8283 0.489347,
	10.8383 0.496898,
	10.8474 0.50607,
	10.8554 0.516692,
	10.8622 0.528565,
	10.8676 0.541469,
	10.8715 0.555164,
	10.8739 0.569393,
	10.8747 0.583893,
	10.8739 0.598393,
	10.8715 0.612622,
	10.8676 0.626317,
	10.8622 0.639221,
	10.8554 0.651094,
	10.8474 0.661716,
	10.8383 0.670888,
	10.8283 0.678439,
	10.8175 0.684229,
	10.8062 0.68815,
	10.7946 0.690129,
	10.7829 0.690129,
	10.7712 0.68815,
	10.76 0.684229,
	10.7492 0.678439,
	10.7392 0.670888,
	10.7301 0.661716,
	10.7221 0.651094,
	10.7153 0.639221,
	10.7099 0.626317,
	10.706 0.612622,
	10.7036 0.598393,
	"/>
</Transform>

<Transform dim="1"
 xcoef=" 0.336350997792604 1 0 0 0 0"
 ycoef=" 0.724009774909504 0 1 0 0 0">
<Contour name="D055" hidden="false" closed="true" simplified="true" border="0 0 1" fill="0 0 1" mode="13"
 points="1.01548 3.10101,
	1.01651 3.08046,
	1.0196 3.06032,
	1.02467 3.04101,
	1.03162 3.02292,
	1.04031 3.00642,
	1.05057 2.99184,
	1.06219 2.97949,
	1.07492 2.96962,
	1.08852 2.96241,
	1.1027 2.95803,
	1.11717 2.95656,
	1.13164 2.95803,
	1.14582 2.96241,
	1.15941 2.96962,
	1.17215 2.97949,
	1.18376 2.99184,
	1.19402 3.00642,
	1.20272 3.02292,
	1.20967 3.04101,
	1.21474 3.06032,
	1.21783 3.08046,
	1.21886 3.10101,
	1.21783 3.12157,
	1.21474 3.14171,
	1.20967 3.16102,
	1.20272 3.17911,
	1.19402 3.19561,
	1.18376 3.21018,
	1.17215 3.22253,
	1.15941 3.23241,
	1.14582 3.23961,
	1.13164 3.24399,
	1.11717 3.24546,
	1.1027 3.24399,
	1.08852 3.23961,
	1.07492 3.23241,
	1.06219 3.22253,
	1.05057 3.21018,
	1.04031 3.19561,
	1.03162 3.17911,
	1.02467 3.16102,
	1.0196 3.14171,
	1.01651 3.12157,
	"/>
</Transform>

<Transform dim="1"
 xcoef=" 0.336350997792604 1 0 0 0 0"
 ycoef=" 0.724009774909504 0 1 0 0 0">
<Contour name="D049_ax03" hidden="false" closed="true" simplified="false" border="0 1 1" fill="0 1 1" mode="11"
 points="10.8649 1.22588,
	10.8791 1.21168,
	10.8223 1.15489,
	10.8365 1.1407,
	10.8933 1.19749,
	10.9075 1.18329,
	10.9075 1.22588,
	"/>
</Transform>

<Transform dim="1"
 xcoef=" 0.336350997792604 1 0 0 0 0"
 ycoef=" 0.724009774909504 0 1 0 0 0">
<Contour name="D057" hidden="false" closed="true" simplified="true" border="0 0 1" fill="0 0 1" mode="11"
 points="6.32185 9.39773,
	6.32251 9.38504,
	6.3245 9.37249,
	6.32779 9.36023,
	6.33234 9.34839,
	6.3381 9.33712,
	6.34501 9.32652,
	6.35299 9.31674,
	6.36194 9.30787,
	6.37177 9.30003,
	6.38237 9.29328,
	6.39361 9.28773,
	6.40536 9.28341,
	6.4175 9.2804,
	6.42989 9.27871,
	6.44239 9.27837,
	6.45484 9.27939,
	6.46712 9.28174,
	6.47909 9.28541,
	6.4906 9.29035,
	6.50154 9.29651,
	6.51176 9.30382,
	6.52117 9.31219,
	6.52965 9.32152,
	6.5371 9.33173,
	6.54344 9.34268,
	6.54861 9.35425,
	6.55253 9.36632,
	6.55518 9.37874,
	6.5565 9.39138,
	6.5565 9.40409,
	6.55518 9.41672,
	6.55253 9.42915,
	6.54861 9.44121,
	6.54344 9.45279,
	6.5371 9.46374,
	6.52965 9.47394,
	6.52117 9.48328,
	6.51176 9.49165,
	6.50154 9.49895,
	6.4906 9.50511,
	6.47909 9.51005,
	6.46712 9.51372,
	6.45484 9.51608,
	6.44239 9.51709,
	6.42989 9.51675,
	6.4175 9.51507,
	6.40536 9.51205,
	6.39361 9.50774,
	6.38237 9.50218,
	6.37177 9.49544,
	6.36194 9.48759,
	6.35299 9.47872,
	6.34501 9.46894,
	6.3381 9.45835,
	6.33234 9.44707,
	6.32779 9.43523,
	6.3245 9.42297,
	6.32251 9.41042,
	"/>
</Transform>

<Transform dim="1"
 xcoef=" 0.336350997792604 1 0 0 0 0"
 ycoef=" 0.724009774909504 0 1 0 0 0">
<Contour name="D058" hidden="false" closed="true" simplified="true" border="0 0 1" fill="0 0 1" mode="11"
 points="5.18579 10.8762,
	5.18784 10.8557,
	5.19391 10.8361,
	5.20374 10.8182,
	5.21691 10.8027,
	5.23286 10.7903,
	5.25093 10.7816,
	5.27035 10.7769,
	5.29029 10.7763,
	5.30992 10.78,
	5.3284 10.7878,
	5.34495 10.7993,
	5.35887 10.814,
	5.36958 10.8314,
	5.37662 10.8507,
	5.37969 10.8711,
	5.37866 10.8916,
	5.37358 10.9116,
	5.36466 10.93,
	5.35228 10.9461,
	5.33696 10.9593,
	5.31935 10.969,
	5.3002 10.9748,
	5.28031 10.9764,
	5.26052 10.9737,
	5.24168 10.967,
	5.22458 10.9564,
	5.20993 10.9424,
	5.19838 10.9256,
	5.19039 10.9067,
	"/>
</Transform>

<Transform dim="1"
 xcoef=" 0.336350997792604 1 0 0 0 0"
 ycoef=" 0.724009774909504 0 1 0 0 0">
<Contour name="D057 ax01" hidden="false" closed="true" simplified="false" border="0 1 1" fill="0 1 1" mode="-9"
 points="4.11696 7.67078,
	4.13282 7.65493,
	4.06939 7.5915,
	4.08525 7.57565,
	4.14867 7.63907,
	4.16453 7.62321,
	4.16453 7.67078,
	"/>
</Transform>

<Transform dim="1"
 xcoef=" 0.336350997792604 1 0 0 0 0"
 ycoef=" 0.724009774909504 0 1 0 0 0">
<Contour name="d046_p32" hidden="false" closed="true" simplified="true" border="1 1 0" fill="1 1 0" mode="11"
 points="14.1275 3.3802,
	14.1329 3.36787,
	14.1344 3.3671,
	14.1344 3.36556,
	14.1398 3.35939,
	14.1414 3.35785,
	14.1414 3.35631,
	14.146 3.35091,
	14.1498 3.33858,
	14.1514 3.32624,
	14.1521 3.32316,
	14.1521 3.32162,
	14.1537 3.32008,
	14.1545 3.31699,
	14.1568 3.31391,
	14.1575 3.31083,
	14.1622 3.30543,
	14.1676 3.30158,
	14.1737 3.29926,
	14.1768 3.29772,
	14.2015 3.29618,
	14.2076 3.29618,
	14.2107 3.29772,
	14.2231 3.29695,
	14.2292 3.29541,
	14.2408 3.28924,
	14.2647 3.2746,
	14.2678 3.27382,
	14.2739 3.26997,
	14.277 3.26843,
	14.2786 3.26843,
	14.2801 3.26689,
	14.2924 3.2638,
	14.2955 3.26226,
	14.2986 3.26226,
	14.3233 3.25532,
	14.3356 3.2507,
	14.3479 3.24762,
	14.3541 3.24762,
	14.3664 3.25147,
	14.3726 3.25455,
	14.3741 3.25764,
	14.3741 3.25918,
	14.3757 3.26072,
	14.3772 3.27305,
	14.3772 3.28539,
	14.3734 3.29772,
	14.3718 3.3008,
	14.3718 3.30389,
	14.3695 3.31005,
	14.368 3.33472,
	14.368 3.34089,
	14.3641 3.35322,
	14.3618 3.35939,
	14.3603 3.36247,
	14.3587 3.36401,
	14.3587 3.36556,
	14.3541 3.37172,
	14.3526 3.37481,
	14.3472 3.3802,
	14.3348 3.38791,
	14.3287 3.39254,
	14.3109 3.41643,
	14.3048 3.42106,
	14.2948 3.42954,
	14.2886 3.43262,
	14.2855 3.43416,
	14.2824 3.43416,
	14.2793 3.4357,
	14.2762 3.4357,
	14.2732 3.43725,
	14.2485 3.43802,
	14.2362 3.4357,
	14.2331 3.4357,
	14.2269 3.43339,
	14.2207 3.43262,
	14.2177 3.43108,
	14.2053 3.43031,
	14.1992 3.428,
	14.193 3.42722,
	14.1683 3.41952,
	14.1437 3.41335,
	14.1375 3.41181,
	14.1313 3.40718,
	14.1298 3.4041,
	14.1298 3.40256,
	14.1282 3.40102,
	14.1275 3.38868,
	14.1275 3.38252,
	14.1275 3.38097,
	"/>
</Transform>

<Transform dim="1"
 xcoef=" 0.296350997792604 1 0 0 0 0"
 ycoef=" 0.724009774909504 0 1 0 0 0">
<Contour name="d046_o33" hidden="false" closed="true" simplified="false" border="1 0 0" fill="1 0 0" mode="-13"
 points="12.7305 3.51482,
	12.7546 3.51482,
	12.7426 3.53689,
	"/>
</Transform>

<Transform dim="1"
 xcoef=" 0.336350997792604 1 0 0 0 0"
 ycoef=" 0.724009774909504 0 1 0 0 0">
<Contour name="d046" hidden="false" closed="true" simplified="true" border="1 1 0" fill="1 1 0" mode="11"
 points="12.7437 3.42748,
	12.7668 3.41227,
	12.7784 3.40431,
	12.7842 3.3996,
	12.7958 3.38874,
	12.806 3.37715,
	12.811 3.37136,
	12.8168 3.36629,
	12.8226 3.36267,
	12.8255 3.36122,
	12.8313 3.35651,
	12.8429 3.34528,
	12.8458 3.34239,
	12.8545 3.3308,
	12.8556 3.32935,
	12.8635 3.30618,
	12.8679 3.29459,
	12.8708 3.2888,
	12.8744 3.283,
	12.8787 3.27721,
	12.882 3.27142,
	12.8878 3.26562,
	12.8907 3.26273,
	12.8936 3.26091,
	12.895 3.26019,
	12.9066 3.2486,
	12.9124 3.24281,
	12.9153 3.23991,
	12.9247 3.22833,
	12.9291 3.22253,
	12.9519 3.20117,
	12.9577 3.1961,
	12.9606 3.19356,
	12.9722 3.18596,
	12.9751 3.18415,
	12.9866 3.17365,
	12.9924 3.16822,
	12.9953 3.16532,
	12.9982 3.16351,
	13.0214 3.14323,
	13.0272 3.13852,
	13.0388 3.13237,
	13.0417 3.1302,
	13.0533 3.12621,
	13.0649 3.1215,
	13.0678 3.12006,
	13.0909 3.11535,
	13.1141 3.11137,
	13.1257 3.10919,
	13.1489 3.10231,
	13.172 3.09471,
	13.1836 3.09145,
	13.1894 3.08964,
	13.1923 3.08819,
	13.1938 3.08747,
	13.2169 3.08566,
	13.2198 3.08493,
	13.243 3.08566,
	13.2546 3.08602,
	13.2778 3.08819,
	13.2894 3.0958,
	13.2952 3.09905,
	13.2981 3.1005,
	13.3009 3.10304,
	13.3024 3.10376,
	13.3031 3.10376,
	13.3248 3.12694,
	13.3306 3.13273,
	13.3364 3.13744,
	13.339 3.14033,
	13.3448 3.14359,
	13.3506 3.14613,
	13.3535 3.14758,
	13.3592 3.14866,
	13.3824 3.14975,
	13.394 3.15192,
	13.3998 3.15337,
	13.4027 3.15373,
	13.4143 3.15844,
	13.4259 3.1617,
	13.4288 3.16278,
	13.4317 3.16568,
	13.4357 3.17147,
	13.4411 3.18306,
	13.4538 3.20624,
	13.4606 3.21782,
	13.4639 3.22362,
	13.4737 3.23521,
	13.4766 3.2381,
	13.4882 3.24679,
	13.494 3.25114,
	13.5055 3.25766,
	13.5171 3.26345,
	13.5229 3.26598,
	13.5345 3.26997,
	13.5577 3.28047,
	13.5606 3.28228,
	13.5718 3.29242,
	13.5751 3.30401,
	13.5754 3.3069,
	13.5754 3.30835,
	13.587 3.31849,
	13.5899 3.32066,
	13.6131 3.33334,
	13.6189 3.33732,
	13.6287 3.34854,
	13.6308 3.35144,
	13.6334 3.35723,
	13.6344 3.36013,
	13.6352 3.36592,
	13.6344 3.37751,
	13.6344 3.37896,
	13.629 3.38403,
	13.6261 3.38656,
	13.6145 3.39344,
	13.6116 3.39562,
	13.591 3.41879,
	13.5866 3.42459,
	13.5812 3.43038,
	13.5801 3.43183,
	13.5776 3.43762,
	13.57 3.44921,
	13.5664 3.455,
	13.5559 3.46659,
	13.5508 3.47238,
	13.5276 3.48071,
	13.5218 3.48288,
	13.5189 3.48361,
	13.4958 3.49375,
	13.49 3.49701,
	13.4784 3.50787,
	13.4726 3.5133,
	13.4675 3.51909,
	13.4635 3.52489,
	13.4538 3.53648,
	13.4487 3.54227,
	13.4462 3.5448,
	13.4346 3.55241,
	13.423 3.55929,
	13.4201 3.56074,
	13.4143 3.56544,
	13.3915 3.58826,
	13.3817 3.59984,
	13.3712 3.61143,
	13.3665 3.61723,
	13.3437 3.64004,
	13.3379 3.64583,
	13.3353 3.64873,
	13.3339 3.65018,
	13.3107 3.66213,
	13.3049 3.66502,
	13.2818 3.67226,
	13.2702 3.67552,
	13.1775 3.68313,
	13.1311 3.68566,
	13.0848 3.68675,
	13.0384 3.68711,
	13.0326 3.68711,
	13.0268 3.68566,
	13.0239 3.68494,
	13.021 3.68349,
	13.0095 3.68204,
	12.9979 3.68132,
	12.9747 3.68132,
	12.9631 3.68132,
	12.9573 3.68132,
	12.9515 3.68023,
	12.9457 3.67842,
	12.9399 3.67733,
	12.9168 3.66973,
	12.9052 3.66864,
	12.8994 3.66792,
	12.8878 3.66828,
	12.8646 3.6672,
	12.8414 3.66502,
	12.8299 3.66394,
	12.8241 3.66321,
	12.8009 3.65488,
	12.7951 3.65235,
	12.7835 3.64547,
	12.7719 3.63787,
	12.7661 3.63388,
	12.7603 3.63062,
	12.7545 3.62628,
	12.7516 3.62411,
	12.7509 3.62338,
	12.748 3.62302,
	12.7466 3.62266,
	12.7458 3.62266,
	12.7451 3.62193,
	12.7462 3.62048,
	12.7462 3.61976,
	12.7498 3.61397,
	12.7502 3.61252,
	12.7513 3.61107,
	12.7524 3.60817,
	12.7524 3.60745,
	12.7531 3.60672,
	12.756 3.59514,
	12.7571 3.58934,
	12.7589 3.56617,
	12.7589 3.56327,
	12.7596 3.56037,
	12.76 3.5372,
	12.76 3.52561,
	12.7592 3.51403,
	12.7589 3.50823,
	12.7582 3.50533,
	12.7571 3.49375,
	12.7531 3.47057,
	12.7513 3.45899,
	12.7484 3.4474,
	12.7477 3.4445,
	12.7477 3.44378,
	12.7469 3.44342,
	12.7458 3.43762,
	12.7455 3.43617,
	12.7455 3.43545,
	12.7448 3.43472,
	12.7433 3.42893,
	12.7433 3.42857,
	"/>
</Transform>

<Transform dim="1"
 xcoef=" 0.336350997792604 1 0 0 0 0"
 ycoef=" 0.724009774909504 0 1 0 0 0">
<Contour name="d046_p34" hidden="false" closed="true" simplified="true" border="1 1 0" fill="1 1 0" mode="11"
 points="12.8345 2.83239,
	12.8357 2.83001,
	12.8357 2.82881,
	12.8423 2.81988,
	12.8464 2.81571,
	12.8554 2.81154,
	12.8744 2.81034,
	12.8935 2.81034,
	12.903 2.81094,
	12.9054 2.81213,
	12.915 2.81332,
	12.9173 2.81332,
	12.9197 2.81451,
	12.9293 2.81511,
	12.934 2.81511,
	12.9388 2.8163,
	12.9578 2.8163,
	12.9674 2.81511,
	12.9769 2.81273,
	12.9793 2.81273,
	12.9817 2.81154,
	13.0007 2.80737,
	13.0055 2.80558,
	13.0103 2.80498,
	13.015 2.80319,
	13.0174 2.8026,
	13.0186 2.8026,
	13.0198 2.80141,
	13.0222 2.80141,
	13.0246 2.80022,
	13.027 2.80022,
	13.0317 2.79843,
	13.0341 2.79783,
	13.0353 2.79783,
	13.0365 2.79664,
	13.0389 2.79664,
	13.0484 2.79366,
	13.0496 2.79366,
	13.0508 2.79247,
	13.0556 2.79187,
	13.0746 2.78473,
	13.077 2.78413,
	13.0865 2.77817,
	13.0877 2.77817,
	13.1259 2.75315,
	13.1306 2.74957,
	13.1402 2.74421,
	13.1425 2.74362,
	13.1449 2.74183,
	13.1473 2.74123,
	13.1497 2.73945,
	13.1592 2.73587,
	13.1688 2.73408,
	13.1878 2.73349,
	13.1926 2.73349,
	13.1974 2.73527,
	13.2063 2.74123,
	13.2087 2.74183,
	13.2093 2.74302,
	13.2117 2.74362,
	13.2134 2.7454,
	13.2158 2.746,
	13.2242 2.75315,
	13.2331 2.76149,
	13.2403 2.77043,
	13.2444 2.77877,
	13.2468 2.78353,
	13.248 2.78473,
	13.251 2.79426,
	13.251 2.79545,
	13.2522 2.79664,
	13.2557 2.81571,
	13.2575 2.83477,
	13.2575 2.85384,
	13.2557 2.86337,
	13.2498 2.88243,
	13.2426 2.9015,
	13.2385 2.91103,
	13.2331 2.92057,
	13.2319 2.92295,
	13.2319 2.92414,
	13.226 2.93367,
	13.2176 2.94201,
	13.2081 2.95095,
	13.1956 2.96823,
	13.1926 2.97299,
	13.1884 2.97776,
	13.1884 2.97895,
	13.186 2.98134,
	13.1795 2.99087,
	13.1717 2.99981,
	13.1628 3.00755,
	13.1622 3.00874,
	13.1574 3.00993,
	13.1551 3.01113,
	13.136 3.01172,
	13.1336 3.01053,
	13.1241 3.00934,
	13.105 3.00338,
	13.1002 3.00219,
	13.0907 3.00219,
	13.0859 3.00278,
	13.0836 3.00278,
	13.074 3.00636,
	13.0716 3.00755,
	13.0705 3.00755,
	13.0693 3.00874,
	13.0645 3.00934,
	13.0597 3.01113,
	13.0407 3.01291,
	13.0311 3.01232,
	13.0216 3.01053,
	13.0168 3.00993,
	13.0144 3.00993,
	13.0049 3.00696,
	13.0002 3.00517,
	12.9978 3.00517,
	12.9787 2.99802,
	12.9692 2.99325,
	12.9668 2.99087,
	12.9644 2.99087,
	12.9549 2.98789,
	12.9501 2.9867,
	12.9477 2.9861,
	12.9465 2.9861,
	12.9453 2.98491,
	12.9072 2.97955,
	12.8977 2.97836,
	12.8929 2.97776,
	12.8881 2.97597,
	12.8858 2.97597,
	12.8846 2.97478,
	12.8798 2.97299,
	12.875 2.97002,
	12.8661 2.96227,
	12.8512 2.9438,
	12.8488 2.93903,
	12.8482 2.93665,
	12.847 2.93546,
	12.8405 2.91639,
	12.8375 2.89733,
	12.8369 2.8592,
	12.8357 2.85682,
	12.8345 2.84728,
	12.8345 2.83775,
	12.8345 2.83298,
	"/>
</Transform>

<Transform dim="1"
 xcoef=" 0.336350997792604 1 0 0 0 0"
 ycoef=" 0.724009774909504 0 1 0 0 0">
<Contour name="d046_p35" hidden="false" closed="true" simplified="true" border="1 1 0" fill="1 1 0" mode="11"
 points="12.4884 3.86821,
	12.4914 3.86135,
	12.4952 3.85534,
	12.5008 3.84976,
	12.5038 3.84676,
	12.5068 3.84462,
	12.5077 3.84376,
	12.5085 3.84376,
	12.5111 3.84161,
	12.5145 3.83947,
	12.5162 3.83904,
	12.5197 3.83689,
	12.5214 3.83604,
	12.5248 3.83303,
	12.5377 3.82402,
	12.5433 3.81759,
	12.5458 3.81502,
	12.5544 3.80172,
	12.557 3.79828,
	12.5587 3.79485,
	12.5703 3.78241,
	12.5737 3.77941,
	12.5767 3.77726,
	12.5784 3.77598,
	12.5793 3.77598,
	12.5857 3.77212,
	12.5892 3.7704,
	12.59 3.7704,
	12.5969 3.76654,
	12.5986 3.76525,
	12.6003 3.76482,
	12.6016 3.76354,
	12.6085 3.76182,
	12.6153 3.76096,
	12.6291 3.76096,
	12.6359 3.76182,
	12.6394 3.76225,
	12.6428 3.76354,
	12.6436 3.76354,
	12.6445 3.76439,
	12.6479 3.76525,
	12.6488 3.76611,
	12.6522 3.76697,
	12.6531 3.76783,
	12.6539 3.76783,
	12.6557 3.76911,
	12.6574 3.76954,
	12.6642 3.77383,
	12.6677 3.77598,
	12.6685 3.77598,
	12.6715 3.77855,
	12.6732 3.77984,
	12.6741 3.78112,
	12.6805 3.78756,
	12.6853 3.79314,
	12.6883 3.79657,
	12.693 3.803,
	12.7003 3.81673,
	12.7003 3.81759,
	12.7011 3.81845,
	12.7033 3.82531,
	12.7033 3.82703,
	12.7058 3.83389,
	12.7071 3.83732,
	12.7101 3.85105,
	12.7123 3.86478,
	12.7127 3.89223,
	12.7127 3.90596,
	12.711 3.91969,
	12.7097 3.92655,
	12.7093 3.92998,
	12.7084 3.9317,
	12.7071 3.93856,
	12.7063 3.942,
	12.7054 3.94371,
	12.705 3.94714,
	12.696 3.9746,
	12.693 3.98146,
	12.6926 3.98318,
	12.6917 3.98404,
	12.6917 3.9849,
	12.6904 3.98661,
	12.69 3.98833,
	12.6887 3.99004,
	12.6883 3.99176,
	12.6874 3.99262,
	12.6874 3.99348,
	12.6827 3.99991,
	12.6788 4.00592,
	12.6737 4.01235,
	12.6715 4.01535,
	12.6715 4.01621,
	12.669 4.01879,
	12.6599 4.03208,
	12.6544 4.03766,
	12.6518 4.04066,
	12.6458 4.04538,
	12.6424 4.04839,
	12.6355 4.05225,
	12.6286 4.05525,
	12.6252 4.05654,
	12.6243 4.05654,
	12.6235 4.05739,
	12.6098 4.0604,
	12.6029 4.06254,
	12.5892 4.06426,
	12.5754 4.06426,
	12.5617 4.06211,
	12.548 4.05825,
	12.5411 4.05439,
	12.5343 4.04796,
	12.5334 4.04667,
	12.5304 4.04367,
	12.5291 4.04195,
	12.5287 4.04024,
	12.5244 4.03337,
	12.5231 4.02994,
	12.5222 4.02822,
	12.5222 4.02651,
	12.5201 4.01964,
	12.5192 4.01278,
	12.5192 4.00935,
	12.5175 4.00248,
	12.5175 4.00163,
	12.5162 3.99991,
	12.5149 3.99648,
	12.5145 3.99476,
	12.5137 3.9939,
	12.5085 3.98018,
	12.5072 3.97674,
	12.5064 3.97503,
	12.5047 3.9613,
	12.5042 3.95444,
	12.5034 3.95101,
	12.5025 3.92355,
	12.5012 3.91669,
	12.5012 3.91497,
	12.4956 3.90124,
	12.4952 3.89953,
	12.4944 3.89867,
	12.4935 3.89524,
	12.4926 3.89438,
	12.4905 3.88751,
	12.4884 3.87379,
	12.4884 3.87035,
	12.4884 3.86864,
	"/>
</Transform>

<Transform dim="1"
 xcoef=" 10.4763509977926 1 0 0 0 0"
 ycoef=" 14.3340097749095 0 1 0 0 0">
<Image mag="0.00201646" contrast="1.79586" brightness="-0.865" red="true" green="true" blue="true"
 src="154.tif_1.bmp" />
<Contour name="domain1" hidden="false" closed="true" simplified="false" border="1 0 1" fill="1 0 1" mode="11"
 points="0 0,
	16383 0,
	16383 16383,
	0 16383,
	"/>
</Transform>

<Transform dim="0"
 xcoef=" 0 1 0 0 0 0"
 ycoef=" 0 0 1 0 0 0">
<Contour name="d046_p33" hidden="false" closed="true" simplified="true" border="1 1 0" fill="1 1 0" mode="11"
 points="11.5658 3.26472,
	11.5766 3.24009,
	11.5843 3.22778,
	11.5858 3.22162,
	11.5889 3.21855,
	11.592 3.20623,
	11.5966 3.20007,
	11.5966 3.19392,
	11.6135 3.14466,
	11.6182 3.13235,
	11.6212 3.12619,
	11.6212 3.12311,
	11.6243 3.12003,
	11.6305 3.09541,
	11.6336 3.09233,
	11.6351 3.08001,
	11.652 3.03076,
	11.6566 3.01844,
	11.6582 3.01229,
	11.6613 3.00921,
	11.669 2.98458,
	11.6705 2.97842,
	11.6874 2.95534,
	11.6997 2.94764,
	11.7244 2.94148,
	11.749 2.93994,
	11.7613 2.94148,
	11.7859 2.95226,
	11.7921 2.9538,
	11.8152 2.96765,
	11.826 2.97842,
	11.8306 2.98458,
	11.8306 2.98766,
	11.8383 2.99997,
	11.8383 3.00305,
	11.846 3.01537,
	11.8521 3.02152,
	11.8814 3.06924,
	11.8906 3.07847,
	11.8983 3.09079,
	11.9029 3.09387,
	11.9091 3.10002,
	11.9152 3.1031,
	11.9168 3.10618,
	11.9199 3.10618,
	11.9306 3.11542,
	11.9368 3.11849,
	11.9399 3.11849,
	11.963 3.13543,
	11.986 3.14774,
	12.0091 3.16467,
	12.0184 3.17237,
	12.0307 3.18468,
	12.0384 3.19392,
	12.0415 3.197,
	12.0415 3.20007,
	12.0507 3.21085,
	12.0538 3.21701,
	12.0568 3.22008,
	12.0661 3.24471,
	12.0661 3.25703,
	12.0599 3.26934,
	12.0492 3.28011,
	12.043 3.28473,
	12.0307 3.28781,
	12.0245 3.29089,
	12.0122 3.29243,
	12.0061 3.29551,
	11.9937 3.29551,
	11.9691 3.30474,
	11.9568 3.30936,
	11.9506 3.31244,
	11.9476 3.31244,
	11.9229 3.32783,
	11.9029 3.34476,
	11.866 3.38632,
	11.8567 3.39556,
	11.8552 3.39864,
	11.8521 3.39864,
	11.8521 3.40171,
	11.829 3.41711,
	11.8167 3.4248,
	11.8106 3.42788,
	11.8075 3.42788,
	11.8044 3.43096,
	11.7798 3.4402,
	11.7305 3.44481,
	11.7182 3.44481,
	11.7121 3.44481,
	11.6628 3.41557,
	11.6566 3.41095,
	11.6536 3.40787,
	11.6505 3.40787,
	11.6474 3.40479,
	11.6443 3.40479,
	11.6212 3.39094,
	11.6166 3.38786,
	11.6135 3.38786,
	11.5905 3.36631,
	11.5766 3.34322,
	11.5735 3.33707,
	11.5735 3.33091,
	11.5689 3.3186,
	11.5689 3.30628,
	11.5658 3.29397,
	11.5658 3.26934,
	11.5658 3.26626,
	"/>
</Transform>

<Transform dim="0"
 xcoef=" 0 1 0 0 0 0"
 ycoef=" 0 0 1 0 0 0">
<Contour name="d046_checked" hidden="false" closed="true" simplified="false" border="0 1 0" fill="0 1 0" mode="-13"
 points="12.4344 2.8091,
	12.441 2.79988,
	12.4344 2.79066,
	12.4384 2.79066,
	12.4436 2.79856,
	12.4489 2.79066,
	12.4529 2.79066,
	12.4463 2.79988,
	12.4529 2.8091,
	12.4489 2.8091,
	12.4436 2.8012,
	12.4384 2.8091,
	"/>
</Transform>

<Transform dim="1"
 xcoef=" -0.05 1 0 0 0 0"
 ycoef=" 0 0 1 0 0 0">
<Contour name="d046_p33" hidden="false" closed="true" simplified="true" border="1 1 0" fill="1 1 0" mode="11"
 points="11.9625 2.87035,
	11.9659 2.86353,
	11.971 2.85756,
	11.9838 2.84819,
	11.9906 2.84307,
	11.9975 2.83966,
	12.0043 2.83796,
	12.0588 2.81579,
	12.0725 2.80471,
	12.0844 2.79192,
	12.0981 2.77828,
	12.1049 2.77402,
	12.1117 2.77146,
	12.1151 2.77146,
	12.1168 2.76976,
	12.1304 2.76976,
	12.1441 2.77146,
	12.1577 2.76976,
	12.1714 2.76635,
	12.1782 2.76379,
	12.185 2.75953,
	12.2396 2.74333,
	12.2941 2.7348,
	12.3078 2.73225,
	12.3214 2.72713,
	12.335 2.71946,
	12.3487 2.71008,
	12.3555 2.70411,
	12.3572 2.70326,
	12.3623 2.7169,
	12.3717 2.77146,
	12.3743 2.7851,
	12.3751 2.81238,
	12.3734 2.83966,
	12.3726 2.8533,
	12.3726 2.86012,
	12.3666 2.8874,
	12.3632 2.89422,
	12.3615 2.89763,
	12.3606 2.89933,
	12.347 2.89678,
	12.2924 2.89592,
	12.2788 2.89678,
	12.2651 2.89933,
	12.2379 2.90019,
	12.2106 2.89848,
	12.1969 2.89507,
	12.1697 2.89337,
	12.156 2.89252,
	12.1287 2.89422,
	12.1219 2.89422,
	12.1185 2.89422,
	12.1168 2.89422,
	12.1151 2.89592,
	12.0605 2.89763,
	12.0333 2.90019,
	12.0196 2.90274,
	11.9923 2.90274,
	11.9855 2.90189,
	11.9719 2.89592,
	11.9659 2.89166,
	11.9634 2.88484,
	11.9625 2.8712,
	"/>
</Transform>

<Transform dim="0"
 xcoef=" 0 1 0 0 0 0"
 ycoef=" 0 0 1 0 0 0">
<Contour name="d046_cfa34" hidden="false" closed="false" simplified="false" border="0 1 0" fill="0 1 0" mode="11"
 points="12.7573 2.0737,
	12.5446 2.11696,
	"/>
</Transform>

<Transform dim="0"
 xcoef=" 0 1 0 0 0 0"
 ycoef=" 0 0 1 0 0 0">
<Contour name="d046_c34" hidden="false" closed="true" simplified="true" border="1 0 0" fill="1 0 0" mode="11"
 points="12.5243 2.03979,
	12.5322 2.02826,
	12.5358 2.02249,
	12.538 2.0196,
	12.6303 1.99581,
	12.6418 1.99581,
	12.6447 1.99509,
	12.6505 1.99004,
	12.6735 1.98427,
	12.6793 1.98283,
	12.7024 1.98211,
	12.7139 1.98139,
	12.7168 1.98139,
	12.7283 1.98788,
	12.7312 1.98932,
	12.7399 2.00086,
	12.7435 2.00662,
	12.7521 2.05277,
	12.7536 2.05854,
	12.7543 2.06142,
	12.7557 2.06287,
	12.7579 2.0744,
	12.7593 2.07729,
	12.7442 2.10036,
	12.7363 2.1119,
	12.7341 2.11478,
	12.7334 2.11406,
	12.7291 2.11983,
	12.6829 2.14146,
	12.6714 2.1465,
	12.6598 2.15011,
	12.6541 2.15155,
	12.5618 2.14578,
	12.5589 2.14506,
	12.5466 2.12199,
	12.5358 2.09892,
	12.5286 2.07584,
	12.5264 2.07008,
	12.525 2.047,
	12.5243 2.04123,
	12.5243 2.04051,
	"/>
</Transform>

<Transform dim="0"
 xcoef=" 0 1 0 0 0 0"
 ycoef=" 0 0 1 0 0 0">
<Contour name="d046_p31" hidden="false" closed="true" simplified="true" border="1 1 0" fill="1 1 0" mode="11"
 points="12.9726 1.67326,
	12.9734 1.66059,
	12.9766 1.64791,
	12.9782 1.64158,
	12.9833 1.6289,
	12.9857 1.62257,
	12.9869 1.6194,
	12.9908 1.61306,
	12.9999 1.60039,
	13.0019 1.59722,
	13.0273 1.57227,
	13.0288 1.57069,
	13.0304 1.56989,
	13.0558 1.56593,
	13.0811 1.5596,
	13.0843 1.55801,
	13.0906 1.55366,
	13.097 1.55009,
	13.1033 1.54732,
	13.116 1.5394,
	13.1176 1.5394,
	13.1207 1.53663,
	13.1223 1.53583,
	13.1239 1.53583,
	13.1255 1.53385,
	13.1382 1.53465,
	13.1445 1.53504,
	13.1477 1.53504,
	13.1603 1.54059,
	13.1667 1.54336,
	13.1698 1.54494,
	13.1726 1.54811,
	13.1742 1.5493,
	13.1758 1.5493,
	13.1821 1.55326,
	13.194 1.56554,
	13.1995 1.57187,
	13.2003 1.57267,
	13.2003 1.57425,
	13.2071 1.58692,
	13.211 1.59326,
	13.2126 1.59445,
	13.2166 1.60712,
	13.2174 1.61029,
	13.2189 1.61346,
	13.2213 1.61663,
	13.2213 1.61821,
	13.2229 1.62138,
	13.2253 1.62455,
	13.2269 1.62771,
	13.2277 1.63088,
	13.2285 1.63247,
	13.23 1.63405,
	13.2324 1.64039,
	13.2328 1.64197,
	13.2356 1.64514,
	13.2399 1.65781,
	13.2423 1.66098,
	13.2455 1.67366,
	13.2467 1.67999,
	13.2463 1.70534,
	13.2431 1.71801,
	13.2431 1.7196,
	13.2419 1.72118,
	13.2411 1.72197,
	13.2411 1.72514,
	13.2411 1.72672,
	13.2352 1.7394,
	13.2336 1.74257,
	13.232 1.7489,
	13.2296 1.75207,
	13.2288 1.75286,
	13.2285 1.75603,
	13.2241 1.76237,
	13.2233 1.76554,
	13.2142 1.77821,
	13.2118 1.78138,
	13.2083 1.78771,
	13.2063 1.79088,
	13.1936 1.80158,
	13.1873 1.80712,
	13.1841 1.80989,
	13.1825 1.81148,
	13.1698 1.81821,
	13.1572 1.82573,
	13.1544 1.82851,
	13.1528 1.83009,
	13.1465 1.83167,
	13.1433 1.83247,
	13.1401 1.83405,
	13.1275 1.83445,
	13.1211 1.83445,
	13.1148 1.83365,
	13.1085 1.83088,
	13.1053 1.83088,
	13.1021 1.82969,
	13.0894 1.82296,
	13.0879 1.82177,
	13.0871 1.82019,
	13.0855 1.82019,
	13.0847 1.82019,
	13.0787 1.81385,
	13.0756 1.81306,
	13.0629 1.80158,
	13.0613 1.79841,
	13.0593 1.79207,
	13.0586 1.78573,
	13.0582 1.78257,
	13.0582 1.78098,
	13.0522 1.77663,
	13.0395 1.76989,
	13.0364 1.76831,
	13.011 1.76078,
	13.0079 1.75999,
	13.0015 1.75564,
	12.9984 1.75365,
	12.9928 1.74771,
	12.9881 1.74138,
	12.9861 1.73821,
	12.9809 1.72554,
	12.9786 1.7192,
	12.9754 1.69385,
	12.973 1.68118,
	12.9726 1.67484,
	12.9726 1.67366,
	"/>
</Transform>

<Transform dim="0"
 xcoef=" 0 1 0 0 0 0"
 ycoef=" 0 0 1 0 0 0">
<Contour name="d046_c31b" hidden="false" closed="true" simplified="true" border="1 0 0" fill="1 0 0" mode="11"
 points="12.9504 1.69354,
	12.9558 1.65869,
	12.958 1.64126,
	12.9602 1.63255,
	12.9613 1.62819,
	12.9874 1.59334,
	12.995 1.58463,
	13.0125 1.57374,
	13.0212 1.56829,
	13.0299 1.56611,
	13.0647 1.56285,
	13.0822 1.57156,
	13.0909 1.57592,
	13.1083 1.5879,
	13.117 1.59334,
	13.1279 1.61077,
	13.1355 1.62819,
	13.1192 1.7676,
	13.1181 1.76977,
	13.0833 1.77631,
	13.0658 1.77958,
	13.0571 1.78175,
	13.0223 1.77958,
	13.0048 1.77958,
	12.9961 1.77849,
	12.9918 1.77849,
	12.9624 1.74364,
	12.9558 1.73492,
	12.9504 1.70007,
	12.9504 1.69572,
	12.9504 1.69463,
	"/>
</Transform>

<Transform dim="0"
 xcoef=" 0 1 0 0 0 0"
 ycoef=" 0 0 1 0 0 0">
<Contour name="d046_cfa31b" hidden="false" closed="true" simplified="true" border="0 1 0" fill="0 1 0" mode="11"
 points="12.9764 1.66364,
	12.9766 1.65917,
	12.9775 1.65471,
	12.9778 1.65248,
	12.978 1.65137,
	12.978 1.65081,
	12.9786 1.65025,
	12.9797 1.64579,
	12.9806 1.64356,
	12.9808 1.64133,
	12.9814 1.64077,
	12.9828 1.6363,
	12.9847 1.63184,
	12.9847 1.63128,
	12.9853 1.63073,
	12.9853 1.63017,
	12.9903 1.62124,
	12.9956 1.61316,
	12.9981 1.60925,
	12.9995 1.60758,
	13.0004 1.60646,
	13.0009 1.60618,
	13.0009 1.60563,
	13.004 1.60172,
	13.0057 1.60005,
	13.0068 1.5981,
	13.0087 1.59586,
	13.0107 1.59447,
	13.0126 1.59252,
	13.0146 1.59112,
	13.0182 1.58722,
	13.0199 1.58555,
	13.0227 1.58136,
	13.026 1.57746,
	13.028 1.57662,
	13.0291 1.5769,
	13.0302 1.57634,
	13.0313 1.57634,
	13.0321 1.57578,
	13.0366 1.57523,
	13.0411 1.57272,
	13.0422 1.57216,
	13.0425 1.5716,
	13.0436 1.57132,
	13.0441 1.57132,
	13.045 1.57048,
	13.0472 1.56993,
	13.0483 1.56937,
	13.0494 1.56937,
	13.0514 1.56853,
	13.0692 1.56881,
	13.0712 1.56993,
	13.0734 1.57048,
	13.0745 1.57076,
	13.0751 1.57076,
	13.0754 1.57132,
	13.0776 1.57188,
	13.0787 1.57216,
	13.0798 1.57299,
	13.0843 1.57495,
	13.0863 1.5769,
	13.0882 1.57829,
	13.0893 1.57941,
	13.0932 1.5822,
	13.0974 1.58415,
	13.0994 1.58499,
	13.1005 1.58499,
	13.1027 1.58638,
	13.103 1.58694,
	13.1041 1.58722,
	13.1044 1.58778,
	13.1055 1.58806,
	13.1075 1.58973,
	13.1086 1.59029,
	13.1094 1.5914,
	13.1102 1.59363,
	13.1111 1.60256,
	13.1122 1.60479,
	13.1133 1.60563,
	13.1139 1.60563,
	13.1141 1.60618,
	13.1147 1.60618,
	13.1167 1.60786,
	13.1178 1.60842,
	13.1175 1.61288,
	13.1172 1.61511,
	13.1167 1.61567,
	13.1161 1.6179,
	13.1147 1.62013,
	13.1141 1.62124,
	13.1136 1.6218,
	13.1119 1.62626,
	13.1094 1.63073,
	13.108 1.63296,
	13.1061 1.63491,
	13.1052 1.63603,
	13.1047 1.63658,
	13.1044 1.6377,
	13.1013 1.64188,
	13.0977 1.64579,
	13.0946 1.64913,
	13.0924 1.65053,
	13.0888 1.65388,
	13.0877 1.65499,
	13.0868 1.65555,
	13.0863 1.65666,
	13.0851 1.65778,
	13.0837 1.65973,
	13.0832 1.66085,
	13.0832 1.66141,
	13.0826 1.66168,
	13.0824 1.6628,
	13.0815 1.66392,
	13.0801 1.6681,
	13.0801 1.66866,
	13.0796 1.66922,
	13.0796 1.67033,
	13.0787 1.67117,
	13.0782 1.67563,
	13.0776 1.67786,
	13.0771 1.68679,
	13.0773 1.70464,
	13.0784 1.7091,
	13.0793 1.71133,
	13.0793 1.71244,
	13.0798 1.71356,
	13.0798 1.71412,
	13.0804 1.71468,
	13.0807 1.71691,
	13.086 1.7342,
	13.0868 1.73866,
	13.0877 1.74089,
	13.0879 1.74312,
	13.0913 1.75205,
	13.0938 1.76097,
	13.0941 1.7699,
	13.0941 1.77101,
	13.0921 1.77269,
	13.0913 1.77324,
	13.0902 1.77436,
	13.0879 1.77575,
	13.0874 1.77575,
	13.0863 1.77659,
	13.0818 1.77799,
	13.0807 1.77799,
	13.0796 1.77854,
	13.0754 1.7791,
	13.0665 1.7791,
	13.0659 1.7791,
	13.0653 1.77854,
	13.0642 1.77854,
	13.0637 1.77799,
	13.0614 1.77715,
	13.0595 1.77575,
	13.0508 1.77213,
	13.0489 1.77129,
	13.0478 1.77073,
	13.0475 1.77018,
	13.0464 1.7699,
	13.0458 1.7699,
	13.0447 1.76906,
	13.0436 1.76906,
	13.0391 1.76767,
	13.038 1.76767,
	13.0338 1.76599,
	13.0316 1.76544,
	13.0305 1.76488,
	13.0299 1.76488,
	13.0294 1.76432,
	13.0271 1.76404,
	13.026 1.7632,
	13.0238 1.76265,
	13.0227 1.76237,
	13.0221 1.76237,
	13.0218 1.76181,
	13.0132 1.75902,
	13.0126 1.75846,
	13.0104 1.75791,
	13.0059 1.75567,
	13.0037 1.75428,
	13.0029 1.75344,
	13.0017 1.75316,
	13.0015 1.75261,
	12.9992 1.75177,
	12.9951 1.74842,
	12.9931 1.74619,
	12.992 1.74535,
	12.9892 1.74145,
	12.9881 1.73922,
	12.9875 1.73699,
	12.9872 1.73587,
	12.9864 1.73504,
	12.9861 1.7328,
	12.9847 1.72834,
	12.9839 1.72611,
	12.9836 1.72388,
	12.9831 1.72332,
	12.9806 1.7144,
	12.9803 1.71328,
	12.9803 1.71272,
	12.9797 1.71217,
	12.9789 1.7077,
	12.9783 1.70547,
	12.9783 1.70324,
	12.9778 1.70213,
	12.9775 1.69766,
	12.9775 1.69543,
	12.9769 1.6932,
	12.9769 1.68874,
	12.9764 1.68428,
	12.9764 1.66643,
	12.9764 1.66419,
	12.9764 1.66392,
	"/>
</Transform>

</Section>