<?xml version="1.0"?>
<!DOCTYPE Section SYSTEM "section.dtd">

<Section index="79" thickness="0.052" alignLocked="true">
<Transform dim="3"
 xcoef=" 0.462493384966779 1.25456401399526 0 0 0 0"
 ycoef=" -0.507340087184293 0 1.25456401399526 0 0 0">
<Contour name="D019" hidden="false" closed="true" simplified="true" border="0 0 1" fill="0 0 1" mode="13"
 points="7.57821 5.69756,
	7.58128 5.64744,
	7.59035 5.59966,
	7.60498 5.55646,
	7.62451 5.51986,
	7.64801 5.49156,
	7.67438 5.4729,
	7.7024 5.46475,
	7.73075 5.46748,
	7.7581 5.48096,
	7.78319 5.50458,
	7.80483 5.53722,
	7.82201 5.57736,
	7.83393 5.62312,
	7.84003 5.67236,
	7.84003 5.72277,
	7.83393 5.77201,
	7.82201 5.81777,
	7.80483 5.85791,
	7.78319 5.89055,
	7.7581 5.91417,
	7.73075 5.92765,
	7.7024 5.93038,
	7.67438 5.92223,
	7.64801 5.90357,
	7.62451 5.87527,
	7.60498 5.83867,
	7.59035 5.79547,
	"/>
</Transform>

<Transform dim="3"
 xcoef=" 0.462493384966779 1.25456401399526 0 0 0 0"
 ycoef=" -0.507340087184293 0 1.25456401399526 0 0 0">
<Contour name="D020" hidden="false" closed="true" simplified="true" border="0 0 1" fill="0 0 1" mode="13"
 points="13.6368 8.23736,
	13.6397 8.19573,
	13.648 8.15548,
	13.6617 8.11794,
	13.6801 8.08434,
	13.7028 8.05581,
	13.7289 8.03328,
	13.7576 8.0175,
	13.788 8.009,
	13.819 8.00805,
	13.8496 8.01468,
	13.8788 8.02868,
	13.9057 8.04958,
	13.9293 8.07669,
	13.9489 8.10912,
	13.9638 8.14579,
	13.9735 8.18549,
	13.9777 8.2269,
	13.9763 8.26866,
	13.9693 8.30938,
	13.957 8.34773,
	13.9397 8.38242,
	13.918 8.41231,
	13.8926 8.43642,
	13.8645 8.45394,
	13.8344 8.4643,
	13.8035 8.46715,
	13.7727 8.4624,
	13.743 8.45021,
	13.7155 8.43098,
	13.691 8.40534,
	13.6703 8.37415,
	13.6542 8.33844,
	13.6432 8.29937,
	"/>
</Transform>

<Transform dim="3"
 xcoef=" 0.462493384966779 1.25456401399526 0 0 0 0"
 ycoef=" -0.507340087184293 0 1.25456401399526 0 0 0">
<Contour name="D021" hidden="false" closed="true" simplified="true" border="0 0 1" fill="0 0 1" mode="13"
 points="7.83411 7.77472,
	7.83765 7.73767,
	7.84819 7.70173,
	7.8654 7.66794,
	7.88878 7.6373,
	7.91763 7.61073,
	7.95111 7.58901,
	7.98823 7.57277,
	8.02788 7.56251,
	8.06889 7.55852,
	8.11006 7.56092,
	8.15016 7.56963,
	8.18802 7.58441,
	8.2225 7.60482,
	8.2526 7.63025,
	8.27742 7.65995,
	8.29623 7.69304,
	8.30847 7.72854,
	8.31378 7.76541,
	8.312 7.80256,
	8.3032 7.83888,
	8.28761 7.8733,
	8.26572 7.90482,
	8.23816 7.93248,
	8.20575 7.95548,
	8.16944 7.97314,
	8.13032 7.98493,
	8.08953 7.99051,
	8.04829 7.98971,
	8.00781 7.98256,
	7.96928 7.96926,
	7.93385 7.95021,
	7.90257 7.92597,
	7.87636 7.89726,
	7.85599 7.86493,
	7.84206 7.82993,
	"/>
</Transform>

<Transform dim="3"
 xcoef=" 0.462493384966779 1.25456401399526 0 0 0 0"
 ycoef=" -0.507340087184293 0 1.25456401399526 0 0 0">
<Contour name="D022" hidden="false" closed="true" simplified="true" border="0 0 1" fill="0 0 1" mode="13"
 points="20.3353 6.03323,
	20.3369 6.00239,
	20.3417 5.97192,
	20.3495 5.9422,
	20.3604 5.91358,
	20.3741 5.88642,
	20.3906 5.86103,
	20.4095 5.83774,
	20.4308 5.81682,
	20.454 5.79853,
	20.479 5.78309,
	20.5055 5.77068,
	20.533 5.76146,
	20.5613 5.75554,
	20.5901 5.75299,
	20.6189 5.75384,
	20.6475 5.75808,
	20.6755 5.76566,
	20.7025 5.77649,
	20.7283 5.79044,
	20.7525 5.80733,
	20.7747 5.82697,
	20.7949 5.84911,
	20.8126 5.87348,
	20.8277 5.8998,
	20.84 5.92773,
	20.8494 5.95694,
	20.8557 5.98708,
	20.8589 6.01778,
	20.8589 6.04867,
	20.8557 6.07937,
	20.8494 6.10951,
	20.84 6.13873,
	20.8277 6.16666,
	20.8126 6.19297,
	20.7949 6.21735,
	20.7747 6.23949,
	20.7525 6.25912,
	20.7283 6.27602,
	20.7025 6.28996,
	20.6755 6.30079,
	20.6475 6.30838,
	20.6189 6.31262,
	20.5901 6.31347,
	20.5613 6.31092,
	20.533 6.305,
	20.5055 6.29578,
	20.479 6.28337,
	20.454 6.26793,
	20.4308 6.24963,
	20.4095 6.22871,
	20.3906 6.20542,
	20.3741 6.18004,
	20.3604 6.15287,
	20.3495 6.12426,
	20.3417 6.09454,
	"/>
</Transform>

<Transform dim="3"
 xcoef=" 0.462493384966779 1.25456401399526 0 0 0 0"
 ycoef=" -0.507340087184293 0 1.25456401399526 0 0 0">
<Contour name="D023" hidden="false" closed="true" simplified="true" border="0 0 1" fill="0 0 1" mode="13"
 points="10.439 3.22162,
	10.4399 3.20112,
	10.4425 3.18071,
	10.4469 3.16048,
	10.453 3.14053,
	10.4607 3.12095,
	10.4702 3.10182,
	10.4812 3.08323,
	10.4938 3.06527,
	10.5079 3.04801,
	10.5235 3.03154,
	10.5404 3.01592,
	10.5587 3.00123,
	10.5781 2.98754,
	10.5987 2.97491,
	10.6203 2.96338,
	10.6428 2.95303,
	10.6662 2.94388,
	10.6903 2.93599,
	10.715 2.92939,
	10.7402 2.92411,
	10.7659 2.92017,
	10.7918 2.91759,
	10.8178 2.91639,
	10.8439 2.91656,
	10.87 2.91811,
	10.8958 2.92103,
	10.9213 2.92531,
	10.9465 2.93092,
	10.971 2.93785,
	10.995 2.94605,
	11.0181 2.9555,
	11.0404 2.96616,
	11.0618 2.97796,
	11.0821 2.99087,
	11.1012 3.00482,
	11.1191 3.01974,
	11.1357 3.03558,
	11.1509 3.05226,
	11.1647 3.0697,
	11.1769 3.08783,
	11.1876 3.10656,
	11.1966 3.12581,
	11.2039 3.14549,
	11.2096 3.16552,
	11.2135 3.1858,
	11.2157 3.20624,
	11.2162 3.22675,
	11.2148 3.24724,
	11.2118 3.26761,
	11.207 3.28778,
	11.2005 3.30764,
	11.1923 3.32712,
	11.1824 3.34612,
	11.171 3.36456,
	11.158 3.38236,
	11.1435 3.39943,
	11.1276 3.41569,
	11.1104 3.43109,
	11.0918 3.44553,
	11.0721 3.45896,
	11.0512 3.47133,
	11.0294 3.48256,
	11.0066 3.49262,
	10.9831 3.50145,
	10.9588 3.50903,
	10.934 3.5153,
	10.9086 3.52025,
	10.8829 3.52385,
	10.857 3.52608,
	10.8309 3.52694,
	10.8048 3.52643,
	10.7788 3.52453,
	10.753 3.52127,
	10.7276 3.51666,
	10.7026 3.51072,
	10.6781 3.50347,
	10.6544 3.49494,
	10.6314 3.48519,
	10.6093 3.47424,
	10.5882 3.46216,
	10.5682 3.44899,
	10.5494 3.43479,
	10.5318 3.41963,
	10.5155 3.40357,
	10.5007 3.3867,
	10.4873 3.36908,
	10.4755 3.35079,
	10.4652 3.33192,
	10.4566 3.31255,
	10.4497 3.29278,
	10.4445 3.27268,
	10.441 3.25235,
	"/>
</Transform>

<Transform dim="3"
 xcoef=" 0.462493384966779 1.25456401399526 0 0 0 0"
 ycoef=" -0.507340087184293 0 1.25456401399526 0 0 0">
<Contour name="D024_edge" hidden="false" closed="true" simplified="true" border="0 0 1" fill="0 0 1" mode="13"
 points="14.7827 10.9601,
	14.783 10.9426,
	14.7842 10.9253,
	14.7861 10.908,
	14.7887 10.8909,
	14.7921 10.8741,
	14.7962 10.8575,
	14.8011 10.8413,
	14.8066 10.8254,
	14.8128 10.8101,
	14.8197 10.7952,
	14.8272 10.7809,
	14.8353 10.7672,
	14.844 10.7541,
	14.8533 10.7417,
	14.8631 10.7301,
	14.8733 10.7192,
	14.8841 10.7091,
	14.8952 10.6999,
	14.9068 10.6915,
	14.9186 10.6841,
	14.9308 10.6775,
	14.9433 10.672,
	14.956 10.6673,
	14.9688 10.6637,
	14.9818 10.6611,
	14.9949 10.6594,
	15.008 10.6588,
	15.0212 10.6592,
	15.0343 10.6606,
	15.0473 10.663,
	15.0602 10.6663,
	15.0729 10.6707,
	15.0854 10.6761,
	15.0977 10.6824,
	15.1097 10.6896,
	15.1213 10.6977,
	15.1325 10.7067,
	15.1434 10.7166,
	15.1538 10.7273,
	15.1637 10.7387,
	15.1731 10.7509,
	15.1819 10.7638,
	15.1902 10.7774,
	15.1979 10.7916,
	15.2049 10.8063,
	15.2113 10.8216,
	15.217 10.8373,
	15.222 10.8534,
	15.2263 10.8699,
	15.2299 10.8867,
	15.2327 10.9037,
	15.2348 10.9209,
	15.2361 10.9383,
	15.2367 10.9557,
	15.2365 10.9732,
	15.2355 10.9906,
	15.2338 11.0079,
	15.2314 11.025,
	15.2282 11.0419,
	15.2242 11.0586,
	15.2196 11.0749,
	15.2142 11.0908,
	15.2082 11.1063,
	15.2015 11.1213,
	15.1941 11.1358,
	15.1861 11.1496,
	15.1776 11.1629,
	15.1684 11.1754,
	15.1588 11.1873,
	15.1486 11.1983,
	15.138 11.2086,
	15.127 11.2181,
	15.1155 11.2266,
	15.1037 11.2343,
	15.0916 11.2411,
	15.0792 11.2469,
	15.0666 11.2518,
	15.0538 11.2556,
	15.0408 11.2585,
	15.0277 11.2604,
	15.0146 11.2613,
	15.0015 11.2612,
	14.9883 11.26,
	14.9753 11.2579,
	14.9624 11.2548,
	14.9496 11.2506,
	14.937 11.2455,
	14.9247 11.2395,
	14.9127 11.2325,
	14.9009 11.2246,
	14.8896 11.2158,
	14.8786 11.2061,
	14.8681 11.1956,
	14.8581 11.1844,
	14.8486 11.1724,
	14.8396 11.1596,
	14.8312 11.1462,
	14.8233 11.1322,
	14.8162 11.1176,
	14.8096 11.1025,
	14.8037 11.0869,
	14.7986 11.0708,
	14.7941 11.0544,
	14.7903 11.0377,
	14.7873 11.0207,
	14.785 11.0036,
	14.7835 10.9862,
	"/>
</Transform>

<Transform dim="3"
 xcoef=" 0.462493384966779 1.25456401399526 0 0 0 0"
 ycoef=" -0.507340087184293 0 1.25456401399526 0 0 0">
<Contour name="D025" hidden="false" closed="true" simplified="true" border="0 0 1" fill="0 0 1" mode="13"
 points="5.44122 4.8981,
	5.44192 4.87987,
	5.44401 4.86177,
	5.44748 4.84389,
	5.45231 4.82636,
	5.45846 4.80928,
	5.4659 4.79276,
	5.47459 4.7769,
	5.48446 4.76182,
	5.49545 4.74759,
	5.5075 4.73432,
	5.52052 4.72208,
	5.53444 4.71096,
	5.54917 4.70101,
	5.56461 4.69232,
	5.58067 4.68492,
	5.59725 4.67887,
	5.61423 4.67421,
	5.63152 4.67097,
	5.649 4.66916,
	5.66657 4.66879,
	5.6841 4.66988,
	5.7015 4.67241,
	5.71865 4.67637,
	5.73545 4.68173,
	5.75178 4.68845,
	5.76754 4.69651,
	5.78264 4.70583,
	5.79697 4.71637,
	5.81046 4.72807,
	5.823 4.74083,
	5.83453 4.75459,
	5.84497 4.76926,
	5.85426 4.78474,
	5.86233 4.80094,
	5.86913 4.81775,
	5.87462 4.83507,
	5.87878 4.85279,
	5.88156 4.8708,
	5.88296 4.88898,
	5.88296 4.90721,
	5.88156 4.92539,
	5.87878 4.9434,
	5.87462 4.96112,
	5.86913 4.97844,
	5.86233 4.99525,
	5.85426 5.01145,
	5.84497 5.02693,
	5.83453 5.0416,
	5.823 5.05536,
	5.81046 5.06813,
	5.79697 5.07982,
	5.78264 5.09036,
	5.76754 5.09969,
	5.75178 5.10774,
	5.73545 5.11447,
	5.71865 5.11982,
	5.7015 5.12378,
	5.6841 5.12631,
	5.66657 5.1274,
	5.649 5.12704,
	5.63152 5.12523,
	5.61423 5.12198,
	5.59725 5.11732,
	5.58067 5.11127,
	5.56461 5.10388,
	5.54917 5.09518,
	5.53444 5.08524,
	5.52052 5.07411,
	5.5075 5.06187,
	5.49545 5.0486,
	5.48446 5.03437,
	5.47459 5.01929,
	5.4659 5.00343,
	5.45846 4.98692,
	5.45231 4.96984,
	5.44748 4.9523,
	5.44401 4.93442,
	5.44192 4.91632,
	"/>
</Transform>

<Transform dim="3"
 xcoef=" 0.462493384966779 1.25456401399526 0 0 0 0"
 ycoef=" -0.507340087184293 0 1.25456401399526 0 0 0">
<Contour name="D026_edge" hidden="false" closed="true" simplified="true" border="0 0 1" fill="0 0 1" mode="13"
 points="5.03104 5.81471,
	5.03183 5.79771,
	5.03418 5.78078,
	5.0381 5.76399,
	5.04356 5.74741,
	5.05054 5.73112,
	5.05901 5.71518,
	5.06894 5.69965,
	5.08028 5.68461,
	5.09299 5.67011,
	5.10701 5.65622,
	5.12229 5.64299,
	5.13876 5.63048,
	5.15634 5.61875,
	5.17498 5.60784,
	5.19458 5.59779,
	5.21508 5.58866,
	5.23637 5.58047,
	5.25837 5.57327,
	5.281 5.56708,
	5.30415 5.56193,
	5.32773 5.55784,
	5.35163 5.55482,
	5.37577 5.5529,
	5.40003 5.55207,
	5.42432 5.55235,
	5.44853 5.55372,
	5.47256 5.55619,
	5.49631 5.55975,
	5.51969 5.56437,
	5.54259 5.57005,
	5.56492 5.57675,
	5.58658 5.58445,
	5.60748 5.59311,
	5.62754 5.6027,
	5.64667 5.61319,
	5.66479 5.62452,
	5.68183 5.63664,
	5.69771 5.64952,
	5.71236 5.66308,
	5.72573 5.67728,
	5.73777 5.69206,
	5.74841 5.70736,
	5.75761 5.7231,
	5.76534 5.73923,
	5.77156 5.75567,
	5.77626 5.77236,
	5.77939 5.78923,
	5.78097 5.80621,
	5.78097 5.82322,
	5.77939 5.8402,
	5.77626 5.85707,
	5.77156 5.87376,
	5.76534 5.8902,
	5.75761 5.90633,
	5.74841 5.92207,
	5.73777 5.93737,
	5.72573 5.95214,
	5.71236 5.96635,
	5.69771 5.97991,
	5.68183 5.99279,
	5.66479 6.00491,
	5.64667 6.01624,
	5.62754 6.02672,
	5.60748 6.03632,
	5.58658 6.04498,
	5.56492 6.05268,
	5.54259 6.05938,
	5.51969 6.06506,
	5.49631 6.06968,
	5.47256 6.07324,
	5.44853 6.07571,
	5.42432 6.07708,
	5.40003 6.07736,
	5.37577 6.07653,
	5.35163 6.07461,
	5.32773 6.07159,
	5.30415 6.0675,
	5.281 6.06235,
	5.25837 6.05616,
	5.23637 6.04895,
	5.21508 6.04077,
	5.19458 6.03163,
	5.17498 6.02159,
	5.15634 6.01068,
	5.13876 5.99895,
	5.12229 5.98644,
	5.10701 5.97321,
	5.09299 5.95932,
	5.08028 5.94482,
	5.06894 5.92978,
	5.05901 5.91425,
	5.05054 5.89831,
	5.04356 5.88202,
	5.0381 5.86544,
	5.03418 5.84865,
	"/>
</Transform>

<Transform dim="3"
 xcoef=" 0.462493384966779 1.25456401399526 0 0 0 0"
 ycoef=" -0.507340087184293 0 1.25456401399526 0 0 0">
<Contour name="D027_longitudinal" hidden="false" closed="true" simplified="true" border="0 0 1" fill="0 0 1" mode="13"
 points="13.1451 7.27967,
	13.1458 7.26144,
	13.1479 7.24332,
	13.1513 7.22543,
	13.1561 7.20787,
	13.1623 7.19076,
	13.1697 7.17421,
	13.1783 7.15832,
	13.1881 7.14318,
	13.1991 7.1289,
	13.2111 7.11556,
	13.2241 7.10324,
	13.2379 7.09203,
	13.2526 7.08198,
	13.268 7.07317,
	13.284 7.06565,
	13.3006 7.05946,
	13.3175 7.05465,
	13.3348 7.05125,
	13.3523 7.04927,
	13.3699 7.04873,
	13.3874 7.04963,
	13.4049 7.05197,
	13.4221 7.05573,
	13.439 7.06088,
	13.4554 7.06741,
	13.4713 7.07525,
	13.4865 7.08438,
	13.501 7.09472,
	13.5146 7.10622,
	13.5274 7.1188,
	13.5391 7.13239,
	13.5498 7.14689,
	13.5593 7.16223,
	13.5676 7.17829,
	13.5747 7.19499,
	13.5805 7.21222,
	13.585 7.22987,
	13.5881 7.24783,
	13.5898 7.26599,
	13.5902 7.28424,
	13.5891 7.30245,
	13.5867 7.32053,
	13.5829 7.33835,
	13.5778 7.3558,
	13.5713 7.37278,
	13.5636 7.38917,
	13.5547 7.40489,
	13.5446 7.41982,
	13.5334 7.43387,
	13.5211 7.44697,
	13.5079 7.45901,
	13.4938 7.46994,
	13.479 7.47969,
	13.4634 7.48818,
	13.4472 7.49537,
	13.4306 7.50121,
	13.4135 7.50568,
	13.3962 7.50873,
	13.3787 7.51035,
	13.3611 7.51053,
	13.3435 7.50927,
	13.3261 7.50657,
	13.309 7.50246,
	13.2922 7.49696,
	13.2759 7.4901,
	13.2602 7.48193,
	13.2452 7.47249,
	13.2309 7.46185,
	13.2175 7.45008,
	13.205 7.43724,
	13.1935 7.42342,
	13.1831 7.4087,
	13.1738 7.39317,
	13.1658 7.37693,
	13.159 7.36009,
	13.1536 7.34275,
	13.1494 7.32501,
	13.1467 7.30699,
	"/>
</Transform>

<Transform dim="3"
 xcoef=" 0.462493384966779 1.25456401399526 0 0 0 0"
 ycoef=" -0.507340087184293 0 1.25456401399526 0 0 0">
<Contour name="D028" hidden="false" closed="true" simplified="true" border="0 0 1" fill="0 0 1" mode="13"
 points="9.70718 8.96062,
	9.70928 8.94101,
	9.7155 8.92212,
	9.72562 8.90462,
	9.73927 8.88914,
	9.75595 8.87625,
	9.77507 8.8664,
	9.79594 8.85996,
	9.81779 8.85716,
	9.83984 8.85809,
	9.8613 8.86274,
	9.88138 8.87092,
	9.89936 8.88234,
	9.9146 8.89659,
	9.92654 8.91316,
	9.93474 8.93144,
	9.93892 8.95077,
	9.93892 8.97046,
	9.93474 8.9898,
	9.92654 9.00808,
	9.9146 9.02464,
	9.89936 9.03889,
	9.88138 9.05032,
	9.8613 9.0585,
	9.83984 9.06314,
	9.81779 9.06407,
	9.79594 9.06127,
	9.77507 9.05483,
	9.75595 9.04499,
	9.73927 9.03209,
	9.72562 9.01661,
	9.7155 8.99911,
	"/>
</Transform>

<Transform dim="3"
 xcoef=" 0.462493384966779 1.25456401399526 0 0 0 0"
 ycoef=" -0.507340087184293 0 1.25456401399526 0 0 0">
<Contour name="D029_edge" hidden="false" closed="true" simplified="true" border="0 0 1" fill="0 0 1" mode="13"
 points="13.0669 10.5251,
	13.0686 10.5028,
	13.0737 10.4807,
	13.0821 10.459,
	13.0938 10.4381,
	13.1085 10.4181,
	13.1262 10.3992,
	13.1467 10.3817,
	13.1697 10.3658,
	13.195 10.3516,
	13.2224 10.3392,
	13.2514 10.3289,
	13.2819 10.3206,
	13.3135 10.3146,
	13.3458 10.3108,
	13.3785 10.3094,
	13.4112 10.3103,
	13.4436 10.3135,
	13.4754 10.3189,
	13.5062 10.3266,
	13.5356 10.3364,
	13.5634 10.3483,
	13.5893 10.3621,
	13.6129 10.3776,
	13.634 10.3947,
	13.6524 10.4132,
	13.6679 10.433,
	13.6804 10.4537,
	13.6896 10.4752,
	13.6955 10.4972,
	13.6981 10.5195,
	13.6972 10.5419,
	13.693 10.5642,
	13.6854 10.5859,
	13.6746 10.6071,
	13.6606 10.6273,
	13.6436 10.6465,
	13.6238 10.6643,
	13.6014 10.6807,
	13.5766 10.6953,
	13.5497 10.7082,
	13.5211 10.719,
	13.4909 10.7278,
	13.4596 10.7344,
	13.4275 10.7387,
	13.3948 10.7408,
	13.3621 10.7405,
	13.3295 10.7379,
	13.2976 10.733,
	13.2665 10.7258,
	13.2367 10.7165,
	13.2085 10.7051,
	13.1821 10.6918,
	13.1579 10.6767,
	13.1361 10.66,
	13.117 10.6418,
	13.1008 10.6224,
	13.0875 10.6019,
	13.0775 10.5805,
	13.0707 10.5586,
	"/>
</Transform>

<Transform dim="3"
 xcoef=" 0.462493384966779 1.25456401399526 0 0 0 0"
 ycoef=" -0.507340087184293 0 1.25456401399526 0 0 0">
<Contour name="D030" hidden="false" closed="true" simplified="true" border="0 0 1" fill="0 0 1" mode="13"
 points="12.7424 7.74622,
	12.7445 7.72458,
	12.7508 7.70366,
	12.761 7.68414,
	12.7749 7.66668,
	12.7919 7.65185,
	12.8116 7.64014,
	12.8331 7.63194,
	12.856 7.62752,
	12.8793 7.62702,
	12.9023 7.63047,
	12.9242 7.63775,
	12.9444 7.64861,
	12.9621 7.66271,
	12.9769 7.67956,
	12.988 7.69862,
	12.9953 7.71926,
	12.9985 7.74079,
	12.9975 7.76249,
	12.9922 7.78366,
	12.9829 7.80359,
	12.9699 7.82163,
	12.9536 7.83717,
	12.9346 7.8497,
	12.9134 7.85881,
	12.8908 7.86419,
	12.8676 7.86567,
	12.8444 7.8632,
	12.8222 7.85687,
	12.8015 7.84687,
	12.7831 7.83354,
	12.7675 7.81733,
	12.7554 7.79876,
	12.7471 7.77846,
	"/>
</Transform>

<Transform dim="3"
 xcoef=" 0.462493384966779 1.25456401399526 0 0 0 0"
 ycoef=" -0.507340087184293 0 1.25456401399526 0 0 0">
<Contour name="D032" hidden="false" closed="true" simplified="true" border="0 0 1" fill="0 0 1" mode="13"
 points="7.25164 3.05088,
	7.25233 3.03284,
	7.25437 3.01493,
	7.25776 2.9973,
	7.26248 2.98006,
	7.26847 2.96336,
	7.27571 2.94731,
	7.28413 2.93204,
	7.29368 2.91766,
	7.30428 2.90429,
	7.31585 2.89201,
	7.3283 2.88092,
	7.34155 2.87111,
	7.35549 2.86265,
	7.37001 2.85561,
	7.38502 2.85003,
	7.40038 2.84595,
	7.416 2.84342,
	7.43176 2.84244,
	7.44752 2.84303,
	7.46319 2.84518,
	7.47863 2.84887,
	7.49373 2.85407,
	7.50839 2.86076,
	7.52248 2.86887,
	7.53591 2.87835,
	7.54857 2.88912,
	7.56037 2.90111,
	7.57122 2.91422,
	7.58104 2.92836,
	7.58975 2.94341,
	7.59729 2.95928,
	7.6036 2.97583,
	7.60864 2.99294,
	7.61236 3.01049,
	7.61475 3.02835,
	7.61577 3.04637,
	7.61543 3.06442,
	7.61372 3.08238,
	7.61067 3.1001,
	7.60628 3.11745,
	7.6006 3.13429,
	7.59367 3.15052,
	7.58554 3.16599,
	7.57626 3.1806,
	7.56592 3.19424,
	7.55459 3.2068,
	7.54234 3.21819,
	7.52929 3.22833,
	7.51551 3.23713,
	7.50113 3.24454,
	7.48623 3.25049,
	7.47094 3.25494,
	7.45538 3.25786,
	7.43965 3.25923,
	7.42387 3.25903,
	7.40817 3.25728,
	7.39266 3.25397,
	7.37746 3.24914,
	7.36268 3.24282,
	7.34844 3.23506,
	7.33483 3.22592,
	7.32197 3.21546,
	7.30995 3.20377,
	7.29885 3.19093,
	7.28877 3.17704,
	7.27978 3.1622,
	7.27194 3.14653,
	7.26532 3.13014,
	7.25996 3.11315,
	7.2559 3.0957,
	7.25318 3.07791,
	"/>
</Transform>

<Transform dim="3"
 xcoef=" 0.462493384966779 1.25456401399526 0 0 0 0"
 ycoef=" -0.507340087184293 0 1.25456401399526 0 0 0">
<Contour name="D033" hidden="false" closed="true" simplified="true" border="0 0 1" fill="0 0 1" mode="13"
 points="13.5469 2.51731,
	13.5486 2.50086,
	13.5535 2.48539,
	13.5614 2.47185,
	13.5717 2.46106,
	13.5839 2.45367,
	13.5973 2.45012,
	13.6109 2.45063,
	13.624 2.45517,
	13.6358 2.46346,
	13.6456 2.47501,
	13.6528 2.48911,
	13.6569 2.50491,
	13.6578 2.52147,
	13.6553 2.53777,
	13.6496 2.55284,
	13.641 2.56576,
	13.6301 2.57575,
	13.6176 2.58222,
	13.6041 2.58476,
	13.5905 2.58323,
	13.5776 2.57772,
	13.5663 2.56856,
	13.5571 2.5563,
	13.5506 2.54169,
	"/>
</Transform>

<Transform dim="3"
 xcoef=" 0.462493384966779 1.25456401399526 0 0 0 0"
 ycoef=" -0.507340087184293 0 1.25456401399526 0 0 0">
<Contour name="D034" hidden="false" closed="true" simplified="true" border="0 0 1" fill="0 0 1" mode="13"
 points="11.6906 2.60255,
	11.6911 2.58164,
	11.6924 2.56081,
	11.6945 2.54014,
	11.6975 2.5197,
	11.7013 2.49958,
	11.7059 2.47985,
	11.7114 2.46059,
	11.7176 2.44186,
	11.7246 2.42375,
	11.7323 2.40631,
	11.7407 2.38962,
	11.7497 2.37373,
	11.7594 2.35871,
	11.7698 2.34462,
	11.7806 2.3315,
	11.792 2.31942,
	11.8039 2.30841,
	11.8161 2.29851,
	11.8288 2.28977,
	11.8418 2.28221,
	11.8551 2.27587,
	11.8686 2.27077,
	11.8823 2.26692,
	11.8962 2.26435,
	11.9101 2.26306,
	11.924 2.26306,
	11.938 2.26435,
	11.9518 2.26692,
	11.9655 2.27077,
	11.979 2.27587,
	11.9923 2.28221,
	12.0053 2.28977,
	12.018 2.29851,
	12.0303 2.30841,
	12.0421 2.31942,
	12.0535 2.3315,
	12.0644 2.34462,
	12.0747 2.35871,
	12.0844 2.37373,
	12.0935 2.38962,
	12.1019 2.40631,
	12.1096 2.42375,
	12.1166 2.44186,
	12.1228 2.46059,
	12.1282 2.47985,
	12.1328 2.49958,
	12.1367 2.5197,
	12.1396 2.54014,
	12.1418 2.56081,
	12.1431 2.58164,
	12.1435 2.60255,
	12.1431 2.62346,
	12.1418 2.64429,
	12.1396 2.66496,
	12.1367 2.68539,
	12.1328 2.70551,
	12.1282 2.72524,
	12.1228 2.74451,
	12.1166 2.76323,
	12.1096 2.78135,
	12.1019 2.79879,
	12.0935 2.81548,
	12.0844 2.83137,
	12.0747 2.84639,
	12.0644 2.86048,
	12.0535 2.87359,
	12.0421 2.88568,
	12.0303 2.89669,
	12.018 2.90659,
	12.0053 2.91533,
	11.9923 2.92289,
	11.979 2.92923,
	11.9655 2.93433,
	11.9518 2.93818,
	11.938 2.94075,
	11.924 2.94204,
	11.9101 2.94204,
	11.8962 2.94075,
	11.8823 2.93818,
	11.8686 2.93433,
	11.8551 2.92923,
	11.8418 2.92289,
	11.8288 2.91533,
	11.8161 2.90659,
	11.8039 2.89669,
	11.792 2.88568,
	11.7806 2.87359,
	11.7698 2.86048,
	11.7594 2.84639,
	11.7497 2.83137,
	11.7407 2.81548,
	11.7323 2.79879,
	11.7246 2.78135,
	11.7176 2.76323,
	11.7114 2.74451,
	11.7059 2.72524,
	11.7013 2.70551,
	11.6975 2.68539,
	11.6945 2.66496,
	11.6924 2.64429,
	11.6911 2.62346,
	"/>
</Transform>

<Transform dim="3"
 xcoef=" 0.462493384966779 1.25456401399526 0 0 0 0"
 ycoef=" -0.507340087184293 0 1.25456401399526 0 0 0">
<Contour name="D035" hidden="false" closed="true" simplified="true" border="0 0 1" fill="0 0 1" mode="13"
 points="8.80718 3.37055,
	8.80786 3.35344,
	8.80991 3.33645,
	8.81332 3.31969,
	8.81805 3.30328,
	8.82407 3.28733,
	8.83135 3.27195,
	8.83984 3.25724,
	8.84947 3.24331,
	8.86018 3.23024,
	8.8719 3.21814,
	8.88455 3.20707,
	8.89804 3.19712,
	8.91228 3.18836,
	8.92718 3.18084,
	8.94262 3.17461,
	8.95851 3.16973,
	8.97473 3.16621,
	8.99118 3.1641,
	9.00774 3.16339,
	9.0243 3.1641,
	9.04075 3.16621,
	9.05698 3.16973,
	9.07286 3.17461,
	9.08831 3.18084,
	9.1032 3.18836,
	9.11744 3.19712,
	9.13093 3.20707,
	9.14358 3.21814,
	9.1553 3.23024,
	9.16601 3.24331,
	9.17564 3.25724,
	9.18413 3.27195,
	9.19141 3.28733,
	9.19744 3.30328,
	9.20217 3.31969,
	9.20557 3.33645,
	9.20762 3.35344,
	9.2083 3.37055,
	9.20762 3.38765,
	9.20557 3.40464,
	9.20217 3.4214,
	9.19744 3.43781,
	9.19141 3.45376,
	9.18413 3.46914,
	9.17564 3.48385,
	9.16601 3.49779,
	9.1553 3.51085,
	9.14358 3.52296,
	9.13093 3.53402,
	9.11744 3.54397,
	9.1032 3.55274,
	9.08831 3.56026,
	9.07286 3.56648,
	9.05698 3.57137,
	9.04075 3.57488,
	9.0243 3.577,
	9.00774 3.57771,
	8.99118 3.577,
	8.97473 3.57488,
	8.95851 3.57137,
	8.94262 3.56648,
	8.92718 3.56026,
	8.91228 3.55274,
	8.89804 3.54397,
	8.88455 3.53402,
	8.8719 3.52296,
	8.86018 3.51085,
	8.84947 3.49779,
	8.83984 3.48385,
	8.83135 3.46914,
	8.82407 3.45376,
	8.81805 3.43781,
	8.81332 3.4214,
	8.80991 3.40464,
	8.80786 3.38765,
	"/>
</Transform>

<Transform dim="3"
 xcoef=" 0.462493384966779 1.25456401399526 0 0 0 0"
 ycoef=" -0.507340087184293 0 1.25456401399526 0 0 0">
<Contour name="D036" hidden="false" closed="true" simplified="true" border="0 0 1" fill="0 0 1" mode="13"
 points="17.7135 1.88635,
	17.7147 1.84829,
	17.7184 1.81071,
	17.7244 1.77406,
	17.7328 1.7388,
	17.7434 1.70537,
	17.7561 1.67416,
	17.7707 1.64558,
	17.7871 1.61998,
	17.805 1.59766,
	17.8242 1.57891,
	17.8445 1.56396,
	17.8657 1.55299,
	17.8874 1.54614,
	17.9094 1.5435,
	17.9315 1.54509,
	17.9533 1.55089,
	17.9746 1.56084,
	17.9952 1.57481,
	18.0147 1.59263,
	18.0329 1.61408,
	18.0497 1.63889,
	18.0648 1.66676,
	18.078 1.69734,
	18.0891 1.73026,
	18.098 1.7651,
	18.1047 1.80144,
	18.1089 1.83884,
	18.1108 1.87681,
	18.1102 1.91491,
	18.1071 1.95265,
	18.1016 1.98958,
	18.0938 2.02523,
	18.0838 2.05916,
	18.0716 2.09096,
	18.0575 2.12023,
	18.0415 2.14661,
	18.024 2.16978,
	18.0051 2.18944,
	17.985 2.20536,
	17.964 2.21734,
	17.9424 2.22523,
	17.9205 2.22893,
	17.8984 2.2284,
	17.8765 2.22364,
	17.855 2.21472,
	17.8342 2.20174,
	17.8144 2.18487,
	17.7958 2.1643,
	17.7787 2.1403,
	17.7632 2.11317,
	17.7495 2.08323,
	17.7378 2.05086,
	17.7283 2.01646,
	17.7211 1.98045,
	17.7162 1.94328,
	"/>
</Transform>

<Transform dim="3"
 xcoef=" 0.462493384966779 1.25456401399526 0 0 0 0"
 ycoef=" -0.507340087184293 0 1.25456401399526 0 0 0">
<Contour name="D039" hidden="false" closed="true" simplified="true" border="0 0 1" fill="0 0 1" mode="13"
 points="12.7972 2.36318,
	12.7979 2.34583,
	12.7999 2.3286,
	12.8033 2.31159,
	12.8079 2.29489,
	12.8139 2.27863,
	12.821 2.26289,
	12.8294 2.24777,
	12.8389 2.23338,
	12.8495 2.2198,
	12.8611 2.20711,
	12.8737 2.19539,
	12.8871 2.18473,
	12.9014 2.17518,
	12.9163 2.1668,
	12.9318 2.15965,
	12.9478 2.15376,
	12.9642 2.14919,
	12.981 2.14595,
	12.9979 2.14407,
	13.0149 2.14355,
	13.0319 2.14441,
	13.0488 2.14663,
	13.0655 2.15021,
	13.0818 2.15511,
	13.0977 2.16132,
	13.1131 2.16878,
	13.1279 2.17746,
	13.1419 2.18729,
	13.1551 2.19823,
	13.1675 2.21019,
	13.1788 2.22311,
	13.1892 2.2369,
	13.1984 2.25149,
	13.2065 2.26677,
	13.2134 2.28265,
	13.219 2.29903,
	13.2233 2.31581,
	13.2263 2.33289,
	13.228 2.35016,
	13.2283 2.36751,
	13.2273 2.38484,
	13.225 2.40203,
	13.2213 2.41897,
	13.2163 2.43557,
	13.2101 2.45171,
	13.2026 2.46731,
	13.1939 2.48225,
	13.1841 2.49645,
	13.1733 2.50981,
	13.1614 2.52227,
	13.1486 2.53372,
	13.135 2.54412,
	13.1206 2.55338,
	13.1055 2.56146,
	13.0899 2.5683,
	13.0737 2.57385,
	13.0572 2.5781,
	13.0404 2.581,
	13.0234 2.58254,
	13.0064 2.58271,
	12.9894 2.58151,
	12.9726 2.57895,
	12.956 2.57504,
	12.9397 2.56981,
	12.924 2.56328,
	12.9087 2.55551,
	12.8942 2.54654,
	12.8803 2.53642,
	12.8673 2.52523,
	12.8552 2.51302,
	12.8441 2.49987,
	12.834 2.48587,
	12.8251 2.47111,
	12.8173 2.45567,
	12.8107 2.43965,
	12.8054 2.42316,
	12.8014 2.40629,
	12.7988 2.38915,
	"/>
</Transform>

<Transform dim="3"
 xcoef=" 0.462493384966779 1.25456401399526 0 0 0 0"
 ycoef=" -0.507340087184293 0 1.25456401399526 0 0 0">
<Contour name="D040_edge" hidden="false" closed="true" simplified="true" border="0 0 1" fill="0 0 1" mode="13"
 points="10.0795 0.665212,
	10.0805 0.646258,
	10.0835 0.627396,
	10.0884 0.608718,
	10.0952 0.590315,
	10.104 0.572277,
	10.1146 0.554692,
	10.127 0.537645,
	10.1412 0.52122,
	10.1571 0.505496,
	10.1745 0.490551,
	10.1935 0.476456,
	10.2139 0.463281,
	10.2356 0.45109,
	10.2585 0.439942,
	10.2825 0.429892,
	10.3076 0.420987,
	10.3335 0.413273,
	10.3601 0.406786,
	10.3873 0.401559,
	10.4151 0.397615,
	10.4431 0.394976,
	10.4714 0.393653,
	10.4998 0.393653,
	10.528 0.394976,
	10.5561 0.397615,
	10.5838 0.401559,
	10.6111 0.406786,
	10.6377 0.413273,
	10.6636 0.420987,
	10.6886 0.429892,
	10.7127 0.439942,
	10.7356 0.45109,
	10.7573 0.463281,
	10.7777 0.476456,
	10.7967 0.490551,
	10.8141 0.505496,
	10.83 0.52122,
	10.8441 0.537645,
	10.8566 0.554692,
	10.8672 0.572277,
	10.8759 0.590315,
	10.8828 0.608718,
	10.8877 0.627396,
	10.8907 0.646258,
	10.8917 0.665212,
	10.8907 0.684167,
	10.8877 0.703029,
	10.8828 0.721707,
	10.8759 0.74011,
	10.8672 0.758148,
	10.8566 0.775733,
	10.8441 0.79278,
	10.83 0.809205,
	10.8141 0.824929,
	10.7967 0.839874,
	10.7777 0.853969,
	10.7573 0.867144,
	10.7356 0.879335,
	10.7127 0.890483,
	10.6886 0.900533,
	10.6636 0.909437,
	10.6377 0.917152,
	10.6111 0.923638,
	10.5838 0.928866,
	10.5561 0.93281,
	10.528 0.935449,
	10.4998 0.936772,
	10.4714 0.936772,
	10.4431 0.935449,
	10.4151 0.93281,
	10.3873 0.928866,
	10.3601 0.923638,
	10.3335 0.917152,
	10.3076 0.909437,
	10.2825 0.900533,
	10.2585 0.890483,
	10.2356 0.879335,
	10.2139 0.867144,
	10.1935 0.853969,
	10.1745 0.839874,
	10.1571 0.824929,
	10.1412 0.809205,
	10.127 0.79278,
	10.1146 0.775733,
	10.104 0.758148,
	10.0952 0.74011,
	10.0884 0.721707,
	10.0835 0.703029,
	"/>
</Transform>

<Transform dim="3"
 xcoef=" 0.462493384966779 1.25456401399526 0 0 0 0"
 ycoef=" -0.507340087184293 0 1.25456401399526 0 0 0">
<Contour name="D041_longitudinal" hidden="false" closed="true" simplified="true" border="0 0 1" fill="0 0 1" mode="13"
 points="16.0187 1.98835,
	16.0215 1.95604,
	16.03 1.92427,
	16.0441 1.89358,
	16.0634 1.86448,
	16.0876 1.83745,
	16.1164 1.81295,
	16.1493 1.7914,
	16.1857 1.77314,
	16.225 1.75849,
	16.2665 1.74769,
	16.3096 1.74092,
	16.3535 1.73831,
	16.3975 1.73988,
	16.4408 1.74561,
	16.4828 1.75542,
	16.5227 1.76913,
	16.5599 1.78651,
	16.5937 1.80727,
	16.6236 1.83107,
	16.649 1.85751,
	16.6696 1.88614,
	16.6849 1.91648,
	16.6948 1.94803,
	16.6991 1.98025,
	16.6977 2.01261,
	16.6906 2.04456,
	16.6779 2.07556,
	16.6599 2.10511,
	16.6369 2.1327,
	16.6092 2.15787,
	16.5773 2.1802,
	16.5417 2.19932,
	16.5031 2.21489,
	16.4621 2.22668,
	16.4193 2.23446,
	16.3755 2.23812,
	16.3315 2.2376,
	16.2879 2.2329,
	16.2455 2.2241,
	16.205 2.21135,
	16.1671 2.19486,
	16.1324 2.17491,
	16.1015 2.15183,
	16.0749 2.12601,
	16.0531 2.09789,
	16.0364 2.06793,
	16.0251 2.03664,
	"/>
</Transform>

<Transform dim="3"
 xcoef=" 0.462493384966779 1.25456401399526 0 0 0 0"
 ycoef=" -0.507340087184293 0 1.25456401399526 0 0 0">
<Contour name="D042_edge" hidden="false" closed="true" simplified="true" border="0 0 1" fill="0 0 1" mode="13"
 points="1.32985 4.64804,
	1.33503 4.62243,
	1.35044 4.59738,
	1.37576 4.57344,
	1.41042 4.55112,
	1.45368 4.53092,
	1.50459 4.51328,
	1.56204 4.49857,
	1.62478 4.48713,
	1.69143 4.47919,
	1.76054 4.47494,
	1.83061 4.47447,
	1.90011 4.47778,
	1.96752 4.48481,
	2.03136 4.49539,
	2.09026 4.50931,
	2.14291 4.52626,
	2.18818 4.54586,
	2.22507 4.56769,
	2.25279 4.59127,
	2.27072 4.61609,
	2.27847 4.64161,
	2.27588 4.66727,
	2.263 4.69251,
	2.24012 4.71678,
	2.20773 4.73955,
	2.16653 4.76032,
	2.11744 4.77865,
	2.06151 4.79412,
	1.99997 4.80641,
	1.93417 4.81524,
	1.86553 4.82042,
	1.79556 4.82184,
	1.72577 4.81947,
	1.6577 4.81337,
	1.59283 4.80365,
	1.53258 4.79054,
	1.47825 4.77432,
	1.43103 4.75534,
	1.39196 4.73403,
	1.36189 4.71083,
	1.34147 4.68627,
	"/>
</Transform>

<Transform dim="3"
 xcoef=" 0.462493384966779 1.25456401399526 0 0 0 0"
 ycoef=" -0.507340087184293 0 1.25456401399526 0 0 0">
<Contour name="D043" hidden="false" closed="true" simplified="true" border="0 0 1" fill="0 0 1" mode="13"
 points="2.4617 10.0435,
	2.46274 10.0182,
	2.46584 9.99316,
	2.47099 9.96854,
	2.47814 9.94458,
	2.48722 9.92148,
	2.49816 9.89946,
	2.51085 9.87871,
	2.52519 9.8594,
	2.54105 9.84171,
	2.55829 9.8258,
	2.57676 9.81179,
	2.5963 9.79983,
	2.61673 9.79,
	2.63788 9.78241,
	2.65956 9.77711,
	2.68158 9.77415,
	2.70374 9.77355,
	2.72586 9.77533,
	2.74773 9.77947,
	2.76917 9.78592,
	2.78998 9.79464,
	2.80999 9.80555,
	2.82902 9.81855,
	2.84689 9.83352,
	2.86346 9.85034,
	2.87858 9.86886,
	2.89211 9.88892,
	2.90393 9.91033,
	2.91395 9.93291,
	2.92208 9.95646,
	2.92823 9.98078,
	2.93237 10.0057,
	2.93444 10.0309,
	2.93444 10.0562,
	2.93237 10.0814,
	2.92823 10.1062,
	2.92208 10.1306,
	2.91395 10.1541,
	2.90393 10.1767,
	2.89211 10.1981,
	2.87858 10.2182,
	2.86346 10.2367,
	2.84689 10.2535,
	2.82902 10.2685,
	2.80999 10.2815,
	2.78998 10.2924,
	2.76917 10.3011,
	2.74773 10.3076,
	2.72586 10.3117,
	2.70374 10.3135,
	2.68158 10.3129,
	2.65956 10.3099,
	2.63788 10.3046,
	2.61673 10.297,
	2.5963 10.2872,
	2.57676 10.2752,
	2.55829 10.2612,
	2.54105 10.2453,
	2.52519 10.2276,
	2.51085 10.2083,
	2.49816 10.1876,
	2.48722 10.1655,
	2.47814 10.1425,
	2.47099 10.1185,
	2.46584 10.0939,
	2.46274 10.0688,
	"/>
</Transform>

<Transform dim="3"
 xcoef=" 0.462493384966779 1.25456401399526 0 0 0 0"
 ycoef=" -0.507340087184293 0 1.25456401399526 0 0 0">
<Contour name="D044" hidden="false" closed="true" simplified="true" border="0 0 1" fill="0 0 1" mode="13"
 points="5.74413 10.5419,
	5.74565 10.5216,
	5.75019 10.5017,
	5.75764 10.4826,
	5.76786 10.4648,
	5.78062 10.4485,
	5.79567 10.4342,
	5.81269 10.4222,
	5.83133 10.4127,
	5.8512 10.4058,
	5.87188 10.4018,
	5.89294 10.4007,
	5.91395 10.4025,
	5.93447 10.4072,
	5.95407 10.4148,
	5.97234 10.425,
	5.9889 10.4376,
	6.0034 10.4524,
	6.01556 10.4691,
	6.0251 10.4873,
	6.03183 10.5066,
	6.03562 10.5267,
	6.03638 10.547,
	6.0341 10.5673,
	6.02883 10.5871,
	6.02067 10.6059,
	6.00979 10.6233,
	5.99643 10.6391,
	5.98085 10.6529,
	5.96339 10.6643,
	5.94441 10.6732,
	5.9243 10.6794,
	5.90348 10.6827,
	5.88239 10.683,
	5.86146 10.6805,
	5.84114 10.675,
	5.82183 10.6668,
	5.80396 10.656,
	5.78788 10.6428,
	5.77394 10.6275,
	5.76241 10.6104,
	5.75356 10.5919,
	5.74755 10.5723,
	"/>
</Transform>

<Transform dim="3"
 xcoef=" 0.462493384966779 1.25456401399526 0 0 0 0"
 ycoef=" -0.507340087184293 0 1.25456401399526 0 0 0">
<Contour name="D045" hidden="false" closed="true" simplified="true" border="0 0 1" fill="0 0 1" mode="13"
 points="4.84326 11.2225,
	4.8443 11.2048,
	4.8474 11.1875,
	4.8525 11.1709,
	4.85948 11.1554,
	4.86821 11.1412,
	4.8785 11.1288,
	4.89014 11.1183,
	4.90289 11.11,
	4.91647 11.1041,
	4.93061 11.1006,
	4.94501 11.0996,
	4.95938 11.1012,
	4.97341 11.1053,
	4.98681 11.1119,
	4.9993 11.1208,
	5.01062 11.1317,
	5.02054 11.1446,
	5.02885 11.1591,
	5.03538 11.1749,
	5.03998 11.1918,
	5.04257 11.2092,
	5.04309 11.2269,
	5.04153 11.2446,
	5.03793 11.2618,
	5.03235 11.2781,
	5.02491 11.2933,
	5.01577 11.307,
	5.00512 11.319,
	4.99318 11.329,
	4.9802 11.3367,
	4.96645 11.3421,
	4.95222 11.3449,
	4.9378 11.3453,
	4.92349 11.343,
	4.90959 11.3383,
	4.89639 11.3311,
	4.88417 11.3217,
	4.87317 11.3102,
	4.86364 11.2969,
	4.85576 11.282,
	4.8497 11.2659,
	4.84559 11.2489,
	"/>
</Transform>

<Transform dim="3"
 xcoef=" 0.462493384966779 1.25456401399526 0 0 0 0"
 ycoef=" -0.507340087184293 0 1.25456401399526 0 0 0">
<Contour name="D047" hidden="false" closed="true" simplified="true" border="0 0 1" fill="0 0 1" mode="13"
 points="6.92222 2.00257,
	6.92375 1.95575,
	6.92831 1.90952,
	6.93584 1.86446,
	6.94626 1.82113,
	6.95942 1.78009,
	6.97517 1.74184,
	6.9933 1.70687,
	7.01359 1.67562,
	7.03579 1.64849,
	7.05961 1.6258,
	7.08475 1.60786,
	7.1109 1.59488,
	7.13773 1.58702,
	7.1649 1.58439,
	7.19207 1.58702,
	7.2189 1.59488,
	7.24505 1.60786,
	7.27019 1.6258,
	7.29401 1.64849,
	7.3162 1.67562,
	7.3365 1.70687,
	7.35463 1.74184,
	7.37038 1.78009,
	7.38354 1.82113,
	7.39396 1.86446,
	7.40149 1.90952,
	7.40605 1.95575,
	7.40757 2.00257,
	7.40605 2.04939,
	7.40149 2.09563,
	7.39396 2.14069,
	7.38354 2.18401,
	7.37038 2.22506,
	7.35463 2.2633,
	7.3365 2.29827,
	7.3162 2.32952,
	7.29401 2.35666,
	7.27019 2.37934,
	7.24505 2.39729,
	7.2189 2.41027,
	7.19207 2.41812,
	7.1649 2.42075,
	7.13773 2.41812,
	7.1109 2.41027,
	7.08475 2.39729,
	7.05961 2.37934,
	7.03579 2.35666,
	7.01359 2.32952,
	6.9933 2.29827,
	6.97517 2.2633,
	6.95942 2.22506,
	6.94626 2.18401,
	6.93584 2.14069,
	6.92831 2.09563,
	"/>
</Transform>

<Transform dim="3"
 xcoef=" 0.462493384966779 1.25456401399526 0 0 0 0"
 ycoef=" -0.507340087184293 0 1.25456401399526 0 0 0">
<Contour name="D048" hidden="false" closed="true" simplified="true" border="0 0 1" fill="0 0 1" mode="13"
 points="14.5712 9.31201,
	14.5746 9.2659,
	14.5843 9.22236,
	14.5999 9.18384,
	14.6206 9.15249,
	14.6451 9.13007,
	14.672 9.11783,
	14.7 9.11645,
	14.7274 9.12602,
	14.7526 9.14599,
	14.7743 9.17526,
	14.7913 9.21217,
	14.8026 9.25467,
	14.8075 9.30038,
	14.8059 9.34674,
	14.7977 9.39116,
	14.7835 9.43115,
	14.764 9.46447,
	14.7403 9.48926,
	14.7139 9.50414,
	14.686 9.50826,
	14.6583 9.5014,
	14.6324 9.48395,
	14.6097 9.45687,
	14.5914 9.42169,
	14.5786 9.38038,
	"/>
</Transform>

<Transform dim="3"
 xcoef=" 0.462493384966779 1.25456401399526 0 0 0 0"
 ycoef=" -0.507340087184293 0 1.25456401399526 0 0 0">
<Contour name="D049" hidden="false" closed="true" simplified="true" border="0 0 1" fill="0 0 1" mode="13"
 points="11.7815 4.13559,
	11.7834 4.11011,
	11.7893 4.08489,
	11.7991 4.06018,
	11.8126 4.03623,
	11.8297 4.01329,
	11.8503 3.99158,
	11.8741 3.97133,
	11.9009 3.95273,
	11.9305 3.93598,
	11.9625 3.92125,
	11.9966 3.90868,
	12.0324 3.8984,
	12.0697 3.89052,
	12.108 3.88511,
	12.1469 3.88223,
	12.1861 3.88191,
	12.2251 3.88415,
	12.2636 3.88893,
	12.3012 3.8962,
	12.3374 3.90589,
	12.372 3.9179,
	12.4045 3.9321,
	12.4347 3.94836,
	12.4623 3.96652,
	12.4868 3.98637,
	12.5083 4.00774,
	12.5263 4.0304,
	12.5407 4.05411,
	12.5514 4.07865,
	12.5582 4.10377,
	12.5612 4.12921,
	12.5602 4.15471,
	12.5553 4.18002,
	12.5465 4.20488,
	12.5339 4.22904,
	12.5177 4.25226,
	12.498 4.27429,
	12.4749 4.29493,
	12.4488 4.31396,
	12.4199 4.33119,
	12.3885 4.34644,
	12.3549 4.35956,
	12.3195 4.37043,
	12.2825 4.37892,
	12.2445 4.38495,
	12.2056 4.38846,
	12.1665 4.38943,
	12.1274 4.38782,
	12.0887 4.38367,
	12.0509 4.37702,
	12.0143 4.36793,
	11.9793 4.35649,
	11.9462 4.34282,
	11.9154 4.32706,
	11.8871 4.30937,
	11.8618 4.28992,
	11.8396 4.26891,
	11.8207 4.24655,
	11.8054 4.22308,
	11.7937 4.19872,
	11.7859 4.17372,
	"/>
</Transform>

<Transform dim="1"
 xcoef=" 0 1 0 0 0 0"
 ycoef=" -0.243605104633909 0 1 0 0 0">
<Contour name="D046_ax01" hidden="false" closed="true" simplified="false" border="0 1 1" fill="0 1 1" mode="-9"
 points="11.9431 2.77588,
	11.9533 2.76568,
	11.9125 2.72489,
	11.9227 2.71469,
	11.9635 2.75548,
	11.9737 2.74529,
	11.9737 2.77588,
	"/>
</Transform>

<Transform dim="1"
 xcoef=" 0 1 0 0 0 0"
 ycoef=" -0.243605104633909 0 1 0 0 0">
<Contour name="D054" hidden="false" closed="true" simplified="true" border="0 0 1" fill="0 0 1" mode="13"
 points="2.73855 1.78395,
	2.74116 1.74812,
	2.74878 1.71484,
	2.76088 1.68648,
	2.7766 1.66504,
	2.79482 1.65204,
	2.81425 1.64843,
	2.83351 1.65444,
	2.85122 1.66965,
	2.86613 1.69299,
	2.87719 1.72279,
	2.88359 1.75694,
	2.88489 1.793,
	2.88101 1.82842,
	2.8722 1.86068,
	2.8591 1.88749,
	2.84264 1.90694,
	2.82399 1.91765,
	2.80447 1.91886,
	2.78548 1.91048,
	2.76835 1.89311,
	2.75432 1.86798,
	2.74437 1.83688,
	"/>
</Transform>

<Transform dim="1"
 xcoef=" 0 1 0 0 0 0"
 ycoef=" -0.243605104633909 0 1 0 0 0">
<Contour name="D055" hidden="false" closed="true" simplified="true" border="0 0 1" fill="0 0 1" mode="13"
 points="1.07416 1.81165,
	1.07743 1.78325,
	1.08699 1.75678,
	1.10221 1.73406,
	1.12205 1.71662,
	1.14515 1.70565,
	1.16993 1.70192,
	1.19472 1.70565,
	1.21782 1.71662,
	1.23766 1.73406,
	1.25288 1.75678,
	1.26244 1.78325,
	1.26571 1.81165,
	1.26244 1.84005,
	1.25288 1.86652,
	1.23766 1.88925,
	1.21782 1.90669,
	1.19472 1.91765,
	1.16993 1.92139,
	1.14515 1.91765,
	1.12205 1.90669,
	1.10221 1.88925,
	1.08699 1.86652,
	"/>
</Transform>

<Transform dim="1"
 xcoef=" 0 1 0 0 0 0"
 ycoef=" -0.243605104633909 0 1 0 0 0">
<Contour name="D046_ax01" hidden="false" closed="true" simplified="false" border="0 1 1" fill="0 1 1" mode="11"
 points="12.2156 2.43087,
	12.2272 2.41933,
	12.181 2.37319,
	12.1925 2.36165,
	12.2387 2.4078,
	12.2502 2.39626,
	12.2502 2.43087,
	"/>
</Transform>

<Transform dim="1"
 xcoef=" 0 1 0 0 0 0"
 ycoef=" -0.243605104633909 0 1 0 0 0">
<Contour name="D046_ax01" hidden="false" closed="true" simplified="false" border="0 1 1" fill="0 1 1" mode="11"
 points="13.6344 1.03222,
	13.646 1.02069,
	13.5998 0.974546,
	13.6114 0.96301,
	13.6575 1.00915,
	13.6691 0.997616,
	13.6691 1.03222,
	"/>
</Transform>

<Transform dim="1"
 xcoef=" 0 1 0 0 0 0"
 ycoef=" -0.243605104633909 0 1 0 0 0">
<Contour name="D020_ax01" hidden="false" closed="true" simplified="false" border="0 1 1" fill="0 1 1" mode="11"
 points="11.8017 7.31684,
	11.8102 7.30834,
	11.7762 7.27433,
	11.7847 7.26583,
	11.8187 7.29984,
	11.8272 7.29133,
	11.8272 7.31684,
	"/>
</Transform>

<Transform dim="1"
 xcoef=" 0 1 0 0 0 0"
 ycoef=" -0.243605104633909 0 1 0 0 0">
<Contour name="d046_o17" hidden="false" closed="true" simplified="false" border="1 0 0" fill="1 0 0" mode="-13"
 points="11.8678 2.01895,
	11.8937 2.01895,
	11.8808 2.04266,
	"/>
</Transform>

<Transform dim="1"
 xcoef=" 0 1 0 0 0 0"
 ycoef=" -0.243605104633909 0 1 0 0 0">
<Contour name="D046" hidden="false" closed="true" simplified="true" border="0 0 1" fill="0 0 1" mode="13"
 points="12.053 1.94233,
	12.0535 1.93059,
	12.0551 1.91895,
	12.0577 1.9075,
	12.0612 1.89633,
	12.0658 1.88554,
	12.0713 1.87521,
	12.0776 1.86543,
	12.0849 1.85628,
	12.0929 1.84784,
	12.1016 1.84016,
	12.1109 1.83332,
	12.1208 1.82737,
	12.1312 1.82235,
	12.142 1.81832,
	12.1532 1.8153,
	12.1645 1.81332,
	12.176 1.81239,
	12.1875 1.81252,
	12.1989 1.81372,
	12.2102 1.81596,
	12.2212 1.81924,
	12.2319 1.82352,
	12.2422 1.82877,
	12.252 1.83495,
	12.2612 1.842,
	12.2698 1.84988,
	12.2776 1.85851,
	12.2846 1.86782,
	12.2907 1.87775,
	12.296 1.8882,
	12.3003 1.89909,
	12.3036 1.91034,
	12.3059 1.92185,
	12.3072 1.93352,
	12.3075 1.94527,
	12.3067 1.95699,
	12.3049 1.96859,
	12.3021 1.97998,
	12.2983 1.99106,
	12.2935 2.00175,
	12.2878 2.01194,
	12.2812 2.02157,
	12.2737 2.03056,
	12.2656 2.03882,
	12.2567 2.04629,
	12.2472 2.05291,
	12.2371 2.05864,
	12.2266 2.06341,
	12.2157 2.06719,
	12.2046 2.06995,
	12.1932 2.07167,
	12.1817 2.07233,
	12.1702 2.07194,
	12.1588 2.07048,
	12.1476 2.06798,
	12.1366 2.06445,
	12.126 2.05992,
	12.1158 2.05443,
	12.1062 2.04803,
	12.0971 2.04076,
	12.0888 2.03269,
	12.0812 2.02388,
	12.0744 2.01441,
	12.0684 2.00434,
	12.0634 1.99378,
	12.0593 1.98279,
	12.0562 1.97146,
	12.0542 1.95991,
	"/>
</Transform>

<Transform dim="1"
 xcoef=" 0 1 0 0 0 0"
 ycoef=" -0.243605104633909 0 1 0 0 0">
<Contour name="D057" hidden="false" closed="true" simplified="true" border="0 0 1" fill="0 0 1" mode="11"
 points="8.2231 9.76393,
	8.22358 9.7549,
	8.22505 9.74596,
	8.22746 9.73722,
	8.23081 9.72877,
	8.23505 9.7207,
	8.24015 9.71309,
	8.24603 9.70603,
	8.25265 9.69959,
	8.25992 9.69385,
	8.26778 9.68886,
	8.27613 9.68468,
	8.28489 9.68136,
	8.29396 9.67892,
	8.30324 9.6774,
	8.31264 9.67682,
	8.32205 9.67717,
	8.33137 9.67845,
	8.3405 9.68066,
	8.34935 9.68377,
	8.35781 9.68774,
	8.3658 9.69253,
	8.37323 9.69809,
	8.38001 9.70436,
	8.38609 9.71127,
	8.39138 9.71875,
	8.39584 9.72671,
	8.39942 9.73508,
	8.40207 9.74376,
	8.40377 9.75265,
	8.40451 9.76167,
	8.40426 9.77071,
	8.40304 9.77968,
	8.40086 9.78847,
	8.39774 9.79701,
	8.39372 9.80518,
	8.38884 9.81292,
	8.38315 9.82012,
	8.37671 9.82672,
	8.36959 9.83264,
	8.36187 9.83783,
	8.35363 9.84221,
	8.34497 9.84575,
	8.33597 9.84841,
	8.32673 9.85016,
	8.31735 9.85098,
	8.30793 9.85087,
	8.29858 9.84981,
	8.28939 9.84783,
	8.28046 9.84495,
	8.2719 9.84119,
	8.26378 9.8366,
	8.25621 9.83123,
	8.24925 9.82513,
	8.24299 9.81837,
	8.2375 9.81103,
	8.23282 9.80318,
	8.22902 9.7949,
	8.22614 9.7863,
	8.22419 9.77745,
	"/>
</Transform>

<Transform dim="1"
 xcoef=" 0 1 0 0 0 0"
 ycoef=" -0.243605104633909 0 1 0 0 0">
<Contour name="D057 ax01" hidden="false" closed="true" simplified="false" border="0 1 1" fill="0 1 1" mode="-9"
 points="3.09312 1.75305,
	3.11047 1.73569,
	3.04106 1.66628,
	3.05841 1.64893,
	3.12782 1.71834,
	3.14518 1.70099,
	3.14518 1.75305,
	"/>
</Transform>

<Transform dim="1"
 xcoef=" 0 1 0 0 0 0"
 ycoef=" -0.243605104633909 0 1 0 0 0">
<Contour name="d046_p17" hidden="false" closed="true" simplified="true" border="1 1 0" fill="1 1 0" mode="11"
 points="11.2506 1.99766,
	11.2573 1.98693,
	11.2606 1.98157,
	11.2693 1.97084,
	11.2801 1.96012,
	11.2827 1.95777,
	11.2841 1.95643,
	11.2864 1.9457,
	11.2868 1.94034,
	11.2871 1.93766,
	11.2864 1.9323,
	11.2807 1.91085,
	11.2797 1.90548,
	11.2791 1.9028,
	11.2831 1.88135,
	11.2931 1.87062,
	11.2985 1.86526,
	11.3012 1.86258,
	11.3032 1.8599,
	11.3096 1.84917,
	11.3126 1.84381,
	11.3136 1.84247,
	11.3189 1.83945,
	11.3216 1.83878,
	11.323 1.83811,
	11.3337 1.83677,
	11.339 1.83778,
	11.3417 1.83811,
	11.3525 1.8428,
	11.3578 1.84582,
	11.3632 1.85118,
	11.3659 1.85387,
	11.3712 1.85755,
	11.382 1.86325,
	11.3927 1.86828,
	11.4034 1.87264,
	11.4088 1.87465,
	11.4141 1.87766,
	11.4249 1.88671,
	11.4275 1.88805,
	11.443 1.90951,
	11.4507 1.92023,
	11.4543 1.92559,
	11.459 1.93096,
	11.4627 1.93632,
	11.4644 1.939,
	11.4698 1.94436,
	11.4805 1.95107,
	11.4912 1.95509,
	11.4966 1.9571,
	11.4993 1.95811,
	11.5207 1.95878,
	11.5261 1.95811,
	11.5288 1.95811,
	11.5341 1.9571,
	11.5368 1.95677,
	11.5797 1.94168,
	11.5851 1.94068,
	11.5958 1.94001,
	11.6065 1.94034,
	11.6172 1.94537,
	11.6226 1.94805,
	11.6333 1.95576,
	11.636 1.95744,
	11.6387 1.95811,
	11.64 1.95878,
	11.6508 1.96012,
	11.6561 1.95978,
	11.6615 1.95811,
	11.6642 1.95744,
	11.6749 1.95274,
	11.6803 1.95006,
	11.6856 1.94805,
	11.6963 1.94637,
	11.699 1.94604,
	11.7098 1.94704,
	11.7151 1.94872,
	11.7178 1.94906,
	11.7285 1.94839,
	11.7312 1.94839,
	11.7319 1.94839,
	11.7426 1.938,
	11.748 1.9333,
	11.7533 1.92928,
	11.756 1.92727,
	11.7614 1.92459,
	11.7667 1.92291,
	11.7694 1.92191,
	11.7909 1.92023,
	11.8016 1.91956,
	11.807 1.91956,
	11.8123 1.91855,
	11.8137 1.91822,
	11.815 1.91721,
	11.8204 1.91554,
	11.8217 1.9152,
	11.8224 1.91554,
	11.8284 1.95844,
	11.8334 2.04425,
	11.8365 2.08715,
	11.8381 2.1086,
	11.8435 2.1515,
	11.8475 2.17295,
	11.8495 2.18368,
	11.8505 2.18904,
	11.8576 2.21049,
	11.8613 2.22122,
	11.8629 2.22658,
	11.8633 2.22725,
	11.8626 2.22759,
	11.8519 2.22357,
	11.8505 2.2229,
	11.8502 2.22223,
	11.8287 2.21485,
	11.8261 2.21385,
	11.8153 2.21251,
	11.8046 2.21318,
	11.7939 2.21217,
	11.7885 2.21184,
	11.7778 2.21318,
	11.7671 2.21519,
	11.7563 2.21854,
	11.751 2.22021,
	11.7483 2.22122,
	11.7376 2.2229,
	11.6947 2.22725,
	11.6839 2.22859,
	11.6732 2.22926,
	11.6679 2.23027,
	11.6464 2.23697,
	11.641 2.23865,
	11.6303 2.24401,
	11.6276 2.24535,
	11.6263 2.24602,
	11.6169 2.25675,
	11.6146 2.25943,
	11.6082 2.27016,
	11.5931 2.29161,
	11.5918 2.29429,
	11.5707 2.31138,
	11.5492 2.3258,
	11.5438 2.32881,
	11.5331 2.3335,
	11.5304 2.33485,
	11.5291 2.33552,
	11.5184 2.34591,
	11.513 2.35093,
	11.5103 2.35362,
	11.509 2.35496,
	11.506 2.36032,
	11.5043 2.363,
	11.4983 2.38445,
	11.4956 2.39518,
	11.4939 2.40054,
	11.4895 2.42199,
	11.4802 2.44344,
	11.4745 2.45417,
	11.4728 2.45685,
	11.4621 2.46556,
	11.4513 2.4716,
	11.4487 2.47294,
	11.4379 2.47495,
	11.4326 2.47361,
	11.4299 2.47327,
	11.4285 2.47294,
	11.4235 2.46925,
	11.4218 2.46657,
	11.4208 2.46523,
	11.4148 2.44378,
	11.4138 2.43841,
	11.4135 2.43573,
	11.4145 2.42501,
	11.4165 2.41428,
	11.4178 2.40892,
	11.4195 2.38747,
	11.4178 2.34457,
	11.4175 2.33384,
	11.4171 2.32848,
	11.4148 2.31775,
	11.4091 2.2963,
	11.4061 2.28557,
	11.4047 2.28021,
	11.3974 2.25876,
	11.3954 2.2534,
	11.3944 2.25072,
	11.39 2.22926,
	11.3836 2.20781,
	11.3799 2.19709,
	11.3779 2.19172,
	11.3548 2.10592,
	11.3504 2.09519,
	11.3444 2.08447,
	11.3411 2.0791,
	11.339 2.07676,
	11.3176 2.0657,
	11.3122 2.06302,
	11.3069 2.05966,
	11.3042 2.05866,
	11.3028 2.05832,
	11.2975 2.05497,
	11.2868 2.05061,
	11.2814 2.04793,
	11.2787 2.04659,
	11.2734 2.04291,
	11.2707 2.04089,
	11.2693 2.04022,
	11.264 2.03553,
	11.2616 2.03285,
	11.2603 2.03151,
	11.2553 2.02078,
	11.2516 2.01006,
	11.2506 1.99933,
	11.2506 1.99799,
	"/>
</Transform>

<Transform dim="0"
 xcoef=" 0 1 0 0 0 0"
 ycoef=" 0 0 1 0 0 0">
<Contour name="d046_checked" hidden="false" closed="true" simplified="false" border="0 1 0" fill="0 1 0" mode="-13"
 points="12.2754 2.47758,
	12.2818 2.46853,
	12.2754 2.45949,
	12.2793 2.45949,
	12.2844 2.46724,
	12.2896 2.45949,
	12.2935 2.45949,
	12.287 2.46853,
	12.2935 2.47758,
	12.2896 2.47758,
	12.2844 2.46983,
	12.2793 2.47758,
	"/>
</Transform>

<Transform dim="0"
 xcoef=" 0 1 0 0 0 0"
 ycoef=" 0 0 1 0 0 0">
<Contour name="d046" hidden="false" closed="true" simplified="true" border="1 1 0" fill="1 1 0" mode="11"
 points="11.7108 2.28134,
	11.7152 2.24595,
	11.7208 2.22826,
	11.7241 2.21941,
	11.7351 2.20172,
	11.7484 2.18403,
	11.7517 2.1796,
	11.7694 2.17186,
	11.7871 2.16855,
	11.796 2.16412,
	11.8136 2.15859,
	11.8313 2.14643,
	11.8358 2.14422,
	11.8457 2.12652,
	11.8501 2.11768,
	11.8535 2.09998,
	11.8689 2.0646,
	11.8778 2.02921,
	11.8822 1.99382,
	11.8844 1.97613,
	11.8922 1.95844,
	11.8955 1.94959,
	11.901 1.94074,
	11.9176 1.92416,
	11.9264 1.91641,
	11.9618 1.89762,
	11.9972 1.88656,
	12.0149 1.88213,
	12.0503 1.87992,
	12.068 1.87882,
	12.1034 1.88103,
	12.1211 1.88213,
	12.1388 1.88766,
	12.1476 1.89209,
	12.152 1.8943,
	12.1565 1.89872,
	12.1918 1.9131,
	12.2272 1.92968,
	12.2449 1.93853,
	12.2626 1.94959,
	12.277 1.96728,
	12.2947 1.97945,
	12.308 1.99714,
	12.319 2.01483,
	12.3257 2.02368,
	12.3433 2.04137,
	12.3743 2.07676,
	12.3909 2.09445,
	12.4185 2.12984,
	12.4329 2.14753,
	12.4384 2.15638,
	12.4462 2.17407,
	12.455 2.18071,
	12.4595 2.18513,
	12.4683 2.19066,
	12.4772 2.19951,
	12.5048 2.2349,
	12.5136 2.25259,
	12.5159 2.25701,
	12.517 2.26586,
	12.5136 2.30125,
	12.5125 2.31894,
	12.5059 2.35433,
	12.5015 2.37202,
	12.4982 2.38087,
	12.4971 2.38529,
	12.4871 2.40298,
	12.4694 2.41846,
	12.4606 2.42399,
	12.4561 2.4251,
	12.4384 2.43726,
	12.4208 2.44722,
	12.4031 2.45385,
	12.3854 2.4627,
	12.3765 2.46823,
	12.3677 2.47597,
	12.3633 2.47818,
	12.3555 2.48703,
	12.3378 2.5014,
	12.3201 2.51025,
	12.3113 2.51246,
	12.2405 2.51135,
	12.2317 2.51135,
	12.1963 2.5014,
	12.1609 2.49477,
	12.1255 2.49366,
	12.0547 2.49587,
	12.037 2.49587,
	12.0016 2.49034,
	11.9839 2.48924,
	11.9817 2.48813,
	11.964 2.49477,
	11.9552 2.49808,
	11.9375 2.49919,
	11.9287 2.49808,
	11.9198 2.49477,
	11.9154 2.49256,
	11.8977 2.49256,
	11.8888 2.48813,
	11.8844 2.48592,
	11.8822 2.48371,
	11.8778 2.4826,
	11.8734 2.47929,
	11.8645 2.47707,
	11.8601 2.47597,
	11.8557 2.47265,
	11.838 2.46823,
	11.8203 2.46049,
	11.8181 2.46049,
	11.8159 2.45827,
	11.807 2.45606,
	11.8026 2.45274,
	11.7982 2.45164,
	11.7937 2.44832,
	11.7915 2.44832,
	11.7827 2.44058,
	11.7738 2.43505,
	11.7716 2.43284,
	11.7694 2.43284,
	11.7528 2.41625,
	11.7285 2.38197,
	11.7274 2.37755,
	11.7241 2.37312,
	11.7163 2.33774,
	11.713 2.32004,
	11.7108 2.3112,
	11.7108 2.2935,
	11.7108 2.28466,
	11.7108 2.28245,
	"/>
</Transform>

<Transform dim="0"
 xcoef=" 0 1 0 0 0 0"
 ycoef=" 0 0 1 0 0 0">
<Contour name="d046_checked" hidden="false" closed="true" simplified="false" border="0 1 0" fill="0 1 0" mode="-13"
 points="11.8706 2.27822,
	11.8774 2.26869,
	11.8706 2.25916,
	11.8747 2.25916,
	11.8801 2.26733,
	11.8855 2.25916,
	11.8896 2.25916,
	11.8828 2.26869,
	11.8896 2.27822,
	11.8855 2.27822,
	11.8801 2.27005,
	11.8747 2.27822,
	"/>
</Transform>

<Transform dim="0"
 xcoef=" 0 1 0 0 0 0"
 ycoef=" 0 0 1 0 0 0">
<Contour name="d046_cfa16_shaft_symmetric" hidden="false" closed="false" simplified="false" border="0 1 0" fill="0 1 0" mode="11"
 points="12.4483 2.41092,
	12.4173 2.42313,
	12.3985 2.43253,
	12.3759 2.44756,
	12.3365 2.47104,
	12.3064 2.48514,
	12.2754 2.48983,
	12.2454 2.48889,
	12.2237 2.48607,
	12.1937 2.48138,
	12.1674 2.47574,
	12.1383 2.4748,
	12.0622 2.47762,
	"/>
<Contour name="d046_c16_shaft_symmetric" hidden="false" closed="true" simplified="true" border="0 0 1" fill="0 0 1" mode="11"
 points="12.058 2.52245,
	12.0589 2.52151,
	12.0599 2.52527,
	12.0608 2.52621,
	12.0608 2.49615,
	12.0608 2.48112,
	12.0608 2.4736,
	12.0636 2.46609,
	12.0646 2.46233,
	12.0711 2.45763,
	12.1012 2.4473,
	12.1313 2.44542,
	12.1463 2.44448,
	12.1764 2.44542,
	12.1914 2.44636,
	12.2515 2.44354,
	12.2816 2.44072,
	12.2966 2.43884,
	12.3267 2.42851,
	12.3417 2.42381,
	12.3718 2.41066,
	12.3868 2.4022,
	12.4018 2.39563,
	12.4319 2.38905,
	12.4469 2.40126,
	12.4544 2.40784,
	12.4601 2.41535,
	12.4629 2.41911,
	12.4695 2.44918,
	12.4713 2.45669,
	12.4723 2.46045,
	12.4638 2.49051,
	12.4629 2.49427,
	12.4488 2.50742,
	12.4187 2.53091,
	12.415 2.53373,
	12.3549 2.55252,
	12.3398 2.55721,
	12.2196 2.57694,
	12.2045 2.57976,
	12.1745 2.5807,
	12.1444 2.57976,
	12.1144 2.576,
	12.0843 2.56849,
	12.0693 2.56191,
	12.0655 2.56003,
	12.0627 2.55627,
	12.058 2.54124,
	12.058 2.52621,
	12.058 2.52339,
	"/>
</Transform>

<Transform dim="0"
 xcoef=" 0 1 0 0 0 0"
 ycoef=" 0 0 1 0 0 0">
<Contour name="D046_ax01" hidden="false" closed="true" simplified="false" border="0 1 1" fill="0 1 1" mode="-11"
 points="13.2102 3.44806,
	13.2196 3.43868,
	13.1821 3.40116,
	13.1914 3.39178,
	13.229 3.4293,
	13.2383 3.41992,
	13.2383 3.44806,
	"/>
</Transform>

<Transform dim="0"
 xcoef=" 0 1 0 0 0 0"
 ycoef=" 0 0 1 0 0 0">
<Contour name="D046_ax01" hidden="false" closed="true" simplified="false" border="0 1 1" fill="0 1 1" mode="-11"
 points="9.13915 6.30117,
	9.15298 6.28735,
	9.09767 6.23204,
	9.1115 6.21822,
	9.1668 6.27352,
	9.18063 6.25969,
	9.18063 6.30117,
	"/>
</Transform>

<Transform dim="1"
 xcoef=" 0.36864869373539 1 0 0 0 0"
 ycoef=" -0.404395536237826 0 1 0 0 0">
<Image mag="0.00201646" contrast="2.05822" brightness="-1.12" red="true" green="true" blue="true"
 src="079____z78.0.tif" />
<Contour name="domain1" hidden="false" closed="true" simplified="false" border="1 0 1" fill="1 0 1" mode="11"
 points="0 0,
	9551 0,
	9551 5063,
	0 5063,
	"/>
</Transform>

<Transform dim="0"
 xcoef=" 0 1 0 0 0 0"
 ycoef=" 0 0 1 0 0 0">
<Contour name="d046_cfa17" hidden="false" closed="false" simplified="false" border="0 1 0" fill="0 1 0" mode="11"
 points="11.3186 2.20133,
	11.3457 2.25927,
	11.3728 2.31594,
	11.399 2.39376,
	11.4155 2.44239,
	"/>
</Transform>

<Transform dim="0"
 xcoef=" 0 1 0 0 0 0"
 ycoef=" 0 0 1 0 0 0">
<Contour name="d046_c17" hidden="false" closed="true" simplified="true" border="1 0 0" fill="1 0 0" mode="11"
 points="11.2277 2.25162,
	11.2298 2.24485,
	11.2302 2.24147,
	11.2327 2.2347,
	11.234 2.23259,
	11.234 2.23174,
	11.2357 2.23005,
	11.2391 2.22329,
	11.2399 2.22244,
	11.2399 2.22159,
	11.2441 2.2161,
	11.2467 2.21314,
	11.2522 2.20848,
	11.2539 2.20764,
	11.2539 2.20679,
	11.2556 2.20637,
	11.2568 2.2051,
	11.2573 2.20425,
	11.259 2.20383,
	11.2598 2.20299,
	11.2606 2.20299,
	11.2615 2.20214,
	11.2649 2.20129,
	11.2666 2.20129,
	11.2699 2.1996,
	11.2716 2.1996,
	11.2725 2.19876,
	11.2759 2.19833,
	11.2776 2.19833,
	11.2784 2.19749,
	11.2818 2.19664,
	11.2835 2.19664,
	11.2902 2.19453,
	11.2936 2.19453,
	11.297 2.19368,
	11.3038 2.19368,
	11.3072 2.19241,
	11.3139 2.19199,
	11.3275 2.19284,
	11.3406 2.1958,
	11.344 2.19664,
	11.3456 2.19749,
	11.3465 2.19749,
	11.3473 2.19833,
	11.349 2.19833,
	11.3524 2.1996,
	11.3651 2.20848,
	11.3685 2.2106,
	11.371 2.21356,
	11.3714 2.21483,
	11.3731 2.21652,
	11.3748 2.21736,
	11.3774 2.22075,
	11.3795 2.22329,
	11.3812 2.22455,
	11.382 2.22794,
	11.3896 2.24063,
	11.3909 2.24401,
	11.3917 2.24485,
	11.3917 2.24655,
	11.396 2.26008,
	11.3981 2.26642,
	11.3994 2.27996,
	11.4002 2.28334,
	11.4006 2.28503,
	11.4006 2.28588,
	11.4015 2.2863,
	11.4057 2.29983,
	11.4057 2.30068,
	11.4065 2.30153,
	11.4104 2.31506,
	11.415 2.32859,
	11.4154 2.33198,
	11.4159 2.33367,
	11.4159 2.33451,
	11.4167 2.33536,
	11.4167 2.33705,
	11.4167 2.3379,
	11.4175 2.33832,
	11.4175 2.34001,
	11.4188 2.34339,
	11.4197 2.34509,
	11.4197 2.34678,
	11.4205 2.34847,
	11.4218 2.35524,
	11.4226 2.35693,
	11.4226 2.35862,
	11.4239 2.362,
	11.4239 2.36285,
	11.4247 2.36369,
	11.4247 2.36539,
	11.426 2.36877,
	11.4268 2.37046,
	11.4268 2.37215,
	11.4294 2.37892,
	11.4294 2.37977,
	11.4302 2.38061,
	11.4307 2.38399,
	11.4353 2.39753,
	11.437 2.41106,
	11.4366 2.42459,
	11.4357 2.42798,
	11.4336 2.43136,
	11.4323 2.43263,
	11.4323 2.43348,
	11.4298 2.43601,
	11.4285 2.43771,
	11.4222 2.44193,
	11.4205 2.44236,
	11.4188 2.44363,
	11.4053 2.44743,
	11.4019 2.44828,
	11.4011 2.44828,
	11.3977 2.45039,
	11.3909 2.45208,
	11.3875 2.45251,
	11.3867 2.45251,
	11.3862 2.45335,
	11.3795 2.4542,
	11.3761 2.4542,
	11.3744 2.45505,
	11.3676 2.45589,
	11.3643 2.45589,
	11.3609 2.45674,
	11.3473 2.45716,
	11.3406 2.45674,
	11.3389 2.45674,
	11.3355 2.45505,
	11.3351 2.4542,
	11.3342 2.4542,
	11.3279 2.44997,
	11.3275 2.44912,
	11.3266 2.44912,
	11.3253 2.44743,
	11.3237 2.44659,
	11.3182 2.44024,
	11.316 2.43728,
	11.3152 2.43644,
	11.3152 2.43559,
	11.3127 2.43305,
	11.3114 2.43221,
	11.3089 2.42925,
	11.3072 2.42629,
	11.3012 2.41952,
	11.2962 2.41402,
	11.2945 2.41275,
	11.2902 2.40641,
	11.289 2.40472,
	11.2877 2.40387,
	11.2873 2.40218,
	11.2826 2.39626,
	11.2809 2.39499,
	11.2793 2.39288,
	11.2793 2.39203,
	11.2767 2.38907,
	11.275 2.38696,
	11.275 2.38611,
	11.2729 2.38315,
	11.2716 2.38188,
	11.2712 2.38019,
	11.2699 2.37934,
	11.2644 2.37258,
	11.2556 2.35989,
	11.2518 2.35439,
	11.2509 2.35143,
	11.2488 2.34847,
	11.2488 2.34762,
	11.2463 2.34466,
	11.2446 2.34128,
	11.2429 2.33917,
	11.2408 2.33282,
	11.2378 2.32605,
	11.237 2.32267,
	11.2365 2.32098,
	11.2365 2.32013,
	11.2357 2.31929,
	11.2353 2.3159,
	11.234 2.31252,
	11.234 2.31083,
	11.2319 2.30406,
	11.2315 2.30068,
	11.2302 2.2973,
	11.2285 2.28376,
	11.2277 2.27023,
	11.2277 2.2567,
	11.2277 2.25331,
	11.2277 2.25204,
	"/>
</Transform>

<Transform dim="1"
 xcoef=" 0.01 1 0 0 0 0"
 ycoef=" 0.06 0 1 0 0 0">
<Contour name="d046_o16_shaft_symmetric" hidden="false" closed="true" simplified="false" border="1 0 0" fill="1 0 0" mode="-13"
 points="12.272 2.4579,
	12.2968 2.4579,
	12.2844 2.48059,
	"/>
</Transform>

<Transform dim="0"
 xcoef=" 0 1 0 0 0 0"
 ycoef=" 0 0 1 0 0 0">
<Contour name="d046_SER_p17" hidden="false" closed="true" simplified="false" border="1 0.501961 0" fill="1 0.501961 0" mode="11"
 points="11.7903 2.3423,
	11.7903 2.32657,
	11.8061 2.32657,
	11.8061 2.31083,
	11.8218 2.31083,
	11.8218 2.32657,
	11.8376 2.32657,
	11.8376 2.3423,
	11.8218 2.3423,
	11.8218 2.35804,
	11.8061 2.35804,
	11.8061 2.3423,
	"/>
</Transform>

</Section>