<?xml version="1.0"?>
<!DOCTYPE Section SYSTEM "section.dtd">

<Section index="136" thickness="0.052" alignLocked="true">
<Transform dim="1"
 xcoef=" 9.55734081607603 1 0 0 0 0"
 ycoef=" 13.1982642286224 0 1 0 0 0">
<Contour name="D020" hidden="false" closed="true" simplified="true" border="0 0 1" fill="0 0 1" mode="13"
 points="19.5195 19.3178,
	19.5202 19.3059,
	19.5221 19.2941,
	19.5253 19.2826,
	19.5296 19.2715,
	19.5352 19.2609,
	19.5418 19.2509,
	19.5495 19.2417,
	19.5581 19.2333,
	19.5676 19.2259,
	19.5778 19.2195,
	19.5887 19.2142,
	19.6 19.21,
	19.6118 19.2071,
	19.6238 19.2053,
	19.6359 19.2049,
	19.648 19.2056,
	19.6599 19.2077,
	19.6716 19.2109,
	19.6828 19.2154,
	19.6935 19.221,
	19.7035 19.2277,
	19.7128 19.2353,
	19.7212 19.2439,
	19.7287 19.2533,
	19.735 19.2635,
	19.7403 19.2742,
	19.7444 19.2854,
	19.7472 19.297,
	19.7488 19.3088,
	19.7491 19.3208,
	19.7482 19.3326,
	19.7459 19.3444,
	19.7425 19.3558,
	19.7378 19.3668,
	19.732 19.3772,
	19.7251 19.387,
	19.7171 19.396,
	19.7083 19.4042,
	19.6986 19.4114,
	19.6882 19.4175,
	19.6772 19.4225,
	19.6658 19.4264,
	19.654 19.429,
	19.6419 19.4304,
	19.6298 19.4306,
	19.6177 19.4295,
	19.6059 19.4272,
	19.5943 19.4236,
	19.5832 19.4189,
	19.5726 19.413,
	19.5628 19.4061,
	19.5537 19.3981,
	19.5455 19.3893,
	19.5384 19.3797,
	19.5323 19.3694,
	19.5273 19.3586,
	19.5235 19.3472,
	19.521 19.3356,
	"/>
</Transform>

<Transform dim="1"
 xcoef=" 0.19922672676595 1 0 0 0 0"
 ycoef=" 0.470305715644209 0 1 0 0 0">
<Contour name="D052 " hidden="false" closed="true" simplified="true" border="0 0 1" fill="0 0 1" mode="13"
 points="5.83974 -0.770363,
	5.8429 -0.792664,
	5.85226 -0.814249,
	5.86753 -0.834423,
	5.88821 -0.852538,
	5.91364 -0.868012,
	5.94301 -0.880347,
	5.97536 -0.889147,
	6.00967 -0.89413,
	6.04482 -0.895135,
	6.07968 -0.892129,
	6.11315 -0.88521,
	6.14413 -0.874599,
	6.17164 -0.860638,
	6.19479 -0.843776,
	6.21284 -0.824554,
	6.22521 -0.80359,
	6.23149 -0.781559,
	6.23149 -0.759167,
	6.22521 -0.737136,
	6.21284 -0.716172,
	6.19479 -0.69695,
	6.17164 -0.680088,
	6.14413 -0.666127,
	6.11315 -0.655516,
	6.07968 -0.648597,
	6.04482 -0.645591,
	6.00967 -0.646596,
	5.97536 -0.651578,
	5.94301 -0.660379,
	5.91364 -0.672714,
	5.88821 -0.688188,
	5.86753 -0.706303,
	5.85226 -0.726477,
	"/>
</Transform>

<Transform dim="1"
 xcoef=" 0.19922672676595 1 0 0 0 0"
 ycoef=" 0.470305715644209 0 1 0 0 0">
<Contour name="D054" hidden="false" closed="true" simplified="true" border="0 0 1" fill="0 0 1" mode="13"
 points="1.75978 0.906475,
	1.76165 0.886989,
	1.7672 0.868094,
	1.77627 0.850366,
	1.78858 0.834343,
	1.80376 0.820512,
	1.82134 0.809292,
	1.84079 0.801026,
	1.86152 0.795963,
	1.8829 0.794258,
	1.90428 0.795963,
	1.92501 0.801026,
	1.94447 0.809292,
	1.96205 0.820512,
	1.97722 0.834343,
	1.98953 0.850366,
	1.9986 0.868094,
	2.00416 0.886989,
	2.00603 0.906475,
	2.00416 0.925961,
	1.9986 0.944855,
	1.98953 0.962583,
	1.97722 0.978606,
	1.96205 0.992438,
	1.94447 1.00366,
	1.92501 1.01192,
	1.90428 1.01699,
	1.8829 1.01869,
	1.86152 1.01699,
	1.84079 1.01192,
	1.82134 1.00366,
	1.80376 0.992438,
	1.78858 0.978606,
	1.77627 0.962583,
	1.7672 0.944855,
	1.76165 0.925961,
	"/>
</Transform>

<Transform dim="1"
 xcoef=" 0.19922672676595 1 0 0 0 0"
 ycoef=" 0.470305715644209 0 1 0 0 0">
<Contour name="D019" hidden="false" closed="true" simplified="true" border="0 0 1" fill="0 0 1" mode="13"
 points="4.45622 4.84691,
	4.45784 4.83039,
	4.46268 4.81435,
	4.47059 4.79921,
	4.48135 4.78541,
	4.49465 4.77333,
	4.51014 4.76331,
	4.52737 4.75564,
	4.54586 4.75052,
	4.56509 4.74809,
	4.58453 4.74844,
	4.60362 4.75155,
	4.62185 4.75732,
	4.63868 4.76561,
	4.65366 4.77617,
	4.66637 4.78871,
	4.67644 4.80288,
	4.68359 4.81829,
	4.68764 4.8345,
	4.68845 4.85105,
	4.68601 4.86749,
	4.68039 4.88335,
	4.67175 4.89819,
	4.66032 4.9116,
	4.64643 4.92319,
	4.63047 4.93265,
	4.61288 4.9397,
	4.59415 4.94416,
	4.57482 4.94589,
	4.55541 4.94485,
	4.53649 4.94107,
	4.51857 4.93464,
	4.50215 4.92577,
	4.4877 4.91468,
	4.47563 4.90169,
	4.46626 4.88717,
	4.45987 4.87153,
	"/>
</Transform>

<Transform dim="1"
 xcoef=" 0.19922672676595 1 0 0 0 0"
 ycoef=" 0.470305715644209 0 1 0 0 0">
<Contour name="D021" hidden="false" closed="true" simplified="true" border="0 0 1" fill="0 0 1" mode="13"
 points="6.0962 7.54059,
	6.09704 7.52368,
	6.09954 7.50695,
	6.10368 7.49058,
	6.10942 7.47475,
	6.11669 7.45963,
	6.12541 7.44539,
	6.13549 7.43217,
	6.14683 7.42011,
	6.15929 7.40936,
	6.17275 7.40002,
	6.18706 7.3922,
	6.20206 7.38597,
	6.2176 7.38141,
	6.23351 7.37857,
	6.24961 7.37747,
	6.26573 7.37813,
	6.2817 7.38054,
	6.29735 7.38467,
	6.3125 7.39049,
	6.327 7.39792,
	6.34069 7.40689,
	6.35341 7.4173,
	6.36504 7.42904,
	6.37545 7.44198,
	6.38452 7.45598,
	6.39216 7.4709,
	6.39829 7.48657,
	6.40283 7.50282,
	6.40575 7.51947,
	6.407 7.53635,
	6.40659 7.55328,
	6.4045 7.57008,
	6.40076 7.58655,
	6.39542 7.60253,
	6.38853 7.61784,
	6.38016 7.63232,
	6.3704 7.64581,
	6.35937 7.65817,
	6.34718 7.66926,
	6.33395 7.67896,
	6.31984 7.68717,
	6.305 7.69381,
	6.28958 7.69879,
	6.27375 7.70207,
	6.25768 7.7036,
	6.24155 7.70338,
	6.22552 7.70141,
	6.20978 7.6977,
	6.19449 7.6923,
	6.17981 7.68527,
	6.16591 7.67667,
	6.15293 7.66661,
	6.14101 7.65519,
	6.13029 7.64254,
	6.12087 7.62879,
	6.11287 7.61409,
	6.10635 7.59859,
	6.10141 7.58247,
	6.09808 7.5659,
	"/>
</Transform>

<Transform dim="1"
 xcoef=" 0.19922672676595 1 0 0 0 0"
 ycoef=" 0.470305715644209 0 1 0 0 0">
<Contour name="D025" hidden="false" closed="true" simplified="true" border="0 0 1" fill="0 0 1" mode="13"
 points="4.0821 4.41413,
	4.08254 4.40401,
	4.08385 4.39399,
	4.08602 4.38419,
	4.08903 4.37472,
	4.09284 4.36567,
	4.09742 4.35714,
	4.10271 4.34922,
	4.10865 4.34201,
	4.11518 4.33557,
	4.12224 4.32998,
	4.12975 4.32529,
	4.13761 4.32156,
	4.14576 4.31883,
	4.1541 4.31713,
	4.16255 4.31647,
	4.171 4.31687,
	4.17937 4.31831,
	4.18758 4.32079,
	4.19552 4.32427,
	4.20313 4.32872,
	4.2103 4.33409,
	4.21698 4.34032,
	4.22307 4.34735,
	4.22853 4.3551,
	4.23329 4.36348,
	4.2373 4.37241,
	4.24051 4.38179,
	4.24289 4.39152,
	4.24442 4.40149,
	4.24508 4.4116,
	4.24486 4.42173,
	4.24376 4.43179,
	4.2418 4.44165,
	4.239 4.45122,
	4.23539 4.46038,
	4.231 4.46905,
	4.22589 4.47713,
	4.2201 4.48453,
	4.21371 4.49117,
	4.20677 4.49698,
	4.19937 4.50189,
	4.19159 4.50587,
	4.1835 4.50885,
	4.1752 4.51081,
	4.16678 4.51173,
	4.15832 4.5116,
	4.14991 4.51042,
	4.14166 4.5082,
	4.13364 4.50496,
	4.12594 4.50075,
	4.11865 4.49561,
	4.11185 4.48958,
	4.1056 4.48275,
	4.09998 4.47517,
	4.09504 4.46694,
	4.09084 4.45814,
	4.08743 4.44886,
	4.08483 4.43921,
	4.08309 4.42929,
	"/>
</Transform>

<Transform dim="1"
 xcoef=" 0.19922672676595 1 0 0 0 0"
 ycoef=" 0.470305715644209 0 1 0 0 0">
<Contour name="D028" hidden="false" closed="true" simplified="true" border="0 0 1" fill="0 0 1" mode="13"
 points="6.57627 6.97927,
	6.57676 6.97231,
	6.57823 6.96541,
	6.58067 6.95866,
	6.58403 6.95214,
	6.58831 6.94589,
	6.59343 6.94001,
	6.59936 6.93453,
	6.60603 6.92954,
	6.61336 6.92507,
	6.62128 6.92117,
	6.62971 6.91789,
	6.63856 6.91526,
	6.64773 6.91331,
	6.65713 6.91206,
	6.66665 6.91153,
	6.6762 6.9117,
	6.68567 6.9126,
	6.69497 6.9142,
	6.70399 6.9165,
	6.71264 6.91945,
	6.72083 6.92305,
	6.72847 6.92723,
	6.73548 6.93197,
	6.74178 6.93721,
	6.74732 6.9429,
	6.75202 6.94897,
	6.75585 6.95537,
	6.75875 6.96202,
	6.76071 6.96885,
	6.76169 6.97579,
	6.76169 6.98276,
	6.76071 6.9897,
	6.75875 6.99653,
	6.75585 7.00318,
	6.75202 7.00958,
	6.74732 7.01565,
	6.74178 7.02133,
	6.73548 7.02658,
	6.72847 7.03132,
	6.72083 7.0355,
	6.71264 7.0391,
	6.70399 7.04205,
	6.69497 7.04435,
	6.68567 7.04595,
	6.6762 7.04684,
	6.66665 7.04702,
	6.65713 7.04649,
	6.64773 7.04523,
	6.63856 7.04328,
	6.62971 7.04066,
	6.62128 7.03738,
	6.61336 7.03348,
	6.60603 7.02901,
	6.59936 7.02401,
	6.59343 7.01854,
	6.58831 7.01266,
	6.58403 7.00641,
	6.58067 6.99989,
	6.57823 6.99314,
	"/>
</Transform>

<Transform dim="1"
 xcoef=" 0.19922672676595 1 0 0 0 0"
 ycoef=" 0.470305715644209 0 1 0 0 0">
<Contour name="D032" hidden="false" closed="true" simplified="true" border="0 0 1" fill="0 0 1" mode="13"
 points="4.6221 -0.527378,
	4.62348 -0.542317,
	4.62759 -0.556747,
	4.63428 -0.570177,
	4.64332 -0.58215,
	4.65441 -0.592257,
	4.66716 -0.600155,
	4.68115 -0.605575,
	4.6959 -0.608332,
	4.7109 -0.608332,
	4.72565 -0.605575,
	4.73964 -0.600155,
	4.7524 -0.592257,
	4.76348 -0.58215,
	4.77252 -0.570177,
	4.77921 -0.556747,
	4.78332 -0.542317,
	4.7847 -0.527378,
	4.78332 -0.512439,
	4.77921 -0.498009,
	4.77252 -0.484579,
	4.76348 -0.472606,
	4.7524 -0.462498,
	4.73964 -0.4546,
	4.72565 -0.449181,
	4.7109 -0.446424,
	4.6959 -0.446424,
	4.68115 -0.449181,
	4.66716 -0.4546,
	4.65441 -0.462498,
	4.64332 -0.472606,
	4.63428 -0.484579,
	4.62759 -0.498009,
	4.62348 -0.512439,
	"/>
</Transform>

<Transform dim="1"
 xcoef=" 0.19922672676595 1 0 0 0 0"
 ycoef=" 0.470305715644209 0 1 0 0 0">
<Contour name="D041" hidden="false" closed="true" simplified="true" border="0 0 1" fill="0 0 1" mode="13"
 points="7.06026 0.443369,
	7.06198 0.429292,
	7.06712 0.415545,
	7.07555 0.40245,
	7.08708 0.390314,
	7.10143 0.379422,
	7.11827 0.370029,
	7.1372 0.362354,
	7.15778 0.356579,
	7.17953 0.352838,
	7.20194 0.351219,
	7.22448 0.351759,
	7.24662 0.354447,
	7.26785 0.35922,
	7.28766 0.365964,
	7.3056 0.374523,
	7.32124 0.384696,
	7.33422 0.396244,
	7.34422 0.408896,
	7.35103 0.422357,
	7.35447 0.43631,
	7.35447 0.450428,
	7.35103 0.464381,
	7.34422 0.477842,
	7.33422 0.490494,
	7.32124 0.502042,
	7.3056 0.512215,
	7.28766 0.520774,
	7.26785 0.527518,
	7.24662 0.532291,
	7.22448 0.534979,
	7.20194 0.535519,
	7.17953 0.5339,
	7.15778 0.530159,
	7.1372 0.524384,
	7.11827 0.516709,
	7.10143 0.507316,
	7.08708 0.496424,
	7.07555 0.484288,
	7.06712 0.471193,
	7.06198 0.457446,
	"/>
</Transform>

<Transform dim="1"
 xcoef=" 0.19922672676595 1 0 0 0 0"
 ycoef=" 0.470305715644209 0 1 0 0 0">
<Contour name="D043" hidden="false" closed="true" simplified="true" border="0 0 1" fill="0 0 1" mode="13"
 points="1.17531 8.25596,
	1.17597 8.24514,
	1.17795 8.23448,
	1.1812 8.22418,
	1.18568 8.21438,
	1.19132 8.20525,
	1.19802 8.19694,
	1.20568 8.18958,
	1.21418 8.18329,
	1.22337 8.17816,
	1.23311 8.17429,
	1.24324 8.17174,
	1.25361 8.17053,
	1.26403 8.1707,
	1.27436 8.17225,
	1.28441 8.17514,
	1.29403 8.17933,
	1.30306 8.18476,
	1.31135 8.19133,
	1.31879 8.19894,
	1.32523 8.20746,
	1.33059 8.21677,
	1.33477 8.22671,
	1.33771 8.23712,
	1.33935 8.24783,
	1.33969 8.25868,
	1.33869 8.26948,
	1.3364 8.28006,
	1.33283 8.29026,
	1.32805 8.2999,
	1.32214 8.30884,
	1.31519 8.31692,
	1.30731 8.32403,
	1.29862 8.33004,
	1.28928 8.33485,
	1.27943 8.3384,
	1.26922 8.34062,
	1.25882 8.34148,
	1.24841 8.34097,
	1.23814 8.33908,
	1.22818 8.33586,
	1.2187 8.33135,
	1.20983 8.32563,
	1.20174 8.31879,
	1.19454 8.31094,
	1.18836 8.30221,
	1.18329 8.29272,
	1.17942 8.28265,
	1.1768 8.27215,
	"/>
</Transform>

<Transform dim="1"
 xcoef=" 0.19922672676595 1 0 0 0 0"
 ycoef=" 0.470305715644209 0 1 0 0 0">
<Contour name="D044" hidden="false" closed="true" simplified="true" border="0 0 1" fill="0 0 1" mode="13"
 points="1.1226 7.39953,
	1.12344 7.38673,
	1.12594 7.37411,
	1.13006 7.36184,
	1.13576 7.35009,
	1.14295 7.33902,
	1.15153 7.32878,
	1.16139 7.31952,
	1.17238 7.31136,
	1.18437 7.30441,
	1.19717 7.29878,
	1.21063 7.29453,
	1.22454 7.29173,
	1.23872 7.29041,
	1.25298 7.2906,
	1.26711 7.29229,
	1.28093 7.29546,
	1.29424 7.30006,
	1.30685 7.30603,
	1.31861 7.31329,
	1.32933 7.32173,
	1.33888 7.33125,
	1.34713 7.34171,
	1.35395 7.35297,
	1.35926 7.36486,
	1.36299 7.37724,
	1.36507 7.38992,
	1.36549 7.40274,
	1.36423 7.41551,
	1.36133 7.42806,
	1.3568 7.44021,
	1.35072 7.45181,
	1.34317 7.46269,
	1.33426 7.47269,
	1.32411 7.48169,
	1.31285 7.48956,
	1.30064 7.49618,
	1.28766 7.50148,
	1.27407 7.50537,
	1.26007 7.5078,
	1.24585 7.50874,
	1.23161 7.50817,
	1.21754 7.50611,
	1.20383 7.50258,
	1.19068 7.49763,
	1.17826 7.49133,
	1.16675 7.48377,
	1.15631 7.47504,
	1.14707 7.46527,
	1.13917 7.4546,
	1.13272 7.44317,
	1.1278 7.43114,
	1.12448 7.41867,
	"/>
</Transform>

<Transform dim="1"
 xcoef=" 0.19922672676595 1 0 0 0 0"
 ycoef=" 0.470305715644209 0 1 0 0 0">
<Contour name="D045" hidden="false" closed="true" simplified="true" border="0 0 1" fill="0 0 1" mode="13"
 points="2.75973 8.18341,
	2.76064 8.16544,
	2.76336 8.14784,
	2.76782 8.13099,
	2.77394 8.11522,
	2.78159 8.10088,
	2.79061 8.08825,
	2.80081 8.07761,
	2.81198 8.06917,
	2.82389 8.06311,
	2.83628 8.05956,
	2.8489 8.05858,
	2.86149 8.06021,
	2.87378 8.0644,
	2.88553 8.07107,
	2.89647 8.08007,
	2.9064 8.09123,
	2.91509 8.10431,
	2.92237 8.11904,
	2.92809 8.13511,
	2.93213 8.15218,
	2.9344 8.16991,
	2.93485 8.18791,
	2.93349 8.20582,
	2.93032 8.22327,
	2.92543 8.23988,
	2.91892 8.25532,
	2.91091 8.26926,
	2.90158 8.28141,
	2.89111 8.29152,
	2.87974 8.29938,
	2.86769 8.30482,
	2.85522 8.30774,
	2.84258 8.30806,
	2.83004 8.30579,
	2.81786 8.30097,
	2.80629 8.29371,
	2.79558 8.28414,
	2.78594 8.27248,
	2.77759 8.25896,
	2.77068 8.24386,
	2.76538 8.22751,
	2.76178 8.21024,
	"/>
</Transform>

<Transform dim="1"
 xcoef=" 0.19922672676595 1 0 0 0 0"
 ycoef=" 0.470305715644209 0 1 0 0 0">
<Contour name="D046" hidden="false" closed="true" simplified="true" border="0 0 1" fill="0 0 1" mode="13"
 points="12.6382 3.25715,
	12.6391 3.24405,
	12.6418 3.23118,
	12.6462 3.21874,
	12.6524 3.20697,
	12.66 3.19606,
	12.6691 3.18619,
	12.6795 3.17753,
	12.691 3.17024,
	12.7034 3.16443,
	12.7165 3.16021,
	12.73 3.15765,
	12.7438 3.15679,
	12.7576 3.15765,
	12.7711 3.16021,
	12.7842 3.16443,
	12.7966 3.17024,
	12.8081 3.17753,
	12.8185 3.18619,
	12.8276 3.19606,
	12.8352 3.20697,
	12.8413 3.21874,
	12.8458 3.23118,
	12.8485 3.24405,
	12.8494 3.25715,
	12.8485 3.27025,
	12.8458 3.28313,
	12.8413 3.29556,
	12.8352 3.30733,
	12.8276 3.31825,
	12.8185 3.32812,
	12.8081 3.33677,
	12.7966 3.34406,
	12.7842 3.34987,
	12.7711 3.35409,
	12.7576 3.35665,
	12.7438 3.35751,
	12.73 3.35665,
	12.7165 3.35409,
	12.7034 3.34987,
	12.691 3.34406,
	12.6795 3.33677,
	12.6691 3.32812,
	12.66 3.31825,
	12.6524 3.30733,
	12.6462 3.29556,
	12.6418 3.28313,
	12.6391 3.27025,
	"/>
</Transform>

<Transform dim="1"
 xcoef=" 0.19922672676595 1 0 0 0 0"
 ycoef=" 0.470305715644209 0 1 0 0 0">
<Contour name="D047" hidden="false" closed="true" simplified="true" border="0 0 1" fill="0 0 1" mode="13"
 points="2.9349 6.57824,
	2.93683 6.56055,
	2.94257 6.54342,
	2.95193 6.52742,
	2.96461 6.51304,
	2.9802 6.50077,
	2.9982 6.49098,
	3.01804 6.484,
	3.03907 6.48005,
	3.06062 6.47925,
	3.08199 6.48163,
	3.10251 6.48712,
	3.1215 6.49554,
	3.13837 6.50662,
	3.15256 6.52,
	3.16363 6.53525,
	3.17121 6.55188,
	3.17506 6.56936,
	3.17506 6.58712,
	3.17121 6.6046,
	3.16363 6.62123,
	3.15256 6.63648,
	3.13837 6.64986,
	3.1215 6.66093,
	3.10251 6.66935,
	3.08199 6.67484,
	3.06062 6.67723,
	3.03907 6.67643,
	3.01804 6.67248,
	2.9982 6.66549,
	2.9802 6.65571,
	2.96461 6.64343,
	2.95193 6.62906,
	2.94257 6.61306,
	"/>
</Transform>

<Transform dim="1"
 xcoef=" 0.19922672676595 1 0 0 0 0"
 ycoef=" 0.470305715644209 0 1 0 0 0">
<Contour name="D034" hidden="false" closed="true" simplified="true" border="0 0 1" fill="0 0 1" mode="13"
 points="9.54263 3.43305,
	9.54439 3.4186,
	9.54961 3.40458,
	9.55815 3.3914,
	9.56975 3.37945,
	9.58407 3.36908,
	9.60067 3.3606,
	9.61909 3.35427,
	9.63876 3.35027,
	9.6591 3.34871,
	9.67953 3.34964,
	9.69942 3.35305,
	9.7182 3.35881,
	9.73531 3.36677,
	9.75024 3.37669,
	9.76255 3.38828,
	9.77188 3.40119,
	9.77795 3.41504,
	9.78059 3.42942,
	9.77971 3.44392,
	9.77534 3.45809,
	9.76761 3.47152,
	9.75675 3.48381,
	9.74307 3.4946,
	9.727 3.50358,
	9.70899 3.51047,
	9.68958 3.51507,
	9.66934 3.51724,
	9.64888 3.51693,
	9.6288 3.51414,
	9.60969 3.50895,
	9.59211 3.50152,
	9.57659 3.49206,
	9.56359 3.48086,
	9.55348 3.46825,
	9.54658 3.4546,
	"/>
</Transform>

<Transform dim="1"
 xcoef=" 0.19922672676595 1 0 0 0 0"
 ycoef=" 0.470305715644209 0 1 0 0 0">
<Contour name="D035" hidden="false" closed="true" simplified="true" border="0 0 1" fill="0 0 1" mode="13"
 points="7.24534 2.93165,
	7.24635 2.92199,
	7.24937 2.91256,
	7.25431 2.90362,
	7.26106 2.89539,
	7.26944 2.88807,
	7.27924 2.88185,
	7.29021 2.87689,
	7.30208 2.87331,
	7.31454 2.87121,
	7.32729 2.87063,
	7.33999 2.87159,
	7.35234 2.87407,
	7.36401 2.878,
	7.37471 2.88329,
	7.38418 2.8898,
	7.39217 2.89737,
	7.39848 2.9058,
	7.40295 2.91488,
	7.40547 2.92439,
	7.40598 2.93408,
	7.40446 2.94371,
	7.40095 2.95304,
	7.39554 2.96182,
	7.38837 2.96985,
	7.37962 2.97691,
	7.3695 2.98282,
	7.35828 2.98745,
	7.34623 2.99066,
	7.33367 2.99239,
	7.3209 2.99258,
	7.30826 2.99124,
	7.29605 2.98839,
	7.2846 2.9841,
	7.27418 2.9785,
	7.26506 2.97171,
	7.25747 2.96391,
	7.25161 2.95529,
	7.24761 2.94608,
	"/>
</Transform>

<Transform dim="1"
 xcoef=" 0.19922672676595 1 0 0 0 0"
 ycoef=" 0.470305715644209 0 1 0 0 0">
<Contour name="D036" hidden="false" closed="true" simplified="true" border="0 0 1" fill="0 0 1" mode="13"
 points="15.4024 -2.77854,
	15.4069 -2.85668,
	15.42 -2.92717,
	15.4405 -2.98311,
	15.4662 -3.01903,
	15.4948 -3.03141,
	15.5234 -3.01903,
	15.5491 -2.98311,
	15.5696 -2.92717,
	15.5827 -2.85668,
	15.5872 -2.77854,
	15.5827 -2.7004,
	15.5696 -2.62991,
	15.5491 -2.57397,
	15.5234 -2.53806,
	15.4948 -2.52568,
	15.4662 -2.53806,
	15.4405 -2.57397,
	15.42 -2.62991,
	"/>
</Transform>

<Transform dim="1"
 xcoef=" 0.19922672676595 1 0 0 0 0"
 ycoef=" 0.470305715644209 0 1 0 0 0">
<Contour name="D039" hidden="false" closed="true" simplified="true" border="0 0 1" fill="0 0 1" mode="13"
 points="8.33335 1.08548,
	8.33414 1.07259,
	8.33649 1.05993,
	8.34036 1.04772,
	8.34567 1.03619,
	8.35235 1.02553,
	8.36026 1.01595,
	8.36926 1.00761,
	8.3792 1.00066,
	8.3899 0.995217,
	8.40116 0.991389,
	8.41279 0.98924,
	8.42458 0.988808,
	8.43631 0.990101,
	8.44778 0.993097,
	8.45879 0.997741,
	8.46913 1.00395,
	8.47862 1.01162,
	8.4871 1.0206,
	8.49441 1.03074,
	8.50042 1.04186,
	8.50502 1.05375,
	8.50814 1.06622,
	8.50971 1.07902,
	8.50971 1.09194,
	8.50814 1.10475,
	8.50502 1.11721,
	8.50042 1.12911,
	8.49441 1.14023,
	8.4871 1.15037,
	8.47862 1.15935,
	8.46913 1.16701,
	8.45879 1.17322,
	8.44778 1.17787,
	8.43631 1.18086,
	8.42458 1.18216,
	8.41279 1.18172,
	8.40116 1.17958,
	8.3899 1.17575,
	8.3792 1.17031,
	8.36926 1.16336,
	8.36026 1.15501,
	8.35235 1.14543,
	8.34567 1.13478,
	8.34036 1.12324,
	8.33649 1.11104,
	"/>
</Transform>

<Transform dim="1"
 xcoef=" 0.19922672676595 1 0 0 0 0"
 ycoef=" 0.470305715644209 0 1 0 0 0">
<Contour name="D049" hidden="false" closed="true" simplified="true" border="0 0 1" fill="0 0 1" mode="13"
 points="10.3665 1.25456,
	10.3672 1.2415,
	10.3694 1.22863,
	10.3728 1.21614,
	10.3777 1.2042,
	10.3837 1.19301,
	10.391 1.18271,
	10.3993 1.17346,
	10.4085 1.16539,
	10.4185 1.15862,
	10.4292 1.15325,
	10.4404 1.14935,
	10.452 1.147,
	10.4637 1.14621,
	10.4754 1.147,
	10.4869 1.14935,
	10.4981 1.15325,
	10.5088 1.15862,
	10.5189 1.16539,
	10.5281 1.17346,
	10.5364 1.18271,
	10.5436 1.19301,
	10.5497 1.2042,
	10.5545 1.21614,
	10.558 1.22863,
	10.5601 1.2415,
	10.5608 1.25456,
	10.5601 1.26762,
	10.558 1.28049,
	10.5545 1.29298,
	10.5497 1.30491,
	10.5436 1.31611,
	10.5364 1.32641,
	10.5281 1.33566,
	10.5189 1.34373,
	10.5088 1.3505,
	10.4981 1.35587,
	10.4869 1.35976,
	10.4754 1.36212,
	10.4637 1.36291,
	10.452 1.36212,
	10.4404 1.35976,
	10.4292 1.35587,
	10.4185 1.3505,
	10.4085 1.34373,
	10.3993 1.33566,
	10.391 1.32641,
	10.3837 1.31611,
	10.3777 1.30491,
	10.3728 1.29298,
	10.3694 1.28049,
	10.3672 1.26762,
	"/>
</Transform>

<Transform dim="1"
 xcoef=" 0.19922672676595 1 0 0 0 0"
 ycoef=" 0.470305715644209 0 1 0 0 0">
<Contour name="D055" hidden="false" closed="true" simplified="true" border="0 0 1" fill="0 0 1" mode="13"
 points="1.03013 2.42163,
	1.0308 2.41265,
	1.0328 2.40379,
	1.03611 2.39517,
	1.04068 2.38693,
	1.04645 2.37916,
	1.05334 2.37197,
	1.06124 2.36547,
	1.07006 2.35974,
	1.07968 2.35487,
	1.08995 2.35091,
	1.10074 2.34793,
	1.1119 2.34596,
	1.12328 2.34504,
	1.13472 2.34517,
	1.14605 2.34636,
	1.15714 2.34858,
	1.16781 2.35181,
	1.17793 2.356,
	1.18736 2.3611,
	1.19596 2.36702,
	1.20362 2.37371,
	1.21024 2.38105,
	1.21571 2.38895,
	1.21997 2.3973,
	1.22296 2.40598,
	1.22463 2.41489,
	1.22497 2.42388,
	1.22396 2.43284,
	1.22163 2.44165,
	1.218 2.45019,
	1.21312 2.45833,
	1.20707 2.46596,
	1.19992 2.47298,
	1.19177 2.4793,
	1.18274 2.48482,
	1.17295 2.48947,
	1.16253 2.49319,
	1.15164 2.49592,
	1.14041 2.49762,
	1.129 2.49828,
	1.11757 2.49789,
	1.10629 2.49644,
	1.09529 2.49396,
	1.08474 2.49049,
	1.07478 2.48607,
	1.06555 2.48076,
	1.05717 2.47463,
	1.04976 2.46778,
	1.04342 2.46029,
	1.03825 2.45226,
	1.0343 2.44382,
	1.03164 2.43507,
	"/>
</Transform>

<Transform dim="1"
 xcoef=" 0.19922672676595 1 0 0 0 0"
 ycoef=" 0.470305715644209 0 1 0 0 0">
<Contour name="D049_ax03" hidden="false" closed="true" simplified="false" border="0 1 1" fill="0 1 1" mode="11"
 points="11.2688 1.03232,
	11.2771 1.02405,
	11.244 0.990969,
	11.2522 0.982698,
	11.2853 1.01578,
	11.2936 1.00751,
	11.2936 1.03232,
	"/>
</Transform>

<Transform dim="1"
 xcoef=" 0.19922672676595 1 0 0 0 0"
 ycoef=" 0.470305715644209 0 1 0 0 0">
<Contour name="D057" hidden="false" closed="true" simplified="true" border="0 0 1" fill="0 0 1" mode="11"
 points="6.30537 9.33634,
	6.30617 9.32224,
	6.30853 9.30836,
	6.31243 9.2949,
	6.3178 9.28208,
	6.32457 9.27007,
	6.33264 9.25907,
	6.34187 9.24924,
	6.35213 9.24073,
	6.36327 9.23366,
	6.37511 9.22816,
	6.38748 9.2243,
	6.40019 9.22213,
	6.41305 9.22169,
	6.42585 9.223,
	6.43842 9.22602,
	6.45055 9.23071,
	6.46206 9.23701,
	6.47278 9.24481,
	6.48255 9.254,
	6.49121 9.26443,
	6.49864 9.27596,
	6.50473 9.2884,
	6.50937 9.30157,
	6.51251 9.31526,
	6.51409 9.32928,
	6.51409 9.3434,
	6.51251 9.35741,
	6.50937 9.37111,
	6.50473 9.38428,
	6.49864 9.39672,
	6.49121 9.40824,
	6.48255 9.41868,
	6.47278 9.42787,
	6.46206 9.43567,
	6.45055 9.44196,
	6.43842 9.44666,
	6.42585 9.44968,
	6.41305 9.45098,
	6.40019 9.45055,
	6.38748 9.44838,
	6.37511 9.44452,
	6.36327 9.43901,
	6.35213 9.43195,
	6.34187 9.42344,
	6.33264 9.41361,
	6.32457 9.40261,
	6.3178 9.3906,
	6.31243 9.37777,
	6.30853 9.36431,
	"/>
</Transform>

<Transform dim="1"
 xcoef=" 0.19922672676595 1 0 0 0 0"
 ycoef=" 0.470305715644209 0 1 0 0 0">
<Contour name="D057 ax01" hidden="false" closed="true" simplified="false" border="0 1 1" fill="0 1 1" mode="-9"
 points="3.57786 7.31799,
	3.59371 7.30213,
	3.53029 7.23871,
	3.54614 7.22285,
	3.60957 7.28627,
	3.62542 7.27042,
	3.62542 7.31799,
	"/>
</Transform>

<Transform dim="1"
 xcoef=" 0.19922672676595 1 0 0 0 0"
 ycoef=" 0.470305715644209 0 1 0 0 0">
<Contour name="d046" hidden="false" closed="true" simplified="true" border="1 1 0" fill="1 1 0" mode="11"
 points="12.4902 3.36209,
	12.4947 3.34888,
	12.5009 3.33567,
	12.5096 3.32246,
	12.5104 3.32081,
	12.5236 3.3076,
	12.5302 3.30264,
	12.5368 3.29686,
	12.55 3.28737,
	12.5554 3.28076,
	12.5599 3.27416,
	12.5637 3.26755,
	12.5666 3.26095,
	12.5703 3.25434,
	12.5785 3.22792,
	12.5818 3.21471,
	12.586 3.2015,
	12.5888 3.19489,
	12.5926 3.18829,
	12.5938 3.18499,
	12.6045 3.17177,
	12.6062 3.17054,
	12.607 3.17054,
	12.6136 3.16517,
	12.6202 3.16145,
	12.6268 3.15691,
	12.6334 3.15155,
	12.6462 3.13834,
	12.6508 3.13173,
	12.6532 3.12843,
	12.6599 3.12182,
	12.6632 3.11852,
	12.6764 3.10944,
	12.683 3.10448,
	12.6896 3.10077,
	12.6929 3.09912,
	12.7061 3.09499,
	12.7193 3.09292,
	12.7259 3.09169,
	12.7523 3.09045,
	12.7589 3.09045,
	12.7655 3.09251,
	12.7787 3.09458,
	12.8316 3.09416,
	12.8382 3.09375,
	12.8514 3.09086,
	12.858 3.08962,
	12.8597 3.08962,
	12.863 3.08756,
	12.8663 3.08673,
	12.8679 3.08632,
	12.8696 3.08508,
	12.896 3.07559,
	12.9026 3.0727,
	12.9092 3.07063,
	12.9125 3.06939,
	12.9142 3.06898,
	12.9158 3.06733,
	12.9422 3.05948,
	12.9554 3.05618,
	12.9686 3.05371,
	12.9819 3.05371,
	12.9885 3.05247,
	12.9951 3.05205,
	12.9967 3.05164,
	13.0033 3.05247,
	13.0099 3.05494,
	13.0231 3.06361,
	13.0264 3.06568,
	13.0397 3.06981,
	13.0529 3.07187,
	13.0595 3.07146,
	13.0628 3.07104,
	13.0694 3.06733,
	13.076 3.06279,
	13.0818 3.0566,
	13.0884 3.0504,
	13.1003 3.03719,
	13.1057 3.03059,
	13.1235 3.00417,
	13.1284 2.99756,
	13.1305 2.99426,
	13.1363 2.98765,
	13.1429 2.98146,
	13.1495 2.97733,
	13.1561 2.97485,
	13.1693 2.97362,
	13.1759 2.97362,
	13.1792 2.9732,
	13.1825 2.97362,
	13.1957 2.97898,
	13.199 2.98022,
	13.2056 2.98476,
	13.2122 2.99096,
	13.2155 2.99426,
	13.2172 2.99591,
	13.2225 3.00912,
	13.2263 3.02233,
	13.2275 3.02894,
	13.2312 3.04215,
	13.232 3.04545,
	13.2382 3.05866,
	13.2415 3.06526,
	13.2461 3.07187,
	13.2477 3.07517,
	13.2506 3.07848,
	13.2589 3.09169,
	13.2655 3.1049,
	13.2684 3.1082,
	13.275 3.11191,
	13.2882 3.11728,
	13.2948 3.12017,
	13.3014 3.12389,
	13.3072 3.13049,
	13.3109 3.1371,
	13.3163 3.15031,
	13.3183 3.17673,
	13.3196 3.20315,
	13.3208 3.20645,
	13.3208 3.2081,
	13.3274 3.22131,
	13.3369 3.23452,
	13.3398 3.24113,
	13.3414 3.24774,
	13.3427 3.25104,
	13.3439 3.26425,
	13.3439 3.27085,
	13.3427 3.27746,
	13.341 3.28076,
	13.339 3.28737,
	13.3381 3.29067,
	13.3365 3.29397,
	13.334 3.29728,
	13.3332 3.29893,
	13.3266 3.30553,
	13.32 3.31049,
	13.3134 3.31627,
	13.3105 3.31957,
	13.3068 3.32617,
	13.3051 3.32948,
	13.3043 3.33608,
	13.3047 3.34269,
	13.3047 3.34599,
	13.3068 3.35259,
	13.308 3.3592,
	13.3084 3.3658,
	13.308 3.37241,
	13.3068 3.37902,
	13.3063 3.38232,
	13.3051 3.38562,
	13.3006 3.39223,
	13.2977 3.39553,
	13.2845 3.4042,
	13.2812 3.4075,
	13.2766 3.41411,
	13.2708 3.42071,
	13.2605 3.43392,
	13.2552 3.44053,
	13.2519 3.44383,
	13.2386 3.45374,
	13.2353 3.45663,
	13.2221 3.46488,
	13.2188 3.46654,
	13.2155 3.46901,
	13.1891 3.48057,
	13.1759 3.48759,
	13.1627 3.49626,
	13.1594 3.49791,
	13.1528 3.50245,
	13.1495 3.50452,
	13.1429 3.51112,
	13.1404 3.51442,
	13.1387 3.51608,
	13.1346 3.52268,
	13.1222 3.5491,
	13.1144 3.56231,
	13.0925 3.58873,
	13.0859 3.59451,
	13.0826 3.59782,
	13.0793 3.60029,
	13.0727 3.60401,
	13.0694 3.60566,
	13.0661 3.60649,
	13.0644 3.60731,
	13.0611 3.60772,
	13.0545 3.61061,
	13.0479 3.61226,
	13.0446 3.6135,
	13.0413 3.61392,
	13.038 3.61515,
	13.0364 3.61598,
	13.0347 3.61598,
	13.0215 3.62217,
	13.0083 3.62754,
	13.0017 3.63043,
	12.9984 3.63208,
	12.9918 3.63786,
	12.9798 3.65107,
	12.9744 3.65768,
	12.9682 3.66387,
	12.9653 3.66676,
	12.9612 3.67336,
	12.9501 3.68616,
	12.9435 3.68988,
	12.9303 3.69524,
	12.917 3.69896,
	12.9038 3.70061,
	12.8972 3.70144,
	12.8939 3.70226,
	12.8807 3.70226,
	12.8741 3.70226,
	12.8708 3.70185,
	12.8576 3.69813,
	12.8444 3.69689,
	12.8411 3.69813,
	12.8394 3.69896,
	12.8337 3.70556,
	12.8204 3.71547,
	12.8171 3.71795,
	12.8138 3.7196,
	12.8006 3.72001,
	12.794 3.7196,
	12.7907 3.71919,
	12.7775 3.71258,
	12.7709 3.70969,
	12.7676 3.70804,
	12.761 3.70309,
	12.7577 3.7002,
	12.756 3.69855,
	12.7515 3.69194,
	12.7478 3.68534,
	12.7387 3.65891,
	12.735 3.6457,
	12.7288 3.63249,
	12.7214 3.61928,
	12.7168 3.61268,
	12.7102 3.60896,
	12.7036 3.60649,
	12.6904 3.60401,
	12.6838 3.6036,
	12.6706 3.60442,
	12.664 3.60525,
	12.6508 3.60525,
	12.6475 3.60525,
	12.6343 3.60112,
	12.6277 3.59699,
	12.626 3.59658,
	12.6252 3.59658,
	12.612 3.58584,
	12.6054 3.57924,
	12.6025 3.57594,
	12.5946 3.56272,
	12.5884 3.54951,
	12.5872 3.54621,
	12.5851 3.533,
	12.5839 3.51979,
	12.581 3.50658,
	12.5798 3.50328,
	12.5756 3.49667,
	12.5699 3.49007,
	12.5632 3.48594,
	12.5566 3.48016,
	12.555 3.47851,
	12.5513 3.4719,
	12.5492 3.4686,
	12.5455 3.45539,
	12.5447 3.45209,
	12.5447 3.43888,
	12.5434 3.43227,
	12.5397 3.42567,
	12.5368 3.42236,
	12.5352 3.42071,
	12.5286 3.41658,
	12.5253 3.41328,
	12.5121 3.40544,
	12.5055 3.40131,
	12.4988 3.3947,
	12.4947 3.3881,
	12.4918 3.38149,
	12.491 3.37819,
	12.4902 3.36498,
	12.4902 3.36333,
	12.4902 3.3625,
	"/>
<Contour name="Copy of d046_i16_p31" hidden="false" closed="true" simplified="true" border="1 1 0" fill="1 1 0" mode="11"
 points="12.4902 3.36209,
	12.4947 3.34888,
	12.5009 3.33567,
	12.5096 3.32246,
	12.5104 3.32081,
	12.5236 3.3076,
	12.5302 3.30264,
	12.5368 3.29686,
	12.55 3.28737,
	12.5554 3.28076,
	12.5599 3.27416,
	12.5637 3.26755,
	12.5666 3.26095,
	12.5703 3.25434,
	12.5785 3.22792,
	12.5818 3.21471,
	12.586 3.2015,
	12.5888 3.19489,
	12.5926 3.18829,
	12.5938 3.18499,
	12.6045 3.17177,
	12.6062 3.17054,
	12.607 3.17054,
	12.6136 3.16517,
	12.6202 3.16145,
	12.6268 3.15691,
	12.6334 3.15155,
	12.6462 3.13834,
	12.6508 3.13173,
	12.6532 3.12843,
	12.6599 3.12182,
	12.6632 3.11852,
	12.6764 3.10944,
	12.683 3.10448,
	12.6896 3.10077,
	12.6929 3.09912,
	12.7061 3.09499,
	12.7193 3.09292,
	12.7259 3.09169,
	12.7523 3.09045,
	12.7589 3.09045,
	12.7655 3.09251,
	12.7787 3.09458,
	12.8316 3.09416,
	12.8382 3.09375,
	12.8514 3.09086,
	12.858 3.08962,
	12.8597 3.08962,
	12.863 3.08756,
	12.8663 3.08673,
	12.8679 3.08632,
	12.8696 3.08508,
	12.896 3.07559,
	12.9026 3.0727,
	12.9092 3.07063,
	12.9125 3.06939,
	12.9142 3.06898,
	12.9158 3.06733,
	12.9422 3.05948,
	12.9554 3.05618,
	12.9686 3.05371,
	12.9819 3.05371,
	12.9885 3.05247,
	12.9951 3.05205,
	12.9967 3.05164,
	13.0033 3.05247,
	13.0099 3.05494,
	13.0231 3.06361,
	13.0264 3.06568,
	13.0397 3.06981,
	13.0529 3.07187,
	13.0595 3.07146,
	13.0628 3.07104,
	13.0694 3.06733,
	13.076 3.06279,
	13.0818 3.0566,
	13.0884 3.0504,
	13.1003 3.03719,
	13.1057 3.03059,
	13.1235 3.00417,
	13.1284 2.99756,
	13.1305 2.99426,
	13.1363 2.98765,
	13.1429 2.98146,
	13.1495 2.97733,
	13.1561 2.97485,
	13.1693 2.97362,
	13.1759 2.97362,
	13.1792 2.9732,
	13.1825 2.97362,
	13.1957 2.97898,
	13.199 2.98022,
	13.2056 2.98476,
	13.2122 2.99096,
	13.2155 2.99426,
	13.2172 2.99591,
	13.2225 3.00912,
	13.2263 3.02233,
	13.2275 3.02894,
	13.2312 3.04215,
	13.232 3.04545,
	13.2382 3.05866,
	13.2415 3.06526,
	13.2461 3.07187,
	13.2477 3.07517,
	13.2506 3.07848,
	13.2589 3.09169,
	13.2655 3.1049,
	13.2684 3.1082,
	13.275 3.11191,
	13.2882 3.11728,
	13.2948 3.12017,
	13.3014 3.12389,
	13.3072 3.13049,
	13.3109 3.1371,
	13.3163 3.15031,
	13.3183 3.17673,
	13.3196 3.20315,
	13.3208 3.20645,
	13.3208 3.2081,
	13.3274 3.22131,
	13.3369 3.23452,
	13.3398 3.24113,
	13.3414 3.24774,
	13.3427 3.25104,
	13.3439 3.26425,
	13.3439 3.27085,
	13.3427 3.27746,
	13.341 3.28076,
	13.339 3.28737,
	13.3381 3.29067,
	13.3365 3.29397,
	13.334 3.29728,
	13.3332 3.29893,
	13.3266 3.30553,
	13.32 3.31049,
	13.3134 3.31627,
	13.3105 3.31957,
	13.3068 3.32617,
	13.3051 3.32948,
	13.3043 3.33608,
	13.3047 3.34269,
	13.3047 3.34599,
	13.3068 3.35259,
	13.308 3.3592,
	13.3084 3.3658,
	13.308 3.37241,
	13.3068 3.37902,
	13.3063 3.38232,
	13.3051 3.38562,
	13.3006 3.39223,
	13.2977 3.39553,
	13.2845 3.4042,
	13.2812 3.4075,
	13.2766 3.41411,
	13.2708 3.42071,
	13.2605 3.43392,
	13.2552 3.44053,
	13.2519 3.44383,
	13.2386 3.45374,
	13.2353 3.45663,
	13.2221 3.46488,
	13.2188 3.46654,
	13.2155 3.46901,
	13.1891 3.48057,
	13.1759 3.48759,
	13.1627 3.49626,
	13.1594 3.49791,
	13.1528 3.50245,
	13.1495 3.50452,
	13.1429 3.51112,
	13.1404 3.51442,
	13.1387 3.51608,
	13.1346 3.52268,
	13.1222 3.5491,
	13.1144 3.56231,
	13.0925 3.58873,
	13.0859 3.59451,
	13.0826 3.59782,
	13.0793 3.60029,
	13.0727 3.60401,
	13.0694 3.60566,
	13.0661 3.60649,
	13.0644 3.60731,
	13.0611 3.60772,
	13.0545 3.61061,
	13.0479 3.61226,
	13.0446 3.6135,
	13.0413 3.61392,
	13.038 3.61515,
	13.0364 3.61598,
	13.0347 3.61598,
	13.0215 3.62217,
	13.0083 3.62754,
	13.0017 3.63043,
	12.9984 3.63208,
	12.9918 3.63786,
	12.9798 3.65107,
	12.9744 3.65768,
	12.9682 3.66387,
	12.9653 3.66676,
	12.9612 3.67336,
	12.9501 3.68616,
	12.9435 3.68988,
	12.9303 3.69524,
	12.917 3.69896,
	12.9038 3.70061,
	12.8972 3.70144,
	12.8939 3.70226,
	12.8807 3.70226,
	12.8741 3.70226,
	12.8708 3.70185,
	12.8576 3.69813,
	12.8444 3.69689,
	12.8411 3.69813,
	12.8394 3.69896,
	12.8337 3.70556,
	12.8204 3.71547,
	12.8171 3.71795,
	12.8138 3.7196,
	12.8006 3.72001,
	12.794 3.7196,
	12.7907 3.71919,
	12.7775 3.71258,
	12.7709 3.70969,
	12.7676 3.70804,
	12.761 3.70309,
	12.7577 3.7002,
	12.756 3.69855,
	12.7515 3.69194,
	12.7478 3.68534,
	12.7387 3.65891,
	12.735 3.6457,
	12.7288 3.63249,
	12.7214 3.61928,
	12.7168 3.61268,
	12.7102 3.60896,
	12.7036 3.60649,
	12.6904 3.60401,
	12.6838 3.6036,
	12.6706 3.60442,
	12.664 3.60525,
	12.6508 3.60525,
	12.6475 3.60525,
	12.6343 3.60112,
	12.6277 3.59699,
	12.626 3.59658,
	12.6252 3.59658,
	12.612 3.58584,
	12.6054 3.57924,
	12.6025 3.57594,
	12.5946 3.56272,
	12.5884 3.54951,
	12.5872 3.54621,
	12.5851 3.533,
	12.5839 3.51979,
	12.581 3.50658,
	12.5798 3.50328,
	12.5756 3.49667,
	12.5699 3.49007,
	12.5632 3.48594,
	12.5566 3.48016,
	12.555 3.47851,
	12.5513 3.4719,
	12.5492 3.4686,
	12.5455 3.45539,
	12.5447 3.45209,
	12.5447 3.43888,
	12.5434 3.43227,
	12.5397 3.42567,
	12.5368 3.42236,
	12.5352 3.42071,
	12.5286 3.41658,
	12.5253 3.41328,
	12.5121 3.40544,
	12.5055 3.40131,
	12.4988 3.3947,
	12.4947 3.3881,
	12.4918 3.38149,
	12.491 3.37819,
	12.4902 3.36498,
	12.4902 3.36333,
	12.4902 3.3625,
	"/>
</Transform>

<Transform dim="1"
 xcoef=" 0.19922672676595 1 0 0 0 0"
 ycoef=" 0.470305715644209 0 1 0 0 0">
<Contour name="d046_p28" hidden="false" closed="true" simplified="true" border="1 1 0" fill="1 1 0" mode="11"
 points="13.6551 3.37954,
	13.6568 3.37509,
	13.6568 3.37397,
	13.6579 3.37286,
	13.6585 3.37063,
	13.6596 3.36952,
	13.6596 3.3684,
	13.6607 3.36729,
	13.6607 3.36618,
	13.6735 3.34947,
	13.6791 3.34112,
	13.693 3.32442,
	13.7058 3.3066,
	13.7091 3.30271,
	13.7091 3.30159,
	13.7125 3.29714,
	13.7125 3.29603,
	13.7175 3.28767,
	13.7236 3.27877,
	13.7236 3.27765,
	13.7253 3.27543,
	13.7253 3.27431,
	13.7281 3.26986,
	13.7292 3.26874,
	13.7292 3.26763,
	13.7409 3.25037,
	13.7436 3.24592,
	13.7464 3.24258,
	13.7475 3.24035,
	13.7498 3.23868,
	13.7509 3.23645,
	13.7553 3.232,
	13.7592 3.22866,
	13.7603 3.22866,
	13.7648 3.22532,
	13.7693 3.22309,
	13.7715 3.22253,
	13.7737 3.22086,
	13.7826 3.21808,
	13.8183 3.21418,
	13.8272 3.21418,
	13.8316 3.21418,
	13.8338 3.21418,
	13.8428 3.21808,
	13.86 3.2281,
	13.8634 3.23088,
	13.8717 3.23868,
	13.875 3.24313,
	13.8795 3.25204,
	13.8812 3.25427,
	13.8851 3.26318,
	13.8856 3.2654,
	13.8856 3.26652,
	13.8867 3.26763,
	13.889 3.27654,
	13.8895 3.28099,
	13.8906 3.28322,
	13.8917 3.29213,
	13.8912 3.30994,
	13.8901 3.31217,
	13.8895 3.31663,
	13.884 3.33444,
	13.8834 3.33667,
	13.8823 3.33778,
	13.8806 3.34224,
	13.8756 3.35114,
	13.8717 3.3556,
	13.8706 3.35727,
	13.8622 3.36506,
	13.8578 3.3684,
	13.8567 3.36952,
	13.8522 3.37119,
	13.8511 3.3723,
	13.8466 3.37397,
	13.8444 3.37453,
	13.8422 3.3762,
	13.8244 3.38232,
	13.8155 3.38511,
	13.811 3.38622,
	13.8088 3.38622,
	13.791 3.39123,
	13.7732 3.39402,
	13.7642 3.39569,
	13.7286 3.39791,
	13.7197 3.39958,
	13.7153 3.40014,
	13.7141 3.40125,
	13.6963 3.40793,
	13.6874 3.4096,
	13.6696 3.40905,
	13.6651 3.40738,
	13.6607 3.40459,
	13.6585 3.40237,
	13.6562 3.39847,
	13.6551 3.39402,
	13.6551 3.38511,
	13.6551 3.38065,
	13.6551 3.3801,
	"/>
</Transform>

<Transform dim="1"
 xcoef=" 0.19922672676595 1 0 0 0 0"
 ycoef=" 0.470305715644209 0 1 0 0 0">
<Contour name="d046_p29" hidden="false" closed="true" simplified="true" border="1 1 0" fill="1 1 0" mode="11"
 points="11.723 2.16981,
	11.7282 2.15606,
	11.735 2.14231,
	11.7376 2.13544,
	11.7376 2.13372,
	11.7393 2.13286,
	11.7419 2.11911,
	11.7419 2.10536,
	11.7436 2.09849,
	11.7471 2.09161,
	11.7488 2.0899,
	11.7496 2.08646,
	11.7608 2.07357,
	11.7677 2.06669,
	11.7806 2.05638,
	11.7875 2.05208,
	11.7909 2.05123,
	11.7943 2.04865,
	11.7978 2.04779,
	11.7995 2.04607,
	11.8132 2.04177,
	11.8201 2.03919,
	11.8339 2.03834,
	11.8373 2.03662,
	11.8648 2.03662,
	11.8785 2.03919,
	11.882 2.03919,
	11.8837 2.04091,
	11.8975 2.04435,
	11.9112 2.05037,
	11.9146 2.05123,
	11.9181 2.0538,
	11.9318 2.05896,
	11.9387 2.06068,
	11.9404 2.06068,
	11.9421 2.0624,
	11.9439 2.0624,
	11.9473 2.06497,
	11.9542 2.06755,
	11.9576 2.06927,
	11.9593 2.07099,
	11.9731 2.07701,
	11.9765 2.07872,
	11.9782 2.08044,
	11.9799 2.08044,
	11.9868 2.08474,
	11.9937 2.08732,
	12.0074 2.09677,
	12.0135 2.10021,
	12.0315 2.12599,
	12.0349 2.132,
	12.0444 2.14575,
	12.0564 2.15864,
	12.0659 2.17153,
	12.0693 2.17497,
	12.0762 2.18786,
	12.0813 2.20161,
	12.0813 2.20505,
	12.0856 2.2188,
	12.0874 2.22567,
	12.1028 2.25317,
	12.1114 2.26606,
	12.1123 2.2695,
	12.114 2.27035,
	12.114 2.27207,
	12.1226 2.28582,
	12.1235 2.28926,
	12.126 2.2927,
	12.1303 2.30645,
	12.1329 2.3202,
	12.1303 2.34769,
	12.1303 2.36144,
	12.132 2.37519,
	12.1329 2.38207,
	12.1329 2.38551,
	12.1329 2.38722,
	12.1346 2.38894,
	12.1372 2.40269,
	12.1389 2.40957,
	12.1406 2.41129,
	12.1406 2.41472,
	12.1492 2.44222,
	12.151 2.46972,
	12.151 2.47659,
	12.151 2.48003,
	12.151 2.48175,
	12.1492 2.48347,
	12.1484 2.49034,
	12.1475 2.49378,
	12.1458 2.4955,
	12.1363 2.523,
	12.1329 2.53675,
	12.1303 2.54362,
	12.1295 2.5505,
	12.1303 2.55737,
	12.1303 2.55909,
	12.132 2.56081,
	12.1346 2.56682,
	12.1363 2.57026,
	12.1363 2.57198,
	12.1389 2.57542,
	12.1389 2.57714,
	12.1475 2.59003,
	12.1484 2.59346,
	12.151 2.5969,
	12.1552 2.61065,
	12.1561 2.6244,
	12.1561 2.63127,
	12.1561 2.63471,
	12.1544 2.63643,
	12.1475 2.63729,
	12.1338 2.64245,
	12.1269 2.6433,
	12.12 2.64245,
	12.0925 2.63213,
	12.0796 2.6244,
	12.0676 2.61323,
	12.0581 2.60206,
	12.047 2.59003,
	12.0418 2.58315,
	12.0401 2.57971,
	12.0384 2.57886,
	12.0324 2.56511,
	12.0315 2.56167,
	12.0289 2.55823,
	12.0229 2.54448,
	12.0203 2.54104,
	12.0143 2.52815,
	12.0126 2.52472,
	12.0126 2.523,
	12.01 2.51956,
	12.01 2.51784,
	12.0083 2.51612,
	12.0083 2.51441,
	12.0066 2.51269,
	12.0066 2.51097,
	12.0049 2.50925,
	12.004 2.50581,
	12.0023 2.50409,
	12.0014 2.50066,
	11.9989 2.49722,
	11.998 2.49378,
	11.9791 2.468,
	11.9679 2.45769,
	11.961 2.45339,
	11.9585 2.45081,
	11.9447 2.44652,
	11.9413 2.4448,
	11.9138 2.4405,
	11.9 2.4405,
	11.8725 2.43535,
	11.8588 2.43105,
	11.8553 2.42933,
	11.8536 2.42933,
	11.8407 2.41816,
	11.8399 2.41472,
	11.8382 2.413,
	11.8373 2.40957,
	11.8373 2.40785,
	11.8356 2.40613,
	11.8287 2.37863,
	11.8261 2.36488,
	11.8253 2.35113,
	11.8253 2.34426,
	11.8253 2.34082,
	11.827 2.33738,
	11.8287 2.32363,
	11.8287 2.30988,
	11.8235 2.29613,
	11.8227 2.2927,
	11.8201 2.28926,
	11.8201 2.28754,
	11.8089 2.27465,
	11.7969 2.2652,
	11.7943 2.26176,
	11.7926 2.26176,
	11.7789 2.25317,
	11.772 2.24973,
	11.7582 2.23856,
	11.7462 2.22653,
	11.7419 2.22051,
	11.7402 2.2188,
	11.7402 2.21708,
	11.7376 2.2145,
	11.7368 2.21106,
	11.7273 2.19731,
	11.7256 2.19387,
	11.723 2.18013,
	11.723 2.17325,
	11.723 2.17067,
	"/>
<Contour name="d046_p29" hidden="false" closed="true" simplified="true" border="1 1 0" fill="1 1 0" mode="11"
 points="12.2012 2.70853,
	12.2061 2.70286,
	12.2161 2.69363,
	12.2175 2.69222,
	12.2189 2.69222,
	12.2239 2.68796,
	12.2267 2.68583,
	12.2281 2.68583,
	12.2388 2.67732,
	12.2423 2.67235,
	12.2473 2.6681,
	12.253 2.66739,
	12.2558 2.66597,
	12.2671 2.66597,
	12.2785 2.66951,
	12.2898 2.67519,
	12.2955 2.67874,
	12.2984 2.68016,
	12.2998 2.68016,
	12.3054 2.6837,
	12.3111 2.68441,
	12.3168 2.68228,
	12.3182 2.68228,
	12.3196 2.68087,
	12.331 2.67732,
	12.3367 2.67732,
	12.3423 2.68016,
	12.348 2.68441,
	12.3523 2.68867,
	12.3565 2.69434,
	12.3579 2.69576,
	12.3579 2.69718,
	12.3615 2.70215,
	12.3629 2.70499,
	12.3643 2.70569,
	12.365 2.70853,
	12.3693 2.71421,
	12.3714 2.71705,
	12.3728 2.71775,
	12.3728 2.71917,
	12.3785 2.72414,
	12.3899 2.73123,
	12.4012 2.73478,
	12.4126 2.7362,
	12.4353 2.7362,
	12.4466 2.7362,
	12.4523 2.7362,
	12.458 2.73762,
	12.4629 2.74117,
	12.4658 2.74258,
	12.475 2.75181,
	12.4814 2.76245,
	12.4849 2.76741,
	12.4863 2.76954,
	12.492 2.7738,
	12.5034 2.77593,
	12.5261 2.77309,
	12.5374 2.77309,
	12.5488 2.77735,
	12.5545 2.78018,
	12.5573 2.78231,
	12.5608 2.78728,
	12.563 2.79295,
	12.5637 2.79579,
	12.5637 2.79721,
	12.5651 2.79863,
	12.5651 2.8043,
	12.5608 2.81565,
	12.5594 2.81636,
	12.558 2.82204,
	12.558 2.83339,
	12.558 2.83906,
	12.5672 2.86177,
	12.5693 2.87312,
	12.5693 2.87879,
	12.5686 2.88021,
	12.5573 2.88376,
	12.5459 2.88376,
	12.5403 2.88163,
	12.5353 2.87808,
	12.5147 2.8568,
	12.5133 2.85467,
	12.5083 2.849,
	12.502 2.83765,
	12.502 2.83623,
	12.5005 2.83481,
	12.4998 2.83197,
	12.492 2.82062,
	12.4892 2.81494,
	12.4842 2.80927,
	12.4807 2.80501,
	12.4778 2.80359,
	12.4764 2.80217,
	12.4651 2.79863,
	12.4537 2.7965,
	12.4509 2.79721,
	12.4282 2.79437,
	12.4168 2.79366,
	12.4112 2.79366,
	12.3884 2.7887,
	12.3657 2.7816,
	12.3544 2.77876,
	12.3487 2.77664,
	12.3459 2.77451,
	12.3445 2.77451,
	12.3388 2.77025,
	12.3345 2.76458,
	12.3246 2.75748,
	12.3189 2.75464,
	12.3076 2.75181,
	12.2622 2.75039,
	12.2395 2.74826,
	12.2366 2.74684,
	12.231 2.74613,
	12.2295 2.74471,
	12.2267 2.744,
	12.2239 2.74187,
	12.2224 2.74187,
	12.2118 2.73336,
	12.2061 2.7284,
	12.2026 2.72343,
	12.2012 2.71208,
	12.2012 2.70924,
	"/>
</Transform>

<Transform dim="0"
 xcoef=" 0 1 0 0 0 0"
 ycoef=" 0 0 1 0 0 0">
<Contour name="d046_p30" hidden="false" closed="true" simplified="true" border="1 1 0" fill="1 1 0" mode="11"
 points="12.5572 3.73786,
	12.5613 3.72685,
	12.5682 3.68285,
	12.5682 3.6801,
	12.5764 3.66909,
	12.5874 3.65947,
	12.5929 3.65397,
	12.6149 3.65259,
	12.6369 3.65397,
	12.6479 3.65534,
	12.6699 3.66634,
	12.6919 3.68285,
	12.7098 3.70485,
	12.7139 3.71035,
	12.7222 3.73235,
	12.7208 3.77636,
	12.7208 3.78736,
	12.7194 3.79286,
	12.7291 3.83687,
	12.7304 3.84787,
	12.7277 3.85887,
	12.7263 3.86438,
	12.7208 3.86988,
	12.7153 3.87263,
	12.6933 3.874,
	12.6713 3.86713,
	12.6507 3.85062,
	12.6397 3.84375,
	12.6177 3.82449,
	12.6067 3.81899,
	12.5847 3.80112,
	12.575 3.79011,
	12.5695 3.78461,
	12.5627 3.77361,
	12.5585 3.76261,
	12.5572 3.74061,
	12.5572 3.73923,
	"/>
</Transform>

<Transform dim="0"
 xcoef=" 0 1 0 0 0 0"
 ycoef=" 0 0 1 0 0 0">
<Contour name="d046_cfa28" hidden="false" closed="false" simplified="false" border="0 1 0" fill="0 1 0" mode="11"
 points="13.5722 2.90017,
	13.5309 2.90331,
	13.5089 2.90611,
	13.4809 2.91101,
	"/>
</Transform>

<Transform dim="0"
 xcoef=" 0 1 0 0 0 0"
 ycoef=" 0 0 1 0 0 0">
<Contour name="d046_c28" hidden="false" closed="true" simplified="true" border="1 0 0" fill="1 0 0" mode="11"
 points="13.4732 2.94266,
	13.4739 2.93707,
	13.4743 2.93427,
	13.4746 2.93392,
	13.4743 2.93112,
	13.4753 2.92553,
	13.4757 2.92413,
	13.4764 2.92378,
	13.4767 2.92238,
	13.4778 2.92099,
	13.4781 2.91819,
	13.4788 2.91784,
	13.4799 2.91224,
	13.4816 2.90665,
	13.4823 2.90385,
	13.4823 2.89826,
	13.4834 2.89546,
	13.4834 2.89407,
	13.4844 2.89162,
	13.4848 2.89127,
	13.4844 2.88987,
	13.4858 2.88742,
	13.4883 2.88532,
	13.4911 2.88463,
	13.4918 2.88393,
	13.503 2.88288,
	13.5477 2.88253,
	13.5533 2.88253,
	13.5589 2.88323,
	13.5645 2.88463,
	13.5673 2.88532,
	13.5687 2.88567,
	13.5694 2.88567,
	13.5697 2.88637,
	13.5725 2.88742,
	13.5739 2.88742,
	13.5753 2.88847,
	13.5764 2.89127,
	13.5764 2.89267,
	13.5778 2.89546,
	13.5792 2.90665,
	13.5813 2.91784,
	13.5823 2.92903,
	13.5823 2.9514,
	13.5823 2.9542,
	13.5806 2.95979,
	13.5799 2.96049,
	13.5788 2.96329,
	13.5771 2.96573,
	13.5771 2.96643,
	13.575 2.96818,
	13.5722 2.96993,
	13.5694 2.97098,
	13.5676 2.97203,
	13.5662 2.97238,
	13.5659 2.97308,
	13.5645 2.97308,
	13.5589 2.97482,
	13.5533 2.97587,
	13.5086 2.97622,
	13.4974 2.97587,
	13.4918 2.97552,
	13.4904 2.97482,
	13.4876 2.97448,
	13.4869 2.97448,
	13.4862 2.97378,
	13.4855 2.97378,
	13.4827 2.97203,
	13.4813 2.97098,
	13.4809 2.97028,
	13.4802 2.97028,
	13.4799 2.96958,
	13.4792 2.96958,
	13.4764 2.96783,
	13.4753 2.96539,
	13.4746 2.96399,
	13.4746 2.96329,
	13.4739 2.96259,
	13.4732 2.95699,
	13.4732 2.94581,
	13.4732 2.94301,
	"/>
</Transform>

<Transform dim="1"
 xcoef=" 9.55734081607603 1 0 0 0 0"
 ycoef=" 13.1982642286224 0 1 0 0 0">
<Image mag="0.00201646" contrast="2.65331" brightness="-1.315" red="true" green="true" blue="true"
 src="136.tif_1.bmp" />
<Contour name="domain1" hidden="false" closed="true" simplified="false" border="1 0 1" fill="1 0 1" mode="11"
 points="0 0,
	16383 0,
	16383 16383,
	0 16383,
	"/>
</Transform>

<Transform dim="0"
 xcoef=" 0 1 0 0 0 0"
 ycoef=" 0 0 1 0 0 0">
<Contour name="d046_cfa29" hidden="false" closed="false" simplified="false" border="0 1 0" fill="0 1 0" mode="11"
 points="11.5874 1.72646,
	11.6326 1.76711,
	11.6552 1.79738,
	11.6732 1.83396,
	11.6863 1.87688,
	11.6963 1.91527,
	"/>
</Transform>

<Transform dim="0"
 xcoef=" 0 1 0 0 0 0"
 ycoef=" 0 0 1 0 0 0">
<Contour name="d046_c29" hidden="false" closed="true" simplified="true" border="1 0 0" fill="1 0 0" mode="11"
 points="11.4869 1.82564,
	11.4884 1.82414,
	11.4884 1.82112,
	11.4906 1.8151,
	11.4914 1.80908,
	11.4929 1.80833,
	11.4936 1.80531,
	11.4959 1.8023,
	11.4959 1.79929,
	11.4974 1.79854,
	11.4974 1.79703,
	11.5057 1.78574,
	11.5125 1.7752,
	11.5155 1.77294,
	11.517 1.77068,
	11.523 1.76541,
	11.5245 1.76316,
	11.5305 1.75939,
	11.5328 1.75713,
	11.5335 1.75563,
	11.535 1.75563,
	11.5403 1.75111,
	11.5411 1.7496,
	11.5426 1.7496,
	11.5448 1.74659,
	11.5501 1.74283,
	11.5524 1.73982,
	11.5576 1.73605,
	11.5591 1.73455,
	11.5606 1.73455,
	11.5652 1.73003,
	11.5712 1.72476,
	11.5772 1.721,
	11.6013 1.71422,
	11.6254 1.71422,
	11.6374 1.71422,
	11.6434 1.71648,
	11.6555 1.71874,
	11.6668 1.72551,
	11.6713 1.73154,
	11.6796 1.75487,
	11.6811 1.7609,
	11.6811 1.76692,
	11.6826 1.77294,
	11.6833 1.78499,
	11.6849 1.79101,
	11.6864 1.79252,
	11.6901 1.80456,
	11.6916 1.81058,
	11.6924 1.8136,
	11.6924 1.8151,
	11.6939 1.81661,
	11.6939 1.81962,
	11.6961 1.82564,
	11.6961 1.82865,
	11.7007 1.8407,
	11.7007 1.84371,
	11.7022 1.84521,
	11.7052 1.85726,
	11.7074 1.86328,
	11.7074 1.86629,
	11.7089 1.86931,
	11.7097 1.8934,
	11.7089 1.89942,
	11.7082 1.90243,
	11.7037 1.90845,
	11.6796 1.92125,
	11.6736 1.92502,
	11.6706 1.92727,
	11.6675 1.92803,
	11.6645 1.93029,
	11.663 1.93179,
	11.66 1.93254,
	11.654 1.93706,
	11.6525 1.93857,
	11.651 1.93857,
	11.6495 1.94007,
	11.648 1.94007,
	11.645 1.94233,
	11.6419 1.94308,
	11.6359 1.94685,
	11.6299 1.94911,
	11.6284 1.95061,
	11.6171 1.95513,
	11.6156 1.95664,
	11.6141 1.95664,
	11.6133 1.95814,
	11.6118 1.95814,
	11.6103 1.95965,
	11.6088 1.95965,
	11.6081 1.96115,
	11.5968 1.96492,
	11.5847 1.96718,
	11.5727 1.96718,
	11.5667 1.96793,
	11.5606 1.96567,
	11.5493 1.95739,
	11.5448 1.95287,
	11.5411 1.94685,
	11.5305 1.93631,
	11.526 1.93029,
	11.5253 1.92878,
	11.5237 1.92878,
	11.517 1.91899,
	11.5132 1.91297,
	11.5109 1.91071,
	11.5109 1.90921,
	11.5094 1.90845,
	11.5004 1.88512,
	11.4982 1.87909,
	11.4982 1.87608,
	11.4959 1.87382,
	11.4929 1.86178,
	11.4921 1.85877,
	11.4921 1.85726,
	11.4906 1.85575,
	11.4869 1.84371,
	11.4869 1.83166,
	11.4869 1.82639,
	"/>
</Transform>

</Section>