<?xml version="1.0"?>
<!DOCTYPE Section SYSTEM "section.dtd">

<Section index="199" thickness="0.052" alignLocked="true">
<Transform dim="1"
 xcoef=" 8.7737380708199 1 0 0 0 0"
 ycoef=" 8 0 1 0 0 0">
<Image mag="0.00201646" contrast="1.15763" brightness="-0.375" red="true" green="true" blue="true"
 src="199____z198.0.tif" />
<Contour name="domain1" hidden="false" closed="true" simplified="false" border="1 0 1" fill="1 0 1" mode="11"
 points="0 0,
	13727 0,
	13727 13535,
	0 13535,
	"/>
</Transform>

<Transform dim="1"
 xcoef=" 8.7737380708199 1 0 0 0 0"
 ycoef=" 8 0 1 0 0 0">
<Contour name="D057" hidden="false" closed="true" simplified="true" border="0 0 1" fill="0 0 1" mode="11"
 points="14.3875 17.8453,
	14.388 17.8332,
	14.3896 17.8212,
	14.3921 17.8095,
	14.3957 17.7982,
	14.4002 17.7874,
	14.4057 17.7772,
	14.4119 17.7677,
	14.419 17.7591,
	14.4267 17.7514,
	14.4351 17.7448,
	14.444 17.7392,
	14.4533 17.7347,
	14.463 17.7315,
	14.4729 17.7294,
	14.4829 17.7286,
	14.4929 17.7291,
	14.5029 17.7308,
	14.5126 17.7338,
	14.522 17.7379,
	14.5311 17.7433,
	14.5396 17.7497,
	14.5475 17.7571,
	14.5547 17.7655,
	14.5612 17.7748,
	14.5668 17.7848,
	14.5716 17.7954,
	14.5754 17.8067,
	14.5782 17.8183,
	14.58 17.8302,
	14.5808 17.8423,
	14.5806 17.8544,
	14.5793 17.8664,
	14.5769 17.8782,
	14.5736 17.8896,
	14.5693 17.9005,
	14.5641 17.9109,
	14.5581 17.9205,
	14.5512 17.9294,
	14.5436 17.9373,
	14.5354 17.9442,
	14.5266 17.9501,
	14.5174 17.9549,
	14.5078 17.9584,
	14.4979 17.9608,
	14.4879 17.9619,
	14.4779 17.9617,
	14.4679 17.9603,
	14.4581 17.9576,
	14.4486 17.9538,
	14.4395 17.9487,
	14.4308 17.9426,
	14.4228 17.9354,
	14.4154 17.9272,
	14.4087 17.9182,
	14.4028 17.9084,
	14.3978 17.8978,
	14.3938 17.8868,
	14.3907 17.8752,
	14.3887 17.8634,
	"/>
</Transform>

<Transform dim="1"
 xcoef=" 8.7737380708199 1 0 0 0 0"
 ycoef=" 8 0 1 0 0 0">
<Contour name="D058" hidden="false" closed="true" simplified="true" border="0 0 1" fill="0 0 1" mode="11"
 points="14.8508 18.8255,
	14.852 18.8095,
	14.8556 18.7939,
	14.8615 18.779,
	14.8695 18.7654,
	14.8794 18.7532,
	14.891 18.7429,
	14.904 18.7347,
	14.9181 18.7287,
	14.9328 18.7253,
	14.9479 18.7243,
	14.963 18.7259,
	14.9776 18.73,
	14.9915 18.7365,
	15.0041 18.7453,
	15.0154 18.7561,
	15.0248 18.7686,
	15.0323 18.7826,
	15.0376 18.7977,
	15.0406 18.8135,
	15.0412 18.8296,
	15.0394 18.8455,
	15.0352 18.861,
	15.0288 18.8756,
	15.0203 18.8889,
	15.01 18.9006,
	14.998 18.9104,
	14.9847 18.9181,
	14.9704 18.9234,
	14.9555 18.9263,
	14.9404 18.9266,
	14.9254 18.9244,
	14.9109 18.9196,
	14.8974 18.9125,
	14.885 18.9032,
	14.8742 18.892,
	14.8652 18.879,
	14.8583 18.8647,
	14.8535 18.8495,
	"/>
</Transform>

<Transform dim="1"
 xcoef=" 8.7737380708199 1 0 0 0 0"
 ycoef=" 8 0 1 0 0 0">
<Contour name="D046" hidden="true" closed="true" simplified="true" border="0 0 1" fill="0 0 1" mode="11"
 points="22.7333 11.1988,
	22.7347 11.1831,
	22.7389 11.168,
	22.7457 11.1538,
	22.755 11.1411,
	22.7663 11.1302,
	22.7795 11.1215,
	22.7939 11.1153,
	22.8093 11.1118,
	22.825 11.1111,
	22.8406 11.1132,
	22.8555 11.1181,
	22.8694 11.1256,
	22.8817 11.1354,
	22.8921 11.1472,
	22.9001 11.1607,
	22.9057 11.1755,
	22.9085 11.1909,
	22.9085 11.2067,
	22.9057 11.2222,
	22.9001 11.2369,
	22.8921 11.2504,
	22.8817 11.2623,
	22.8694 11.2721,
	22.8555 11.2795,
	22.8406 11.2844,
	22.825 11.2865,
	22.8093 11.2858,
	22.7939 11.2823,
	22.7795 11.2761,
	22.7663 11.2674,
	22.755 11.2566,
	22.7457 11.2438,
	22.7389 11.2297,
	"/>
</Transform>

<Transform dim="0"
 xcoef=" 0 1 0 0 0 0"
 ycoef=" 0 0 1 0 0 0">
<Contour name="D057 ax01" hidden="false" closed="true" simplified="false" border="0 1 1" fill="0 1 1" mode="-9"
 points="5.6556 9.61886,
	5.66755 9.60691,
	5.61975 9.5591,
	5.6317 9.54715,
	5.67951 9.59496,
	5.69146 9.583,
	5.69146 9.61886,
	"/>
</Transform>

<Transform dim="0"
 xcoef=" 0 1 0 0 0 0"
 ycoef=" 0 0 1 0 0 0">
<Contour name="D045" hidden="false" closed="true" simplified="true" border="0 0 1" fill="0 0 1" mode="11"
 points="2.86861 9.10705,
	2.87076 9.08983,
	2.87709 9.07337,
	2.88733 9.05838,
	2.90104 9.04551,
	2.91761 9.03533,
	2.93633 9.02829,
	2.95637 9.02469,
	2.97686 9.02469,
	2.9969 9.02829,
	3.01561 9.03533,
	3.03219 9.04551,
	3.0459 9.05838,
	3.05614 9.07337,
	3.06247 9.08983,
	3.06461 9.10705,
	3.06247 9.12427,
	3.05614 9.14074,
	3.0459 9.15573,
	3.03219 9.1686,
	3.01561 9.17877,
	2.9969 9.18582,
	2.97686 9.18942,
	2.95637 9.18942,
	2.93633 9.18582,
	2.91761 9.17877,
	2.90104 9.1686,
	2.88733 9.15573,
	2.87709 9.14074,
	2.87076 9.12427,
	"/>
</Transform>

<Transform dim="0"
 xcoef=" 0 1 0 0 0 0"
 ycoef=" 0 0 1 0 0 0">
<Contour name="D045 sym cand 7" hidden="false" closed="true" simplified="true" border="0 1 1" fill="0 1 1" mode="11"
 points="2.65156 9.11772,
	2.65251 9.09279,
	2.65536 9.06844,
	2.66004 9.04525,
	2.66643 9.02375,
	2.67438 9.00446,
	2.68371 8.98782,
	2.69421 8.97423,
	2.70562 8.964,
	2.71767 8.95738,
	2.73009 8.95451,
	2.74259 8.95547,
	2.75486 8.96023,
	2.76663 8.96868,
	2.77761 8.98063,
	2.78756 8.99579,
	2.79623 9.0138,
	2.80342 9.03425,
	2.80897 9.05666,
	2.81274 9.0805,
	2.81465 9.10522,
	2.81465 9.13022,
	2.81274 9.15493,
	2.80897 9.17877,
	2.80342 9.20118,
	2.79623 9.22164,
	2.78756 9.23965,
	2.77761 9.25481,
	2.76663 9.26676,
	2.75486 9.27521,
	2.74259 9.27997,
	2.73009 9.28093,
	2.71767 9.27806,
	2.70562 9.27144,
	2.69421 9.26121,
	2.68371 9.24761,
	2.67438 9.23098,
	2.66643 9.21169,
	2.66004 9.19019,
	2.65536 9.167,
	2.65251 9.14265,
	"/>
</Transform>

<Transform dim="0"
 xcoef=" 0 1 0 0 0 0"
 ycoef=" 0 0 1 0 0 0">
<Contour name="D045 sym cand 8" hidden="false" closed="true" simplified="true" border="0 1 1" fill="0 1 1" mode="11"
 points="2.8368 9.27607,
	2.83922 9.26361,
	2.84644 9.25146,
	2.85827 9.23993,
	2.87441 9.22932,
	2.89445 9.21989,
	2.91789 9.21187,
	2.94414 9.20548,
	2.97253 9.20087,
	3.00234 9.19815,
	3.03283 9.19741,
	3.06322 9.19865,
	3.09275 9.20184,
	3.12067 9.20691,
	3.14627 9.21373,
	3.16891 9.22212,
	3.18803 9.23187,
	3.20312 9.24274,
	3.21382 9.25445,
	3.21985 9.26671,
	3.22107 9.2792,
	3.21743 9.29161,
	3.20904 9.30363,
	3.1961 9.31496,
	3.17894 9.3253,
	3.158 9.3344,
	3.1338 9.34203,
	3.10696 9.34799,
	3.07814 9.35213,
	3.04809 9.35436,
	3.01755 9.35461,
	2.9873 9.35287,
	2.95811 9.3492,
	2.9307 9.34368,
	2.90578 9.33645,
	2.88397 9.3277,
	2.86582 9.31764,
	2.8518 9.30654,
	2.84224 9.29466,
	"/>
</Transform>

<Transform dim="0"
 xcoef=" 0 1 0 0 0 0"
 ycoef=" 0 0 1 0 0 0">
<Contour name="D019" hidden="false" closed="true" simplified="true" border="0 0 1" fill="0 0 1" mode="11"
 points="3.14573 6.81079,
	3.14698 6.79518,
	3.15073 6.77993,
	3.15686 6.76541,
	3.16526 6.75195,
	3.1757 6.73987,
	3.18796 6.72945,
	3.20175 6.72094,
	3.21673 6.71454,
	3.23257 6.71039,
	3.24888 6.70859,
	3.26529 6.70919,
	3.28141 6.71217,
	3.29686 6.71747,
	3.31129 6.72495,
	3.32435 6.73444,
	3.33574 6.74572,
	3.34519 6.75853,
	3.35247 6.77256,
	3.35743 6.78749,
	3.35993 6.80296,
	3.35993 6.81862,
	3.35743 6.83409,
	3.35247 6.84902,
	3.34519 6.86305,
	3.33574 6.87586,
	3.32435 6.88714,
	3.31129 6.89663,
	3.29686 6.90411,
	3.28141 6.9094,
	3.26529 6.91239,
	3.24888 6.91299,
	3.23257 6.91119,
	3.21673 6.90704,
	3.20175 6.90064,
	3.18796 6.89212,
	3.1757 6.88171,
	3.16526 6.86963,
	3.15686 6.85617,
	3.15073 6.84165,
	3.14698 6.8264,
	"/>
</Transform>

<Transform dim="0"
 xcoef=" 0 1 0 0 0 0"
 ycoef=" 0 0 1 0 0 0">
<Contour name="D020" hidden="false" closed="true" simplified="true" border="0 0 1" fill="0 0 1" mode="11"
 points="9.68973 6.10728,
	9.69188 6.07943,
	9.69821 6.05279,
	9.70846 6.02854,
	9.72217 6.00773,
	9.73875 5.99126,
	9.75747 5.97987,
	9.77751 5.97405,
	9.798 5.97405,
	9.81805 5.97987,
	9.83677 5.99126,
	9.85335 6.00773,
	9.86706 6.02854,
	9.8773 6.05279,
	9.88364 6.07943,
	9.88578 6.10728,
	9.88364 6.13513,
	9.8773 6.16177,
	9.86706 6.18602,
	9.85335 6.20684,
	9.83677 6.2233,
	9.81805 6.23469,
	9.798 6.24051,
	9.77751 6.24051,
	9.75747 6.23469,
	9.73875 6.2233,
	9.72217 6.20684,
	9.70846 6.18602,
	9.69821 6.16177,
	9.69188 6.13513,
	"/>
</Transform>

</Section>