<?xml version="1.0"?>
<!DOCTYPE Section SYSTEM "section.dtd">

<Section index="200" thickness="0.048" alignLocked="false">
<Transform dim="3"
 xcoef=" 1.73527987792304 0.846455232617974 -0.0428213084407764 0 0 0"
 ycoef=" -0.048896279134608 -0.00489535937066404 0.953821325970165 0 0 0">
<Contour name="D06_mid-caliber" hidden="true" closed="true" simplified="true" border="0 0 1" fill="0 0 1" mode="9"
 points="4.76463 3.51261,
	4.76849 3.47305,
	4.77994 3.43472,
	4.79862 3.39883,
	4.82395 3.3665,
	4.85514 3.33873,
	4.89121 3.31639,
	4.93105 3.30018,
	4.97339 3.29061,
	5.01693 3.28798,
	5.06029 3.29236,
	5.10213 3.30363,
	5.14113 3.32142,
	5.17609 3.34519,
	5.2059 3.37419,
	5.22963 3.40752,
	5.24655 3.44412,
	5.25613 3.48287,
	5.25806 3.52255,
	5.25228 3.56191,
	5.23898 3.59974,
	5.21858 3.63484,
	5.1917 3.66612,
	5.15919 3.69261,
	5.12206 3.71347,
	5.08148 3.72806,
	5.03871 3.73592,
	4.99509 3.73679,
	4.95199 3.73067,
	4.91074 3.71773,
	4.87263 3.69838,
	4.83887 3.67323,
	4.8105 3.64306,
	4.7884 3.60881,
	4.77328 3.57156,
	"/>
</Transform>

<Transform dim="3"
 xcoef=" 1.73527987792304 0.846455232617974 -0.0428213084407764 0 0 0"
 ycoef=" -0.048896279134608 -0.00489535937066404 0.953821325970165 0 0 0">
<Contour name="d01cfa30" hidden="true" closed="false" simplified="false" border="0 1 0" fill="0 1 1" mode="11"
 points="6.27723 0.531069,
	6.2536 0.521619,
	6.20163 0.479092,
	6.17327 0.408215,
	6.15437 0.308987,
	6.12602 0.223935,
	"/>
</Transform>

<Transform dim="3"
 xcoef=" 1.73527987792304 0.846455232617974 -0.0428213084407764 0 0 0"
 ycoef=" -0.048896279134608 -0.00489535937066404 0.953821325970165 0 0 0">
<Contour name="d01c30" hidden="true" closed="true" simplified="true" border="1 0 0" fill="0 1 0" mode="11"
 points="6.12378 0.231532,
	6.13796 0.212631,
	6.15686 0.207906,
	6.19466 0.217356,
	6.21356 0.226807,
	6.26554 0.302409,
	6.27971 0.378011,
	6.28916 0.415812,
	6.28916 0.434713,
	6.30806 0.472514,
	6.31751 0.491415,
	6.31279 0.510315,
	6.29861 0.524491,
	6.26081 0.529216,
	6.22301 0.524491,
	6.20411 0.519765,
	6.17103 0.481964,
	6.15686 0.444163,
	6.14741 0.368561,
	6.14741 0.34966,
	6.12378 0.274058,
	6.12378 0.236257,
	"/>
</Transform>

<Transform dim="3"
 xcoef=" 1.72527987792304 0.846455232617974 -0.0428213084407764 0 0 0"
 ycoef=" -0.048896279134608 -0.00489535937066404 0.953821325970165 0 0 0">
<Contour name="d01cfa30" hidden="true" closed="true" simplified="true" border="0 1 0" fill="0 1 0" mode="11"
 points="6.12378 0.231532,
	6.13796 0.212631,
	6.15686 0.207906,
	6.19466 0.217356,
	6.21356 0.226807,
	6.26554 0.302409,
	6.27971 0.378011,
	6.28916 0.415812,
	6.28916 0.434713,
	6.30806 0.472514,
	6.31751 0.491415,
	6.31279 0.510315,
	6.29861 0.524491,
	6.26081 0.529216,
	6.22301 0.524491,
	6.20411 0.519765,
	6.17103 0.481964,
	6.15686 0.444163,
	6.14741 0.368561,
	6.14741 0.34966,
	6.12378 0.274058,
	6.12378 0.236257,
	"/>
</Transform>

<Transform dim="3"
 xcoef=" 1.73527987792304 0.846455232617974 -0.0428213084407764 0 0 0"
 ycoef=" -0.048896279134608 -0.00489535937066404 0.953821325970165 0 0 0">
<Contour name="D14_high caliber" hidden="true" closed="true" simplified="true" border="1 0 0.5" fill="1 0 0.5" mode="9"
 points="2.33012 -1.82635,
	2.34 -1.9101,
	2.36866 -1.98564,
	2.41331 -2.0456,
	2.46957 -2.08409,
	2.53193 -2.09735,
	2.59429 -2.08409,
	2.65055 -2.0456,
	2.6952 -1.98564,
	2.72386 -1.9101,
	2.73374 -1.82635,
	2.72386 -1.74261,
	2.6952 -1.66706,
	2.65055 -1.60711,
	2.59429 -1.56862,
	2.53193 -1.55535,
	2.46957 -1.56862,
	2.41331 -1.60711,
	2.36866 -1.66706,
	"/>
<Contour name="D13_high caliber" hidden="true" closed="true" simplified="true" border="0.5 0 1" fill="0.5 0 1" mode="9"
 points="2.02438 0.30344,
	2.03248 0.22517,
	2.05636 0.15083,
	2.09483 0.08414,
	2.14596 0.02845,
	2.20718 -0.013455,
	2.27543 -0.039468,
	2.34728 -0.048287,
	2.41913 -0.039468,
	2.48737 -0.013455,
	2.5486 0.02845,
	2.59972 0.08414,
	2.63819 0.15083,
	2.66207 0.22517,
	2.67017 0.30344,
	2.66207 0.3817,
	2.63819 0.45604,
	2.59972 0.52273,
	2.5486 0.57842,
	2.48737 0.62033,
	2.41913 0.64634,
	2.34728 0.65516,
	2.27543 0.64634,
	2.20718 0.62033,
	2.14596 0.57842,
	2.09483 0.52273,
	2.05636 0.45604,
	"/>
</Transform>

<Transform dim="3"
 xcoef=" 1.73527987792304 0.846455232617974 -0.0428213084407764 0 0 0"
 ycoef=" -0.048896279134608 -0.00489535937066404 0.953821325970165 0 0 0">
<Contour name="D18_high caliber" hidden="true" closed="true" simplified="true" border="1 0 1" fill="1 0 1" mode="9"
 points="6.56729 -1.98046,
	6.57803 -2.06204,
	6.60947 -2.13757,
	6.65928 -2.20144,
	6.72375 -2.24893,
	6.79811 -2.27651,
	6.87684 -2.28213,
	6.9541 -2.26537,
	7.02417 -2.22749,
	7.08185 -2.17128,
	7.12285 -2.10092,
	7.14414 -2.02163,
	7.14414 -1.93928,
	7.12285 -1.85999,
	7.08185 -1.78963,
	7.02417 -1.73343,
	6.9541 -1.69554,
	6.87684 -1.67879,
	6.79811 -1.68441,
	6.72375 -1.71198,
	6.65928 -1.75947,
	6.60947 -1.82335,
	6.57803 -1.89888,
	"/>
</Transform>

<Transform dim="3"
 xcoef=" 2.25527987792304 0.846455232617974 -0.0428213084407764 0 0 0"
 ycoef=" 1.4811037208654 -0.00489535937066404 0.953821325970165 0 0 0">
<Contour name="D17_high caliber" hidden="true" closed="true" simplified="true" border="0 0 1" fill="0 0 1" mode="-13"
 points="5.33474 -1.48592,
	5.34525 -1.56732,
	5.37589 -1.64181,
	5.42407 -1.70309,
	5.4857 -1.74595,
	5.55555 -1.76676,
	5.62771 -1.76375,
	5.69604 -1.73719,
	5.75476 -1.68932,
	5.79888 -1.6242,
	5.82468 -1.54735,
	5.82995 -1.4653,
	5.81425 -1.38499,
	5.77891 -1.31325,
	5.72693 -1.25614,
	5.66273 -1.21853,
	5.59173 -1.20358,
	5.51996 -1.21258,
	5.45351 -1.24476,
	5.39802 -1.29739,
	5.35818 -1.366,
	"/>
</Transform>

<Transform dim="3"
 xcoef=" 1.73527987792304 0.846455232617974 -0.0428213084407764 0 0 0"
 ycoef=" -0.048896279134608 -0.00489535937066404 0.953821325970165 0 0 0">
<Contour name="d14" hidden="true" closed="true" simplified="true" border="1 1 0" fill="1 0 1" mode="11"
 points="4.67006 -1.68299,
	4.69949 -1.7069,
	4.7142 -1.71793,
	4.72892 -1.71058,
	4.73627 -1.7069,
	4.75283 -1.58918,
	4.76202 -1.53032,
	4.77306 -1.4126,
	4.7749 -1.38318,
	4.79513 -1.26546,
	4.80065 -1.23603,
	4.80249 -1.22131,
	4.80985 -1.2066,
	4.83008 -1.17717,
	4.86135 -1.11831,
	4.8687 -1.1036,
	4.8687 -1.07417,
	4.87422 -1.06865,
	4.87238 -1.06681,
	4.8687 -1.06865,
	4.86686 -1.06497,
	4.85215 -1.06497,
	4.82824 -1.09256,
	4.82456 -1.09808,
	4.8264 -1.09992,
	4.79697 -1.11647,
	4.78226 -1.12567,
	4.7749 -1.13119,
	4.76018 -1.16062,
	4.75283 -1.17533,
	4.71788 -1.29305,
	4.70133 -1.35191,
	4.69213 -1.38134,
	4.68661 -1.41077,
	4.67741 -1.52848,
	4.6719 -1.6462,
	4.67006 -1.67563,
	4.67006 -1.68115,
	"/>
<Contour name="d14" hidden="true" closed="true" simplified="true" border="1 1 0" fill="1 0 1" mode="11"
 points="4.22494 -0.934379,
	4.22862 -0.993238,
	4.22862 -1.00795,
	4.23046 -1.01531,
	4.25989 -1.02635,
	4.26724 -1.02818,
	4.3261 -1.01347,
	4.34082 -1.00979,
	4.34817 -1.00795,
	4.39968 -0.949094,
	4.40519 -0.941736,
	4.41255 -0.912307,
	4.41439 -0.90495,
	4.40151 -0.875521,
	4.38864 -0.864485,
	4.35001 -0.746768,
	4.33898 -0.717338,
	4.30955 -0.695266,
	4.29483 -0.68423,
	4.2654 -0.680552,
	4.25069 -0.680552,
	4.24333 -0.680552,
	4.22862 -0.693427,
	4.22494 -0.697106,
	4.22494 -0.93254,
	"/>
</Transform>

<Transform dim="3"
 xcoef=" 1.73527987792304 0.846455232617974 -0.0428213084407764 0 0 0"
 ycoef=" -0.048896279134608 -0.00489535937066404 0.953821325970165 0 0 0">
<Contour name="d14p28" hidden="true" closed="true" simplified="false" border="1 0 0" fill="1 0 0" mode="-13"
 points="1.83843 -2.59522,
	1.81377 -2.59522,
	1.81377 -2.58289,
	1.8261 -2.57056,
	1.86309 -2.55823,
	1.83843 -2.5459,
	1.8261 -2.52124,
	1.80144 -2.5459,
	1.78911 -2.57056,
	1.78911 -2.59522,
	1.76445 -2.59522,
	1.80144 -2.61988,
	"/>
</Transform>

<Transform dim="3"
 xcoef=" 1.73527987792304 0.846455232617974 -0.0428213084407764 0 0 0"
 ycoef=" -0.048896279134608 -0.00489535937066404 0.953821325970165 0 0 0">
<Contour name="d14p29" hidden="true" closed="true" simplified="false" border="1 0 0" fill="1 0 0" mode="-13"
 points="2.48878 -2.71175,
	2.48878 -2.72617,
	2.5032 -2.72617,
	2.5032 -2.74059,
	2.51762 -2.74059,
	2.51762 -2.72617,
	2.53204 -2.72617,
	2.53204 -2.71175,
	2.51762 -2.71175,
	2.51762 -2.69733,
	2.5032 -2.69733,
	2.5032 -2.71175,
	"/>
</Transform>

<Transform dim="3"
 xcoef=" 1.73527987792304 0.846455232617974 -0.0428213084407764 0 0 0"
 ycoef=" -0.048896279134608 -0.00489535937066404 0.953821325970165 0 0 0">
<Contour name="d14" hidden="true" closed="true" simplified="true" border="1 1 0" fill="1 0 1" mode="11"
 points="1.65052 -2.77665,
	1.65773 -2.80549,
	1.66133 -2.81991,
	1.66133 -2.83433,
	1.71902 -2.84695,
	1.73344 -2.85056,
	1.74065 -2.85056,
	1.75327 -2.82352,
	1.76228 -2.79468,
	1.7731 -2.73699,
	1.77851 -2.70814,
	1.81096 -2.65046,
	1.82718 -2.62161,
	1.94255 -2.56934,
	1.94436 -2.56753,
	1.98402 -2.62522,
	2.00385 -2.65406,
	2.01647 -2.66849,
	2.02368 -2.6757,
	2.0381 -2.6811,
	2.15347 -2.70634,
	2.21116 -2.71896,
	2.26885 -2.71355,
	2.29769 -2.71175,
	2.31211 -2.71175,
	2.31391 -2.71175,
	2.31932 -2.70995,
	2.34276 -2.69192,
	2.35718 -2.68291,
	2.41487 -2.6811,
	2.42208 -2.6811,
	2.42929 -2.68471,
	2.44191 -2.69913,
	2.45813 -2.72797,
	2.46714 -2.7424,
	2.47976 -2.75502,
	2.50861 -2.76944,
	2.59333 -2.65587,
	2.67085 -2.54049,
	2.68888 -2.51165,
	2.69969 -2.49723,
	2.82588 -2.26648,
	2.88898 -2.15111,
	2.91962 -2.09342,
	2.92684 -2.079,
	2.92684 -1.96362,
	2.92684 -1.90594,
	2.93945 -1.79056,
	2.94486 -1.73288,
	2.94847 -1.70403,
	2.94847 -1.67519,
	3.00435 -1.64274,
	3.06024 -1.59046,
	3.06745 -1.58325,
	3.07105 -1.58145,
	3.01337 -1.56703,
	2.99894 -1.56162,
	2.95928 -1.50393,
	2.94847 -1.48951,
	2.94306 -1.4823,
	2.82769 -1.43543,
	2.77 -1.41199,
	2.75558 -1.40839,
	2.69789 -1.40839,
	2.66905 -1.40839,
	2.55367 -1.42281,
	2.49599 -1.43002,
	2.46714 -1.43543,
	2.45993 -1.43723,
	2.42027 -1.49312,
	2.40225 -1.52196,
	2.40044 -1.52376,
	2.39684 -1.51655,
	2.39504 -1.51295,
	2.27966 -1.5472,
	2.22197 -1.53097,
	2.21476 -1.52917,
	2.15708 -1.549,
	2.12823 -1.55982,
	2.11381 -1.56523,
	2.08497 -1.58686,
	2.07776 -1.59227,
	2.01286 -1.70764,
	1.98041 -1.76533,
	1.92272 -1.8807,
	1.89388 -1.93839,
	1.87946 -1.96723,
	1.85062 -2.0826,
	1.83619 -2.14029,
	1.80735 -2.37104,
	1.79834 -2.42872,
	1.7713 -2.5441,
	1.75688 -2.60178,
	1.75507 -2.609,
	1.71361 -2.66668,
	1.67575 -2.72437,
	1.65953 -2.75321,
	1.65232 -2.76763,
	1.65052 -2.77485,
	"/>
</Transform>

<Transform dim="3"
 xcoef=" 1.73527987792304 0.846455232617974 -0.0428213084407764 0 0 0"
 ycoef=" -0.048896279134608 -0.00489535937066404 0.953821325970165 0 0 0">
<Contour name="d14" hidden="true" closed="true" simplified="true" border="1 1 0" fill="1 0 1" mode="11"
 points="3.82379 -1.82079,
	3.82501 -1.89905,
	3.82501 -1.91862,
	3.83112 -1.95775,
	3.84702 -2.03601,
	3.84947 -2.04579,
	3.9265 -2.11794,
	3.9314 -2.12283,
	4.00966 -2.15463,
	4.01944 -2.15829,
	4.02922 -2.15952,
	4.10748 -2.15463,
	4.11727 -2.15463,
	4.12216 -2.15218,
	4.20042 -2.08982,
	4.20898 -2.08126,
	4.23588 -2.04212,
	4.24933 -2.02256,
	4.25667 -2.01278,
	4.26034 -1.97365,
	4.26156 -1.95408,
	4.26156 -1.94919,
	4.26156 -1.94674,
	4.24199 -1.9284,
	4.23221 -1.91862,
	4.22977 -1.91617,
	4.19064 -1.91617,
	4.17107 -1.91617,
	4.15151 -1.9125,
	4.14172 -1.91128,
	4.10259 -1.89294,
	4.08303 -1.88193,
	4.03411 -1.80367,
	4.00966 -1.76454,
	3.99131 -1.74865,
	3.95218 -1.72174,
	3.93262 -1.70829,
	3.92284 -1.70218,
	3.91794 -1.69851,
	3.89838 -1.69484,
	3.87881 -1.69362,
	3.86903 -1.6924,
	3.86414 -1.69117,
	3.85925 -1.6924,
	3.83968 -1.70585,
	3.8299 -1.71318,
	3.82501 -1.71685,
	3.82379 -1.79511,
	3.82379 -1.81468,
	3.82379 -1.81957,
	"/>
</Transform>

<Transform dim="3"
 xcoef=" 1.73527987792304 0.846455232617974 -0.0428213084407764 0 0 0"
 ycoef=" -0.048896279134608 -0.00489535937066404 0.953821325970165 0 0 0">
<Contour name="d14p50" hidden="true" closed="true" simplified="false" border="1 0 0" fill="1 0 0" mode="-13"
 points="2.38623 -2.61871,
	2.39077 -2.62324,
	2.37263 -2.64138,
	2.37716 -2.64591,
	2.3953 -2.62777,
	2.39983 -2.63231,
	2.39983 -2.61871,
	"/>
</Transform>

<Transform dim="3"
 xcoef=" 1.73527987792304 0.846455232617974 -0.0428213084407764 0 0 0"
 ycoef=" -0.048896279134608 -0.00489535937066404 0.953821325970165 0 0 0">
<Contour name="d14c50" hidden="true" closed="true" simplified="true" border="1 0 0" fill="0 1 1" mode="11"
 points="2.31551 -2.69973,
	2.33025 -2.71786,
	2.33705 -2.72693,
	2.33931 -2.7292,
	2.37558 -2.7326,
	2.41185 -2.73146,
	2.41638 -2.73146,
	2.43452 -2.71446,
	2.44358 -2.70653,
	2.44245 -2.69746,
	2.44132 -2.69293,
	2.44132 -2.69066,
	2.40505 -2.66913,
	2.36878 -2.67026,
	2.35065 -2.67139,
	2.34158 -2.67139,
	2.33705 -2.67253,
	2.32231 -2.69066,
	2.31664 -2.6986,
	"/>
</Transform>

<Transform dim="3"
 xcoef=" 1.73527987792304 0.846455232617974 -0.0428213084407764 0 0 0"
 ycoef=" -0.048896279134608 -0.00489535937066404 0.953821325970165 0 0 0">
<Contour name="d14c27c" hidden="true" closed="true" simplified="true" border="1 0 0" fill="1 0 1" mode="11"
 points="4.32756 -0.749046,
	4.3346 -0.774092,
	4.33773 -0.786615,
	4.34321 -0.799138,
	4.37061 -0.849231,
	4.37452 -0.855493,
	4.39957 -0.867233,
	4.40113 -0.868016,
	4.40896 -0.855493,
	4.41052 -0.852362,
	4.41131 -0.839839,
	4.41209 -0.833577,
	4.40818 -0.808531,
	4.40583 -0.796008,
	4.38861 -0.745915,
	4.38469 -0.733391,
	4.38235 -0.72713,
	4.38 -0.724782,
	4.36748 -0.720868,
	4.36434 -0.720086,
	4.3393 -0.740436,
	4.32756 -0.748263,
	"/>
<Contour name="d14cfa27c" hidden="true" closed="false" simplified="false" border="0 1 0" fill="1 0 1" mode="11"
 points="4.39741 -0.866051,
	4.39068 -0.836444,
	4.34897 -0.732817,
	"/>
</Transform>

<Transform dim="3"
 xcoef=" 1.73527987792304 0.846455232617974 -0.0428213084407764 0 0 0"
 ycoef=" -0.048896279134608 -0.00489535937066404 0.953821325970165 0 0 0">
<Contour name="d14cfa50" hidden="true" closed="false" simplified="false" border="0 1 0" fill="0 1 1" mode="11"
 points="2.44105 -2.70174,
	2.37655 -2.69284,
	2.31984 -2.70174,
	"/>
</Transform>

<Transform dim="3"
 xcoef=" 1.73527987792304 0.846455232617974 -0.0428213084407764 0 0 0"
 ycoef=" -0.048896279134608 -0.00489535937066404 0.953821325970165 0 0 0">
<Contour name="d03" hidden="true" closed="true" simplified="true" border="1 1 0" fill="1 1 0" mode="11"
 points="7.46878 -0.15119,
	7.47886 -0.191507,
	7.48641 -0.211666,
	7.48893 -0.231824,
	7.49397 -0.241904,
	7.49397 -0.262062,
	7.49649 -0.272142,
	7.51917 -0.309939,
	7.53177 -0.350256,
	7.53681 -0.360336,
	7.53429 -0.400653,
	7.53681 -0.420812,
	7.53177 -0.461129,
	7.52925 -0.481288,
	7.52169 -0.501446,
	7.52169 -0.506486,
	7.51413 -0.516565,
	7.50909 -0.521605,
	7.50657 -0.531684,
	7.50909 -0.541763,
	7.52925 -0.554363,
	7.60989 -0.582081,
	7.6502 -0.59468,
	7.66784 -0.602239,
	7.688 -0.622398,
	7.7258 -0.650116,
	7.73084 -0.655156,
	7.77116 -0.652636,
	7.78879 -0.634997,
	7.80895 -0.629957,
	7.81903 -0.634997,
	7.82155 -0.640037,
	7.83163 -0.637517,
	7.83919 -0.627438,
	7.83919 -0.58712,
	7.86691 -0.549323,
	7.87951 -0.531684,
	7.88707 -0.511525,
	7.89211 -0.501446,
	7.88959 -0.481288,
	7.89715 -0.471208,
	7.90219 -0.45105,
	7.91983 -0.410732,
	7.92739 -0.390574,
	7.93998 -0.309939,
	7.95258 -0.269622,
	7.9551 -0.249463,
	7.97526 -0.209146,
	7.99542 -0.191507,
	8.01558 -0.178908,
	8.02818 -0.158749,
	8.0307 -0.138591,
	8.02314 -0.118432,
	8.0055 -0.105833,
	7.98534 -0.0982734,
	7.94502 -0.0932337,
	7.90723 -0.0831544,
	7.89463 -0.0629957,
	7.88707 -0.0529164,
	7.88455 -0.0428371,
	7.85935 -0.00503966,
	7.84927 0.015119,
	7.84423 0.0201586,
	7.84171 0.030238,
	7.83415 0.0403173,
	7.83163 0.0503966,
	7.81903 0.0705552,
	7.79887 0.088194,
	7.78879 0.0957535,
	7.78627 0.105833,
	7.78879 0.125991,
	7.78124 0.14615,
	7.76864 0.166309,
	7.75856 0.173868,
	7.7384 0.176388,
	7.71824 0.171348,
	7.7132 0.168829,
	7.69304 0.183948,
	7.688 0.188987,
	7.68044 0.209146,
	7.66784 0.229305,
	7.64768 0.231824,
	7.60737 0.214186,
	7.58721 0.206626,
	7.57713 0.201586,
	7.57209 0.201586,
	7.56201 0.194027,
	7.54185 0.191507,
	7.53177 0.191507,
	7.52169 0.181428,
	7.51665 0.171348,
	7.51413 0.15119,
	7.51413 0.14111,
	7.50153 0.120952,
	7.50153 0.110873,
	7.48641 0.0705552,
	7.47886 0.030238,
	7.48138 -0.0100793,
	7.47886 -0.0503966,
	7.4713 -0.0907139,
	7.46878 -0.131031,
	7.46878 -0.14867,
	"/>
</Transform>

<Transform dim="3"
 xcoef=" 1.73527987792304 0.846455232617974 -0.0428213084407764 0 0 0"
 ycoef=" -0.048896279134608 -0.00489535937066404 0.953821325970165 0 0 0">
<Contour name="d05" hidden="false" closed="true" simplified="true" border="1 1 0" fill="1 1 0" mode="11"
 points="6.66354 3.20897,
	6.67763 3.17676,
	6.6877 3.14455,
	6.69374 3.13649,
	6.69374 3.13247,
	6.69978 3.12441,
	6.7038 3.12039,
	6.7038 3.11636,
	6.70783 3.11234,
	6.70783 3.10428,
	6.7038 3.09623,
	6.70581 3.08013,
	6.734 3.04993,
	6.74809 3.03584,
	6.75614 3.02778,
	6.76017 3.02174,
	6.77426 3.00564,
	6.79439 2.97544,
	6.79842 2.96739,
	6.80245 2.96336,
	6.80245 2.95934,
	6.81453 2.94726,
	6.8407 2.91505,
	6.85881 2.88284,
	6.88096 2.85063,
	6.89304 2.81842,
	6.90713 2.80432,
	6.91518 2.80231,
	6.92324 2.80432,
	6.93531 2.8164,
	6.95545 2.88082,
	6.95947 2.89693,
	6.95947 2.90498,
	6.96954 2.92109,
	6.99571 2.94122,
	7.01181 2.9533,
	7.01987 2.95934,
	7.02389 2.95934,
	7.08831 2.9996,
	7.10442 3.00363,
	7.12052 3.0157,
	7.1326 3.03181,
	7.1467 3.06402,
	7.15475 3.07207,
	7.15877 3.07811,
	7.16683 3.08616,
	7.18293 3.0922,
	7.19098 3.0922,
	7.20709 3.10227,
	7.21716 3.11435,
	7.22923 3.13045,
	7.23729 3.14656,
	7.24534 3.17877,
	7.24937 3.21098,
	7.24333 3.2754,
	7.2393 3.29151,
	7.23527 3.29956,
	7.22722 3.3056,
	7.2232 3.30962,
	7.22722 3.31164,
	7.22521 3.34385,
	7.22521 3.35995,
	7.21716 3.37606,
	7.21313 3.38411,
	7.2091 3.38814,
	7.2091 3.39216,
	7.19904 3.40827,
	7.18696 3.44048,
	7.18495 3.47269,
	7.17488 3.5049,
	7.16884 3.51295,
	7.16884 3.51698,
	7.1628 3.52503,
	7.15877 3.52906,
	7.15877 3.53308,
	7.10643 3.58543,
	7.09838 3.59147,
	7.09435 3.59549,
	7.06214 3.58945,
	7.04604 3.58543,
	7.02993 3.58744,
	7.01383 3.59348,
	6.99974 3.60355,
	6.99168 3.60556,
	6.97558 3.60355,
	6.96752 3.59952,
	6.93531 3.60153,
	6.91921 3.60556,
	6.91116 3.60958,
	6.89505 3.60958,
	6.87895 3.60355,
	6.84875 3.58341,
	6.83264 3.57737,
	6.80043 3.58341,
	6.78634 3.57335,
	6.77829 3.55926,
	6.77024 3.55322,
	6.75212 3.52101,
	6.73803 3.4888,
	6.72997 3.47269,
	6.70783 3.44048,
	6.70179 3.42437,
	6.69776 3.39216,
	6.69776 3.37606,
	6.69374 3.35995,
	6.69374 3.32774,
	6.68367 3.29553,
	6.68166 3.28748,
	6.67562 3.27943,
	6.66958 3.26332,
	6.66958 3.24722,
	6.66354 3.21501,
	6.66354 3.21098,
	"/>
</Transform>

<Transform dim="3"
 xcoef=" 1.73527987792304 0.846455232617974 -0.0428213084407764 0 0 0"
 ycoef=" -0.048896279134608 -0.00489535937066404 0.953821325970165 0 0 0">
<Contour name="d01SER" hidden="true" closed="true" simplified="true" border="0 1 0" fill="0 1 0" mode="11"
 points="5.20839 -0.0173709,
	5.21707 -0.0289516,
	5.22865 -0.0318467,
	5.24892 -0.0144758,
	5.27208 -0.00289516,
	5.28366 0.00289516,
	5.28945 0.00868547,
	5.31261 0.0173709,
	5.32419 0.0231612,
	5.34156 0.0463225,
	5.35314 0.0694837,
	5.35314 0.0810644,
	5.35314 0.0868547,
	5.34735 0.092645,
	5.33577 0.092645,
	5.31551 0.0781692,
	5.29524 0.0579031,
	5.24892 0.0318467,
	5.22576 0.0144758,
	5.20839 -0.00289516,
	5.20839 -0.0144758,
	"/>
<Contour name="d01SER" hidden="true" closed="true" simplified="true" border="0 1 0" fill="0 1 0" mode="11"
 points="5.47185 0.0810644,
	5.48053 0.0694837,
	5.49211 0.0665886,
	5.50369 0.0579031,
	5.52685 0.0607983,
	5.54133 0.0839595,
	5.54133 0.0955402,
	5.53554 0.107121,
	5.52396 0.115806,
	5.5008 0.118701,
	5.48053 0.104226,
	5.47185 0.0839595,
	"/>
</Transform>

<Transform dim="3"
 xcoef=" 1.73527987792304 0.846455232617974 -0.0428213084407764 0 0 0"
 ycoef=" -0.048896279134608 -0.00489535937066404 0.953821325970165 0 0 0">
<Contour name="d01SER" hidden="true" closed="true" simplified="true" border="0 1 0" fill="0 1 0" mode="11"
 points="5.37631 0.0521128,
	5.39078 0.0289516,
	5.39368 0.0173709,
	5.40236 0.00868547,
	5.42552 0.00289516,
	5.4371 -0.00289516,
	5.44868 -0.00289516,
	5.45447 -0.00289516,
	5.45737 0.00289516,
	5.44579 0.0260564,
	5.44289 0.037637,
	5.44289 0.0434273,
	5.4371 0.0492177,
	5.43421 0.0607983,
	5.41684 0.0839595,
	5.40526 0.092645,
	5.39368 0.092645,
	5.3821 0.0839595,
	5.37631 0.0607983,
	5.37631 0.055008,
	"/>
</Transform>

<Transform dim="3"
 xcoef=" 1.22161929543181 0.759686327708434 -0.0293532935031662 0 0 0"
 ycoef=" 4.63649870050726 -0.0701299792385633 0.774778960204457 0 0 0">
<Image mag="0.00220626" contrast="1" brightness="0.015" red="true" green="true" blue="true"
 src="FPNCT.200.jpg" />
<Contour name="domain1" hidden="false" closed="true" simplified="false" border="1 0 1" fill="1 0 1" mode="11"
 points="0 0,
	4096 0,
	4096 4096,
	0 4096,
	"/>
</Transform>

<Transform dim="1"
 xcoef=" 0.188234933114907 1 0 0 0 0"
 ycoef=" -0.153517640892264 0 1 0 0 0">
<Contour name="D10_inhib_160" hidden="true" closed="true" simplified="true" border="0 1 1" fill="0 1 1" mode="11"
 points="7.35983 0.185857,
	7.36118 0.162664,
	7.36521 0.13986,
	7.37186 0.117826,
	7.381 0.096933,
	7.39249 0.0775301,
	7.40614 0.0599427,
	7.42171 0.0444657,
	7.43895 0.0313583,
	7.45756 0.0208403,
	7.47724 0.0130879,
	7.49766 0.00823111,
	7.51846 0.0063513,
	7.53931 0.00747997,
	7.55986 0.0115982,
	7.57975 0.018637,
	7.59866 0.0284784,
	7.61627 0.0409574,
	7.63229 0.0558648,
	7.64644 0.072951,
	7.65849 0.0919294,
	7.66824 0.112482,
	7.67552 0.134264,
	7.68021 0.156911,
	7.68223 0.180044,
	7.68156 0.203273,
	7.67819 0.226211,
	7.67219 0.248472,
	7.66366 0.269684,
	7.65274 0.289491,
	7.63961 0.307562,
	7.6245 0.323592,
	7.60765 0.337314,
	7.58935 0.348498,
	7.56991 0.356956,
	7.54965 0.362546,
	7.5289 0.365175,
	7.50803 0.364798,
	7.48738 0.361423,
	7.46729 0.355105,
	7.4481 0.345951,
	7.43014 0.334113,
	7.4137 0.319791,
	7.39906 0.303224,
	7.38646 0.28469,
	7.37612 0.2645,
	7.36821 0.242991,
	7.36287 0.220525,
	"/>
</Transform>

<Transform dim="1"
 xcoef=" 0.188234933114907 1 0 0 0 0"
 ycoef=" -0.153517640892264 0 1 0 0 0">
<Contour name="d10_o11_INC" comment="2/24/19 zal" hidden="true" closed="true" simplified="false" border="1 0 0" fill="1 0 0" mode="-13"
 points="7.72072 -0.00890582,
	7.738 -0.033101,
	7.72072 -0.0572961,
	7.73109 -0.0572961,
	7.74492 -0.0365574,
	7.75874 -0.0572961,
	7.76911 -0.0572961,
	7.75183 -0.033101,
	7.76911 -0.00890582,
	7.75874 -0.00890582,
	7.74492 -0.0296445,
	7.73109 -0.00890582,
	"/>
</Transform>

<Transform dim="1"
 xcoef=" 0.188234933114907 1 0 0 0 0"
 ycoef=" -0.153517640892264 0 1 0 0 0">
<Contour name="d10_o14" hidden="true" closed="true" simplified="false" border="1 0 0" fill="1 0 0" mode="-13"
 points="7.06767 0.307917,
	7.09473 0.307917,
	7.0812 0.332724,
	"/>
</Transform>

<Transform dim="1"
 xcoef=" 0.188234933114907 1 0 0 0 0"
 ycoef=" -0.153517640892264 0 1 0 0 0">
<Contour name="d10_o11" comment="2/11/19 zal" hidden="true" closed="true" simplified="false" border="1 0 0" fill="1 0 0" mode="-13"
 points="7.68303 -0.0596046,
	7.71143 -0.0596046,
	7.69723 -0.0335696,
	"/>
</Transform>

<Transform dim="1"
 xcoef=" 0.188234933114907 1 0 0 0 0"
 ycoef=" -0.153517640892264 0 1 0 0 0">
<Contour name="d10_p10" hidden="true" closed="true" simplified="true" border="1 0.501961 0.501961" fill="1 0.501961 0.501961" mode="11"
 points="7.39533 -1.38819,
	7.39672 -1.38959,
	7.39742 -1.39516,
	7.4023 -1.40074,
	7.41275 -1.4091,
	7.41763 -1.41189,
	7.42042 -1.41328,
	7.43157 -1.41328,
	7.43714 -1.41189,
	7.43993 -1.41189,
	7.45108 -1.40561,
	7.45596 -1.40283,
	7.46641 -1.39516,
	7.48662 -1.37495,
	7.49429 -1.3638,
	7.49568 -1.36101,
	7.49708 -1.35962,
	7.50195 -1.34847,
	7.50404 -1.34359,
	7.50474 -1.3408,
	7.50683 -1.33871,
	7.50753 -1.33593,
	7.50892 -1.33523,
	7.51589 -1.31293,
	7.51728 -1.30735,
	7.51868 -1.30457,
	7.51938 -1.29899,
	7.51938 -1.2962,
	7.52286 -1.28505,
	7.52425 -1.27948,
	7.52565 -1.27669,
	7.52913 -1.25439,
	7.52913 -1.23209,
	7.52983 -1.22094,
	7.52983 -1.21537,
	7.52844 -1.20979,
	7.52704 -1.207,
	7.52704 -1.20422,
	7.52565 -1.20143,
	7.52844 -1.19028,
	7.53053 -1.1847,
	7.53262 -1.17355,
	7.53471 -1.16798,
	7.5354 -1.12338,
	7.53471 -1.11223,
	7.53192 -1.10665,
	7.53053 -1.10108,
	7.52425 -1.09062,
	7.51938 -1.08505,
	7.5138 -1.08296,
	7.50823 -1.08226,
	7.50265 -1.08296,
	7.50126 -1.08296,
	7.49847 -1.08505,
	7.49568 -1.08574,
	7.48523 -1.0948,
	7.48105 -1.09899,
	7.47199 -1.11014,
	7.47199 -1.11153,
	7.4685 -1.1171,
	7.46432 -1.12825,
	7.46223 -1.15056,
	7.45875 -1.17286,
	7.45387 -1.19516,
	7.45038 -1.20631,
	7.44899 -1.21188,
	7.4476 -1.21467,
	7.4462 -1.21606,
	7.4462 -1.21746,
	7.44481 -1.21815,
	7.44342 -1.22373,
	7.43993 -1.2293,
	7.43784 -1.23488,
	7.43645 -1.23767,
	7.43505 -1.23906,
	7.43087 -1.25021,
	7.42948 -1.253,
	7.42948 -1.25578,
	7.42739 -1.25857,
	7.4239 -1.26972,
	7.42251 -1.2753,
	7.41972 -1.28087,
	7.41833 -1.28645,
	7.41345 -1.2976,
	7.41206 -1.30317,
	7.41066 -1.30596,
	7.40996 -1.31154,
	7.40996 -1.31432,
	7.40857 -1.31572,
	7.40787 -1.32129,
	7.4016 -1.34359,
	7.39672 -1.36589,
	7.39533 -1.3875,
	"/>
</Transform>

<Transform dim="1"
 xcoef=" 0.188234933114907 1 0 0 0 0"
 ycoef=" -0.153517640892264 0 1 0 0 0">
<Contour name="d10" comment="2/11/19 zal" hidden="true" closed="true" simplified="true" border="1 1 0" fill="1 1 0.502" mode="11"
 points="7.17511 0.185154,
	7.18655 0.188013,
	7.19798 0.188728,
	7.20942 0.187298,
	7.22086 0.184439,
	7.22657 0.182295,
	7.22943 0.180866,
	7.2523 0.162283,
	7.26231 0.151563,
	7.26731 0.145845,
	7.27875 0.137983,
	7.29018 0.13298,
	7.30162 0.130122,
	7.30733 0.128692,
	7.31019 0.128692,
	7.32163 0.124404,
	7.33306 0.115113,
	7.34236 0.104392,
	7.35308 0.0815217,
	7.36022 0.0700864,
	7.37166 0.0472158,
	7.37666 0.0357805,
	7.38381 0.0243453,
	7.39381 0.01291,
	7.40382 0.00290409,
	7.41097 -0.00853119,
	7.42169 -0.0199665,
	7.44098 -0.0428371,
	7.44384 -0.0456959,
	7.45099 -0.0571312,
	7.46314 -0.0800017,
	7.46671 -0.0857194,
	7.46743 -0.0871488,
	7.46886 -0.0864341,
	7.48673 -0.109305,
	7.49602 -0.12074,
	7.50031 -0.126458,
	7.51174 -0.137893,
	7.51746 -0.141466,
	7.52318 -0.143611,
	7.52603 -0.145755,
	7.5489 -0.149328,
	7.56034 -0.150043,
	7.57178 -0.152187,
	7.58321 -0.152902,
	7.59465 -0.155046,
	7.60036 -0.155761,
	7.62323 -0.165052,
	7.63467 -0.168625,
	7.6461 -0.170769,
	7.65754 -0.171484,
	7.66898 -0.170769,
	7.69185 -0.162908,
	7.70328 -0.157905,
	7.72615 -0.14504,
	7.73759 -0.138608,
	7.76046 -0.119311,
	7.78118 -0.0971547,
	7.79548 -0.0742841,
	7.79834 -0.0685664,
	7.80405 -0.0456959,
	7.80548 -0.0228253,
	7.80548 -0.01139,
	7.80763 4.52731e-05,
	7.80906 0.00576292,
	7.81049 0.00862174,
	7.8112 0.020057,
	7.81692 0.0429276,
	7.81906 0.0657982,
	7.81978 0.0772335,
	7.81978 0.0829511,
	7.81692 0.0943864,
	7.81549 0.100104,
	7.81192 0.105822,
	7.81049 0.106536,
	7.81406 0.152278,
	7.81406 0.163713,
	7.81192 0.186583,
	7.80977 0.198019,
	7.80834 0.203736,
	7.80763 0.226607,
	7.80906 0.238042,
	7.80977 0.24376,
	7.81263 0.249477,
	7.81478 0.272348,
	7.81692 0.318089,
	7.81692 0.329524,
	7.81335 0.352395,
	7.81335 0.353824,
	7.80977 0.359542,
	7.80548 0.370977,
	7.80263 0.376695,
	7.79905 0.399566,
	7.79762 0.405283,
	7.79548 0.408142,
	7.78619 0.431013,
	7.77975 0.442448,
	7.77046 0.453883,
	7.74759 0.47461,
	7.74188 0.479613,
	7.73044 0.484616,
	7.70757 0.48676,
	7.69613 0.487474,
	7.6847 0.486045,
	7.63896 0.48533,
	7.61609 0.486045,
	7.60465 0.486045,
	7.55891 0.491048,
	7.54748 0.492477,
	7.54176 0.492477,
	7.53604 0.494621,
	7.4903 0.490333,
	7.48458 0.488189,
	7.47886 0.487474,
	7.47315 0.48533,
	7.46743 0.48533,
	7.46457 0.48533,
	7.45885 0.483186,
	7.45313 0.483186,
	7.4417 0.48676,
	7.41883 0.496051,
	7.40739 0.498195,
	7.39596 0.501768,
	7.37309 0.503913,
	7.35022 0.503198,
	7.33878 0.502483,
	7.33592 0.501054,
	7.32449 0.501054,
	7.27875 0.494621,
	7.23301 0.484616,
	7.22157 0.482471,
	7.21013 0.478183,
	7.20728 0.476754,
	7.20513 0.476754,
	7.2037 0.47461,
	7.20299 0.451739,
	7.19656 0.405998,
	7.19584 0.394563,
	7.1937 0.388845,
	7.19298 0.383127,
	7.19298 0.381698,
	7.19155 0.380269,
	7.19155 0.37741,
	7.18941 0.371692,
	7.18298 0.325951,
	7.1794 0.28021,
	7.17797 0.257339,
	7.17797 0.245904,
	7.17654 0.240186,
	7.17368 0.194445,
	7.17368 0.188728,
	7.17368 0.186583,
	"/>
</Transform>

<Transform dim="1"
 xcoef=" 0.188234933114907 1 0 0 0 0"
 ycoef=" -0.153517640892264 0 1 0 0 0">
<Contour name="d10_p14" comment="2/28/19 zal" hidden="true" closed="true" simplified="true" border="1 0.501961 0.501961" fill="1 0.501961 0.501961" mode="11"
 points="6.81584 0.219508,
	6.82139 0.199777,
	6.82324 0.194844,
	6.83866 0.175113,
	6.84544 0.165248,
	6.84914 0.160315,
	6.85901 0.152299,
	6.86887 0.145516,
	6.8738 0.142434,
	6.89353 0.135651,
	6.91327 0.131335,
	6.9182 0.131335,
	6.92066 0.130102,
	6.9404 0.128252,
	6.97986 0.128252,
	6.99959 0.128252,
	7.01932 0.131335,
	7.02919 0.133185,
	7.03412 0.135034,
	7.04398 0.136884,
	7.05385 0.141817,
	7.06372 0.143667,
	7.06618 0.143667,
	7.07605 0.14675,
	7.08098 0.149216,
	7.08591 0.149833,
	7.08715 0.151066,
	7.09701 0.152299,
	7.10194 0.154149,
	7.11181 0.155382,
	7.11674 0.156615,
	7.11921 0.157848,
	7.12168 0.157848,
	7.12661 0.159698,
	7.12907 0.159698,
	7.13894 0.164014,
	7.15867 0.175113,
	7.1636 0.177579,
	7.16607 0.178813,
	7.171 0.179429,
	7.17594 0.183745,
	7.17963 0.193611,
	7.18087 0.213342,
	7.17717 0.233073,
	7.1784 0.242939,
	7.17963 0.247871,
	7.17963 0.257737,
	7.17902 0.26267,
	7.17717 0.267602,
	7.17655 0.270069,
	7.18148 0.309531,
	7.18333 0.329262,
	7.19752 0.408186,
	7.2043 0.447648,
	7.20553 0.452581,
	7.20492 0.472312,
	7.2043 0.474778,
	7.19998 0.479095,
	7.19567 0.481561,
	7.1932 0.480328,
	7.1895 0.475395,
	7.18827 0.473545,
	7.16854 0.469846,
	7.15867 0.466763,
	7.1562 0.464913,
	7.14634 0.463063,
	7.13647 0.46368,
	7.13154 0.464296,
	7.12661 0.466146,
	7.12537 0.467379,
	7.11551 0.469229,
	7.09578 0.469846,
	7.07605 0.469229,
	7.06618 0.465529,
	7.06125 0.464296,
	7.05878 0.463063,
	7.05385 0.462446,
	7.04892 0.460597,
	7.04398 0.45998,
	7.04152 0.459363,
	7.03905 0.457514,
	7.02919 0.45628,
	7.02425 0.45628,
	7.02179 0.455047,
	7.01685 0.455047,
	6.99712 0.450115,
	6.97739 0.443949,
	6.97246 0.442715,
	6.97123 0.442715,
	6.95149 0.432233,
	6.94163 0.427301,
	6.93916 0.426684,
	6.91943 0.416202,
	6.90957 0.410652,
	6.8997 0.40387,
	6.88984 0.395238,
	6.87997 0.388455,
	6.87072 0.379206,
	6.86209 0.37119,
	6.85346 0.361325,
	6.84729 0.351459,
	6.84606 0.348993,
	6.84482 0.348376,
	6.84421 0.34591,
	6.83742 0.336044,
	6.83003 0.316313,
	6.82633 0.306448,
	6.82571 0.301515,
	6.82263 0.29165,
	6.82201 0.286717,
	6.81893 0.276851,
	6.81831 0.266986,
	6.81831 0.262053,
	6.81646 0.25712,
	6.81584 0.237389,
	6.81584 0.227524,
	6.81584 0.222591,
	6.81584 0.220125,
	"/>
</Transform>

<Transform dim="1"
 xcoef=" 0.188234933114907 1 0 0 0 0"
 ycoef=" -0.153517640892264 0 1 0 0 0">
<Contour name="d10_p11" comment="2/24/19 zal" hidden="true" closed="true" simplified="true" border="1 0.501961 0.501961" fill="1 0.501961 0.501961" mode="11"
 points="7.70825 -0.162949,
	7.71759 -0.171126,
	7.72226 -0.173462,
	7.73161 -0.175214,
	7.74971 -0.193903,
	7.78709 -0.22953,
	7.79644 -0.238875,
	7.80462 -0.24822,
	7.81396 -0.256981,
	7.83265 -0.270998,
	7.83499 -0.27275,
	7.83615 -0.273918,
	7.83849 -0.274502,
	7.84258 -0.277422,
	7.84491 -0.278006,
	7.84959 -0.280926,
	7.85893 -0.283847,
	7.89631 -0.290271,
	7.915 -0.292607,
	7.93369 -0.292607,
	7.93836 -0.292607,
	7.94771 -0.288519,
	7.98509 -0.268077,
	7.99443 -0.262821,
	7.9991 -0.259901,
	8.01721 -0.241795,
	8.0248 -0.232451,
	8.03531 -0.213761,
	8.0394 -0.204416,
	8.04232 -0.195072,
	8.04291 -0.185727,
	8.04174 -0.167037,
	8.03882 -0.148348,
	8.03648 -0.139003,
	8.03531 -0.134331,
	8.03531 -0.133163,
	8.03298 -0.130826,
	8.02947 -0.121482,
	8.02363 -0.112137,
	8.01662 -0.102792,
	8.00728 -0.0934475,
	8.00261 -0.0905272,
	8.00085 -0.088191,
	7.99618 -0.0864389,
	7.97749 -0.074758,
	7.97282 -0.0718377,
	7.96348 -0.0689175,
	7.9588 -0.0671654,
	7.95413 -0.0665813,
	7.94946 -0.0648292,
	7.94011 -0.0642451,
	7.93544 -0.0642451,
	7.89806 -0.075342,
	7.87937 -0.0770942,
	7.87003 -0.0776782,
	7.86068 -0.0770942,
	7.85835 -0.0759261,
	7.83966 -0.0589887,
	7.83031 -0.0519802,
	7.82097 -0.0484759,
	7.8163 -0.0473078,
	7.81396 -0.0467237,
	7.81279 -0.0461397,
	7.80812 -0.0478918,
	7.80345 -0.0513961,
	7.79877 -0.0560685,
	7.79585 -0.0654132,
	7.79527 -0.0700856,
	7.79177 -0.0794303,
	7.78534 -0.0887751,
	7.76957 -0.107465,
	7.76665 -0.112137,
	7.74855 -0.130242,
	7.74387 -0.134331,
	7.72518 -0.143675,
	7.71584 -0.148932,
	7.71117 -0.153604,
	7.70942 -0.15594,
	7.70825 -0.160613,
	7.70825 -0.162365,
	"/>
</Transform>

<Transform dim="1"
 xcoef=" 0.188234933114907 1 0 0 0 0"
 ycoef=" -0.153517640892264 0 1 0 0 0">
<Contour name="d01_INC" hidden="true" closed="true" simplified="false" border="1 0 0" fill="1 0 0" mode="-13"
 points="4.82928 0.200641,
	4.84196 0.182902,
	4.82928 0.165162,
	4.83689 0.165162,
	4.84702 0.180367,
	4.85716 0.165162,
	4.86476 0.165162,
	4.85209 0.182902,
	4.86476 0.200641,
	4.85716 0.200641,
	4.84702 0.185436,
	4.83689 0.200641,
	"/>
</Transform>

<Transform dim="1"
 xcoef=" 0.188234933114907 1 0 0 0 0"
 ycoef=" -0.153517640892264 0 1 0 0 0">
<Contour name="d01" hidden="true" closed="true" simplified="true" border="1 1 0" fill="0 1 0" mode="11"
 points="4.10823 -0.389534,
	4.11389 -0.413691,
	4.11502 -0.419731,
	4.11653 -0.42275,
	4.12861 -0.429167,
	4.13465 -0.431809,
	4.15881 -0.434829,
	4.17089 -0.435961,
	4.19504 -0.434451,
	4.20712 -0.433697,
	4.21316 -0.432942,
	4.21618 -0.433319,
	4.2192 -0.434829,
	4.23128 -0.44351,
	4.24826 -0.467668,
	4.25506 -0.479746,
	4.25657 -0.482766,
	4.26223 -0.48805,
	4.27431 -0.49107,
	4.28035 -0.49258,
	4.29243 -0.498241,
	4.29847 -0.500506,
	4.3045 -0.501639,
	4.30752 -0.502394,
	4.3196 -0.510698,
	4.32564 -0.514472,
	4.32715 -0.515227,
	4.33017 -0.515604,
	4.33168 -0.515604,
	4.33319 -0.516359,
	4.35735 -0.512207,
	4.36943 -0.509943,
	4.37245 -0.509188,
	4.37773 -0.503148,
	4.38981 -0.499751,
	4.39585 -0.497864,
	4.40793 -0.499751,
	4.41397 -0.500506,
	4.42605 -0.51032,
	4.43208 -0.515227,
	4.4351 -0.517492,
	4.48342 -0.524663,
	4.50758 -0.52806,
	4.51965 -0.527683,
	4.53173 -0.522021,
	4.53777 -0.518624,
	4.54947 -0.506546,
	4.55249 -0.503526,
	4.554 -0.502016,
	4.56004 -0.489937,
	4.56155 -0.486918,
	4.56193 -0.474839,
	4.56193 -0.47182,
	4.56457 -0.46578,
	4.57778 -0.441623,
	4.58118 -0.435584,
	4.58986 -0.423505,
	4.59439 -0.417466,
	4.59817 -0.411427,
	4.60043 -0.408407,
	4.60194 -0.405387,
	4.60798 -0.40048,
	4.63214 -0.397461,
	4.63818 -0.397083,
	4.64421 -0.395951,
	4.65025 -0.393309,
	4.65176 -0.392931,
	4.65894 -0.38123,
	4.66233 -0.375191,
	4.66384 -0.372171,
	4.65931 -0.360093,
	4.65705 -0.354053,
	4.65554 -0.348014,
	4.65327 -0.341975,
	4.65214 -0.338955,
	4.65403 -0.332916,
	4.65478 -0.329896,
	4.65478 -0.326877,
	4.66686 -0.32046,
	4.6729 -0.317063,
	4.68385 -0.304984,
	4.68687 -0.301965,
	4.69102 -0.295925,
	4.69328 -0.292906,
	4.69366 -0.286866,
	4.69366 -0.283847,
	4.70083 -0.271768,
	4.70272 -0.268748,
	4.70385 -0.265729,
	4.70649 -0.25365,
	4.70725 -0.250631,
	4.70612 -0.238552,
	4.70536 -0.232513,
	4.70649 -0.226473,
	4.70763 -0.223454,
	4.71518 -0.211375,
	4.72612 -0.199297,
	4.72763 -0.197787,
	4.72839 -0.194767,
	4.72914 -0.182689,
	4.72952 -0.179669,
	4.73594 -0.16759,
	4.73933 -0.161551,
	4.74084 -0.158531,
	4.7416 -0.157022,
	4.75368 -0.147585,
	4.75972 -0.143056,
	4.80161 -0.0947414,
	4.82237 -0.0705842,
	4.82464 -0.0675646,
	4.84427 -0.0192502,
	4.84653 -0.0132109,
	4.85295 -0.00113237,
	4.86163 0.0109462,
	4.86389 0.0139659,
	4.86993 0.0192502,
	4.87144 0.0203826,
	4.87258 0.0234023,
	4.8722 0.0249121,
	4.8756 0.0309514,
	4.87748 0.033971,
	4.87937 0.0400103,
	4.88126 0.0430299,
	4.88239 0.0460496,
	4.88239 0.0468045,
	4.88314 0.0475594,
	4.88314 0.0483143,
	4.88428 0.0498241,
	4.88767 0.0619027,
	4.88881 0.067942,
	4.88881 0.0709617,
	4.89145 0.0830402,
	4.89296 0.0890795,
	4.89598 0.113237,
	4.89711 0.125315,
	4.89749 0.149472,
	4.89673 0.17363,
	4.89447 0.197787,
	4.89296 0.203826,
	4.88843 0.215905,
	4.8873 0.217414,
	4.88692 0.218924,
	4.88239 0.224964,
	4.87031 0.234777,
	4.85823 0.245724,
	4.85634 0.248743,
	4.85408 0.254783,
	4.85106 0.266861,
	4.8488 0.2729,
	4.84804 0.27592,
	4.84653 0.27894,
	4.84238 0.327254,
	4.83823 0.339333,
	4.83558 0.345372,
	4.81331 0.369529,
	4.80728 0.375568,
	4.78312 0.387647,
	4.77104 0.393686,
	4.75896 0.398971,
	4.75292 0.401613,
	4.72876 0.405765,
	4.71669 0.407652,
	4.69253 0.406142,
	4.68045 0.405387,
	4.66837 0.403878,
	4.66233 0.403123,
	4.66082 0.403123,
	4.63667 0.392554,
	4.62459 0.387647,
	4.60043 0.386892,
	4.58835 0.386515,
	4.56419 0.389912,
	4.55212 0.394064,
	4.5491 0.395574,
	4.53702 0.403878,
	4.53098 0.407275,
	4.5189 0.412559,
	4.51588 0.414069,
	4.51437 0.414824,
	4.46681 0.463138,
	4.46077 0.469177,
	4.45926 0.470687,
	4.45171 0.482766,
	4.44945 0.485785,
	4.4385 0.497864,
	4.43586 0.500884,
	4.4117 0.516359,
	4.39962 0.523908,
	4.38754 0.527306,
	4.38151 0.528815,
	4.36943 0.525418,
	4.36339 0.521644,
	4.36037 0.520134,
	4.34829 0.517492,
	4.34225 0.516359,
	4.33621 0.517869,
	4.33017 0.523531,
	4.32715 0.526551,
	4.31507 0.531835,
	4.30903 0.534477,
	4.30299 0.534477,
	4.29998 0.534477,
	4.2879 0.529193,
	4.28186 0.526551,
	4.26978 0.524663,
	4.26374 0.524286,
	4.2577 0.525041,
	4.25468 0.525796,
	4.2426 0.531835,
	4.23656 0.534855,
	4.23052 0.537119,
	4.2275 0.537874,
	4.22599 0.538252,
	4.21392 0.535232,
	4.20788 0.533722,
	4.1958 0.527306,
	4.18976 0.524286,
	4.17994 0.512207,
	4.17579 0.506168,
	4.17202 0.494089,
	4.17013 0.48805,
	4.15314 0.391422,
	4.14484 0.343107,
	4.14258 0.331029,
	4.14144 0.31895,
	4.14899 0.294793,
	4.1505 0.288754,
	4.15088 0.287244,
	4.16636 0.263087,
	4.17013 0.257047,
	4.1724 0.254028,
	4.17541 0.247988,
	4.19504 0.199674,
	4.20523 0.175517,
	4.2109 0.163438,
	4.21354 0.157399,
	4.22109 0.14532,
	4.22486 0.139281,
	4.23694 0.129467,
	4.24298 0.12456,
	4.25506 0.120786,
	4.2611 0.118521,
	4.26714 0.115124,
	4.27016 0.113237,
	4.2762 0.107575,
	4.27922 0.104933,
	4.28148 0.101913,
	4.28299 0.0988934,
	4.28601 0.0868148,
	4.29016 0.0626576,
	4.29356 0.0143433,
	4.29394 0.00226473,
	4.28299 -0.0460496,
	4.27733 -0.0702068,
	4.2762 -0.076246,
	4.27582 -0.0792657,
	4.26563 -0.103423,
	4.26072 -0.115501,
	4.25695 -0.12758,
	4.25506 -0.133619,
	4.25393 -0.139659,
	4.25393 -0.140414,
	4.24298 -0.152492,
	4.23769 -0.158531,
	4.23505 -0.161551,
	4.22486 -0.185708,
	4.21958 -0.197787,
	4.21618 -0.209865,
	4.21429 -0.215905,
	4.21278 -0.218924,
	4.20712 -0.223076,
	4.20108 -0.224586,
	4.19957 -0.224964,
	4.19127 -0.236665,
	4.18749 -0.242704,
	4.17843 -0.254783,
	4.16522 -0.27894,
	4.15843 -0.291018,
	4.15503 -0.297058,
	4.15088 -0.303097,
	4.14899 -0.306117,
	4.13691 -0.318195,
	4.13087 -0.324234,
	4.12635 -0.330274,
	4.12408 -0.333293,
	4.11804 -0.345372,
	4.11653 -0.348392,
	4.11351 -0.372549,
	4.11276 -0.378588,
	4.11276 -0.380098,
	4.10974 -0.386137,
	4.10823 -0.389157,
	"/>
</Transform>

<Transform dim="1"
 xcoef=" 0.218234933114907 1 0 0 0 0"
 ycoef=" -0.153517640892264 0 1 0 0 0">
<Contour name="d01p30" hidden="true" closed="true" simplified="false" border="1 0 0" fill="1 0 0" mode="-13"
 points="4.79021 0.120894,
	4.78907 0.0982851,
	4.81455 0.0984159,
	4.8134 0.0758073,
	4.83888 0.075938,
	4.84002 0.0985467,
	4.8655 0.0986774,
	4.86664 0.121286,
	4.84117 0.121155,
	4.84231 0.143765,
	4.81683 0.143634,
	4.81569 0.121025,
	"/>
</Transform>

<Transform dim="1"
 xcoef=" 0.188234933114907 1 0 0 0 0"
 ycoef=" -0.153517640892264 0 1 0 0 0">
<Contour name="d01_sp30" hidden="true" closed="true" simplified="true" border="1 1 0" fill="1 1 0" mode="11"
 points="4.87475 0.0236533,
	4.87925 0.0275902,
	4.8815 0.0292774,
	4.88263 0.0304022,
	4.90062 0.0320894,
	4.90962 0.0326518,
	4.94562 0.0500865,
	4.95462 0.056273,
	4.97261 0.0720205,
	5.00861 0.0939544,
	5.0446 0.111952,
	5.0536 0.115888,
	5.08959 0.127699,
	5.10759 0.133885,
	5.11659 0.137822,
	5.15258 0.136135,
	5.17058 0.136135,
	5.20657 0.129949,
	5.24257 0.132198,
	5.24482 0.132198,
	5.28081 0.146258,
	5.29881 0.152445,
	5.30331 0.153007,
	5.32131 0.151883,
	5.3303 0.151883,
	5.3348 0.15132,
	5.3438 0.153007,
	5.3798 0.16538,
	5.3843 0.16763,
	5.39217 0.176066,
	5.39386 0.185065,
	5.39498 0.189564,
	5.39554 0.191814,
	5.39329 0.200812,
	5.39217 0.205311,
	5.39161 0.207561,
	5.39329 0.21206,
	5.41298 0.248054,
	5.42254 0.266052,
	5.42704 0.27505,
	5.43323 0.293047,
	5.4366 0.302046,
	5.43829 0.306545,
	5.44279 0.342539,
	5.45235 0.378533,
	5.45685 0.39653,
	5.4591 0.405529,
	5.46866 0.423526,
	5.48497 0.440961,
	5.50296 0.454459,
	5.50746 0.458395,
	5.51196 0.461207,
	5.54796 0.473018,
	5.56595 0.477517,
	5.58395 0.477517,
	5.58845 0.479205,
	5.59745 0.484266,
	5.60195 0.486516,
	5.61095 0.493827,
	5.61488 0.497764,
	5.61995 0.506763,
	5.62613 0.515761,
	5.64244 0.533758,
	5.65088 0.542757,
	5.65256 0.545006,
	5.66156 0.549506,
	5.69418 0.584937,
	5.70318 0.593374,
	5.70768 0.597873,
	5.72568 0.609683,
	5.74368 0.624868,
	5.74761 0.628805,
	5.74874 0.633305,
	5.74986 0.635554,
	5.74817 0.653551,
	5.74817 0.655801,
	5.73074 0.670424,
	5.72174 0.67661,
	5.71724 0.67886,
	5.69924 0.672111,
	5.69025 0.668736,
	5.67225 0.665924,
	5.65425 0.669299,
	5.63626 0.669861,
	5.63401 0.669861,
	5.61601 0.66255,
	5.59801 0.659738,
	5.59576 0.659738,
	5.55977 0.671548,
	5.52377 0.688421,
	5.51534 0.697419,
	5.51084 0.701919,
	5.50859 0.704168,
	5.49059 0.714292,
	5.48159 0.715979,
	5.4636 0.712042,
	5.4276 0.694607,
	5.4096 0.683359,
	5.40511 0.679985,
	5.39611 0.671548,
	5.39161 0.667049,
	5.38936 0.6648,
	5.37811 0.646802,
	5.36799 0.628805,
	5.36011 0.610808,
	5.35618 0.60181,
	5.34774 0.593936,
	5.33424 0.575939,
	5.32805 0.56694,
	5.32468 0.562441,
	5.28869 0.550068,
	5.27969 0.545006,
	5.26169 0.533196,
	5.24369 0.52251,
	5.2257 0.515199,
	5.2212 0.512949,
	5.19139 0.477517,
	5.18464 0.468519,
	5.18127 0.46402,
	5.17789 0.446022,
	5.17733 0.441523,
	5.17733 0.439274,
	5.17002 0.430275,
	5.16552 0.425776,
	5.15371 0.407779,
	5.15258 0.405529,
	5.13459 0.388094,
	5.12559 0.379658,
	5.12109 0.375159,
	5.08509 0.347601,
	5.05529 0.312169,
	5.04348 0.294172,
	5.03954 0.289673,
	5.03785 0.287423,
	5.03223 0.269426,
	5.02942 0.260427,
	5.02098 0.24243,
	5.01873 0.237931,
	5.01198 0.228933,
	5.00861 0.224433,
	4.99961 0.217122,
	4.96361 0.206436,
	4.94562 0.204187,
	4.90962 0.211498,
	4.89163 0.217684,
	4.88713 0.220496,
	4.88488 0.222746,
	4.88375 0.222746,
	4.88094 0.218809,
	4.88038 0.21656,
	4.87869 0.21431,
	4.87475 0.205311,
	4.87419 0.203062,
	4.87138 0.198562,
	4.86632 0.180565,
	4.86407 0.171567,
	4.86351 0.167068,
	4.86238 0.164818,
	4.86069 0.146821,
	4.85957 0.110827,
	4.85957 0.101828,
	4.86013 0.0973289,
	4.86013 0.0950792,
	4.86126 0.0928296,
	4.86463 0.0568354,
	4.86632 0.0478369,
	4.86744 0.0433376,
	4.86857 0.041088,
	4.86857 0.0388383,
	4.86969 0.0365887,
	4.87025 0.0320894,
	4.87363 0.0236533,
	"/>
</Transform>

<Transform dim="1"
 xcoef=" 0.188234933114907 1 0 0 0 0"
 ycoef=" -0.153517640892264 0 1 0 0 0">
<Contour name="d03_sp22" hidden="true" closed="true" simplified="true" border="1 1 0" fill="1 1 0" mode="11"
 points="6.31421 0.462836,
	6.34185 0.420708,
	6.36176 0.402318,
	6.3642 0.391763,
	6.3726 0.381239,
	6.37451 0.360113,
	6.37397 0.349544,
	6.37371 0.344258,
	6.39673 0.328526,
	6.42015 0.320721,
	6.4678 0.320965,
	6.51623 0.337065,
	6.52815 0.337126,
	6.53979 0.331902,
	6.5877 0.337432,
	6.61206 0.348124,
	6.63695 0.369386,
	6.65291 0.390602,
	6.65643 0.401188,
	6.6882 0.440978,
	6.71118 0.483365,
	6.7163 0.525661,
	6.7095 0.567895,
	6.70408 0.578435,
	6.69257 0.586302,
	6.68662 0.586271,
	6.66672 0.604662,
	6.66183 0.625771,
	6.65343 0.636296,
	6.65099 0.64685,
	6.64259 0.657374,
	6.63095 0.662598,
	6.60712 0.662476,
	6.59521 0.662415,
	6.49711 0.606432,
	6.4725 0.590455,
	6.42392 0.571714,
	6.41796 0.571683,
	6.41174 0.566367,
	6.38751 0.558318,
	6.3396 0.552788,
	6.32729 0.544799,
	6.32026 0.523629,
	6.31515 0.481333,
	6.31461 0.470763,
	6.31434 0.465478,
	"/>
</Transform>

<Transform dim="1"
 xcoef=" 0.188234933114907 1 0 0 0 0"
 ycoef=" -0.153517640892264 0 1 0 0 0">
<Contour name="d03_sp21" hidden="true" closed="true" simplified="true" border="1 1 0" fill="1 1 0" mode="11"
 points="6.85845 -1.66633,
	6.86632 -1.68742,
	6.86876 -1.69798,
	6.88054 -1.70055,
	6.90488 -1.68987,
	6.91693 -1.68716,
	6.94155 -1.67119,
	6.94804 -1.66058,
	6.94831 -1.6553,
	6.964 -1.63937,
	6.99876 -1.59956,
	7.02055 -1.58095,
	7.03353 -1.55975,
	7.03757 -1.5386,
	7.03811 -1.52803,
	7.03269 -1.51749,
	7.02131 -1.50698,
	7.00967 -1.50176,
	6.96202 -1.502,
	6.93806 -1.50477,
	6.92237 -1.5207,
	6.91886 -1.53129,
	6.89696 -1.55252,
	6.88886 -1.59484,
	6.86993 -1.61607,
	6.86046 -1.62669,
	6.85939 -1.64783,
	6.85885 -1.6584,
	6.85859 -1.66369,
	"/>
<Contour name="d03_sp21" hidden="true" closed="true" simplified="true" border="1 1 0" fill="1 1 0" mode="11"
 points="6.86541 -2.17616,
	6.88219 -2.19721,
	6.90224 -2.21296,
	6.92094 -2.25513,
	6.93476 -2.2762,
	6.94641 -2.28142,
	6.95236 -2.28139,
	6.95805 -2.28665,
	6.98201 -2.28388,
	7.03113 -2.25457,
	7.05303 -2.23332,
	7.05627 -2.22802,
	7.05383 -2.21746,
	7.07668 -2.17771,
	7.11144 -2.13792,
	7.13741 -2.09551,
	7.14092 -2.08493,
	7.14701 -2.08225,
	7.16701 -2.03988,
	7.1735 -2.02928,
	7.17457 -2.00814,
	7.16373 -1.98706,
	7.15831 -1.97652,
	7.15938 -1.95538,
	7.16587 -1.94478,
	7.16801 -1.9025,
	7.1661 -1.88137,
	7.16664 -1.8708,
	7.16095 -1.86555,
	7.14904 -1.86561,
	7.14308 -1.86564,
	7.13063 -1.87627,
	7.12441 -1.88159,
	7.12414 -1.88687,
	7.11792 -1.89219,
	7.11765 -1.89747,
	7.10169 -1.91869,
	7.09169 -1.93988,
	7.09142 -1.94516,
	7.07249 -1.9664,
	7.04787 -1.98238,
	7.04138 -1.99298,
	7.03516 -1.99829,
	7.02516 -2.01947,
	7.02409 -2.04061,
	7.02653 -2.05117,
	7.02626 -2.05645,
	7.03195 -2.06171,
	7.01194 -2.10408,
	6.99963 -2.11207,
	6.98759 -2.11477,
	6.98163 -2.1148,
	6.97594 -2.10955,
	6.96999 -2.10958,
	6.95617 -2.08852,
	6.95048 -2.08326,
	6.95075 -2.07798,
	6.93084 -2.05958,
	6.90701 -2.05971,
	6.89483 -2.06505,
	6.87604 -2.08364,
	6.86955 -2.09424,
	6.87337 -2.1365,
	6.86634 -2.15767,
	6.86581 -2.16823,
	6.86554 -2.17351,
	"/>
</Transform>

<Transform dim="1"
 xcoef=" 0.188234933114907 1 0 0 0 0"
 ycoef=" -0.153517640892264 0 1 0 0 0">
<Contour name="d03_sp23" hidden="true" closed="true" simplified="true" border="1 1 0" fill="1 1 0" mode="11"
 points="7.21306 -1.01197,
	7.21985 -1.05421,
	7.22176 -1.07533,
	7.22963 -1.09643,
	7.23207 -1.10698,
	7.23776 -1.11224,
	7.26922 -1.19662,
	7.2641 -1.2389,
	7.26654 -1.24946,
	7.26628 -1.25475,
	7.27467 -1.26527,
	7.27711 -1.27583,
	7.28279 -1.28108,
	7.29554 -1.32329,
	7.3187 -1.33638,
	7.34252 -1.33626,
	7.35457 -1.33355,
	7.39542 -1.29107,
	7.42734 -1.24863,
	7.44734 -1.20627,
	7.45162 -1.1217,
	7.45376 -1.07943,
	7.45185 -1.0583,
	7.45239 -1.04773,
	7.44697 -1.03719,
	7.44529 -0.952662,
	7.42956 -0.910474,
	7.42765 -0.889349,
	7.41681 -0.868269,
	7.41139 -0.85773,
	7.41165 -0.852445,
	7.40597 -0.847191,
	7.3981 -0.826096,
	7.38672 -0.815588,
	7.34028 -0.792049,
	7.32837 -0.79211,
	7.30374 -0.808088,
	7.27197 -0.847879,
	7.26548 -0.858479,
	7.26143 -0.879635,
	7.24845 -0.900835,
	7.23899 -0.911452,
	7.21898 -0.953823,
	7.21386 -0.996119,
	7.21333 -1.00669,
	7.21319 -1.00933,
	"/>
</Transform>

<Transform dim="1"
 xcoef=" 0.188234933114907 1 0 0 0 0"
 ycoef=" -0.153517640892264 0 1 0 0 0">
<Contour name="d05_sp20_inc" hidden="false" closed="true" simplified="true" border="1 1 0" fill="0 1 0" mode="11"
 points="6.2607 1.78414,
	6.2709 1.75043,
	6.27479 1.73357,
	6.30909 1.70631,
	6.34382 1.68749,
	6.36231 1.67702,
	6.39973 1.66455,
	6.41855 1.66043,
	6.43715 1.65208,
	6.44191 1.6521,
	6.44646 1.64791,
	6.46549 1.64801,
	6.48485 1.65444,
	6.49457 1.65871,
	6.5136 1.6588,
	6.53231 1.65257,
	6.5692 1.62955,
	6.58025 1.61271,
	6.58457 1.60429,
	6.58912 1.60009,
	6.58891 1.59588,
	6.59355 1.59379,
	6.59746 1.57692,
	6.61098 1.56222,
	6.62958 1.55388,
	6.66723 1.54562,
	6.68615 1.54361,
	6.76249 1.54823,
	6.78163 1.55043,
	6.79114 1.55048,
	6.80087 1.55476,
	6.83904 1.55706,
	6.85818 1.55926,
	6.89689 1.57213,
	6.97288 1.61684,
	6.97763 1.61687,
	6.99731 1.62964,
	7.02984 1.66145,
	7.05523 1.69325,
	7.05803 1.7017,
	7.063 1.70595,
	7.06343 1.71439,
	7.0738 1.73134,
	7.07704 1.74823,
	7.07974 1.75458,
	7.09876 1.75468,
	7.11801 1.759,
	7.12299 1.76324,
	7.14223 1.76756,
	7.18114 1.78465,
	7.20082 1.79741,
	7.21907 1.82916,
	7.22316 1.86296,
	7.23115 1.87989,
	7.2439 1.89683,
	7.26346 1.90749,
	7.28261 1.90969,
	7.29212 1.90974,
	7.31083 1.90351,
	7.32035 1.90356,
	7.32965 1.89939,
	7.33441 1.89941,
	7.34002 1.91632,
	7.34283 1.92478,
	7.3374 1.95852,
	7.3432 2.0261,
	7.35442 2.05992,
	7.35961 2.06839,
	7.36132 2.10217,
	7.36217 2.11905,
	7.35826 2.13592,
	7.35631 2.14435,
	7.35954 2.16126,
	7.35582 2.22878,
	7.35516 2.26254,
	7.35924 2.29633,
	7.36809 2.33015,
	7.3698 2.36393,
	7.37065 2.38082,
	7.36437 2.39767,
	7.35994 2.40398,
	7.34165 2.41866,
	7.32553 2.42913,
	7.30649 2.42903,
	7.28779 2.43527,
	7.28345 2.44369,
	7.27892 2.44789,
	7.27696 2.45632,
	7.27025 2.46472,
	7.23315 2.48353,
	7.21423 2.48554,
	7.19508 2.48334,
	7.15734 2.48947,
	7.13874 2.49782,
	7.12759 2.51253,
	7.09329 2.53979,
	7.0748 2.55026,
	7.06376 2.56709,
	7.06181 2.57552,
	7.0551 2.58393,
	7.04881 2.60078,
	7.02663 2.63232,
	7.01786 2.64706,
	6.98615 2.67855,
	6.96798 2.69534,
	6.93304 2.70994,
	6.91411 2.71195,
	6.89541 2.71818,
	6.8794 2.73077,
	6.86036 2.73067,
	6.85085 2.73062,
	6.84091 2.72213,
	6.83053 2.70519,
	6.83031 2.70097,
	6.82546 2.69883,
	6.81984 2.68192,
	6.80947 2.66498,
	6.79434 2.64802,
	6.78678 2.63954,
	6.76722 2.62888,
	6.75748 2.62461,
	6.71782 2.59275,
	6.70788 2.58425,
	6.69751 2.56732,
	6.6973 2.56309,
	6.68734 2.5546,
	6.67999 2.55034,
	6.67005 2.54185,
	6.66033 2.53757,
	6.65535 2.53333,
	6.63601 2.5269,
	6.61871 2.51415,
	6.60876 2.50566,
	6.60358 2.49718,
	6.58369 2.4802,
	6.57613 2.47172,
	6.57354 2.46748,
	6.56413 2.46954,
	6.54478 2.46311,
	6.51701 2.43131,
	6.50426 2.41436,
	6.50145 2.4059,
	6.49389 2.39743,
	6.49109 2.38896,
	6.48611 2.38472,
	6.47964 2.35092,
	6.45891 2.31704,
	6.44853 2.3001,
	6.44573 2.29165,
	6.43298 2.27469,
	6.42499 2.25777,
	6.42001 2.25352,
	6.41721 2.24507,
	6.40965 2.23659,
	6.40943 2.23236,
	6.40446 2.22811,
	6.40424 2.22389,
	6.39668 2.21542,
	6.38869 2.19848,
	6.37595 2.18153,
	6.37076 2.17306,
	6.33823 2.14124,
	6.30864 2.07354,
	6.30346 2.06508,
	6.29937 2.03129,
	6.29613 2.01439,
	6.29096 2.00591,
	6.28925 1.97214,
	6.28839 1.95525,
	6.27955 1.92144,
	6.27912 1.91298,
	6.27891 1.90877,
	6.28344 1.90457,
	6.28259 1.88768,
	6.27374 1.85387,
	6.27051 1.83696,
	6.26532 1.82849,
	6.26124 1.7947,
	6.26081 1.78626,
	"/>
</Transform>

<Transform dim="1"
 xcoef=" 0.188234933114907 1 0 0 0 0"
 ycoef=" -0.153517640892264 0 1 0 0 0">
<Contour name="d05_sp24" hidden="false" closed="true" simplified="true" border="1 1 0" fill="1 1 0" mode="11"
 points="5.6847 3.60898,
	5.69099 3.59214,
	5.69709 3.52463,
	5.70252 3.49089,
	5.7127 3.45717,
	5.71899 3.44031,
	5.72353 3.43611,
	5.72505 3.41924,
	5.727 3.41081,
	5.72679 3.40658,
	5.73361 3.40029,
	5.73514 3.38341,
	5.7438 3.36657,
	5.74771 3.34971,
	5.73886 3.31588,
	5.738 3.299,
	5.73758 3.29056,
	5.75489 3.25688,
	5.75923 3.24845,
	5.76377 3.24426,
	5.77633 3.21055,
	5.79366 3.17687,
	5.80232 3.16003,
	5.80665 3.15161,
	5.8058 3.13471,
	5.81208 3.11787,
	5.81275 3.0841,
	5.82141 3.06726,
	5.83731 3.05257,
	5.85701 3.0189,
	5.88148 2.98525,
	5.90118 2.95159,
	5.90984 2.93474,
	5.91893 2.92635,
	5.93874 2.89479,
	5.95475 2.88221,
	5.97346 2.87598,
	5.98298 2.87603,
	6.00275 2.8909,
	6.01313 2.90783,
	6.01593 2.9163,
	6.0235 2.92478,
	6.03948 2.95863,
	6.04747 2.97555,
	6.05243 2.9798,
	6.06367 3.01363,
	6.06885 3.02209,
	6.08179 3.0897,
	6.08739 3.10662,
	6.0891 3.14039,
	6.10509 3.17425,
	6.10789 3.1827,
	6.12064 3.19965,
	6.15975 3.26739,
	6.16774 3.28432,
	6.17292 3.29279,
	6.17377 3.30968,
	6.17939 3.32659,
	6.18458 3.33506,
	6.18866 3.36885,
	6.19751 3.40267,
	6.19922 3.43644,
	6.20007 3.45334,
	6.20028 3.45755,
	6.20525 3.4618,
	6.21172 3.49561,
	6.21751 3.56318,
	6.23045 3.63078,
	6.23454 3.66457,
	6.23149 3.69833,
	6.22283 3.71517,
	6.21828 3.71936,
	6.21438 3.73623,
	6.21847 3.77002,
	6.21695 3.78689,
	6.21261 3.79532,
	6.21282 3.79954,
	6.1993 3.81425,
	6.19064 3.83109,
	6.18673 3.84796,
	6.16465 3.88161,
	6.14637 3.89629,
	6.12766 3.90253,
	6.11825 3.90459,
	6.10224 3.91717,
	6.0912 3.934,
	6.08687 3.94242,
	6.06858 3.9571,
	6.04965 3.95911,
	6.04014 3.95906,
	6.02069 3.95052,
	5.98134 3.92499,
	5.9257 3.85928,
	5.92548 3.85506,
	5.90009 3.82326,
	5.89253 3.81478,
	5.85393 3.80403,
	5.83479 3.80182,
	5.81523 3.79116,
	5.79544 3.77629,
	5.79523 3.77208,
	5.78021 3.75722,
	5.76185 3.72335,
	5.75385 3.70643,
	5.73873 3.68946,
	5.72836 3.67253,
	5.72079 3.66405,
	5.70361 3.65341,
	5.69398 3.65125,
	5.68641 3.64276,
	5.68481 3.6111,
	"/>
</Transform>

</Section>