<?xml version="1.0"?>
<!DOCTYPE Section SYSTEM "section.dtd">

<Section index="38" thickness="0.048" alignLocked="false">
<Transform dim="6"
 xcoef=" 0.110007277217632 0.9978609252526 -0.00559610403119931 0 0 0"
 ycoef=" 0.189671756840436 0.000870722519327043 0.965368045057907 0 0 0">
<Contour name="D04_high_caliber" hidden="true" closed="true" simplified="true" border="1 0 0" fill="1 0 0" mode="13"
 points="1.48509 3.96394,
	1.49282 3.91173,
	1.51566 3.86197,
	1.55253 3.81697,
	1.60172 3.77885,
	1.66092 3.74938,
	1.72737 3.72994,
	1.79795 3.72145,
	1.86937 3.72429,
	1.93829 3.73834,
	2.00148 3.76294,
	2.05599 3.79693,
	2.09928 3.83874,
	2.12931 3.88639,
	2.14469 3.93768,
	2.14469 3.99019,
	2.12931 4.04148,
	2.09928 4.08913,
	2.05599 4.13094,
	2.00148 4.16493,
	1.93829 4.18953,
	1.86937 4.20358,
	1.79795 4.20642,
	1.72737 4.19793,
	1.66092 4.17849,
	1.60172 4.14902,
	1.55253 4.1109,
	1.51566 4.0659,
	"/>
</Transform>

<Transform dim="6"
 xcoef=" 0.110007277217632 0.9978609252526 -0.00559610403119931 0 0 0"
 ycoef=" 0.189671756840436 0.000870722519327043 0.965368045057907 0 0 0">
<Contour name="D06_mid-caliber" hidden="true" closed="true" simplified="true" border="0 0 1" fill="0 0 1" mode="9"
 points="6.07475 7.28473,
	6.07847 7.23811,
	6.08949 7.19313,
	6.10744 7.15137,
	6.13167 7.11428,
	6.16134 7.08317,
	6.19542 7.05913,
	6.2327 7.043,
	6.27187 7.03535,
	6.31157 7.03645,
	6.3504 7.04625,
	6.38699 7.06442,
	6.42007 7.09032,
	6.44848 7.12304,
	6.47121 7.16142,
	6.48748 7.20414,
	6.4967 7.24968,
	6.49856 7.29645,
	6.49299 7.3428,
	6.48019 7.38712,
	6.46061 7.42785,
	6.43493 7.46356,
	6.40405 7.493,
	6.36906 7.51513,
	6.33118 7.52918,
	6.29174 7.53466,
	6.25213 7.53137,
	6.21374 7.51943,
	6.1779 7.49925,
	6.14589 7.47155,
	6.11881 7.4373,
	6.09763 7.3977,
	6.08308 7.35414,
	"/>
</Transform>

<Transform dim="6"
 xcoef=" 0.110007277217632 0.9978609252526 -0.00559610403119931 0 0 0"
 ycoef=" 0.189671756840436 0.000870722519327043 0.965368045057907 0 0 0">
<Contour name="D07_noSymmetric" hidden="true" closed="true" simplified="true" border="1 0 1" fill="1 0 1" mode="9"
 points="5.54944 6.63916,
	5.55439 6.59968,
	5.56903 6.56186,
	5.59275 6.52731,
	5.62454 6.4975,
	5.66306 6.47367,
	5.70667 6.45684,
	5.75354 6.44773,
	5.80168 6.4467,
	5.84906 6.45382,
	5.89367 6.46877,
	5.93362 6.49093,
	5.96723 6.51936,
	5.99308 6.55286,
	6.01006 6.59,
	6.01748 6.62923,
	6.015 6.66887,
	6.00273 6.70726,
	5.9812 6.74277,
	5.95132 6.77389,
	5.91434 6.79932,
	5.87183 6.81798,
	5.82559 6.82907,
	5.77758 6.83214,
	5.72982 6.82704,
	5.68434 6.814,
	5.64306 6.79356,
	5.60771 6.7666,
	5.57981 6.73424,
	5.56053 6.69787,
	"/>
</Transform>

<Transform dim="6"
 xcoef=" 0.110007277217632 0.9978609252526 -0.00559610403119931 0 0 0"
 ycoef=" 0.189671756840436 0.000870722519327043 0.965368045057907 0 0 0">
<Contour name="d02c05c" hidden="true" closed="true" simplified="true" border="1 0 0" fill="0 1 0" mode="11"
 points="5.01577 2.16898,
	5.03126 2.15736,
	5.04675 2.15349,
	5.06225 2.16511,
	5.06612 2.17285,
	5.0971 2.17285,
	5.12809 2.19222,
	5.14746 2.2232,
	5.1552 2.25419,
	5.16295 2.26968,
	5.16295 2.30067,
	5.16295 2.31616,
	5.15133 2.33165,
	5.08936 2.34327,
	5.05837 2.3394,
	5.02739 2.32003,
	5.02351 2.31616,
	5.0545 2.29292,
	5.05837 2.27743,
	5.05063 2.24644,
	5.05063 2.2387,
	5.03126 2.20771,
	5.02351 2.19222,
	5.01577 2.18447,
	5.01577 2.17285,
	"/>
</Transform>

<Transform dim="6"
 xcoef=" 0.100007277217632 0.9978609252526 -0.00559610403119931 0 0 0"
 ycoef=" 0.189671756840436 0.000870722519327043 0.965368045057907 0 0 0">
<Contour name="d02cfa05c" hidden="true" closed="true" simplified="true" border="0 1 0" fill="0 1 0" mode="11"
 points="5.01577 2.16898,
	5.03126 2.15736,
	5.04675 2.15349,
	5.06225 2.16511,
	5.06612 2.17285,
	5.0971 2.17285,
	5.12809 2.19222,
	5.14746 2.2232,
	5.1552 2.25419,
	5.16295 2.26968,
	5.16295 2.30067,
	5.16295 2.31616,
	5.15133 2.33165,
	5.08936 2.34327,
	5.05837 2.3394,
	5.02739 2.32003,
	5.02351 2.31616,
	5.0545 2.29292,
	5.05837 2.27743,
	5.05063 2.24644,
	5.05063 2.2387,
	5.03126 2.20771,
	5.02351 2.19222,
	5.01577 2.18447,
	5.01577 2.17285,
	"/>
<Contour name="d02cfa05c" hidden="true" closed="false" simplified="false" border="0 1 0" fill="0 1 1" mode="11"
 points="5.0457 2.1583,
	5.06507 2.20091,
	5.08443 2.27837,
	5.07669 2.34034,
	"/>
</Transform>

<Transform dim="6"
 xcoef=" 0.110007277217632 0.9978609252526 -0.00559610403119931 0 0 0"
 ycoef=" 0.189671756840436 0.000870722519327043 0.965368045057907 0 0 0">
<Contour name="D08" hidden="true" closed="true" simplified="true" border="1 0 0" fill="1 0 0" mode="9"
 points="5.9568 2.64492,
	5.96745 2.59711,
	5.99836 2.55397,
	6.0465 2.51974,
	6.10716 2.49776,
	6.1744 2.49019,
	6.24163 2.49776,
	6.30229 2.51974,
	6.35043 2.55397,
	6.38134 2.59711,
	6.39199 2.64492,
	6.38134 2.69274,
	6.35043 2.73587,
	6.30229 2.7701,
	6.24163 2.79208,
	6.1744 2.79965,
	6.10716 2.79208,
	6.0465 2.7701,
	5.99836 2.73587,
	"/>
</Transform>

<Transform dim="6"
 xcoef=" 0.110007277217632 0.9978609252526 -0.00559610403119931 0 0 0"
 ycoef=" 0.189671756840436 0.000870722519327043 0.965368045057907 0 0 0">
<Contour name="mito JB14" hidden="true" closed="false" simplified="true" border="1 0.5 0" fill="1 0.5 0" mode="9"
 points="2.53123 6.39849,
	2.69931 6.29252,
	"/>
</Transform>

<Transform dim="6"
 xcoef=" -0.0799927227823673 0.9978609252526 -0.00559610403119931 0 0 0"
 ycoef=" -0.110328243159565 0.000870722519327043 0.965368045057907 0 0 0">
<Contour name="D13_high caliber" hidden="true" closed="true" simplified="true" border="0.5 0 1" fill="0.5 0 1" mode="9"
 points="2.44438 1.53344,
	2.45248 1.45517,
	2.47636 1.38083,
	2.51483 1.31414,
	2.56596 1.25845,
	2.62718 1.21654,
	2.69543 1.19053,
	2.76728 1.18171,
	2.83913 1.19053,
	2.90737 1.21654,
	2.9686 1.25845,
	3.01972 1.31414,
	3.05819 1.38083,
	3.08207 1.45517,
	3.09017 1.53344,
	3.08207 1.6117,
	3.05819 1.68604,
	3.01972 1.75273,
	2.9686 1.80842,
	2.90737 1.85033,
	2.83913 1.87634,
	2.76728 1.88516,
	2.69543 1.87634,
	2.62718 1.85033,
	2.56596 1.80842,
	2.51483 1.75273,
	2.47636 1.68604,
	"/>
<Contour name="D12_high Caliber" hidden="true" closed="true" simplified="true" border="1 0.5 0" fill="1 0.5 0" mode="9"
 points="4.35362 5.56034,
	4.36389 5.47587,
	4.39389 5.39824,
	4.44118 5.33375,
	4.50193 5.28761,
	4.57121 5.26357,
	4.64342 5.26357,
	4.71271 5.28761,
	4.77346 5.33375,
	4.82074 5.39824,
	4.85074 5.47587,
	4.86102 5.56034,
	4.85074 5.64482,
	4.82074 5.72244,
	4.77346 5.78694,
	4.71271 5.83308,
	4.64342 5.85712,
	4.57121 5.85712,
	4.50193 5.83308,
	4.44118 5.78694,
	4.39389 5.72244,
	4.36389 5.64482,
	"/>
</Transform>

<Transform dim="6"
 xcoef=" 0.110007277217632 0.9978609252526 -0.00559610403119931 0 0 0"
 ycoef=" 0.189671756840436 0.000870722519327043 0.965368045057907 0 0 0">
<Contour name="d13" hidden="true" closed="true" simplified="true" border="1 1 0" fill="1 1 0" mode="11"
 points="1.7472 2.83987,
	1.83375 2.81012,
	1.83916 2.80742,
	1.92571 2.80066,
	1.96898 2.80471,
	1.99062 2.80742,
	2.00143 2.80877,
	2.04471 2.82365,
	2.06635 2.83176,
	2.07176 2.83311,
	2.07581 2.83717,
	2.08122 2.85881,
	2.07852 2.86963,
	2.07311 2.88044,
	2.06364 2.88991,
	2.02037 2.88991,
	1.99873 2.89126,
	1.91218 2.90479,
	1.86891 2.9156,
	1.84727 2.92101,
	1.83645 2.92507,
	1.82563 2.93183,
	1.804 2.93589,
	1.78236 2.93183,
	1.76884 2.91155,
	1.75802 2.88991,
	1.75126 2.87909,
	1.74855 2.85745,
	1.7472 2.84664,
	1.7472 2.84123,
	"/>
</Transform>

<Transform dim="6"
 xcoef=" 0.110007277217632 0.9978609252526 -0.00559610403119931 0 0 0"
 ycoef=" 0.189671756840436 0.000870722519327043 0.965368045057907 0 0 0">
<Contour name="d13" hidden="true" closed="true" simplified="true" border="1 1 0" fill="1 1 0" mode="11"
 points="3.9629 2.33698,
	3.97756 2.29007,
	3.98049 2.27834,
	3.98196 2.27247,
	4.05087 2.17864,
	4.07726 2.13173,
	4.09045 2.10827,
	4.09485 2.1024,
	4.11831 2.08921,
	4.12124 2.08774,
	4.1447 2.09654,
	4.16669 2.11853,
	4.17255 2.1244,
	4.19161 2.17131,
	4.22387 2.26514,
	4.2268 2.27101,
	4.22533 2.27394,
	4.17842 2.28127,
	4.15496 2.2886,
	4.10805 2.31646,
	4.08459 2.33112,
	4.07872 2.33552,
	4.06699 2.33845,
	4.02008 2.36337,
	3.99662 2.3663,
	3.99076 2.3663,
	3.96876 2.34431,
	3.9629 2.33845,
	"/>
</Transform>

<Transform dim="6"
 xcoef=" 0.110007277217632 0.9978609252526 -0.00559610403119931 0 0 0"
 ycoef=" 0.189671756840436 0.000870722519327043 0.965368045057907 0 0 0">
<Contour name="d13" hidden="true" closed="true" simplified="true" border="1 1 0" fill="1 1 0" mode="11"
 points="3.75471 2.86185,
	3.76644 2.85305,
	3.86027 2.86918,
	3.88373 2.87211,
	3.89546 2.87505,
	3.98929 2.87211,
	4.03621 2.86771,
	4.05966 2.86478,
	4.10658 2.88531,
	4.13004 2.89557,
	4.17695 2.9029,
	4.27078 2.93662,
	4.28251 2.94249,
	4.28838 2.94395,
	4.31183 2.94102,
	4.32063 2.92929,
	4.36755 2.90583,
	4.37928 2.89704,
	4.38514 2.89264,
	4.38807 2.88971,
	4.41153 2.88531,
	4.50536 2.88384,
	4.55228 2.89117,
	4.64611 2.89264,
	4.69302 2.9073,
	4.71648 2.91316,
	4.72821 2.91756,
	4.73407 2.91903,
	4.77659 2.96594,
	4.78686 2.97767,
	4.79125 2.98354,
	4.78099 3.03045,
	4.73407 3.06124,
	4.68716 3.07444,
	4.6637 3.0803,
	4.56987 3.0891,
	4.55814 3.09056,
	4.46431 3.13455,
	4.41739 3.13601,
	4.39394 3.13601,
	4.38221 3.13455,
	4.34262 3.08763,
	4.30597 3.04218,
	4.28251 3.03045,
	4.27078 3.02459,
	4.26492 3.02166,
	4.26199 3.02019,
	4.23853 3.03045,
	4.19161 3.03632,
	4.17988 3.03925,
	4.16816 3.04511,
	4.16229 3.04805,
	4.06846 3.04365,
	4.045 3.04218,
	4.03914 3.04218,
	3.99222 3.02166,
	3.96876 3.01433,
	3.94531 3.01579,
	3.93358 3.01726,
	3.93065 3.01726,
	3.90719 3.03632,
	3.90132 3.04072,
	3.87787 3.02019,
	3.872 3.01433,
	3.86614 3.0026,
	3.85441 2.99527,
	3.83095 2.98647,
	3.81922 2.98207,
	3.81482 2.97914,
	3.79723 2.93222,
	3.7943 2.92636,
	3.77084 2.90437,
	3.76498 2.8985,
	3.75764 2.87505,
	3.75471 2.86332,
	"/>
</Transform>

<Transform dim="6"
 xcoef=" 0.110007277217632 0.9978609252526 -0.00559610403119931 0 0 0"
 ycoef=" 0.189671756840436 0.000870722519327043 0.965368045057907 0 0 0">
<Contour name="d13" hidden="true" closed="true" simplified="true" border="1 1 0" fill="1 1 0" mode="11"
 points="3.36423 3.15724,
	"/>
</Transform>

<Transform dim="6"
 xcoef=" 0.110007277217632 0.9978609252526 -0.00559610403119931 0 0 0"
 ycoef=" 0.189671756840436 0.000870722519327043 0.965368045057907 0 0 0">
<Contour name="d13" hidden="true" closed="true" simplified="true" border="1 1 0" fill="0.5 0 1" mode="11"
 points="2.09495 1.19757,
	2.10539 1.14192,
	2.11582 1.1141,
	2.22711 1.05497,
	2.3384 1.01672,
	2.56099 0.929771,
	2.61663 0.905426,
	2.64445 0.891515,
	2.67228 0.888037,
	2.72792 0.894992,
	2.78357 0.888037,
	2.81139 0.877603,
	2.83921 0.853258,
	2.84269 0.84978,
	2.86356 0.877603,
	2.91921 0.888037,
	2.97485 0.912382,
	3.00267 0.926293,
	3.01659 0.933249,
	3.23917 0.943682,
	3.27047 0.999328,
	3.29134 1.02715,
	3.31916 1.0515,
	3.3748 1.05497,
	3.40263 1.06193,
	3.40958 1.08627,
	3.42349 1.1141,
	3.45132 1.12801,
	3.4861 1.18018,
	3.51392 1.20452,
	3.56957 1.22887,
	3.65303 1.34016,
	3.66347 1.3958,
	3.66347 1.40276,
	3.68781 1.43058,
	3.70172 1.44449,
	3.71216 1.47232,
	3.71911 1.52796,
	3.71564 1.63925,
	3.72607 1.66708,
	3.78867 1.77837,
	3.80258 1.80619,
	3.81302 1.86184,
	3.82345 1.88966,
	3.83388 1.90357,
	3.82345 1.95922,
	3.81997 2.01486,
	3.82345 2.07051,
	3.84432 2.12615,
	3.85475 2.15398,
	3.81649 2.20962,
	3.79215 2.23745,
	3.77824 2.26527,
	3.75737 2.29309,
	3.74694 2.32091,
	3.74694 2.33483,
	3.69129 2.37308,
	3.63564 2.39047,
	3.58 2.40091,
	3.52435 2.41829,
	3.41306 2.47046,
	3.39915 2.47742,
	3.36089 2.53306,
	3.34003 2.56089,
	3.32611 2.58871,
	3.31568 2.64436,
	3.3122 2.67218,
	3.3122 2.67913,
	3.28438 2.70696,
	3.27047 2.71391,
	3.15918 2.6687,
	3.10353 2.64436,
	2.88095 2.62349,
	2.8253 2.62697,
	2.76966 2.64436,
	2.74183 2.65479,
	2.68619 2.65827,
	2.5749 2.64088,
	2.51925 2.64088,
	2.46361 2.64783,
	2.43578 2.62697,
	2.41144 2.59914,
	2.40448 2.59219,
	2.39753 2.53654,
	2.39753 2.4809,
	2.39405 2.45307,
	2.39057 2.43916,
	2.3697 2.41134,
	2.3384 2.30005,
	2.33145 2.2444,
	2.33492 2.18876,
	2.33145 2.13311,
	2.33145 2.10529,
	2.31406 2.04964,
	2.29667 2.02182,
	2.24798 1.96617,
	2.22363 1.93835,
	2.20972 1.92444,
	2.20277 1.89662,
	2.20624 1.84097,
	2.20972 1.81315,
	2.23059 1.7575,
	2.23754 1.74359,
	2.23754 1.6323,
	2.23754 1.57665,
	2.23059 1.54883,
	2.22363 1.53492,
	2.19581 1.51405,
	2.1819 1.50362,
	2.17842 1.47579,
	2.17842 1.46188,
	2.17842 1.36798,
	2.17842 1.31234,
	2.17494 1.28451,
	2.16451 1.26365,
	2.16451 1.25669,
	2.10886 1.21843,
	2.09495 1.20452,
	2.09495 1.20104,
	"/>
</Transform>

<Transform dim="6"
 xcoef=" 0.110007277217632 0.9978609252526 -0.00559610403119931 0 0 0"
 ycoef=" 0.189671756840436 0.000870722519327043 0.965368045057907 0 0 0">
<Contour name="d13p14" hidden="true" closed="true" simplified="false" border="1 0 0" fill="1 0 0" mode="-13"
 points="3.24265 2.67913,
	3.26004 2.65479,
	3.24265 2.63044,
	3.25308 2.63044,
	3.26699 2.65131,
	3.2809 2.63044,
	3.29134 2.63044,
	3.27395 2.65479,
	3.29134 2.67913,
	3.2809 2.67913,
	3.26699 2.65827,
	3.25308 2.67913,
	"/>
</Transform>

<Transform dim="6"
 xcoef=" 0.110007277217632 0.9978609252526 -0.00559610403119931 0 0 0"
 ycoef=" 0.189671756840436 0.000870722519327043 0.965368045057907 0 0 0">
<Contour name="d13" hidden="true" closed="true" simplified="true" border="1 1 0" fill="1 1 0" mode="11"
 points="2.98501 0.546619,
	3.00403 0.508593,
	3.03017 0.432542,
	3.04681 0.394516,
	3.05631 0.375503,
	3.09671 0.223401,
	3.1181 0.147349,
	3.13474 0.0712981,
	3.14662 -0.00475321,
	3.15138 -0.0427789,
	3.13474 -0.11883,
	3.12286 -0.194882,
	3.13236 -0.199635,
	3.15138 -0.202011,
	3.15613 -0.204388,
	3.17514 -0.190128,
	3.21079 -0.154479,
	3.23693 -0.0784279,
	3.24406 -0.0594151,
	3.24644 -0.0499087,
	3.28209 -0.0166362,
	3.3011 -0.0023766,
	3.31061 0.00712981,
	3.32725 0.0451555,
	3.33438 0.0641683,
	3.33913 0.0736747,
	3.34151 0.0784279,
	3.30348 0.0998174,
	3.29397 0.104571,
	3.26783 0.142596,
	3.2607 0.152103,
	3.25595 0.171115,
	3.25119 0.247167,
	3.24882 0.285192,
	3.24644 0.304205,
	3.2298 0.342231,
	3.2203 0.361244,
	3.19416 0.399269,
	3.18703 0.408776,
	3.16326 0.484827,
	3.15851 0.50384,
	3.12286 0.579891,
	3.11335 0.598904,
	3.11097 0.608411,
	3.12999 0.684462,
	3.13474 0.703475,
	3.13236 0.722488,
	3.13236 0.727241,
	3.09434 0.74863,
	3.07533 0.751007,
	3.07057 0.74863,
	3.06344 0.710605,
	3.06107 0.705851,
	3.06344 0.701098,
	3.06582 0.703475,
	3.06344 0.665449,
	3.06344 0.655943,
	3.02304 0.579891,
	2.98739 0.548996,
	"/>
</Transform>

<Transform dim="6"
 xcoef=" 0.110007277217632 0.9978609252526 -0.00559610403119931 0 0 0"
 ycoef=" 0.189671756840436 0.000870722519327043 0.965368045057907 0 0 0">
<Contour name="d13p15" hidden="true" closed="true" simplified="false" border="1 0 0" fill="1 0 0" mode="-13"
 points="2.21436 1.21782,
	2.21436 1.17979,
	2.17633 1.17979,
	2.17633 1.21307,
	2.17158 1.21782,
	2.17158 1.17504,
	2.21911 1.17504,
	2.21911 1.22257,
	2.17158 1.22257,
	2.17633 1.21782,
	"/>
</Transform>

<Transform dim="6"
 xcoef=" 0.110007277217632 0.9978609252526 -0.00559610403119931 0 0 0"
 ycoef=" 0.189671756840436 0.000870722519327043 0.965368045057907 0 0 0">
<Contour name="d13" hidden="true" closed="true" simplified="true" border="1 1 0" fill="1 1 0" mode="11"
 points="0.746971 0.761141,
	0.77936 0.631585,
	0.783409 0.615391,
	0.803652 0.583002,
	0.852236 0.518224,
	0.981792 0.394741,
	0.997986 0.380571,
	1.00608 0.374498,
	1.07086 0.348182,
	1.10325 0.336036,
	1.11135 0.331987,
	1.2409 0.384619,
	1.30568 0.437251,
	1.43524 0.487859,
	1.46763 0.502029,
	1.59718 0.574905,
	1.66196 0.609318,
	1.70245 0.738874,
	1.67613 0.86843,
	1.68018 0.874503,
	1.6316 1.00406,
	1.62957 1.01216,
	1.56682 1.07693,
	1.53645 1.1073,
	1.47168 1.14576,
	1.4069 1.17815,
	1.3907 1.18625,
	1.35831 1.19232,
	1.34212 1.19637,
	1.33402 1.19434,
	1.20447 1.0992,
	1.17208 1.07289,
	1.15588 1.06074,
	1.12349 1.05062,
	1.1073 1.04455,
	1.0992 1.04252,
	1.00001 0.914989,
	0.967621 0.89677,
	0.951427 0.888673,
	0.886649 0.870454,
	0.85426 0.862357,
	0.821871 0.862357,
	0.805676 0.860333,
	0.773287 0.84009,
	0.757093 0.829968,
	0.746971 0.76519,
	0.746971 0.763166,
	"/>
<Contour name="d13" hidden="true" closed="true" simplified="true" border="1 1 0" fill="1 1 0" mode="11"
 points="-0.0445349 0.63361,
	0.0202431 0.613367,
	0.0526321 0.609318,
	0.0607294 0.613367,
	0.0769239 0.627537,
	0.0850211 0.631585,
	0.149799 0.615391,
	0.214577 0.645756,
	0.246966 0.66195,
	0.255063 0.665999,
	0.319841 0.724704,
	0.32389 0.728752,
	0.325914 0.744947,
	0.32389 0.753044,
	0.307695 0.769239,
	0.299598 0.775312,
	0.267209 0.785433,
	0.23482 0.783409,
	0.218626 0.783409,
	0.210528 0.781385,
	0.194334 0.791506,
	0.129556 0.801628,
	0.097167 0.803652,
	0.0809725 0.803652,
	0.0485835 0.777336,
	0.032389 0.761141,
	0.0161945 0.75102,
	-0.0161945 0.720655,
	-0.0303647 0.704461,
	-0.0384619 0.696363,
	-0.0425106 0.692315,
	-0.0445349 0.659926,
	-0.0445349 0.643731,
	-0.0445349 0.635634,
	"/>
</Transform>

<Transform dim="6"
 xcoef=" 0.110007277217632 0.9978609252526 -0.00559610403119931 0 0 0"
 ycoef=" 0.189671756840436 0.000870722519327043 0.965368045057907 0 0 0">
<Contour name="d04" hidden="true" closed="true" simplified="true" border="1 1 0" fill="1 0 0" mode="11"
 points="1.40673 3.98573,
	1.41964 3.96853,
	1.42394 3.96422,
	1.42609 3.92981,
	1.43254 3.9212,
	1.43684 3.91905,
	1.4433 3.92336,
	1.44114 3.90615,
	1.43899 3.89754,
	1.42609 3.88464,
	1.43469 3.86743,
	1.43684 3.85022,
	1.4433 3.83301,
	1.44114 3.83086,
	1.43469 3.83517,
	1.42609 3.82656,
	1.42609 3.81796,
	1.42609 3.81366,
	1.4433 3.81151,
	1.4433 3.8072,
	1.47126 3.77279,
	1.48847 3.75558,
	1.49707 3.74698,
	1.49922 3.72977,
	1.48201 3.71471,
	1.47556 3.70611,
	1.48201 3.6889,
	1.49277 3.67169,
	1.50137 3.67169,
	1.50567 3.67169,
	1.52288 3.65879,
	1.52288 3.65448,
	1.51643 3.64588,
	1.52288 3.63943,
	1.52718 3.63728,
	1.52288 3.62867,
	1.54009 3.61792,
	1.54654 3.60931,
	1.55515 3.60501,
	1.55945 3.60286,
	1.56805 3.60501,
	1.57235 3.60716,
	1.58096 3.59856,
	1.58526 3.59426,
	1.61967 3.61577,
	1.62398 3.61577,
	1.62613 3.61147,
	1.61967 3.60286,
	1.61537 3.59856,
	1.62398 3.59426,
	1.64118 3.59641,
	1.64979 3.59641,
	1.65624 3.60286,
	1.65839 3.61147,
	1.6756 3.60931,
	1.69281 3.60286,
	1.70141 3.60071,
	1.70571 3.60071,
	1.71432 3.59426,
	1.72292 3.59211,
	1.72937 3.59641,
	1.73368 3.5878,
	1.73583 3.5835,
	1.74013 3.5835,
	1.74658 3.57705,
	1.75519 3.5792,
	1.75519 3.5749,
	1.76164 3.56845,
	1.77885 3.5749,
	1.7853 3.55769,
	1.79605 3.54048,
	1.81326 3.53833,
	1.82186 3.53618,
	1.82617 3.53188,
	1.81111 3.52113,
	1.80036 3.50392,
	1.81111 3.48886,
	1.84553 3.49531,
	1.85413 3.49746,
	1.86273 3.50607,
	1.87134 3.50822,
	1.87564 3.50607,
	1.88424 3.51037,
	1.89285 3.50822,
	1.90145 3.51037,
	1.91866 3.50607,
	1.93156 3.49101,
	1.94017 3.49316,
	1.95738 3.48671,
	1.96598 3.48241,
	1.97458 3.48671,
	1.98319 3.49531,
	1.99179 3.49531,
	2.009 3.48886,
	2.0133 3.49316,
	2.02621 3.47595,
	2.04341 3.4695,
	2.06062 3.47595,
	2.07783 3.47811,
	2.11224 3.49316,
	2.12945 3.50177,
	2.13806 3.49962,
	2.14236 3.49746,
	2.16172 3.52973,
	2.16602 3.53833,
	2.19828 3.55984,
	2.20904 3.57705,
	2.22625 3.59426,
	2.24345 3.60501,
	2.25851 3.62007,
	2.26066 3.62867,
	2.26927 3.63513,
	2.27787 3.63728,
	2.28002 3.65448,
	2.27787 3.67169,
	2.29077 3.70611,
	2.29723 3.72332,
	2.32519 3.75773,
	2.33379 3.77494,
	2.3381 3.79215,
	2.35315 3.82656,
	2.36391 3.86098,
	2.37251 3.87818,
	2.37896 3.88034,
	2.38757 3.88679,
	2.39832 3.904,
	2.41338 3.9212,
	2.42413 3.93841,
	2.42844 3.94486,
	2.43704 3.94486,
	2.44134 3.95347,
	2.43919 3.97068,
	2.43274 3.98788,
	2.42629 4.0223,
	2.41123 4.03951,
	2.40047 4.05671,
	2.40693 4.07392,
	2.41123 4.08253,
	2.40908 4.09973,
	2.41768 4.13415,
	2.41983 4.14275,
	2.4564 4.21158,
	2.44779 4.21589,
	2.44349 4.23094,
	2.44349 4.23955,
	2.43489 4.25675,
	2.42629 4.25891,
	2.42198 4.25891,
	2.40693 4.29332,
	2.40262 4.31053,
	2.40047 4.31913,
	2.40478 4.33634,
	2.40693 4.34494,
	2.40908 4.34925,
	2.37466 4.37291,
	2.35745 4.38151,
	2.34885 4.38796,
	2.34455 4.39657,
	2.3424 4.40087,
	2.34885 4.41808,
	2.351 4.42668,
	2.3467 4.44389,
	2.3424 4.45249,
	2.32519 4.46325,
	2.29077 4.49121,
	2.27357 4.50627,
	2.25636 4.51702,
	2.24991 4.52347,
	2.2456 4.54068,
	2.24345 4.54498,
	2.22625 4.54929,
	2.21979 4.56434,
	2.21119 4.57295,
	2.21119 4.60736,
	2.21119 4.61596,
	2.21119 4.62027,
	2.2284 4.63747,
	2.20904 4.67189,
	2.20259 4.68049,
	2.19828 4.68264,
	2.18108 4.67404,
	2.14666 4.66544,
	2.14236 4.66329,
	2.10794 4.67834,
	2.09934 4.6848,
	2.08213 4.68049,
	2.07353 4.68049,
	2.06923 4.68049,
	2.06277 4.64608,
	2.05847 4.63747,
	2.05632 4.62027,
	2.05632 4.61166,
	2.04987 4.60306,
	2.01545 4.58585,
	1.98104 4.5751,
	1.91221 4.56004,
	1.87779 4.54929,
	1.86058 4.54283,
	1.84337 4.55144,
	1.83907 4.55359,
	1.83262 4.54929,
	1.82832 4.55359,
	1.81971 4.55144,
	1.80681 4.53853,
	1.7896 4.53208,
	1.77239 4.53423,
	1.76379 4.53423,
	1.76164 4.53208,
	1.76379 4.52778,
	1.75088 4.51057,
	1.74873 4.50842,
	1.75519 4.50411,
	1.72507 4.48261,
	1.70786 4.48045,
	1.69066 4.48906,
	1.67345 4.49336,
	1.65624 4.48691,
	1.63903 4.474,
	1.61752 4.43959,
	1.61322 4.42238,
	1.61322 4.41377,
	1.61322 4.40947,
	1.58096 4.38151,
	1.5702 4.36645,
	1.5616 4.36215,
	1.5573 4.35785,
	1.55515 4.34064,
	1.54439 4.32558,
	1.50998 4.29977,
	1.49492 4.28257,
	1.48416 4.24815,
	1.47986 4.23094,
	1.47771 4.22234,
	1.4562 4.18792,
	1.44545 4.17072,
	1.43469 4.1363,
	1.42394 4.11909,
	1.41748 4.10188,
	1.41964 4.08468,
	1.41318 4.05026,
	1.41103 4.03305,
	1.41103 4.02875,
	1.41964 4.0266,
	1.42394 4.018,
	1.41748 4.00079,
	1.41103 3.99219,
	1.40888 3.98788,
	"/>
</Transform>

<Transform dim="6"
 xcoef=" 0.110007277217632 0.9978609252526 -0.00559610403119931 0 0 0"
 ycoef=" 0.189671756840436 0.000870722519327043 0.965368045057907 0 0 0">
<Contour name="d04" hidden="true" closed="true" simplified="true" border="1 1 0" fill="1 0 0" mode="11"
 points="1.79735 5.06338,
	1.86924 4.98122,
	1.91032 4.98379,
	1.93086 4.98379,
	1.97195 5.0146,
	1.98735 5.05568,
	1.99506 5.07622,
	2.00019 5.08649,
	1.96168 5.11987,
	1.94114 5.13528,
	1.9283 5.15325,
	1.91289 5.19433,
	1.91032 5.2046,
	1.90262 5.21231,
	1.86154 5.21744,
	1.841 5.20717,
	1.83073 5.20204,
	1.81275 5.16095,
	1.80505 5.14041,
	1.79991 5.09933,
	1.79735 5.07879,
	1.79735 5.06852,
	1.79735 5.06595,
	"/>
</Transform>

<Transform dim="6"
 xcoef=" 0.110007277217632 0.9978609252526 -0.00559610403119931 0 0 0"
 ycoef=" 0.189671756840436 0.000870722519327043 0.965368045057907 0 0 0">
<Contour name="d04" hidden="true" closed="true" simplified="true" border="1 1 0" fill="1 0 0" mode="11"
 points="2.50061 2.85741,
	2.52168 2.80923,
	2.5262 2.79719,
	2.52921 2.7731,
	2.53222 2.76106,
	2.53373 2.75503,
	2.5819 2.73396,
	2.60599 2.72191,
	2.61201 2.7189,
	2.66019 2.72191,
	2.67223 2.72342,
	2.67825 2.72342,
	2.74148 2.81826,
	2.76557 2.86644,
	2.77159 2.87848,
	2.76858 2.90257,
	2.76858 2.91461,
	2.76106 2.9387,
	2.75052 2.96279,
	2.7445 2.97483,
	2.72191 2.99892,
	2.71589 3.00494,
	2.70385 3.02903,
	2.67976 3.04258,
	2.66772 3.0486,
	2.66169 3.05161,
	2.61352 3.03054,
	2.58943 3.02,
	2.54126 2.97634,
	2.53072 2.9643,
	2.51416 2.94021,
	2.50813 2.92967,
	2.51566 2.91763,
	2.50362 2.86945,
	2.50061 2.85891,
	"/>
</Transform>

<Transform dim="6"
 xcoef=" 0.110007277217632 0.9978609252526 -0.00559610403119931 0 0 0"
 ycoef=" 0.189671756840436 0.000870722519327043 0.965368045057907 0 0 0">
<Contour name="d04" hidden="true" closed="true" simplified="true" border="1 1 0" fill="1 0 0" mode="11"
 points="2.48466 3.43718,
	2.52722 3.37232,
	2.53735 3.35611,
	2.56775 3.32571,
	2.57585 3.3176,
	2.60828 3.33179,
	2.61639 3.33382,
	2.6326 3.34598,
	2.64071 3.35408,
	2.64476 3.35814,
	2.64476 3.39056,
	2.63868 3.42299,
	2.62855 3.45542,
	2.5637 3.5,
	2.55964 3.50203,
	2.52722 3.48784,
	2.49682 3.4696,
	2.48466 3.4392,
	"/>
</Transform>

<Transform dim="6"
 xcoef=" 0.110007277217632 0.9978609252526 -0.00559610403119931 0 0 0"
 ycoef=" 0.189671756840436 0.000870722519327043 0.965368045057907 0 0 0">
<Contour name="d04" hidden="true" closed="true" simplified="true" border="1 1 0" fill="1 0 0" mode="11"
 points="1.79614 3.01329,
	1.81305 2.97948,
	1.82361 2.96469,
	1.89123 2.93722,
	1.92504 2.92666,
	1.99266 2.91609,
	2.02647 2.90975,
	2.06028 2.91186,
	2.07719 2.91398,
	2.111 2.90764,
	2.11945 2.90764,
	2.18707 2.93722,
	2.20186 2.94779,
	2.2082 2.96469,
	2.21243 2.97314,
	2.21454 2.97737,
	2.21031 2.98582,
	2.18284 3.01963,
	2.15115 3.08725,
	2.14481 3.10416,
	2.08987 3.17178,
	2.04972 3.2394,
	2.04549 3.24785,
	2.03915 3.28166,
	2.02225 3.31547,
	2.00534 3.33026,
	2.00111 3.33237,
	1.98421 3.32603,
	1.91659 3.33237,
	1.88278 3.33449,
	1.84897 3.31969,
	1.83207 3.31124,
	1.82784 3.30913,
	1.82995 3.24151,
	1.83207 3.2077,
	1.83207 3.1908,
	1.80882 3.12318,
	1.8046 3.11472,
	1.79826 3.0471,
	1.79614 3.01541,
	"/>
</Transform>

<Transform dim="6"
 xcoef=" 0.110007277217632 0.9978609252526 -0.00559610403119931 0 0 0"
 ycoef=" 0.189671756840436 0.000870722519327043 0.965368045057907 0 0 0">
<Contour name="d04c08c" hidden="true" closed="true" simplified="true" border="1 0 0" fill="1 0 1" mode="11"
 points="1.94594 3.13729,
	1.96324 3.0681,
	1.97405 3.0335,
	2.04324 2.99891,
	2.11242 2.99675,
	2.12972 2.99675,
	2.16432 3.0162,
	2.1708 3.02269,
	2.17296 3.05729,
	2.16864 3.09188,
	2.16215 3.10918,
	2.13837 3.14377,
	2.11026 3.17837,
	2.07783 3.21296,
	2.06053 3.23026,
	2.05188 3.23891,
	2.04972 3.23674,
	2.04324 3.24539,
	1.97405 3.21512,
	1.9481 3.14593,
	1.94594 3.13945,
	"/>
</Transform>

<Transform dim="6"
 xcoef=" 0.180007277217632 0.9978609252526 -0.00559610403119931 0 0 0"
 ycoef=" 0.159671756840436 0.000870722519327043 0.965368045057907 0 0 0">
<Contour name="d04p05" hidden="true" closed="true" simplified="false" border="1 0 0" fill="1 0 0" mode="-13"
 points="2.1517 4.54739,
	2.1517 4.49295,
	2.09725 4.49295,
	2.09725 4.54058,
	2.09045 4.54739,
	2.09045 4.48614,
	2.1585 4.48614,
	2.1585 4.55419,
	2.09045 4.55419,
	2.09725 4.54739,
	"/>
</Transform>

<Transform dim="6"
 xcoef=" 0.110007277217632 0.9978609252526 -0.00559610403119931 0 0 0"
 ycoef=" 0.189671756840436 0.000870722519327043 0.965368045057907 0 0 0">
<Contour name="d04rb05" hidden="true" closed="true" simplified="false" border="1 0 1" fill="1 0 1" mode="-11"
 points="2.10845 4.46325,
	2.10845 4.45394,
	2.11776 4.44463,
	2.12707 4.44463,
	2.13638 4.45394,
	2.13638 4.46325,
	2.12707 4.47255,
	2.11776 4.47255,
	"/>
<Contour name="d04rb05" hidden="true" closed="true" simplified="false" border="1 0 1" fill="1 0 1" mode="-11"
 points="2.08984 4.47953,
	2.08984 4.47023,
	2.09914 4.46092,
	2.10845 4.46092,
	2.11776 4.47023,
	2.11776 4.47953,
	2.10845 4.48884,
	2.09914 4.48884,
	"/>
<Contour name="d04rb05" hidden="true" closed="true" simplified="false" border="1 0 1" fill="1 0 1" mode="-11"
 points="2.12241 4.5028,
	2.12241 4.4935,
	2.13172 4.48419,
	2.14103 4.48419,
	2.15034 4.4935,
	2.15034 4.5028,
	2.14103 4.51211,
	2.13172 4.51211,
	"/>
<Contour name="d04rb05" hidden="true" closed="true" simplified="false" border="1 0 1" fill="1 0 1" mode="-11"
 points="2.1387 4.47721,
	2.1387 4.4679,
	2.14801 4.45859,
	2.15732 4.45859,
	2.16663 4.4679,
	2.16663 4.47721,
	2.15732 4.48652,
	2.14801 4.48652,
	"/>
<Contour name="d04rb05" hidden="true" closed="true" simplified="false" border="1 0 1" fill="1 0 1" mode="-11"
 points="2.17361 4.50978,
	2.17361 4.50048,
	2.18291 4.49117,
	2.19222 4.49117,
	2.20153 4.50048,
	2.20153 4.50978,
	2.19222 4.51909,
	2.18291 4.51909,
	"/>
<Contour name="d04rb05" hidden="true" closed="true" simplified="false" border="1 0 1" fill="1 0 1" mode="-11"
 points="2.19455 4.51444,
	2.19455 4.50513,
	2.20386 4.49582,
	2.21316 4.49582,
	2.22247 4.50513,
	2.22247 4.51444,
	2.21316 4.52375,
	2.20386 4.52375,
	"/>
<Contour name="d04rb05" hidden="true" closed="true" simplified="false" border="1 0 1" fill="1 0 1" mode="-11"
 points="2.17361 4.53771,
	2.17361 4.5284,
	2.18291 4.51909,
	2.19222 4.51909,
	2.20153 4.5284,
	2.20153 4.53771,
	2.19222 4.54702,
	2.18291 4.54702,
	"/>
</Transform>

<Transform dim="6"
 xcoef=" 0.110007277217632 0.9978609252526 -0.00559610403119931 0 0 0"
 ycoef=" 0.189671756840436 0.000870722519327043 0.965368045057907 0 0 0">
<Contour name="d13" hidden="true" closed="true" simplified="true" border="1 1 0" fill="1 1 0" mode="11"
 points="3.31708 2.81609,
	3.31874 2.78962,
	3.31874 2.77638,
	3.32205 2.77142,
	3.375 2.76149,
	3.38823 2.75983,
	3.39485 2.75818,
	3.50075 2.80947,
	3.5537 2.81775,
	3.56693 2.82602,
	3.59341 2.84919,
	3.63312 2.90213,
	3.67945 2.95508,
	3.70262 2.98156,
	3.71585 3.00803,
	3.72082 3.02127,
	3.72909 3.03451,
	3.78204 3.07587,
	3.80851 3.09573,
	3.83333 3.11889,
	3.86973 3.17184,
	3.92268 3.21817,
	3.93427 3.23141,
	3.93923 3.23803,
	3.94088 3.23968,
	3.94585 3.23472,
	3.96074 3.26119,
	3.97232 3.28767,
	3.97563 3.3009,
	3.97563 3.32738,
	3.94916 3.3522,
	3.93592 3.35385,
	3.90945 3.33565,
	3.89621 3.32738,
	3.88297 3.32572,
	3.86973 3.31745,
	3.86642 3.31414,
	3.83995 3.33731,
	3.82671 3.34889,
	3.82009 3.35385,
	3.81348 3.35551,
	3.76715 3.30256,
	3.74067 3.28767,
	3.72743 3.27939,
	3.72082 3.27608,
	3.69434 3.27443,
	3.6811 3.27277,
	3.65463 3.25954,
	3.64967 3.25457,
	3.63477 3.20162,
	3.61657 3.17515,
	3.59506 3.14868,
	3.58514 3.13544,
	3.5719 3.12717,
	3.55866 3.12386,
	3.53219 3.12717,
	3.47924 3.14537,
	3.45276 3.15695,
	3.43953 3.16357,
	3.41305 3.17019,
	3.40643 3.17184,
	3.39982 3.17019,
	3.39816 3.17019,
	3.39154 3.16688,
	3.38492 3.1586,
	3.38989 3.14371,
	3.3932 3.13709,
	3.3932 3.12386,
	3.37996 3.07091,
	3.37169 3.04443,
	3.33859 2.99148,
	3.33363 2.97825,
	3.32205 2.87235,
	3.31708 2.8194,
	3.31708 2.81775,
	"/>
</Transform>

<Transform dim="6"
 xcoef=" 0.110007277217632 0.9978609252526 -0.00559610403119931 0 0 0"
 ycoef=" 0.189671756840436 0.000870722519327043 0.965368045057907 0 0 0">
<Contour name="d13" hidden="true" closed="true" simplified="true" border="1 1 0" fill="1 1 0" mode="11"
 points="3.4764 3.55748,
	3.52935 3.54755,
	3.63525 3.5459,
	3.64187 3.5459,
	3.74777 3.50784,
	3.77424 3.49957,
	3.78748 3.49461,
	3.7941 3.4913,
	3.89999 3.4913,
	3.90661 3.4913,
	3.93309 3.50288,
	3.94632 3.50784,
	3.95294 3.5095,
	4.00589 3.56079,
	4.01913 3.57403,
	4.04395 3.62698,
	4.06546 3.67993,
	4.11675 3.78582,
	4.12337 3.79906,
	4.13164 3.90496,
	4.1333 3.93143,
	4.13495 3.94467,
	4.1333 3.97114,
	4.12999 3.98438,
	4.10517 4.01085,
	4.09359 4.02409,
	4.08035 4.02575,
	4.05387 4.00093,
	4.05057 3.99762,
	4.02575 3.89172,
	4.01085 3.83877,
	3.98272 3.78582,
	3.97445 3.77259,
	3.97114 3.76597,
	3.91819 3.72626,
	3.89172 3.70805,
	3.83877 3.68323,
	3.8123 3.67,
	3.79906 3.66503,
	3.69316 3.64849,
	3.66669 3.64518,
	3.66007 3.64352,
	3.60712 3.65676,
	3.59388 3.65842,
	3.56741 3.65345,
	3.56079 3.6518,
	3.55748 3.6518,
	3.51612 3.59885,
	3.4913 3.57237,
	3.47806 3.55914,
	"/>
</Transform>

<Transform dim="6"
 xcoef=" 0.110007277217632 0.9978609252526 -0.00559610403119931 0 0 0"
 ycoef=" 0.189671756840436 0.000870722519327043 0.965368045057907 0 0 0">
<Contour name="d13c14a" hidden="true" closed="true" simplified="true" border="1 0 0" fill="1 0 0" mode="11"
 points="3.63525 3.66503,
	3.6882 3.65511,
	3.74115 3.65676,
	3.75438 3.65842,
	3.86028 3.69316,
	3.87352 3.69813,
	3.88014 3.69978,
	3.98603 3.78417,
	3.99431 3.79741,
	4.00424 3.82388,
	4.00258 3.8305,
	3.98934 3.83546,
	3.96287 3.83712,
	3.91158 3.78582,
	3.85863 3.75108,
	3.83215 3.73287,
	3.81892 3.7246,
	3.76597 3.7064,
	3.71302 3.69647,
	3.68654 3.69151,
	3.67331 3.6882,
	3.66669 3.68654,
	3.64021 3.66834,
	3.6369 3.66669,
	"/>
</Transform>

<Transform dim="6"
 xcoef=" 0.110007277217632 0.9978609252526 -0.00559610403119931 0 0 0"
 ycoef=" 0.189671756840436 0.000870722519327043 0.965368045057907 0 0 0">
<Contour name="d13cfa14a" hidden="true" closed="false" simplified="false" border="0 1 0" fill="1 0 0" mode="11"
 points="3.6447 3.66492,
	3.79197 3.68809,
	3.92103 3.75758,
	3.99218 3.83866,
	"/>
</Transform>

<Transform dim="6"
 xcoef=" 0.110007277217632 0.9978609252526 -0.00559610403119931 0 0 0"
 ycoef=" 0.189671756840436 0.000870722519327043 0.965368045057907 0 0 0">
<Contour name="d13" hidden="true" closed="true" simplified="true" border="1 1 0" fill="1 1 0" mode="11"
 points="0.367791 0.884351,
	0.380188 0.796191,
	0.381566 0.790681,
	0.425645 0.767264,
	0.447685 0.754866,
	0.458705 0.749356,
	0.546865 0.746601,
	0.557885 0.746601,
	0.563395 0.746601,
	0.607474 0.725939,
	0.629514 0.716296,
	0.640534 0.710786,
	0.651554 0.709409,
	0.673594 0.710786,
	0.684614 0.712164,
	0.690124 0.712164,
	0.712164 0.725939,
	0.723184 0.732826,
	0.725939 0.735581,
	0.731449 0.757621,
	0.724561 0.779661,
	0.720429 0.790681,
	0.677727 0.830628,
	0.633647 0.866443,
	0.615739 0.887105,
	0.57166 0.891238,
	0.54962 0.903635,
	0.50554 0.943583,
	0.49452 0.953225,
	0.48901 0.958735,
	0.44493 0.965623,
	0.43942 0.964245,
	0.39534 0.93394,
	0.369168 0.88986,
	0.367791 0.885728,
	"/>
</Transform>

<Transform dim="6"
 xcoef=" 0.110007277217632 0.9978609252526 -0.00559610403119931 0 0 0"
 ycoef=" 0.189671756840436 0.000870722519327043 0.965368045057907 0 0 0">
<Contour name="d04cfa08c" hidden="true" closed="false" simplified="false" border="0 1 0" fill="1 0 0" mode="11"
 points="2.08003 3.17082,
	2.09337 3.14637,
	2.11782 3.10858,
	2.14338 3.05746,
	2.14116 3.02301,
	2.10448 3.01078,
	2.00557 3.02634,
	1.96778 3.0908,
	1.97 3.15415,
	1.99112 3.2075,
	2.02001 3.22084,
	2.0478 3.21972,
	2.07558 3.1786,
	"/>
</Transform>

<Transform dim="6"
 xcoef=" 0.110007277217632 0.9978609252526 -0.00559610403119931 0 0 0"
 ycoef=" 0.189671756840436 0.000870722519327043 0.965368045057907 0 0 0">
<Contour name="d02" hidden="true" closed="true" simplified="true" border="1 1 0" fill="0.5 0 1" mode="11"
 points="5.58234 3.28056,
	5.59004 3.26518,
	5.59773 3.23441,
	5.60157 3.20365,
	5.6035 3.18826,
	5.6035 3.18057,
	5.61311 3.16711,
	5.6208 3.15942,
	5.62465 3.1575,
	5.62465 3.14211,
	5.6208 3.12673,
	5.62273 3.09596,
	5.6285 3.06519,
	5.62657 3.04981,
	5.62657 3.04212,
	5.63234 3.02673,
	5.63619 3.01904,
	5.63619 3.00366,
	5.63619 2.99597,
	5.64003 2.99212,
	5.64003 2.98828,
	5.6458 2.98251,
	5.65157 2.96712,
	5.65349 2.96328,
	5.66119 2.9652,
	5.66695 2.93636,
	5.6708 2.92866,
	5.66695 2.91328,
	5.66695 2.90559,
	5.68618 2.87674,
	5.69964 2.86136,
	5.70926 2.84598,
	5.70926 2.84213,
	5.73618 2.81521,
	5.74003 2.80752,
	5.76887 2.7806,
	5.79964 2.76906,
	5.83041 2.76329,
	5.86117 2.76137,
	5.87656 2.76137,
	5.9054 2.7806,
	5.90925 2.78444,
	5.91309 2.78444,
	5.94001 2.80559,
	5.9554 2.81136,
	5.95924 2.81136,
	5.98809 2.84021,
	5.98809 2.84405,
	6.01693 2.86328,
	6.02078 2.86328,
	6.02462 2.86713,
	6.04001 2.87097,
	6.06885 2.8902,
	6.08424 2.89597,
	6.09962 2.89213,
	6.115 2.89405,
	6.13039 2.90367,
	6.16115 2.91328,
	6.16885 2.91713,
	6.17269 2.91713,
	6.18808 2.92674,
	6.20346 2.93251,
	6.21115 2.93828,
	6.21884 2.9402,
	6.22653 2.94597,
	6.24192 2.94982,
	6.24576 2.95366,
	6.27653 2.95943,
	6.29192 2.96328,
	6.3073 2.97097,
	6.31884 2.98251,
	6.33422 2.98828,
	6.34191 2.99212,
	6.37268 3.02097,
	6.38614 3.03058,
	6.39191 3.03827,
	6.42268 3.0575,
	6.43614 3.07096,
	6.44575 3.08442,
	6.4496 3.09211,
	6.46498 3.10365,
	6.47267 3.10942,
	6.48806 3.11327,
	6.50344 3.12096,
	6.50729 3.12096,
	6.51882 3.1325,
	6.52844 3.14788,
	6.53036 3.16326,
	6.53036 3.17096,
	6.53613 3.18634,
	6.53998 3.19019,
	6.54575 3.22095,
	6.54767 3.23634,
	6.5419 3.2671,
	6.53998 3.27095,
	6.5419 3.28633,
	6.53998 3.3171,
	6.54575 3.33248,
	6.54767 3.34018,
	6.55921 3.35171,
	6.56882 3.3671,
	6.57459 3.39787,
	6.57651 3.41325,
	6.58613 3.44402,
	6.58805 3.45171,
	6.58805 3.45555,
	6.5919 3.4594,
	6.5919 3.47478,
	6.59574 3.49017,
	6.6169 3.51901,
	6.62266 3.54978,
	6.62074 3.56516,
	6.62266 3.58055,
	6.62651 3.58824,
	6.62651 3.59208,
	6.63036 3.59593,
	6.63612 3.6267,
	6.63805 3.64208,
	6.64189 3.64977,
	6.64189 3.65362,
	6.64766 3.66131,
	6.64959 3.669,
	6.66112 3.68439,
	6.66112 3.69977,
	6.6592 3.70746,
	6.64959 3.72092,
	6.65151 3.72477,
	6.64382 3.73054,
	6.63997 3.73054,
	6.63228 3.73823,
	6.60343 3.75746,
	6.58805 3.769,
	6.58036 3.77669,
	6.56305 3.80553,
	6.55728 3.81322,
	6.54767 3.84399,
	6.53998 3.85937,
	6.53229 3.86707,
	6.51882 3.89783,
	6.51498 3.91322,
	6.5169 3.9286,
	6.52267 3.94398,
	6.52459 3.97475,
	6.52459 3.99014,
	6.52459 3.99783,
	6.53229 4.01321,
	6.55728 4.04398,
	6.60151 4.10167,
	6.62266 4.13051,
	6.63805 4.16128,
	6.64574 4.19205,
	6.64766 4.20743,
	6.64382 4.2382,
	6.64382 4.25358,
	6.6342 4.26896,
	6.61882 4.27858,
	6.61113 4.28243,
	6.59574 4.28243,
	6.58036 4.27858,
	6.56498 4.27089,
	6.55536 4.25743,
	6.55344 4.24974,
	6.54382 4.23435,
	6.53998 4.22666,
	6.51306 4.20551,
	6.49767 4.19782,
	6.48421 4.18435,
	6.48037 4.18051,
	6.48037 4.17666,
	6.46306 4.1459,
	6.45537 4.13051,
	6.45537 4.12282,
	6.43421 4.0959,
	6.42652 4.08821,
	6.41883 4.07282,
	6.41306 4.06513,
	6.39768 4.05936,
	6.38999 4.05552,
	6.35922 4.05359,
	6.34384 4.05359,
	6.31307 4.04782,
	6.25153 4.04398,
	6.24384 4.04398,
	6.24 4.04398,
	6.23615 4.04013,
	6.22077 4.03436,
	6.20731 4.02283,
	6.19961 4.01706,
	6.16885 4.00744,
	6.13808 4.00167,
	6.1227 3.99398,
	6.11116 3.98244,
	6.10731 3.97475,
	6.09193 3.96706,
	6.06116 3.95937,
	6.04578 3.95745,
	6.01501 3.94398,
	6.00155 3.93437,
	5.99578 3.91899,
	5.9804 3.91129,
	5.96501 3.90937,
	5.94963 3.90168,
	5.94578 3.90168,
	5.93425 3.89014,
	5.90348 3.87668,
	5.88809 3.87091,
	5.87271 3.85937,
	5.85733 3.85553,
	5.84964 3.85168,
	5.81887 3.85168,
	5.80348 3.84976,
	5.79579 3.84976,
	5.78041 3.83822,
	5.76887 3.82284,
	5.76118 3.80745,
	5.75733 3.79976,
	5.75541 3.78438,
	5.75349 3.77669,
	5.74772 3.77092,
	5.73233 3.76707,
	5.72849 3.76323,
	5.7208 3.7613,
	5.70541 3.74977,
	5.69388 3.73631,
	5.68618 3.72092,
	5.67657 3.69015,
	5.67272 3.67477,
	5.65157 3.64785,
	5.64196 3.63247,
	5.63619 3.61708,
	5.63426 3.6017,
	5.63426 3.59401,
	5.62657 3.57862,
	5.6208 3.57093,
	5.61888 3.56324,
	5.61503 3.55939,
	5.60927 3.52863,
	5.60927 3.49786,
	5.61119 3.49017,
	5.61503 3.48632,
	5.61503 3.47863,
	5.60927 3.46325,
	5.59965 3.44786,
	5.59773 3.43248,
	5.59773 3.42863,
	5.60157 3.42479,
	5.6035 3.41709,
	5.59965 3.40171,
	5.59388 3.39402,
	5.59004 3.37864,
	5.58811 3.34787,
	5.59004 3.33248,
	5.58619 3.30172,
	5.58234 3.29403,
	5.58234 3.28633,
	5.58234 3.28249,
	"/>
</Transform>

<Transform dim="6"
 xcoef=" 0.110007277217632 0.9978609252526 -0.00559610403119931 0 0 0"
 ycoef=" 0.189671756840436 0.000870722519327043 0.965368045057907 0 0 0">
<Contour name="d02" hidden="true" closed="true" simplified="true" border="1 1 0" fill="0.5 0 1" mode="11"
 points="5.82848 2.28063,
	5.84387 2.27101,
	5.87463 2.26332,
	5.9054 2.2614,
	5.93617 2.25178,
	5.95155 2.24986,
	5.98232 2.25563,
	5.9977 2.25755,
	6.01309 2.26524,
	6.02078 2.27101,
	6.02462 2.2787,
	6.02462 2.30947,
	6.02078 2.34024,
	6.01886 2.34793,
	5.99193 2.36524,
	5.97655 2.37293,
	5.96117 2.37485,
	5.94578 2.37293,
	5.91502 2.35562,
	5.90732 2.3537,
	5.89194 2.35755,
	5.87656 2.35562,
	5.86886 2.3537,
	5.84964 2.32486,
	5.83425 2.31332,
	5.82848 2.29793,
	5.82848 2.28255,
	"/>
<Contour name="d02" hidden="true" closed="true" simplified="true" border="1 1 0" fill="0.5 0 1" mode="11"
 points="5.53042 2.08064,
	5.53812 2.07295,
	5.55735 2.04218,
	5.56888 2.02872,
	5.58427 2.01526,
	5.59965 2.00564,
	5.63042 1.99988,
	5.6458 2.00372,
	5.66119 2.01334,
	5.66888 2.01526,
	5.67657 2.02295,
	5.67849 2.03833,
	5.68811 2.05372,
	5.69195 2.05756,
	5.6958 2.07295,
	5.6958 2.08064,
	5.69964 2.08833,
	5.69772 2.1191,
	5.6958 2.13448,
	5.69003 2.14987,
	5.68811 2.2114,
	5.69772 2.27294,
	5.70349 2.3037,
	5.70349 2.33447,
	5.69964 2.34985,
	5.6958 2.35755,
	5.68042 2.37101,
	5.66503 2.37293,
	5.64965 2.36716,
	5.64003 2.35178,
	5.63619 2.33639,
	5.6208 2.30563,
	5.58234 2.24601,
	5.56888 2.21525,
	5.55158 2.18448,
	5.54581 2.1691,
	5.54196 2.13833,
	5.53619 2.12294,
	5.53042 2.09218,
	5.53042 2.08449,
	5.53042 2.08256,
	"/>
</Transform>

<Transform dim="6"
 xcoef=" 0.110007277217632 0.9978609252526 -0.00559610403119931 0 0 0"
 ycoef=" 0.189671756840436 0.000870722519327043 0.965368045057907 0 0 0">
<Contour name="d02" hidden="true" closed="true" simplified="true" border="1 1 0" fill="0.5 0 1" mode="11"
 points="7.78011 4.21563,
	7.8076 4.17689,
	7.8151 4.16814,
	7.8201 4.15939,
	7.82135 4.14939,
	7.81385 4.12939,
	7.81135 4.12439,
	7.8126 4.1044,
	7.8126 4.0994,
	7.8126 4.0969,
	7.8226 4.0869,
	7.83135 4.0794,
	7.84135 4.07565,
	7.86134 4.0744,
	7.86634 4.0744,
	7.87634 4.07815,
	7.88634 4.08565,
	7.90134 4.10565,
	7.90759 4.11564,
	7.91009 4.12064,
	7.91009 4.12314,
	7.92633 4.13939,
	7.94633 4.14689,
	7.98632 4.14689,
	8.00632 4.14439,
	8.04632 4.14564,
	8.06631 4.14939,
	8.08631 4.15064,
	8.09631 4.15189,
	8.10631 4.15564,
	8.11631 4.15689,
	8.1263 4.16064,
	8.1313 4.16189,
	8.1363 4.16564,
	8.1413 4.16689,
	8.1463 4.17064,
	8.1513 4.17189,
	8.1713 4.18313,
	8.1813 4.18938,
	8.1863 4.19438,
	8.19504 4.21313,
	8.19379 4.23313,
	8.19254 4.24313,
	8.1863 4.25312,
	8.17755 4.26062,
	8.1688 4.26562,
	8.1588 4.26812,
	8.11881 4.26562,
	8.07881 4.25937,
	8.07381 4.26062,
	8.07131 4.26312,
	8.05132 4.26687,
	8.04132 4.26437,
	8.04007 4.26187,
	8.02007 4.25687,
	8.00007 4.25812,
	7.99007 4.26187,
	7.97008 4.26437,
	7.96008 4.26812,
	7.95008 4.26812,
	7.94508 4.26937,
	7.94258 4.26937,
	7.94008 4.27187,
	7.92008 4.27937,
	7.91758 4.27937,
	7.91259 4.28312,
	7.90259 4.28687,
	7.89759 4.28812,
	7.89259 4.29187,
	7.87259 4.29937,
	7.87009 4.30187,
	7.85009 4.30562,
	7.8401 4.30562,
	7.8351 4.30562,
	7.8251 4.30062,
	7.8201 4.29812,
	7.80135 4.28062,
	7.79385 4.27062,
	7.7901 4.26062,
	7.78385 4.25062,
	7.78011 4.23063,
	7.78011 4.22063,
	7.78011 4.21688,
	"/>
<Contour name="d02" hidden="true" closed="true" simplified="true" border="1 1 0" fill="0.5 0 1" mode="11"
 points="7.18394 3.96192,
	7.18519 3.95192,
	7.18644 3.94692,
	7.19269 3.93692,
	7.19394 3.91692,
	7.19644 3.91192,
	7.21644 3.90817,
	7.22644 3.91067,
	7.23519 3.91692,
	7.25518 3.93317,
	7.27268 3.94692,
	7.28143 3.95567,
	7.28518 3.96067,
	7.28768 3.96317,
	7.29143 3.97317,
	7.30018 3.98316,
	7.30393 3.98816,
	7.30767 4.00816,
	7.30892 4.01316,
	7.30892 4.01566,
	7.31767 4.02316,
	7.32267 4.02441,
	7.32517 4.02691,
	7.33017 4.02816,
	7.33517 4.03191,
	7.35517 4.04066,
	7.36517 4.0444,
	7.37516 4.04565,
	7.38016 4.04565,
	7.39016 4.0519,
	7.39766 4.06065,
	7.41516 4.07315,
	7.43516 4.08565,
	7.44016 4.0869,
	7.44515 4.09065,
	7.45515 4.0944,
	7.4739 4.10565,
	7.4789 4.1094,
	7.4989 4.11439,
	7.5039 4.11689,
	7.51139 4.12564,
	7.51514 4.12939,
	7.53514 4.13314,
	7.54514 4.13814,
	7.56389 4.15314,
	7.56889 4.16314,
	7.56889 4.17314,
	7.56514 4.18313,
	7.55514 4.19188,
	7.53639 4.20438,
	7.53139 4.20688,
	7.52889 4.20688,
	7.52639 4.20938,
	7.5064 4.21438,
	7.5014 4.21688,
	7.4964 4.22188,
	7.4939 4.23188,
	7.4939 4.23688,
	7.48765 4.24688,
	7.48265 4.25062,
	7.47265 4.25312,
	7.45265 4.26437,
	7.44265 4.26312,
	7.43391 4.25687,
	7.42641 4.24812,
	7.42516 4.23813,
	7.42141 4.23313,
	7.41391 4.22688,
	7.40766 4.21688,
	7.40391 4.20688,
	7.39641 4.19688,
	7.37641 4.18438,
	7.36642 4.17814,
	7.36142 4.17314,
	7.35142 4.16814,
	7.34142 4.15939,
	7.33267 4.15439,
	7.33017 4.15439,
	7.32017 4.14814,
	7.31017 4.13939,
	7.30018 4.13314,
	7.29018 4.12939,
	7.27018 4.12814,
	7.26518 4.12814,
	7.25518 4.12314,
	7.25018 4.12064,
	7.24518 4.11564,
	7.24393 4.10565,
	7.24268 4.10065,
	7.24143 4.09815,
	7.23893 4.09815,
	7.23269 4.08815,
	7.22769 4.08315,
	7.22269 4.07315,
	7.21894 4.06815,
	7.21644 4.06565,
	7.21644 4.06315,
	7.21394 4.06065,
	7.21269 4.05065,
	7.20644 4.04066,
	7.20644 4.03816,
	7.20394 4.03566,
	7.19519 4.01566,
	7.19519 4.01066,
	7.19769 4.00566,
	7.19644 3.99566,
	7.19269 3.98566,
	7.18769 3.98066,
	7.18519 3.97816,
	7.18394 3.96817,
	7.18394 3.96317,
	"/>
</Transform>

<Transform dim="6"
 xcoef=" 0.110007277217632 0.9978609252526 -0.00559610403119931 0 0 0"
 ycoef=" 0.189671756840436 0.000870722519327043 0.965368045057907 0 0 0">
<Contour name="d02" hidden="true" closed="true" simplified="true" border="1 1 0" fill="0.5 0 1" mode="11"
 points="4.92515 2.23368,
	4.93241 2.22206,
	4.93677 2.21624,
	4.94259 2.21334,
	4.94549 2.20752,
	4.95712 2.1988,
	4.97456 2.17555,
	4.98328 2.16538,
	4.9949 2.15957,
	5.00072 2.15521,
	5.01234 2.15375,
	5.03414 2.15521,
	5.03124 2.15811,
	5.03269 2.16102,
	5.04432 2.16538,
	5.05594 2.17265,
	5.0574 2.17846,
	5.06176 2.18427,
	5.07629 2.23078,
	5.08501 2.32379,
	5.07629 2.34704,
	5.06902 2.35721,
	5.06321 2.36012,
	5.05158 2.36012,
	5.02833 2.35285,
	5.00508 2.33977,
	4.99345 2.33251,
	4.98183 2.33105,
	4.9702 2.32669,
	4.94695 2.3078,
	4.94113 2.30199,
	4.93532 2.29036,
	4.92951 2.26711,
	4.92515 2.25548,
	4.92515 2.24386,
	4.92515 2.23804,
	4.92515 2.23514,
	"/>
</Transform>

<Transform dim="6"
 xcoef=" 0.110007277217632 0.9978609252526 -0.00559610403119931 0 0 0"
 ycoef=" 0.189671756840436 0.000870722519327043 0.965368045057907 0 0 0">
<Contour name="d13" hidden="true" closed="true" simplified="true" border="1 1 0" fill="1 1 0" mode="11"
 points="-0.398419 -0.0642612,
	-0.379141 -0.0899657,
	-0.327732 -0.0931787,
	-0.276323 -0.0642612,
	-0.263471 -0.0610481,
	-0.240979 -0.0385567,
	-0.192784 -0.00321306,
	-0.179931 0.00963918,
	-0.173505 0.0224914,
	-0.173505 0.0353437,
	-0.189571 0.0610481,
	-0.202423 0.0706873,
	-0.228127 0.0739004,
	-0.240979 0.0803265,
	-0.257045 0.106031,
	-0.257045 0.131735,
	-0.250619 0.15744,
	-0.253832 0.183144,
	-0.250619 0.208849,
	-0.234553 0.234553,
	-0.192784 0.279536,
	-0.173505 0.305241,
	-0.163866 0.330945,
	-0.167079 0.35665,
	-0.167079 0.369502,
	-0.173505 0.382354,
	-0.19921 0.385567,
	-0.212062 0.382354,
	-0.237766 0.366289,
	-0.257045 0.340584,
	-0.257045 0.334158,
	-0.27311 0.311667,
	-0.289175 0.260258,
	-0.295602 0.234553,
	-0.324519 0.186357,
	-0.324519 0.160653,
	-0.324519 0.147801,
	-0.318093 0.134949,
	-0.321306 0.122096,
	-0.337371 0.0963918,
	-0.343797 0.0835396,
	-0.343797 0.0771134,
	-0.350224 0.0739004,
	-0.353437 0.0610481,
	-0.363076 0.0481959,
	-0.366289 0.0353437,
	-0.375928 0.0224914,
	-0.375928 0.0160653,
	-0.382354 0.00963918,
	-0.382354 0.00321306,
	-0.391993 -0.00963918,
	-0.398419 -0.0353437,
	-0.398419 -0.0610481,
	"/>
</Transform>

<Transform dim="6"
 xcoef=" 0.110007277217632 0.9978609252526 -0.00559610403119931 0 0 0"
 ycoef=" 0.189671756840436 0.000870722519327043 0.965368045057907 0 0 0">
<Contour name="d13" hidden="true" closed="true" simplified="true" border="1 1 0" fill="1 1 0" mode="11"
 points="0.710086 -0.257045,
	0.732578 -0.308454,
	0.739004 -0.321306,
	0.751856 -0.330945,
	0.777561 -0.337371,
	0.790413 -0.337371,
	0.809691 -0.35665,
	0.81933 -0.369502,
	0.845035 -0.372715,
	0.867526 -0.350224,
	0.883592 -0.334158,
	0.886805 -0.308454,
	0.880378 -0.257045,
	0.890018 -0.154227,
	0.890018 -0.141375,
	0.890018 -0.134949,
	0.880378 -0.122096,
	0.854674 -0.109244,
	0.803265 -0.0996049,
	0.777561 -0.109244,
	0.755069 -0.134949,
	0.742217 -0.147801,
	0.713299 -0.19921,
	0.710086 -0.250619,
	0.710086 -0.253832,
	"/>
</Transform>

<Transform dim="6"
 xcoef=" 0.110007277217632 0.9978609252526 -0.00559610403119931 0 0 0"
 ycoef=" 0.189671756840436 0.000870722519327043 0.965368045057907 0 0 0">
<Contour name="d13SER" hidden="true" closed="true" simplified="true" border="0 1 0" fill="0 1 0" mode="11"
 points="2.24583 1.7684,
	2.2584 1.75898,
	2.28353 1.75898,
	2.30551 1.78096,
	2.3118 1.78724,
	2.30865 1.81237,
	2.30551 1.82494,
	2.28039 1.82808,
	2.2584 1.80923,
	2.24583 1.7841,
	2.24583 1.77154,
	"/>
<Contour name="d13SER" hidden="true" closed="true" simplified="true" border="0 1 0" fill="0 1 0" mode="11"
 points="2.33064 2.14846,
	2.33692 2.14218,
	2.33692 2.1359,
	2.35263 2.11077,
	2.37462 2.12962,
	2.38718 2.15474,
	2.39032 2.16731,
	2.3809 2.19244,
	2.35577 2.20186,
	2.33378 2.18301,
	2.33064 2.15789,
	2.33064 2.1516,
	"/>
<Contour name="d13SER" hidden="true" closed="true" simplified="true" border="0 1 0" fill="0 1 0" mode="11"
 points="2.52539 2.07622,
	2.53795 2.06994,
	2.56308 2.06994,
	2.57564 2.07936,
	2.58507 2.10449,
	2.58821 2.11705,
	2.56308 2.12019,
	2.55051 2.11391,
	2.53167 2.09192,
	2.52539 2.08564,
	2.52539 2.07936,
	"/>
<Contour name="d13SER" hidden="true" closed="true" simplified="true" border="0 1 0" fill="0 1 0" mode="11"
 points="2.51596 2.59763,
	2.52539 2.58507,
	2.53795 2.58507,
	2.54423 2.58821,
	2.54423 2.59449,
	2.55051 2.60077,
	2.55051 2.61333,
	2.54109 2.62276,
	2.52853 2.62276,
	2.5191 2.61333,
	2.51596 2.60077,
	"/>
<Contour name="d13SER" hidden="true" closed="true" simplified="true" border="0 1 0" fill="0 1 0" mode="11"
 points="2.69814 2.40289,
	2.70442 2.39032,
	2.70442 2.38404,
	2.71071 2.37776,
	2.72327 2.37776,
	2.7484 2.39974,
	2.76096 2.40603,
	2.76096 2.43116,
	2.73898 2.45314,
	2.71385 2.45628,
	2.69814 2.44058,
	2.69814 2.41545,
	2.69814 2.40603,
	"/>
</Transform>

<Transform dim="6"
 xcoef=" 0.110007277217632 0.9978609252526 -0.00559610403119931 0 0 0"
 ycoef=" 0.189671756840436 0.000870722519327043 0.965368045057907 0 0 0">
<Contour name="d13SER" hidden="true" closed="true" simplified="true" border="0 1 0" fill="0 1 0" mode="11"
 points="2.89917 2.59449,
	2.91173 2.58507,
	2.93686 2.58507,
	2.94942 2.58192,
	2.96199 2.58507,
	2.97141 2.59763,
	2.97141 2.60391,
	2.95885 2.61333,
	2.90859 2.61019,
	2.89917 2.60077,
	2.89917 2.59763,
	"/>
<Contour name="d13SER" hidden="true" closed="true" simplified="true" border="0 1 0" fill="0 1 0" mode="11"
 points="3.59019 2.35263,
	3.60904 2.3275,
	3.6216 2.31808,
	3.63417 2.32122,
	3.64359 2.33064,
	3.63731 2.35577,
	3.62475 2.36833,
	3.61218 2.37462,
	3.59962 2.37462,
	3.59019 2.36205,
	3.59019 2.35577,
	"/>
<Contour name="d13SER" hidden="true" closed="true" simplified="true" border="0 1 0" fill="0 1 0" mode="11"
 points="3.74096 2.10449,
	3.7441 2.09192,
	3.75981 2.0668,
	3.77551 2.04795,
	3.7818 2.04481,
	3.80692 2.05109,
	3.81007 2.06365,
	3.80378 2.08878,
	3.7818 2.11077,
	3.75667 2.11391,
	3.7441 2.11391,
	3.74096 2.10763,
	"/>
<Contour name="d13SER" hidden="true" closed="true" simplified="true" border="0 1 0" fill="0 1 0" mode="11"
 points="3.55878 2.00083,
	3.56507 1.99455,
	3.57763 1.99455,
	3.58391 1.99455,
	3.6059 2.0134,
	3.61218 2.01968,
	3.61218 2.03224,
	3.6059 2.03853,
	3.58077 2.03539,
	3.56821 2.0291,
	3.55878 2.01654,
	3.55878 2.00398,
	"/>
<Contour name="d13SER" hidden="true" closed="true" simplified="true" border="0 1 0" fill="0 1 0" mode="11"
 points="3.55878 1.91917,
	3.58391 1.90032,
	3.59648 1.8909,
	3.60904 1.8909,
	3.61846 1.90346,
	3.6216 1.91603,
	3.60276 1.93801,
	3.57763 1.94744,
	3.57135 1.94744,
	3.55878 1.93801,
	3.55878 1.92545,
	3.55878 1.92231,
	"/>
<Contour name="d13SER" hidden="true" closed="true" simplified="true" border="0 1 0" fill="0 1 0" mode="11"
 points="3.67186 1.56423,
	3.67814 1.56109,
	3.69071 1.57051,
	3.69385 1.5768,
	3.68128 1.58622,
	3.675 1.58622,
	3.67186 1.57365,
	3.67186 1.56737,
	"/>
<Contour name="d13SER" hidden="true" closed="true" simplified="true" border="0 1 0" fill="0 1 0" mode="11"
 points="3.28551 1.0491,
	3.2918 1.04596,
	3.34205 1.05853,
	3.36718 1.07423,
	3.3766 1.09936,
	3.37346 1.11192,
	3.36404 1.12135,
	3.35776 1.12449,
	3.33263 1.12135,
	3.3075 1.09936,
	3.28866 1.07423,
	3.28551 1.05224,
	"/>
<Contour name="d13SER" hidden="true" closed="true" simplified="true" border="0 1 0" fill="0 1 0" mode="11"
 points="3.07821 0.992565,
	3.10333 0.98,
	3.15359 0.973718,
	3.16616 0.976859,
	3.17558 0.989424,
	3.17558 0.995706,
	3.16301 1.00513,
	3.11276 1.00827,
	3.10019 1.00827,
	3.08763 1.00199,
	3.08135 1.00199,
	3.07821 0.995706,
	"/>
<Contour name="d13SER" hidden="true" closed="true" simplified="true" border="0 1 0" fill="0 1 0" mode="11"
 points="2.24583 1.06795,
	2.2584 1.06167,
	2.30865 1.05224,
	2.35891 1.0334,
	2.37148 1.02712,
	2.37776 1.02083,
	2.40289 1.01455,
	2.42801 1.01769,
	2.4343 1.01769,
	2.44058 1.03026,
	2.4343 1.05539,
	2.41545 1.07737,
	2.40289 1.0868,
	2.35263 1.09622,
	2.3275 1.10564,
	2.30237 1.10878,
	2.27724 1.10564,
	2.27096 1.10564,
	2.2584 1.09308,
	2.25212 1.08051,
	2.24583 1.07423,
	2.24583 1.07109,
	"/>
<Contour name="d13SER" hidden="true" closed="true" simplified="true" border="0 1 0" fill="0 1 0" mode="11"
 points="2.66987 1.52026,
	2.6793 1.49513,
	2.695 1.47,
	2.72013 1.46686,
	2.72641 1.46686,
	2.73269 1.47942,
	2.73269 1.49199,
	2.72013 1.51712,
	2.695 1.53282,
	2.66987 1.52654,
	2.66987 1.5234,
	"/>
<Contour name="d13SER" hidden="true" closed="true" simplified="true" border="0 1 0" fill="0 1 0" mode="11"
 points="2.79237 2.12648,
	2.79551 2.11391,
	2.82064 2.09821,
	2.83007 2.10763,
	2.82692 2.13276,
	2.81436 2.14218,
	2.8018 2.14218,
	2.79237 2.13276,
	2.79237 2.12962,
	"/>
<Contour name="d13SER" hidden="true" closed="true" simplified="true" border="0 1 0" fill="0 1 0" mode="11"
 points="3.05622 2.12962,
	3.06564 2.12019,
	3.07192 2.12019,
	3.08449 2.13276,
	3.07507 2.14218,
	3.0625 2.13904,
	3.05622 2.13276,
	"/>
<Contour name="d13SER" hidden="true" closed="true" simplified="true" border="0 1 0" fill="0 1 0" mode="11"
 points="3.52423 1.28154,
	3.54936 1.26583,
	3.57135 1.29096,
	3.57763 1.29724,
	3.57449 1.30981,
	3.54936 1.31295,
	3.52737 1.29724,
	3.52423 1.28468,
	"/>
<Contour name="d13SER" hidden="true" closed="true" simplified="true" border="0 1 0" fill="0 1 0" mode="11"
 points="3.33891 1.51083,
	3.36404 1.50769,
	3.3766 1.51083,
	3.38289 1.51083,
	3.39545 1.5234,
	3.39859 1.52968,
	3.38603 1.5391,
	3.3609 1.5391,
	3.34833 1.53596,
	3.33891 1.52654,
	3.33891 1.51398,
	"/>
<Contour name="d13SER" hidden="true" closed="true" simplified="true" border="0 1 0" fill="0 1 0" mode="11"
 points="2.23641 1.30039,
	2.24898 1.2941,
	2.2741 1.2941,
	2.28667 1.2941,
	2.29923 1.31923,
	2.30237 1.32551,
	2.29295 1.33494,
	2.26782 1.33808,
	2.26154 1.33808,
	2.25526 1.3318,
	2.24898 1.3318,
	2.23955 1.31923,
	2.23641 1.30667,
	2.23641 1.30353,
	"/>
</Transform>

<Transform dim="6"
 xcoef=" 0.110007277217632 0.9978609252526 -0.00559610403119931 0 0 0"
 ycoef=" 0.189671756840436 0.000870722519327043 0.965368045057907 0 0 0">
<Contour name="d13SER" hidden="true" closed="true" simplified="true" border="0 1 0" fill="0 1 0" mode="11"
 points="3.40487 1.73071,
	3.41744 1.71814,
	3.43 1.715,
	3.45513 1.72128,
	3.45827 1.72756,
	3.45199 1.74013,
	3.42686 1.74955,
	3.4143 1.74641,
	3.40487 1.73699,
	3.40487 1.73385,
	"/>
</Transform>

<Transform dim="6"
 xcoef=" 0.110007277217632 0.9978609252526 -0.00559610403119931 0 0 0"
 ycoef=" 0.189671756840436 0.000870722519327043 0.965368045057907 0 0 0">
<Contour name="d13SER" hidden="true" closed="true" simplified="true" border="0 1 0" fill="0 1 0" mode="11"
 points="2.45 1.95058,
	2.45942 1.93801,
	2.47199 1.93801,
	2.47827 1.93801,
	2.48769 1.95058,
	2.48455 1.96314,
	2.48455 1.96942,
	2.47199 1.97885,
	2.45942 1.97885,
	2.45 1.96942,
	2.45 1.95686,
	2.45 1.95372,
	"/>
</Transform>

<Transform dim="6"
 xcoef=" 0.110007277217632 0.9978609252526 -0.00559610403119931 0 0 0"
 ycoef=" 0.189671756840436 0.000870722519327043 0.965368045057907 0 0 0">
<Contour name="d13SER" hidden="true" closed="true" simplified="true" border="0 1 0" fill="0 1 0" mode="11"
 points="0.870065 0.511987,
	0.895193 0.496282,
	0.904616 0.49,
	0.910898 0.515128,
	0.914039 0.527693,
	0.904616 0.540257,
	0.892052 0.543398,
	0.879488 0.540257,
	0.870065 0.530834,
	0.870065 0.518269,
	0.870065 0.515128,
	"/>
<Contour name="d13SER" hidden="true" closed="true" simplified="true" border="0 1 0" fill="0 1 0" mode="11"
 points="1.47942 0.565385,
	1.49827 0.546539,
	1.5234 0.546539,
	1.52968 0.546539,
	1.5391 0.571667,
	1.51712 0.593654,
	1.49199 0.590513,
	1.47942 0.584231,
	1.47942 0.571667,
	1.47942 0.568526,
	"/>
<Contour name="d13SER" hidden="true" closed="true" simplified="true" border="0 1 0" fill="0 1 0" mode="11"
 points="1.51083 1.02397,
	1.52026 1.01455,
	1.54539 1.01141,
	1.55795 1.00199,
	1.56109 1.01455,
	1.54539 1.03968,
	1.5391 1.04596,
	1.51398 1.04282,
	1.51083 1.03026,
	1.51083 1.02712,
	"/>
</Transform>

<Transform dim="6"
 xcoef=" 0.110007277217632 0.9978609252526 -0.00559610403119931 0 0 0"
 ycoef=" 0.189671756840436 0.000870722519327043 0.965368045057907 0 0 0">
<Contour name="d01SER" hidden="true" closed="true" simplified="true" border="0 1 0" fill="0 1 0" mode="11"
 points="4.38616 3.46261,
	4.39774 3.45392,
	4.4209 3.45103,
	4.43248 3.45103,
	4.45565 3.44234,
	4.46144 3.44234,
	4.46723 3.44813,
	4.46433 3.45971,
	4.44406 3.47419,
	4.39774 3.47708,
	4.38616 3.4684,
	4.38616 3.4655,
	"/>
<Contour name="d01SER" hidden="true" closed="true" simplified="true" border="0 1 0" fill="0 1 0" mode="11"
 points="4.0619 3.55236,
	4.0648 3.54078,
	4.07059 3.53788,
	4.08217 3.54657,
	4.09086 3.56973,
	4.09086 3.59289,
	4.08796 3.60447,
	4.07928 3.61315,
	4.07348 3.61315,
	4.0648 3.60157,
	4.0619 3.55525,
	"/>
<Contour name="d01SER" hidden="true" closed="true" simplified="true" border="0 1 0" fill="0 1 0" mode="11"
 points="4.49907 3.77528,
	4.51065 3.7637,
	4.53381 3.75502,
	4.55698 3.75212,
	4.56856 3.75502,
	4.55119 3.77818,
	4.52802 3.79265,
	4.50486 3.78976,
	4.49907 3.78397,
	4.49907 3.77818,
	"/>
</Transform>

<Transform dim="6"
 xcoef=" 0.110007277217632 0.9978609252526 -0.00559610403119931 0 0 0"
 ycoef=" 0.189671756840436 0.000870722519327043 0.965368045057907 0 0 0">
<Contour name="d01SER" hidden="true" closed="true" simplified="true" border="0 1 0" fill="0 1 0" mode="11"
 points="4.1835 3.74344,
	4.20377 3.72896,
	4.20956 3.72317,
	4.23272 3.72607,
	4.2443 3.72607,
	4.25009 3.73186,
	4.26167 3.73475,
	4.28483 3.75212,
	4.3022 3.7666,
	4.29062 3.77528,
	4.28773 3.77818,
	4.26457 3.76949,
	4.25298 3.76081,
	4.22982 3.76081,
	4.20666 3.76949,
	4.19508 3.76949,
	4.1835 3.75791,
	4.1835 3.74633,
	"/>
</Transform>

<Transform dim="6"
 xcoef=" 0.110007277217632 0.9978609252526 -0.00559610403119931 0 0 0"
 ycoef=" 0.189671756840436 0.000870722519327043 0.965368045057907 0 0 0">
<Contour name="d01SER" hidden="true" closed="true" simplified="true" border="0 1 0" fill="0 1 0" mode="11"
 points="4.35142 3.65658,
	4.35721 3.65079,
	4.38037 3.65079,
	4.38616 3.65079,
	4.38906 3.66237,
	4.38616 3.67395,
	4.38616 3.67974,
	4.38037 3.68264,
	4.36879 3.67974,
	4.35721 3.67106,
	4.35142 3.66527,
	4.35142 3.65948,
	"/>
</Transform>

<Transform dim="6"
 xcoef=" 0.110007277217632 0.9978609252526 -0.00559610403119931 0 0 0"
 ycoef=" 0.189671756840436 0.000870722519327043 0.965368045057907 0 0 0">
<Contour name="d01SER" hidden="true" closed="true" simplified="true" border="0 1 0" fill="0 1 0" mode="11"
 points="4.16902 2.72145,
	4.17192 2.69829,
	4.17482 2.6867,
	4.1864 2.67512,
	4.19798 2.67512,
	4.20956 2.68381,
	4.21824 2.70697,
	4.21824 2.73013,
	4.22693 2.72145,
	4.22982 2.70987,
	4.22693 2.66354,
	4.22693 2.65196,
	4.22693 2.64617,
	4.25009 2.62591,
	4.25588 2.62012,
	4.27904 2.62012,
	4.3022 2.62591,
	4.30799 2.64907,
	4.3051 2.67223,
	4.27904 2.71855,
	4.27036 2.76487,
	4.26746 2.78804,
	4.25877 2.79672,
	4.23561 2.78804,
	4.22403 2.8112,
	4.22114 2.81699,
	4.19798 2.81409,
	4.1835 2.79383,
	4.17482 2.78225,
	4.16902 2.75908,
	4.16902 2.73592,
	4.16902 2.72434,
	"/>
</Transform>

<Transform dim="6"
 xcoef=" 0.110007277217632 0.9978609252526 -0.00559610403119931 0 0 0"
 ycoef=" 0.189671756840436 0.000870722519327043 0.965368045057907 0 0 0">
<Contour name="d01SERp06" hidden="true" closed="true" simplified="true" border="0 1 0" fill="0 1 0" mode="11"
 points="4.15902 2.72145,
	4.16192 2.69829,
	4.16482 2.6867,
	4.1764 2.67512,
	4.18798 2.67512,
	4.19956 2.68381,
	4.20824 2.70697,
	4.20824 2.73013,
	4.21693 2.72145,
	4.21982 2.70987,
	4.21693 2.66354,
	4.21693 2.65196,
	4.21693 2.64617,
	4.24009 2.62591,
	4.24588 2.62012,
	4.26904 2.62012,
	4.2922 2.62591,
	4.29799 2.64907,
	4.2951 2.67223,
	4.26904 2.71855,
	4.26036 2.76487,
	4.25746 2.78804,
	4.24877 2.79672,
	4.22561 2.78804,
	4.21403 2.8112,
	4.21114 2.81699,
	4.18798 2.81409,
	4.1735 2.79383,
	4.16482 2.78225,
	4.15902 2.75908,
	4.15902 2.73592,
	4.15902 2.72434,
	"/>
</Transform>

<Transform dim="6"
 xcoef=" 0.110007277217632 0.9978609252526 -0.00559610403119931 0 0 0"
 ycoef=" 0.189671756840436 0.000870722519327043 0.965368045057907 0 0 0">
<Contour name="mito04_MW_KH(fixed)" hidden="true" closed="false" simplified="false" border="1 0 0" fill="1 0 0" mode="-9"
 points="1.78718 2.24827,
	1.94391 2.10058,
	"/>
</Transform>

<Transform dim="0"
 xcoef=" 0 1 0 0 0 0"
 ycoef=" 0 0 1 0 0 0">
<Contour name="d01p05" hidden="true" closed="true" simplified="false" border="1 0 0" fill="1 0 0" mode="-13"
 points="4.5185 3.61707,
	4.54643 3.61707,
	4.53247 3.64268,
	"/>
</Transform>

<Transform dim="6"
 xcoef=" 0.703276928331661 0.891512441155248 0.0550301346510544 0 0 0"
 ycoef=" 1.28340805763667 -0.0682543270270088 0.985894076988831 0 0 0">
<Image mag="0.00220626" contrast="1.1025" brightness="-0.285" red="true" green="true" blue="true"
 src="FPNCT.38.jpg" />
<Contour name="domain1" hidden="false" closed="true" simplified="false" border="1 0 1" fill="1 0 1" mode="11"
 points="0 0,
	4096 0,
	4096 4096,
	0 4096,
	"/>
</Transform>

<Transform dim="0"
 xcoef=" 0 1 0 0 0 0"
 ycoef=" 0 0 1 0 0 0">
<Contour name="d01sa06" hidden="true" closed="true" simplified="false" border="1 0 0" fill="1 0 0" mode="11"
 points="4.20104 2.63834,
	4.20104 2.62452,
	4.21486 2.62452,
	4.21486 2.6107,
	4.22868 2.6107,
	4.22868 2.62452,
	4.2425 2.62452,
	4.2425 2.63834,
	4.22868 2.63834,
	4.22868 2.65215,
	4.21486 2.65215,
	4.21486 2.63834,
	"/>
</Transform>

<Transform dim="1"
 xcoef=" 0.01 1 0 0 0 0"
 ycoef=" 0 0 1 0 0 0">
<Contour name="d01_cl02_syn_symm" hidden="true" closed="true" simplified="true" border="1 1 0" fill="1 1 0" mode="11"
 points="3.94427 3.37096,
	3.94605 3.36347,
	3.95144 3.35598,
	3.96586 3.34849,
	3.99479 3.34285,
	4.02375 3.34282,
	4.03822 3.34094,
	4.04545 3.34093,
	4.05267 3.33718,
	4.05987 3.3297,
	4.06885 3.3166,
	4.08144 3.30349,
	4.08865 3.29973,
	4.09589 3.29973,
	4.11034 3.29411,
	4.13928 3.29221,
	4.15374 3.28846,
	4.18269 3.28843,
	4.21171 3.29776,
	4.24069 3.30335,
	4.25519 3.30707,
	4.26245 3.31081,
	4.29142 3.31452,
	4.30593 3.32012,
	4.3132 3.32573,
	4.32046 3.32759,
	4.33498 3.33693,
	4.39301 3.35745,
	4.40753 3.36679,
	4.42579 3.39483,
	4.43492 3.40979,
	4.43678 3.41727,
	4.44591 3.43223,
	4.44593 3.43597,
	4.44957 3.43971,
	4.45879 3.46963,
	4.46063 3.47711,
	4.48792 3.5014,
	4.50798 3.52944,
	4.52073 3.54253,
	4.52619 3.55,
	4.54071 3.55748,
	4.54797 3.56121,
	4.55159 3.56121,
	4.55524 3.56494,
	4.58423 3.5724,
	4.59873 3.57613,
	4.60235 3.57613,
	4.60599 3.57987,
	4.63495 3.5817,
	4.64944 3.58357,
	4.66218 3.59665,
	4.67131 3.60973,
	4.67319 3.6247,
	4.67147 3.63966,
	4.6679 3.64715,
	4.65347 3.65652,
	4.64627 3.66213,
	4.61736 3.67151,
	4.5884 3.67154,
	4.58117 3.67154,
	4.55413 3.69027,
	4.54691 3.69402,
	4.53795 3.709,
	4.52534 3.72023,
	4.49644 3.73148,
	4.46759 3.74834,
	4.44603 3.77642,
	4.42809 3.8045,
	4.4137 3.81947,
	4.38667 3.84008,
	4.38487 3.84382,
	4.38125 3.84382,
	4.36683 3.85319,
	4.3596 3.85506,
	4.3524 3.86068,
	4.29459 3.87944,
	4.29097 3.87944,
	4.28737 3.88319,
	4.25846 3.89069,
	4.22951 3.89259,
	4.20061 3.90197,
	4.17167 3.90386,
	4.15717 3.90014,
	4.14445 3.8908,
	4.14083 3.8908,
	4.1281 3.87959,
	4.11359 3.87399,
	4.08989 3.84409,
	4.08076 3.82913,
	4.07712 3.82539,
	4.07523 3.81042,
	4.07519 3.80294,
	4.07697 3.7992,
	4.06759 3.73935,
	4.06395 3.73561,
	4.06025 3.72065,
	4.05293 3.70569,
	4.05107 3.69821,
	4.0456 3.69073,
	4.04375 3.68326,
	4.03828 3.67577,
	4.03644 3.66829,
	4.02731 3.65521,
	4.01628 3.62529,
	4.00896 3.61033,
	3.99622 3.59725,
	3.9871 3.58416,
	3.98344 3.57669,
	3.9834 3.5692,
	3.98338 3.56546,
	3.9779 3.55798,
	3.976 3.54302,
	3.9705 3.52805,
	3.96864 3.52058,
	3.965 3.51684,
	3.96498 3.5131,
	3.95585 3.49814,
	3.95395 3.48317,
	3.95391 3.4757,
	3.95027 3.47196,
	3.9445 3.4121,
	3.94434 3.38218,
	3.9443 3.3747,
	3.94428 3.37282,
	"/>
</Transform>

<Transform dim="0"
 xcoef=" 0 1 0 0 0 0"
 ycoef=" 0 0 1 0 0 0">
<Contour name="d01" hidden="true" closed="true" simplified="true" border="1 1 0" fill="1 1 0" mode="11"
 points="3.94426 3.37098,
	3.94679 3.36287,
	3.95237 3.35526,
	3.96048 3.35121,
	3.96454 3.34918,
	3.98076 3.34563,
	3.99698 3.3431,
	4.02943 3.34208,
	4.03754 3.34107,
	4.04565 3.34107,
	4.05376 3.336,
	4.06137 3.32789,
	4.06694 3.31978,
	4.06998 3.31572,
	4.07759 3.30761,
	4.08164 3.30355,
	4.0857 3.30102,
	4.08976 3.2995,
	4.09381 3.2995,
	4.09584 3.2995,
	4.10395 3.29646,
	4.10801 3.29493,
	4.11003 3.29392,
	4.12626 3.29291,
	4.13437 3.29291,
	4.15059 3.28936,
	4.15465 3.28834,
	4.17087 3.28834,
	4.17898 3.28834,
	4.18304 3.28834,
	4.19926 3.29392,
	4.20737 3.29646,
	4.21143 3.29798,
	4.24387 3.30457,
	4.25198 3.3066,
	4.25604 3.30761,
	4.2601 3.30964,
	4.26212 3.31065,
	4.27835 3.31268,
	4.29457 3.31572,
	4.30268 3.31927,
	4.30674 3.32079,
	4.31485 3.32637,
	4.3189 3.32687,
	4.32296 3.3289,
	4.33107 3.33448,
	4.33513 3.33701,
	4.36757 3.34817,
	4.3838 3.35425,
	4.39191 3.35678,
	4.40813 3.36743,
	4.42892 3.39988,
	4.43398 3.40799,
	4.43652 3.4161,
	4.44615 3.43232,
	4.44666 3.43638,
	4.4497 3.44043,
	4.45984 3.47288,
	4.46085 3.47694,
	4.47708 3.49164,
	4.48519 3.49873,
	4.49178 3.50685,
	4.50344 3.52307,
	4.50597 3.52712,
	4.52118 3.54335,
	4.52777 3.55095,
	4.53588 3.55501,
	4.53994 3.55704,
	4.54197 3.55805,
	4.54248 3.55856,
	4.5445 3.56058,
	4.54805 3.57681,
	4.54907 3.58492,
	4.54907 3.58695,
	4.55008 3.58897,
	4.5516 3.6052,
	4.55211 3.62142,
	4.55109 3.65387,
	4.54907 3.67009,
	4.54602 3.68631,
	4.54349 3.69442,
	4.54248 3.69848,
	4.54197 3.70051,
	4.54197 3.70101,
	4.53588 3.71115,
	4.52777 3.71825,
	4.52372 3.72079,
	4.50749 3.72738,
	4.49938 3.73042,
	4.49533 3.73194,
	4.4791 3.74157,
	4.47099 3.74613,
	4.46694 3.74867,
	4.44311 3.78111,
	4.43246 3.79734,
	4.42689 3.80545,
	4.41168 3.82116,
	4.39546 3.83333,
	4.38734 3.83942,
	4.38532 3.84347,
	4.38126 3.84398,
	4.37315 3.84905,
	4.36909 3.85158,
	4.36707 3.8531,
	4.35895 3.85564,
	4.35084 3.86121,
	4.3184 3.87186,
	4.30217 3.87693,
	4.29406 3.87947,
	4.29203 3.87947,
	4.29102 3.87947,
	4.28697 3.88301,
	4.27074 3.88758,
	4.25452 3.89113,
	4.2383 3.89214,
	4.23018 3.89265,
	4.21396 3.89772,
	4.20585 3.90025,
	4.18963 3.90279,
	4.1734 3.9038,
	4.15718 3.90025,
	4.14907 3.89417,
	4.14501 3.89113,
	4.14096 3.89062,
	4.13285 3.88352,
	4.12879 3.87997,
	4.12068 3.87642,
	4.11662 3.8749,
	4.1146 3.8744,
	4.08874 3.84246,
	4.0781 3.82623,
	4.07708 3.82522,
	4.07505 3.809,
	4.07505 3.80494,
	4.07505 3.80291,
	4.07708 3.79886,
	4.07201 3.76641,
	4.06897 3.75019,
	4.06796 3.74208,
	4.06745 3.74005,
	4.06441 3.73599,
	4.05984 3.71977,
	4.05224 3.70355,
	4.05173 3.69949,
	4.04616 3.69138,
	4.04362 3.68327,
	4.03805 3.67516,
	4.03602 3.66705,
	4.02993 3.65894,
	4.0274 3.65488,
	4.01472 3.62243,
	4.01118 3.61432,
	4.00915 3.61027,
	4.00104 3.60216,
	3.99698 3.5981,
	3.9909 3.58999,
	3.98583 3.58188,
	3.9838 3.57782,
	3.98329 3.56971,
	3.98329 3.56565,
	3.97772 3.55754,
	3.9767 3.54943,
	3.9767 3.54538,
	3.97113 3.52915,
	3.96859 3.52104,
	3.96504 3.51699,
	3.96504 3.51293,
	3.95997 3.50482,
	3.95744 3.50076,
	3.95592 3.49671,
	3.9544 3.4886,
	3.95389 3.48048,
	3.95389 3.47643,
	3.95085 3.47237,
	3.94933 3.46426,
	3.94628 3.43182,
	3.94476 3.41559,
	3.94426 3.38315,
	3.94426 3.37504,
	3.94426 3.37149,
	"/>
</Transform>

<Transform dim="0"
 xcoef=" 0 1 0 0 0 0"
 ycoef=" 0 0 1 0 0 0">
<Contour name="d01_sp05" hidden="true" closed="true" simplified="true" border="1 1 0" fill="1 1 0" mode="11"
 points="4.53383 3.70226,
	4.54172 3.68167,
	4.54316 3.67652,
	4.54413 3.67137,
	4.54461 3.67008,
	4.54574 3.65979,
	4.54622 3.65464,
	4.54654 3.64434,
	4.54654 3.63405,
	4.54606 3.62375,
	4.54509 3.6186,
	4.54477 3.61603,
	4.54397 3.61346,
	4.54381 3.61217,
	4.54236 3.60702,
	4.5422 3.60573,
	4.54139 3.60316,
	4.53962 3.59286,
	4.53914 3.59029,
	4.53834 3.57999,
	4.53785 3.5697,
	4.53769 3.56455,
	4.53802 3.56198,
	4.53802 3.56069,
	4.5385 3.5594,
	4.53882 3.55876,
	4.54011 3.55811,
	4.54268 3.55763,
	4.54526 3.55747,
	4.54783 3.55763,
	4.5504 3.55876,
	4.55169 3.5594,
	4.55684 3.56358,
	4.55941 3.56568,
	4.5607 3.56648,
	4.571 3.56905,
	4.57357 3.5697,
	4.57486 3.5697,
	4.57743 3.57034,
	4.58 3.57066,
	4.58129 3.57066,
	4.58644 3.57211,
	4.58901 3.57292,
	4.59416 3.57324,
	4.59674 3.57388,
	4.59738 3.57388,
	4.59995 3.57468,
	4.60253 3.57517,
	4.60381 3.57565,
	4.60896 3.57613,
	4.61411 3.57581,
	4.61926 3.57501,
	4.62183 3.57452,
	4.62312 3.57404,
	4.63342 3.57243,
	4.63856 3.57179,
	4.64886 3.57163,
	4.65143 3.57179,
	4.65658 3.57275,
	4.65916 3.57324,
	4.6643 3.57517,
	4.66688 3.57662,
	4.66945 3.57855,
	4.67203 3.58096,
	4.67331 3.58225,
	4.67396 3.58289,
	4.67573 3.58546,
	4.67782 3.59061,
	4.67862 3.59319,
	4.6791 3.59447,
	4.68007 3.59962,
	4.68071 3.60219,
	4.68104 3.60348,
	4.68136 3.60863,
	4.68152 3.6112,
	4.68071 3.6215,
	4.68023 3.62665,
	4.68007 3.62794,
	4.67975 3.62858,
	4.67959 3.62987,
	4.67878 3.63244,
	4.67653 3.63759,
	4.6754 3.64016,
	4.67492 3.64145,
	4.67299 3.64402,
	4.67235 3.64467,
	4.6709 3.64724,
	4.66913 3.64981,
	4.66704 3.65239,
	4.66463 3.6548,
	4.66398 3.65545,
	4.66366 3.65545,
	4.66109 3.65754,
	4.65851 3.65931,
	4.65336 3.66172,
	4.65079 3.66285,
	4.6495 3.66317,
	4.64886 3.66333,
	4.64757 3.66413,
	4.64629 3.66462,
	4.64564 3.66478,
	4.645 3.66526,
	4.64242 3.66606,
	4.64178 3.66655,
	4.64114 3.66671,
	4.64049 3.66719,
	4.63535 3.6688,
	4.6302 3.66992,
	4.62505 3.67073,
	4.62248 3.67089,
	4.62119 3.67121,
	4.6199 3.67105,
	4.61926 3.67105,
	4.61797 3.67169,
	4.59738 3.67169,
	4.58708 3.67169,
	4.58194 3.67282,
	4.57936 3.6733,
	4.57807 3.67379,
	4.55748 3.6881,
	4.55619 3.68907,
	4.55105 3.6918,
	4.5504 3.69213,
	4.54735 3.69727,
	4.54654 3.69856,
	4.54526 3.69985,
	4.54509 3.70049,
	4.543 3.70306,
	4.54204 3.70435,
	4.54172 3.705,
	4.53689 3.71014,
	4.53576 3.71143,
	4.53544 3.71159,
	4.53432 3.71063,
	4.53399 3.70934,
	4.53383 3.70419,
	4.53383 3.7029,
	4.53383 3.70242,
	"/>
</Transform>

<Transform dim="0"
 xcoef=" 0 1 0 0 0 0"
 ycoef=" 0 0 1 0 0 0">
<Contour name="d01_sp06" hidden="true" closed="true" simplified="true" border="1 1 0" fill="1 1 0" mode="11"
 points="4.01403 2.57962,
	4.01757 2.56466,
	4.03188 2.53471,
	4.04266 2.51974,
	4.07151 2.50101,
	4.09853 2.47854,
	4.09851 2.4748,
	4.12189 2.45045,
	4.15077 2.43546,
	4.17969 2.42983,
	4.20865 2.43167,
	4.22316 2.43539,
	4.22677 2.43539,
	4.24133 2.44847,
	4.25958 2.47839,
	4.26323 2.48213,
	4.26325 2.48587,
	4.26872 2.49334,
	4.27432 2.52327,
	4.27087 2.5532,
	4.27465 2.58312,
	4.27302 2.61306,
	4.27129 2.62802,
	4.26771 2.63552,
	4.2608 2.69537,
	4.25908 2.71034,
	4.2502 2.74028,
	4.2377 2.77023,
	4.23055 2.78519,
	4.21794 2.7983,
	4.1602 2.82641,
	4.13124 2.82456,
	4.11673 2.82083,
	4.1022 2.81149,
	4.09309 2.80028,
	4.08581 2.79281,
	4.07668 2.77785,
	4.07304 2.77411,
	4.07302 2.77038,
	4.05296 2.74233,
	4.04749 2.73486,
	4.04563 2.72737,
	4.04199 2.72363,
	4.02356 2.66379,
	4.0199 2.65631,
	4.0143 2.62639,
	4.01413 2.59645,
	4.01405 2.5815,
	"/>
</Transform>

</Section>