<?xml version="1.0"?>
<!DOCTYPE Section SYSTEM "section.dtd">

<Section index="22" thickness="0.048" alignLocked="false">
<Transform dim="6"
 xcoef=" 0.0925077492284508 0.998543026644729 -0.0100712961618164 0 0 0"
 ycoef=" 0.224452645116536 -0.00237123459751437 0.975240597849761 0 0 0">
<Contour name="mito2" hidden="true" closed="false" simplified="true" border="1 0.5 0" fill="1 0.5 0" mode="13"
 points="8.23408 5.05227,
	8.42464 5.01472,
	"/>
</Transform>

<Transform dim="6"
 xcoef=" -0.177492250771548 0.998543026644729 -0.0100712961618164 0 0 0"
 ycoef=" -0.0755473548834642 -0.00237123459751437 0.975240597849761 0 0 0">
<Contour name="D04_high_caliber" hidden="true" closed="true" simplified="true" border="1 0 0" fill="1 0 0" mode="13"
 points="1.48509 3.96394,
	1.49282 3.91173,
	1.51566 3.86197,
	1.55253 3.81697,
	1.60172 3.77885,
	1.66092 3.74938,
	1.72737 3.72994,
	1.79795 3.72145,
	1.86937 3.72429,
	1.93829 3.73834,
	2.00148 3.76294,
	2.05599 3.79693,
	2.09928 3.83874,
	2.12931 3.88639,
	2.14469 3.93768,
	2.14469 3.99019,
	2.12931 4.04148,
	2.09928 4.08913,
	2.05599 4.13094,
	2.00148 4.16493,
	1.93829 4.18953,
	1.86937 4.20358,
	1.79795 4.20642,
	1.72737 4.19793,
	1.66092 4.17849,
	1.60172 4.14902,
	1.55253 4.1109,
	1.51566 4.0659,
	"/>
</Transform>

<Transform dim="6"
 xcoef=" 0.0925077492284508 0.998543026644729 -0.0100712961618164 0 0 0"
 ycoef=" 0.224452645116536 -0.00237123459751437 0.975240597849761 0 0 0">
<Contour name="D06_mid-caliber" hidden="true" closed="true" simplified="true" border="0 0 1" fill="0 0 1" mode="9"
 points="6.3912 7.6708,
	6.39535 7.62803,
	6.40762 7.58714,
	6.42746 7.5499,
	6.45402 7.51794,
	6.48614 7.49266,
	6.5224 7.47517,
	6.56123 7.46623,
	6.60092 7.46623,
	6.63975 7.47517,
	6.67601 7.49266,
	6.70812 7.51794,
	6.73468 7.5499,
	6.75453 7.58714,
	6.7668 7.62803,
	6.77094 7.6708,
	6.7668 7.71357,
	6.75453 7.75446,
	6.73468 7.79171,
	6.70812 7.82366,
	6.67601 7.84894,
	6.63975 7.86643,
	6.60092 7.87537,
	6.56123 7.87537,
	6.5224 7.86643,
	6.48614 7.84894,
	6.45402 7.82366,
	6.42746 7.79171,
	6.40762 7.75446,
	6.39535 7.71357,
	"/>
</Transform>

<Transform dim="6"
 xcoef=" 0.0925077492284508 0.998543026644729 -0.0100712961618164 0 0 0"
 ycoef=" 0.224452645116536 -0.00237123459751437 0.975240597849761 0 0 0">
<Contour name="D07_noSymmetric" hidden="true" closed="true" simplified="true" border="1 0 1" fill="1 0 1" mode="9"
 points="5.28994 6.95878,
	5.29908 6.92162,
	5.3256 6.8881,
	5.36691 6.8615,
	5.41896 6.84441,
	5.47665 6.83853,
	5.53435 6.84441,
	5.5864 6.8615,
	5.6277 6.8881,
	5.65422 6.92162,
	5.66336 6.95878,
	5.65422 6.99594,
	5.6277 7.02946,
	5.5864 7.05607,
	5.53435 7.07315,
	5.47665 7.07903,
	5.41896 7.07315,
	5.36691 7.05607,
	5.3256 7.02946,
	"/>
</Transform>

<Transform dim="6"
 xcoef=" 0.0925077492284508 0.998543026644729 -0.0100712961618164 0 0 0"
 ycoef=" 0.224452645116536 -0.00237123459751437 0.975240597849761 0 0 0">
<Contour name="D08" hidden="true" closed="true" simplified="true" border="1 0 0" fill="1 0 0" mode="9"
 points="6.79816 3.42342,
	6.80336 3.36215,
	6.81847 3.30689,
	6.84201 3.26303,
	6.87166 3.23487,
	6.90453 3.22517,
	6.93741 3.23487,
	6.96706 3.26303,
	6.9906 3.30689,
	7.00571 3.36215,
	7.01091 3.42342,
	7.00571 3.48468,
	6.9906 3.53994,
	6.96706 3.5838,
	6.93741 3.61196,
	6.90453 3.62166,
	6.87166 3.61196,
	6.84201 3.5838,
	6.81847 3.53994,
	"/>
</Transform>

<Transform dim="6"
 xcoef=" 0.0925077492284508 0.998543026644729 -0.0100712961618164 0 0 0"
 ycoef=" 0.224452645116536 -0.00237123459751437 0.975240597849761 0 0 0">
<Contour name="mito JB13" hidden="true" closed="false" simplified="true" border="1 0.5 0" fill="1 0.5 0" mode="9"
 points="4.82112 7.79702,
	5.08405 7.76264,
	"/>
</Transform>

<Transform dim="6"
 xcoef=" -0.0774922507715485 0.998543026644729 -0.0100712961618164 0 0 0"
 ycoef=" 0.0644526451165361 -0.00237123459751437 0.975240597849761 0 0 0">
<Contour name="D13_high caliber" hidden="true" closed="true" simplified="true" border="0.5 0 1" fill="0.5 0 1" mode="9"
 points="2.63438 1.83344,
	2.64248 1.75517,
	2.66636 1.68083,
	2.70483 1.61414,
	2.75596 1.55845,
	2.81718 1.51654,
	2.88543 1.49053,
	2.95728 1.48171,
	3.02913 1.49053,
	3.09737 1.51654,
	3.1586 1.55845,
	3.20972 1.61414,
	3.24819 1.68083,
	3.27207 1.75517,
	3.28017 1.83344,
	3.27207 1.9117,
	3.24819 1.98604,
	3.20972 2.05273,
	3.1586 2.10842,
	3.09737 2.15033,
	3.02913 2.17634,
	2.95728 2.18516,
	2.88543 2.17634,
	2.81718 2.15033,
	2.75596 2.10842,
	2.70483 2.05273,
	2.66636 1.98604,
	"/>
<Contour name="D12_high Caliber" hidden="true" closed="true" simplified="true" border="1 0.5 0" fill="1 0.5 0" mode="9"
 points="4.93362 5.94034,
	4.94389 5.85587,
	4.97389 5.77824,
	5.02118 5.71375,
	5.08193 5.66761,
	5.15121 5.64357,
	5.22342 5.64357,
	5.29271 5.66761,
	5.35346 5.71375,
	5.40074 5.77824,
	5.43074 5.85587,
	5.44102 5.94034,
	5.43074 6.02482,
	5.40074 6.10244,
	5.35346 6.16694,
	5.29271 6.21308,
	5.22342 6.23712,
	5.15121 6.23712,
	5.08193 6.21308,
	5.02118 6.16694,
	4.97389 6.10244,
	4.94389 6.02482,
	"/>
</Transform>

<Transform dim="6"
 xcoef=" 0.0925077492284508 0.998543026644729 -0.0100712961618164 0 0 0"
 ycoef=" 0.224452645116536 -0.00237123459751437 0.975240597849761 0 0 0">
<Contour name="d13" hidden="true" closed="true" simplified="true" border="1 1 0" fill="1 1 0" mode="11"
 points="3.21129 3.75568,
	3.27887 3.67559,
	3.28262 3.59549,
	3.28262 3.59299,
	3.36272 3.52666,
	3.38274 3.50914,
	3.42279 3.47785,
	3.44281 3.47035,
	3.45283 3.46784,
	3.45533 3.46659,
	3.46534 3.47535,
	3.47035 3.48036,
	3.47285 3.48286,
	3.46909 3.64305,
	3.46909 3.66307,
	3.45408 3.70312,
	3.44532 3.72314,
	3.4328 3.74317,
	3.42654 3.75318,
	3.42279 3.75819,
	3.40277 3.76695,
	3.36272 3.77821,
	3.35271 3.78071,
	3.33268 3.79448,
	3.31266 3.80449,
	3.29264 3.812,
	3.25259 3.8095,
	3.2213 3.76945,
	3.21379 3.75944,
	3.21254 3.75693,
	"/>
</Transform>

<Transform dim="6"
 xcoef=" 0.0925077492284508 0.998543026644729 -0.0100712961618164 0 0 0"
 ycoef=" 0.224452645116536 -0.00237123459751437 0.975240597849761 0 0 0">
<Contour name="d13" hidden="true" closed="true" simplified="true" border="1 1 0" fill="1 1 0" mode="11"
 points="3.70297 3.11119,
	3.73568 3.10097,
	3.73977 3.09995,
	3.77248 3.11119,
	3.80518 3.13368,
	3.81336 3.13981,
	3.81745 3.14186,
	3.85015 3.13879,
	3.86651 3.13777,
	3.87468 3.13675,
	3.90739 3.13879,
	3.9401 3.14288,
	3.94418 3.14288,
	3.94521 3.17558,
	3.94418 3.19194,
	3.92987 3.22464,
	3.90432 3.25735,
	3.87162 3.27984,
	3.85526 3.29006,
	3.82256 3.30437,
	3.81438 3.30948,
	3.81029 3.31152,
	3.79394 3.30641,
	3.78985 3.30539,
	3.7551 3.23997,
	3.73466 3.20727,
	3.72648 3.19909,
	3.72239 3.195,
	3.71217 3.1623,
	3.70706 3.14594,
	3.70502 3.13777,
	3.704 3.12141,
	3.70297 3.11324,
	3.70297 3.11222,
	"/>
</Transform>

<Transform dim="6"
 xcoef=" 0.0925077492284508 0.998543026644729 -0.0100712961618164 0 0 0"
 ycoef=" 0.224452645116536 -0.00237123459751437 0.975240597849761 0 0 0">
<Contour name="d13" hidden="true" closed="true" simplified="true" border="1 1 0" fill="1 1 0" mode="11"
 points="4.59419 2.91976,
	4.59784 2.89054,
	4.62706 2.83211,
	4.63801 2.8175,
	4.69645 2.80472,
	4.72566 2.79924,
	4.74027 2.79559,
	4.7987 2.76637,
	4.82792 2.74994,
	4.85713 2.72803,
	4.87174 2.71707,
	4.87905 2.70977,
	4.89365 2.70429,
	4.90826 2.70247,
	4.91556 2.70247,
	4.92287 2.69881,
	4.92652 2.70247,
	4.93017 2.70247,
	4.95756 2.73168,
	4.96304 2.74629,
	4.97582 2.7609,
	4.98495 2.7755,
	4.99408 2.83394,
	4.99591 2.86315,
	4.99773 2.87776,
	4.99226 2.89237,
	4.99226 2.89967,
	4.97765 2.92889,
	4.95756 2.9581,
	4.932 2.98549,
	4.91739 2.99645,
	4.85896 3.00741,
	4.82974 3.02201,
	4.80053 3.0421,
	4.78592 3.05123,
	4.77862 3.05671,
	4.76401 3.06036,
	4.7494 3.05853,
	4.72018 3.04758,
	4.70558 3.04027,
	4.64714 2.98732,
	4.61793 2.95993,
	4.60332 2.94532,
	4.59602 2.93802,
	4.59419 2.92341,
	4.59419 2.92158,
	"/>
</Transform>

<Transform dim="6"
 xcoef=" 0.0925077492284508 0.998543026644729 -0.0100712961618164 0 0 0"
 ycoef=" 0.224452645116536 -0.00237123459751437 0.975240597849761 0 0 0">
<Contour name="d13p06" hidden="true" closed="true" simplified="false" border="1 0 0" fill="1 0 0" mode="-13"
 points="3.31881 1.09703,
	3.30181 1.08004,
	3.31881 1.06304,
	3.33581 1.08004,
	"/>
</Transform>

<Transform dim="6"
 xcoef=" 0.0925077492284508 0.998543026644729 -0.0100712961618164 0 0 0"
 ycoef=" 0.224452645116536 -0.00237123459751437 0.975240597849761 0 0 0">
<Contour name="d13" hidden="true" closed="true" simplified="true" border="1 1 0" fill="1 1 0" mode="11"
 points="2.98361 0.178266,
	2.98361 0.173541,
	2.98676 0.168817,
	3.01196 0.154642,
	3.01511 0.154642,
	3.01826 0.151493,
	3.01984 0.151493,
	3.04504 0.149918,
	3.09543 0.154642,
	3.10803 0.156217,
	3.15843 0.179841,
	3.17103 0.181416,
	3.22143 0.176691,
	3.24663 0.175116,
	3.25293 0.173541,
	3.30332 0.182991,
	3.31592 0.186141,
	3.32222 0.189291,
	3.37262 0.238113,
	3.39782 0.260162,
	3.49861 0.308984,
	3.52381 0.320009,
	3.62461 0.279061,
	3.675 0.255437,
	3.7002 0.242838,
	3.7506 0.211339,
	3.7758 0.200315,
	3.82619 0.194015,
	3.85139 0.189291,
	3.86399 0.186141,
	3.96479 0.11527,
	4.06558 0.0380987,
	4.09078 0.0207746,
	4.10338 0.0113251,
	4.10968 0.00660039,
	4.11283 0.00502547,
	4.1144 0.0302241,
	4.1144 0.0428234,
	4.11283 0.0491231,
	4.09236 0.0743218,
	4.07976 0.124719,
	4.05613 0.175116,
	4.01676 0.225514,
	4.01203 0.231813,
	3.99471 0.282211,
	3.98841 0.29481,
	3.97896 0.307409,
	3.95376 0.316859,
	3.94116 0.321584,
	3.92856 0.329458,
	3.91754 0.342057,
	3.91281 0.354657,
	3.89392 0.379855,
	3.88762 0.38458,
	3.88447 0.39088,
	3.88132 0.392455,
	3.87974 0.39088,
	3.85454 0.411354,
	3.80415 0.460176,
	3.7569 0.510573,
	3.71123 0.611368,
	3.68918 0.661765,
	3.67973 0.686964,
	3.66713 0.737361,
	3.65295 0.76256,
	3.6498 0.76886,
	3.62618 0.794058,
	3.62303 0.797208,
	3.61988 0.822407,
	3.61831 0.835006,
	3.60728 0.860205,
	3.55688 0.904302,
	3.53169 0.926351,
	3.48129 0.959424,
	3.45609 0.973599,
	3.43089 0.984623,
	3.38049 0.989348,
	3.35529 0.987773,
	3.3427 0.989348,
	3.3301 0.995647,
	3.3049 0.995647,
	3.2986 0.995647,
	3.286 1.0051,
	3.27497 0.992498,
	3.2734 0.986198,
	3.29072 0.885403,
	3.2986 0.835006,
	3.30332 0.784609,
	3.30647 0.75941,
	3.30647 0.746811,
	3.30805 0.740511,
	3.30332 0.727912,
	3.27182 0.677515,
	3.2482 0.627117,
	3.23718 0.601919,
	3.21513 0.501124,
	3.2104 0.475925,
	3.19308 0.450727,
	3.1726 0.425528,
	3.16158 0.412929,
	3.12851 0.362531,
	3.11591 0.357807,
	3.10331 0.346782,
	3.09701 0.340483,
	3.08441 0.334183,
	3.07811 0.327883,
	3.07496 0.327883,
	3.06394 0.320009,
	3.05764 0.316859,
	2.98991 0.216064,
	2.98676 0.209765,
	2.98361 0.206615,
	2.98361 0.181416,
	2.98361 0.179841,
	"/>
</Transform>

<Transform dim="6"
 xcoef=" 0.0925077492284508 0.998543026644729 -0.0100712961618164 0 0 0"
 ycoef=" 0.224452645116536 -0.00237123459751437 0.975240597849761 0 0 0">
<Contour name="d13" hidden="true" closed="true" simplified="true" border="1 1 0" fill="1 1 0" mode="11"
 points="1.49793 2.85312,
	1.5276 2.79379,
	1.53501 2.77896,
	1.53872 2.77155,
	1.59804 2.74189,
	1.61287 2.73447,
	1.61658 2.73262,
	1.73523 2.77155,
	1.79455 2.76042,
	1.82422 2.75486,
	1.88354 2.73632,
	1.89837 2.73076,
	1.90579 2.72891,
	1.90949 2.72705,
	1.96882 2.75857,
	1.97623 2.76228,
	2.09488 2.78638,
	2.15421 2.80121,
	2.18387 2.80863,
	2.19128 2.81233,
	2.18201 2.842,
	2.17275 2.85683,
	2.16718 2.86239,
	2.04854 2.87351,
	1.92989 2.8939,
	1.90023 2.89947,
	1.8409 2.91986,
	1.72225 2.93284,
	1.71484 2.93469,
	1.70001 2.92913,
	1.67034 2.91059,
	1.65551 2.90132,
	1.59619 2.89947,
	1.56653 2.90132,
	1.55911 2.90317,
	1.52945 2.8902,
	1.51462 2.88278,
	1.49793 2.85497,
	"/>
</Transform>

<Transform dim="6"
 xcoef=" 0.0925077492284508 0.998543026644729 -0.0100712961618164 0 0 0"
 ycoef=" 0.224452645116536 -0.00237123459751437 0.975240597849761 0 0 0">
<Contour name="d13" hidden="true" closed="true" simplified="true" border="1 1 0" fill="1 1 0" mode="11"
 points="2.89334 3.1018,
	2.90971 3.06688,
	2.91735 3.04941,
	2.97629 2.97956,
	2.98393 2.97192,
	3.05378 2.94791,
	3.05596 2.94682,
	3.07343 2.95119,
	3.08216 2.95337,
	3.11708 2.94573,
	3.12581 2.94464,
	3.13018 2.94355,
	3.1651 2.9501,
	3.20003 2.95992,
	3.20876 2.9621,
	3.22513 2.97847,
	3.25242 3.0134,
	3.19457 3.08325,
	3.15965 3.10617,
	3.14218 3.11926,
	3.10726 3.15419,
	3.0898 3.16838,
	3.05487 3.1913,
	3.03741 3.20112,
	3.01995 3.20112,
	2.98502 3.18912,
	2.9501 3.16838,
	2.91517 3.14546,
	2.90753 3.13891,
	2.89334 3.10399,
	2.89334 3.10289,
	"/>
</Transform>

<Transform dim="6"
 xcoef=" 0.0925077492284508 0.998543026644729 -0.0100712961618164 0 0 0"
 ycoef=" 0.224452645116536 -0.00237123459751437 0.975240597849761 0 0 0">
<Contour name="d13" hidden="true" closed="true" simplified="true" border="1 1 0" fill="0.5 0 1" mode="11"
 points="3.3079 1.03428,
	"/>
</Transform>

<Transform dim="6"
 xcoef=" 0.0925077492284508 0.998543026644729 -0.0100712961618164 0 0 0"
 ycoef=" 0.224452645116536 -0.00237123459751437 0.975240597849761 0 0 0">
<Contour name="d13" hidden="true" closed="true" simplified="true" border="1 1 0" fill="1 1 0" mode="11"
 points="3.91138 2.44742,
	3.94012 2.43395,
	3.94731 2.43125,
	4.00479 2.44742,
	4.03353 2.46628,
	4.04071 2.47077,
	4.04431 2.47347,
	4.05418 2.50221,
	4.05868 2.51658,
	4.06137 2.52376,
	4.06227 2.52735,
	4.05778 2.55609,
	4.0479 2.57046,
	4.04161 2.57675,
	4.02724 2.58394,
	4.02006 2.58753,
	3.96258 2.58483,
	3.9482 2.58394,
	3.94102 2.58394,
	3.93204 2.56957,
	3.92755 2.56238,
	3.92036 2.55699,
	3.91767 2.54262,
	3.91228 2.48514,
	3.91138 2.4564,
	3.91138 2.44922,
	3.91138 2.44832,
	"/>
</Transform>

<Transform dim="6"
 xcoef=" 0.0925077492284508 0.998543026644729 -0.0100712961618164 0 0 0"
 ycoef=" 0.224452645116536 -0.00237123459751437 0.975240597849761 0 0 0">
<Contour name="d13" hidden="true" closed="true" simplified="true" border="1 1 0" fill="1 1 0" mode="11"
 points="2.56941 3.14009,
	2.57888 3.12927,
	2.58158 3.12657,
	2.66813 3.12657,
	2.67895 3.12521,
	2.72222 3.11169,
	2.73304 3.10899,
	2.75468 3.11575,
	2.7655 3.1198,
	2.78713 3.12116,
	2.79795 3.12116,
	2.80336 3.12251,
	2.81418 3.12927,
	2.81688 3.13198,
	2.81824 3.15361,
	2.81824 3.16443,
	2.80742 3.18607,
	2.80201 3.19689,
	2.7993 3.2023,
	2.75603 3.22664,
	2.73439 3.24016,
	2.72357 3.24692,
	2.70194 3.25504,
	2.69923 3.25639,
	2.69247 3.24692,
	2.68841 3.2361,
	2.68571 3.23069,
	2.68571 3.21988,
	2.68165 3.20906,
	2.66948 3.18742,
	2.62621 3.16308,
	2.58293 3.14415,
	2.57211 3.14144,
	2.57076 3.14144,
	"/>
</Transform>

<Transform dim="6"
 xcoef=" 0.0925077492284508 0.998543026644729 -0.0100712961618164 0 0 0"
 ycoef=" 0.224452645116536 -0.00237123459751437 0.975240597849761 0 0 0">
<Contour name="d13" hidden="true" closed="true" simplified="true" border="1 1 0" fill="0.5 0 1" mode="11"
 points="2.29968 1.55703,
	2.34861 1.46493,
	2.37739 1.41889,
	2.39465 1.39586,
	2.40041 1.38435,
	2.44646 1.34118,
	2.47524 1.29514,
	2.48675 1.27212,
	2.52992 1.22607,
	2.55294 1.22031,
	2.64503 1.22031,
	2.69108 1.21456,
	2.7141 1.19729,
	2.80619 1.15412,
	2.82922 1.14549,
	2.84073 1.14261,
	2.93282 1.16851,
	2.97887 1.16563,
	2.99038 1.16563,
	3.17456 1.07066,
	3.18607 1.06491,
	3.19183 1.06203,
	3.21485 1.08217,
	3.22636 1.09081,
	3.24939 1.08793,
	3.2609 1.08793,
	3.28392 1.07642,
	3.29256 1.06779,
	3.29543 1.05627,
	3.30407 1.04764,
	3.3904 1.13685,
	3.42782 1.1829,
	3.51991 1.26924,
	3.55732 1.31528,
	3.57459 1.33831,
	3.61776 1.38435,
	3.64654 1.4304,
	3.65517 1.45342,
	3.66093 1.46493,
	3.70697 1.50522,
	3.73 1.51674,
	3.74151 1.52249,
	3.77892 1.56854,
	3.79331 1.59156,
	3.79619 1.61458,
	3.78755 1.66063,
	3.79619 1.70668,
	3.80194 1.7297,
	3.78468 1.82179,
	3.77604 1.91389,
	3.77316 1.93691,
	3.77604 1.95993,
	3.75302 2.05202,
	3.74726 2.07505,
	3.72712 2.09231,
	3.71848 2.10095,
	3.71561 2.1067,
	3.73287 2.15275,
	3.74151 2.1988,
	3.74726 2.22182,
	3.75014 2.31391,
	3.74726 2.406,
	3.74726 2.45205,
	3.74726 2.47507,
	3.73575 2.4981,
	3.69258 2.524,
	3.64654 2.56141,
	3.63503 2.57292,
	3.58898 2.59882,
	3.54293 2.63336,
	3.48537 2.72545,
	3.46523 2.74847,
	3.44221 2.76286,
	3.41918 2.7715,
	3.40767 2.77437,
	3.40192 2.77725,
	3.35587 2.76286,
	3.33285 2.75423,
	3.32134 2.74847,
	3.27529 2.7715,
	3.26378 2.77725,
	3.24075 2.77437,
	3.22924 2.76862,
	3.22349 2.76574,
	3.20046 2.77437,
	3.17744 2.77725,
	3.16593 2.78013,
	3.14291 2.79452,
	3.11988 2.80315,
	3.07384 2.80603,
	3.02779 2.82618,
	2.98174 2.83481,
	2.95872 2.84057,
	2.91267 2.83481,
	2.88965 2.82905,
	2.87814 2.8233,
	2.85512 2.82042,
	2.84361 2.8233,
	2.82058 2.81754,
	2.77454 2.79164,
	2.76302 2.78013,
	2.67093 2.78589,
	2.64791 2.78301,
	2.6364 2.78301,
	2.5443 2.73696,
	2.49826 2.71682,
	2.47811 2.69955,
	2.46372 2.6535,
	2.45797 2.63048,
	2.46085 2.53839,
	2.46372 2.49234,
	2.46085 2.44629,
	2.45797 2.42327,
	2.39753 2.33118,
	2.39178 2.30816,
	2.39753 2.21606,
	2.39465 2.19304,
	2.39465 2.18728,
	2.3889 2.14124,
	2.3889 2.09519,
	2.38602 2.07217,
	2.36012 2.029,
	2.35724 1.98295,
	2.33997 1.93691,
	2.33134 1.91389,
	2.32558 1.86784,
	2.32271 1.85633,
	2.33134 1.81028,
	2.3371 1.78726,
	2.32271 1.69517,
	2.30544 1.64912,
	2.29681 1.60307,
	2.29393 1.58005,
	2.29968 1.5599,
	"/>
</Transform>

<Transform dim="6"
 xcoef=" 0.0925077492284508 0.998543026644729 -0.0100712961618164 0 0 0"
 ycoef=" 0.224452645116536 -0.00237123459751437 0.975240597849761 0 0 0">
<Contour name="d13" hidden="true" closed="true" simplified="true" border="1 1 0" fill="1 1 0" mode="11"
 points="0.0132308 0.746805,
	0.0205812 0.723284,
	0.0220513 0.717403,
	0.0676241 0.677711,
	0.0911455 0.65713,
	0.147009 0.563044,
	0.16612 0.516001,
	0.17053 0.50424,
	0.17347 0.49836,
	0.179351 0.404274,
	0.180821 0.392514,
	0.180821 0.386633,
	0.15877 0.339591,
	0.152889 0.316069,
	0.149949 0.304308,
	0.148479 0.298428,
	0.147009 0.295488,
	0.16759 0.271966,
	0.179351 0.260206,
	0.202872 0.245505,
	0.214633 0.238154,
	0.238154 0.232274,
	0.249915 0.227864,
	0.298428 0.321949,
	0.320479 0.33518,
	0.367522 0.357232,
	0.391044 0.371932,
	0.407215 0.395454,
	0.411625 0.401334,
	0.421916 0.405745,
	0.445437 0.410155,
	0.451317 0.411625,
	0.461608 0.421916,
	0.48807 0.468958,
	0.50424 0.49248,
	0.513061 0.50424,
	0.535112 0.551283,
	0.539523 0.563044,
	0.542463 0.568924,
	0.564514 0.592446,
	0.574805 0.604207,
	0.580685 0.608617,
	0.627728 0.611557,
	0.651249 0.613027,
	0.698292 0.623318,
	0.710053 0.626258,
	0.715933 0.627728,
	0.733574 0.649779,
	0.779147 0.696822,
	0.795318 0.720344,
	0.82178 0.767386,
	0.82325 0.770327,
	0.81884 0.793848,
	0.808549 0.817369,
	0.795318 0.840891,
	0.787968 0.852652,
	0.785027 0.858532,
	0.780617 0.905575,
	0.777677 0.929096,
	0.776207 0.940857,
	0.776207 0.946737,
	0.752686 0.967319,
	0.740925 0.976139,
	0.737985 0.979079,
	0.690942 0.99084,
	0.643899 1.03053,
	0.620378 1.04964,
	0.596856 1.05258,
	0.573335 1.05258,
	0.549813 1.04964,
	0.526292 1.05405,
	0.514531 1.05552,
	0.49101 1.06581,
	0.479249 1.07022,
	0.455728 1.07316,
	0.432206 1.07022,
	0.408685 1.06434,
	0.361642 1.04523,
	0.33812 1.02318,
	0.32636 1.01289,
	0.302838 0.99819,
	0.291078 0.99084,
	0.285197 0.98643,
	0.261676 0.99672,
	0.238154 0.99378,
	0.226394 0.99084,
	0.179351 0.951148,
	0.16759 0.940857,
	0.139658 0.893814,
	0.126428 0.870293,
	0.123487 0.864412,
	0.0764446 0.82178,
	0.0529232 0.799728,
	0.0294018 0.782087,
	0.0191112 0.771797,
	0.0132308 0.748275,
	"/>
</Transform>

<Transform dim="6"
 xcoef=" 0.0925077492284508 0.998543026644729 -0.0100712961618164 0 0 0"
 ycoef=" 0.224452645116536 -0.00237123459751437 0.975240597849761 0 0 0">
<Contour name="d04" hidden="true" closed="true" simplified="true" border="1 1 0" fill="1 0 0" mode="11"
 points="1.53771 2.26685,
	1.5519 2.24415,
	1.57176 2.22997,
	1.59445 2.22713,
	1.61715 2.2328,
	1.63985 2.25266,
	1.68524 2.2782,
	1.69659 2.28387,
	1.70226 2.32927,
	1.70226 2.33494,
	1.74766 2.36331,
	1.75901 2.37182,
	1.77036 2.37466,
	1.81575 2.36899,
	1.82426 2.39168,
	1.86114 2.43708,
	1.9037 2.48247,
	1.91505 2.49382,
	1.92923 2.53921,
	1.94909 2.58461,
	1.9576 2.6073,
	1.96044 2.63,
	1.96328 2.63567,
	1.94342 2.64986,
	1.89803 2.66688,
	1.85263 2.66972,
	1.80724 2.66688,
	1.78454 2.66121,
	1.73915 2.66121,
	1.71645 2.66121,
	1.69375 2.65553,
	1.68241 2.64986,
	1.63701 2.64418,
	1.62566 2.62149,
	1.61148 2.57609,
	1.57743 2.5307,
	1.56041 2.508,
	1.5519 2.49665,
	1.56325 2.47396,
	1.54906 2.42856,
	1.54055 2.40587,
	1.54906 2.38317,
	1.55474 2.33778,
	1.55757 2.31508,
	1.56041 2.30373,
	1.55757 2.29238,
	1.54055 2.26969,
	"/>
</Transform>

<Transform dim="6"
 xcoef=" 0.0925077492284508 0.998543026644729 -0.0100712961618164 0 0 0"
 ycoef=" 0.224452645116536 -0.00237123459751437 0.975240597849761 0 0 0">
<Contour name="d04" hidden="true" closed="true" simplified="true" border="1 1 0" fill="1 0 0" mode="11"
 points="3.15431 5.89376,
	3.174 5.80376,
	3.1754 5.79251,
	3.17681 5.78689,
	3.21759 5.74188,
	3.24994 5.69688,
	3.25697 5.68563,
	3.26119 5.68001,
	3.264 5.6786,
	3.2865 5.68563,
	3.29775 5.68985,
	3.30338 5.69266,
	3.29916 5.78267,
	3.28791 5.82767,
	3.2865 5.83329,
	3.27103 5.85579,
	3.264 5.86704,
	3.2415 5.88533,
	3.23025 5.89376,
	3.22744 5.89658,
	3.20494 5.88814,
	3.18244 5.90783,
	3.17119 5.91908,
	3.16837 5.92189,
	3.15572 5.89939,
	3.15431 5.89517,
	"/>
</Transform>

<Transform dim="6"
 xcoef=" 0.0925077492284508 0.998543026644729 -0.0100712961618164 0 0 0"
 ycoef=" 0.224452645116536 -0.00237123459751437 0.975240597849761 0 0 0">
<Contour name="d04" hidden="true" closed="true" simplified="true" border="1 1 0" fill="1 0 0" mode="11"
 points="0.926323 3.95177,
	0.928377 3.94971,
	0.932485 3.95177,
	0.998211 3.92096,
	1.01464 3.91274,
	1.14609 3.87782,
	1.21182 3.85934,
	1.22825 3.85523,
	1.26111 3.87166,
	1.26933 3.87577,
	1.25495 4.00722,
	1.24057 4.07295,
	1.23441 4.10581,
	1.22414 4.13867,
	1.21593 4.1551,
	1.20977 4.16127,
	1.1769 4.15305,
	1.1728 4.15305,
	1.10707 4.09965,
	1.07421 4.075,
	1.04134 4.05857,
	0.975618 4.00722,
	0.944809 3.98052,
	0.934539 3.96409,
	0.926323 3.95587,
	0.928377 3.95382,
	"/>
</Transform>

<Transform dim="6"
 xcoef=" 0.0925077492284508 0.998543026644729 -0.0100712961618164 0 0 0"
 ycoef=" 0.224452645116536 -0.00237123459751437 0.975240597849761 0 0 0">
<Contour name="d04" hidden="true" closed="true" simplified="true" border="1 1 0" fill="1 0 0" mode="11"
 points="2.45825 4.05576,
	2.46504 4.06029,
	2.45825 4.06029,
	"/>
</Transform>

<Transform dim="6"
 xcoef=" 0.0925077492284508 0.998543026644729 -0.0100712961618164 0 0 0"
 ycoef=" 0.224452645116536 -0.00237123459751437 0.975240597849761 0 0 0">
<Contour name="d04" hidden="true" closed="true" simplified="true" border="1 1 0" fill="1 0 0" mode="11"
 points="1.83819 3.58732,
	1.85629 3.57374,
	1.86987 3.55564,
	1.88797 3.5398,
	1.8925 3.53754,
	1.89023 3.53754,
	1.92192 3.50133,
	1.93097 3.49228,
	1.94907 3.48322,
	1.9536 3.48096,
	1.9717 3.48775,
	2.00791 3.47643,
	2.04412 3.48096,
	2.08033 3.49228,
	2.08938 3.49454,
	2.10748 3.48775,
	2.12559 3.49228,
	2.13464 3.4968,
	2.14369 3.49454,
	2.1799 3.51264,
	2.18895 3.51943,
	2.198 3.51264,
	2.23195 3.54659,
	2.241 3.5398,
	2.25005 3.54433,
	2.25232 3.54659,
	2.25458 3.54433,
	2.26589 3.56017,
	2.26137 3.56696,
	2.26589 3.57601,
	2.26137 3.5828,
	2.26589 3.59185,
	2.26816 3.59637,
	2.26589 3.6009,
	2.27495 3.619,
	2.27268 3.65521,
	2.28173 3.67332,
	2.27947 3.69142,
	2.284 3.70952,
	2.28173 3.74573,
	2.284 3.76384,
	2.284 3.77289,
	2.29079 3.79099,
	2.29531 3.79326,
	2.29758 3.79099,
	2.31794 3.8272,
	2.32699 3.8453,
	2.33378 3.88151,
	2.37452 3.95393,
	2.38131 3.97203,
	2.38357 3.98108,
	2.38131 3.99014,
	2.38131 3.99466,
	2.41751 4.02634,
	2.43336 4.04445,
	2.45146 4.05803,
	2.46051 4.07613,
	2.45825 4.08066,
	2.49446 4.1146,
	2.5103 4.13271,
	2.51482 4.15081,
	2.53293 4.18702,
	2.54198 4.20512,
	2.53972 4.20965,
	2.54877 4.21417,
	2.56235 4.23228,
	2.56914 4.24133,
	2.56235 4.25943,
	2.55556 4.26849,
	2.55329 4.27301,
	2.56235 4.29112,
	2.58045 4.30922,
	2.58724 4.32732,
	2.57819 4.34316,
	2.58271 4.34543,
	2.58724 4.34316,
	2.60308 4.36127,
	2.60534 4.36579,
	2.60082 4.37485,
	2.59855 4.37937,
	2.60082 4.38842,
	2.5895 4.42463,
	2.58498 4.44274,
	2.58724 4.45179,
	2.57366 4.488,
	2.56914 4.5061,
	2.56461 4.51515,
	2.56687 4.5242,
	2.56008 4.56041,
	2.55782 4.57852,
	2.55103 4.58757,
	2.54198 4.58304,
	2.53293 4.58757,
	2.5284 4.58531,
	2.51935 4.58757,
	2.51256 4.58304,
	2.44014 4.62604,
	2.42204 4.63509,
	2.40394 4.63962,
	2.36773 4.66677,
	2.34962 4.68261,
	2.34284 4.6894,
	2.34057 4.68714,
	2.30436 4.72109,
	2.29305 4.73919,
	2.27495 4.75729,
	2.23874 4.7754,
	2.23647 4.77313,
	2.20027 4.7935,
	2.18216 4.80255,
	2.14595 4.7935,
	2.12785 4.7935,
	2.1188 4.79124,
	2.08259 4.81161,
	2.07354 4.81613,
	2.06449 4.81387,
	2.05543 4.79576,
	2.04865 4.78671,
	2.05091 4.78219,
	2.04186 4.7754,
	2.03959 4.77087,
	2.04412 4.76182,
	2.02601 4.7505,
	2.00791 4.74598,
	1.98981 4.75277,
	1.98075 4.75503,
	1.96265 4.7505,
	1.9536 4.74598,
	1.95134 4.74372,
	1.95586 4.73919,
	1.91965 4.7324,
	1.91286 4.72787,
	1.91739 4.72561,
	1.89929 4.72109,
	1.89476 4.71882,
	1.88571 4.72109,
	1.8676 4.71656,
	1.86308 4.71656,
	1.85855 4.70977,
	1.86082 4.70524,
	1.84497 4.68714,
	1.83592 4.66904,
	1.8314 4.65998,
	1.83592 4.65093,
	1.8314 4.63283,
	1.82234 4.61472,
	1.82461 4.60567,
	1.82234 4.59662,
	1.82461 4.58757,
	1.81556 4.56946,
	1.81782 4.56041,
	1.80424 4.54231,
	1.80198 4.53778,
	1.80424 4.53326,
	1.7884 4.49705,
	1.78387 4.47894,
	1.78161 4.44274,
	1.77482 4.40653,
	1.75898 4.37032,
	1.75672 4.36127,
	1.74993 4.35222,
	1.73861 4.31601,
	1.73635 4.2979,
	1.74314 4.2798,
	1.7454 4.13497,
	1.74088 4.11686,
	1.75219 4.04445,
	1.74767 4.02634,
	1.74767 3.95393,
	1.75898 3.91772,
	1.76351 3.89962,
	1.76351 3.89056,
	1.7703 3.87246,
	1.77708 3.80004,
	1.77708 3.76384,
	1.78387 3.72989,
	1.79066 3.7231,
	1.79971 3.7231,
	1.81556 3.71179,
	1.8314 3.67558,
	1.83819 3.65748,
	1.83819 3.64842,
	1.83819 3.6439,
	"/>
</Transform>

<Transform dim="6"
 xcoef=" 0.0925077492284508 0.998543026644729 -0.0100712961618164 0 0 0"
 ycoef=" 0.224452645116536 -0.00237123459751437 0.975240597849761 0 0 0">
<Contour name="d13c06" hidden="true" closed="true" simplified="true" border="1 0 0" fill="0 0 1" mode="11"
 points="3.12583 0.160058,
	3.13211 0.147504,
	3.13524 0.141227,
	3.23567 0.13652,
	3.28589 0.13652,
	3.29844 0.13652,
	3.32041 0.160058,
	3.32669 0.166334,
	3.31413 0.177319,
	3.30786 0.183595,
	3.30472 0.186734,
	3.20429 0.186734,
	3.19174 0.186734,
	3.18546 0.186734,
	3.13524 0.166334,
	3.12897 0.163196,
	3.12583 0.161627,
	"/>
<Contour name="d13c06" hidden="true" closed="true" simplified="true" border="1 0 0" fill="0 0 1" mode="11"
 points="3.45536 0.301285,
	3.48047 0.279316,
	3.48361 0.277747,
	3.53382 0.293439,
	3.5401 0.295008,
	3.55579 0.318546,
	3.55893 0.324823,
	3.5605 0.326392,
	3.54794 0.337376,
	3.54167 0.340515,
	3.49145 0.326392,
	3.46634 0.309131,
	3.46007 0.304423,
	3.45693 0.302854,
	"/>
<Contour name="d13c06" hidden="true" closed="true" simplified="true" border="1 0 0" fill="0 0 1" mode="11"
 points="3.57305 0.304423,
	3.59345 0.279316,
	3.60443 0.266763,
	3.65465 0.236948,
	3.67975 0.222825,
	3.69231 0.214979,
	3.69858 0.211841,
	3.70172 0.210272,
	3.70329 0.216548,
	3.70015 0.241656,
	3.69858 0.254209,
	3.69702 0.260486,
	3.68917 0.273039,
	3.63896 0.301285,
	3.61385 0.313838,
	3.60757 0.316977,
	3.58246 0.309131,
	3.57619 0.305992,
	3.57462 0.305992,
	"/>
<Contour name="d13c06" hidden="true" closed="true" simplified="true" border="1 0 0" fill="0 0 1" mode="11"
 points="3.77861 0.172611,
	3.87904 0.128674,
	3.92926 0.103567,
	3.95436 0.0910131,
	3.96064 0.0878747,
	3.96221 0.0863055,
	3.96849 0.0988591,
	3.97162 0.111413,
	3.96378 0.13652,
	3.95907 0.149073,
	3.90886 0.180457,
	3.90258 0.183595,
	3.85237 0.193011,
	3.83981 0.19458,
	3.8147 0.203995,
	3.7896 0.182026,
	3.78332 0.177319,
	3.78018 0.17418,
	"/>
</Transform>

<Transform dim="6"
 xcoef=" 0.0925077492284508 0.998543026644729 -0.0100712961618164 0 0 0"
 ycoef=" 0.224452645116536 -0.00237123459751437 0.975240597849761 0 0 0">
<Contour name="d13cfa06" hidden="true" closed="false" simplified="false" border="0 1 0" fill="0 0 1" mode="11"
 points="3.31188 0.161707,
	3.25539 0.156999,
	3.12358 0.15543,
	"/>
<Contour name="d13cfa06" hidden="true" closed="false" simplified="false" border="0 1 0" fill="0 0 1" mode="11"
 points="3.56766 0.323333,
	3.55824 0.328041,
	3.45625 0.288811,
	"/>
<Contour name="d13cfa06" hidden="true" closed="false" simplified="false" border="0 1 0" fill="0 0 1" mode="11"
 points="3.70889 0.233889,
	3.67907 0.248012,
	3.58021 0.304503,
	"/>
<Contour name="d13cfa06" hidden="true" closed="false" simplified="false" border="0 1 0" fill="0 0 1" mode="11"
 points="3.96623 0.106785,
	3.88307 0.15543,
	3.79048 0.188383,
	"/>
</Transform>

<Transform dim="6"
 xcoef=" 0.0925077492284508 0.998543026644729 -0.0100712961618164 0 0 0"
 ycoef=" 0.224452645116536 -0.00237123459751437 0.975240597849761 0 0 0">
<Contour name="d02" hidden="true" closed="true" simplified="true" border="1 1 0" fill="0.5 0 1" mode="11"
 points="6.44335 4.36968,
	6.44763 4.35258,
	6.45618 4.33761,
	6.46901 4.32051,
	6.48611 4.30768,
	6.49466 4.30127,
	6.51176 4.29699,
	6.51604 4.29272,
	6.55024 4.29486,
	6.55879 4.29699,
	6.56307 4.29699,
	6.56521 4.30555,
	6.58017 4.31623,
	6.59514 4.33334,
	6.60369 4.35044,
	6.60796 4.36754,
	6.60155 4.40175,
	6.59941 4.4103,
	6.59514 4.41457,
	6.58872 4.43168,
	6.57804 4.44878,
	6.57376 4.45305,
	6.53955 4.44878,
	6.52245 4.45092,
	6.50535 4.45733,
	6.4968 4.45947,
	6.4797 4.45305,
	6.46687 4.44023,
	6.46687 4.43595,
	6.45832 4.4274,
	6.44763 4.4103,
	6.44335 4.40175,
	6.44335 4.38464,
	6.44335 4.37609,
	6.44335 4.37182,
	"/>
<Contour name="d02" hidden="true" closed="true" simplified="true" border="1 1 0" fill="0.5 0 1" mode="11"
 points="7.13387 4.23927,
	7.14455 4.22431,
	7.17662 4.20079,
	7.19159 4.18583,
	7.20869 4.17728,
	7.21724 4.17514,
	7.22152 4.17514,
	7.23007 4.18155,
	7.24717 4.18369,
	7.25572 4.18369,
	7.27068 4.19438,
	7.27068 4.19865,
	7.28779 4.21148,
	7.2942 4.2179,
	7.29634 4.22645,
	7.2942 4.23072,
	7.30703 4.24782,
	7.3113 4.25638,
	7.3113 4.26065,
	7.31558 4.26493,
	7.31558 4.28203,
	7.3113 4.28844,
	7.30917 4.30555,
	7.29848 4.32265,
	7.29206 4.3312,
	7.27496 4.33334,
	7.24076 4.31837,
	7.2322 4.31623,
	7.2151 4.32479,
	7.198 4.32692,
	7.16807 4.30555,
	7.15738 4.29058,
	7.15311 4.28203,
	7.15311 4.27348,
	7.14028 4.25851,
	7.13387 4.24996,
	7.13387 4.24141,
	"/>
<Contour name="d02" hidden="true" closed="true" simplified="true" border="1 1 0" fill="0.5 0 1" mode="11"
 points="5.5583 3.60648,
	5.56258 3.60221,
	5.56258 3.59793,
	5.57113 3.59152,
	5.5754 3.58724,
	5.58395 3.5851,
	5.59892 3.57014,
	5.61388 3.53593,
	5.62457 3.52097,
	5.63312 3.51456,
	5.64381 3.50173,
	5.65023 3.49745,
	5.65664 3.48035,
	5.66305 3.44615,
	5.66947 3.42904,
	5.66733 3.39484,
	5.66519 3.38629,
	5.65878 3.37774,
	5.65878 3.37346,
	5.6545 3.36919,
	5.64381 3.30078,
	5.64168 3.28367,
	5.63526 3.26657,
	5.63099 3.25802,
	5.63099 3.24947,
	5.63526 3.24092,
	5.66947 3.23023,
	5.70153 3.20671,
	5.69726 3.18961,
	5.6994 3.17251,
	5.70367 3.16396,
	5.70367 3.15968,
	5.7165 3.14685,
	5.73146 3.12975,
	5.76139 3.1041,
	5.77849 3.08913,
	5.8127 3.07203,
	5.82125 3.06775,
	5.82766 3.0592,
	5.83622 3.05493,
	5.87042 3.0592,
	5.90463 3.05707,
	5.92173 3.05707,
	5.926 3.05279,
	5.94311 3.04638,
	5.97731 3.04424,
	5.99441 3.04424,
	6.00938 3.03783,
	6.01793 3.03355,
	6.03503 3.01858,
	6.06924 2.99507,
	6.09489 2.96728,
	6.11199 2.95445,
	6.1291 2.94804,
	6.1462 2.95017,
	6.15475 2.95231,
	6.18254 2.98224,
	6.18895 2.99079,
	6.19537 3.025,
	6.19323 3.03355,
	6.21033 3.03783,
	6.22743 3.04638,
	6.23599 3.05065,
	6.25309 3.06562,
	6.26805 3.07631,
	6.2766 3.08058,
	6.29371 3.09555,
	6.32577 3.11692,
	6.34288 3.12334,
	6.35143 3.12548,
	6.35998 3.13189,
	6.39418 3.14044,
	6.40273 3.14258,
	6.41556 3.15754,
	6.42198 3.17464,
	6.42411 3.1832,
	6.43053 3.19175,
	6.46473 3.19816,
	6.47328 3.20244,
	6.47756 3.20671,
	6.4797 3.22381,
	6.48397 3.22809,
	6.48397 3.23237,
	6.50321 3.26443,
	6.50535 3.27298,
	6.53528 3.30505,
	6.54597 3.32002,
	6.56093 3.33498,
	6.58231 3.36919,
	6.59514 3.38201,
	6.59941 3.39056,
	6.60796 3.39911,
	6.63148 3.43118,
	6.63362 3.44828,
	6.63148 3.45256,
	6.64003 3.46966,
	6.65713 3.48676,
	6.66355 3.49104,
	6.68065 3.52525,
	6.68279 3.5338,
	6.69775 3.5509,
	6.70844 3.568,
	6.71699 3.60221,
	6.72341 3.67062,
	6.72982 3.68772,
	6.75761 3.71765,
	6.77471 3.73261,
	6.7854 3.74972,
	6.78968 3.76682,
	6.79395 3.77537,
	6.79395 3.79247,
	6.78754 3.80957,
	6.77258 3.82454,
	6.76402 3.83095,
	6.72982 3.84592,
	6.72127 3.85019,
	6.71699 3.85019,
	6.70844 3.85661,
	6.69989 3.85874,
	6.68493 3.87157,
	6.67637 3.87371,
	6.65927 3.88653,
	6.63362 3.9186,
	6.62507 3.93357,
	6.61865 3.94212,
	6.60155 3.95067,
	6.58445 3.9635,
	6.52245 4.00411,
	6.50535 4.02122,
	6.48825 4.03404,
	6.47114 4.04259,
	6.46259 4.04687,
	6.42839 4.04901,
	6.41129 4.05328,
	6.40273 4.05756,
	6.39418 4.05756,
	6.38563 4.06184,
	6.38136 4.06184,
	6.36639 4.07466,
	6.33219 4.0768,
	6.32364 4.07894,
	6.3215 4.08321,
	6.28729 4.0939,
	6.25309 4.09604,
	6.24881 4.09604,
	6.24454 4.10032,
	6.24026 4.10032,
	6.22316 4.11314,
	6.20606 4.11528,
	6.17185 4.10887,
	6.1633 4.10887,
	6.1291 4.09604,
	6.09489 4.08749,
	6.07779 4.08535,
	6.06924 4.08321,
	6.03931 4.05328,
	5.9709 3.99984,
	5.96235 3.99556,
	5.94524 3.9806,
	5.93883 3.97205,
	5.90463 3.95281,
	5.88752 3.94639,
	5.87897 3.94212,
	5.85118 3.91433,
	5.8469 3.91433,
	5.84049 3.90578,
	5.83835 3.88867,
	5.8298 3.87157,
	5.81698 3.85447,
	5.79987 3.84378,
	5.78277 3.82881,
	5.77422 3.81385,
	5.76139 3.79675,
	5.74857 3.78606,
	5.74001 3.77109,
	5.71436 3.74116,
	5.69726 3.72834,
	5.6716 3.70055,
	5.66733 3.69627,
	5.63312 3.69841,
	5.61602 3.69413,
	5.61175 3.68986,
	5.60747 3.68986,
	5.59037 3.67703,
	5.58182 3.67275,
	5.57327 3.6642,
	5.56899 3.65993,
	5.56899 3.65565,
	5.56258 3.6471,
	5.5583 3.63,
	5.5583 3.6129,
	5.5583 3.60862,
	"/>
</Transform>

<Transform dim="6"
 xcoef=" 0.0925077492284508 0.998543026644729 -0.0100712961618164 0 0 0"
 ycoef=" 0.224452645116536 -0.00237123459751437 0.975240597849761 0 0 0">
<Contour name="d02" hidden="true" closed="true" simplified="true" border="1 1 0" fill="0.5 0 1" mode="11"
 points="4.95758 3.84164,
	4.98964 3.81812,
	4.99819 3.81385,
	5.02599 3.78178,
	5.03881 3.76682,
	5.07302 3.73903,
	5.10509 3.71765,
	5.13288 3.68986,
	5.13929 3.68131,
	5.13929 3.67703,
	5.16067 3.64496,
	5.17777 3.63214,
	5.19487 3.62572,
	5.22908 3.62786,
	5.24618 3.63427,
	5.28039 3.65565,
	5.2868 3.66206,
	5.29107 3.6642,
	5.29321 3.67275,
	5.29963 3.68131,
	5.30176 3.68986,
	5.30818 3.69841,
	5.30818 3.71551,
	5.30818 3.71979,
	5.29963 3.7262,
	5.29107 3.72834,
	5.2868 3.73261,
	5.27825 3.73475,
	5.24618 3.75827,
	5.21411 3.7882,
	5.18846 3.82026,
	5.16494 3.84805,
	5.14784 3.86088,
	5.11364 3.87371,
	5.09653 3.87371,
	5.07943 3.88012,
	5.06233 3.88012,
	5.05805 3.87585,
	5.02385 3.88226,
	5.0153 3.88653,
	5.01102 3.88653,
	5.00247 3.89295,
	4.98537 3.89722,
	4.97682 3.89509,
	4.96827 3.88653,
	4.96827 3.88226,
	4.96399 3.88012,
	4.95758 3.84592,
	4.95758 3.84378,
	"/>
<Contour name="d02" hidden="true" closed="true" simplified="true" border="1 1 0" fill="0.5 0 1" mode="11"
 points="4.94475 3.45897,
	4.94689 3.45042,
	4.95544 3.44187,
	4.96399 3.4376,
	4.96827 3.4376,
	4.97682 3.43118,
	5.01102 3.42049,
	5.02812 3.41622,
	5.06233 3.41622,
	5.07943 3.42263,
	5.11364 3.42691,
	5.13074 3.42477,
	5.13929 3.42477,
	5.14784 3.42904,
	5.15425 3.4376,
	5.18846 3.43973,
	5.22266 3.43546,
	5.23977 3.43546,
	5.25259 3.45256,
	5.2697 3.46325,
	5.27825 3.46966,
	5.31245 3.47394,
	5.32956 3.48035,
	5.34666 3.49318,
	5.41507 3.52952,
	5.43217 3.5338,
	5.43645 3.53807,
	5.44072 3.53807,
	5.45782 3.55304,
	5.46637 3.57014,
	5.46851 3.58724,
	5.46424 3.60434,
	5.45141 3.62145,
	5.445 3.63,
	5.44286 3.63427,
	5.43858 3.63427,
	5.43431 3.63855,
	5.4001 3.6471,
	5.383 3.6471,
	5.3488 3.65351,
	5.31459 3.65138,
	5.29749 3.64496,
	5.28894 3.64282,
	5.28039 3.63641,
	5.26328 3.63,
	5.24618 3.61931,
	5.23122 3.60434,
	5.22053 3.58938,
	5.21198 3.58083,
	5.2077 3.58083,
	5.1906 3.57014,
	5.18205 3.56586,
	5.14784 3.56586,
	5.11364 3.55945,
	5.09653 3.55304,
	5.03881 3.50387,
	5.03454 3.49745,
	5.02599 3.49318,
	5.02171 3.49318,
	5.01744 3.4889,
	4.98323 3.47821,
	4.96613 3.47608,
	4.94903 3.46752,
	4.94475 3.46539,
	4.94475 3.46111,
	"/>
<Contour name="d02" hidden="true" closed="true" simplified="true" border="1 1 0" fill="0.5 0 1" mode="11"
 points="4.54498 2.99721,
	4.54926 2.99293,
	4.55139 2.98438,
	4.55994 2.97797,
	4.56422 2.97369,
	4.58132 2.97369,
	4.58987 2.97369,
	4.60698 2.9801,
	4.64118 3.0079,
	4.65828 3.01858,
	4.67111 3.03569,
	4.68608 3.04851,
	4.72028 3.06348,
	4.72669 3.07203,
	4.72883 3.08913,
	4.72669 3.09768,
	4.71173 3.11265,
	4.70104 3.12975,
	4.69676 3.1383,
	4.67966 3.15113,
	4.67111 3.15754,
	4.65401 3.15968,
	4.64546 3.16182,
	4.63691 3.16823,
	4.62835 3.18533,
	4.61339 3.2003,
	4.59629 3.20671,
	4.58774 3.20457,
	4.57491 3.18747,
	4.5685 3.17037,
	4.5685 3.15327,
	4.57491 3.11906,
	4.57491 3.10196,
	4.58132 3.08486,
	4.58346 3.08058,
	4.58132 3.07203,
	4.5685 3.0592,
	4.54926 3.02927,
	4.54498 3.01217,
	4.54498 3.00362,
	4.54498 2.99934,
	"/>
</Transform>

<Transform dim="6"
 xcoef=" 0.0925077492284508 0.998543026644729 -0.0100712961618164 0 0 0"
 ycoef=" 0.224452645116536 -0.00237123459751437 0.975240597849761 0 0 0">
<Contour name="d01ax02ssvr" hidden="true" closed="true" simplified="false" border="0 1 0.25098" fill="0 0 1" mode="-11"
 points="4.5774 4.51225,
	4.56788 4.50273,
	4.5774 4.49322,
	4.58691 4.50273,
	"/>
<Contour name="d01ax02ssvr" hidden="true" closed="true" simplified="false" border="0 1 0.25098" fill="0 0 1" mode="-11"
 points="4.54068 4.51497,
	4.53117 4.50545,
	4.54068 4.49594,
	4.5502 4.50545,
	"/>
<Contour name="d01ax02ssvr" hidden="true" closed="true" simplified="false" border="0 1 0.25098" fill="0 0 1" mode="-11"
 points="4.4659 4.54761,
	4.45638 4.53809,
	4.4659 4.52857,
	4.47542 4.53809,
	"/>
<Contour name="d01ax02ssvr" hidden="true" closed="true" simplified="false" border="0 1 0.25098" fill="0 0 1" mode="-11"
 points="4.42239 4.54896,
	4.41287 4.53945,
	4.42239 4.52993,
	4.43191 4.53945,
	"/>
<Contour name="d01ax02ssvr" hidden="true" closed="true" simplified="false" border="0 1 0.25098" fill="0 0 1" mode="-11"
 points="4.42239 4.57072,
	4.41287 4.5612,
	4.42239 4.55168,
	4.43191 4.5612,
	"/>
<Contour name="d01ax02ssvr" hidden="true" closed="true" simplified="false" border="0 1 0.25098" fill="0 0 1" mode="-11"
 points="4.45638 4.58024,
	4.44686 4.57072,
	4.45638 4.5612,
	4.4659 4.57072,
	"/>
<Contour name="d01ax02ssvr" hidden="true" closed="true" simplified="false" border="0 1 0.25098" fill="0 0 1" mode="-11"
 points="4.46182 4.60743,
	4.4523 4.59792,
	4.46182 4.5884,
	4.47134 4.59792,
	"/>
<Contour name="d01ax02ssvr" hidden="true" closed="true" simplified="false" border="0 1 0.25098" fill="0 0 1" mode="-11"
 points="4.49309 4.58976,
	4.48357 4.58024,
	4.49309 4.57072,
	4.50261 4.58024,
	"/>
<Contour name="d01ax02ssvr" hidden="true" closed="true" simplified="false" border="0 1 0.25098" fill="0 0 1" mode="-11"
 points="4.5366 4.57208,
	4.52709 4.56256,
	4.5366 4.55304,
	4.54612 4.56256,
	"/>
<Contour name="d01ax02ssvr" hidden="true" closed="true" simplified="false" border="0 1 0.25098" fill="0 0 1" mode="-11"
 points="4.57332 4.61151,
	4.5638 4.60199,
	4.57332 4.59248,
	4.58283 4.60199,
	"/>
<Contour name="d01ax02ssvr" hidden="true" closed="true" simplified="false" border="0 1 0.25098" fill="0 0 1" mode="-11"
 points="4.52573 4.62375,
	4.51621 4.61423,
	4.52573 4.60471,
	4.53524 4.61423,
	"/>
<Contour name="d01ax02ssvr" hidden="true" closed="true" simplified="false" border="0 1 0.25098" fill="0 0 1" mode="-11"
 points="4.53796 4.6591,
	4.52845 4.64958,
	4.53796 4.64007,
	4.54748 4.64958,
	"/>
<Contour name="d01ax02ssvr" hidden="true" closed="true" simplified="false" border="0 1 0.25098" fill="0 0 1" mode="-11"
 points="4.58148 4.68494,
	4.57196 4.67542,
	4.58148 4.6659,
	4.59099 4.67542,
	"/>
<Contour name="d01ax02ssvr" hidden="true" closed="true" simplified="false" border="0 1 0.25098" fill="0 0 1" mode="-11"
 points="4.57332 4.72845,
	4.5638 4.71893,
	4.57332 4.70941,
	4.58283 4.71893,
	"/>
<Contour name="d01ax02ssvr" hidden="true" closed="true" simplified="false" border="0 1 0.25098" fill="0 0 1" mode="-11"
 points="4.60051 4.75836,
	4.59099 4.74884,
	4.60051 4.73933,
	4.61003 4.74884,
	"/>
<Contour name="d01ax02ssvr" hidden="true" closed="true" simplified="false" border="0 1 0.25098" fill="0 0 1" mode="-11"
 points="4.64402 4.74341,
	4.6345 4.73389,
	4.64402 4.72437,
	4.65354 4.73389,
	"/>
<Contour name="d01ax02ssvr" hidden="true" closed="true" simplified="false" border="0 1 0.25098" fill="0 0 1" mode="-11"
 points="4.64946 4.69718,
	4.63994 4.68766,
	4.64946 4.67814,
	4.65898 4.68766,
	"/>
<Contour name="d01ax02ssvr" hidden="true" closed="true" simplified="false" border="0 1 0.25098" fill="0 0 1" mode="-11"
 points="4.60051 4.81411,
	4.59099 4.80459,
	4.60051 4.79508,
	4.61003 4.80459,
	"/>
<Contour name="d01ax02ssvr" hidden="true" closed="true" simplified="false" border="0 1 0.25098" fill="0 0 1" mode="-11"
 points="4.55972 4.78284,
	4.5502 4.77332,
	4.55972 4.7638,
	4.56924 4.77332,
	"/>
<Contour name="d01ax02ssvr" hidden="true" closed="true" simplified="false" border="0 1 0.25098" fill="0 0 1" mode="-11"
 points="4.53796 4.80595,
	4.52845 4.79644,
	4.53796 4.78692,
	4.54748 4.79644,
	"/>
<Contour name="d01ax02ssvr" hidden="true" closed="true" simplified="false" border="0 1 0.25098" fill="0 0 1" mode="-11"
 points="4.50669 4.83179,
	4.49717 4.82227,
	4.50669 4.81275,
	4.51621 4.82227,
	"/>
<Contour name="d01ax02ssvr" hidden="true" closed="true" simplified="false" border="0 1 0.25098" fill="0 0 1" mode="-11"
 points="4.50261 4.8617,
	4.49309 4.85218,
	4.50261 4.84267,
	4.51213 4.85218,
	"/>
<Contour name="d01ax02ssvr" hidden="true" closed="true" simplified="false" border="0 1 0.25098" fill="0 0 1" mode="-11"
 points="4.48357 4.88618,
	4.47406 4.87666,
	4.48357 4.86714,
	4.49309 4.87666,
	"/>
<Contour name="d01ax02ssvr" hidden="true" closed="true" simplified="false" border="0 1 0.25098" fill="0 0 1" mode="-11"
 points="4.39655 4.87666,
	4.38703 4.86714,
	4.39655 4.85762,
	4.40607 4.86714,
	"/>
<Contour name="d01ax02ssvr" hidden="true" closed="true" simplified="false" border="0 1 0.25098" fill="0 0 1" mode="-11"
 points="4.45502 4.79915,
	4.4455 4.78964,
	4.45502 4.78012,
	4.46454 4.78964,
	"/>
<Contour name="d01ax02ssvr" hidden="true" closed="true" simplified="false" border="0 1 0.25098" fill="0 0 1" mode="-11"
 points="4.50397 4.791,
	4.49445 4.78148,
	4.50397 4.77196,
	4.51349 4.78148,
	"/>
<Contour name="d01ax02ssvr" hidden="true" closed="true" simplified="false" border="0 1 0.25098" fill="0 0 1" mode="-11"
 points="4.54068 4.74613,
	4.53117 4.73661,
	4.54068 4.72709,
	4.5502 4.73661,
	"/>
<Contour name="d01ax02ssvr" hidden="true" closed="true" simplified="false" border="0 1 0.25098" fill="0 0 1" mode="-11"
 points="4.52437 4.73933,
	4.51485 4.72981,
	4.52437 4.72029,
	4.53388 4.72981,
	"/>
<Contour name="d01ax02ssvr" hidden="true" closed="true" simplified="false" border="0 1 0.25098" fill="0 0 1" mode="-11"
 points="4.5366 4.69989,
	4.52709 4.69038,
	4.5366 4.68086,
	4.54612 4.69038,
	"/>
<Contour name="d01ax02ssvr" hidden="true" closed="true" simplified="false" border="0 1 0.25098" fill="0 0 1" mode="-11"
 points="4.49309 4.74341,
	4.48357 4.73389,
	4.49309 4.72437,
	4.50261 4.73389,
	"/>
<Contour name="d01ax02ssvr" hidden="true" closed="true" simplified="false" border="0 1 0.25098" fill="0 0 1" mode="-11"
 points="4.48629 4.70397,
	4.47678 4.69446,
	4.48629 4.68494,
	4.49581 4.69446,
	"/>
<Contour name="d01ax02ssvr" hidden="true" closed="true" simplified="false" border="0 1 0.25098" fill="0 0 1" mode="-11"
 points="4.44822 4.66046,
	4.4387 4.65094,
	4.44822 4.64143,
	4.45774 4.65094,
	"/>
<Contour name="d01ax02ssvr" hidden="true" closed="true" simplified="false" border="0 1 0.25098" fill="0 0 1" mode="-11"
 points="4.40199 4.62239,
	4.39247 4.61287,
	4.40199 4.60335,
	4.41151 4.61287,
	"/>
<Contour name="d01ax02ssvr" hidden="true" closed="true" simplified="false" border="0 1 0.25098" fill="0 0 1" mode="-11"
 points="4.36392 4.59792,
	4.3544 4.5884,
	4.36392 4.57888,
	4.37344 4.5884,
	"/>
<Contour name="d01ax02ssvr" hidden="true" closed="true" simplified="false" border="0 1 0.25098" fill="0 0 1" mode="-11"
 points="4.31769 4.59792,
	4.30817 4.5884,
	4.31769 4.57888,
	4.32721 4.5884,
	"/>
<Contour name="d01ax02ssvr" hidden="true" closed="true" simplified="false" border="0 1 0.25098" fill="0 0 1" mode="-11"
 points="4.29593 4.63735,
	4.28641 4.62783,
	4.29593 4.61831,
	4.30545 4.62783,
	"/>
<Contour name="d01ax02ssvr" hidden="true" closed="true" simplified="false" border="0 1 0.25098" fill="0 0 1" mode="-11"
 points="4.31769 4.71485,
	4.30817 4.70533,
	4.31769 4.69582,
	4.32721 4.70533,
	"/>
<Contour name="d01ax02ssvr" hidden="true" closed="true" simplified="false" border="0 1 0.25098" fill="0 0 1" mode="-11"
 points="4.36936 4.71485,
	4.35984 4.70533,
	4.36936 4.69582,
	4.37888 4.70533,
	"/>
<Contour name="d01ax02ssvr" hidden="true" closed="true" simplified="false" border="0 1 0.25098" fill="0 0 1" mode="-11"
 points="4.3476 4.76516,
	4.33808 4.75564,
	4.3476 4.74613,
	4.35712 4.75564,
	"/>
<Contour name="d01ax02ssvr" hidden="true" closed="true" simplified="false" border="0 1 0.25098" fill="0 0 1" mode="-11"
 points="4.2769 4.69174,
	4.26738 4.68222,
	4.2769 4.6727,
	4.28641 4.68222,
	"/>
<Contour name="d01ax02ssvr" hidden="true" closed="true" simplified="false" border="0 1 0.25098" fill="0 0 1" mode="-11"
 points="4.38024 4.6659,
	4.37072 4.65638,
	4.38024 4.64687,
	4.38975 4.65638,
	"/>
<Contour name="d01ax02ssvr" hidden="true" closed="true" simplified="false" border="0 1 0.25098" fill="0 0 1" mode="-11"
 points="4.40743 4.72981,
	4.39791 4.72029,
	4.40743 4.71077,
	4.41695 4.72029,
	"/>
<Contour name="d01ax02ssvr" hidden="true" closed="true" simplified="false" border="0 1 0.25098" fill="0 0 1" mode="-11"
 points="4.40879 4.7842,
	4.39927 4.77468,
	4.40879 4.76516,
	4.41831 4.77468,
	"/>
<Contour name="d01ax02ssvr" hidden="true" closed="true" simplified="false" border="0 1 0.25098" fill="0 0 1" mode="-11"
 points="4.38295 4.77468,
	4.37344 4.76516,
	4.38295 4.75564,
	4.39247 4.76516,
	"/>
<Contour name="d01ax02ssvr" hidden="true" closed="true" simplified="false" border="0 1 0.25098" fill="0 0 1" mode="-11"
 points="4.44686 4.75972,
	4.43734 4.7502,
	4.44686 4.74069,
	4.45638 4.7502,
	"/>
<Contour name="d01ax02ssvr" hidden="true" closed="true" simplified="false" border="0 1 0.25098" fill="0 0 1" mode="-11"
 points="4.32041 4.80459,
	4.31089 4.79508,
	4.32041 4.78556,
	4.32993 4.79508,
	"/>
<Contour name="d01ax02ssvr" hidden="true" closed="true" simplified="false" border="0 1 0.25098" fill="0 0 1" mode="-11"
 points="4.28641 4.7842,
	4.2769 4.77468,
	4.28641 4.76516,
	4.29593 4.77468,
	"/>
<Contour name="d01ax02ssvr" hidden="true" closed="true" simplified="false" border="0 1 0.25098" fill="0 0 1" mode="-11"
 points="4.24698 4.74749,
	4.23746 4.73797,
	4.24698 4.72845,
	4.2565 4.73797,
	"/>
<Contour name="d01ax02ssvr" hidden="true" closed="true" simplified="false" border="0 1 0.25098" fill="0 0 1" mode="-11"
 points="4.21843 4.77876,
	4.20891 4.76924,
	4.21843 4.75972,
	4.22795 4.76924,
	"/>
<Contour name="d01ax02ssvr" hidden="true" closed="true" simplified="false" border="0 1 0.25098" fill="0 0 1" mode="-11"
 points="4.23203 4.85762,
	4.22251 4.84811,
	4.23203 4.83859,
	4.24154 4.84811,
	"/>
<Contour name="d01ax02ssvr" hidden="true" closed="true" simplified="false" border="0 1 0.25098" fill="0 0 1" mode="-11"
 points="4.18851 4.82227,
	4.179 4.81275,
	4.18851 4.80323,
	4.19803 4.81275,
	"/>
</Transform>

<Transform dim="6"
 xcoef=" 0.0925077492284508 0.998543026644729 -0.0100712961618164 0 0 0"
 ycoef=" 0.224452645116536 -0.00237123459751437 0.975240597849761 0 0 0">
<Contour name="d01ax02ssvr" hidden="true" closed="true" simplified="false" border="0 1 0.25098" fill="0 0 1" mode="-11"
 points="4.63586 4.48098,
	4.62635 4.47146,
	4.63586 4.46194,
	4.64538 4.47146,
	"/>
<Contour name="d01ax02ssvr" hidden="true" closed="true" simplified="false" border="0 1 0.25098" fill="0 0 1" mode="-11"
 points="4.6345 4.54217,
	4.62499 4.53265,
	4.6345 4.52313,
	4.64402 4.53265,
	"/>
</Transform>

<Transform dim="6"
 xcoef=" 0.0925077492284508 0.998543026644729 -0.0100712961618164 0 0 0"
 ycoef=" 0.224452645116536 -0.00237123459751437 0.975240597849761 0 0 0">
<Contour name="d01ax31ssvda" hidden="true" closed="true" simplified="false" border="1 0 0" fill="0 0 1" mode="-11"
 points="4.12806 4.44826,
	4.12109 4.44129,
	4.12806 4.43432,
	4.13503 4.44129,
	"/>
<Contour name="d01ax31ssvr" hidden="true" closed="true" simplified="false" border="0 1 0.25098" fill="0 0 1" mode="-11"
 points="4.13503 4.36161,
	4.12806 4.35464,
	4.13503 4.34767,
	4.14201 4.35464,
	"/>
<Contour name="d01ax31ssvr" hidden="true" closed="true" simplified="false" border="0 1 0.25098" fill="0 0 1" mode="-11"
 points="4.0932 4.40444,
	4.08623 4.39747,
	4.0932 4.3905,
	4.10017 4.39747,
	"/>
<Contour name="d01ax31ssvr" hidden="true" closed="true" simplified="false" border="0 1 0.25098" fill="0 0 1" mode="-11"
 points="4.04639 4.4134,
	4.03942 4.40643,
	4.04639 4.39946,
	4.05336 4.40643,
	"/>
</Transform>

<Transform dim="6"
 xcoef=" 0.0925077492284508 0.998543026644729 -0.0100712961618164 0 0 0"
 ycoef=" 0.224452645116536 -0.00237123459751437 0.975240597849761 0 0 0">
<Contour name="d01ax03ssvda" hidden="true" closed="true" simplified="false" border="1 0 0" fill="0 0 1" mode="-11"
 points="5.7358 4.75508,
	5.72562 4.74491,
	5.7358 4.73474,
	5.74597 4.74491,
	"/>
<Contour name="d01ax03ssvda" hidden="true" closed="true" simplified="false" border="1 0 0" fill="0 0 1" mode="-11"
 points="5.69947 4.70858,
	5.6893 4.69841,
	5.69947 4.68824,
	5.70964 4.69841,
	"/>
<Contour name="d01ax03ssvda" hidden="true" closed="true" simplified="false" border="1 0 0" fill="0 0 1" mode="-11"
 points="5.49458 4.67225,
	5.48441 4.66208,
	5.49458 4.65191,
	5.50476 4.66208,
	"/>
<Contour name="d01ax03ssvda" hidden="true" closed="true" simplified="false" border="1 0 0" fill="0 0 1" mode="-11"
 points="5.54835 4.67661,
	5.53818 4.66644,
	5.54835 4.65627,
	5.55852 4.66644,
	"/>
<Contour name="d01ax03ssvda" hidden="true" closed="true" simplified="false" border="1 0 0" fill="0 0 1" mode="-11"
 points="5.37107 4.64174,
	5.3609 4.63157,
	5.37107 4.6214,
	5.38124 4.63157,
	"/>
<Contour name="d01ax03ssvr" hidden="true" closed="true" simplified="false" border="0 1 0.25098" fill="0 0 1" mode="-11"
 points="5.77212 4.80594,
	5.76195 4.79576,
	5.77212 4.78559,
	5.78229 4.79576,
	"/>
<Contour name="d01ax03ssvr" hidden="true" closed="true" simplified="false" border="0 1 0.25098" fill="0 0 1" mode="-11"
 points="5.78665 4.85098,
	5.77648 4.84081,
	5.78665 4.83064,
	5.79683 4.84081,
	"/>
<Contour name="d01ax03ssvr" hidden="true" closed="true" simplified="false" border="0 1 0.25098" fill="0 0 1" mode="-11"
 points="5.75905 4.89603,
	5.74887 4.88586,
	5.75905 4.87568,
	5.76922 4.88586,
	"/>
<Contour name="d01ax03ssvr" hidden="true" closed="true" simplified="false" border="0 1 0.25098" fill="0 0 1" mode="-11"
 points="5.71836 4.84808,
	5.70819 4.8379,
	5.71836 4.82773,
	5.72853 4.8379,
	"/>
<Contour name="d01ax03ssvr" hidden="true" closed="true" simplified="false" border="0 1 0.25098" fill="0 0 1" mode="-11"
 points="5.70092 4.90765,
	5.69075 4.89748,
	5.70092 4.88731,
	5.71109 4.89748,
	"/>
<Contour name="d01ax03ssvr" hidden="true" closed="true" simplified="false" border="0 1 0.25098" fill="0 0 1" mode="-11"
 points="5.69366 4.87278,
	5.68349 4.86261,
	5.69366 4.85244,
	5.70383 4.86261,
	"/>
<Contour name="d01ax03ssvr" hidden="true" closed="true" simplified="false" border="0 1 0.25098" fill="0 0 1" mode="-11"
 points="5.6922 4.84808,
	5.68203 4.8379,
	5.6922 4.82773,
	5.70238 4.8379,
	"/>
<Contour name="d01ax03ssvr" hidden="true" closed="true" simplified="false" border="0 1 0.25098" fill="0 0 1" mode="-11"
 points="5.68349 4.8103,
	5.67331 4.80012,
	5.68349 4.78995,
	5.69366 4.80012,
	"/>
<Contour name="d01ax03ssvr" hidden="true" closed="true" simplified="false" border="0 1 0.25098" fill="0 0 1" mode="-11"
 points="5.70238 4.80012,
	5.6922 4.78995,
	5.70238 4.77978,
	5.71255 4.78995,
	"/>
<Contour name="d01ax03ssvr" hidden="true" closed="true" simplified="false" border="0 1 0.25098" fill="0 0 1" mode="-11"
 points="5.67186 4.77397,
	5.66169 4.7638,
	5.67186 4.75363,
	5.68203 4.7638,
	"/>
<Contour name="d01ax03ssvr" hidden="true" closed="true" simplified="false" border="0 1 0.25098" fill="0 0 1" mode="-11"
 points="5.64861 4.73328,
	5.63844 4.72311,
	5.64861 4.71294,
	5.65878 4.72311,
	"/>
<Contour name="d01ax03ssvr" hidden="true" closed="true" simplified="false" border="0 1 0.25098" fill="0 0 1" mode="-11"
 points="5.5963 4.73619,
	5.58613 4.72602,
	5.5963 4.71585,
	5.60647 4.72602,
	"/>
<Contour name="d01ax03ssvr" hidden="true" closed="true" simplified="false" border="0 1 0.25098" fill="0 0 1" mode="-11"
 points="5.55997 4.72166,
	5.5498 4.71149,
	5.55997 4.70131,
	5.57014 4.71149,
	"/>
<Contour name="d01ax03ssvr" hidden="true" closed="true" simplified="false" border="0 1 0.25098" fill="0 0 1" mode="-11"
 points="5.5498 4.75653,
	5.53963 4.74636,
	5.5498 4.73619,
	5.55997 4.74636,
	"/>
<Contour name="d01ax03ssvr" hidden="true" closed="true" simplified="false" border="0 1 0.25098" fill="0 0 1" mode="-11"
 points="5.49023 4.73474,
	5.48005 4.72456,
	5.49023 4.71439,
	5.5004 4.72456,
	"/>
<Contour name="d01ax03ssvr" hidden="true" closed="true" simplified="false" border="0 1 0.25098" fill="0 0 1" mode="-11"
 points="5.44954 4.73474,
	5.43937 4.72456,
	5.44954 4.71439,
	5.45971 4.72456,
	"/>
<Contour name="d01ax03ssvr" hidden="true" closed="true" simplified="false" border="0 1 0.25098" fill="0 0 1" mode="-11"
 points="5.55997 4.80739,
	5.5498 4.79722,
	5.55997 4.78705,
	5.57014 4.79722,
	"/>
<Contour name="d01ax03ssvr" hidden="true" closed="true" simplified="false" border="0 1 0.25098" fill="0 0 1" mode="-11"
 points="5.58613 4.8132,
	5.57596 4.80303,
	5.58613 4.79286,
	5.5963 4.80303,
	"/>
<Contour name="d01ax03ssvr" hidden="true" closed="true" simplified="false" border="0 1 0.25098" fill="0 0 1" mode="-11"
 points="5.62246 4.82483,
	5.61228 4.81465,
	5.62246 4.80448,
	5.63263 4.81465,
	"/>
<Contour name="d01ax03ssvr" hidden="true" closed="true" simplified="false" border="0 1 0.25098" fill="0 0 1" mode="-11"
 points="5.62681 4.87278,
	5.61664 4.86261,
	5.62681 4.85244,
	5.63699 4.86261,
	"/>
<Contour name="d01ax03ssvr" hidden="true" closed="true" simplified="false" border="0 1 0.25098" fill="0 0 1" mode="-11"
 points="5.66169 4.91056,
	5.65152 4.90039,
	5.66169 4.89022,
	5.67186 4.90039,
	"/>
<Contour name="d01ax03ssvr" hidden="true" closed="true" simplified="false" border="0 1 0.25098" fill="0 0 1" mode="-11"
 points="5.68784 4.95415,
	5.67767 4.94398,
	5.68784 4.93381,
	5.69802 4.94398,
	"/>
<Contour name="d01ax03ssvr" hidden="true" closed="true" simplified="false" border="0 1 0.25098" fill="0 0 1" mode="-11"
 points="5.74306 4.99774,
	5.73289 4.98757,
	5.74306 4.9774,
	5.75323 4.98757,
	"/>
<Contour name="d01ax03ssvr" hidden="true" closed="true" simplified="false" border="0 1 0.25098" fill="0 0 1" mode="-11"
 points="5.76631 5.00791,
	5.75614 4.99774,
	5.76631 4.98757,
	5.77648 4.99774,
	"/>
<Contour name="d01ax03ssvr" hidden="true" closed="true" simplified="false" border="0 1 0.25098" fill="0 0 1" mode="-11"
 points="5.74597 5.03407,
	5.7358 5.0239,
	5.74597 5.01373,
	5.75614 5.0239,
	"/>
<Contour name="d01ax03ssvr" hidden="true" closed="true" simplified="false" border="0 1 0.25098" fill="0 0 1" mode="-11"
 points="5.71836 5.05296,
	5.70819 5.04279,
	5.71836 5.03262,
	5.72853 5.04279,
	"/>
<Contour name="d01ax03ssvr" hidden="true" closed="true" simplified="false" border="0 1 0.25098" fill="0 0 1" mode="-11"
 points="5.67186 5.08057,
	5.66169 5.0704,
	5.67186 5.06023,
	5.68203 5.0704,
	"/>
<Contour name="d01ax03ssvr" hidden="true" closed="true" simplified="false" border="0 1 0.25098" fill="0 0 1" mode="-11"
 points="5.62827 5.04569,
	5.6181 5.03552,
	5.62827 5.02535,
	5.63844 5.03552,
	"/>
<Contour name="d01ax03ssvr" hidden="true" closed="true" simplified="false" border="0 1 0.25098" fill="0 0 1" mode="-11"
 points="5.67622 5.01227,
	5.66605 5.0021,
	5.67622 4.99193,
	5.68639 5.0021,
	"/>
<Contour name="d01ax03ssvr" hidden="true" closed="true" simplified="false" border="0 1 0.25098" fill="0 0 1" mode="-11"
 points="5.62972 4.95851,
	5.61955 4.94834,
	5.62972 4.93817,
	5.63989 4.94834,
	"/>
<Contour name="d01ax03ssvr" hidden="true" closed="true" simplified="false" border="0 1 0.25098" fill="0 0 1" mode="-11"
 points="5.60211 4.93235,
	5.59194 4.92218,
	5.60211 4.91201,
	5.61228 4.92218,
	"/>
<Contour name="d01ax03ssvr" hidden="true" closed="true" simplified="false" border="0 1 0.25098" fill="0 0 1" mode="-11"
 points="5.56869 4.88004,
	5.55852 4.86987,
	5.56869 4.8597,
	5.57886 4.86987,
	"/>
<Contour name="d01ax03ssvr" hidden="true" closed="true" simplified="false" border="0 1 0.25098" fill="0 0 1" mode="-11"
 points="5.53672 4.91201,
	5.52655 4.90184,
	5.53672 4.89167,
	5.5469 4.90184,
	"/>
<Contour name="d01ax03ssvr" hidden="true" closed="true" simplified="false" border="0 1 0.25098" fill="0 0 1" mode="-11"
 points="5.55125 4.94253,
	5.54108 4.93235,
	5.55125 4.92218,
	5.56143 4.93235,
	"/>
<Contour name="d01ax03ssvr" hidden="true" closed="true" simplified="false" border="0 1 0.25098" fill="0 0 1" mode="-11"
 points="5.55852 5.00791,
	5.54835 4.99774,
	5.55852 4.98757,
	5.56869 4.99774,
	"/>
<Contour name="d01ax03ssvr" hidden="true" closed="true" simplified="false" border="0 1 0.25098" fill="0 0 1" mode="-11"
 points="5.52655 4.95706,
	5.51638 4.94689,
	5.52655 4.93671,
	5.53672 4.94689,
	"/>
<Contour name="d01ax03ssvr" hidden="true" closed="true" simplified="false" border="0 1 0.25098" fill="0 0 1" mode="-11"
 points="5.51638 5.01082,
	5.50621 5.00065,
	5.51638 4.99048,
	5.52655 5.00065,
	"/>
<Contour name="d01ax03ssvr" hidden="true" closed="true" simplified="false" border="0 1 0.25098" fill="0 0 1" mode="-11"
 points="5.55852 5.06313,
	5.54835 5.05296,
	5.55852 5.04279,
	5.56869 5.05296,
	"/>
<Contour name="d01ax03ssvr" hidden="true" closed="true" simplified="false" border="0 1 0.25098" fill="0 0 1" mode="-11"
 points="5.58032 5.10672,
	5.57014 5.09655,
	5.58032 5.08638,
	5.59049 5.09655,
	"/>
<Contour name="d01ax03ssvr" hidden="true" closed="true" simplified="false" border="0 1 0.25098" fill="0 0 1" mode="-11"
 points="5.57741 5.14886,
	5.56724 5.13869,
	5.57741 5.12852,
	5.58758 5.13869,
	"/>
<Contour name="d01ax03ssvr" hidden="true" closed="true" simplified="false" border="0 1 0.25098" fill="0 0 1" mode="-11"
 points="5.61228 5.16775,
	5.60211 5.15758,
	5.61228 5.14741,
	5.62246 5.15758,
	"/>
<Contour name="d01ax03ssvr" hidden="true" closed="true" simplified="false" border="0 1 0.25098" fill="0 0 1" mode="-11"
 points="5.53382 5.18374,
	5.52365 5.17357,
	5.53382 5.16339,
	5.54399 5.17357,
	"/>
<Contour name="d01ax03ssvr" hidden="true" closed="true" simplified="false" border="0 1 0.25098" fill="0 0 1" mode="-11"
 points="5.53527 5.13724,
	5.5251 5.12707,
	5.53527 5.1169,
	5.54544 5.12707,
	"/>
<Contour name="d01ax03ssvr" hidden="true" closed="true" simplified="false" border="0 1 0.25098" fill="0 0 1" mode="-11"
 points="5.51493 5.08929,
	5.50476 5.07912,
	5.51493 5.06894,
	5.5251 5.07912,
	"/>
<Contour name="d01ax03ssvr" hidden="true" closed="true" simplified="false" border="0 1 0.25098" fill="0 0 1" mode="-11"
 points="5.49023 5.16194,
	5.48005 5.15177,
	5.49023 5.1416,
	5.5004 5.15177,
	"/>
<Contour name="d01ax03ssvr" hidden="true" closed="true" simplified="false" border="0 1 0.25098" fill="0 0 1" mode="-11"
 points="5.48151 5.12997,
	5.47134 5.1198,
	5.48151 5.10963,
	5.49168 5.1198,
	"/>
<Contour name="d01ax03ssvr" hidden="true" closed="true" simplified="false" border="0 1 0.25098" fill="0 0 1" mode="-11"
 points="5.46116 5.08493,
	5.45099 5.07476,
	5.46116 5.06458,
	5.47134 5.07476,
	"/>
<Contour name="d01ax03ssvr" hidden="true" closed="true" simplified="false" border="0 1 0.25098" fill="0 0 1" mode="-11"
 points="5.4539 5.04569,
	5.44373 5.03552,
	5.4539 5.02535,
	5.46407 5.03552,
	"/>
<Contour name="d01ax03ssvr" hidden="true" closed="true" simplified="false" border="0 1 0.25098" fill="0 0 1" mode="-11"
 points="5.4292 5.13433,
	5.41902 5.12416,
	5.4292 5.11399,
	5.43937 5.12416,
	"/>
<Contour name="d01ax03ssvr" hidden="true" closed="true" simplified="false" border="0 1 0.25098" fill="0 0 1" mode="-11"
 points="5.40304 5.08929,
	5.39287 5.07912,
	5.40304 5.06894,
	5.41321 5.07912,
	"/>
<Contour name="d01ax03ssvr" hidden="true" closed="true" simplified="false" border="0 1 0.25098" fill="0 0 1" mode="-11"
 points="5.37107 5.05877,
	5.3609 5.0486,
	5.37107 5.03843,
	5.38124 5.0486,
	"/>
<Contour name="d01ax03ssvr" hidden="true" closed="true" simplified="false" border="0 1 0.25098" fill="0 0 1" mode="-11"
 points="5.46988 4.83936,
	5.45971 4.82919,
	5.46988 4.81901,
	5.48005 4.82919,
	"/>
<Contour name="d01ax03ssvr" hidden="true" closed="true" simplified="false" border="0 1 0.25098" fill="0 0 1" mode="-11"
 points="5.25483 4.75653,
	5.24466 4.74636,
	5.25483 4.73619,
	5.265 4.74636,
	"/>
</Transform>

<Transform dim="6"
 xcoef=" 0.0925077492284508 0.998543026644729 -0.0100712961618164 0 0 0"
 ycoef=" 0.224452645116536 -0.00237123459751437 0.975240597849761 0 0 0">
<Contour name="d01ax06ssvr" hidden="true" closed="true" simplified="false" border="0 1 0.25098" fill="0 0 1" mode="-11"
 points="4.55142 2.04587,
	4.5404 2.03485,
	4.55142 2.02383,
	4.56244 2.03485,
	"/>
<Contour name="d01ax06ssvr" hidden="true" closed="true" simplified="false" border="0 1 0.25098" fill="0 0 1" mode="-11"
 points="4.53883 2.08208,
	4.52781 2.07106,
	4.53883 2.06004,
	4.54985 2.07106,
	"/>
<Contour name="d01ax06ssvr" hidden="true" closed="true" simplified="false" border="0 1 0.25098" fill="0 0 1" mode="-11"
 points="4.58291 2.0994,
	4.57189 2.08838,
	4.58291 2.07736,
	4.59393 2.08838,
	"/>
<Contour name="d01ax06ssvr" hidden="true" closed="true" simplified="false" border="0 1 0.25098" fill="0 0 1" mode="-11"
 points="4.64903 2.13718,
	4.63801 2.12616,
	4.64903 2.11514,
	4.66005 2.12616,
	"/>
<Contour name="d01ax06ssvr" hidden="true" closed="true" simplified="false" border="0 1 0.25098" fill="0 0 1" mode="-11"
 points="4.58134 2.19071,
	4.57032 2.17969,
	4.58134 2.16867,
	4.59236 2.17969,
	"/>
<Contour name="d01ax06ssvr" hidden="true" closed="true" simplified="false" border="0 1 0.25098" fill="0 0 1" mode="-11"
 points="4.54513 2.18599,
	4.53411 2.17497,
	4.54513 2.16395,
	4.55615 2.17497,
	"/>
<Contour name="d01ax06ssvr" hidden="true" closed="true" simplified="false" border="0 1 0.25098" fill="0 0 1" mode="-11"
 points="4.51836 2.1545,
	4.50734 2.14348,
	4.51836 2.13246,
	4.52938 2.14348,
	"/>
<Contour name="d01ax06ssvr" hidden="true" closed="true" simplified="false" border="0 1 0.25098" fill="0 0 1" mode="-11"
 points="4.48687 2.10727,
	4.47585 2.09625,
	4.48687 2.08523,
	4.4979 2.09625,
	"/>
<Contour name="d01ax06ssvr" hidden="true" closed="true" simplified="false" border="0 1 0.25098" fill="0 0 1" mode="-11"
 points="4.47585 2.07893,
	4.46483 2.06791,
	4.47585 2.05689,
	4.48687 2.06791,
	"/>
<Contour name="d01ax06ssvr" hidden="true" closed="true" simplified="false" border="0 1 0.25098" fill="0 0 1" mode="-11"
 points="4.40658 1.98762,
	4.39556 1.9766,
	4.40658 1.96558,
	4.4176 1.9766,
	"/>
<Contour name="d01ax06ssvr" hidden="true" closed="true" simplified="false" border="0 1 0.25098" fill="0 0 1" mode="-11"
 points="4.39871 2.0254,
	4.38769 2.01438,
	4.39871 2.00336,
	4.40973 2.01438,
	"/>
<Contour name="d01ax06ssvr" hidden="true" closed="true" simplified="false" border="0 1 0.25098" fill="0 0 1" mode="-11"
 points="4.35306 2.06161,
	4.34204 2.05059,
	4.35306 2.03957,
	4.36408 2.05059,
	"/>
<Contour name="d01ax06ssvr" hidden="true" closed="true" simplified="false" border="0 1 0.25098" fill="0 0 1" mode="-11"
 points="4.35306 2.10727,
	4.34204 2.09625,
	4.35306 2.08523,
	4.36408 2.09625,
	"/>
<Contour name="d01ax06ssvr" hidden="true" closed="true" simplified="false" border="0 1 0.25098" fill="0 0 1" mode="-11"
 points="4.37825 2.1482,
	4.36722 2.13718,
	4.37825 2.12616,
	4.38927 2.13718,
	"/>
<Contour name="d01ax06ssvr" hidden="true" closed="true" simplified="false" border="0 1 0.25098" fill="0 0 1" mode="-11"
 points="4.38139 2.19071,
	4.37037 2.17969,
	4.38139 2.16867,
	4.39241 2.17969,
	"/>
<Contour name="d01ax06ssvr" hidden="true" closed="true" simplified="false" border="0 1 0.25098" fill="0 0 1" mode="-11"
 points="4.34361 2.17497,
	4.33259 2.16395,
	4.34361 2.15293,
	4.35463 2.16395,
	"/>
<Contour name="d01ax06ssvr" hidden="true" closed="true" simplified="false" border="0 1 0.25098" fill="0 0 1" mode="-11"
 points="4.31212 2.16552,
	4.3011 2.1545,
	4.31212 2.14348,
	4.32314 2.1545,
	"/>
<Contour name="d01ax06ssvr" hidden="true" closed="true" simplified="false" border="0 1 0.25098" fill="0 0 1" mode="-11"
 points="4.27276 2.12774,
	4.26174 2.11672,
	4.27276 2.10569,
	4.28378 2.11672,
	"/>
<Contour name="d01ax06ssvr" hidden="true" closed="true" simplified="false" border="0 1 0.25098" fill="0 0 1" mode="-11"
 points="4.23813 2.1419,
	4.22711 2.13088,
	4.23813 2.11986,
	4.24915 2.13088,
	"/>
<Contour name="d01ax06ssvr" hidden="true" closed="true" simplified="false" border="0 1 0.25098" fill="0 0 1" mode="-11"
 points="4.27119 2.2159,
	4.26017 2.20488,
	4.27119 2.19386,
	4.28221 2.20488,
	"/>
<Contour name="d01ax06ssvr" hidden="true" closed="true" simplified="false" border="0 1 0.25098" fill="0 0 1" mode="-11"
 points="4.2948 2.24739,
	4.28378 2.23637,
	4.2948 2.22535,
	4.30583 2.23637,
	"/>
<Contour name="d01ax06ssvr" hidden="true" closed="true" simplified="false" border="0 1 0.25098" fill="0 0 1" mode="-11"
 points="4.29953 2.28045,
	4.28851 2.26943,
	4.29953 2.25841,
	4.31055 2.26943,
	"/>
<Contour name="d01ax06ssvr" hidden="true" closed="true" simplified="false" border="0 1 0.25098" fill="0 0 1" mode="-11"
 points="4.34518 2.23322,
	4.33416 2.2222,
	4.34518 2.21118,
	4.3562 2.2222,
	"/>
<Contour name="d01ax06ssvr" hidden="true" closed="true" simplified="false" border="0 1 0.25098" fill="0 0 1" mode="-11"
 points="4.41131 2.24424,
	4.40029 2.23322,
	4.41131 2.2222,
	4.42233 2.23322,
	"/>
<Contour name="d01ax06ssvr" hidden="true" closed="true" simplified="false" border="0 1 0.25098" fill="0 0 1" mode="-11"
 points="4.42862 2.29462,
	4.4176 2.2836,
	4.42862 2.27258,
	4.43964 2.2836,
	"/>
<Contour name="d01ax06ssvr" hidden="true" closed="true" simplified="false" border="0 1 0.25098" fill="0 0 1" mode="-11"
 points="4.38454 2.33398,
	4.37352 2.32295,
	4.38454 2.31193,
	4.39556 2.32295,
	"/>
<Contour name="d01ax06ssvr" hidden="true" closed="true" simplified="false" border="0 1 0.25098" fill="0 0 1" mode="-11"
 points="4.46326 2.25211,
	4.45224 2.24109,
	4.46326 2.23007,
	4.47428 2.24109,
	"/>
<Contour name="d01ax06ssvr" hidden="true" closed="true" simplified="false" border="0 1 0.25098" fill="0 0 1" mode="-11"
 points="4.47585 2.2222,
	4.46483 2.21118,
	4.47585 2.20016,
	4.48687 2.21118,
	"/>
<Contour name="d01ax06ssvr" hidden="true" closed="true" simplified="false" border="0 1 0.25098" fill="0 0 1" mode="-11"
 points="4.50734 2.23794,
	4.49632 2.22692,
	4.50734 2.2159,
	4.51836 2.22692,
	"/>
<Contour name="d01ax06ssvr" hidden="true" closed="true" simplified="false" border="0 1 0.25098" fill="0 0 1" mode="-11"
 points="4.33259 1.99706,
	4.32157 1.98604,
	4.33259 1.97502,
	4.34361 1.98604,
	"/>
<Contour name="d01ax06ssvr" hidden="true" closed="true" simplified="false" border="0 1 0.25098" fill="0 0 1" mode="-11"
 points="4.29795 1.97188,
	4.28693 1.96085,
	4.29795 1.94983,
	4.30897 1.96085,
	"/>
<Contour name="d01ax06ssvr" hidden="true" closed="true" simplified="false" border="0 1 0.25098" fill="0 0 1" mode="-11"
 points="4.29795 1.9152,
	4.28693 1.90418,
	4.29795 1.89316,
	4.30897 1.90418,
	"/>
</Transform>

<Transform dim="6"
 xcoef=" 0.0925077492284508 0.998543026644729 -0.0100712961618164 0 0 0"
 ycoef=" 0.224452645116536 -0.00237123459751437 0.975240597849761 0 0 0">
<Contour name="d13" hidden="true" closed="true" simplified="true" border="1 1 0" fill="1 1 0" mode="11"
 points="1.66115 0.417698,
	1.67079 0.404846,
	1.68364 0.404846,
	1.70935 0.417698,
	1.7222 0.427337,
	1.73505 0.43055,
	1.7479 0.440189,
	1.76076 0.443402,
	1.76718 0.449828,
	1.81859 0.462681,
	1.8443 0.469107,
	1.85715 0.469107,
	1.90856 0.488385,
	1.93426 0.498024,
	1.9439 0.501237,
	1.96961 0.498024,
	1.99531 0.501237,
	2.00816 0.501237,
	2.03387 0.510877,
	2.05957 0.51409,
	2.07564 0.539794,
	2.06921 0.591203,
	2.066 0.604055,
	2.04351 0.626547,
	2.0178 0.632973,
	1.9921 0.62976,
	1.94069 0.610481,
	1.88928 0.597629,
	1.86357 0.58799,
	1.85072 0.578351,
	1.82502 0.568712,
	1.72541 0.507663,
	1.67722 0.465894,
	1.66115 0.440189,
	1.66115 0.427337,
	1.66115 0.420911,
	"/>
</Transform>

<Transform dim="6"
 xcoef=" 0.0925077492284508 0.998543026644729 -0.0100712961618164 0 0 0"
 ycoef=" 0.224452645116536 -0.00237123459751437 0.975240597849761 0 0 0">
<Contour name="d01SER" hidden="true" closed="true" simplified="true" border="0 1 0" fill="0 1 0" mode="11"
 points="4.6004 4.01269,
	4.6033 4.00111,
	4.60909 3.99532,
	4.62067 3.99242,
	4.62935 4.00111,
	4.63515 4.004,
	4.63515 4.01558,
	4.62646 4.02427,
	4.6033 4.02137,
	4.6004 4.01558,
	"/>
<Contour name="d01SER" hidden="true" closed="true" simplified="true" border="0 1 0" fill="0 1 0" mode="11"
 points="4.40932 3.89978,
	4.41511 3.89399,
	4.43827 3.89109,
	4.44986 3.89109,
	4.46144 3.89978,
	4.46723 3.91136,
	4.47012 3.91715,
	4.46433 3.92294,
	4.41801 3.92004,
	4.40932 3.91136,
	4.40932 3.90267,
	"/>
<Contour name="d01SER" hidden="true" closed="true" simplified="true" border="0 1 0" fill="0 1 0" mode="11"
 points="4.18061 4.16034,
	4.18929 4.14876,
	4.20087 4.14586,
	4.21245 4.14876,
	4.22114 4.15744,
	4.21824 4.18061,
	4.21535 4.19219,
	4.20377 4.19508,
	4.19219 4.19219,
	4.18061 4.16902,
	4.18061 4.16323,
	"/>
</Transform>

<Transform dim="6"
 xcoef=" 0.0925077492284508 0.998543026644729 -0.0100712961618164 0 0 0"
 ycoef=" 0.224452645116536 -0.00237123459751437 0.975240597849761 0 0 0">
<Contour name="d01SER" hidden="true" closed="true" simplified="true" border="0 1 0" fill="0 1 0" mode="11"
 points="4.16034 4.03874,
	4.1835 4.03006,
	4.18929 4.02716,
	4.20956 4.04164,
	4.19798 4.05032,
	4.17482 4.05322,
	4.16323 4.05322,
	4.16034 4.04164,
	"/>
</Transform>

<Transform dim="6"
 xcoef=" 0.0925077492284508 0.998543026644729 -0.0100712961618164 0 0 0"
 ycoef=" 0.224452645116536 -0.00237123459751437 0.975240597849761 0 0 0">
<Contour name="d01p02" hidden="true" closed="true" simplified="false" border="1 0 0" fill="1 0 0" mode="-13"
 points="4.4774 4.35918,
	4.46931 4.35648,
	4.4774 4.35379,
	4.47201 4.3457,
	4.48009 4.35109,
	4.48279 4.34301,
	4.48548 4.35109,
	4.49357 4.3457,
	4.48818 4.35379,
	4.49626 4.35648,
	4.48818 4.35918,
	4.49357 4.36726,
	4.48548 4.36187,
	4.48279 4.36995,
	4.48009 4.36187,
	4.47201 4.36726,
	"/>
</Transform>

<Transform dim="6"
 xcoef=" 0.0925077492284508 0.998543026644729 -0.0100712961618164 0 0 0"
 ycoef=" 0.224452645116536 -0.00237123459751437 0.975240597849761 0 0 0">
<Contour name="d01p31" hidden="true" closed="true" simplified="false" border="1 0 0" fill="1 0 0" mode="-13"
 points="4.27528 4.40229,
	4.27528 4.3969,
	4.28067 4.39151,
	4.28606 4.39151,
	4.29145 4.3969,
	4.29145 4.40229,
	4.28606 4.40768,
	4.28067 4.40768,
	"/>
</Transform>

<Transform dim="6"
 xcoef=" 0.0925077492284508 0.998543026644729 -0.0100712961618164 0 0 0"
 ycoef=" 0.224452645116536 -0.00237123459751437 0.975240597849761 0 0 0">
<Contour name="mito03_mw_KH(ok)" hidden="true" closed="false" simplified="false" border="1 0 0.5" fill="1 0 0.5" mode="-9"
 points="7.02837 0.580584,
	7.055 0.767022,
	"/>
</Transform>

<Transform dim="0"
 xcoef=" 0 1 0 0 0 0"
 ycoef=" 0 0 1 0 0 0">
<Contour name="d01cfa02" hidden="true" closed="false" simplified="false" border="0 1 0" fill="0 1 0" mode="11"
 points="4.55564 4.25048,
	4.51301 4.25764,
	4.47189 4.26934,
	4.43341 4.28292,
	4.37984 4.30065,
	4.344 4.31461,
	"/>
</Transform>

<Transform dim="0"
 xcoef=" 0 1 0 0 0 0"
 ycoef=" 0 0 1 0 0 0">
<Contour name="d01c02" hidden="true" closed="true" simplified="true" border="1 0 0" fill="0 1 0" mode="11"
 points="4.33978 4.30687,
	4.34216 4.30052,
	4.34375 4.29735,
	4.34454 4.29576,
	4.34534 4.29497,
	4.34534 4.29418,
	4.34732 4.2918,
	4.35168 4.28545,
	4.35327 4.28387,
	4.35446 4.28307,
	4.35644 4.2799,
	4.36041 4.27514,
	4.36318 4.27355,
	4.36953 4.26761,
	4.37151 4.26642,
	4.37468 4.26443,
	4.37627 4.26324,
	4.37785 4.26285,
	4.37865 4.26205,
	4.37944 4.26205,
	4.38261 4.26007,
	4.38896 4.25848,
	4.40165 4.25729,
	4.41434 4.2569,
	4.41751 4.2561,
	4.41831 4.25531,
	4.42148 4.25452,
	4.42227 4.25373,
	4.43496 4.24936,
	4.44131 4.24698,
	4.44448 4.24619,
	4.44527 4.2454,
	4.45162 4.24341,
	4.45479 4.24262,
	4.45638 4.24222,
	4.45717 4.24143,
	4.46034 4.24103,
	4.46669 4.23905,
	4.47938 4.23707,
	4.48572 4.23588,
	4.49207 4.23548,
	4.50476 4.2331,
	4.50793 4.23231,
	4.51111 4.23231,
	4.51428 4.23152,
	4.52697 4.23152,
	4.53331 4.23152,
	4.54561 4.23429,
	4.54878 4.23588,
	4.54997 4.23628,
	4.55275 4.23826,
	4.55394 4.23905,
	4.55632 4.24222,
	4.55711 4.24381,
	4.5579 4.2446,
	4.5579 4.2454,
	4.5587 4.24619,
	4.55989 4.25254,
	4.55989 4.25888,
	4.55989 4.26205,
	4.55989 4.26364,
	4.56068 4.26523,
	4.56108 4.27157,
	4.56345 4.28426,
	4.56385 4.29695,
	4.56345 4.3033,
	4.56306 4.30647,
	4.56068 4.31282,
	4.56068 4.31361,
	4.5587 4.31678,
	4.55751 4.31837,
	4.55751 4.31916,
	4.55195 4.32352,
	4.54918 4.32511,
	4.54838 4.3259,
	4.54759 4.3259,
	4.54719 4.3267,
	4.5464 4.3267,
	4.54006 4.33106,
	4.53688 4.33304,
	4.5353 4.33383,
	4.5345 4.33463,
	4.53133 4.33582,
	4.52975 4.33621,
	4.52816 4.3374,
	4.52181 4.33978,
	4.52023 4.34018,
	4.51943 4.34097,
	4.51785 4.34137,
	4.51705 4.34137,
	4.51666 4.34216,
	4.51507 4.34216,
	4.5119 4.34375,
	4.51111 4.34375,
	4.51031 4.34454,
	4.50873 4.34454,
	4.50714 4.34573,
	4.50555 4.34573,
	4.49921 4.34811,
	4.49762 4.34811,
	4.49445 4.3493,
	4.49128 4.3497,
	4.49048 4.35049,
	4.4889 4.35049,
	4.4881 4.35128,
	4.48652 4.35128,
	4.48572 4.35128,
	4.48493 4.35208,
	4.48335 4.35208,
	4.477 4.35406,
	4.47383 4.35485,
	4.47224 4.35565,
	4.47065 4.35565,
	4.46986 4.35644,
	4.46828 4.35644,
	4.45558 4.36041,
	4.45241 4.3616,
	4.45083 4.36239,
	4.44924 4.36239,
	4.44845 4.36318,
	4.4421 4.36556,
	4.44051 4.36635,
	4.43972 4.36635,
	4.43932 4.36715,
	4.43774 4.36715,
	4.43457 4.36834,
	4.43298 4.36913,
	4.43139 4.36913,
	4.42981 4.37032,
	4.42822 4.37032,
	4.41553 4.37468,
	4.40918 4.37706,
	4.4076 4.37785,
	4.40601 4.37785,
	4.40522 4.37865,
	4.40205 4.37904,
	4.40046 4.37984,
	4.38777 4.38023,
	4.38142 4.37984,
	4.37825 4.37944,
	4.37508 4.37825,
	4.37468 4.37746,
	4.3731 4.37746,
	4.36992 4.37627,
	4.36834 4.37508,
	4.36754 4.37508,
	4.3616 4.37072,
	4.35723 4.36635,
	4.35644 4.36516,
	4.35485 4.36358,
	4.35406 4.36199,
	4.35406 4.3612,
	4.35327 4.3608,
	4.35327 4.36001,
	4.35247 4.35922,
	4.34771 4.34692,
	4.34732 4.34375,
	4.34613 4.34058,
	4.34573 4.3374,
	4.34494 4.33582,
	4.34494 4.33502,
	4.34375 4.33344,
	4.34375 4.33185,
	4.34375 4.33106,
	4.34296 4.33027,
	4.34296 4.32868,
	4.34216 4.32709,
	4.33978 4.3144,
	4.33978 4.30806,
	4.33978 4.30726,
	"/>
</Transform>

<Transform dim="0"
 xcoef=" 0 1 0 0 0 0"
 ycoef=" 0 0 1 0 0 0">
<Contour name="d01cfa31" hidden="true" closed="false" simplified="false" border="0 1 0" fill="0 1 0" mode="11"
 points="4.18434 4.21199,
	4.20088 4.26678,
	4.19847 4.31846,
	4.19709 4.33638,
	4.18537 4.35499,
	4.16263 4.37532,
	4.13196 4.39565,
	4.10302 4.40875,
	"/>
</Transform>

<Transform dim="0"
 xcoef=" 0 1 0 0 0 0"
 ycoef=" 0 0 1 0 0 0">
<Contour name="d01c31" hidden="true" closed="true" simplified="true" border="1 0 0" fill="0 1 0" mode="11"
 points="4.07843 4.35451,
	4.07925 4.35287,
	4.07925 4.35205,
	4.08008 4.35164,
	4.08008 4.35,
	4.0809 4.34959,
	4.0809 4.34795,
	4.08213 4.34672,
	4.08295 4.34631,
	4.08295 4.34549,
	4.08828 4.34016,
	4.09115 4.33728,
	4.09443 4.33523,
	4.09484 4.33441,
	4.09566 4.33441,
	4.0973 4.33277,
	4.10961 4.32457,
	4.11125 4.32416,
	4.11166 4.32334,
	4.1133 4.32293,
	4.11494 4.3217,
	4.11576 4.3217,
	4.12151 4.31759,
	4.12479 4.31554,
	4.12725 4.31308,
	4.12889 4.31226,
	4.13176 4.30939,
	4.13381 4.30693,
	4.13546 4.30529,
	4.13628 4.30365,
	4.1371 4.30324,
	4.1371 4.30242,
	4.13792 4.30201,
	4.13915 4.29872,
	4.14038 4.29667,
	4.14038 4.29585,
	4.1412 4.29503,
	4.1412 4.29421,
	4.14202 4.2938,
	4.14202 4.29216,
	4.14366 4.28888,
	4.14776 4.27575,
	4.14858 4.2495,
	4.14858 4.23637,
	4.14899 4.22981,
	4.15186 4.22365,
	4.15433 4.22037,
	4.1572 4.21791,
	4.15802 4.21791,
	4.15925 4.21668,
	4.16007 4.21668,
	4.16294 4.21422,
	4.16417 4.21299,
	4.16499 4.21299,
	4.16663 4.21176,
	4.1732 4.20889,
	4.17976 4.20806,
	4.18304 4.20889,
	4.18468 4.20889,
	4.18796 4.21053,
	4.1896 4.21094,
	4.19289 4.21299,
	4.19453 4.21422,
	4.19576 4.21463,
	4.19781 4.21668,
	4.19863 4.21668,
	4.20068 4.21873,
	4.20232 4.21914,
	4.2056 4.2216,
	4.20806 4.22447,
	4.20971 4.22529,
	4.21258 4.22817,
	4.21422 4.22981,
	4.21504 4.23145,
	4.21586 4.23186,
	4.21586 4.23268,
	4.21668 4.23309,
	4.21873 4.23965,
	4.21996 4.24293,
	4.22037 4.24622,
	4.2216 4.2495,
	4.22324 4.26262,
	4.22365 4.28888,
	4.22324 4.30201,
	4.22283 4.30857,
	4.22283 4.31185,
	4.22119 4.31841,
	4.22037 4.31923,
	4.22037 4.32088,
	4.21955 4.3217,
	4.21955 4.32334,
	4.21586 4.33646,
	4.21135 4.34959,
	4.21012 4.35287,
	4.2093 4.35451,
	4.2093 4.35616,
	4.20847 4.35698,
	4.20396 4.3701,
	4.20273 4.37133,
	4.20273 4.37215,
	4.20191 4.37256,
	4.20191 4.37338,
	4.19658 4.37954,
	4.1933 4.382,
	4.19001 4.38364,
	4.18919 4.38364,
	4.18837 4.38487,
	4.1855 4.38733,
	4.18386 4.38815,
	4.18304 4.38856,
	4.18304 4.38938,
	4.18017 4.39143,
	4.17894 4.39266,
	4.17812 4.39308,
	4.17812 4.3939,
	4.17279 4.39759,
	4.16622 4.4021,
	4.16458 4.40333,
	4.16376 4.40333,
	4.16212 4.40456,
	4.1613 4.40538,
	4.15966 4.40579,
	4.15802 4.40702,
	4.15638 4.40743,
	4.15474 4.40866,
	4.15309 4.40907,
	4.15145 4.4103,
	4.14817 4.41154,
	4.14653 4.41195,
	4.14571 4.41277,
	4.14243 4.414,
	4.14079 4.41441,
	4.13997 4.41441,
	4.13915 4.41523,
	4.13751 4.41523,
	4.13587 4.41646,
	4.1293 4.41851,
	4.12602 4.41892,
	4.12438 4.41974,
	4.11125 4.42015,
	4.10797 4.41974,
	4.10674 4.41892,
	4.10346 4.41605,
	4.09977 4.40948,
	4.09854 4.40784,
	4.09854 4.40702,
	4.09771 4.40661,
	4.09648 4.40333,
	4.09566 4.40169,
	4.09566 4.40087,
	4.09484 4.40005,
	4.09484 4.39923,
	4.09402 4.39841,
	4.09402 4.39759,
	4.09279 4.39595,
	4.09279 4.39431,
	4.09156 4.39308,
	4.09033 4.3902,
	4.08951 4.38856,
	4.08951 4.38774,
	4.08869 4.38774,
	4.08828 4.3861,
	4.08746 4.38569,
	4.08746 4.38487,
	4.08664 4.38446,
	4.08377 4.3779,
	4.08254 4.37462,
	4.08049 4.37133,
	4.08049 4.36969,
	4.07925 4.36641,
	4.07843 4.35985,
	4.07843 4.35657,
	4.07843 4.35492,
	"/>
</Transform>

<Transform dim="0"
 xcoef=" 0 1 0 0 0 0"
 ycoef=" 0 0 1 0 0 0">
<Contour name="d01cfa03" hidden="true" closed="false" simplified="false" border="0 1 0" fill="0 1 0" mode="11"
 points="5.80805 4.6241,
	5.74865 4.5609,
	5.71058 4.52283,
	5.65271 4.49161,
	5.56591 4.46496,
	5.39991 4.45506,
	5.31615 4.45582,
	"/>
</Transform>

<Transform dim="0"
 xcoef=" 0 1 0 0 0 0"
 ycoef=" 0 0 1 0 0 0">
<Contour name="d01c03" hidden="true" closed="true" simplified="true" border="1 0 0" fill="0 1 0" mode="11"
 points="5.29583 4.48109,
	5.3004 4.46967,
	5.30116 4.46662,
	5.30269 4.4651,
	5.30345 4.45901,
	5.30802 4.44759,
	5.30954 4.44454,
	5.31106 4.44378,
	5.31182 4.44073,
	5.31944 4.42931,
	5.32477 4.4255,
	5.32553 4.42398,
	5.32858 4.42322,
	5.34 4.41637,
	5.35218 4.41332,
	5.37655 4.41104,
	5.40091 4.41104,
	5.4131 4.41256,
	5.43746 4.41332,
	5.46183 4.41561,
	5.47401 4.41637,
	5.48619 4.41865,
	5.49229 4.41941,
	5.49533 4.41941,
	5.49762 4.42094,
	5.5098 4.42246,
	5.51589 4.42322,
	5.52807 4.4217,
	5.53416 4.42017,
	5.55853 4.42017,
	5.57071 4.42094,
	5.57681 4.4217,
	5.5829 4.42398,
	5.58442 4.4255,
	5.58747 4.4255,
	5.58899 4.4255,
	5.59051 4.42703,
	5.59356 4.42703,
	5.60574 4.43236,
	5.61716 4.44073,
	5.61945 4.44302,
	5.63163 4.44378,
	5.64381 4.44682,
	5.6499 4.44911,
	5.65295 4.45063,
	5.65447 4.45063,
	5.656 4.45215,
	5.66209 4.45444,
	5.66818 4.45825,
	5.6697 4.45825,
	5.67579 4.46205,
	5.67884 4.46434,
	5.68112 4.4651,
	5.68721 4.46891,
	5.69026 4.47043,
	5.69026 4.47195,
	5.69559 4.47424,
	5.69864 4.47652,
	5.70016 4.47652,
	5.71234 4.48566,
	5.72376 4.49327,
	5.72909 4.49708,
	5.73138 4.49936,
	5.7329 4.49936,
	5.73595 4.50241,
	5.74661 4.51002,
	5.74813 4.51155,
	5.74965 4.51155,
	5.76107 4.52145,
	5.76945 4.52982,
	5.77021 4.53058,
	5.77173 4.52982,
	5.77554 4.53515,
	5.78544 4.54429,
	5.7961 4.55495,
	5.80219 4.56104,
	5.80219 4.56256,
	5.81057 4.57322,
	5.81057 4.57475,
	5.81209 4.57551,
	5.8159 4.58769,
	5.81742 4.58921,
	5.81971 4.6014,
	5.81971 4.61358,
	5.81971 4.61967,
	5.81133 4.63109,
	5.80067 4.63947,
	5.79991 4.64099,
	5.79839 4.64099,
	5.78849 4.64937,
	5.78696 4.64937,
	5.7763 4.65774,
	5.76488 4.66384,
	5.76336 4.66384,
	5.76031 4.66612,
	5.75422 4.6684,
	5.75118 4.66917,
	5.74965 4.67069,
	5.74356 4.67297,
	5.73138 4.6745,
	5.72529 4.6745,
	5.70168 4.66612,
	5.70016 4.66612,
	5.69864 4.6646,
	5.69711 4.6646,
	5.69178 4.66079,
	5.69026 4.66079,
	5.6895 4.65927,
	5.67884 4.65394,
	5.67351 4.65013,
	5.67199 4.64785,
	5.6598 4.64099,
	5.65904 4.63947,
	5.65752 4.63947,
	5.65143 4.6349,
	5.64838 4.63414,
	5.64762 4.63262,
	5.64457 4.63186,
	5.63239 4.625,
	5.62934 4.625,
	5.61792 4.61891,
	5.61183 4.6151,
	5.61031 4.61358,
	5.60422 4.6113,
	5.60117 4.61053,
	5.59813 4.60825,
	5.57376 4.6014,
	5.56158 4.59759,
	5.53721 4.59302,
	5.48848 4.59074,
	5.46411 4.58921,
	5.43975 4.58541,
	5.42756 4.58388,
	5.4032 4.57779,
	5.3971 4.57551,
	5.39101 4.57475,
	5.37883 4.57094,
	5.37578 4.56942,
	5.37274 4.56942,
	5.36132 4.56485,
	5.34913 4.5618,
	5.34304 4.55952,
	5.34152 4.55952,
	5.34 4.558,
	5.33391 4.55571,
	5.33238 4.55571,
	5.33086 4.55419,
	5.32477 4.5519,
	5.32172 4.55114,
	5.31868 4.54886,
	5.31563 4.5481,
	5.30573 4.53896,
	5.30269 4.53363,
	5.29888 4.52145,
	5.29888 4.5184,
	5.29659 4.51231,
	5.29583 4.48794,
	5.29583 4.48185,
	"/>
</Transform>

<Transform dim="6"
 xcoef=" 0.352305667017713 0.914469466316788 0.0354086425442942 0 0 0"
 ycoef=" 0.785041929356143 -0.0544320166333272 0.990713769141131 0 0 0">
<Image mag="0.00220626" contrast="1.3401" brightness="-0.465" red="true" green="true" blue="true"
 src="FPNCT.22.jpg" />
<Contour name="domain1" hidden="false" closed="true" simplified="false" border="1 0 1" fill="1 0 1" mode="11"
 points="0 0,
	4096 0,
	4096 4096,
	0 4096,
	"/>
</Transform>

<Transform dim="0"
 xcoef=" 0 1 0 0 0 0"
 ycoef=" 0 0 1 0 0 0">
<Contour name="d01" hidden="true" closed="true" simplified="true" border="1 1 0" fill="1 1 0" mode="11"
 points="4.0024 4.05548,
	4.0133 4.03735,
	4.02867 4.02148,
	4.03528 4.01695,
	4.05268 3.98294,
	4.0634 3.94663,
	4.08078 3.91034,
	4.10259 3.87407,
	4.11351 3.85819,
	4.11999 3.84004,
	4.11981 3.82187,
	4.12636 3.8128,
	4.13075 3.80827,
	4.16612 3.79701,
	4.17056 3.79702,
	4.17934 3.78796,
	4.19228 3.75166,
	4.19441 3.74258,
	4.20097 3.73351,
	4.20979 3.72899,
	4.21418 3.72446,
	4.28523 3.73145,
	4.32078 3.73834,
	4.33857 3.74293,
	4.40952 3.74083,
	4.44512 3.75227,
	4.44956 3.75228,
	4.45404 3.75684,
	4.45847 3.75685,
	4.47633 3.76824,
	4.49412 3.77283,
	4.56553 3.81615,
	4.57 3.8207,
	4.58777 3.82301,
	4.62348 3.84581,
	4.65705 3.87541,
	4.67957 3.90952,
	4.68641 3.92771,
	4.70207 3.94137,
	4.70882 3.95047,
	4.71584 3.98682,
	4.71399 4.02315,
	4.6944 4.05944,
	4.68783 4.0685,
	4.68357 4.08666,
	4.68653 4.15933,
	4.69133 4.19567,
	4.69142 4.20476,
	4.68703 4.20929,
	4.68056 4.22743,
	4.66515 4.23876,
	4.59441 4.26129,
	4.55903 4.27256,
	4.48814 4.2792,
	4.47042 4.28142,
	4.43507 4.29496,
	4.39976 4.31305,
	4.36451 4.33567,
	4.32932 4.3651,
	4.31174 4.38096,
	4.24335 4.41712,
	4.2257 4.42617,
	4.22131 4.4307,
	4.21247 4.43294,
	4.20803 4.43293,
	4.20364 4.43746,
	4.16824 4.44646,
	4.15057 4.45323,
	4.13294 4.46454,
	4.12413 4.47133,
	4.1064 4.47129,
	4.07084 4.46439,
	4.06189 4.45756,
	4.06153 4.42123,
	4.06578 4.40307,
	4.06569 4.39398,
	4.08106 4.37812,
	4.08995 4.38042,
	4.1076 4.37138,
	4.11204 4.37139,
	4.11643 4.36686,
	4.13411 4.36008,
	4.15173 4.34878,
	4.15617 4.34879,
	4.16497 4.342,
	4.1759 4.32613,
	4.18237 4.30798,
	4.18644 4.27166,
	4.18856 4.26258,
	4.19073 4.25804,
	4.18843 4.24895,
	4.18394 4.2444,
	4.18164 4.23531,
	4.17036 4.21712,
	4.17031 4.21258,
	4.16583 4.20802,
	4.16579 4.20348,
	4.15904 4.19438,
	4.15886 4.17621,
	4.15433 4.16712,
	4.13647 4.15572,
	4.11858 4.13978,
	4.10733 4.12386,
	4.09168 4.11247,
	4.0739 4.10789,
	4.03841 4.1078,
	4.02065 4.10548,
	4.01171 4.09865,
	4.00487 4.08046,
	4.00247 4.0623,
	4.00242 4.05776,
	"/>
</Transform>

<Transform dim="1"
 xcoef=" 0.01 1 0 0 0 0"
 ycoef=" 0 0 1 0 0 0">
<Contour name="d01_cl02_syn_symm" hidden="true" closed="true" simplified="true" border="1 1 0" fill="1 1 0" mode="11"
 points="4.0024 4.05548,
	4.0133 4.03735,
	4.02867 4.02148,
	4.03528 4.01695,
	4.05268 3.98294,
	4.0634 3.94663,
	4.08078 3.91034,
	4.10259 3.87407,
	4.11351 3.85819,
	4.11999 3.84004,
	4.11981 3.82187,
	4.12636 3.8128,
	4.13075 3.80827,
	4.16612 3.79701,
	4.17056 3.79702,
	4.17934 3.78796,
	4.19228 3.75166,
	4.19441 3.74258,
	4.20097 3.73351,
	4.20979 3.72899,
	4.21418 3.72446,
	4.28523 3.73145,
	4.32078 3.73834,
	4.33857 3.74293,
	4.40952 3.74083,
	4.44512 3.75227,
	4.44956 3.75228,
	4.45404 3.75684,
	4.45847 3.75685,
	4.47633 3.76824,
	4.49412 3.77283,
	4.56553 3.81615,
	4.57 3.8207,
	4.58777 3.82301,
	4.62348 3.84581,
	4.65705 3.87541,
	4.67957 3.90952,
	4.68641 3.92771,
	4.70207 3.94137,
	4.70882 3.95047,
	4.71584 3.98682,
	4.71399 4.02315,
	4.6944 4.05944,
	4.68783 4.0685,
	4.68357 4.08666,
	4.68653 4.15933,
	4.69133 4.19567,
	4.69142 4.20476,
	4.68703 4.20929,
	4.68056 4.22743,
	4.66515 4.23876,
	4.59441 4.26129,
	4.55903 4.27256,
	4.48814 4.2792,
	4.47042 4.28142,
	4.43507 4.29496,
	4.39976 4.31305,
	4.36451 4.33567,
	4.32932 4.3651,
	4.31174 4.38096,
	4.24335 4.41712,
	4.2257 4.42617,
	4.22131 4.4307,
	4.21247 4.43294,
	4.20803 4.43293,
	4.20364 4.43746,
	4.16824 4.44646,
	4.15057 4.45323,
	4.13294 4.46454,
	4.12413 4.47133,
	4.1064 4.47129,
	4.07084 4.46439,
	4.06189 4.45756,
	4.06153 4.42123,
	4.06578 4.40307,
	4.06569 4.39398,
	4.08106 4.37812,
	4.08995 4.38042,
	4.1076 4.37138,
	4.11204 4.37139,
	4.11643 4.36686,
	4.13411 4.36008,
	4.15173 4.34878,
	4.15617 4.34879,
	4.16497 4.342,
	4.1759 4.32613,
	4.18237 4.30798,
	4.18644 4.27166,
	4.18856 4.26258,
	4.19073 4.25804,
	4.18843 4.24895,
	4.18394 4.2444,
	4.18164 4.23531,
	4.17036 4.21712,
	4.17031 4.21258,
	4.16583 4.20802,
	4.16579 4.20348,
	4.15904 4.19438,
	4.15886 4.17621,
	4.15433 4.16712,
	4.13647 4.15572,
	4.11858 4.13978,
	4.10733 4.12386,
	4.09168 4.11247,
	4.0739 4.10789,
	4.03841 4.1078,
	4.02065 4.10548,
	4.01171 4.09865,
	4.00487 4.08046,
	4.00247 4.0623,
	4.00242 4.05776,
	"/>
</Transform>

<Transform dim="0"
 xcoef=" 0 1 0 0 0 0"
 ycoef=" 0 0 1 0 0 0">
<Contour name="d03_INC" hidden="true" closed="true" simplified="false" border="1 0 0" fill="1 0 0" mode="-13"
 points="5.91343 0.126183,
	5.92814 0.105589,
	5.91343 0.0849939,
	5.92226 0.0849939,
	5.93402 0.102646,
	5.94579 0.0849939,
	5.95462 0.0849939,
	5.93991 0.105589,
	5.95462 0.126183,
	5.94579 0.126183,
	5.93402 0.108531,
	5.92226 0.126183,
	"/>
</Transform>

<Transform dim="0"
 xcoef=" 0 1 0 0 0 0"
 ycoef=" 0 0 1 0 0 0">
<Contour name="d01_centroid_S022" hidden="true" closed="true" simplified="false" border="1 0 0" fill="0 1 0" mode="11"
 points="4.35948 4.05738,
	4.35948 4.05582,
	4.36105 4.05425,
	4.36262 4.05425,
	4.36418 4.05582,
	4.36418 4.05738,
	4.36262 4.05895,
	4.36105 4.05895,
	"/>
</Transform>

<Transform dim="0"
 xcoef=" 0 1 0 0 0 0"
 ycoef=" 0 0 1 0 0 0">
<Contour name="d01_sp02" hidden="true" closed="true" simplified="true" border="1 1 0" fill="1 1 0" mode="11"
 points="4.34988 4.86473,
	4.35644 4.85566,
	4.3741 4.84662,
	4.40951 4.8399,
	4.48051 4.84234,
	4.51599 4.84242,
	4.53369 4.83792,
	4.55144 4.83797,
	4.5603 4.83799,
	4.596 4.85851,
	4.60727 4.87671,
	4.61401 4.88581,
	4.61849 4.89036,
	4.61854 4.8949,
	4.62529 4.90401,
	4.62991 4.92218,
	4.63443 4.93127,
	4.6324 4.94944,
	4.61927 4.96756,
	4.60384 4.97661,
	4.58612 4.97885,
	4.56836 4.97653,
	4.55949 4.9765,
	4.54167 4.96965,
	4.53719 4.9651,
	4.50164 4.9582,
	4.48387 4.95588,
	4.47503 4.95814,
	4.46622 4.96493,
	4.44855 4.97169,
	4.4308 4.97165,
	4.42191 4.96936,
	4.40403 4.95569,
	4.38148 4.91931,
	4.35676 4.88745,
	4.35228 4.8829,
	4.34991 4.867,
	"/>
</Transform>

<Transform dim="0"
 xcoef=" 0 1 0 0 0 0"
 ycoef=" 0 0 1 0 0 0">
<Contour name="d01_sp03" hidden="true" closed="true" simplified="true" border="1 1 0" fill="1 1 0" mode="11"
 points="5.08901 4.04077,
	5.09689 4.02767,
	5.10003 4.02112,
	5.11274 4.01131,
	5.1191 4.0064,
	5.14472 4.00646,
	5.15754 4.0065,
	5.1832 4.01148,
	5.19607 4.01643,
	5.20897 4.02466,
	5.21542 4.02959,
	5.21876 4.04273,
	5.22519 4.04601,
	5.23803 4.04769,
	5.24443 4.0477,
	5.25731 4.0543,
	5.27022 4.06417,
	5.27668 4.0691,
	5.27992 4.07239,
	5.2863 4.07076,
	5.28951 4.07077,
	5.31533 4.09051,
	5.32823 4.09874,
	5.34928 4.12175,
	5.3622 4.13162,
	5.41371 4.15798,
	5.46512 4.1745,
	5.49073 4.17293,
	5.51631 4.16807,
	5.54182 4.15665,
	5.5546 4.1534,
	5.58032 4.16331,
	5.60596 4.16501,
	5.61881 4.16832,
	5.64459 4.18478,
	5.65751 4.19465,
	5.66396 4.19959,
	5.68185 4.22587,
	5.73316 4.23255,
	5.75884 4.23753,
	5.81053 4.28193,
	5.83638 4.30331,
	5.8493 4.31482,
	5.88666 4.36739,
	5.90001 4.41989,
	5.90828 4.44615,
	5.91976 4.47242,
	5.92629 4.48555,
	5.92956 4.49212,
	5.93143 4.51835,
	5.93156 4.53148,
	5.93163 4.53803,
	5.94151 4.5643,
	5.94477 4.57087,
	5.9448 4.57415,
	5.95615 4.58729,
	5.96269 4.60042,
	5.96602 4.61355,
	5.9807 4.63982,
	5.99218 4.66609,
	6.00045 4.69235,
	5.99591 4.71856,
	5.98656 4.74478,
	5.97241 4.77099,
	5.96605 4.77589,
	5.96453 4.78244,
	5.95665 4.79555,
	5.9489 4.82176,
	5.94756 4.84799,
	5.9429 4.8611,
	5.93181 4.8742,
	5.92546 4.8791,
	5.89989 4.88395,
	5.88708 4.88392,
	5.87421 4.87898,
	5.86132 4.87074,
	5.84998 4.85924,
	5.84345 4.8461,
	5.8285 4.79359,
	5.82663 4.76735,
	5.8281 4.75424,
	5.83285 4.74769,
	5.82617 4.72143,
	5.82284 4.70831,
	5.78868 4.65576,
	5.78054 4.64261,
	5.7772 4.62949,
	5.76253 4.60321,
	5.75438 4.59008,
	5.74144 4.57692,
	5.71563 4.55882,
	5.68979 4.53744,
	5.67691 4.53086,
	5.67049 4.5292,
	5.64469 4.5111,
	5.64145 4.50782,
	5.59016 4.50441,
	5.56449 4.49943,
	5.55164 4.49611,
	5.54521 4.49282,
	5.4939 4.48778,
	5.44264 4.48601,
	5.41703 4.48759,
	5.36574 4.48255,
	5.31459 4.4939,
	5.30823 4.4988,
	5.28265 4.50202,
	5.26985 4.50363,
	5.2442 4.50029,
	5.23777 4.49863,
	5.21219 4.50349,
	5.18666 4.51163,
	5.16106 4.51484,
	5.15465 4.51482,
	5.14493 4.50333,
	5.14006 4.49675,
	5.13682 4.49346,
	5.13515 4.48691,
	5.13028 4.48033,
	5.13015 4.46722,
	5.1411 4.441,
	5.14897 4.42791,
	5.16169 4.4181,
	5.18726 4.41324,
	5.20004 4.41,
	5.22554 4.39693,
	5.2319 4.39367,
	5.24765 4.36748,
	5.25553 4.35437,
	5.26648 4.32817,
	5.27102 4.30194,
	5.27409 4.28882,
	5.27885 4.28392,
	5.27711 4.27079,
	5.27224 4.26423,
	5.269 4.26094,
	5.26733 4.25437,
	5.23157 4.20182,
	5.21369 4.17553,
	5.20237 4.16403,
	5.18947 4.1558,
	5.18302 4.15086,
	5.15727 4.13932,
	5.14437 4.12945,
	5.13142 4.1163,
	5.11851 4.10643,
	5.09742 4.08015,
	5.09255 4.07357,
	5.08921 4.06045,
	5.08908 4.04732,
	5.08903 4.04241,
	"/>
</Transform>

<Transform dim="0"
 xcoef=" 0 1 0 0 0 0"
 ycoef=" 0 0 1 0 0 0">
<Contour name="d01_sp06" hidden="true" closed="true" simplified="true" border="1 1 0" fill="1 1 0" mode="11"
 points="3.97407 2.20664,
	3.99406 2.15874,
	4.02876 2.11687,
	4.05203 2.10195,
	4.06367 2.09598,
	4.08712 2.09904,
	4.09888 2.10506,
	4.12863 2.15308,
	4.13168 2.16507,
	4.12899 2.18903,
	4.13216 2.21301,
	4.12655 2.23697,
	4.12996 2.28492,
	4.13313 2.30889,
	4.13911 2.3209,
	4.13917 2.32689,
	4.15694 2.34791,
	4.20392 2.36301,
	4.22738 2.36906,
	4.2508 2.36911,
	4.27415 2.36318,
	4.32101 2.36629,
	4.34167 2.38432,
	4.34765 2.39632,
	4.35947 2.40833,
	4.38011 2.42336,
	4.39194 2.43538,
	4.39791 2.44738,
	4.39815 2.47136,
	4.39827 2.48334,
	4.4073 2.50733,
	4.41046 2.53131,
	4.40473 2.54328,
	4.38147 2.55821,
	4.36976 2.55818,
	4.3227 2.53409,
	4.29923 2.52804,
	4.28749 2.52502,
	4.24619 2.49196,
	4.19908 2.46487,
	4.15189 2.42881,
	4.12831 2.41077,
	4.12239 2.40476,
	4.11654 2.40475,
	4.10474 2.39573,
	4.08127 2.38968,
	4.03707 2.3596,
	4.03121 2.35959,
	4.01938 2.34757,
	4.01341 2.33558,
	4.00749 2.32957,
	4.00445 2.31757,
	3.99554 2.30557,
	3.99542 2.29358,
	3.98945 2.28158,
	3.98354 2.27558,
	3.97452 2.25158,
	3.97428 2.22761,
	3.97416 2.21562,
	3.9741 2.20963,
	"/>
</Transform>

</Section>