<?xml version="1.0"?>
<!DOCTYPE Section SYSTEM "section.dtd">

<Section index="146" thickness="0.056" alignLocked="true">
<Transform dim="3"
 xcoef=" 2.43433645518728 1.22690102111269 -0.35210346858558 0 0 0"
 ycoef=" -12.4313446535542 0.139757512686398 0.991723513996636 0 0 0">
<Image mag="0.00254" contrast="1.1025" brightness="-0.3" red="true" green="true" blue="true"
 src="146____z145.0.tif" />
<Contour name="domain1" hidden="false" closed="true" simplified="false" border="1 0 1" fill="1 0 1" mode="11"
 points="0 0,
	18911 0,
	18911 18431,
	0 18431,
	"/>
</Transform>

<Transform dim="3"
 xcoef=" 2.43433645518728 1.22690102111269 -0.35210346858558 0 0 0"
 ycoef=" -12.4313446535542 0.139757512686398 0.991723513996636 0 0 0">
<Contour name="d003" hidden="false" closed="true" simplified="true" border="1 0.502 0.251" fill="1 1 0" mode="13"
 points="44.1445 5.88563,
	44.1536 5.84904,
	44.1628 5.83075,
	44.2314 5.76215,
	44.2634 5.73471,
	44.3 5.72099,
	44.4463 5.72099,
	44.5927 5.73471,
	44.6292 5.73929,
	44.6475 5.73471,
	44.6841 5.74386,
	44.7573 5.74843,
	44.9036 5.79416,
	44.9768 5.81703,
	45.05 5.83075,
	45.0866 5.84447,
	45.3792 5.89477,
	45.4158 5.89935,
	45.4341 5.90392,
	45.4433 5.90392,
	45.4524 5.91307,
	45.5256 5.92221,
	45.5987 5.94965,
	45.6582 6.00453,
	45.7314 6.02282,
	45.768 6.04111,
	45.8045 6.04111,
	45.8137 6.04569,
	45.8091 6.05483,
	45.8228 6.09142,
	45.8366 6.10514,
	45.8731 6.11428,
	46.0195 6.09142,
	46.0561 6.09599,
	46.0744 6.10056,
	46.0835 6.10056,
	46.1109 6.13258,
	46.1338 6.27892,
	46.2024 6.32465,
	46.2298 6.35666,
	46.2298 6.36581,
	46.2619 6.39782,
	46.2847 6.42068,
	46.2847 6.49385,
	46.2756 6.503,
	46.2619 6.57617,
	46.2436 6.61276,
	46.207 6.64934,
	46.175 6.67221,
	46.1567 6.68135,
	46.1201 6.68135,
	46.0469 6.69507,
	45.9737 6.69507,
	45.9372 6.68593,
	45.7908 6.69965,
	45.7176 6.70879,
	45.6811 6.71336,
	45.6079 6.70879,
	45.5713 6.70422,
	45.4981 6.68135,
	45.4616 6.66763,
	45.425 6.64477,
	45.4067 6.63105,
	45.2603 6.60818,
	45.2238 6.60361,
	45.2055 6.59446,
	45.1872 6.59446,
	45.0408 6.53044,
	45.0225 6.51672,
	44.9859 6.50757,
	44.9265 6.43898,
	44.8899 6.41611,
	44.8716 6.41611,
	44.835 6.39782,
	44.7984 6.36581,
	44.7664 6.34294,
	44.7481 6.33379,
	44.739 6.32465,
	44.6658 6.29264,
	44.6292 6.2652,
	44.5561 6.23319,
	44.4829 6.21032,
	44.4143 6.16459,
	44.3777 6.14172,
	44.3046 6.11428,
	44.2863 6.10971,
	44.2497 6.0777,
	44.2222 6.05026,
	44.2039 6.04569,
	44.1856 6.02739,
	44.1674 6.01825,
	44.1536 5.99996,
	44.1491 5.92679,
	44.1445 5.8902,
	"/>
</Transform>

<Transform dim="3"
 xcoef=" 2.43433645518728 1.22690102111269 -0.35210346858558 0 0 0"
 ycoef=" -12.4313446535542 0.139757512686398 0.991723513996636 0 0 0">
<Contour name="d004" hidden="false" closed="true" simplified="true" border="1 0.502 0" fill="1 1 0" mode="13"
 points="33.6068 11.8598,
	33.636 11.5929,
	33.6485 11.5262,
	33.6777 11.4594,
	33.7111 11.4302,
	33.7528 11.3635,
	33.7695 11.3468,
	33.7903 11.3135,
	33.8195 11.2801,
	33.8862 11.2342,
	33.9488 11.1675,
	33.9821 11.1342,
	33.9946 11.1175,
	34.1239 11.0633,
	34.1573 11.0508,
	34.1906 11.0299,
	34.2574 11.0216,
	34.3908 11.0216,
	34.4575 11.0257,
	34.4909 11.0341,
	34.5076 11.0383,
	34.5159 11.0383,
	34.5493 11.0674,
	34.5659 11.0841,
	34.5743 11.0925,
	34.591 11.0925,
	34.6243 11.1133,
	34.6493 11.1467,
	34.6535 11.1634,
	34.6827 11.1884,
	34.6994 11.2009,
	34.7161 11.2676,
	34.7244 11.2843,
	34.7244 11.4177,
	34.7161 11.4511,
	34.7077 11.4636,
	34.7244 11.4761,
	34.7369 11.5095,
	34.7453 11.5262,
	34.7744 11.5553,
	34.7911 11.5887,
	34.7953 11.6221,
	34.812 11.6387,
	34.8162 11.6554,
	34.837 11.6888,
	34.8954 11.7555,
	34.9162 11.7889,
	34.9246 11.8055,
	34.9579 11.8222,
	34.9871 11.8556,
	35.0038 11.8723,
	35.0121 11.889,
	35.0455 11.914,
	35.0664 11.9473,
	35.0664 11.9557,
	35.0747 11.964,
	35.0747 11.9724,
	35.0872 11.989,
	35.0955 12.0224,
	35.0955 12.0891,
	35.0955 12.1058,
	35.1164 12.1392,
	35.1247 12.1558,
	35.1414 12.1725,
	35.1539 12.2392,
	35.1789 12.306,
	35.1831 12.3727,
	35.1789 12.381,
	35.2123 12.406,
	35.2332 12.4394,
	35.2415 12.4728,
	35.2415 12.4894,
	35.2582 12.5228,
	35.2707 12.5395,
	35.279 12.5728,
	35.2749 12.6062,
	35.2582 12.6354,
	35.2915 12.6562,
	35.3082 12.6729,
	35.3249 12.7063,
	35.3291 12.723,
	35.3249 12.7397,
	35.3291 12.773,
	35.3166 12.9065,
	35.3124 12.9732,
	35.2999 13.0399,
	35.279 13.1066,
	35.2665 13.14,
	35.2373 13.1733,
	35.1706 13.2109,
	35.1372 13.2276,
	35.1039 13.2359,
	35.0372 13.2317,
	35.0038 13.2276,
	34.9371 13.1984,
	34.8704 13.1525,
	34.8537 13.1483,
	34.787 13.0941,
	34.7536 13.0816,
	34.6869 13.0774,
	34.5534 13.0899,
	34.42 13.115,
	34.3533 13.1233,
	34.3199 13.115,
	34.3032 13.115,
	34.2365 13.0816,
	34.2031 13.0649,
	34.1865 13.0566,
	34.1281 12.9899,
	34.0614 12.9315,
	34.028 12.9065,
	34.0113 12.8981,
	33.9488 12.8314,
	33.8195 12.723,
	33.7945 12.6896,
	33.782 12.6562,
	33.7611 12.6229,
	33.7236 12.4894,
	33.7194 12.4561,
	33.7152 12.4394,
	33.6902 12.406,
	33.6652 12.3393,
	33.6485 12.306,
	33.6235 12.1725,
	33.611 12.1058,
	33.6068 12.0391,
	33.611 11.9724,
	33.6068 11.9056,
	33.6068 11.8723,
	33.6068 11.8639,
	"/>
</Transform>

<Transform dim="3"
 xcoef=" 2.43433645518728 1.22690102111269 -0.35210346858558 0 0 0"
 ycoef=" -12.4313446535542 0.139757512686398 0.991723513996636 0 0 0">
<Contour name="d012" hidden="false" closed="true" simplified="true" border="1 0.501961 0" fill="1 1 0" mode="13"
 points="9.93381 35.9851,
	9.95873 35.8523,
	9.9961 35.79,
	10.0169 35.7567,
	10.0169 35.7484,
	10.0293 35.736,
	10.0418 35.7027,
	10.1082 35.6488,
	10.1415 35.6197,
	10.1747 35.6031,
	10.1913 35.5989,
	10.2079 35.5865,
	10.2744 35.574,
	10.3408 35.5699,
	10.4072 35.574,
	10.4405 35.5823,
	10.4571 35.5865,
	10.4695 35.5989,
	10.5028 35.6114,
	10.5277 35.6363,
	10.536 35.6405,
	10.5484 35.6612,
	10.5609 35.927,
	10.5609 35.9602,
	10.5692 35.9768,
	10.5734 36.0101,
	10.5858 36.0433,
	10.59 36.1097,
	10.6024 36.1762,
	10.6066 36.1928,
	10.5734 36.2219,
	10.5568 36.2883,
	10.5443 36.3049,
	10.536 36.3381,
	10.4986 36.4004,
	10.4862 36.4337,
	10.4654 36.4669,
	10.4571 36.4835,
	10.4405 36.5001,
	10.4363 36.5084,
	10.428 36.5084,
	10.3616 36.5499,
	10.3283 36.5541,
	10.2951 36.5499,
	10.2619 36.5375,
	10.2287 36.5167,
	10.2204 36.5084,
	10.2121 36.5084,
	10.1788 36.4793,
	10.1456 36.4586,
	10.1248 36.4295,
	10.0958 36.3963,
	10.0833 36.388,
	10.0584 36.3589,
	10.0459 36.3423,
	10.0459 36.334,
	10.021 36.3008,
	9.98365 36.2343,
	9.97534 36.2177,
	9.97534 36.2094,
	9.96288 36.1969,
	9.94212 36.1305,
	9.93381 36.0973,
	9.93381 36.0308,
	9.93381 35.9976,
	9.93381 35.9893,
	"/>
</Transform>

<Transform dim="3"
 xcoef=" 2.43433645518728 1.22690102111269 -0.35210346858558 0 0 0"
 ycoef=" -12.4313446535542 0.139757512686398 0.991723513996636 0 0 0">
<Contour name="d005" hidden="false" closed="true" simplified="true" border="1 0.502 0" fill="1 1 0" mode="13"
 points="37.5692 31.9172,
	37.5776 31.8839,
	37.5817 31.8672,
	37.6109 31.8381,
	37.6317 31.8047,
	37.6359 31.7881,
	37.6567 31.7548,
	37.6817 31.6881,
	37.6859 31.6548,
	37.6817 31.6381,
	37.6692 31.6215,
	37.665 31.6048,
	37.6525 31.5882,
	37.6359 31.5215,
	37.6317 31.5132,
	37.6401 31.4965,
	37.6942 31.4465,
	37.7192 31.4174,
	37.7359 31.3841,
	37.7359 31.3674,
	37.7817 31.3049,
	37.79 31.2966,
	37.79 31.2883,
	37.8316 31.2258,
	37.8566 31.1966,
	37.8733 31.18,
	37.89 31.1716,
	37.9025 31.155,
	37.9358 31.1425,
	37.9691 31.1383,
	38.0024 31.1217,
	38.0691 31.1092,
	38.1024 31.105,
	38.1357 31.1175,
	38.2023 31.13,
	38.2357 31.1425,
	38.3023 31.1467,
	38.3689 31.1716,
	38.4356 31.2091,
	38.4522 31.2216,
	38.4856 31.23,
	38.4939 31.2383,
	38.5106 31.2383,
	38.5439 31.2633,
	38.5647 31.2883,
	38.598 31.3174,
	38.6313 31.3382,
	38.6897 31.3966,
	38.7022 31.4091,
	38.7188 31.4132,
	38.7813 31.4632,
	38.798 31.4965,
	38.8188 31.5173,
	38.8229 31.584,
	38.8021 31.7173,
	38.7896 31.8506,
	38.7813 31.8839,
	38.7813 32.0172,
	38.7855 32.0838,
	38.8021 32.1504,
	38.8313 32.2171,
	38.8396 32.2213,
	38.8396 32.2879,
	38.8479 32.3212,
	38.8188 32.3545,
	38.8188 32.3629,
	38.7813 32.4295,
	38.7813 32.4378,
	38.773 32.4462,
	38.773 32.4545,
	38.7438 32.4878,
	38.7147 32.5545,
	38.6355 32.6836,
	38.623 32.7169,
	38.6147 32.7336,
	38.6147 32.7419,
	38.5772 32.8085,
	38.5564 32.8419,
	38.5522 32.8585,
	38.5397 32.8752,
	38.5064 33.0085,
	38.4856 33.0751,
	38.4772 33.1084,
	38.4689 33.1251,
	38.4689 33.1917,
	38.4398 33.2209,
	38.4231 33.2334,
	38.3898 33.2417,
	38.3731 33.2375,
	38.344 33.2125,
	38.3273 33.2001,
	38.294 33.1876,
	38.2357 33.1334,
	38.219 33.1209,
	38.1524 33.1043,
	38.0857 33.0793,
	38.0524 33.0668,
	38.0191 33.0626,
	37.9858 33.0668,
	37.8525 33.0459,
	37.8192 33.0334,
	37.7858 33.0085,
	37.7608 32.9793,
	37.7234 32.9127,
	37.7234 32.8793,
	37.6942 32.7461,
	37.6775 32.6794,
	37.665 32.6461,
	37.6609 32.5795,
	37.6359 32.4462,
	37.6359 32.4128,
	37.6109 32.2796,
	37.5984 32.2462,
	37.5984 32.2296,
	37.5901 32.2129,
	37.5901 32.1963,
	37.5817 32.1796,
	37.5817 32.113,
	37.5692 31.9797,
	37.5692 31.9464,
	37.5692 31.9297,
	37.5692 31.9214,
	"/>
</Transform>

<Transform dim="3"
 xcoef=" 2.43433645518728 1.22690102111269 -0.35210346858558 0 0 0"
 ycoef=" -12.4313446535542 0.139757512686398 0.991723513996636 0 0 0">
<Contour name="d006" hidden="false" closed="true" simplified="true" border="1 0.502 0" fill="1 1 0" mode="13"
 points="38.1598 26.8753,
	38.1679 26.8323,
	38.184 26.792,
	38.1947 26.7705,
	38.2109 26.749,
	38.2189 26.7382,
	38.2243 26.7328,
	38.2324 26.714,
	38.2485 26.6925,
	38.2593 26.6818,
	38.27 26.6764,
	38.2942 26.6361,
	38.3023 26.6253,
	38.3076 26.6199,
	38.313 26.6199,
	38.3318 26.6011,
	38.3399 26.5796,
	38.3587 26.5608,
	38.3802 26.5474,
	38.399 26.5285,
	38.4205 26.5178,
	38.4636 26.507,
	38.5496 26.5043,
	38.5926 26.5097,
	38.6141 26.5178,
	38.6248 26.5232,
	38.6302 26.5232,
	38.649 26.5447,
	38.649 26.5554,
	38.6705 26.5662,
	38.6867 26.585,
	38.6947 26.6065,
	38.7297 26.6334,
	38.7431 26.6549,
	38.7431 26.6603,
	38.8023 26.7436,
	38.8238 26.7866,
	38.8453 26.8081,
	38.856 26.8296,
	38.8614 26.8726,
	38.856 26.8941,
	38.8345 26.9371,
	38.8318 26.9479,
	38.8157 26.9667,
	38.8049 26.9882,
	38.7915 27.0312,
	38.7861 27.0366,
	38.7781 27.0581,
	38.7512 27.1011,
	38.7431 27.1226,
	38.7377 27.1334,
	38.7162 27.1522,
	38.6867 27.1925,
	38.6652 27.2086,
	38.6544 27.214,
	38.6356 27.2355,
	38.6275 27.2462,
	38.6222 27.2516,
	38.5361 27.2678,
	38.4501 27.2704,
	38.4071 27.2678,
	38.3641 27.2543,
	38.3533 27.2489,
	38.3426 27.2382,
	38.3318 27.2167,
	38.313 27.1952,
	38.2861 27.1549,
	38.2754 27.136,
	38.2431 27.093,
	38.2243 27.0742,
	38.1947 27.0339,
	38.184 27.0231,
	38.1679 26.9801,
	38.1598 26.8941,
	38.1598 26.8834,
	38.1598 26.878,
	"/>
</Transform>

<Transform dim="3"
 xcoef=" 2.43433645518728 1.22690102111269 -0.35210346858558 0 0 0"
 ycoef=" -12.4313446535542 0.139757512686398 0.991723513996636 0 0 0">
<Contour name="d014" hidden="false" closed="true" simplified="true" border="1 0.502 0" fill="1 1 0" mode="13"
 points="29.4759 31.6947,
	29.4873 31.5129,
	29.4929 31.4675,
	29.5043 31.422,
	29.51 31.3993,
	29.5157 31.3908,
	29.5384 31.3794,
	29.581 31.3453,
	29.6009 31.3283,
	29.6236 31.3197,
	29.635 31.3112,
	29.6407 31.3112,
	29.6804 31.28,
	29.7032 31.2657,
	29.7259 31.2601,
	29.7714 31.2317,
	29.7827 31.2231,
	29.7884 31.2146,
	29.8111 31.2004,
	29.8339 31.1919,
	29.8395 31.1919,
	29.8594 31.1748,
	29.8708 31.1635,
	29.8822 31.1578,
	29.8878 31.1578,
	29.8907 31.1521,
	29.9134 31.1436,
	29.9248 31.1379,
	29.9475 31.1351,
	29.9901 31.1152,
	30.0128 31.1067,
	30.0356 31.0924,
	30.081 31.0782,
	30.1038 31.0697,
	30.1094 31.0697,
	30.1549 31.0385,
	30.2004 31.0186,
	30.2458 31.0157,
	30.2913 31.0186,
	30.314 31.0328,
	30.3225 31.0413,
	30.3282 31.064,
	30.3282 31.0754,
	30.2998 31.1209,
	30.297 31.1322,
	30.2913 31.1379,
	30.2884 31.1606,
	30.2799 31.1834,
	30.2742 31.1947,
	30.2543 31.2089,
	30.2174 31.2515,
	30.1748 31.2913,
	30.1719 31.3027,
	30.1663 31.3084,
	30.1663 31.314,
	30.1606 31.3197,
	30.1606 31.3652,
	30.1549 31.3879,
	30.1549 31.4334,
	30.1492 31.4788,
	30.1492 31.5016,
	30.1549 31.5129,
	30.1634 31.5584,
	30.1776 31.5783,
	30.1805 31.601,
	30.1833 31.6124,
	30.2004 31.6294,
	30.206 31.6521,
	30.206 31.6635,
	30.2004 31.6749,
	30.2004 31.6862,
	30.1833 31.7033,
	30.1947 31.7487,
	30.2032 31.7715,
	30.206 31.7828,
	30.1833 31.7999,
	30.1663 31.8198,
	30.1577 31.8425,
	30.1549 31.8538,
	30.1265 31.8993,
	30.1151 31.922,
	30.0981 31.9448,
	30.0867 31.9675,
	30.0697 31.9845,
	30.064 31.9902,
	30.0526 31.9931,
	30.01 32.0357,
	29.9873 32.0442,
	29.9759 32.0499,
	29.9305 32.0527,
	29.885 32.0499,
	29.8736 32.047,
	29.8282 32.0215,
	29.8225 32.0158,
	29.8111 32.0129,
	29.7884 31.9987,
	29.7657 31.9902,
	29.76 31.9902,
	29.7373 31.9703,
	29.7316 31.9618,
	29.7202 31.9504,
	29.6748 31.9249,
	29.6549 31.905,
	29.6549 31.8993,
	29.6123 31.8595,
	29.5952 31.8425,
	29.5498 31.8112,
	29.527 31.8027,
	29.5071 31.7857,
	29.4844 31.7629,
	29.4759 31.7516,
	29.4759 31.7061,
	29.4759 31.6976,
	"/>
</Transform>

<Transform dim="3"
 xcoef=" 2.43433645518728 1.22690102111269 -0.35210346858558 0 0 0"
 ycoef=" -12.4313446535542 0.139757512686398 0.991723513996636 0 0 0">
<Contour name="d008" hidden="false" closed="true" simplified="true" border="1 0.502 0" fill="1 1 0" mode="13"
 points="20.9764 20.0376,
	20.9805 20.0334,
	20.9847 20.0167,
	21.0014 19.9834,
	21.0118 19.95,
	21.0118 19.9458,
	21.016 19.9437,
	21.016 19.9395,
	21.0285 19.9249,
	21.0473 19.8916,
	21.0515 19.8749,
	21.0515 19.8707,
	21.0556 19.8665,
	21.0556 19.8624,
	21.0702 19.8457,
	21.0807 19.8311,
	21.0807 19.8269,
	21.1036 19.8019,
	21.1349 19.7727,
	21.1662 19.7539,
	21.1912 19.7309,
	21.2058 19.7226,
	21.2392 19.7163,
	21.2726 19.7184,
	21.2893 19.7247,
	21.2976 19.7268,
	21.3018 19.7309,
	21.3185 19.7372,
	21.3227 19.7414,
	21.3268 19.7414,
	21.3435 19.7539,
	21.3602 19.7622,
	21.3686 19.7664,
	21.3853 19.781,
	21.4124 19.8123,
	21.4186 19.829,
	21.4228 19.8373,
	21.4228 19.8415,
	21.4291 19.8498,
	21.4395 19.8832,
	21.4458 19.8999,
	21.4437 19.9333,
	21.4499 20.0668,
	21.452 20.1002,
	21.4458 20.1669,
	21.4353 20.2003,
	21.4207 20.2337,
	21.4145 20.2504,
	21.4103 20.2546,
	21.404 20.2712,
	21.3936 20.2879,
	21.3853 20.2963,
	21.3707 20.3067,
	21.3581 20.3213,
	21.3248 20.3401,
	21.3081 20.3463,
	21.2914 20.3463,
	21.258 20.3547,
	21.2246 20.3568,
	21.1912 20.3547,
	21.1245 20.3443,
	21.1203 20.3443,
	21.1161 20.3401,
	21.0995 20.3338,
	21.0661 20.313,
	21.0515 20.3005,
	21.041 20.2859,
	21.041 20.2817,
	21.016 20.2483,
	20.9889 20.1815,
	20.9889 20.1732,
	20.9847 20.169,
	20.9785 20.1356,
	20.9764 20.0689,
	20.9764 20.0522,
	20.9764 20.0439,
	20.9764 20.0397,
	"/>
</Transform>

<Transform dim="3"
 xcoef=" 2.43433645518728 1.22690102111269 -0.35210346858558 0 0 0"
 ycoef=" -12.4313446535542 0.139757512686398 0.991723513996636 0 0 0">
<Contour name="d017" hidden="false" closed="true" simplified="true" border="1 0.502 0" fill="1 1 0" mode="13"
 points="32.4866 29.8109,
	32.4959 29.7861,
	32.5021 29.7364,
	32.5114 29.7116,
	32.5114 29.6992,
	32.5642 29.5998,
	32.589 29.5502,
	32.6356 29.5005,
	32.648 29.4881,
	32.6604 29.485,
	32.6728 29.4757,
	32.6977 29.4695,
	32.7101 29.4602,
	32.7349 29.4509,
	32.7597 29.4291,
	32.7721 29.4167,
	32.8715 29.3764,
	32.8963 29.367,
	32.9087 29.3577,
	33.0081 29.3391,
	33.0329 29.3329,
	33.0391 29.3329,
	33.0515 29.3205,
	33.0577 29.3081,
	33.0639 29.305,
	33.0639 29.2988,
	33.0732 29.2863,
	33.0763 29.2615,
	33.0701 29.2367,
	33.036 29.187,
	33.0298 29.1374,
	33.0391 29.0877,
	33.0484 29.0629,
	33.0515 29.038,
	33.0608 29.0132,
	33.0794 28.9884,
	33.095 28.9387,
	33.1043 28.889,
	33.1136 28.8642,
	33.1167 28.8394,
	33.1322 28.7897,
	33.1415 28.74,
	33.1415 28.6904,
	33.1353 28.6655,
	33.1291 28.6593,
	33.1291 28.6469,
	33.1012 28.5973,
	33.1012 28.5476,
	33.1105 28.5352,
	33.1136 28.5228,
	33.1353 28.501,
	33.1601 28.4855,
	33.1726 28.4762,
	33.2222 28.47,
	33.2471 28.4638,
	33.2967 28.4607,
	33.3464 28.4514,
	33.3712 28.4483,
	33.4209 28.4545,
	33.4457 28.4576,
	33.4954 28.4731,
	33.5202 28.4793,
	33.545 28.4979,
	33.5575 28.5228,
	33.5544 28.5476,
	33.5264 28.5973,
	33.5047 28.6221,
	33.4923 28.6345,
	33.4768 28.6593,
	33.4271 28.6873,
	33.3805 28.7307,
	33.3681 28.74,
	33.3433 28.7897,
	33.3216 28.8145,
	33.306 28.8394,
	33.2998 28.8642,
	33.2781 28.9139,
	33.2253 29.0132,
	33.185 29.1125,
	33.1819 29.1374,
	33.1695 29.1622,
	33.1601 29.2118,
	33.157 29.2367,
	33.1633 29.2863,
	33.1539 29.3857,
	33.1508 29.4353,
	33.157 29.485,
	33.1601 29.4881,
	33.1726 29.485,
	33.185 29.4943,
	33.2098 29.544,
	33.2191 29.5688,
	33.216 29.575,
	33.2036 29.5502,
	33.1974 29.5533,
	33.2315 29.6526,
	33.2409 29.6774,
	33.2502 29.6899,
	33.2595 29.7147,
	33.275 29.7395,
	33.2874 29.7892,
	33.2998 29.814,
	33.3029 29.8264,
	33.3185 29.8513,
	33.3588 29.9506,
	33.3619 30.0003,
	33.3557 30.0251,
	33.3495 30.0313,
	33.3526 30.081,
	33.3681 30.1306,
	33.3805 30.1555,
	33.3867 30.1679,
	33.4768 30.261,
	33.5016 30.2765,
	33.5233 30.2983,
	33.5326 30.3231,
	33.5482 30.3479,
	33.5544 30.3727,
	33.545 30.3976,
	33.5233 30.4224,
	33.5109 30.4348,
	33.4861 30.4379,
	33.4612 30.4162,
	33.4364 30.4007,
	33.424 30.3759,
	33.4023 30.351,
	33.3774 30.3386,
	33.3278 30.3355,
	33.3029 30.3386,
	33.2781 30.3479,
	33.2533 30.351,
	33.2036 30.3759,
	33.1539 30.3945,
	33.0546 30.4038,
	33.0049 30.4007,
	32.9925 30.4007,
	32.9429 30.379,
	32.918 30.3696,
	32.8684 30.3417,
	32.8435 30.3324,
	32.8311 30.3293,
	32.8187 30.32,
	32.8063 30.3169,
	32.707 30.2486,
	32.6573 30.2051,
	32.6387 30.1803,
	32.6263 30.1555,
	32.5766 30.1089,
	32.5393 30.0592,
	32.5145 30.0096,
	32.5052 29.9847,
	32.4897 29.8854,
	32.4866 29.8358,
	32.4866 29.814,
	"/>
</Transform>

<Transform dim="3"
 xcoef=" 2.43433645518728 1.22690102111269 -0.35210346858558 0 0 0"
 ycoef=" -12.4313446535542 0.139757512686398 0.991723513996636 0 0 0">
<Contour name="d020" hidden="false" closed="true" simplified="true" border="1 0.502 0" fill="1 1 0" mode="13"
 points="41.8736 22.1178,
	41.8806 22.0899,
	41.8806 22.076,
	41.8945 22.0481,
	41.912 21.9924,
	41.9294 21.9645,
	41.9712 21.853,
	41.9781 21.8391,
	42.0025 21.8147,
	42.0165 21.7868,
	42.0199 21.7729,
	42.0304 21.759,
	42.0478 21.7032,
	42.0548 21.6963,
	42.0548 21.6893,
	42.0722 21.6614,
	42.0792 21.6335,
	42.1001 21.6057,
	42.1279 21.5499,
	42.1523 21.5325,
	42.1906 21.4838,
	42.2011 21.4698,
	42.229 21.4559,
	42.2499 21.435,
	42.2708 21.4071,
	42.2847 21.3967,
	42.2986 21.3932,
	42.3056 21.3862,
	42.3613 21.3653,
	42.3683 21.3653,
	42.3962 21.3444,
	42.4519 21.32,
	42.4798 21.3061,
	42.4902 21.2991,
	42.4902 21.2921,
	42.4972 21.2852,
	42.5042 21.2573,
	42.5077 21.2434,
	42.4902 21.2155,
	42.4868 21.2016,
	42.4798 21.1946,
	42.4798 21.1876,
	42.4275 21.1493,
	42.4136 21.1354,
	42.4066 21.1214,
	42.3822 21.0971,
	42.3753 21.0971,
	42.3613 21.0866,
	42.3474 21.0587,
	42.3439 21.003,
	42.3474 20.9751,
	42.3613 20.9473,
	42.3857 20.9229,
	42.4031 20.895,
	42.4101 20.888,
	42.438 20.8846,
	42.4519 20.8811,
	42.4659 20.8846,
	42.4798 20.895,
	42.4972 20.9229,
	42.5216 20.9473,
	42.532 21.003,
	42.532 21.01,
	42.539 21.0169,
	42.5495 21.0727,
	42.5564 21.1005,
	42.5704 21.1284,
	42.5773 21.1424,
	42.6331 21.1772,
	42.6435 21.1842,
	42.6923 21.2329,
	42.7167 21.2538,
	42.7271 21.2712,
	42.7445 21.2956,
	42.7898 21.3409,
	42.7968 21.3549,
	42.7968 21.3618,
	42.8212 21.3862,
	42.8351 21.3967,
	42.856 21.4524,
	42.8874 21.5047,
	42.8874 21.5116,
	42.9118 21.5395,
	42.9152 21.5674,
	42.9118 21.5813,
	42.9222 21.6092,
	42.9257 21.6231,
	42.9222 21.651,
	42.9152 21.6649,
	42.9118 21.7764,
	42.9083 21.8042,
	42.9048 21.8182,
	42.87 21.8704,
	42.8525 21.8983,
	42.8073 21.9401,
	42.7829 21.9645,
	42.7724 21.9784,
	42.762 21.9854,
	42.7341 22.0098,
	42.7236 22.0237,
	42.7236 22.0307,
	42.6993 22.0586,
	42.6749 22.0795,
	42.6261 22.1317,
	42.6087 22.1561,
	42.6017 22.1665,
	42.5878 22.1735,
	42.5669 22.1979,
	42.5111 22.2223,
	42.4833 22.2327,
	42.4693 22.2467,
	42.4415 22.2571,
	42.33 22.2745,
	42.3021 22.2815,
	42.1906 22.285,
	42.0792 22.2815,
	42.0234 22.2745,
	41.9956 22.2676,
	41.9677 22.2536,
	41.9538 22.2502,
	41.9259 22.2327,
	41.898 22.2223,
	41.8841 22.2084,
	41.8736 22.1805,
	41.8736 22.1247,
	41.8736 22.1213,
	"/>
</Transform>

<Transform dim="3"
 xcoef=" 2.43433645518728 1.22690102111269 -0.35210346858558 0 0 0"
 ycoef=" -12.4313446535542 0.139757512686398 0.991723513996636 0 0 0">
<Contour name="d004_c40" hidden="false" closed="true" simplified="true" border="1 0 0" fill="1 0 0" mode="11"
 points="33.4752 11.5001,
	33.576 11.3657,
	33.6264 11.2984,
	33.6516 11.269,
	33.7861 11.3195,
	33.8533 11.3447,
	33.8701 11.3531,
	33.8785 11.3573,
	33.7735 11.6262,
	33.7231 11.7606,
	33.7189 11.7774,
	33.7063 11.79,
	33.5718 11.7732,
	33.5046 11.7648,
	33.4878 11.7648,
	33.4794 11.6304,
	33.4752 11.5632,
	33.4752 11.5295,
	33.4752 11.5127,
	33.4752 11.5043,
	"/>
<Contour name="d004_cfa40" hidden="false" closed="false" simplified="false" border="0 0 1" fill="0 0 1" mode="11"
 points="33.8164 11.318,
	33.7072 11.486,
	33.6441 11.7843,
	"/>
</Transform>

<Transform dim="3"
 xcoef=" 2.43433645518728 1.22690102111269 -0.35210346858558 0 0 0"
 ycoef=" -12.4313446535542 0.139757512686398 0.991723513996636 0 0 0">
<Contour name="d004_c41" hidden="false" closed="true" simplified="true" border="1 0 0" fill="1 0 0" mode="11"
 points="33.8617 11.0589,
	33.9962 10.9539,
	34.0298 10.9287,
	34.1642 10.8951,
	34.2315 10.8741,
	34.2651 10.8657,
	34.534 10.9749,
	34.6684 11.0295,
	34.7021 11.0463,
	34.7105 11.0505,
	34.576 11.1766,
	34.5592 11.1892,
	34.4247 11.164,
	34.3575 11.1514,
	34.3239 11.143,
	34.3071 11.1388,
	34.0382 11.206,
	34.0046 11.2144,
	33.9878 11.2186,
	33.8827 11.0884,
	33.8701 11.0715,
	33.8659 11.0631,
	"/>
</Transform>

<Transform dim="3"
 xcoef=" 2.43433645518728 1.22690102111269 -0.35210346858558 0 0 0"
 ycoef=" -12.4313446535542 0.139757512686398 0.991723513996636 0 0 0">
<Contour name="d004_cfa41" hidden="false" closed="false" simplified="false" border="0 0 1" fill="0 0 1" mode="11"
 points="34.6105 11.1373,
	34.5391 11.1079,
	34.4971 11.0743,
	34.4131 11.0659,
	34.308 11.0406,
	34.1778 11.0743,
	33.9635 11.1919,
	"/>
</Transform>

<Transform dim="3"
 xcoef=" 2.43433645518728 1.22690102111269 -0.35210346858558 0 0 0"
 ycoef=" -12.4313446535542 0.139757512686398 0.991723513996636 0 0 0">
<Contour name="d005_c13" hidden="false" closed="true" simplified="true" border="1 0 0" fill="1 0 0" mode="11"
 points="38.6568 31.6329,
	38.6722 31.629,
	38.9182 31.6675,
	38.949 31.6751,
	38.9644 31.679,
	38.9413 32.1711,
	38.9375 32.1865,
	38.8144 32.2172,
	38.7529 32.2326,
	38.7222 32.2403,
	38.7106 32.1788,
	38.6607 31.6867,
	38.6607 31.6559,
	38.6568 31.6405,
	38.6568 31.6367,
	"/>
</Transform>

<Transform dim="3"
 xcoef=" 2.43433645518728 1.22690102111269 -0.35210346858558 0 0 0"
 ycoef=" -12.4313446535542 0.139757512686398 0.991723513996636 0 0 0">
<Contour name="d005_cfa13" hidden="false" closed="false" simplified="false" border="0 0 1" fill="0 0 1" mode="11"
 points="38.8124 32.2182,
	38.7701 32.1414,
	38.7432 31.9568,
	38.7855 31.6416,
	"/>
</Transform>

<Transform dim="3"
 xcoef=" 2.43433645518728 1.22690102111269 -0.35210346858558 0 0 0"
 ycoef=" -12.4313446535542 0.139757512686398 0.991723513996636 0 0 0">
<Contour name="d005_c15" hidden="false" closed="true" simplified="true" border="1 0 0" fill="1 0 0" mode="11"
 points="37.9094 32.9998,
	37.924 32.9962,
	38.158 33.0218,
	38.275 33.0876,
	38.3335 33.1205,
	38.3371 33.1241,
	38.2969 33.1826,
	38.275 33.2119,
	38.264 33.2265,
	38.2567 33.2301,
	38.0227 33.1863,
	37.9643 33.1753,
	37.935 33.168,
	37.9204 33.1643,
	37.9131 33.1643,
	37.9094 33.0474,
	37.9094 33.0181,
	37.9094 33.0035,
	"/>
</Transform>

<Transform dim="3"
 xcoef=" 2.43433645518728 1.22690102111269 -0.35210346858558 0 0 0"
 ycoef=" -12.4313446535542 0.139757512686398 0.991723513996636 0 0 0">
<Contour name="d005_cfa15" hidden="false" closed="false" simplified="false" border="0 0 1" fill="0 0 1" mode="11"
 points="38.3072 33.1655,
	38.2524 33.118,
	38.1098 33.0522,
	37.9124 33.0339,
	"/>
</Transform>

<Transform dim="3"
 xcoef=" 2.43433645518728 1.22690102111269 -0.35210346858558 0 0 0"
 ycoef=" -12.4313446535542 0.139757512686398 0.991723513996636 0 0 0">
<Contour name="d006_c08" hidden="false" closed="true" simplified="true" border="1 0 0" fill="1 0 0" mode="11"
 points="38.0451 26.962,
	38.1998 26.9112,
	38.2046 26.9088,
	38.2844 27.0611,
	38.3037 27.0998,
	38.149 27.1723,
	38.1442 27.1747,
	38.0717 27.02,
	38.0548 26.9813,
	38.0451 26.9644,
	"/>
</Transform>

<Transform dim="3"
 xcoef=" 2.43433645518728 1.22690102111269 -0.35210346858558 0 0 0"
 ycoef=" -12.4313446535542 0.139757512686398 0.991723513996636 0 0 0">
<Contour name="d006_cfa08" hidden="false" closed="false" simplified="false" border="0 0 1" fill="0 0 1" mode="11"
 points="38.2765 27.1125,
	38.1918 27.011,
	38.1701 26.9143,
	"/>
</Transform>

<Transform dim="3"
 xcoef=" 2.43433645518728 1.22690102111269 -0.35210346858558 0 0 0"
 ycoef=" -12.4313446535542 0.139757512686398 0.991723513996636 0 0 0">
<Contour name="d006_c09" hidden="false" closed="true" simplified="true" border="1 0 0" fill="1 0 0" mode="11"
 points="38.647 27.1385,
	38.7243 26.9838,
	38.763 26.9064,
	38.7823 26.8677,
	38.7872 26.8581,
	38.792 26.8556,
	38.8694 26.8895,
	38.8887 26.8967,
	38.896 26.904,
	38.8259 27.0587,
	38.792 27.136,
	38.7751 27.1747,
	38.7654 27.1941,
	38.7606 27.2037,
	38.7582 27.2086,
	38.6808 27.1602,
	38.6615 27.1481,
	38.6518 27.1433,
	38.6494 27.1409,
	"/>
</Transform>

<Transform dim="3"
 xcoef=" 2.43433645518728 1.22690102111269 -0.35210346858558 0 0 0"
 ycoef=" -12.4313446535542 0.139757512686398 0.991723513996636 0 0 0">
<Contour name="d006_cfa09" hidden="false" closed="false" simplified="false" border="0 0 1" fill="0 0 1" mode="11"
 points="38.6782 27.158,
	38.8287 26.8638,
	"/>
</Transform>

<Transform dim="3"
 xcoef=" 2.43433645518728 1.22690102111269 -0.35210346858558 0 0 0"
 ycoef=" -12.4313446535542 0.139757512686398 0.991723513996636 0 0 0">
<Contour name="d009_c24" hidden="false" closed="true" simplified="true" border="1 0 0" fill="1 0 0" mode="11"
 points="7.71588 20.146,
	7.72851 20.1428,
	7.93073 20.1744,
	7.95601 20.1776,
	8.05712 20.266,
	8.10451 20.3071,
	8.0034 20.4019,
	7.97813 20.424,
	7.77591 20.3134,
	7.75063 20.3008,
	7.73799 20.2945,
	7.72219 20.1933,
	7.71904 20.1681,
	7.71588 20.1554,
	7.71588 20.1491,
	"/>
</Transform>

<Transform dim="3"
 xcoef=" 2.43433645518728 1.22690102111269 -0.35210346858558 0 0 0"
 ycoef=" -12.4313446535542 0.139757512686398 0.991723513996636 0 0 0">
<Contour name="d009_cfa24" hidden="false" closed="false" simplified="false" border="0 0 1" fill="0 0 1" mode="11"
 points="8.01243 20.3895,
	7.984 20.3484,
	7.94608 20.3073,
	7.88921 20.2726,
	7.82285 20.2473,
	7.7249 20.241,
	"/>
</Transform>

<Transform dim="3"
 xcoef=" 2.43433645518728 1.22690102111269 -0.35210346858558 0 0 0"
 ycoef=" -12.4313446535542 0.139757512686398 0.991723513996636 0 0 0">
<Contour name="d009_c25" hidden="false" closed="true" simplified="true" border="1 0 0" fill="1 0 0" mode="11"
 points="7.94786 20.9235,
	8.06033 20.6569,
	8.08949 20.5903,
	8.15197 20.5445,
	8.18113 20.5236,
	8.22278 20.5903,
	8.25611 20.6569,
	8.24361 20.7236,
	8.23528 20.7569,
	8.1603 20.8902,
	8.11864 20.9568,
	8.10198 20.9902,
	8.09365 21.0068,
	8.08532 21.0152,
	7.95202 20.9319,
	7.94786 20.9277,
	"/>
</Transform>

<Transform dim="3"
 xcoef=" 2.43433645518728 1.22690102111269 -0.35210346858558 0 0 0"
 ycoef=" -12.4313446535542 0.139757512686398 0.991723513996636 0 0 0">
<Contour name="d009_cfa25" hidden="false" closed="false" simplified="false" border="0 0 1" fill="0 0 1" mode="11"
 points="8.09022 20.5874,
	8.12746 20.6909,
	8.12746 20.7488,
	7.99089 20.9599,
	"/>
</Transform>

<Transform dim="3"
 xcoef=" 2.43433645518728 1.22690102111269 -0.35210346858558 0 0 0"
 ycoef=" -12.4313446535542 0.139757512686398 0.991723513996636 0 0 0">
<Contour name="d012_c21" hidden="false" closed="true" simplified="true" border="1 0 0" fill="1 0 0" mode="11"
 points="10.0869 35.5309,
	10.2115 35.4959,
	10.2737 35.4784,
	10.2893 35.4764,
	10.4139 35.4901,
	10.4294 35.4901,
	10.445 35.494,
	10.4761 35.5173,
	10.4917 35.529,
	10.4976 35.5348,
	10.4917 35.5971,
	10.4878 35.6282,
	10.4859 35.6438,
	10.4236 35.6477,
	10.1745 35.6516,
	10.1434 35.6497,
	10.1142 35.5874,
	10.0986 35.5562,
	10.0908 35.5407,
	10.0869 35.5329,
	"/>
</Transform>

<Transform dim="3"
 xcoef=" 2.43433645518728 1.22690102111269 -0.35210346858558 0 0 0"
 ycoef=" -12.4313446535542 0.139757512686398 0.991723513996636 0 0 0">
<Contour name="d012_cfa21" hidden="false" closed="false" simplified="false" border="0 0 1" fill="0 0 1" mode="11"
 points="10.4845 35.617,
	10.4427 35.6008,
	10.3497 35.5868,
	10.2382 35.5938,
	10.1382 35.6426,
	"/>
</Transform>

<Transform dim="3"
 xcoef=" 2.43433645518728 1.22690102111269 -0.35210346858558 0 0 0"
 ycoef=" -12.4313446535542 0.139757512686398 0.991723513996636 0 0 0">
<Contour name="d014_c18" hidden="false" closed="true" simplified="true" border="1 0 0" fill="1 0 0" mode="11"
 points="29.4933 31.3068,
	29.8113 31.113,
	29.8908 31.0633,
	29.9305 31.0385,
	29.9901 31.1975,
	29.9951 31.2074,
	29.9206 31.2571,
	29.6026 31.426,
	29.5281 31.3466,
	29.4983 31.3118,
	"/>
</Transform>

<Transform dim="3"
 xcoef=" 2.43433645518728 1.22690102111269 -0.35210346858558 0 0 0"
 ycoef=" -12.4313446535542 0.139757512686398 0.991723513996636 0 0 0">
<Contour name="d014_cfa18" hidden="false" closed="false" simplified="false" border="0 0 1" fill="0 0 1" mode="11"
 points="29.9813 31.1623,
	29.5789 31.3909,
	"/>
</Transform>

<Transform dim="3"
 xcoef=" 2.43433645518728 1.22690102111269 -0.35210346858558 0 0 0"
 ycoef=" -12.4313446535542 0.139757512686398 0.991723513996636 0 0 0">
<Contour name="d002" hidden="false" closed="true" simplified="true" border="1 0.5 0" fill="1 1 0" mode="13"
 points="17.4343 2.97019,
	17.4921 2.8279,
	17.5099 2.79233,
	17.5188 2.78344,
	17.5188 2.77455,
	17.541 2.73897,
	17.5677 2.66783,
	17.5721 2.63226,
	17.5766 2.61448,
	17.6032 2.5789,
	17.7366 2.4633,
	17.7589 2.42773,
	17.7678 2.40994,
	17.8389 2.35659,
	17.8611 2.32546,
	17.8789 2.31212,
	17.8967 2.30768,
	17.9323 2.281,
	17.959 2.24987,
	17.9945 2.21875,
	18.0301 2.20985,
	18.0657 2.18318,
	18.0835 2.16539,
	18.1546 2.12537,
	18.2257 2.10314,
	18.2613 2.07646,
	18.2747 2.06312,
	18.3102 2.05423,
	18.328 2.04089,
	18.3636 2.02755,
	18.3992 2.02311,
	18.4703 1.99643,
	18.5059 1.99198,
	18.5237 1.97864,
	18.6659 1.9742,
	18.7371 1.9742,
	18.7726 1.98754,
	18.7904 1.98754,
	18.8616 2.00977,
	18.9327 2.02311,
	19.2173 2.04978,
	19.2529 2.05868,
	19.2706 2.05868,
	19.3418 2.09869,
	19.4129 2.11203,
	19.4485 2.11648,
	19.4663 2.12537,
	19.4841 2.12537,
	19.493 2.13427,
	19.5019 2.13427,
	19.5107 2.14316,
	19.5463 2.1565,
	19.5552 2.16539,
	19.5641 2.16539,
	19.5997 2.18762,
	19.6175 2.20096,
	19.6886 2.22319,
	19.7553 2.26321,
	19.7909 2.28989,
	19.7998 2.29878,
	19.8353 2.30768,
	19.8531 2.31212,
	19.9243 2.36548,
	19.9509 2.3966,
	20.0221 2.44107,
	20.0443 2.47219,
	20.0532 2.48553,
	20.0888 2.51221,
	20.1199 2.54778,
	20.1421 2.5789,
	20.1599 2.59224,
	20.1688 2.59224,
	20.2044 2.62337,
	20.2133 2.64115,
	20.2133 2.65894,
	20.2177 2.66783,
	20.2266 2.66783,
	20.2488 2.73897,
	20.2577 2.77455,
	20.2577 2.78344,
	20.2666 2.79233,
	20.2666 2.80122,
	20.2933 2.83235,
	20.3067 2.84569,
	20.3111 2.86347,
	20.3467 2.8946,
	20.3467 2.93017,
	20.36 2.96574,
	20.3689 2.98353,
	20.3689 3.05467,
	20.3689 3.07245,
	20.3556 3.10802,
	20.3556 3.1436,
	20.3378 3.21474,
	20.3422 3.25031,
	20.3378 3.32145,
	20.3422 3.39259,
	20.3378 3.46374,
	20.3333 3.49931,
	20.2844 3.64159,
	20.2755 3.65048,
	20.2666 3.68606,
	20.2577 3.69495,
	20.2533 3.73052,
	20.24 3.76609,
	20.2355 3.80166,
	20.2355 3.81945,
	20.2133 3.85502,
	20.1955 3.86836,
	20.1599 3.8817,
	20.0932 3.92616,
	20.0843 3.92616,
	20.0665 3.94395,
	20.0488 3.97952,
	20.0443 4.01509,
	20.0265 4.05066,
	20.0221 4.06844,
	20.0043 4.08178,
	19.9687 4.08623,
	19.9332 4.09957,
	19.9154 4.11291,
	19.8798 4.12625,
	19.8487 4.15293,
	19.8264 4.1885,
	19.7953 4.21518,
	19.7775 4.22851,
	19.7464 4.29966,
	19.6797 4.33967,
	19.6441 4.35301,
	19.5019 4.3708,
	19.3596 4.41971,
	19.2173 4.45083,
	19.1817 4.46417,
	19.0394 4.47751,
	18.9683 4.48196,
	18.826 4.45973,
	18.7549 4.44639,
	18.7193 4.43749,
	18.6837 4.41971,
	18.6481 4.41082,
	18.577 4.37525,
	18.4347 4.32189,
	18.3992 4.3041,
	18.3814 4.29966,
	18.3458 4.26853,
	18.3102 4.2463,
	18.2924 4.23296,
	18.2835 4.22407,
	18.2747 4.22407,
	18.2435 4.19294,
	18.2213 4.15737,
	18.1546 4.11291,
	18.1279 4.07734,
	17.9901 3.98396,
	17.9545 3.95728,
	17.9367 3.9395,
	17.9012 3.92616,
	17.8656 3.89504,
	17.8434 3.85946,
	17.8256 3.84168,
	17.8078 3.83279,
	17.79 3.815,
	17.7722 3.77943,
	17.7633 3.77054,
	17.7589 3.75275,
	17.7055 3.68606,
	17.6788 3.65048,
	17.6655 3.61936,
	17.6611 3.58379,
	17.6388 3.51265,
	17.5988 3.4415,
	17.5721 3.37036,
	17.5677 3.35258,
	17.541 3.31701,
	17.5232 3.30367,
	17.501 3.26809,
	17.4876 3.23252,
	17.4743 3.09024,
	17.4521 3.05467,
	17.4343 2.98353,
	17.4343 2.97463,
	"/>
<Contour name="d009" hidden="false" closed="true" simplified="true" border="1 0.502 0" fill="1 1 0" mode="13"
 points="7.40749 20.6392,
	7.41293 20.5957,
	7.41565 20.5848,
	7.41293 20.5739,
	7.42381 20.5304,
	7.42653 20.5087,
	7.43469 20.4869,
	7.43741 20.476,
	7.44285 20.4706,
	7.46734 20.3835,
	7.47278 20.3618,
	7.47278 20.3563,
	7.48094 20.3481,
	7.48366 20.3373,
	7.48366 20.3318,
	7.49998 20.3101,
	7.52174 20.291,
	7.56527 20.272,
	7.57071 20.272,
	7.58975 20.2557,
	7.63328 20.2393,
	7.6768 20.2312,
	7.68768 20.2312,
	7.73121 20.2176,
	7.77473 20.2176,
	7.86179 20.2366,
	7.88355 20.2448,
	7.92435 20.272,
	7.93251 20.2829,
	7.95428 20.2937,
	7.96516 20.2992,
	7.9842 20.3209,
	7.9978 20.3427,
	8.01684 20.3645,
	8.04133 20.408,
	8.05221 20.4515,
	8.05221 20.4624,
	8.06309 20.4842,
	8.06853 20.5059,
	8.07397 20.5168,
	8.09573 20.5359,
	8.1039 20.5467,
	8.11206 20.5685,
	8.12566 20.5903,
	8.12566 20.6011,
	8.1311 20.6066,
	8.13654 20.6283,
	8.14742 20.6474,
	8.15558 20.6909,
	8.15286 20.7018,
	8.16102 20.71,
	8.18007 20.7181,
	8.16918 20.7399,
	8.16102 20.7508,
	8.16102 20.7562,
	8.15014 20.7671,
	8.09845 20.8487,
	8.08485 20.8705,
	8.06853 20.8868,
	8.06581 20.8977,
	8.06037 20.9031,
	8.05221 20.9249,
	8.01684 20.9657,
	8.00052 20.9874,
	7.957 21.0174,
	7.93795 21.0337,
	7.92707 21.0446,
	7.84002 21.069,
	7.7965 21.0772,
	7.75297 21.0718,
	7.73121 21.069,
	7.64416 21.0446,
	7.55983 20.9956,
	7.54078 20.982,
	7.52718 20.9629,
	7.51358 20.9194,
	7.51086 20.9085,
	7.5027 20.8977,
	7.5027 20.8922,
	7.49726 20.8868,
	7.48366 20.8433,
	7.4755 20.8215,
	7.44557 20.778,
	7.42653 20.7562,
	7.41293 20.7344,
	7.40749 20.7127,
	7.40749 20.6692,
	7.40749 20.6474,
	7.40749 20.6419,
	"/>
<Contour name="d010" hidden="false" closed="true" simplified="true" border="1 0.502 0" fill="1 1 0" mode="13"
 points="5.96492 12.2585,
	5.97396 12.2465,
	6.0192 12.2193,
	6.04332 12.2043,
	6.06142 12.1831,
	6.06745 12.1711,
	6.06745 12.1651,
	6.0765 12.153,
	6.08856 12.147,
	6.13078 12.1017,
	6.13982 12.0897,
	6.15189 12.0836,
	6.20014 12.0384,
	6.22426 12.0203,
	6.24839 12.0082,
	6.2695 11.9841,
	6.28156 11.9781,
	6.30568 11.9841,
	6.31775 11.9932,
	6.32076 11.9992,
	6.366 11.96,
	6.39012 11.9449,
	6.39615 11.9449,
	6.41726 11.9238,
	6.46551 11.9027,
	6.47757 11.8967,
	6.5017 11.8936,
	6.51376 11.8906,
	6.51376 11.8786,
	6.52582 11.8756,
	6.57407 11.8846,
	6.5982 11.8936,
	6.62232 11.8906,
	6.63439 11.8906,
	6.64645 11.8846,
	6.67057 11.8816,
	6.68264 11.8786,
	6.68867 11.8786,
	6.6947 11.8725,
	6.74295 11.8695,
	6.76707 11.8725,
	6.86358 11.8575,
	6.8877 11.8484,
	6.91183 11.8454,
	6.93595 11.8363,
	6.9842 11.8303,
	7.03245 11.8333,
	7.12895 11.8303,
	7.15308 11.8424,
	7.20133 11.8514,
	7.21339 11.8544,
	7.2345 11.8756,
	7.24656 11.8846,
	7.24958 11.9087,
	7.25862 11.9329,
	7.26164 11.957,
	7.25259 12.0052,
	7.24656 12.0294,
	7.24958 12.0535,
	7.25862 12.0776,
	7.26767 12.0897,
	7.2737 12.0957,
	7.27672 12.1078,
	7.28878 12.1198,
	7.29179 12.1289,
	7.3129 12.15,
	7.32798 12.1741,
	7.34004 12.1831,
	7.34004 12.1892,
	7.41845 12.2706,
	7.44258 12.2917,
	7.44258 12.2977,
	7.45464 12.3068,
	7.4848 12.355,
	7.57225 12.4304,
	7.57225 12.4365,
	7.58733 12.4606,
	7.59637 12.4726,
	7.59637 12.4787,
	7.6024 12.4847,
	7.61748 12.533,
	7.62653 12.5571,
	7.62955 12.6053,
	7.65065 12.7018,
	7.65669 12.7501,
	7.6597 12.7742,
	7.66272 12.7863,
	7.65669 12.8104,
	7.65367 12.8225,
	7.65367 12.8285,
	7.64764 12.8345,
	7.64462 12.8586,
	7.63558 12.8677,
	7.62653 12.9159,
	7.59939 12.9642,
	7.57828 12.9853,
	7.55415 12.9974,
	7.5059 13.0426,
	7.48178 13.0577,
	7.46067 13.0788,
	7.43654 13.0939,
	7.43051 13.0939,
	7.40639 13.112,
	7.35814 13.127,
	7.30989 13.1361,
	7.26164 13.1512,
	7.21339 13.1783,
	7.20736 13.1843,
	7.15911 13.1994,
	7.11086 13.2085,
	7.09879 13.2085,
	7.07467 13.2175,
	7.06261 13.2296,
	7.05658 13.2356,
	7.05054 13.2356,
	7.01134 13.2808,
	7.00531 13.2929,
	6.98118 13.311,
	6.93293 13.3261,
	6.88468 13.3291,
	6.78818 13.3442,
	6.76406 13.3442,
	6.71581 13.3351,
	6.69168 13.3291,
	6.68565 13.3291,
	6.67962 13.3231,
	6.63137 13.308,
	6.60725 13.2959,
	6.559 13.2597,
	6.53487 13.2477,
	6.52884 13.2477,
	6.51075 13.2266,
	6.4625 13.1904,
	6.45646 13.1904,
	6.40821 13.1572,
	6.35996 13.115,
	6.35393 13.115,
	6.31775 13.0667,
	6.30267 13.0426,
	6.29362 13.0305,
	6.29362 13.0245,
	6.26045 12.9763,
	6.24236 12.928,
	6.23331 12.9039,
	6.22728 12.8918,
	6.22125 12.8858,
	6.22125 12.8798,
	6.20014 12.8556,
	6.173 12.7591,
	6.15189 12.7109,
	6.15189 12.7049,
	6.14586 12.6988,
	6.1157 12.6023,
	6.10665 12.5782,
	6.10665 12.5661,
	6.09157 12.5179,
	6.09459 12.4696,
	6.09157 12.4214,
	6.06142 12.3761,
	6.04935 12.3671,
	6.02523 12.3671,
	6.0192 12.3701,
	6.00714 12.3671,
	6.0011 12.3671,
	5.98301 12.343,
	5.96793 12.2947,
	5.96492 12.2706,
	5.96492 12.2616,
	"/>
<Contour name="d011" hidden="false" closed="true" simplified="true" border="1 0.501961 0" fill="1 1 0" mode="13"
 points="10.8089 32.8586,
	10.8133 32.8351,
	10.8163 32.8322,
	10.8163 32.8292,
	10.8192 32.8263,
	10.8324 32.7793,
	10.8339 32.7734,
	10.8383 32.769,
	10.8412 32.7572,
	10.8412 32.7543,
	10.8442 32.7514,
	10.8486 32.7396,
	10.853 32.7352,
	10.853 32.7323,
	10.8574 32.7264,
	10.8589 32.7205,
	10.8589 32.7176,
	10.8736 32.6956,
	10.878 32.6897,
	10.878 32.6867,
	10.9176 32.653,
	10.9294 32.6456,
	10.9411 32.6427,
	10.947 32.6427,
	10.9705 32.6339,
	11.0175 32.6251,
	11.0292 32.6251,
	11.0527 32.6295,
	11.0997 32.6456,
	11.1115 32.653,
	11.1144 32.653,
	11.1247 32.6647,
	11.1306 32.6706,
	11.135 32.6735,
	11.1409 32.6794,
	11.1497 32.7029,
	11.1497 32.7058,
	11.1526 32.7073,
	11.1556 32.7191,
	11.1556 32.7249,
	11.1688 32.7484,
	11.1732 32.7602,
	11.1747 32.7837,
	11.1747 32.7954,
	11.1702 32.8189,
	11.1688 32.9129,
	11.1673 32.9599,
	11.1629 32.9717,
	11.1556 32.9834,
	11.1482 33.0069,
	11.1423 33.0187,
	11.1379 33.0246,
	11.1335 33.0363,
	11.1306 33.0422,
	11.1306 33.0451,
	11.1247 33.051,
	11.1144 33.0745,
	11.1115 33.0804,
	11.0895 33.0995,
	11.0821 33.1112,
	11.0704 33.1186,
	11.0586 33.1215,
	11.0351 33.1333,
	11.0116 33.1421,
	10.9881 33.1435,
	10.9646 33.1362,
	10.9411 33.1215,
	10.9294 33.1171,
	10.9073 33.0965,
	10.8971 33.0863,
	10.8912 33.0804,
	10.878 33.0569,
	10.8706 33.0451,
	10.8691 33.0393,
	10.8662 33.0363,
	10.8662 33.0304,
	10.8633 33.0275,
	10.8545 33.004,
	10.8471 32.9923,
	10.8427 32.9879,
	10.8412 32.982,
	10.8383 32.979,
	10.8368 32.9673,
	10.8324 32.9555,
	10.8295 32.9497,
	10.828 32.9379,
	10.8221 32.9262,
	10.8221 32.9232,
	10.8192 32.9203,
	10.8192 32.9144,
	10.8163 32.9085,
	10.8163 32.9027,
	10.8133 32.8997,
	10.8089 32.8762,
	10.8089 32.8645,
	10.8089 32.8601,
	"/>
<Contour name="d015" hidden="false" closed="true" simplified="true" border="1 0.502 0" fill="1 1 0" mode="13"
 points="15.7315 31.2798,
	15.7342 31.2583,
	15.7422 31.2367,
	15.7422 31.2259,
	15.7503 31.2044,
	15.7557 31.1936,
	15.7665 31.1829,
	15.788 31.1694,
	15.8015 31.1478,
	15.8204 31.129,
	15.8419 31.1182,
	15.8634 31.1021,
	15.8688 31.0967,
	15.8742 31.0967,
	15.885 31.0886,
	15.8904 31.0886,
	15.9119 31.0751,
	15.955 31.0697,
	15.9981 31.0697,
	16.0197 31.0697,
	16.0628 31.0805,
	16.0735 31.0832,
	16.1139 31.1209,
	16.1274 31.1344,
	16.1274 31.1398,
	16.1328 31.1425,
	16.1489 31.2286,
	16.1839 31.3148,
	16.1866 31.3256,
	16.1893 31.331,
	16.1839 31.3525,
	16.1813 31.3956,
	16.1732 31.4172,
	16.1678 31.4603,
	16.1624 31.4818,
	16.1624 31.5034,
	16.157 31.5141,
	16.157 31.5249,
	16.1489 31.5357,
	16.1489 31.5411,
	16.1409 31.5518,
	16.1409 31.5626,
	16.1274 31.5815,
	16.0897 31.6165,
	16.0681 31.6299,
	16.0466 31.6326,
	15.9604 31.6623,
	15.9173 31.6623,
	15.8742 31.6515,
	15.8311 31.6326,
	15.8123 31.6165,
	15.7988 31.5949,
	15.7907 31.5842,
	15.7773 31.5411,
	15.7638 31.5195,
	15.7503 31.4764,
	15.7422 31.4549,
	15.7396 31.4333,
	15.7342 31.4226,
	15.7315 31.3364,
	15.7315 31.2933,
	15.7315 31.2825,
	"/>
</Transform>

<Transform dim="1"
 xcoef=" -4.01629956684321 1 0 0 0 0"
 ycoef=" -0.651782262640288 0 1 0 0 0">
<Contour name="d002_mito02" hidden="false" closed="true" simplified="true" border="0 0 1" fill="0 0 1" mode="11"
 points="12.9963 12.9481,
	13.0023 12.8999,
	13.0083 12.8938,
	13.0173 12.8697,
	13.0234 12.8577,
	13.0354 12.8456,
	13.0595 12.8396,
	13.0716 12.8336,
	13.0776 12.8366,
	13.0806 12.8456,
	13.0927 12.8456,
	13.1047 12.8577,
	13.1107 12.8607,
	13.1107 12.8667,
	13.1228 12.8788,
	13.1348 12.9029,
	13.1409 12.927,
	13.1409 12.939,
	13.1529 12.9601,
	13.1589 12.9661,
	13.183 12.9752,
	13.1951 12.9842,
	13.2011 12.9902,
	13.2162 13.0384,
	13.2162 13.0866,
	13.2132 13.1107,
	13.2071 13.1228,
	13.2071 13.1348,
	13.1981 13.1589,
	13.174 13.174,
	13.1258 13.18,
	13.1017 13.177,
	13.0776 13.168,
	13.0655 13.165,
	13.0414 13.1469,
	13.0143 13.0987,
	13.0083 13.0866,
	12.9993 12.9902,
	12.9963 12.9661,
	12.9963 12.9541,
	12.9963 12.9511,
	"/>
</Transform>

<Transform dim="1"
 xcoef=" -4.01629956684321 1 0 0 0 0"
 ycoef=" -0.651782262640288 0 1 0 0 0">
<Contour name="d009_mito03" hidden="false" closed="true" simplified="true" border="0.25098 0.501961 0.501961" fill="0.25098 0.501961 0.501961" mode="11"
 points="9.26135 30.7896,
	9.26601 30.771,
	9.273 30.6964,
	9.28698 30.6219,
	9.29396 30.5846,
	9.29629 30.5753,
	9.3126 30.5566,
	9.32192 30.5496,
	9.3592 30.538,
	9.37784 30.538,
	9.39648 30.5426,
	9.41512 30.5566,
	9.4524 30.5729,
	9.46871 30.5892,
	9.48036 30.6079,
	9.48036 30.6125,
	9.49667 30.6288,
	9.50133 30.6382,
	9.50133 30.6568,
	9.499 30.6591,
	9.50599 30.6778,
	9.50366 30.7523,
	9.50366 30.7896,
	9.50366 30.8082,
	9.499 30.8269,
	9.49667 30.8362,
	9.49201 30.8409,
	9.48968 30.8502,
	9.45706 30.8828,
	9.44541 30.9014,
	9.43609 30.9108,
	9.39881 30.9364,
	9.38017 30.9434,
	9.36153 30.9457,
	9.35221 30.9434,
	9.34755 30.9387,
	9.32891 30.9317,
	9.31959 30.9294,
	9.31493 30.9247,
	9.30561 30.9224,
	9.29163 30.9084,
	9.27533 30.8898,
	9.26834 30.8712,
	9.26135 30.7966,
	9.26135 30.7919,
	"/>
</Transform>

<Transform dim="1"
 xcoef=" -4.01629956684321 1 0 0 0 0"
 ycoef=" -0.651782262640288 0 1 0 0 0">
<Contour name="d010_mito04" hidden="false" closed="true" simplified="true" border="0.501961 1 1" fill="0.501961 1 1" mode="11"
 points="6.6679 23.168,
	6.67558 23.1434,
	6.67865 23.1373,
	6.69093 23.125,
	6.70015 23.1173,
	6.70322 23.1173,
	6.7155 23.1097,
	6.71857 23.1097,
	6.72011 23.1066,
	6.74467 23.0959,
	6.75081 23.0943,
	6.77538 23.0989,
	6.82451 23.1143,
	6.82758 23.1143,
	6.83065 23.1173,
	6.83679 23.1173,
	6.84907 23.125,
	6.89053 23.1695,
	6.89206 23.1757,
	6.89974 23.188,
	6.90434 23.2003,
	6.90588 23.2125,
	6.91049 23.2248,
	6.90434 23.2494,
	6.90281 23.2555,
	6.90588 23.2678,
	6.90434 23.2924,
	6.90434 23.3047,
	6.8982 23.3292,
	6.89513 23.3415,
	6.87517 23.3615,
	6.87057 23.3676,
	6.86136 23.3753,
	6.84907 23.3784,
	6.82451 23.3784,
	6.79994 23.3737,
	6.77538 23.3599,
	6.75081 23.3507,
	6.73853 23.3446,
	6.72778 23.3323,
	6.71857 23.3231,
	6.70629 23.3123,
	6.69861 23.3001,
	6.69401 23.2878,
	6.68633 23.2755,
	6.67712 23.2509,
	6.67098 23.2264,
	6.6679 23.2141,
	6.6679 23.1895,
	6.6679 23.1772,
	6.6679 23.1711,
	6.6679 23.1695,
	"/>
</Transform>

<Transform dim="1"
 xcoef=" -4.01629956684321 1 0 0 0 0"
 ycoef=" -0.651782262640288 0 1 0 0 0">
<Contour name="d012_mito04" hidden="false" closed="true" simplified="true" border="0.25098 0.501961 0.501961" fill="0.25098 0.501961 0.501961" mode="11"
 points="15.4637 45.6506,
	15.4756 45.6032,
	15.4934 45.5558,
	15.4993 45.5321,
	15.5052 45.5262,
	15.5052 45.5202,
	15.5259 45.4995,
	15.5733 45.4817,
	15.6207 45.4788,
	15.6326 45.4817,
	15.677 45.5202,
	15.6918 45.5439,
	15.7066 45.5913,
	15.7215 45.6121,
	15.7422 45.6328,
	15.7718 45.7246,
	15.7748 45.7483,
	15.7659 45.7957,
	15.7629 45.8076,
	15.757 45.8135,
	15.757 45.8254,
	15.7481 45.8491,
	15.7363 45.858,
	15.7126 45.8668,
	15.7007 45.8668,
	15.6889 45.8728,
	15.6415 45.8668,
	15.6296 45.8668,
	15.6059 45.858,
	15.6 45.858,
	15.5763 45.8402,
	15.5556 45.8165,
	15.5171 45.7839,
	15.4904 45.7365,
	15.4697 45.6891,
	15.4637 45.6654,
	15.4637 45.6535,
	"/>
</Transform>

<Transform dim="1"
 xcoef=" -4.01629956684321 1 0 0 0 0"
 ycoef=" -0.651782262640288 0 1 0 0 0">
<Contour name="d011_mito01" hidden="false" closed="true" simplified="true" border="0.25098 0.501961 0.501961" fill="0.25098 0.501961 0.501961" mode="11"
 points="15.2127 42.3284,
	15.2172 42.2927,
	15.2395 42.2593,
	15.2551 42.2414,
	15.264 42.237,
	15.2819 42.2347,
	15.3175 42.2414,
	15.3331 42.257,
	15.3443 42.2727,
	15.3443 42.2771,
	15.3577 42.295,
	15.3621 42.3039,
	15.3688 42.3396,
	15.3644 42.3752,
	15.3644 42.3931,
	15.3577 42.4109,
	15.351 42.4199,
	15.351 42.4243,
	15.3153 42.4578,
	15.2975 42.4667,
	15.2796 42.4667,
	15.2618 42.4555,
	15.2573 42.4488,
	15.2484 42.4399,
	15.2395 42.4221,
	15.235 42.4176,
	15.2283 42.3998,
	15.2261 42.3909,
	15.2194 42.3819,
	15.2127 42.3463,
	15.2127 42.3306,
	"/>
</Transform>

<Transform dim="1"
 xcoef=" -4.01629956684321 1 0 0 0 0"
 ycoef=" -0.651782262640288 0 1 0 0 0">
<Contour name="d008_mito02" hidden="false" closed="true" simplified="true" border="0.501961 1 1" fill="0.501961 1 1" mode="11"
 points="19.6884 28.7395,
	19.6947 28.6895,
	19.7134 28.6394,
	19.7353 28.6175,
	19.7479 28.6112,
	19.7729 28.6112,
	19.7854 28.6112,
	19.7979 28.6206,
	19.8042 28.6206,
	19.8104 28.6269,
	19.8167 28.6269,
	19.8229 28.6331,
	19.8292 28.6331,
	19.8667 28.6801,
	19.8886 28.702,
	19.898 28.7145,
	19.9043 28.7395,
	19.9012 28.7614,
	19.9074 28.7677,
	19.9043 28.8177,
	19.9105 28.8302,
	19.9105 28.8803,
	19.9012 28.9304,
	19.898 28.9429,
	19.8542 28.9898,
	19.8355 29.0117,
	19.8104 29.0148,
	19.7854 29.0117,
	19.7729 29.0086,
	19.726 28.9585,
	19.7166 28.946,
	19.7041 28.8959,
	19.6978 28.8459,
	19.6915 28.8209,
	19.6884 28.7708,
	19.6884 28.7458,
	19.6884 28.7426,
	"/>
</Transform>

<Transform dim="1"
 xcoef=" -4.01629956684321 1 0 0 0 0"
 ycoef=" -0.651782262640288 0 1 0 0 0">
<Contour name="d004_mito01" hidden="false" closed="true" simplified="true" border="0.25098 0.501961 0.501961" fill="0.25098 0.501961 0.501961" mode="11"
 points="27.3785 19.0832,
	27.3812 19.062,
	27.3838 19.0514,
	27.3917 19.0435,
	27.3944 19.0382,
	27.3997 19.0382,
	27.4076 19.0303,
	27.45 19.0329,
	27.4711 19.0382,
	27.5135 19.0382,
	27.524 19.0382,
	27.6087 19.0858,
	27.6299 19.1017,
	27.6325 19.1123,
	27.6616 19.152,
	27.6722 19.1705,
	27.6749 19.1811,
	27.6855 19.1917,
	27.6987 19.2129,
	27.7066 19.234,
	27.7066 19.2393,
	27.6987 19.2473,
	27.696 19.2896,
	27.6934 19.3002,
	27.6934 19.3055,
	27.6881 19.3108,
	27.6855 19.3531,
	27.6431 19.3875,
	27.6246 19.4034,
	27.6034 19.4087,
	27.5823 19.4087,
	27.5399 19.4007,
	27.5188 19.3928,
	27.4976 19.3796,
	27.4552 19.3637,
	27.4341 19.3478,
	27.4261 19.3399,
	27.4235 19.3293,
	27.4103 19.3081,
	27.4023 19.2869,
	27.397 19.2446,
	27.397 19.2234,
	27.3891 19.2023,
	27.3812 19.1917,
	27.3812 19.1493,
	27.3812 19.1388,
	27.3838 19.1335,
	27.3812 19.0911,
	27.3785 19.0858,
	"/>
</Transform>

<Transform dim="1"
 xcoef=" -4.01629956684321 1 0 0 0 0"
 ycoef=" -0.651782262640288 0 1 0 0 0">
<Contour name="d006_mito02" hidden="false" closed="true" simplified="true" border="0 1 1" fill="0 1 1" mode="11"
 points="35.1349 33.3574,
	35.1378 33.3515,
	35.1423 33.3279,
	35.1452 33.3249,
	35.1467 33.319,
	35.1659 33.2954,
	35.1777 33.285,
	35.1836 33.2806,
	35.2072 33.2747,
	35.2308 33.2732,
	35.2545 33.2777,
	35.2663 33.2806,
	35.2692 33.2806,
	35.2722 33.2836,
	35.2958 33.2939,
	35.3017 33.2954,
	35.3135 33.3028,
	35.3327 33.3249,
	35.3475 33.3485,
	35.3578 33.3721,
	35.3622 33.384,
	35.3622 33.3899,
	35.3696 33.4135,
	35.374 33.4253,
	35.374 33.4282,
	35.377 33.4312,
	35.377 33.4371,
	35.3799 33.443,
	35.3829 33.4666,
	35.3814 33.4903,
	35.3785 33.5021,
	35.3711 33.5139,
	35.3593 33.5242,
	35.3534 33.5286,
	35.3504 33.5286,
	35.3445 33.5331,
	35.3327 33.5375,
	35.3268 33.5375,
	35.3209 33.5404,
	35.2973 33.5404,
	35.25 33.5464,
	35.2382 33.5464,
	35.2323 33.5464,
	35.2205 33.5419,
	35.2146 33.5419,
	35.2028 33.536,
	35.1924 33.5272,
	35.1865 33.5213,
	35.1703 33.4991,
	35.157 33.4755,
	35.1526 33.4696,
	35.1452 33.446,
	35.1363 33.3987,
	35.1349 33.3751,
	35.1349 33.3633,
	35.1349 33.3589,
	"/>
</Transform>

<Transform dim="1"
 xcoef=" -4.01629956684321 1 0 0 0 0"
 ycoef=" -0.651782262640288 0 1 0 0 0">
<Contour name="d020_c27" hidden="false" closed="true" simplified="true" border="1 0 0" fill="1 0 0" mode="11"
 points="36.4582 27.7938,
	36.599 27.5502,
	36.7094 27.672,
	36.7361 27.7024,
	36.7437 27.7101,
	36.6447 27.8319,
	36.6333 27.8471,
	36.6257 27.8547,
	36.5914 28.0984,
	36.561 28.106,
	36.5001 28.1098,
	36.4696 28.1136,
	36.462 28.1136,
	36.4582 27.8699,
	36.4582 27.809,
	36.4582 27.7976,
	"/>
</Transform>

<Transform dim="1"
 xcoef=" -4.01629956684321 1 0 0 0 0"
 ycoef=" -0.651782262640288 0 1 0 0 0">
<Contour name="d020_cfa27" hidden="false" closed="false" simplified="false" border="0 0 1" fill="0 0 1" mode="11"
 points="36.5345 28.1098,
	36.5493 27.982,
	36.5591 27.923,
	36.5935 27.8395,
	36.6377 27.756,
	36.7213 27.6724,
	"/>
</Transform>

<Transform dim="1"
 xcoef=" -4.01629956684321 1 0 0 0 0"
 ycoef=" -0.651782262640288 0 1 0 0 0">
<Contour name="d020_c28" hidden="false" closed="true" simplified="true" border="1 0 0" fill="1 0 0" mode="11"
 points="37.0862 27.8576,
	37.1648 27.8331,
	37.2434 27.8183,
	37.2533 27.8134,
	37.2631 27.8183,
	37.2778 27.9756,
	37.2827 28.0149,
	37.2729 28.1721,
	37.268 28.2114,
	37.2631 28.2213,
	37.1845 28.2164,
	37.1451 28.2114,
	37.1255 28.2114,
	37.1157 28.2065,
	37.0911 27.892,
	37.0862 27.8724,
	37.0862 27.8625,
	"/>
</Transform>

<Transform dim="1"
 xcoef=" -4.01629956684321 1 0 0 0 0"
 ycoef=" -0.651782262640288 0 1 0 0 0">
<Contour name="d020_cfa28" hidden="false" closed="false" simplified="false" border="0 0 1" fill="0 0 1" mode="11"
 points="37.1537 28.2081,
	37.193 28.0705,
	37.1291 27.8444,
	"/>
</Transform>

<Transform dim="1"
 xcoef=" -4.01629956684321 1 0 0 0 0"
 ycoef=" -0.651782262640288 0 1 0 0 0">
<Contour name="d020_mito05" hidden="false" closed="true" simplified="true" border="1 0 0.502" fill="1 0 0.502" mode="11"
 points="36.5129 28.3525,
	36.5144 28.3278,
	36.5222 28.2783,
	36.5252 28.2535,
	36.5361 28.204,
	36.5423 28.1793,
	36.5423 28.1731,
	36.5577 28.1236,
	36.5778 28.0741,
	36.5902 28.0493,
	36.5995 28.0246,
	36.615 27.9999,
	36.6211 27.9875,
	36.6273 27.9813,
	36.6351 27.9689,
	36.6459 27.9565,
	36.6583 27.9473,
	36.6614 27.9442,
	36.6645 27.9442,
	36.6753 27.9364,
	36.6877 27.9318,
	36.7124 27.9287,
	36.7248 27.9303,
	36.7371 27.9349,
	36.7433 27.9349,
	36.7681 27.9457,
	36.7805 27.9519,
	36.8037 27.9705,
	36.8253 27.9921,
	36.8485 28.0169,
	36.8578 28.0292,
	36.864 28.0416,
	36.8671 28.0447,
	36.8671 28.0478,
	36.8717 28.054,
	36.8748 28.0571,
	36.8763 28.0633,
	36.8841 28.0756,
	36.8903 28.1004,
	36.8949 28.1499,
	36.8918 28.1746,
	36.8918 28.187,
	36.8887 28.1932,
	36.8887 28.2056,
	36.8856 28.2179,
	36.8856 28.2241,
	36.8825 28.2303,
	36.8825 28.2365,
	36.8794 28.2396,
	36.8794 28.2458,
	36.8733 28.2582,
	36.8733 28.2643,
	36.8547 28.3138,
	36.8454 28.3386,
	36.8408 28.3448,
	36.8315 28.3695,
	36.8253 28.3819,
	36.8238 28.3881,
	36.8207 28.3912,
	36.8207 28.3943,
	36.8176 28.3974,
	36.8176 28.4005,
	36.7882 28.4499,
	36.7851 28.4561,
	36.765 28.4809,
	36.7619 28.4871,
	36.7418 28.5103,
	36.7325 28.5226,
	36.7232 28.5319,
	36.6985 28.552,
	36.6861 28.5598,
	36.6614 28.569,
	36.6366 28.5706,
	36.6119 28.569,
	36.6057 28.569,
	36.5809 28.5598,
	36.5794 28.5567,
	36.5763 28.5567,
	36.5546 28.5381,
	36.5438 28.5288,
	36.533 28.5165,
	36.5237 28.4917,
	36.5222 28.4793,
	36.5206 28.4731,
	36.5237 28.4484,
	36.5144 28.3989,
	36.5129 28.3742,
	36.5129 28.3618,
	36.5129 28.3556,
	36.5129 28.354,
	"/>
</Transform>

<Transform dim="1"
 xcoef=" -4.01629956684321 1 0 0 0 0"
 ycoef=" -0.651782262640288 0 1 0 0 0">
<Contour name="d001" hidden="false" closed="true" simplified="true" border="1 0.5 0" fill="1 1 0.501961" mode="13"
 points="7.07277 10.0135,
	7.17149 9.97287,
	7.22141 9.95456,
	7.23328 9.94801,
	7.24649 9.95791,
	7.25879 9.98886,
	7.25802 10.0224,
	7.24423 10.0586,
	7.23349 10.0691,
	7.2292 10.0783,
	7.21725 10.0849,
	7.21079 10.0862,
	7.19034 10.1111,
	7.16538 10.1203,
	7.15117 10.1189,
	7.1447 10.1202,
	7.11398 10.0971,
	7.09513 10.0675,
	7.08407 10.053,
	7.07503 10.0214,
	7.0739 10.0174,
	"/>
<Contour name="d001 smooth20" hidden="false" closed="true" simplified="false" border="1 0.5 0" fill="1 1 0.501961" mode="13"
 points="7.13702 10.0067,
	7.14425 10.0103,
	7.15115 10.0139,
	7.15703 10.0188,
	7.16166 10.0241,
	7.16558 10.0294,
	7.16917 10.0347,
	7.17123 10.0389,
	7.17235 10.0416,
	7.17292 10.0436,
	7.17303 10.044,
	7.17309 10.0442,
	7.17314 10.0444,
	7.16826 10.0466,
	7.16089 10.0498,
	7.15292 10.0532,
	7.14429 10.0562,
	7.13504 10.0576,
	7.12584 10.0574,
	7.11732 10.0553,
	7.10934 10.0527,
	"/>
</Transform>

<Transform dim="1"
 xcoef=" -4.01629956684321 1 0 0 0 0"
 ycoef=" -0.651782262640288 0 1 0 0 0">
<Contour name="d021_o26" hidden="false" closed="true" simplified="false" border="1 0 0" fill="1 0 0" mode="-13"
 points="11.7495 29.8107,
	11.7752 29.8107,
	11.7624 29.8343,
	"/>
</Transform>

<Transform dim="1"
 xcoef=" -4.01629956684321 1 0 0 0 0"
 ycoef=" -0.651782262640288 0 1 0 0 0">
<Contour name="D023" comment="2019-04-03_zal" hidden="false" closed="true" simplified="true" border="0 0.502 0.753" fill="0 0.502 0.753" mode="11"
 points="12.7226 29.7732,
	12.7246 29.7471,
	12.7305 29.7216,
	12.7401 29.6973,
	12.7533 29.6748,
	12.7698 29.6544,
	12.7892 29.6368,
	12.8109 29.6224,
	12.8347 29.6113,
	12.8598 29.604,
	12.8857 29.6006,
	12.9118 29.6011,
	12.9376 29.6055,
	12.9624 29.6138,
	12.9857 29.6257,
	13.0069 29.641,
	13.0256 29.6593,
	13.0412 29.6802,
	13.0536 29.7032,
	13.0623 29.7279,
	13.0673 29.7536,
	13.0682 29.7797,
	13.0653 29.8057,
	13.0584 29.8309,
	13.0479 29.8548,
	13.0338 29.8769,
	13.0166 29.8966,
	12.9966 29.9134,
	12.9743 29.9271,
	12.9502 29.9372,
	12.9248 29.9436,
	12.8988 29.946,
	12.8727 29.9445,
	12.8471 29.9391,
	12.8226 29.9299,
	12.7998 29.9171,
	12.7792 29.9011,
	12.7612 29.8821,
	12.7463 29.8606,
	12.7348 29.8371,
	12.727 29.8121,
	"/>
</Transform>

<Transform dim="1"
 xcoef=" -4.01629956684321 1 0 0 0 0"
 ycoef=" -0.651782262640288 0 1 0 0 0">
<Contour name="D024" comment="2019-04-03_zal" hidden="false" closed="true" simplified="true" border="0 0.502 0.753" fill="0 0.502 0.753" mode="11"
 points="26.0076 36.3704,
	26.0166 36.3021,
	26.0428 36.2404,
	26.0835 36.1916,
	26.1349 36.1602,
	26.1918 36.1493,
	26.2487 36.1602,
	26.3 36.1916,
	26.3408 36.2404,
	26.367 36.3021,
	26.376 36.3704,
	26.367 36.4387,
	26.3408 36.5003,
	26.3 36.5492,
	26.2487 36.5806,
	26.1918 36.5914,
	26.1349 36.5806,
	26.0835 36.5492,
	26.0428 36.5003,
	"/>
</Transform>

<Transform dim="1"
 xcoef=" -1.29223827844268 1 0 0 0 0"
 ycoef=" 0.374943554597292 0 1 0 0 0">
<Contour name="d021_delete" hidden="false" closed="true" simplified="false" border="1 0 0" fill="1 0 0" mode="11"
 points="14.2918 29.9786,
	14.3006 29.9698,
	14.2655 29.9347,
	14.2743 29.9259,
	14.3094 29.961,
	14.3182 29.9523,
	14.3182 29.9786,
	"/>
</Transform>

<Transform dim="1"
 xcoef=" -1.29223827844268 1 0 0 0 0"
 ycoef=" 0.374943554597292 0 1 0 0 0">
<Contour name="d021_p25" comment="04-04-19 zal" hidden="false" closed="true" simplified="true" border="1 1 0" fill="1 1 0" mode="11"
 points="13.1056 30.3233,
	13.1071 30.3202,
	13.1071 30.3186,
	13.1181 30.3084,
	13.1213 30.3061,
	13.1244 30.3061,
	13.126 30.3045,
	13.1385 30.3037,
	13.1448 30.3029,
	13.1573 30.3053,
	13.1699 30.31,
	13.1715 30.31,
	13.173 30.3116,
	13.1856 30.3155,
	13.1919 30.3178,
	13.1934 30.3194,
	13.1966 30.3202,
	13.1981 30.3202,
	13.1997 30.3218,
	13.206 30.3233,
	13.2091 30.3233,
	13.2342 30.3327,
	13.2374 30.3327,
	13.2499 30.3367,
	13.2531 30.3375,
	13.2539 30.339,
	13.257 30.339,
	13.2586 30.3406,
	13.2648 30.3414,
	13.2656 30.3429,
	13.2688 30.3429,
	13.2695 30.3445,
	13.2758 30.3453,
	13.2884 30.35,
	13.2947 30.3516,
	13.3009 30.3547,
	13.3072 30.3563,
	13.3088 30.3563,
	13.3103 30.3579,
	13.3166 30.3594,
	13.3198 30.3602,
	13.3213 30.3602,
	13.3229 30.3618,
	13.326 30.3618,
	13.3386 30.3673,
	13.3637 30.3751,
	13.3653 30.3751,
	13.3668 30.3767,
	13.3794 30.379,
	13.3919 30.3837,
	13.4171 30.3908,
	13.4296 30.3963,
	13.4327 30.3971,
	13.4359 30.3994,
	13.4422 30.4018,
	13.4453 30.4034,
	13.4461 30.4049,
	13.4492 30.4057,
	13.461 30.4159,
	13.4665 30.4214,
	13.4728 30.4332,
	13.4743 30.4395,
	13.4735 30.4646,
	13.4696 30.4771,
	13.4665 30.4834,
	13.4649 30.4897,
	13.4649 30.4912,
	13.4626 30.4936,
	13.461 30.4999,
	13.4594 30.5007,
	13.4586 30.5038,
	13.4563 30.5069,
	13.4563 30.5085,
	13.4484 30.5187,
	13.4437 30.5234,
	13.439 30.5297,
	13.4343 30.5344,
	13.4218 30.543,
	13.4155 30.5469,
	13.4123 30.5477,
	13.4108 30.5493,
	13.4045 30.5501,
	13.4037 30.5517,
	13.3912 30.554,
	13.3849 30.5556,
	13.3347 30.5564,
	13.2845 30.5556,
	13.2593 30.5532,
	13.2342 30.5493,
	13.228 30.5485,
	13.2248 30.5477,
	13.2233 30.5462,
	13.217 30.5454,
	13.2107 30.543,
	13.2076 30.543,
	13.195 30.5383,
	13.1887 30.5344,
	13.1872 30.5344,
	13.1762 30.5258,
	13.1715 30.5203,
	13.1691 30.5179,
	13.1668 30.5124,
	13.1652 30.5116,
	13.1644 30.5085,
	13.1621 30.5054,
	13.1621 30.5038,
	13.1605 30.503,
	13.1605 30.4999,
	13.1581 30.4936,
	13.1542 30.4873,
	13.1526 30.4865,
	13.1519 30.4834,
	13.1495 30.481,
	13.1495 30.4795,
	13.1464 30.4763,
	13.1432 30.4701,
	13.1346 30.4449,
	13.133 30.4387,
	13.1315 30.4371,
	13.1291 30.4308,
	13.1291 30.4277,
	13.1244 30.4151,
	13.1213 30.4026,
	13.1213 30.3994,
	13.1197 30.3963,
	13.1189 30.39,
	13.1173 30.3892,
	13.1158 30.3767,
	13.1126 30.3641,
	13.1103 30.3579,
	13.1095 30.3516,
	13.1079 30.3508,
	13.1056 30.3382,
	13.1056 30.3257,
	13.1056 30.3241,
	"/>
</Transform>

<Transform dim="1"
 xcoef=" -1.29223827844268 1 0 0 0 0"
 ycoef=" 0.374943554597292 0 1 0 0 0">
<Contour name="d021" hidden="true" closed="true" simplified="true" border="1 1 0" fill="1 1 0" mode="11"
 points="13.8094 30.5244,
	13.811 30.5155,
	13.8121 30.511,
	13.8121 30.5065,
	13.8133 30.5021,
	13.8133 30.4976,
	13.8144 30.4954,
	13.8149 30.4865,
	13.82 30.4686,
	13.82 30.4664,
	13.8216 30.4619,
	13.8244 30.4575,
	13.825 30.4552,
	13.8412 30.4374,
	13.8495 30.4285,
	13.8534 30.4245,
	13.8579 30.4218,
	13.8618 30.4179,
	13.8707 30.4117,
	13.8752 30.4084,
	13.8841 30.4034,
	13.893 30.3972,
	13.902 30.3922,
	13.9042 30.3905,
	13.9064 30.3905,
	13.9109 30.3872,
	13.9153 30.3855,
	13.9198 30.3827,
	13.9209 30.3816,
	13.9388 30.3743,
	13.9477 30.3704,
	13.9499 30.3688,
	13.9544 30.3682,
	13.9561 30.3665,
	13.9583 30.366,
	13.9605 30.3643,
	13.965 30.3637,
	13.9672 30.3621,
	13.9761 30.3593,
	13.9851 30.3554,
	13.994 30.3537,
	14.0029 30.3509,
	14.0386 30.3453,
	14.0565 30.3437,
	14.1279 30.3325,
	14.1457 30.3331,
	14.1636 30.3359,
	14.1814 30.3398,
	14.1993 30.3448,
	14.2037 30.3459,
	14.206 30.3459,
	14.2238 30.3526,
	14.2327 30.3559,
	14.235 30.3565,
	14.2528 30.3682,
	14.2618 30.3743,
	14.2662 30.3771,
	14.2684 30.3782,
	14.2774 30.3866,
	14.2863 30.3939,
	14.3041 30.4106,
	14.3131 30.419,
	14.3287 30.4363,
	14.3359 30.4452,
	14.3398 30.4497,
	14.3454 30.4586,
	14.3482 30.463,
	14.3504 30.4653,
	14.356 30.4742,
	14.3644 30.492,
	14.3666 30.501,
	14.3672 30.5054,
	14.3689 30.5099,
	14.3761 30.5188,
	14.3822 30.5277,
	14.3822 30.5289,
	14.3856 30.5333,
	14.3873 30.5356,
	14.3889 30.54,
	14.3956 30.5489,
	14.4006 30.5579,
	14.4168 30.5757,
	14.4246 30.5846,
	14.4319 30.5925,
	14.4408 30.6003,
	14.4453 30.6047,
	14.4497 30.6081,
	14.4509 30.6103,
	14.4553 30.6125,
	14.4732 30.6276,
	14.4821 30.6354,
	14.4866 30.6388,
	14.4944 30.6477,
	14.4988 30.6566,
	14.5016 30.6611,
	14.515 30.6968,
	14.5161 30.7012,
	14.5172 30.7023,
	14.5211 30.7202,
	14.5234 30.738,
	14.5239 30.7425,
	14.5329 30.7604,
	14.5373 30.7693,
	14.5395 30.7737,
	14.5518 30.7916,
	14.5596 30.8005,
	14.5725 30.8184,
	14.5758 30.8228,
	14.5775 30.8251,
	14.5792 30.834,
	14.5797 30.8385,
	14.5764 30.8563,
	14.5719 30.8652,
	14.5697 30.8697,
	14.563 30.8786,
	14.5596 30.8831,
	14.558 30.8853,
	14.5552 30.8942,
	14.5501 30.9032,
	14.5418 30.9104,
	14.5329 30.9154,
	14.5284 30.9177,
	14.5262 30.9193,
	14.5172 30.921,
	14.5161 30.921,
	14.5144 30.9227,
	14.5055 30.9249,
	14.4877 30.9244,
	14.4832 30.9244,
	14.4654 30.9193,
	14.4564 30.9165,
	14.452 30.9154,
	14.443 30.9154,
	14.4252 30.9188,
	14.423 30.9199,
	14.4207 30.9199,
	14.4185 30.921,
	14.4006 30.9227,
	14.3917 30.9232,
	14.3739 30.9266,
	14.3649 30.9271,
	14.3627 30.9283,
	14.3538 30.9288,
	14.3527 30.9288,
	14.3516 30.9299,
	14.3337 30.9327,
	14.3248 30.9333,
	14.3203 30.9344,
	14.3181 30.9344,
	14.3159 30.9355,
	14.3069 30.9366,
	14.3025 30.9383,
	14.2935 30.9394,
	14.2913 30.9394,
	14.2869 30.9411,
	14.2824 30.9411,
	14.2645 30.9444,
	14.1931 30.9456,
	14.1753 30.9478,
	14.1731 30.9478,
	14.1641 30.9506,
	14.1552 30.9522,
	14.1374 30.9528,
	14.1195 30.9517,
	14.115 30.9517,
	14.1061 30.9495,
	14.1017 30.9467,
	14.0994 30.9456,
	14.0983 30.9456,
	14.0938 30.9428,
	14.0855 30.935,
	14.0766 30.926,
	14.0721 30.9221,
	14.0704 30.9199,
	14.0682 30.9188,
	14.0593 30.9099,
	14.0503 30.9032,
	14.0459 30.8987,
	14.028 30.887,
	14.0197 30.882,
	13.984 30.8563,
	13.9661 30.8435,
	13.9616 30.8407,
	13.9594 30.8396,
	13.9583 30.8385,
	13.9494 30.8345,
	13.9404 30.8318,
	13.9226 30.8239,
	13.9137 30.8189,
	13.9092 30.8167,
	13.9003 30.8106,
	13.8914 30.8016,
	13.8902 30.7994,
	13.883 30.7905,
	13.8713 30.7726,
	13.8612 30.7553,
	13.8607 30.7531,
	13.859 30.7509,
	13.8562 30.7419,
	13.8562 30.7408,
	13.8545 30.7386,
	13.8518 30.7297,
	13.8506 30.7252,
	13.8495 30.7241,
	13.849 30.7219,
	13.849 30.7208,
	13.8473 30.7185,
	13.8451 30.7096,
	13.8417 30.7007,
	13.8412 30.6962,
	13.8384 30.6873,
	13.8333 30.6516,
	13.8322 30.6427,
	13.8322 30.6404,
	13.8322 30.6393,
	13.8306 30.6371,
	13.8294 30.636,
	13.8166 30.6003,
	13.8149 30.5958,
	13.8127 30.5779,
	13.8116 30.569,
	13.811 30.5646,
	13.8099 30.5623,
	13.8094 30.5266,
	13.8094 30.525,
	"/>
</Transform>

<Transform dim="1"
 xcoef=" -1.29223827844268 1 0 0 0 0"
 ycoef=" 0.374943554597292 0 1 0 0 0">
<Contour name="d021_p26" comment="04-04-19 zal" hidden="false" closed="true" simplified="true" border="1 1 0" fill="1 1 0" mode="11"
 points="14.4697 30.919,
	14.4763 30.9181,
	14.4829 30.919,
	14.4861 30.919,
	14.4894 30.9206,
	14.5026 30.9206,
	14.5157 30.9181,
	14.5223 30.9157,
	14.5232 30.914,
	14.5264 30.9132,
	14.5388 30.9042,
	14.5486 30.8926,
	14.5503 30.8902,
	14.5536 30.8869,
	14.5569 30.8803,
	14.5585 30.8787,
	14.5585 30.877,
	14.5602 30.8754,
	14.5602 30.8737,
	14.5618 30.8721,
	14.5676 30.8589,
	14.57 30.8523,
	14.5717 30.8491,
	14.5733 30.8359,
	14.5741 30.8293,
	14.5741 30.8277,
	14.5774 30.8268,
	14.5906 30.8359,
	14.5922 30.8359,
	14.5988 30.8408,
	14.5996 30.8425,
	14.6062 30.8449,
	14.6087 30.8474,
	14.6103 30.8482,
	14.6103 30.8499,
	14.6161 30.854,
	14.6194 30.8556,
	14.6194 30.8573,
	14.6243 30.8622,
	14.626 30.8622,
	14.644 30.8844,
	14.6531 30.8976,
	14.6605 30.9091,
	14.6654 30.9148,
	14.6728 30.928,
	14.6745 30.9288,
	14.6753 30.9321,
	14.6835 30.9453,
	14.6876 30.9519,
	14.6893 30.9535,
	14.6893 30.9551,
	14.7074 30.9815,
	14.7115 30.988,
	14.7131 30.9913,
	14.7148 30.993,
	14.7156 30.9963,
	14.7238 31.0094,
	14.7246 31.0127,
	14.7288 31.0176,
	14.7312 31.0209,
	14.732 31.0242,
	14.7337 31.0259,
	14.7386 31.039,
	14.7394 31.0423,
	14.7419 31.0456,
	14.7436 31.0464,
	14.7436 31.0481,
	14.751 31.0612,
	14.7534 31.0678,
	14.7551 31.0711,
	14.7551 31.0727,
	14.7575 31.076,
	14.7575 31.0777,
	14.7592 31.0785,
	14.7592 31.0802,
	14.7674 31.0933,
	14.7723 31.0999,
	14.774 31.1007,
	14.7748 31.104,
	14.7765 31.1048,
	14.7765 31.1065,
	14.7797 31.1089,
	14.7814 31.1122,
	14.7921 31.1237,
	14.797 31.1295,
	14.7995 31.1311,
	14.8044 31.1369,
	14.8069 31.1394,
	14.8069 31.141,
	14.8085 31.1427,
	14.8085 31.1443,
	14.8118 31.1468,
	14.8135 31.1492,
	14.8168 31.1525,
	14.8168 31.1542,
	14.8192 31.1566,
	14.8192 31.1583,
	14.8233 31.1649,
	14.8258 31.1714,
	14.8266 31.1747,
	14.8283 31.1764,
	14.8291 31.1895,
	14.8291 31.1961,
	14.8291 31.1994,
	14.8274 31.201,
	14.8274 31.2027,
	14.8233 31.2068,
	14.8225 31.2101,
	14.8184 31.2159,
	14.8118 31.2208,
	14.7995 31.2249,
	14.7929 31.2265,
	14.7666 31.229,
	14.7403 31.229,
	14.737 31.229,
	14.7304 31.2265,
	14.7271 31.2265,
	14.7205 31.2241,
	14.7172 31.2241,
	14.7156 31.2224,
	14.7123 31.2216,
	14.7107 31.2216,
	14.709 31.22,
	14.7074 31.22,
	14.7057 31.2183,
	14.7024 31.2175,
	14.7016 31.2159,
	14.695 31.2142,
	14.6893 31.2101,
	14.686 31.2093,
	14.6737 31.2019,
	14.6728 31.2002,
	14.6695 31.1994,
	14.6473 31.1805,
	14.6383 31.1714,
	14.6317 31.1649,
	14.6218 31.1558,
	14.6177 31.1509,
	14.612 31.1451,
	14.612 31.1435,
	14.6062 31.1385,
	14.5996 31.132,
	14.5906 31.1196,
	14.5906 31.118,
	14.5815 31.1065,
	14.5725 31.0933,
	14.5676 31.0867,
	14.5651 31.0802,
	14.561 31.0736,
	14.5552 31.0612,
	14.5528 31.0547,
	14.5528 31.053,
	14.5503 31.0497,
	14.5486 31.0431,
	14.5486 31.0415,
	14.547 31.0407,
	14.5363 31.0144,
	14.5338 31.0127,
	14.533 31.0094,
	14.5306 31.007,
	14.5248 30.9946,
	14.5166 30.9823,
	14.5125 30.9757,
	14.5108 30.9732,
	14.5092 30.9724,
	14.5092 30.9691,
	14.5051 30.9625,
	14.5018 30.9593,
	14.5009 30.956,
	14.4919 30.9445,
	14.487 30.9387,
	14.4853 30.9387,
	14.4746 30.9255,
	14.4697 30.9198,
	"/>
</Transform>

<Transform dim="1"
 xcoef=" -1.29223827844268 1 0 0 0 0"
 ycoef=" 0.374943554597292 0 1 0 0 0">
<Contour name="d021_p27" comment="04-04-19 zal" hidden="false" closed="true" simplified="true" border="1 1 0" fill="1 1 0" mode="11"
 points="14.1882 29.8338,
	14.1902 29.8311,
	14.1909 29.8283,
	14.193 29.8256,
	14.193 29.8243,
	14.1984 29.8188,
	14.2072 29.8107,
	14.2127 29.8073,
	14.2236 29.8032,
	14.229 29.8018,
	14.2399 29.8012,
	14.2453 29.8012,
	14.2562 29.8046,
	14.2657 29.8147,
	14.2739 29.8243,
	14.2766 29.827,
	14.2779 29.829,
	14.2807 29.8317,
	14.2834 29.8331,
	14.2834 29.8345,
	14.2854 29.8372,
	14.2875 29.8385,
	14.2956 29.8487,
	14.3058 29.8569,
	14.3099 29.8616,
	14.3201 29.8705,
	14.3289 29.8786,
	14.3364 29.8888,
	14.3391 29.8943,
	14.3398 29.897,
	14.3507 29.9038,
	14.3554 29.9065,
	14.3568 29.9086,
	14.3581 29.9086,
	14.369 29.916,
	14.3731 29.9201,
	14.3779 29.9255,
	14.3853 29.9344,
	14.3881 29.9391,
	14.3908 29.9425,
	14.3908 29.9439,
	14.3948 29.9493,
	14.3969 29.9548,
	14.3969 29.9561,
	14.3982 29.9568,
	14.4003 29.9623,
	14.4003 29.965,
	14.4016 29.9677,
	14.4023 29.9786,
	14.4023 29.9813,
	14.4003 29.9867,
	14.3989 29.9874,
	14.3969 29.9928,
	14.3901 30.003,
	14.3847 30.0078,
	14.3819 30.0105,
	14.3717 30.0173,
	14.369 30.018,
	14.3663 30.0207,
	14.3636 30.0207,
	14.3629 30.0221,
	14.3615 30.0221,
	14.3602 30.0234,
	14.3384 30.0302,
	14.3276 30.0336,
	14.3221 30.0357,
	14.3208 30.0357,
	14.3153 30.0391,
	14.3051 30.0425,
	14.2834 30.0438,
	14.2779 30.0438,
	14.2671 30.0391,
	14.2623 30.0357,
	14.2596 30.0329,
	14.2528 30.0227,
	14.2507 30.02,
	14.2487 30.0146,
	14.248 30.0119,
	14.2467 30.0105,
	14.2453 30.0058,
	14.2446 30.003,
	14.2446 30.0017,
	14.2433 30.0003,
	14.2433 29.9976,
	14.2392 29.9867,
	14.2378 29.9813,
	14.2365 29.9799,
	14.2365 29.9772,
	14.2338 29.9718,
	14.2331 29.969,
	14.2317 29.9684,
	14.2276 29.9575,
	14.2276 29.9561,
	14.2256 29.9534,
	14.2215 29.9425,
	14.2215 29.9412,
	14.2202 29.9398,
	14.2113 29.9181,
	14.2079 29.9072,
	14.2066 29.9065,
	14.2059 29.9038,
	14.2038 29.9011,
	14.2032 29.8984,
	14.2018 29.897,
	14.2018 29.8943,
	14.2004 29.8916,
	14.1991 29.8902,
	14.1991 29.8875,
	14.1977 29.8868,
	14.1964 29.8814,
	14.1957 29.8786,
	14.1957 29.8773,
	14.1943 29.8766,
	14.193 29.8712,
	14.1916 29.8684,
	14.1896 29.8576,
	14.1882 29.8521,
	14.1882 29.8413,
	14.1882 29.8358,
	14.1882 29.8345,
	"/>
</Transform>

<Transform dim="1"
 xcoef=" 0.243021300596539 1 0 0 0 0"
 ycoef=" 0.247005256344023 0 1 0 0 0">
<Contour name="d023_p25" comment="04-04-19 zal" hidden="false" closed="true" simplified="true" border="1 1 0" fill="1 1 0" mode="11"
 points="18.7826 33.5167,
	18.784 33.5114,
	18.784 33.5062,
	18.7866 33.4957,
	18.7895 33.4747,
	18.7912 33.4642,
	18.7918 33.4615,
	18.7922 33.4602,
	18.7935 33.4589,
	18.7941 33.4537,
	18.8053 33.4116,
	18.8063 33.4064,
	18.8066 33.4038,
	18.8086 33.3985,
	18.8132 33.3775,
	18.8151 33.3723,
	18.8158 33.367,
	18.8178 33.3617,
	18.8184 33.3565,
	18.8181 33.3355,
	18.8181 33.3302,
	18.8181 33.3289,
	18.8188 33.3276,
	18.8204 33.3171,
	18.8214 33.3119,
	18.8227 33.2908,
	18.8233 33.2803,
	18.823 33.2593,
	18.8224 33.2488,
	18.8217 33.2068,
	18.8217 33.1858,
	18.8217 33.1753,
	18.8224 33.1701,
	18.8227 33.1595,
	18.823 33.1543,
	18.825 33.1438,
	18.8263 33.1385,
	18.8286 33.1333,
	18.8332 33.128,
	18.8384 33.1241,
	18.8411 33.1225,
	18.8463 33.1205,
	18.8568 33.1195,
	18.8673 33.1215,
	18.8726 33.1231,
	18.8752 33.1241,
	18.8805 33.1271,
	18.8818 33.128,
	18.8831 33.1284,
	18.8857 33.1303,
	18.891 33.1333,
	18.9015 33.1422,
	18.9028 33.1435,
	18.9044 33.1461,
	18.907 33.1484,
	18.9139 33.1589,
	18.9202 33.1694,
	18.9212 33.1707,
	18.9218 33.1714,
	18.9218 33.1727,
	18.9238 33.1753,
	18.9244 33.1779,
	18.9274 33.1832,
	18.9363 33.2042,
	18.9382 33.2094,
	18.9395 33.2147,
	18.9402 33.2173,
	18.9405 33.2186,
	18.9418 33.2196,
	18.9435 33.2249,
	18.9435 33.2275,
	18.9451 33.2327,
	18.9471 33.2433,
	18.9497 33.2643,
	18.952 33.3063,
	18.9527 33.3168,
	18.951 33.3588,
	18.9441 33.4428,
	18.9432 33.4533,
	18.9412 33.4953,
	18.9405 33.5164,
	18.9405 33.5269,
	18.9366 33.5689,
	18.9333 33.5899,
	18.9297 33.6004,
	18.9284 33.6056,
	18.9261 33.6109,
	18.9221 33.6161,
	18.9195 33.6181,
	18.9182 33.6184,
	18.9176 33.6184,
	18.9162 33.6198,
	18.9057 33.623,
	18.8952 33.6243,
	18.89 33.625,
	18.8887 33.625,
	18.888 33.625,
	18.8867 33.6263,
	18.8762 33.6293,
	18.8709 33.6299,
	18.8683 33.6309,
	18.8473 33.6326,
	18.8368 33.6309,
	18.8342 33.6299,
	18.8316 33.628,
	18.8302 33.6273,
	18.8276 33.6247,
	18.8224 33.6214,
	18.8171 33.6165,
	18.8119 33.6122,
	18.8073 33.607,
	18.8037 33.6017,
	18.7984 33.5912,
	18.7958 33.5859,
	18.7945 33.5833,
	18.7941 33.582,
	18.7941 33.5813,
	18.7886 33.5708,
	18.7853 33.5603,
	18.783 33.5498,
	18.7826 33.5288,
	18.7826 33.5183,
	18.7826 33.517,
	"/>
</Transform>

<Transform dim="0"
 xcoef=" 0 1 0 0 0 0"
 ycoef=" 0 0 1 0 0 0">
<Contour name="d023_p54" hidden="false" closed="true" simplified="true" border="1 1 0" fill="1 1 0" mode="11"
 points="17.6226 31.1465,
	17.6241 31.1407,
	17.6266 31.135,
	17.627 31.1335,
	17.6302 31.1278,
	17.6306 31.1263,
	17.6345 31.1209,
	17.6349 31.1195,
	17.6367 31.1173,
	17.6378 31.1159,
	17.6428 31.1119,
	17.6453 31.1098,
	17.6468 31.109,
	17.6471 31.1083,
	17.6479 31.1083,
	17.6533 31.1047,
	17.659 31.1022,
	17.6648 31.1004,
	17.6763 31.1004,
	17.6821 31.1008,
	17.6849 31.1015,
	17.6864 31.1015,
	17.6918 31.1036,
	17.6947 31.1047,
	17.6961 31.1054,
	17.6965 31.1062,
	17.6972 31.1062,
	17.6983 31.1076,
	17.6997 31.1083,
	17.7008 31.1098,
	17.7033 31.1116,
	17.7047 31.1123,
	17.7055 31.113,
	17.708 31.1137,
	17.7091 31.1148,
	17.7098 31.1148,
	17.7127 31.117,
	17.7134 31.117,
	17.7184 31.1216,
	17.7195 31.1227,
	17.7199 31.1242,
	17.7209 31.1256,
	17.7217 31.126,
	17.7217 31.1267,
	17.7256 31.1317,
	17.7281 31.1342,
	17.7299 31.1371,
	17.7299 31.1378,
	17.7307 31.1382,
	17.7307 31.1389,
	17.7332 31.1418,
	17.7346 31.1447,
	17.7393 31.1501,
	17.7411 31.1526,
	17.7433 31.1544,
	17.7479 31.1594,
	17.7519 31.1645,
	17.7519 31.1652,
	17.753 31.1663,
	17.7587 31.1681,
	17.7616 31.1688,
	17.7641 31.1706,
	17.7659 31.1724,
	17.7659 31.1731,
	17.7706 31.1778,
	17.7717 31.1789,
	17.7721 31.1796,
	17.7728 31.1796,
	17.7775 31.1847,
	17.7796 31.1872,
	17.7807 31.1886,
	17.7807 31.1893,
	17.7814 31.1897,
	17.7814 31.1904,
	17.7836 31.1926,
	17.7854 31.1955,
	17.7865 31.1969,
	17.7872 31.1998,
	17.7879 31.2012,
	17.7879 31.2019,
	17.7886 31.2027,
	17.7886 31.2041,
	17.7908 31.2099,
	17.7922 31.2127,
	17.7926 31.2142,
	17.7933 31.2145,
	17.7933 31.2153,
	17.794 31.216,
	17.794 31.2174,
	17.7962 31.2228,
	17.7962 31.2243,
	17.7969 31.225,
	17.7969 31.2307,
	17.7966 31.2336,
	17.7958 31.2351,
	17.7958 31.2358,
	17.7937 31.2387,
	17.793 31.2401,
	17.7901 31.243,
	17.7886 31.2433,
	17.7872 31.2444,
	17.7858 31.2444,
	17.785 31.2444,
	17.7843 31.2451,
	17.7613 31.2462,
	17.7497 31.2466,
	17.744 31.2473,
	17.7325 31.2477,
	17.7296 31.2477,
	17.7281 31.2477,
	17.7267 31.2469,
	17.7209 31.2459,
	17.7195 31.2459,
	17.7181 31.2451,
	17.7173 31.2444,
	17.7159 31.2441,
	17.7152 31.2433,
	17.7123 31.243,
	17.7094 31.2415,
	17.7037 31.2401,
	17.6979 31.2379,
	17.6921 31.2347,
	17.6893 31.2329,
	17.6878 31.2322,
	17.6849 31.2297,
	17.6842 31.2297,
	17.6835 31.2289,
	17.6821 31.2286,
	17.6817 31.2279,
	17.6788 31.2268,
	17.6781 31.2261,
	17.6774 31.2261,
	17.6745 31.2239,
	17.672 31.2225,
	17.6705 31.2214,
	17.6698 31.2214,
	17.6648 31.2178,
	17.6623 31.2156,
	17.6608 31.2149,
	17.6597 31.2135,
	17.659 31.2135,
	17.6482 31.2045,
	17.6461 31.2027,
	17.6435 31.2001,
	17.6417 31.1976,
	17.6403 31.1969,
	17.6385 31.1944,
	17.636 31.1919,
	17.6324 31.1861,
	17.6313 31.185,
	17.6291 31.18,
	17.6266 31.1742,
	17.6248 31.1685,
	17.6248 31.1677,
	17.6241 31.167,
	17.623 31.1616,
	17.6226 31.1501,
	17.6226 31.1472,
	17.6226 31.1468,
	"/>
</Transform>

<Transform dim="0"
 xcoef=" 0 1 0 0 0 0"
 ycoef=" 0 0 1 0 0 0">
<Contour name="d023_p55" hidden="false" closed="true" simplified="true" border="1 1 0" fill="1 1 0" mode="11"
 points="16.389 28.9526,
	16.3919 28.9373,
	16.3966 28.922,
	16.3976 28.9182,
	16.3995 28.9172,
	16.4005 28.9134,
	16.4005 28.9115,
	16.4024 28.9106,
	16.4033 28.9067,
	16.4062 28.9029,
	16.4081 28.902,
	16.4081 28.9001,
	16.4176 28.8867,
	16.4186 28.8829,
	16.4215 28.88,
	16.4215 28.8781,
	16.431 28.8638,
	16.4358 28.8571,
	16.4386 28.8542,
	16.4386 28.8523,
	16.4415 28.8485,
	16.4434 28.8466,
	16.4434 28.8447,
	16.4568 28.8332,
	16.4644 28.8304,
	16.495 28.8294,
	16.5255 28.8399,
	16.5274 28.8399,
	16.5284 28.8418,
	16.5322 28.8418,
	16.5331 28.8437,
	16.537 28.8447,
	16.5446 28.8495,
	16.5484 28.8533,
	16.5627 28.8628,
	16.5665 28.8657,
	16.5665 28.8676,
	16.5732 28.8733,
	16.5837 28.8886,
	16.5866 28.8962,
	16.5885 28.9001,
	16.5914 28.9306,
	16.5933 28.9382,
	16.5952 28.9993,
	16.5942 29.0604,
	16.5914 29.068,
	16.5904 29.0719,
	16.5847 29.0795,
	16.5828 29.0833,
	16.5828 29.0852,
	16.5732 29.0986,
	16.5618 29.111,
	16.5484 29.1224,
	16.5455 29.1263,
	16.5436 29.1282,
	16.5417 29.1282,
	16.5274 29.1396,
	16.5255 29.1396,
	16.5245 29.1415,
	16.5226 29.1415,
	16.5188 29.1444,
	16.5169 29.1473,
	16.5102 29.153,
	16.5064 29.1568,
	16.4978 29.1711,
	16.4959 29.173,
	16.4959 29.1749,
	16.493 29.1778,
	16.493 29.1797,
	16.4911 29.1807,
	16.4911 29.1826,
	16.4892 29.1845,
	16.4825 29.1998,
	16.4778 29.2141,
	16.4759 29.2179,
	16.4759 29.2332,
	16.472 29.2637,
	16.4711 29.279,
	16.4692 29.2866,
	16.4692 29.2904,
	16.4663 29.2933,
	16.4663 29.3009,
	16.4635 29.3047,
	16.4568 29.3353,
	16.4539 29.3429,
	16.4539 29.3467,
	16.452 29.3487,
	16.4491 29.3639,
	16.4472 29.3716,
	16.4453 29.3735,
	16.4453 29.3773,
	16.4434 29.3792,
	16.4434 29.383,
	16.4415 29.3849,
	16.4367 29.4002,
	16.4339 29.4031,
	16.4262 29.4021,
	16.4234 29.3973,
	16.4129 29.3668,
	16.4043 29.3362,
	16.4014 29.321,
	16.4005 29.3133,
	16.3986 29.3095,
	16.3976 29.2942,
	16.3947 29.279,
	16.3928 29.2179,
	16.3909 29.1873,
	16.39 29.0652,
	16.39 29.0041,
	16.389 28.9735,
	16.389 28.9583,
	16.389 28.9545,
	16.389 28.9535,
	"/>
</Transform>

<Transform dim="0"
 xcoef=" 0 1 0 0 0 0"
 ycoef=" 0 0 1 0 0 0">
<Contour name="d021_cl21_syn" hidden="false" closed="true" simplified="true" border="1 1 0" fill="1 1 0" mode="11"
 points="15.1016 30.1495,
	15.1032 30.1406,
	15.1043 30.1361,
	15.1043 30.1316,
	15.1055 30.1272,
	15.1055 30.1227,
	15.1066 30.1205,
	15.1071 30.1116,
	15.1122 30.0937,
	15.1122 30.0915,
	15.1138 30.087,
	15.1166 30.0826,
	15.1172 30.0803,
	15.1334 30.0625,
	15.1417 30.0536,
	15.1456 30.0496,
	15.1501 30.0469,
	15.154 30.043,
	15.1629 30.0368,
	15.1674 30.0335,
	15.1763 30.0285,
	15.1852 30.0223,
	15.1942 30.0173,
	15.1964 30.0156,
	15.1986 30.0156,
	15.2031 30.0123,
	15.2075 30.0106,
	15.212 30.0078,
	15.2131 30.0067,
	15.231 29.9994,
	15.2399 29.9955,
	15.2421 29.9939,
	15.2466 29.9933,
	15.2483 29.9916,
	15.2505 29.9911,
	15.2527 29.9894,
	15.2572 29.9888,
	15.2594 29.9872,
	15.2683 29.9844,
	15.2773 29.9805,
	15.2862 29.9788,
	15.2951 29.976,
	15.3308 29.9704,
	15.3487 29.9688,
	15.4201 29.9576,
	15.4379 29.9582,
	15.4558 29.961,
	15.4736 29.9649,
	15.4915 29.9699,
	15.4959 29.971,
	15.4982 29.971,
	15.516 29.9777,
	15.5249 29.981,
	15.5272 29.9816,
	15.545 29.9933,
	15.554 29.9994,
	15.5584 30.0022,
	15.5606 30.0033,
	15.5696 30.0117,
	15.5785 30.019,
	15.5963 30.0357,
	15.6053 30.0441,
	15.6209 30.0614,
	15.6281 30.0703,
	15.632 30.0748,
	15.6376 30.0837,
	15.6404 30.0881,
	15.6426 30.0904,
	15.6482 30.0993,
	15.6566 30.1171,
	15.6588 30.1261,
	15.6594 30.1305,
	15.6611 30.135,
	15.6683 30.1439,
	15.6744 30.1528,
	15.6744 30.154,
	15.6778 30.1584,
	15.6795 30.1607,
	15.6811 30.1651,
	15.6878 30.174,
	15.6928 30.183,
	15.709 30.2008,
	15.7168 30.2097,
	15.7241 30.2176,
	15.733 30.2254,
	15.7375 30.2298,
	15.7419 30.2332,
	15.7431 30.2354,
	15.7475 30.2376,
	15.7654 30.2527,
	15.7743 30.2605,
	15.7788 30.2639,
	15.7866 30.2728,
	15.791 30.2817,
	15.7938 30.2862,
	15.8072 30.3219,
	15.8083 30.3263,
	15.8094 30.3274,
	15.8133 30.3453,
	15.8156 30.3631,
	15.8161 30.3676,
	15.8251 30.3855,
	15.8295 30.3944,
	15.8317 30.3988,
	15.844 30.4167,
	15.8518 30.4256,
	15.8647 30.4435,
	15.868 30.4479,
	15.8697 30.4502,
	15.8714 30.4591,
	15.8719 30.4636,
	15.8686 30.4814,
	15.8641 30.4903,
	15.8619 30.4948,
	15.8552 30.5037,
	15.8518 30.5082,
	15.8502 30.5104,
	15.8474 30.5193,
	15.8423 30.5283,
	15.834 30.5355,
	15.8251 30.5405,
	15.8206 30.5428,
	15.8184 30.5444,
	15.8094 30.5461,
	15.8083 30.5461,
	15.8066 30.5478,
	15.7977 30.55,
	15.7799 30.5495,
	15.7754 30.5495,
	15.7576 30.5444,
	15.7486 30.5416,
	15.7442 30.5405,
	15.7352 30.5405,
	15.7174 30.5439,
	15.7152 30.545,
	15.7129 30.545,
	15.7107 30.5461,
	15.6928 30.5478,
	15.6839 30.5483,
	15.6661 30.5517,
	15.6571 30.5522,
	15.6549 30.5534,
	15.646 30.5539,
	15.6449 30.5539,
	15.6438 30.555,
	15.6259 30.5578,
	15.617 30.5584,
	15.6125 30.5595,
	15.6103 30.5595,
	15.6081 30.5606,
	15.5991 30.5617,
	15.5947 30.5634,
	15.5857 30.5645,
	15.5835 30.5645,
	15.5791 30.5662,
	15.5746 30.5662,
	15.5567 30.5695,
	15.4853 30.5707,
	15.4675 30.5729,
	15.4653 30.5729,
	15.4563 30.5757,
	15.4474 30.5773,
	15.4296 30.5779,
	15.4117 30.5768,
	15.4072 30.5768,
	15.3983 30.5746,
	15.3939 30.5718,
	15.3916 30.5707,
	15.3905 30.5707,
	15.386 30.5679,
	15.3777 30.5601,
	15.3688 30.5511,
	15.3643 30.5472,
	15.3626 30.545,
	15.3604 30.5439,
	15.3515 30.535,
	15.3425 30.5283,
	15.3381 30.5238,
	15.3202 30.5121,
	15.3119 30.5071,
	15.2762 30.4814,
	15.2583 30.4686,
	15.2538 30.4658,
	15.2516 30.4647,
	15.2505 30.4636,
	15.2416 30.4596,
	15.2326 30.4569,
	15.2148 30.449,
	15.2059 30.444,
	15.2014 30.4418,
	15.1925 30.4357,
	15.1836 30.4267,
	15.1824 30.4245,
	15.1752 30.4156,
	15.1635 30.3977,
	15.1534 30.3804,
	15.1529 30.3782,
	15.1512 30.376,
	15.1484 30.367,
	15.1484 30.3659,
	15.1467 30.3637,
	15.144 30.3548,
	15.1428 30.3503,
	15.1417 30.3492,
	15.1412 30.347,
	15.1412 30.3459,
	15.1395 30.3436,
	15.1373 30.3347,
	15.1339 30.3258,
	15.1334 30.3213,
	15.1306 30.3124,
	15.1255 30.2767,
	15.1244 30.2678,
	15.1244 30.2655,
	15.1244 30.2644,
	15.1228 30.2622,
	15.1216 30.2611,
	15.1088 30.2254,
	15.1071 30.2209,
	15.1049 30.203,
	15.1038 30.1941,
	15.1032 30.1897,
	15.1021 30.1874,
	15.1016 30.1517,
	15.1016 30.1501,
	"/>
</Transform>

<Transform dim="0"
 xcoef=" 0 1 0 0 0 0"
 ycoef=" 0 0 1 0 0 0">
<Contour name="d023" hidden="true" closed="true" simplified="true" border="1 1 0" fill="1 1 0" mode="11"
 points="16.3414 30.0275,
	16.3498 29.9978,
	16.3646 29.9681,
	16.3814 29.9383,
	16.3916 29.9235,
	16.4065 29.8937,
	16.4092 29.8789,
	16.4111 29.8714,
	16.4111 29.8677,
	16.4185 29.8529,
	16.4204 29.8491,
	16.4278 29.8436,
	16.4576 29.8389,
	16.4873 29.8399,
	16.491 29.8399,
	16.5059 29.8464,
	16.5207 29.8566,
	16.5356 29.8649,
	16.5626 29.8937,
	16.5756 29.9086,
	16.5867 29.9235,
	16.6016 29.9374,
	16.6313 29.9588,
	16.6387 29.9616,
	16.6462 29.9662,
	16.661 29.9727,
	16.6759 29.9811,
	16.7354 30.0052,
	16.7502 30.0117,
	16.7577 30.0145,
	16.7614 30.0173,
	16.7763 30.0229,
	16.7911 30.0266,
	16.8209 30.0266,
	16.8357 30.0257,
	16.8367 30.0257,
	16.8394 30.0266,
	16.8441 30.0331,
	16.8571 30.0471,
	16.8627 30.0536,
	16.8747 30.0638,
	16.8896 30.0721,
	16.9045 30.0824,
	16.9119 30.087,
	16.9138 30.087,
	16.9175 30.0898,
	16.9193 30.0917,
	16.9212 30.0917,
	16.9286 30.0972,
	16.9435 30.1047,
	16.9574 30.114,
	16.9723 30.1205,
	16.976 30.1214,
	16.9779 30.1232,
	16.9797 30.1232,
	16.9816 30.1251,
	16.9835 30.1251,
	16.9909 30.1297,
	16.9946 30.1325,
	16.9983 30.1335,
	17.0132 30.1446,
	17.0206 30.1493,
	17.0281 30.152,
	17.0318 30.152,
	17.0355 30.1539,
	17.0429 30.1548,
	17.0578 30.1595,
	17.0615 30.1604,
	17.0634 30.1623,
	17.0708 30.1651,
	17.0745 30.166,
	17.0754 30.166,
	17.0884 30.1799,
	17.0996 30.1948,
	17.1052 30.2022,
	17.1135 30.2171,
	17.1405 30.2468,
	17.1656 30.2766,
	17.1721 30.284,
	17.1869 30.2951,
	17.1944 30.3007,
	17.2092 30.3091,
	17.2687 30.3211,
	17.2761 30.3221,
	17.291 30.3277,
	17.3059 30.3304,
	17.3133 30.3323,
	17.343 30.3462,
	17.3579 30.3537,
	17.3876 30.3741,
	17.3951 30.3797,
	17.4081 30.3946,
	17.4164 30.4094,
	17.4192 30.4169,
	17.4267 30.4234,
	17.4378 30.4382,
	17.4443 30.4531,
	17.449 30.468,
	17.4536 30.4977,
	17.4536 30.5126,
	17.4564 30.5423,
	17.4582 30.5572,
	17.4573 30.572,
	17.4573 30.5757,
	17.4471 30.6055,
	17.4332 30.6352,
	17.4164 30.6649,
	17.396 30.6947,
	17.3913 30.7021,
	17.3765 30.716,
	17.369 30.7197,
	17.3653 30.7207,
	17.3635 30.7207,
	17.3598 30.7235,
	17.3523 30.7244,
	17.3375 30.729,
	17.3077 30.7337,
	17.278 30.7337,
	17.2631 30.729,
	17.2594 30.729,
	17.252 30.7253,
	17.2222 30.7244,
	17.1925 30.7207,
	17.1628 30.7123,
	17.1553 30.7086,
	17.1479 30.7067,
	17.1442 30.7049,
	17.1423 30.7049,
	17.1405 30.703,
	17.133 30.7012,
	17.1293 30.7012,
	17.1219 30.6984,
	17.0922 30.6965,
	17.0847 30.6965,
	17.055 30.7058,
	17.0253 30.7105,
	17.0104 30.7086,
	17.003 30.7077,
	16.9732 30.6975,
	16.9584 30.6919,
	16.9547 30.6909,
	16.9509 30.6882,
	16.9472 30.6872,
	16.9435 30.6835,
	16.9286 30.677,
	16.9138 30.6724,
	16.884 30.6668,
	16.8246 30.6696,
	16.7651 30.6696,
	16.7502 30.6696,
	16.7428 30.6686,
	16.7131 30.6566,
	16.6982 30.6491,
	16.6945 30.6482,
	16.6648 30.625,
	16.6415 30.5952,
	16.6062 30.5358,
	16.5979 30.5209,
	16.5941 30.5135,
	16.5886 30.506,
	16.5821 30.4912,
	16.5458 30.4317,
	16.5365 30.4169,
	16.5068 30.3574,
	16.4975 30.3425,
	16.4836 30.3128,
	16.4641 30.2533,
	16.4613 30.2385,
	16.452 30.2087,
	16.4473 30.1939,
	16.4399 30.179,
	16.4185 30.1493,
	16.412 30.1418,
	16.3972 30.1307,
	16.3823 30.1214,
	16.3758 30.1177,
	16.3721 30.1158,
	16.3572 30.1019,
	16.3451 30.0721,
	16.3423 30.0573,
	16.3414 30.0285,
	"/>
</Transform>

<Transform dim="0"
 xcoef=" 0 1 0 0 0 0"
 ycoef=" 0 0 1 0 0 0">
<Contour name="d023_p29" hidden="false" closed="true" simplified="true" border="1 1 0" fill="1 1 0" mode="11"
 points="16.8333 30.0251,
	16.8384 30.0251,
	16.841 30.0248,
	16.8422 30.0248,
	16.8524 30.0213,
	16.8537 30.0206,
	16.8639 30.0108,
	16.8687 30.0057,
	16.8827 29.9853,
	16.8897 29.9751,
	16.8941 29.97,
	16.8992 29.9649,
	16.9005 29.9624,
	16.9011 29.9611,
	16.9113 29.9557,
	16.9139 29.9541,
	16.9241 29.9512,
	16.9342 29.949,
	16.9444 29.9477,
	16.9495 29.9477,
	16.9521 29.9477,
	16.9623 29.9506,
	16.9725 29.9557,
	16.9775 29.9586,
	16.9979 29.9719,
	17.003 29.9751,
	17.0132 29.9837,
	17.0183 29.9882,
	17.0231 29.9933,
	17.0253 29.9958,
	17.0266 29.9971,
	17.0374 30.0175,
	17.0387 30.02,
	17.0415 30.0302,
	17.0431 30.0353,
	17.0492 30.076,
	17.054 30.0964,
	17.0594 30.1168,
	17.0619 30.1219,
	17.0648 30.1321,
	17.067 30.1423,
	17.0676 30.1448,
	17.0699 30.1499,
	17.0705 30.155,
	17.0708 30.1575,
	17.0711 30.1588,
	17.075 30.1639,
	17.0772 30.1665,
	17.0778 30.1671,
	17.0727 30.169,
	17.0702 30.1696,
	17.0689 30.1703,
	17.0485 30.1601,
	17.0384 30.1547,
	17.0282 30.1499,
	17.0231 30.148,
	17.0129 30.1419,
	16.9314 30.1006,
	16.8906 30.0795,
	16.8804 30.0744,
	16.8779 30.0732,
	16.8766 30.0725,
	16.8394 30.0318,
	16.8349 30.0267,
	16.8336 30.0254,
	"/>
</Transform>

<Transform dim="0"
 xcoef=" 0 1 0 0 0 0"
 ycoef=" 0 0 1 0 0 0">
<Contour name="d023_o29" hidden="false" closed="true" simplified="false" border="1 0 0" fill="1 0 0" mode="-13"
 points="16.9222 30.1231,
	16.9575 30.1231,
	16.9398 30.1554,
	"/>
</Transform>

<Transform dim="1"
 xcoef=" 0 1 0 0 0 0"
 ycoef=" 0 0 1 0 0 0">
<Contour name="d023_cl22_syn" hidden="false" closed="true" simplified="true" border="1 1 0" fill="1 1 0" mode="11"
 points="16.3414 30.0278,
	16.3504 29.996,
	16.3663 29.9641,
	16.3852 29.9323,
	16.3912 29.9243,
	16.4061 29.8925,
	16.4101 29.8765,
	16.4111 29.8686,
	16.4181 29.8526,
	16.4201 29.8487,
	16.427 29.8437,
	16.4589 29.8387,
	16.4907 29.8397,
	16.5067 29.8467,
	16.5226 29.8576,
	16.5306 29.8616,
	16.5465 29.8755,
	16.5744 29.9074,
	16.5863 29.9233,
	16.6022 29.9383,
	16.6341 29.9602,
	16.6381 29.9611,
	16.646 29.9661,
	16.65 29.9671,
	16.658 29.9721,
	16.66 29.9721,
	16.6679 29.9771,
	16.6998 29.99,
	16.7157 29.998,
	16.7317 30.003,
	16.7396 30.0079,
	16.7556 30.0139,
	16.7635 30.0179,
	16.7655 30.0179,
	16.7695 30.0209,
	16.7854 30.0249,
	16.7934 30.0269,
	16.8252 30.0269,
	16.8412 30.0249,
	16.8491 30.0219,
	16.8531 30.0209,
	16.869 30.005,
	16.8919 29.9731,
	16.8989 29.9651,
	16.9019 29.9611,
	16.9178 29.9522,
	16.9338 29.9482,
	16.9497 29.9472,
	16.9576 29.9482,
	16.9736 29.9562,
	16.9815 29.9602,
	16.9975 29.9721,
	17.0054 29.9771,
	17.0214 29.991,
	17.0283 29.999,
	17.0363 30.0149,
	17.0423 30.0308,
	17.0472 30.0627,
	17.0492 30.0786,
	17.0572 30.1105,
	17.0632 30.1264,
	17.0672 30.1423,
	17.0701 30.1503,
	17.0711 30.1583,
	17.096 30.1891,
	17.107 30.2051,
	17.111 30.213,
	17.1239 30.2289,
	17.1388 30.2449,
	17.1657 30.2767,
	17.1727 30.2847,
	17.1886 30.2966,
	17.2045 30.3066,
	17.2125 30.3096,
	17.2444 30.3165,
	17.2603 30.3205,
	17.2762 30.3225,
	17.2921 30.3275,
	17.3081 30.3305,
	17.324 30.3365,
	17.3559 30.3524,
	17.3877 30.3743,
	17.3957 30.3803,
	17.4096 30.3962,
	17.4176 30.4121,
	17.4186 30.4161,
	17.4265 30.4231,
	17.4385 30.439,
	17.4455 30.4549,
	17.4484 30.4629,
	17.4534 30.4947,
	17.4534 30.5107,
	17.4564 30.5425,
	17.4584 30.5585,
	17.4574 30.5744,
	17.4474 30.6062,
	17.4325 30.6381,
	17.4136 30.67,
	17.3917 30.7018,
	17.3758 30.7167,
	17.3678 30.7197,
	17.3638 30.7207,
	17.3598 30.7237,
	17.3519 30.7247,
	17.3359 30.7297,
	17.3041 30.7337,
	17.2882 30.7337,
	17.2802 30.7337,
	17.2722 30.7317,
	17.2702 30.7317,
	17.2682 30.7297,
	17.2603 30.7287,
	17.2523 30.7257,
	17.2205 30.7247,
	17.1886 30.7197,
	17.1727 30.7148,
	17.1647 30.7128,
	17.1567 30.7088,
	17.1488 30.7068,
	17.1448 30.7048,
	17.1428 30.7048,
	17.1408 30.7028,
	17.1329 30.7008,
	17.1289 30.7008,
	17.1249 30.6988,
	17.093 30.6968,
	17.0851 30.6968,
	17.0691 30.7008,
	17.0532 30.7068,
	17.0373 30.7098,
	17.0214 30.7108,
	17.0134 30.7088,
	17.0054 30.7088,
	16.9736 30.6978,
	16.9576 30.6919,
	16.9537 30.6899,
	16.9517 30.6879,
	16.9477 30.6869,
	16.9437 30.6839,
	16.9357 30.6809,
	16.9318 30.6779,
	16.9158 30.672,
	16.884 30.667,
	16.8203 30.67,
	16.7565 30.67,
	16.7406 30.669,
	16.7088 30.655,
	16.7008 30.65,
	16.6928 30.6471,
	16.6769 30.6351,
	16.661 30.6212,
	16.6381 30.5893,
	16.5993 30.5256,
	16.5963 30.5176,
	16.5913 30.5097,
	16.5893 30.5077,
	16.5863 30.4997,
	16.5485 30.436,
	16.5385 30.4201,
	16.5057 30.3564,
	16.4967 30.3404,
	16.4937 30.3325,
	16.4888 30.3245,
	16.4818 30.3086,
	16.4718 30.2767,
	16.4669 30.2608,
	16.4639 30.2528,
	16.4609 30.2369,
	16.4509 30.2051,
	16.4489 30.1971,
	16.441 30.1812,
	16.4181 30.1493,
	16.4111 30.1413,
	16.3952 30.1294,
	16.3872 30.1244,
	16.3832 30.1214,
	16.3812 30.1214,
	16.3802 30.1194,
	16.3763 30.1184,
	16.3753 30.1164,
	16.3733 30.1164,
	16.3573 30.1015,
	16.3444 30.0697,
	16.3424 30.0617,
	16.3414 30.0298,
	16.3414 30.0288,
	"/>
</Transform>

</Section>