<?xml version="1.0"?>
<!DOCTYPE Section SYSTEM "section.dtd">

<Section index="142" thickness="0.052" alignLocked="true">
<Transform dim="1"
 xcoef=" 0.253010866920108 1 0 0 0 0"
 ycoef=" 0.808718451679478 0 1 0 0 0">
<Contour name="D052 " hidden="false" closed="true" simplified="true" border="0 0 1" fill="0 0 1" mode="13"
 points="6.10024 -0.709698,
	6.10262 -0.74138,
	6.10965 -0.771629,
	6.12101 -0.79908,
	6.13619 -0.822491,
	6.15451 -0.840805,
	6.17512 -0.853194,
	6.19712 -0.859098,
	6.21949 -0.858249,
	6.24123 -0.850688,
	6.26135 -0.836754,
	6.27896 -0.817079,
	6.29324 -0.79255,
	6.30356 -0.764278,
	6.30945 -0.733538,
	6.31064 -0.701722,
	6.30708 -0.670265,
	6.29893 -0.640591,
	6.28656 -0.61404,
	6.27052 -0.591812,
	6.25155 -0.574912,
	6.2305 -0.564103,
	6.20832 -0.559874,
	6.18601 -0.562417,
	6.16458 -0.571615,
	6.14501 -0.587054,
	6.12816 -0.608035,
	6.11482 -0.633611,
	6.10557 -0.662625,
	"/>
</Transform>

<Transform dim="1"
 xcoef=" 0.253010866920108 1 0 0 0 0"
 ycoef=" 0.808718451679478 0 1 0 0 0">
<Contour name="D054" hidden="false" closed="true" simplified="true" border="0 0 1" fill="0 0 1" mode="13"
 points="1.4947 0.838484,
	1.49531 0.829783,
	1.49714 0.821164,
	1.50017 0.81271,
	1.50437 0.8045,
	1.5097 0.796612,
	1.51611 0.789121,
	1.52354 0.782098,
	1.53193 0.77561,
	1.54118 0.769718,
	1.55121 0.764478,
	1.56193 0.75994,
	1.57324 0.756147,
	1.58503 0.753134,
	1.59718 0.750931,
	1.60958 0.749557,
	1.62212 0.749027,
	1.63467 0.749345,
	1.64712 0.750509,
	1.65935 0.752506,
	1.67124 0.755319,
	1.68267 0.75892,
	1.69355 0.763276,
	1.70377 0.768345,
	1.71322 0.774079,
	1.72183 0.780424,
	1.72951 0.787319,
	1.73618 0.794699,
	1.74179 0.802495,
	1.74627 0.810631,
	1.7496 0.819032,
	1.75173 0.827617,
	1.75265 0.836306,
	1.75234 0.845015,
	1.75082 0.853662,
	1.74808 0.862165,
	1.74417 0.870443,
	1.73912 0.878419,
	1.73297 0.886016,
	1.72579 0.893162,
	1.71764 0.89979,
	1.7086 0.905836,
	1.69875 0.911244,
	1.68819 0.915962,
	1.67702 0.919945,
	1.66534 0.923156,
	1.65327 0.925564,
	1.64092 0.927146,
	1.6284 0.927888,
	1.61584 0.927782,
	1.60336 0.926829,
	1.59106 0.925039,
	1.57908 0.922428,
	1.56752 0.91902,
	1.55649 0.91485,
	1.5461 0.909955,
	1.53645 0.904382,
	1.52762 0.898185,
	1.5197 0.891421,
	1.51277 0.884156,
	1.50689 0.876458,
	1.50212 0.868399,
	1.4985 0.860057,
	1.49607 0.85151,
	"/>
</Transform>

<Transform dim="1"
 xcoef=" 0.253010866920108 1 0 0 0 0"
 ycoef=" 0.808718451679478 0 1 0 0 0">
<Contour name="D019" hidden="false" closed="true" simplified="true" border="0 0 1" fill="0 0 1" mode="13"
 points="4.23181 4.94459,
	4.23359 4.9281,
	4.23887 4.91219,
	4.24748 4.89741,
	4.25909 4.88429,
	4.27332 4.87328,
	4.28966 4.86478,
	4.30753 4.85907,
	4.32631 4.85636,
	4.34534 4.85675,
	4.36395 4.86022,
	4.3815 4.86665,
	4.39736 4.87581,
	4.41097 4.88739,
	4.42187 4.90097,
	4.42967 4.91608,
	4.43409 4.93219,
	4.43499 4.94874,
	4.43232 4.96514,
	4.42618 4.98082,
	4.41679 4.99523,
	4.40448 5.00786,
	4.38967 5.01827,
	4.3729 5.0261,
	4.35474 5.03107,
	4.33583 5.03301,
	4.31684 5.03185,
	4.29844 5.02762,
	4.28126 5.02049,
	4.26591 5.01069,
	4.25293 4.99857,
	4.24278 4.98456,
	4.2358 4.96915,
	"/>
</Transform>

<Transform dim="1"
 xcoef=" 0.253010866920108 1 0 0 0 0"
 ycoef=" 0.808718451679478 0 1 0 0 0">
<Contour name="D021" hidden="false" closed="true" simplified="true" border="0 0 1" fill="0 0 1" mode="13"
 points="6.02683 7.54573,
	6.02777 7.52917,
	6.03057 7.51285,
	6.0352 7.49696,
	6.04159 7.48174,
	6.04966 7.46738,
	6.05929 7.45408,
	6.07036 7.44202,
	6.08272 7.43136,
	6.0962 7.42225,
	6.11062 7.41481,
	6.12578 7.40913,
	6.14147 7.40531,
	6.1575 7.40339,
	6.17363 7.40339,
	6.18965 7.40531,
	6.20535 7.40913,
	6.22051 7.41481,
	6.23493 7.42225,
	6.24841 7.43136,
	6.26077 7.44202,
	6.27184 7.45408,
	6.28147 7.46738,
	6.28954 7.48174,
	6.29593 7.49696,
	6.30055 7.51285,
	6.30336 7.52917,
	6.30429 7.54573,
	6.30336 7.56228,
	6.30055 7.57861,
	6.29593 7.59449,
	6.28954 7.60972,
	6.28147 7.62408,
	6.27184 7.63738,
	6.26077 7.64944,
	6.24841 7.6601,
	6.23493 7.66921,
	6.22051 7.67665,
	6.20535 7.68232,
	6.18965 7.68615,
	6.17363 7.68807,
	6.1575 7.68807,
	6.14147 7.68615,
	6.12578 7.68232,
	6.11062 7.67665,
	6.0962 7.66921,
	6.08272 7.6601,
	6.07036 7.64944,
	6.05929 7.63738,
	6.04966 7.62408,
	6.04159 7.60972,
	6.0352 7.59449,
	6.03057 7.57861,
	"/>
</Transform>

<Transform dim="1"
 xcoef=" 0.253010866920108 1 0 0 0 0"
 ycoef=" 0.808718451679478 0 1 0 0 0">
<Contour name="D025" hidden="false" closed="true" simplified="true" border="0 0 1" fill="0 0 1" mode="13"
 points="3.94738 4.53336,
	3.94792 4.52019,
	3.9495 4.50723,
	3.95211 4.49468,
	3.95572 4.48274,
	3.96025 4.47159,
	3.96564 4.46143,
	3.97181 4.45239,
	3.97865 4.44464,
	3.98606 4.43828,
	3.99393 4.43342,
	4.00212 4.43014,
	4.01051 4.42849,
	4.01897 4.42849,
	4.02736 4.43014,
	4.03556 4.43342,
	4.04342 4.43828,
	4.05083 4.44464,
	4.05768 4.45239,
	4.06384 4.46143,
	4.06924 4.47159,
	4.07377 4.48274,
	4.07737 4.49468,
	4.07998 4.50723,
	4.08157 4.52019,
	4.0821 4.53336,
	4.08157 4.54653,
	4.07998 4.55949,
	4.07737 4.57204,
	4.07377 4.58398,
	4.06924 4.59512,
	4.06384 4.60529,
	4.05768 4.61432,
	4.05083 4.62208,
	4.04342 4.62844,
	4.03556 4.63329,
	4.02736 4.63658,
	4.01897 4.63823,
	4.01051 4.63823,
	4.00212 4.63658,
	3.99393 4.63329,
	3.98606 4.62844,
	3.97865 4.62208,
	3.97181 4.61432,
	3.96564 4.60529,
	3.96025 4.59512,
	3.95572 4.58398,
	3.95211 4.57204,
	3.9495 4.55949,
	"/>
</Transform>

<Transform dim="1"
 xcoef=" 0.253010866920108 1 0 0 0 0"
 ycoef=" 0.808718451679478 0 1 0 0 0">
<Contour name="D028" hidden="false" closed="true" simplified="true" border="0 0 1" fill="0 0 1" mode="13"
 points="6.53072 6.80318,
	6.53107 6.79621,
	6.53213 6.7893,
	6.53389 6.78252,
	6.53633 6.77592,
	6.53942 6.76956,
	6.54315 6.7635,
	6.54747 6.7578,
	6.55235 6.7525,
	6.55775 6.74766,
	6.56362 6.7433,
	6.5699 6.73949,
	6.57654 6.73624,
	6.58348 6.73359,
	6.59066 6.73156,
	6.59801 6.73017,
	6.60547 6.72943,
	6.61297 6.72934,
	6.62045 6.72992,
	6.62783 6.73115,
	6.63506 6.73302,
	6.64207 6.73552,
	6.64879 6.73862,
	6.65516 6.7423,
	6.66114 6.74652,
	6.66666 6.75125,
	6.67168 6.75643,
	6.67614 6.76204,
	6.68002 6.76801,
	6.68328 6.7743,
	6.68588 6.78085,
	6.68781 6.78759,
	6.68904 6.79447,
	6.68957 6.80143,
	6.6894 6.80841,
	6.68851 6.81534,
	6.68693 6.82216,
	6.68466 6.82881,
	6.68173 6.83524,
	6.67816 6.84137,
	6.67398 6.84717,
	6.66923 6.85257,
	6.66396 6.85754,
	6.65821 6.86201,
	6.65202 6.86597,
	6.64547 6.86936,
	6.6386 6.87216,
	6.63147 6.87435,
	6.62416 6.8759,
	6.61672 6.87681,
	6.60922 6.87706,
	6.60173 6.87664,
	6.59432 6.87558,
	6.58704 6.87386,
	6.57998 6.87152,
	6.57318 6.86857,
	6.56671 6.86503,
	6.56063 6.86094,
	6.55499 6.85634,
	6.54984 6.85126,
	6.54524 6.84575,
	6.54121 6.83987,
	6.53779 6.83365,
	6.53502 6.82717,
	6.53293 6.82047,
	6.53152 6.81361,
	"/>
</Transform>

<Transform dim="1"
 xcoef=" 0.253010866920108 1 0 0 0 0"
 ycoef=" 0.808718451679478 0 1 0 0 0">
<Contour name="D032" hidden="false" closed="true" simplified="true" border="0 0 1" fill="0 0 1" mode="13"
 points="4.42363 -0.693566,
	4.42496 -0.708512,
	4.42889 -0.722991,
	4.43532 -0.736551,
	4.44403 -0.748768,
	4.45476 -0.75926,
	4.46716 -0.767699,
	4.48086 -0.773822,
	4.49542 -0.777438,
	4.5104 -0.778433,
	4.52531 -0.776777,
	4.5397 -0.77252,
	4.55311 -0.765797,
	4.56513 -0.756817,
	4.57538 -0.745861,
	4.58355 -0.733271,
	4.58937 -0.719441,
	4.59266 -0.704801,
	4.59332 -0.689811,
	4.59134 -0.674939,
	4.58676 -0.660648,
	4.57974 -0.647386,
	4.5705 -0.635566,
	4.55932 -0.625559,
	4.54655 -0.617677,
	4.5326 -0.612166,
	4.51789 -0.609198,
	4.50289 -0.608866,
	4.48806 -0.61118,
	4.47388 -0.616069,
	4.46077 -0.623379,
	4.44916 -0.632881,
	4.4394 -0.64428,
	4.43181 -0.657219,
	4.4266 -0.671294,
	"/>
</Transform>

<Transform dim="1"
 xcoef=" 0.253010866920108 1 0 0 0 0"
 ycoef=" 0.808718451679478 0 1 0 0 0">
<Contour name="D041_oblique" hidden="false" closed="true" simplified="true" border="0 0 1" fill="0 0 1" mode="13"
 points="6.345 0.23869,
	6.34624 0.224615,
	6.3499 0.210888,
	6.35591 0.197845,
	6.36412 0.185807,
	6.37432 0.175072,
	6.38626 0.165903,
	6.39965 0.158527,
	6.41416 0.153124,
	6.42944 0.149828,
	6.44509 0.148721,
	6.46075 0.149828,
	6.47602 0.153124,
	6.49053 0.158527,
	6.50393 0.165903,
	6.51587 0.175072,
	6.52607 0.185807,
	6.53427 0.197845,
	6.54029 0.210888,
	6.54395 0.224615,
	6.54518 0.23869,
	6.54395 0.252764,
	6.54029 0.266492,
	6.53427 0.279535,
	6.52607 0.291572,
	6.51587 0.302307,
	6.50393 0.311476,
	6.49053 0.318853,
	6.47602 0.324255,
	6.46075 0.327551,
	6.44509 0.328659,
	6.42944 0.327551,
	6.41416 0.324255,
	6.39965 0.318853,
	6.38626 0.311476,
	6.37432 0.302307,
	6.36412 0.291572,
	6.35591 0.279535,
	6.3499 0.266492,
	"/>
</Transform>

<Transform dim="1"
 xcoef=" 0.253010866920108 1 0 0 0 0"
 ycoef=" 0.808718451679478 0 1 0 0 0">
<Contour name="D043" hidden="false" closed="true" simplified="true" border="0 0 1" fill="0 0 1" mode="13"
 points="0.890187 8.1795,
	0.890722 8.17089,
	0.892322 8.16237,
	0.894972 8.15402,
	0.898644 8.14592,
	0.903303 8.13816,
	0.908902 8.1308,
	0.915386 8.12393,
	0.922689 8.11762,
	0.93074 8.11191,
	0.939458 8.10688,
	0.948757 8.10257,
	0.958545 8.09903,
	0.968723 8.09629,
	0.979191 8.09437,
	0.989846 8.0933,
	1.00058 8.09308,
	1.01129 8.09373,
	1.02186 8.09522,
	1.0322 8.09756,
	1.04219 8.1007,
	1.05175 8.10464,
	1.06077 8.10931,
	1.06916 8.11468,
	1.07685 8.1207,
	1.08375 8.1273,
	1.0898 8.13442,
	1.09494 8.14199,
	1.09911 8.14993,
	1.10227 8.15817,
	1.1044 8.16661,
	1.10547 8.17519,
	1.10547 8.1838,
	1.1044 8.19238,
	1.10227 8.20083,
	1.09911 8.20906,
	1.09494 8.217,
	1.0898 8.22457,
	1.08375 8.23169,
	1.07685 8.23829,
	1.06916 8.24431,
	1.06077 8.24968,
	1.05175 8.25436,
	1.04219 8.25829,
	1.0322 8.26144,
	1.02186 8.26377,
	1.01129 8.26527,
	1.00058 8.26591,
	0.989846 8.26569,
	0.979191 8.26462,
	0.968723 8.26271,
	0.958545 8.25996,
	0.948757 8.25642,
	0.939458 8.25211,
	0.93074 8.24708,
	0.922689 8.24138,
	0.915386 8.23506,
	0.908902 8.22819,
	0.903303 8.22084,
	0.898644 8.21307,
	0.894972 8.20497,
	0.892322 8.19662,
	0.890722 8.1881,
	"/>
</Transform>

<Transform dim="1"
 xcoef=" 0.253010866920108 1 0 0 0 0"
 ycoef=" 0.808718451679478 0 1 0 0 0">
<Contour name="D044" hidden="false" closed="true" simplified="true" border="0 0 1" fill="0 0 1" mode="13"
 points="0.461147 6.94529,
	0.461853 6.93249,
	0.463963 6.91984,
	0.467453 6.90748,
	0.47228 6.89557,
	0.478389 6.88424,
	0.485708 6.87363,
	0.494151 6.86386,
	0.50362 6.85504,
	0.514002 6.84729,
	0.525177 6.84068,
	0.537014 6.83529,
	0.549373 6.8312,
	0.562111 6.82844,
	0.575076 6.82706,
	0.588118 6.82706,
	0.601084 6.82844,
	0.613821 6.8312,
	0.62618 6.83529,
	0.638017 6.84068,
	0.649192 6.84729,
	0.659575 6.85504,
	0.669043 6.86386,
	0.677486 6.87363,
	0.684805 6.88424,
	0.690914 6.89557,
	0.695742 6.90748,
	0.699231 6.91984,
	0.701341 6.93249,
	0.702047 6.94529,
	0.701341 6.95809,
	0.699231 6.97074,
	0.695742 6.9831,
	0.690914 6.99501,
	0.684805 7.00634,
	0.677486 7.01695,
	0.669043 7.02672,
	0.659575 7.03554,
	0.649192 7.0433,
	0.638017 7.04991,
	0.62618 7.05529,
	0.613821 7.05938,
	0.601084 7.06214,
	0.588118 7.06352,
	0.575076 7.06352,
	0.562111 7.06214,
	0.549373 7.05938,
	0.537014 7.05529,
	0.525177 7.04991,
	0.514002 7.0433,
	0.50362 7.03554,
	0.494151 7.02672,
	0.485708 7.01695,
	0.478389 7.00634,
	0.47228 6.99501,
	0.467453 6.9831,
	0.463963 6.97074,
	"/>
</Transform>

<Transform dim="1"
 xcoef=" 0.253010866920108 1 0 0 0 0"
 ycoef=" 0.808718451679478 0 1 0 0 0">
<Contour name="D045_ASPINY_NOCANDIDATES" hidden="false" closed="true" simplified="true" border="0 0 1" fill="0 0 1" mode="13"
 points="2.69127 8.124,
	2.6921 8.11139,
	2.69458 8.09896,
	2.69868 8.08692,
	2.70433 8.07546,
	2.71145 8.06475,
	2.71991 8.05495,
	2.7296 8.04622,
	2.74037 8.03869,
	2.75204 8.03249,
	2.76443 8.02769,
	2.77736 8.02439,
	2.79062 8.02263,
	2.80402 8.02243,
	2.81733 8.0238,
	2.83036 8.02673,
	2.84291 8.03115,
	2.85478 8.03701,
	2.86578 8.04422,
	2.87576 8.05266,
	2.88454 8.06221,
	2.89201 8.07271,
	2.89803 8.084,
	2.90253 8.09591,
	2.90542 8.10825,
	2.90667 8.12084,
	2.90625 8.13348,
	2.90418 8.14597,
	2.90048 8.15812,
	2.89521 8.16975,
	2.88845 8.18066,
	2.88031 8.1907,
	2.87091 8.19971,
	2.8604 8.20755,
	2.84894 8.2141,
	2.83671 8.21925,
	2.8239 8.22294,
	2.8107 8.22509,
	2.79732 8.22568,
	2.78396 8.2247,
	2.77084 8.22216,
	2.75815 8.2181,
	2.7461 8.21259,
	2.73486 8.20571,
	2.72462 8.19757,
	2.71552 8.18828,
	2.70771 8.17801,
	2.70132 8.1669,
	2.69643 8.15513,
	2.69314 8.14287,
	"/>
</Transform>

<Transform dim="1"
 xcoef=" 0.253010866920108 1 0 0 0 0"
 ycoef=" 0.808718451679478 0 1 0 0 0">
<Contour name="D046" hidden="false" closed="true" simplified="true" border="0 0 1" fill="0 0 1" mode="13"
 points="12.7783 3.20593,
	12.7798 3.19285,
	12.7841 3.18014,
	12.7912 3.16815,
	12.8009 3.15722,
	12.8129 3.14766,
	12.8268 3.13973,
	12.8423 3.13365,
	12.859 3.12959,
	12.8763 3.12767,
	12.8938 3.12795,
	12.9109 3.13041,
	12.9273 3.13498,
	12.9425 3.14154,
	12.956 3.14991,
	12.9674 3.15984,
	12.9765 3.17106,
	12.9829 3.18326,
	12.9866 3.1961,
	12.9873 3.20921,
	12.9851 3.22223,
	12.98 3.23479,
	12.9723 3.24654,
	12.962 3.25716,
	12.9495 3.26634,
	12.9351 3.27383,
	12.9193 3.27941,
	12.9024 3.28294,
	12.885 3.28431,
	12.8676 3.28349,
	12.8505 3.28049,
	12.8344 3.27541,
	12.8196 3.26838,
	12.8066 3.2596,
	12.7958 3.24931,
	12.7873 3.23782,
	12.7816 3.22542,
	"/>
</Transform>

<Transform dim="1"
 xcoef=" 0.253010866920108 1 0 0 0 0"
 ycoef=" 0.808718451679478 0 1 0 0 0">
<Contour name="D047" hidden="false" closed="true" simplified="true" border="0 0 1" fill="0 0 1" mode="13"
 points="2.88111 6.70705,
	2.88285 6.67916,
	2.888 6.65234,
	2.89638 6.62762,
	2.90764 6.60596,
	2.92137 6.58818,
	2.93703 6.57497,
	2.95403 6.56683,
	2.9717 6.56408,
	2.98938 6.56683,
	3.00637 6.57497,
	3.02203 6.58818,
	3.03576 6.60596,
	3.04703 6.62762,
	3.0554 6.65234,
	3.06056 6.67916,
	3.0623 6.70705,
	3.06056 6.73494,
	3.0554 6.76176,
	3.04703 6.78648,
	3.03576 6.80815,
	3.02203 6.82593,
	3.00637 6.83914,
	2.98938 6.84728,
	2.9717 6.85002,
	2.95403 6.84728,
	2.93703 6.83914,
	2.92137 6.82593,
	2.90764 6.80815,
	2.89638 6.78648,
	2.888 6.76176,
	"/>
</Transform>

<Transform dim="1"
 xcoef=" 0.253010866920108 1 0 0 0 0"
 ycoef=" 0.808718451679478 0 1 0 0 0">
<Contour name="D034" hidden="false" closed="true" simplified="true" border="0 0 1" fill="0 0 1" mode="13"
 points="9.4548 3.48159,
	9.45566 3.46669,
	9.45823 3.452,
	9.46246 3.43773,
	9.46832 3.42407,
	9.4757 3.41122,
	9.4845 3.39936,
	9.49461 3.38865,
	9.50588 3.37924,
	9.51816 3.37128,
	9.53126 3.36486,
	9.54501 3.36008,
	9.55921 3.357,
	9.57367 3.35568,
	9.58818 3.35612,
	9.60253 3.35832,
	9.61653 3.36226,
	9.62998 3.36787,
	9.64269 3.37507,
	9.65449 3.38377,
	9.6652 3.39385,
	9.67467 3.40515,
	9.68278 3.41753,
	9.68941 3.43081,
	9.69446 3.4448,
	9.69787 3.45931,
	9.69959 3.47413,
	9.69959 3.48905,
	9.69787 3.50387,
	9.69446 3.51838,
	9.68941 3.53237,
	9.68278 3.54565,
	9.67467 3.55803,
	9.6652 3.56934,
	9.65449 3.57941,
	9.64269 3.58811,
	9.62998 3.59532,
	9.61653 3.60093,
	9.60253 3.60486,
	9.58818 3.60706,
	9.57367 3.60751,
	9.55921 3.60618,
	9.54501 3.60311,
	9.53126 3.59833,
	9.51816 3.59191,
	9.50588 3.58394,
	9.49461 3.57454,
	9.4845 3.56383,
	9.4757 3.55196,
	9.46832 3.53911,
	9.46246 3.52545,
	9.45823 3.51118,
	9.45566 3.49649,
	"/>
</Transform>

<Transform dim="1"
 xcoef=" 0.253010866920108 1 0 0 0 0"
 ycoef=" 0.808718451679478 0 1 0 0 0">
<Contour name="D035" hidden="false" closed="true" simplified="true" border="0 0 1" fill="0 0 1" mode="13"
 points="7.25461 2.88916,
	7.25524 2.87778,
	7.25711 2.86659,
	7.2602 2.85578,
	7.26445 2.84553,
	7.26979 2.83601,
	7.27613 2.82738,
	7.28337 2.81979,
	7.29138 2.81336,
	7.30004 2.8082,
	7.30918 2.8044,
	7.31867 2.80201,
	7.32834 2.80109,
	7.33803 2.80165,
	7.34758 2.80367,
	7.35683 2.80712,
	7.36562 2.81195,
	7.3738 2.81807,
	7.38125 2.82538,
	7.38782 2.83377,
	7.39342 2.84308,
	7.39795 2.85316,
	7.40134 2.86385,
	7.40352 2.87496,
	7.40446 2.88631,
	7.40415 2.8977,
	7.40258 2.90896,
	7.39979 2.91988,
	7.39583 2.93029,
	7.39075 2.94,
	7.38465 2.94887,
	7.37762 2.95673,
	7.36979 2.96347,
	7.36129 2.96895,
	7.35225 2.9731,
	7.34283 2.97585,
	7.33319 2.97714,
	7.32349 2.97695,
	7.31389 2.97529,
	7.30456 2.97219,
	7.29564 2.9677,
	7.28729 2.9619,
	7.27965 2.95487,
	7.27284 2.94674,
	7.26699 2.93765,
	7.26218 2.92774,
	7.25851 2.91719,
	7.25602 2.90617,
	"/>
</Transform>

<Transform dim="1"
 xcoef=" 0.253010866920108 1 0 0 0 0"
 ycoef=" 0.808718451679478 0 1 0 0 0">
<Contour name="D039" hidden="false" closed="true" simplified="true" border="0 0 1" fill="0 0 1" mode="13"
 points="8.13426 1.01317,
	8.13499 1.00128,
	8.13718 0.98958,
	8.14079 0.978241,
	8.14577 0.967442,
	8.15203 0.95735,
	8.15948 0.948121,
	8.16802 0.939898,
	8.17749 0.932808,
	8.18777 0.92696,
	8.19868 0.922445,
	8.21006 0.919332,
	8.22174 0.917671,
	8.23353 0.917486,
	8.24526 0.91878,
	8.25673 0.921533,
	8.26778 0.925703,
	8.27823 0.931226,
	8.28792 0.938015,
	8.2967 0.945966,
	8.30443 0.954956,
	8.31101 0.964847,
	8.31631 0.975484,
	8.32027 0.986704,
	8.32282 0.998333,
	8.32391 1.01019,
	8.32355 1.0221,
	8.32172 1.03386,
	8.31846 1.04531,
	8.31382 1.05626,
	8.30787 1.06654,
	8.30071 1.076,
	8.29243 1.08449,
	8.28318 1.09187,
	8.27309 1.09804,
	8.26232 1.1029,
	8.25104 1.10637,
	8.23942 1.10839,
	8.22764 1.10895,
	8.21588 1.10802,
	8.20432 1.10563,
	8.19315 1.10181,
	8.18254 1.09662,
	8.17265 1.09014,
	8.16362 1.08247,
	8.15562 1.07372,
	8.14874 1.06404,
	8.14311 1.05358,
	8.13881 1.04249,
	8.13591 1.03094,
	"/>
</Transform>

<Transform dim="1"
 xcoef=" 0.253010866920108 1 0 0 0 0"
 ycoef=" 0.808718451679478 0 1 0 0 0">
<Contour name="D049" hidden="false" closed="true" simplified="true" border="0 0 1" fill="0 0 1" mode="13"
 points="10.3759 1.12099,
	10.3766 1.10928,
	10.3789 1.09774,
	10.3827 1.08655,
	10.3879 1.07588,
	10.3944 1.06587,
	10.4022 1.05668,
	10.4111 1.04845,
	10.421 1.0413,
	10.4318 1.03533,
	10.4433 1.03063,
	10.4553 1.02728,
	10.4677 1.02532,
	10.4802 1.02479,
	10.4927 1.02568,
	10.505 1.02799,
	10.5168 1.03168,
	10.5282 1.0367,
	10.5388 1.04298,
	10.5484 1.05041,
	10.5571 1.05889,
	10.5646 1.0683,
	10.5708 1.07849,
	10.5756 1.08931,
	10.579 1.1006,
	10.5809 1.11219,
	10.5813 1.12392,
	10.5802 1.1356,
	10.5775 1.14707,
	10.5734 1.15814,
	10.5679 1.16867,
	10.561 1.17848,
	10.5529 1.18744,
	10.5437 1.19542,
	10.5336 1.20228,
	10.5226 1.20794,
	10.511 1.2123,
	10.4989 1.21531,
	10.4864 1.21692,
	10.4739 1.21709,
	10.4615 1.21584,
	10.4493 1.21318,
	10.4375 1.20915,
	10.4263 1.20381,
	10.416 1.19724,
	10.4065 1.18953,
	10.3981 1.18081,
	10.391 1.17119,
	10.3851 1.16083,
	10.3806 1.14988,
	10.3776 1.13849,
	"/>
</Transform>

<Transform dim="1"
 xcoef=" 0.253010866920108 1 0 0 0 0"
 ycoef=" 0.808718451679478 0 1 0 0 0">
<Contour name="D055" hidden="false" closed="true" simplified="true" border="0 0 1" fill="0 0 1" mode="13"
 points="0.892981 2.57637,
	0.894623 2.56193,
	0.89949 2.548,
	0.907412 2.53506,
	0.918111 2.52358,
	0.931212 2.51394,
	0.946255 2.5065,
	0.962712 2.5015,
	0.980007 2.49913,
	0.997533 2.49947,
	1.01467 2.50251,
	1.03083 2.50814,
	1.04544 2.51616,
	1.05798 2.52629,
	1.06801 2.53818,
	1.07519 2.55141,
	1.07927 2.56551,
	1.08009 2.57999,
	1.07763 2.59435,
	1.07198 2.60808,
	1.06333 2.62069,
	1.05199 2.63175,
	1.03836 2.64087,
	1.02291 2.64772,
	1.00619 2.65207,
	0.98878 2.65377,
	0.971293 2.65275,
	0.954342 2.64905,
	0.938522 2.64281,
	0.924388 2.63423,
	0.912436 2.62362,
	0.903084 2.61135,
	0.896661 2.59786,
	"/>
</Transform>

<Transform dim="1"
 xcoef=" 0.253010866920108 1 0 0 0 0"
 ycoef=" 0.808718451679478 0 1 0 0 0">
<Contour name="D057" hidden="false" closed="true" simplified="true" border="0 0 1" fill="0 0 1" mode="11"
 points="6.30394 9.36191,
	6.30506 9.34945,
	6.3084 9.33721,
	6.31391 9.32544,
	6.32147 9.31435,
	6.33094 9.30414,
	6.34216 9.29501,
	6.3549 9.28713,
	6.36894 9.28063,
	6.38402 9.27566,
	6.39984 9.27228,
	6.41612 9.27058,
	6.43255 9.27058,
	6.44883 9.27228,
	6.46465 9.27566,
	6.47972 9.28063,
	6.49376 9.28713,
	6.50651 9.29501,
	6.51773 9.30414,
	6.5272 9.31435,
	6.53476 9.32544,
	6.54027 9.33721,
	6.54361 9.34945,
	6.54473 9.36191,
	6.54361 9.37438,
	6.54027 9.38661,
	6.53476 9.39838,
	6.5272 9.40947,
	6.51773 9.41968,
	6.50651 9.42881,
	6.49376 9.4367,
	6.47972 9.44319,
	6.46465 9.44817,
	6.44883 9.45154,
	6.43255 9.45324,
	6.41612 9.45324,
	6.39984 9.45154,
	6.38402 9.44817,
	6.36894 9.44319,
	6.3549 9.4367,
	6.34216 9.42881,
	6.33094 9.41968,
	6.32147 9.40947,
	6.31391 9.39838,
	6.3084 9.38661,
	6.30506 9.37438,
	"/>
</Transform>

<Transform dim="1"
 xcoef=" 0.253010866920108 1 0 0 0 0"
 ycoef=" 0.808718451679478 0 1 0 0 0">
<Contour name="D058_ax01" hidden="false" closed="true" simplified="false" border="0 1 1" fill="0 1 1" mode="11"
 points="3.66903 7.42501,
	3.68488 7.40916,
	3.62146 7.34573,
	3.63732 7.32988,
	3.70074 7.3933,
	3.7166 7.37745,
	3.7166 7.42501,
	"/>
</Transform>

<Transform dim="1"
 xcoef=" 0.253010866920108 1 0 0 0 0"
 ycoef=" 0.808718451679478 0 1 0 0 0">
<Contour name="d046" hidden="false" closed="true" simplified="true" border="1 1 0" fill="1 1 0" mode="11"
 points="12.5355 3.33877,
	12.5429 3.32555,
	12.5528 3.31399,
	12.5561 3.31233,
	12.5594 3.30903,
	12.566 3.30572,
	12.5793 3.29581,
	12.5867 3.28259,
	12.5867 3.28094,
	12.5884 3.27928,
	12.5908 3.26606,
	12.5925 3.25945,
	12.5999 3.24706,
	12.6024 3.24376,
	12.6148 3.23549,
	12.6181 3.23384,
	12.6197 3.23219,
	12.6214 3.23219,
	12.633 3.22475,
	12.6388 3.22062,
	12.6503 3.20905,
	12.6602 3.19749,
	12.6685 3.18427,
	12.6726 3.17105,
	12.6759 3.14461,
	12.6809 3.13139,
	12.6842 3.12643,
	12.6966 3.11404,
	12.7073 3.10165,
	12.7139 3.09586,
	12.7205 3.09173,
	12.7239 3.09173,
	12.7371 3.0876,
	12.7635 3.08264,
	12.7767 3.08016,
	12.7833 3.07769,
	12.785 3.07769,
	12.7866 3.07603,
	12.7999 3.0719,
	12.8131 3.06612,
	12.8197 3.06364,
	12.823 3.06116,
	12.8362 3.05703,
	12.8428 3.05455,
	12.8494 3.05372,
	12.8511 3.05207,
	12.8643 3.04959,
	12.8908 3.04794,
	12.904 3.04877,
	12.9304 3.0562,
	12.9436 3.05868,
	12.9568 3.05951,
	12.9701 3.05868,
	12.9767 3.05786,
	13.0031 3.04794,
	13.0097 3.04298,
	13.0163 3.04051,
	13.0196 3.03968,
	13.0205 3.03803,
	13.0271 3.03637,
	13.0304 3.0339,
	13.0436 3.02976,
	13.07 3.02894,
	13.0833 3.02894,
	13.0899 3.02976,
	13.1031 3.02646,
	13.1097 3.02481,
	13.1114 3.02315,
	13.118 3.02068,
	13.1213 3.01985,
	13.1237 3.01737,
	13.1304 3.01489,
	13.1337 3.01324,
	13.1353 3.01159,
	13.1386 3.01076,
	13.1419 3.00828,
	13.1452 3.00746,
	13.1469 3.0058,
	13.1601 3.00333,
	13.1733 2.99919,
	13.1865 2.99672,
	13.1998 2.99672,
	13.2262 3.00085,
	13.2394 3.00415,
	13.2427 3.00498,
	13.2444 3.00498,
	13.246 3.00663,
	13.2592 3.00911,
	13.2725 3.01407,
	13.2791 3.01654,
	13.2807 3.01654,
	13.2824 3.0182,
	13.289 3.02068,
	13.2956 3.02481,
	13.2989 3.02563,
	13.3113 3.03307,
	13.3146 3.0339,
	13.3163 3.03555,
	13.3229 3.0372,
	13.3262 3.0372,
	13.3278 3.03885,
	13.3344 3.03968,
	13.3477 3.04381,
	13.3741 3.04464,
	13.3873 3.04464,
	13.3939 3.04546,
	13.4071 3.05042,
	13.4204 3.05703,
	13.422 3.05868,
	13.4286 3.06116,
	13.4418 3.07025,
	13.4451 3.07355,
	13.4476 3.07521,
	13.4526 3.08182,
	13.4559 3.09504,
	13.4559 3.09834,
	13.4559 3.09999,
	13.46 3.1066,
	13.4666 3.11239,
	13.4782 3.12065,
	13.4906 3.13139,
	13.498 3.14461,
	13.503 3.15783,
	13.503 3.16113,
	13.5055 3.16774,
	13.5063 3.19418,
	13.5063 3.2074,
	13.5104 3.23384,
	13.5145 3.24706,
	13.5187 3.2735,
	13.5187 3.28672,
	13.5179 3.29333,
	13.5079 3.31977,
	13.5005 3.33216,
	13.5005 3.33381,
	13.4832 3.35778,
	13.4774 3.36356,
	13.4716 3.36769,
	13.4699 3.36934,
	13.4633 3.37182,
	13.4567 3.37595,
	13.4551 3.37595,
	13.4418 3.38504,
	13.4286 3.39578,
	13.4253 3.39743,
	13.4237 3.39909,
	13.422 3.39909,
	13.4154 3.40322,
	13.4138 3.40322,
	13.4129 3.40487,
	13.4113 3.40487,
	13.3981 3.41478,
	13.3939 3.41974,
	13.3881 3.42635,
	13.379 3.43957,
	13.3782 3.44288,
	13.3708 3.4561,
	13.3691 3.45775,
	13.3691 3.4594,
	13.36 3.47179,
	13.3534 3.4784,
	13.3468 3.48254,
	13.3435 3.48419,
	13.3419 3.48584,
	13.3286 3.48997,
	13.322 3.49328,
	13.3187 3.49575,
	13.3171 3.49575,
	13.3105 3.50071,
	13.3072 3.50236,
	13.2948 3.51311,
	13.2882 3.51889,
	13.2634 3.53541,
	13.2502 3.5412,
	13.2237 3.54533,
	13.2105 3.54533,
	13.2039 3.54533,
	13.1907 3.54285,
	13.1642 3.54202,
	13.1576 3.54285,
	13.1543 3.5445,
	13.1477 3.54533,
	13.1213 3.55442,
	13.108 3.55855,
	13.0948 3.56103,
	13.0684 3.56268,
	13.0552 3.56268,
	13.0023 3.55607,
	12.9957 3.55524,
	12.9891 3.5569,
	12.9825 3.56103,
	12.9585 3.58333,
	12.9519 3.58829,
	12.9486 3.58994,
	12.9469 3.5916,
	12.9337 3.59408,
	12.9073 3.59573,
	12.8941 3.5949,
	12.8808 3.5916,
	12.8792 3.5916,
	12.8775 3.58994,
	12.8511 3.58086,
	12.8379 3.57755,
	12.8362 3.57755,
	12.8346 3.5759,
	12.8213 3.57177,
	12.8197 3.57177,
	12.818 3.57011,
	12.7916 3.56268,
	12.7387 3.55524,
	12.7255 3.55607,
	12.6991 3.55276,
	12.6858 3.54863,
	12.6792 3.54533,
	12.6776 3.54368,
	12.671 3.5412,
	12.6602 3.53293,
	12.6495 3.52054,
	12.6445 3.51393,
	12.6313 3.48832,
	12.6305 3.48501,
	12.628 3.48171,
	12.6255 3.4751,
	12.6239 3.47179,
	12.6239 3.47014,
	12.6214 3.46684,
	12.6214 3.46518,
	12.6189 3.46188,
	12.6181 3.45857,
	12.6156 3.45527,
	12.6156 3.45362,
	12.6115 3.44701,
	12.6098 3.4437,
	12.6098 3.44205,
	12.6082 3.44122,
	12.6074 3.43792,
	12.5917 3.41396,
	12.5809 3.40239,
	12.5784 3.39991,
	12.5768 3.39991,
	12.5644 3.39165,
	12.5512 3.38174,
	12.5421 3.37099,
	12.5404 3.36934,
	12.5363 3.35612,
	12.5355 3.3429,
	12.5355 3.3396,
	"/>
</Transform>

<Transform dim="1"
 xcoef=" 0.253010866920108 1 0 0 0 0"
 ycoef=" 0.808718451679478 0 1 0 0 0">
<Contour name="d046_p30" hidden="false" closed="true" simplified="true" border="1 1 0" fill="1 1 0" mode="11"
 points="12.6024 4.33569,
	12.6032 4.33235,
	12.6074 4.32568,
	12.6116 4.32067,
	12.6249 4.31233,
	12.6257 4.31066,
	12.6324 4.30816,
	12.6391 4.30398,
	12.6424 4.30315,
	12.6675 4.2873,
	12.6741 4.28145,
	12.6875 4.27228,
	12.7134 4.25892,
	12.715 4.25892,
	12.7167 4.25726,
	12.7701 4.2389,
	12.7718 4.2389,
	12.7734 4.23723,
	12.8001 4.22805,
	12.8035 4.22555,
	12.8102 4.22304,
	12.8135 4.22138,
	12.8152 4.22138,
	12.8168 4.21971,
	12.8235 4.21804,
	12.8252 4.21637,
	12.8519 4.20802,
	12.8652 4.20385,
	12.8919 4.19885,
	12.9186 4.19801,
	12.932 4.20302,
	12.9353 4.20385,
	12.937 4.20385,
	12.9387 4.20552,
	12.9453 4.20802,
	12.9487 4.20969,
	12.9495 4.21136,
	12.9512 4.21136,
	12.977 4.23055,
	12.9829 4.23723,
	12.987 4.24307,
	12.9887 4.24641,
	12.9904 4.24808,
	12.9904 4.24975,
	12.9946 4.25642,
	12.9971 4.2631,
	12.9971 4.26643,
	12.9987 4.26977,
	13.0004 4.29647,
	12.9996 4.30982,
	12.9887 4.33653,
	12.9829 4.34988,
	12.9795 4.35655,
	12.977 4.35989,
	12.9762 4.36323,
	12.9737 4.36657,
	12.9737 4.36823,
	12.9645 4.38075,
	12.9587 4.38743,
	12.9487 4.39744,
	12.9428 4.40328,
	12.9403 4.40495,
	12.9336 4.41162,
	12.927 4.4158,
	12.9236 4.41747,
	12.922 4.41747,
	12.9203 4.41913,
	12.917 4.41997,
	12.9136 4.42247,
	12.8869 4.43165,
	12.8802 4.43249,
	12.8769 4.43415,
	12.8502 4.43833,
	12.8369 4.44083,
	12.8302 4.44083,
	12.8268 4.44083,
	12.8235 4.4425,
	12.7701 4.44417,
	12.7634 4.44333,
	12.7601 4.44166,
	12.7467 4.43916,
	12.7334 4.43499,
	12.7317 4.43499,
	12.73 4.43332,
	12.7167 4.43249,
	12.7033 4.42915,
	12.6775 4.4183,
	12.6641 4.41246,
	12.6575 4.41079,
	12.6541 4.40829,
	12.6408 4.40412,
	12.6374 4.40245,
	12.6358 4.40245,
	12.6349 4.40078,
	12.6333 4.40078,
	12.6266 4.39494,
	12.6216 4.38993,
	12.6107 4.37658,
	12.6049 4.36323,
	12.6024 4.33653,
	"/>
</Transform>

<Transform dim="1"
 xcoef=" 0.0711039810605321 1 0 0 0 0"
 ycoef=" 0.147925561761876 0 1 0 0 0">
<Contour name="d046_p31" hidden="false" closed="true" simplified="true" border="1 1 0" fill="1 1 0" mode="11"
 points="13.3871 2.14334,
	13.3896 2.13831,
	13.3896 2.13328,
	13.3934 2.12825,
	13.3946 2.12322,
	13.4009 2.11441,
	13.4034 2.10938,
	13.4135 2.10058,
	13.4185 2.0968,
	13.4387 2.09555,
	13.4487 2.0968,
	13.4538 2.0968,
	13.494 2.10938,
	13.5041 2.1119,
	13.5091 2.11441,
	13.5192 2.11567,
	13.5217 2.11567,
	13.5267 2.11944,
	13.6072 2.14586,
	13.6261 2.1597,
	13.6349 2.1685,
	13.6412 2.17856,
	13.6437 2.18359,
	13.6424 2.20372,
	13.6399 2.21378,
	13.6374 2.2163,
	13.6336 2.22636,
	13.6311 2.22888,
	13.6311 2.23139,
	13.6236 2.24145,
	13.6236 2.24397,
	13.6072 2.26158,
	13.5971 2.27038,
	13.5959 2.2729,
	13.5934 2.2729,
	13.5846 2.28045,
	13.5821 2.28296,
	13.5795 2.28296,
	13.5745 2.28799,
	13.567 2.29303,
	13.5582 2.30057,
	13.5481 2.3056,
	13.528 2.31944,
	13.4902 2.34208,
	13.4877 2.3446,
	13.4676 2.35089,
	13.4575 2.35466,
	13.4374 2.35466,
	13.4273 2.3534,
	13.4173 2.34963,
	13.411 2.34082,
	13.406 2.33579,
	13.406 2.33328,
	13.4022 2.32824,
	13.3959 2.30812,
	13.3972 2.22762,
	13.3959 2.20749,
	13.3921 2.18737,
	13.3883 2.1773,
	13.3871 2.15718,
	13.3871 2.14712,
	13.3871 2.1446,
	"/>
</Transform>

<Transform dim="1"
 xcoef=" 0.0711039810605321 1 0 0 0 0"
 ycoef=" 0.147925561761876 0 1 0 0 0">
<Contour name="d046_p31" hidden="false" closed="true" simplified="true" border="1 1 0" fill="1 1 0" mode="11"
 points="13.6998 2.1066,
	13.7008 2.10237,
	13.704 2.09815,
	13.7093 2.06432,
	13.7125 2.04741,
	13.7178 2.0305,
	13.7262 2.01464,
	13.7357 2.0009,
	13.7421 1.99245,
	13.7442 1.98928,
	13.7611 1.97659,
	13.7653 1.97342,
	13.7674 1.97342,
	13.7706 1.97025,
	13.7727 1.97025,
	13.7738 1.96814,
	13.7759 1.96814,
	13.7917 1.95651,
	13.8002 1.95228,
	13.8044 1.95017,
	13.8065 1.94805,
	13.8087 1.94805,
	13.8256 1.93643,
	13.8287 1.93431,
	13.8361 1.92691,
	13.8383 1.92586,
	13.8383 1.92374,
	13.8446 1.9174,
	13.8467 1.9174,
	13.8541 1.90894,
	13.8626 1.90366,
	13.8668 1.90049,
	13.871 1.89943,
	13.8731 1.89943,
	13.8752 1.89732,
	13.8774 1.89732,
	13.8816 1.89415,
	13.8858 1.89415,
	13.89 1.89097,
	13.8943 1.89097,
	13.9112 1.88569,
	13.9281 1.88463,
	13.9366 1.88252,
	13.9535 1.88146,
	13.9619 1.87935,
	13.9661 1.87723,
	13.9831 1.87406,
	14 1.86878,
	14.0084 1.86561,
	14.0127 1.86561,
	14.0169 1.86349,
	14.0507 1.85715,
	14.0676 1.85609,
	14.0718 1.85715,
	14.0782 1.86349,
	14.0803 1.86561,
	14.0803 1.86983,
	14.0824 1.87406,
	14.0814 1.89097,
	14.0792 1.89309,
	14.0782 1.89732,
	14.0644 1.91211,
	14.0613 1.91529,
	14.0592 1.91529,
	14.0433 1.93008,
	14.0359 1.93643,
	14.0063 1.96708,
	13.9905 1.97871,
	13.9735 1.9861,
	13.9397 1.99562,
	13.9355 1.99773,
	13.9186 2.0009,
	13.9101 2.00407,
	13.908 2.00407,
	13.907 2.00619,
	13.8985 2.00936,
	13.89 2.01464,
	13.8731 2.02099,
	13.871 2.0231,
	13.8668 2.02416,
	13.8647 2.02627,
	13.8626 2.02627,
	13.8457 2.03578,
	13.8414 2.0379,
	13.8393 2.04001,
	13.8351 2.04107,
	13.834 2.04318,
	13.8256 2.04635,
	13.8087 2.05692,
	13.7759 2.08229,
	13.7738 2.08229,
	13.76 2.09392,
	13.7579 2.09392,
	13.7421 2.10872,
	13.7347 2.11612,
	13.7304 2.12034,
	13.7294 2.12246,
	13.7273 2.12246,
	13.7262 2.12457,
	13.722 2.12563,
	13.7135 2.13091,
	13.7051 2.12986,
	13.7019 2.12669,
	13.6998 2.11823,
	13.6998 2.10977,
	13.6998 2.10766,
	"/>
</Transform>

<Transform dim="1"
 xcoef=" 0.0711039810605321 1 0 0 0 0"
 ycoef=" 0.147925561761876 0 1 0 0 0">
<Contour name="D046 ax01??" hidden="false" closed="true" simplified="false" border="1 1 0" fill="1 1 0" mode="11"
 points="6.99729 6.00048,
	6.98086 6.00048,
	6.98086 6.0087,
	6.98908 6.01692,
	7.01373 6.02514,
	6.99729 6.03335,
	6.98908 6.04979,
	6.97264 6.03335,
	6.96442 6.01692,
	6.96442 6.00048,
	6.94799 6.00048,
	6.97264 5.98405,
	"/>
</Transform>

<Transform dim="1"
 xcoef=" 0.0711039810605321 1 0 0 0 0"
 ycoef=" 0.147925561761876 0 1 0 0 0">
<Contour name="D037" hidden="false" closed="true" simplified="true" border="0 0 1" fill="0 0 1" mode="11"
 points="11.5389 0.222172,
	11.5411 0.206386,
	11.5475 0.190988,
	11.558 0.176359,
	11.5724 0.162857,
	11.5903 0.150816,
	11.6112 0.140532,
	11.6347 0.132259,
	11.6601 0.126199,
	11.6868 0.122502,
	11.7143 0.12126,
	11.7417 0.122502,
	11.7684 0.126199,
	11.7939 0.132259,
	11.8173 0.140532,
	11.8382 0.150816,
	11.8561 0.162857,
	11.8705 0.176359,
	11.881 0.190988,
	11.8874 0.206386,
	11.8896 0.222172,
	11.8874 0.237958,
	11.881 0.253355,
	11.8705 0.267985,
	11.8561 0.281486,
	11.8382 0.293527,
	11.8173 0.303811,
	11.7939 0.312085,
	11.7684 0.318145,
	11.7417 0.321841,
	11.7143 0.323084,
	11.6868 0.321841,
	11.6601 0.318145,
	11.6347 0.312085,
	11.6112 0.303811,
	11.5903 0.293527,
	11.5724 0.281486,
	11.558 0.267985,
	11.5475 0.253355,
	"/>
</Transform>

<Transform dim="1"
 xcoef=" 0.0711039810605321 1 0 0 0 0"
 ycoef=" 0.147925561761876 0 1 0 0 0">
<Contour name="D020" hidden="false" closed="true" simplified="true" border="0 0 1" fill="0 0 1" mode="11"
 points="9.86126 5.88045,
	9.86233 5.86022,
	9.86552 5.84024,
	9.8708 5.82076,
	9.8781 5.80202,
	9.88733 5.78425,
	9.89838 5.76766,
	9.9111 5.75247,
	9.92535 5.73886,
	9.94094 5.727,
	9.95769 5.71703,
	9.97539 5.70909,
	9.99381 5.70326,
	10.0127 5.69962,
	10.0319 5.69821,
	10.0511 5.69905,
	10.0702 5.70214,
	10.0887 5.70743,
	10.1066 5.71485,
	10.1236 5.72432,
	10.1395 5.73573,
	10.1541 5.74891,
	10.1672 5.76373,
	10.1787 5.77998,
	10.1884 5.79748,
	10.1962 5.816,
	10.202 5.83532,
	10.2057 5.85519,
	10.2073 5.87538,
	10.2068 5.89563,
	10.2041 5.91569,
	10.1994 5.93532,
	10.1926 5.95427,
	10.1838 5.97231,
	10.1732 5.98921,
	10.1609 6.00477,
	10.147 6.01879,
	10.1317 6.0311,
	10.1152 6.04155,
	10.0978 6.05002,
	10.0795 6.05638,
	10.0607 6.06058,
	10.0415 6.06255,
	10.0223 6.06226,
	10.0032 6.05974,
	9.98452 6.05499,
	9.96643 6.04809,
	9.94919 6.03912,
	9.93299 6.02819,
	9.91805 6.01544,
	9.90454 6.00101,
	9.89264 5.9851,
	9.88248 5.96789,
	9.87421 5.94961,
	9.86791 5.93047,
	9.86366 5.91071,
	"/>
</Transform>

<Transform dim="1"
 xcoef=" 0.0711039810605321 1 0 0 0 0"
 ycoef=" 0.147925561761876 0 1 0 0 0">
<Contour name="D022" hidden="false" closed="true" simplified="true" border="0 0 1" fill="0 0 1" mode="11"
 points="17.6249 4.116,
	17.627 4.08364,
	17.6331 4.05349,
	17.643 4.02759,
	17.6558 4.00772,
	17.6707 3.99523,
	17.6867 3.99097,
	17.7027 3.99523,
	17.7177 4.00772,
	17.7305 4.02759,
	17.7403 4.05349,
	17.7465 4.08364,
	17.7486 4.116,
	17.7465 4.14836,
	17.7403 4.17852,
	17.7305 4.20441,
	17.7177 4.22428,
	17.7027 4.23678,
	17.6867 4.24104,
	17.6707 4.23678,
	17.6558 4.22428,
	17.643 4.20441,
	17.6331 4.17852,
	"/>
</Transform>

<Transform dim="1"
 xcoef=" 0.0711039810605321 1 0 0 0 0"
 ycoef=" 0.147925561761876 0 1 0 0 0">
<Contour name="D033" hidden="false" closed="true" simplified="true" border="0 0 1" fill="0 0 1" mode="11"
 points="10.5231 2.52348,
	10.5239 2.51373,
	10.5262 2.50414,
	10.5301 2.49488,
	10.5353 2.48611,
	10.542 2.47798,
	10.5498 2.47063,
	10.5588 2.46419,
	10.5687 2.45876,
	10.5794 2.45443,
	10.5906 2.45129,
	10.6023 2.44938,
	10.6142 2.44874,
	10.6261 2.44938,
	10.6378 2.45129,
	10.6491 2.45443,
	10.6598 2.45876,
	10.6697 2.46419,
	10.6786 2.47063,
	10.6865 2.47798,
	10.6931 2.48611,
	10.6984 2.49488,
	10.7022 2.50414,
	10.7045 2.51373,
	10.7053 2.52348,
	10.7045 2.53324,
	10.7022 2.54283,
	10.6984 2.55209,
	10.6931 2.56085,
	10.6865 2.56898,
	10.6786 2.57633,
	10.6697 2.58278,
	10.6598 2.58821,
	10.6491 2.59253,
	10.6378 2.59568,
	10.6261 2.59758,
	10.6142 2.59822,
	10.6023 2.59758,
	10.5906 2.59568,
	10.5794 2.59253,
	10.5687 2.58821,
	10.5588 2.58278,
	10.5498 2.57633,
	10.542 2.56898,
	10.5353 2.56085,
	10.5301 2.55209,
	10.5262 2.54283,
	10.5239 2.53324,
	"/>
</Transform>

<Transform dim="1"
 xcoef=" 0.0711039810605321 1 0 0 0 0"
 ycoef=" 0.147925561761876 0 1 0 0 0">
<Contour name="D058" hidden="false" closed="true" simplified="true" border="0 0 1" fill="0 0 1" mode="11"
 points="4.98633 10.3645,
	4.98817 10.3521,
	4.99357 10.3403,
	5.00222 10.33,
	5.01361 10.3216,
	5.02709 10.3158,
	5.04187 10.3128,
	5.05709 10.3128,
	5.07187 10.3158,
	5.08535 10.3216,
	5.09675 10.33,
	5.1054 10.3403,
	5.11079 10.3521,
	5.11263 10.3645,
	5.11079 10.377,
	5.1054 10.3888,
	5.09675 10.3991,
	5.08535 10.4074,
	5.07187 10.4133,
	5.05709 10.4163,
	5.04187 10.4163,
	5.02709 10.4133,
	5.01361 10.4074,
	5.00222 10.3991,
	4.99357 10.3888,
	4.98817 10.377,
	"/>
</Transform>

<Transform dim="1"
 xcoef=" 0.214732180905231 1 0 0 0 0"
 ycoef=" 0.021577393635077 0 1 0 0 0">
<Contour name="d020_o17" hidden="false" closed="true" simplified="false" border="1 0 0" fill="1 0 0" mode="-13"
 points="10.3686 5.75103,
	10.4052 5.75103,
	10.3869 5.78457,
	"/>
</Transform>

<Transform dim="1"
 xcoef=" 0.214732180905231 1 0 0 0 0"
 ycoef=" 0.021577393635077 0 1 0 0 0">
<Contour name="d020" hidden="false" closed="true" simplified="true" border="1 1 0" fill="1 1 0" mode="11"
 points="9.69653 5.71855,
	9.70087 5.70466,
	9.70869 5.69076,
	9.71216 5.68381,
	9.71477 5.68121,
	9.72866 5.68034,
	9.73561 5.68294,
	9.74256 5.68729,
	9.74603 5.68815,
	9.75993 5.70118,
	9.76601 5.70726,
	9.76948 5.70379,
	9.77122 5.70379,
	9.7773 5.69684,
	9.78164 5.68294,
	9.78512 5.65515,
	9.78686 5.59956,
	9.78599 5.58566,
	9.78164 5.57177,
	9.77991 5.56482,
	9.77991 5.56308,
	9.7773 5.55961,
	9.77296 5.54571,
	9.77122 5.53876,
	9.77209 5.52487,
	9.77296 5.52139,
	9.77296 5.51965,
	9.7773 5.51271,
	9.77817 5.50923,
	9.78251 5.50228,
	9.78859 5.49533,
	9.79033 5.4936,
	9.79033 5.49186,
	9.80423 5.47883,
	9.81031 5.47188,
	9.81378 5.46841,
	9.82768 5.46059,
	9.83463 5.45538,
	9.84852 5.44235,
	9.85547 5.4354,
	9.86068 5.42846,
	9.86416 5.42498,
	9.87197 5.41109,
	9.87371 5.40761,
	9.88066 5.40066,
	9.885 5.39371,
	9.88587 5.39024,
	9.90585 5.36245,
	9.9154 5.34855,
	9.9293 5.33552,
	9.94319 5.32944,
	9.95014 5.32597,
	9.96404 5.32336,
	9.99183 5.32162,
	9.99878 5.32076,
	10.0127 5.32336,
	10.0266 5.3277,
	10.0335 5.32857,
	10.0474 5.33378,
	10.0544 5.33552,
	10.0613 5.339,
	10.0683 5.34073,
	10.0752 5.34421,
	10.0787 5.34594,
	10.1065 5.34768,
	10.1204 5.34681,
	10.1343 5.34421,
	10.1621 5.34594,
	10.176 5.34768,
	10.2038 5.35463,
	10.2316 5.36592,
	10.2585 5.38069,
	10.2863 5.40501,
	10.2993 5.4189,
	10.3106 5.4328,
	10.3201 5.4467,
	10.3271 5.46059,
	10.3314 5.47449,
	10.3323 5.47796,
	10.334 5.4797,
	10.3349 5.48665,
	10.3375 5.4936,
	10.3393 5.52139,
	10.3401 5.53529,
	10.3471 5.56308,
	10.3497 5.57003,
	10.3497 5.5735,
	10.354 5.58045,
	10.3549 5.58393,
	10.3549 5.58566,
	10.3566 5.5874,
	10.3627 5.6013,
	10.3705 5.6152,
	10.3766 5.62909,
	10.3844 5.64299,
	10.3888 5.64994,
	10.3888 5.65167,
	10.3914 5.65515,
	10.3922 5.65862,
	10.3966 5.66557,
	10.3992 5.67252,
	10.4053 5.67947,
	10.4192 5.69076,
	10.4331 5.69944,
	10.4365 5.70118,
	10.4487 5.71508,
	10.4548 5.72898,
	10.4574 5.73592,
	10.4582 5.74982,
	10.4574 5.76372,
	10.4478 5.79151,
	10.4287 5.81931,
	10.4192 5.8332,
	10.4061 5.84623,
	10.3922 5.85492,
	10.3853 5.85752,
	10.3714 5.86621,
	10.3575 5.87663,
	10.3505 5.88271,
	10.3479 5.88966,
	10.3427 5.89661,
	10.3401 5.90008,
	10.3262 5.90442,
	10.3193 5.90529,
	10.3054 5.91224,
	10.2984 5.91658,
	10.2915 5.91919,
	10.2845 5.92527,
	10.2811 5.93222,
	10.2785 5.93569,
	10.2776 5.93917,
	10.2732 5.94611,
	10.2715 5.94959,
	10.2602 5.96348,
	10.2533 5.96956,
	10.2394 5.97738,
	10.2255 5.98346,
	10.2116 5.9852,
	10.1838 5.9852,
	10.1699 5.98346,
	10.1143 5.98259,
	10.1004 5.98172,
	10.0865 5.97825,
	10.0796 5.97738,
	10.0761 5.97564,
	10.0726 5.97564,
	10.0587 5.96956,
	10.0518 5.96696,
	10.024 5.95046,
	9.99618 5.93569,
	9.98923 5.93222,
	9.96143 5.92353,
	9.94754 5.92093,
	9.94406 5.92093,
	9.91627 5.90963,
	9.90932 5.90529,
	9.8824 5.88184,
	9.87892 5.87837,
	9.87197 5.87402,
	9.8685 5.87142,
	9.8546 5.86708,
	9.852 5.86447,
	9.8381 5.861,
	9.83115 5.85665,
	9.77556 5.84102,
	9.74777 5.82973,
	9.74082 5.82539,
	9.73735 5.82191,
	9.73387 5.82104,
	9.71998 5.80801,
	9.7165 5.80454,
	9.70955 5.79064,
	9.70608 5.78369,
	9.70521 5.78022,
	9.70521 5.77848,
	9.70347 5.77675,
	9.70087 5.76285,
	9.69913 5.75938,
	9.69653 5.73158,
	9.69653 5.72463,
	9.69653 5.72116,
	9.69653 5.71942,
	"/>
</Transform>

<Transform dim="1"
 xcoef=" 0.214732180905231 1 0 0 0 0"
 ycoef=" 0.021577393635077 0 1 0 0 0">
<Contour name="d020_p16" hidden="false" closed="true" simplified="true" border="1 1 0" fill="1 1 0" mode="11"
 points="10.8067 4.78274,
	10.809 4.7753,
	10.8095 4.77344,
	10.8127 4.76599,
	10.8146 4.76227,
	10.8197 4.75483,
	10.8202 4.7539,
	10.8269 4.74645,
	10.8307 4.74273,
	10.8325 4.74087,
	10.8344 4.73947,
	10.8353 4.73878,
	10.8362 4.73878,
	10.8381 4.73761,
	10.853 4.73343,
	10.8567 4.73226,
	10.8716 4.72947,
	10.879 4.72784,
	10.9088 4.71947,
	10.9163 4.71738,
	10.9237 4.71575,
	10.9246 4.71575,
	10.9265 4.71482,
	10.9302 4.71412,
	10.9377 4.71342,
	10.9525 4.71342,
	10.9563 4.71342,
	10.9581 4.71412,
	10.9656 4.71854,
	10.9665 4.719,
	10.9674 4.719,
	10.9712 4.72249,
	10.973 4.72412,
	10.9739 4.72482,
	10.9758 4.72854,
	10.977 4.73226,
	10.9774 4.73412,
	10.9784 4.73598,
	10.9788 4.73692,
	10.9793 4.7518,
	10.9793 4.75366,
	10.9793 4.75459,
	10.9779 4.75832,
	10.9772 4.76018,
	10.9772 4.76111,
	10.9767 4.76204,
	10.9758 4.76274,
	10.9726 4.77018,
	10.9719 4.77204,
	10.9707 4.7739,
	10.9586 4.78879,
	10.9553 4.79251,
	10.9479 4.79902,
	10.9442 4.80251,
	10.9423 4.80414,
	10.9405 4.80507,
	10.9386 4.8067,
	10.9377 4.80763,
	10.9302 4.81135,
	10.9293 4.81135,
	10.9218 4.81554,
	10.9181 4.81856,
	10.9172 4.81926,
	10.9167 4.81973,
	10.9163 4.81973,
	10.9125 4.82275,
	10.9088 4.82484,
	10.907 4.82601,
	10.9032 4.82717,
	10.9014 4.82763,
	10.9004 4.8281,
	10.893 4.8288,
	10.8632 4.82926,
	10.8483 4.82973,
	10.8334 4.82973,
	10.8297 4.8295,
	10.826 4.82856,
	10.8241 4.8274,
	10.8232 4.8267,
	10.8223 4.82484,
	10.8186 4.82135,
	10.8167 4.81949,
	10.8125 4.81205,
	10.8107 4.80833,
	10.8083 4.80088,
	10.8079 4.79995,
	10.8069 4.79251,
	10.8067 4.78507,
	10.8067 4.78321,
	10.8067 4.78297,
	"/>
</Transform>

<Transform dim="1"
 xcoef=" 0.214732180905231 1 0 0 0 0"
 ycoef=" 0.021577393635077 0 1 0 0 0">
<Contour name="d020_p16" hidden="false" closed="true" simplified="true" border="1 1 0" fill="1 1 0" mode="11"
 points="11.1107 4.32655,
	11.1136 4.31328,
	11.1169 4.30002,
	11.1198 4.29339,
	11.1208 4.29007,
	11.1225 4.28675,
	11.1254 4.28344,
	11.1266 4.28178,
	11.1268 4.28137,
	11.1277 4.28137,
	11.1293 4.28012,
	11.1326 4.27867,
	11.1343 4.27846,
	11.1359 4.27784,
	11.1426 4.27681,
	11.1459 4.27598,
	11.1476 4.27577,
	11.1492 4.27515,
	11.15 4.27515,
	11.1517 4.27453,
	11.155 4.27411,
	11.1683 4.27391,
	11.1716 4.27411,
	11.1782 4.27598,
	11.1799 4.27681,
	11.1807 4.27743,
	11.1815 4.27764,
	11.1832 4.27867,
	11.184 4.27909,
	11.1857 4.28074,
	11.1873 4.28178,
	11.1907 4.28489,
	11.1923 4.28655,
	11.1934 4.28821,
	11.1948 4.28986,
	11.1969 4.29318,
	11.1971 4.29401,
	11.1981 4.29567,
	11.1981 4.29608,
	11.1992 4.29774,
	11.2035 4.311,
	11.2052 4.31763,
	11.207 4.3309,
	11.2079 4.33753,
	11.2085 4.34085,
	11.2089 4.3425,
	11.2089 4.34333,
	11.2095 4.34499,
	11.2112 4.35826,
	11.2118 4.36489,
	11.2128 4.37152,
	11.2139 4.37484,
	11.2143 4.37815,
	11.2145 4.37981,
	11.2145 4.38064,
	11.2193 4.3939,
	11.2199 4.39556,
	11.2222 4.39888,
	11.2253 4.40551,
	11.2263 4.40717,
	11.2292 4.41048,
	11.2315 4.4138,
	11.2334 4.41711,
	11.2363 4.42375,
	11.2371 4.4254,
	11.2389 4.43204,
	11.2396 4.43369,
	11.2408 4.44033,
	11.2419 4.45359,
	11.2412 4.46685,
	11.2402 4.48012,
	11.2396 4.50665,
	11.2398 4.51991,
	11.2394 4.52654,
	11.2385 4.53317,
	11.2373 4.53981,
	11.2367 4.54312,
	11.2323 4.55639,
	11.23 4.56302,
	11.2286 4.56633,
	11.2249 4.57297,
	11.223 4.57628,
	11.2207 4.5796,
	11.2182 4.58623,
	11.2172 4.58955,
	11.2166 4.5912,
	11.2157 4.59784,
	11.2145 4.60447,
	11.2143 4.6111,
	11.2149 4.62436,
	11.2155 4.62768,
	11.2176 4.63431,
	11.2182 4.63763,
	11.2184 4.64094,
	11.2195 4.64758,
	11.2201 4.65421,
	11.2201 4.66747,
	11.2201 4.67079,
	11.2195 4.6741,
	11.2184 4.67742,
	11.2182 4.68074,
	11.217 4.68405,
	11.2164 4.68737,
	11.2162 4.68903,
	11.2143 4.69234,
	11.2135 4.694,
	11.2122 4.69566,
	11.2089 4.69856,
	11.2072 4.6998,
	11.2039 4.70146,
	11.2031 4.70188,
	11.1898 4.70208,
	11.1766 4.70188,
	11.1733 4.70125,
	11.1699 4.70022,
	11.1683 4.6996,
	11.1666 4.69856,
	11.165 4.69711,
	11.1633 4.69379,
	11.161 4.69048,
	11.1577 4.68778,
	11.1563 4.68633,
	11.1534 4.6797,
	11.1496 4.66644,
	11.1496 4.65317,
	11.1496 4.64654,
	11.1498 4.64322,
	11.1515 4.63659,
	11.1527 4.62996,
	11.1548 4.62333,
	11.1558 4.62001,
	11.1571 4.61338,
	11.1579 4.60675,
	11.1583 4.60012,
	11.1581 4.58685,
	11.1571 4.58022,
	11.1544 4.56696,
	11.1538 4.56364,
	11.1473 4.55038,
	11.1453 4.54706,
	11.144 4.54374,
	11.1432 4.54209,
	11.1428 4.54126,
	11.142 4.54064,
	11.1415 4.54022,
	11.1413 4.53856,
	11.1376 4.53193,
	11.1326 4.51867,
	11.1281 4.5054,
	11.1262 4.49877,
	11.1252 4.49546,
	11.1248 4.49463,
	11.1192 4.44157,
	11.1165 4.41504,
	11.1146 4.40178,
	11.1134 4.39515,
	11.1125 4.38188,
	11.1115 4.35535,
	11.1111 4.34209,
	11.1107 4.33546,
	11.1107 4.32883,
	11.1107 4.32717,
	11.1107 4.32675,
	"/>
</Transform>

<Transform dim="1"
 xcoef=" 0.214732180905231 1 0 0 0 0"
 ycoef=" 0.021577393635077 0 1 0 0 0">
<Contour name="d020_p17" hidden="false" closed="true" simplified="true" border="1 1 0" fill="1 1 0" mode="11"
 points="10.4132 5.82664,
	10.4151 5.81664,
	10.4163 5.77664,
	10.4176 5.77164,
	10.4176 5.76664,
	10.4188 5.76164,
	10.4188 5.75913,
	10.4201 5.75663,
	10.4213 5.74663,
	10.4238 5.73663,
	10.4251 5.73163,
	10.4251 5.72913,
	10.4263 5.72663,
	10.4269 5.72163,
	10.4282 5.71913,
	10.4282 5.71788,
	10.4294 5.71663,
	10.4307 5.71163,
	10.4344 5.70726,
	10.4394 5.70288,
	10.4444 5.70226,
	10.4544 5.70538,
	10.4569 5.70726,
	10.4619 5.70913,
	10.4644 5.71038,
	10.4657 5.71038,
	10.4857 5.72226,
	10.4907 5.72476,
	10.4932 5.72601,
	10.4945 5.72601,
	10.4957 5.72726,
	10.5007 5.72851,
	10.502 5.72976,
	10.522 5.73601,
	10.532 5.73851,
	10.5345 5.73851,
	10.537 5.73976,
	10.547 5.74163,
	10.567 5.74788,
	10.5682 5.74913,
	10.5782 5.75101,
	10.5832 5.75288,
	10.5857 5.75351,
	10.587 5.75351,
	10.5882 5.75476,
	10.5982 5.75726,
	10.6082 5.76226,
	10.6107 5.76414,
	10.612 5.76414,
	10.6132 5.76539,
	10.6145 5.76539,
	10.6151 5.76664,
	10.6176 5.76726,
	10.6226 5.77039,
	10.6232 5.77164,
	10.6245 5.77164,
	10.6338 5.77914,
	10.6426 5.78539,
	10.6526 5.79226,
	10.6538 5.79226,
	10.6545 5.79351,
	10.6645 5.79726,
	10.6695 5.79914,
	10.672 5.80101,
	10.682 5.80476,
	10.702 5.81914,
	10.7057 5.82351,
	10.7082 5.82539,
	10.7095 5.82726,
	10.7263 5.84602,
	10.7338 5.85539,
	10.7376 5.85914,
	10.7438 5.86852,
	10.7513 5.87789,
	10.7695 5.89602,
	10.7788 5.90352,
	10.7801 5.90477,
	10.7813 5.90477,
	10.7907 5.9104,
	10.792 5.91165,
	10.7945 5.91227,
	10.7957 5.91227,
	10.7982 5.91415,
	10.8032 5.91477,
	10.8082 5.91665,
	10.8282 5.91977,
	10.8682 5.92415,
	10.8782 5.92602,
	10.8832 5.92727,
	10.8932 5.93227,
	10.9014 5.93977,
	10.9095 5.94915,
	10.9139 5.95352,
	10.9257 5.97227,
	10.9389 5.99165,
	10.9445 6.00165,
	10.9464 6.00415,
	10.9464 6.0054,
	10.952 6.0154,
	10.9551 6.0204,
	10.9564 6.0229,
	10.9564 6.02415,
	10.9582 6.02665,
	10.9589 6.02915,
	10.9645 6.03915,
	10.9689 6.04915,
	10.9707 6.05415,
	10.9714 6.05665,
	10.9714 6.0579,
	10.9726 6.05915,
	10.9732 6.06916,
	10.9726 6.07916,
	10.9695 6.08916,
	10.9689 6.09166,
	10.967 6.09416,
	10.957 6.09978,
	10.952 6.10166,
	10.932 6.10228,
	10.922 6.10228,
	10.912 6.09978,
	10.902 6.09541,
	10.897 6.09228,
	10.887 6.08916,
	10.882 6.08541,
	10.8739 6.07728,
	10.8726 6.07603,
	10.8701 6.07541,
	10.8689 6.07541,
	10.8676 6.07416,
	10.8626 6.07228,
	10.8601 6.07228,
	10.8501 6.06916,
	10.8451 6.06853,
	10.8351 6.06353,
	10.8301 6.06041,
	10.8276 6.05853,
	10.8263 6.05853,
	10.8213 6.05415,
	10.802 6.04228,
	10.792 6.03915,
	10.787 6.0379,
	10.777 6.0379,
	10.767 6.03415,
	10.757 6.02728,
	10.7526 6.02415,
	10.7432 6.01603,
	10.7388 6.01228,
	10.732 6.00228,
	10.7276 5.99728,
	10.7245 5.9929,
	10.7201 5.9879,
	10.717 5.9829,
	10.7145 5.9804,
	10.7113 5.97602,
	10.7026 5.96852,
	10.6926 5.9629,
	10.6876 5.9604,
	10.6826 5.95977,
	10.6776 5.9579,
	10.6676 5.95602,
	10.6626 5.9529,
	10.6307 5.91665,
	10.6213 5.90727,
	10.612 5.89977,
	10.6095 5.89852,
	10.6045 5.89414,
	10.5951 5.88727,
	10.5901 5.88352,
	10.5876 5.88227,
	10.5863 5.88102,
	10.5851 5.88102,
	10.5801 5.87664,
	10.5707 5.87039,
	10.5663 5.86602,
	10.5632 5.86164,
	10.5545 5.85289,
	10.5351 5.84164,
	10.5338 5.84164,
	10.5326 5.84039,
	10.5126 5.83414,
	10.5026 5.83101,
	10.5001 5.83101,
	10.4901 5.82726,
	10.4701 5.82539,
	10.4601 5.82601,
	10.4551 5.82726,
	10.4526 5.82789,
	10.4501 5.82976,
	10.4476 5.83039,
	10.4382 5.83789,
	10.4357 5.83977,
	10.4257 5.84039,
	10.4207 5.83977,
	10.4182 5.83914,
	10.4138 5.83476,
	10.4132 5.82976,
	10.4132 5.82726,
	"/>
</Transform>

<Transform dim="1"
 xcoef=" 0.214732180905231 1 0 0 0 0"
 ycoef=" 0.021577393635077 0 1 0 0 0">
<Contour name="d020_p19" hidden="false" closed="true" simplified="true" border="1 1 0" fill="1 1 0" mode="11"
 points="8.62899 7.23275,
	8.63102 7.22464,
	8.63862 7.20843,
	8.64672 7.19222,
	8.64799 7.19019,
	8.66167 7.17398,
	8.66496 7.16993,
	8.68092 7.15397,
	8.69713 7.14308,
	8.70473 7.13497,
	8.72069 7.12003,
	8.72272 7.11851,
	8.72474 7.11648,
	8.72525 7.11648,
	8.72905 7.11268,
	8.73108 7.11116,
	8.73513 7.10711,
	8.73842 7.10305,
	8.74627 7.09495,
	8.75007 7.09166,
	8.7521 7.08988,
	8.75311 7.08887,
	8.75362 7.08836,
	8.75413 7.08836,
	8.75818 7.08482,
	8.76629 7.07924,
	8.76831 7.07772,
	8.77642 7.07291,
	8.78452 7.06734,
	8.79263 7.06227,
	8.79466 7.06101,
	8.79567 7.06075,
	8.80378 7.05518,
	8.81188 7.0491,
	8.82809 7.03491,
	8.83215 7.03213,
	8.83316 7.03111,
	8.83721 7.02858,
	8.83823 7.02782,
	8.83873 7.02782,
	8.83899 7.02732,
	8.83949 7.02732,
	8.84152 7.0258,
	8.84228 7.02504,
	8.8443 7.02428,
	8.86026 7.0149,
	8.86837 7.0106,
	8.87242 7.00882,
	8.87648 7.00756,
	8.87749 7.00705,
	8.8785 7.00705,
	8.88053 7.00629,
	8.88154 7.00629,
	8.89775 6.99818,
	8.90181 6.99616,
	8.90383 6.99514,
	8.90789 6.99211,
	8.91574 6.98425,
	8.91776 6.98248,
	8.93398 6.97463,
	8.94208 6.97083,
	8.95829 6.96525,
	8.9664 6.96247,
	8.98261 6.95436,
	8.99072 6.95006,
	9.00693 6.93967,
	9.01098 6.93688,
	9.01301 6.93562,
	9.02111 6.92776,
	9.02314 6.92574,
	9.03454 6.90953,
	9.04037 6.90142,
	9.0429 6.89737,
	9.04999 6.88926,
	9.05329 6.88521,
	9.0543 6.8842,
	9.05962 6.87609,
	9.06114 6.87406,
	9.06215 6.87305,
	9.0662 6.86494,
	9.06798 6.86089,
	9.07228 6.84468,
	9.0738 6.83657,
	9.07406 6.82036,
	9.07456 6.81226,
	9.0733 6.79604,
	9.07304 6.79402,
	9.07355 6.78591,
	9.07482 6.77781,
	9.07836 6.76159,
	9.09407 6.69675,
	9.09584 6.68864,
	9.09837 6.68053,
	9.10623 6.66432,
	9.10825 6.66027,
	9.10952 6.65824,
	9.11636 6.65014,
	9.12016 6.64634,
	9.12826 6.64,
	9.14422 6.62506,
	9.14954 6.61695,
	9.15284 6.60885,
	9.15816 6.59264,
	9.16069 6.58453,
	9.16423 6.56832,
	9.16677 6.55211,
	9.16854 6.544,
	9.17082 6.53589,
	9.17183 6.53184,
	9.17538 6.52374,
	9.17639 6.52171,
	9.17943 6.51766,
	9.18678 6.50955,
	9.19083 6.5055,
	9.19869 6.49891,
	9.20476 6.49081,
	9.21034 6.4827,
	9.2116 6.48067,
	9.21895 6.47257,
	9.22275 6.46877,
	9.23086 6.46421,
	9.23896 6.46066,
	9.24301 6.45914,
	9.24504 6.45838,
	9.26125 6.45788,
	9.26936 6.45788,
	9.27746 6.45914,
	9.28557 6.46117,
	9.30178 6.46649,
	9.30583 6.46851,
	9.30989 6.47155,
	9.31723 6.47966,
	9.32078 6.48371,
	9.32357 6.48777,
	9.32585 6.49182,
	9.32762 6.49587,
	9.32863 6.49992,
	9.32914 6.50398,
	9.32965 6.506,
	9.33066 6.52222,
	9.33117 6.53032,
	9.33091 6.54653,
	9.33066 6.55464,
	9.33193 6.56275,
	9.33269 6.5668,
	9.33902 6.58301,
	9.3413 6.59112,
	9.34231 6.59517,
	9.34256 6.61138,
	9.34256 6.61543,
	9.34256 6.61746,
	9.33547 6.63367,
	9.33218 6.64178,
	9.32939 6.64988,
	9.32838 6.65394,
	9.32838 6.66204,
	9.3299 6.67825,
	9.33066 6.68231,
	9.33193 6.68636,
	9.34003 6.70257,
	9.34434 6.71068,
	9.34636 6.71473,
	9.34738 6.71878,
	9.34839 6.72689,
	9.34864 6.735,
	9.34814 6.75121,
	9.34814 6.75931,
	9.34814 6.76337,
	9.34839 6.76539,
	9.35118 6.7735,
	9.35244 6.77755,
	9.3565 6.78566,
	9.36131 6.79376,
	9.3722 6.80998,
	9.37803 6.81808,
	9.38183 6.82213,
	9.39804 6.83505,
	9.40615 6.84088,
	9.4102 6.84392,
	9.41425 6.84645,
	9.42236 6.8538,
	9.42641 6.8576,
	9.42844 6.85937,
	9.43148 6.86342,
	9.43629 6.87153,
	9.43832 6.87558,
	9.44136 6.88369,
	9.44288 6.89179,
	9.44338 6.89585,
	9.44212 6.90395,
	9.44186 6.90801,
	9.44313 6.92422,
	9.44465 6.93232,
	9.44718 6.94043,
	9.44895 6.94448,
	9.44997 6.94651,
	9.45047 6.94752,
	9.45858 6.95512,
	9.46669 6.96221,
	9.47074 6.96551,
	9.47277 6.96703,
	9.47935 6.97513,
	9.48113 6.97716,
	9.48518 6.98527,
	9.48644 6.98729,
	9.4872 6.98932,
	9.48974 7.00553,
	9.49151 7.01364,
	9.49151 7.01566,
	9.4943 7.02377,
	9.4981 7.03187,
	9.50671 7.04809,
	9.51659 7.0643,
	9.52165 7.0724,
	9.52596 7.08051,
	9.52951 7.08862,
	9.53153 7.09267,
	9.55307 7.15752,
	9.5556 7.16562,
	9.55712 7.16968,
	9.55838 7.17778,
	9.55864 7.17981,
	9.56016 7.18386,
	9.56396 7.20007,
	9.56573 7.20818,
	9.56674 7.21223,
	9.56776 7.22034,
	9.56826 7.25276,
	9.56826 7.26897,
	9.56826 7.27303,
	9.5599 7.33787,
	9.5594 7.3399,
	9.55737 7.34395,
	9.55636 7.34598,
	9.5556 7.35003,
	9.55383 7.35408,
	9.55129 7.35814,
	9.55079 7.35915,
	9.54699 7.3632,
	9.54496 7.36447,
	9.52875 7.37004,
	9.52469 7.37131,
	9.52267 7.37207,
	9.51862 7.37232,
	9.51051 7.37182,
	9.50646 7.37156,
	9.5024 7.36878,
	9.49835 7.36523,
	9.49506 7.36118,
	9.49126 7.35307,
	9.48062 7.32065,
	9.47783 7.31254,
	9.47302 7.29633,
	9.47099 7.28822,
	9.47049 7.28417,
	9.46821 7.27607,
	9.46491 7.25985,
	9.46213 7.24364,
	9.46035 7.23959,
	9.45706 7.22338,
	9.44769 7.19095,
	9.4444 7.18285,
	9.44262 7.17879,
	9.4373 7.16258,
	9.43477 7.15448,
	9.43148 7.14637,
	9.42945 7.14232,
	9.42844 7.14029,
	9.42261 7.13219,
	9.41957 7.12813,
	9.41172 7.12003,
	9.40969 7.118,
	9.40868 7.11699,
	9.39247 7.10711,
	9.38436 7.1028,
	9.37626 7.09976,
	9.36815 7.09622,
	9.36004 7.09191,
	9.35194 7.0871,
	9.31951 7.06506,
	9.31141 7.05923,
	9.30735 7.05645,
	9.29925 7.05214,
	9.29114 7.04859,
	9.28709 7.04631,
	9.25467 7.03289,
	9.23845 7.02782,
	9.22224 7.02377,
	9.20603 7.02124,
	9.18982 7.01997,
	9.18171 7.01921,
	9.17969 7.01896,
	9.16347 7.02225,
	9.15942 7.02276,
	9.09457 7.02656,
	9.07836 7.02782,
	9.04594 7.03517,
	9.03783 7.03669,
	9.03581 7.03694,
	9.03479 7.03694,
	9.03074 7.03897,
	9.02871 7.03947,
	9.02669 7.04049,
	9.02567 7.04125,
	8.99325 7.04935,
	8.97704 7.05391,
	8.96893 7.05619,
	8.95272 7.06202,
	8.9203 7.07544,
	8.90409 7.08203,
	8.88787 7.08786,
	8.88585 7.08862,
	8.88179 7.09115,
	8.86558 7.10255,
	8.86153 7.10559,
	8.85342 7.11293,
	8.84582 7.12104,
	8.83924 7.12915,
	8.83747 7.13117,
	8.83493 7.13522,
	8.83164 7.13928,
	8.82987 7.1413,
	8.82885 7.14232,
	8.82556 7.15042,
	8.82049 7.15853,
	8.81669 7.16664,
	8.81517 7.17069,
	8.81416 7.17474,
	8.81112 7.18285,
	8.80859 7.1869,
	8.80656 7.19095,
	8.80555 7.19298,
	8.80378 7.19501,
	8.79896 7.20311,
	8.79795 7.20514,
	8.79238 7.21324,
	8.78554 7.22135,
	8.77794 7.2292,
	8.77009 7.23579,
	8.76806 7.23984,
	8.76502 7.24389,
	8.76046 7.252,
	8.75869 7.25605,
	8.74678 7.3209,
	8.74551 7.33711,
	8.74526 7.33914,
	8.74602 7.34319,
	8.74602 7.34522,
	8.74982 7.35332,
	8.75261 7.36143,
	8.75489 7.36954,
	8.75641 7.37764,
	8.75742 7.3817,
	8.75767 7.3898,
	8.75717 7.40601,
	8.75717 7.40804,
	8.75514 7.41615,
	8.75337 7.4202,
	8.75109 7.42425,
	8.74703 7.4278,
	8.74298 7.43008,
	8.73893 7.43084,
	8.73488 7.43058,
	8.73082 7.42856,
	8.72677 7.42476,
	8.72348 7.4207,
	8.72196 7.41868,
	8.71816 7.41057,
	8.71512 7.40247,
	8.71436 7.40044,
	8.7136 7.39639,
	8.71284 7.39436,
	8.70777 7.38625,
	8.70498 7.3822,
	8.70321 7.37815,
	8.70093 7.37004,
	8.70017 7.36802,
	8.69992 7.36599,
	8.69916 7.36396,
	8.69789 7.36194,
	8.69713 7.35991,
	8.69055 7.3518,
	8.6832 7.3437,
	8.67915 7.34015,
	8.66294 7.32723,
	8.64951 7.31102,
	8.64267 7.30292,
	8.63912 7.29886,
	8.6371 7.29481,
	8.63431 7.2867,
	8.63304 7.28265,
	8.63051 7.26644,
	8.62975 7.26239,
	8.62925 7.24617,
	8.62899 7.23807,
	8.62899 7.23402,
	8.62899 7.233,
	"/>
</Transform>

<Transform dim="1"
 xcoef=" 0.214732180905231 1 0 0 0 0"
 ycoef=" 0.021577393635077 0 1 0 0 0">
<Contour name="d020_cfa19" hidden="false" closed="false" simplified="false" border="0 1 0" fill="0 1 0" mode="11"
 points="8.92018 7.05521,
	8.81354 7.12481,
	"/>
<Contour name="d020_c19" hidden="false" closed="true" simplified="true" border="1 0 0" fill="1 0 0" mode="11"
 points="8.80614 7.08644,
	8.87798 7.04828,
	8.88696 7.04266,
	8.89594 7.04042,
	8.90043 7.0393,
	8.90267 7.03817,
	8.92063 7.0494,
	8.93859 7.06512,
	8.9487 7.08308,
	8.95319 7.09206,
	8.95543 7.09655,
	8.95655 7.09767,
	8.93635 7.13359,
	8.924 7.15155,
	8.91614 7.16053,
	8.91278 7.16502,
	8.89482 7.174,
	8.87686 7.17624,
	8.86788 7.17624,
	8.86339 7.17624,
	8.84543 7.1639,
	8.82747 7.1493,
	8.8241 7.14481,
	8.82185 7.13583,
	8.82073 7.13134,
	8.81287 7.12349,
	8.80838 7.119,
	8.80614 7.11675,
	8.80614 7.09879,
	8.80614 7.08981,
	8.80614 7.08757,
	"/>
</Transform>

<Transform dim="1"
 xcoef=" 0.214732180905231 1 0 0 0 0"
 ycoef=" 0.021577393635077 0 1 0 0 0">
<Contour name="d020_cfa19" hidden="false" closed="false" simplified="false" border="0 1 0" fill="0 1 0" mode="11"
 points="9.24122 7.00133,
	9.27153 7.01031,
	9.3198 7.03052,
	9.37255 7.0597,
	9.4096 7.08664,
	9.43878 7.11695,
	9.46797 7.17083,
	"/>
</Transform>

<Transform dim="1"
 xcoef=" 0.214732180905231 1 0 0 0 0"
 ycoef=" 0.021577393635077 0 1 0 0 0">
<Contour name="d020_c19" hidden="false" closed="true" simplified="true" border="1 0 0" fill="1 0 0" mode="11"
 points="9.22596 7.07859,
	9.22933 7.04266,
	9.23045 7.0247,
	9.23157 7.01572,
	9.23157 7.01123,
	9.2428 6.99327,
	9.24729 6.98429,
	9.24953 6.98205,
	9.32137 7.00338,
	9.33933 7.00899,
	9.41117 7.05389,
	9.42913 7.06736,
	9.44709 7.0842,
	9.45607 7.09318,
	9.47291 7.1291,
	9.47516 7.14706,
	9.47628 7.15604,
	9.4774 7.16053,
	9.4426 7.18859,
	9.42464 7.20206,
	9.41679 7.21104,
	9.41454 7.21216,
	9.40556 7.20767,
	9.39658 7.20655,
	9.39209 7.20767,
	9.37413 7.20431,
	9.33821 7.19196,
	9.32025 7.18635,
	9.31127 7.18298,
	9.29331 7.17175,
	9.25739 7.14257,
	9.24953 7.13471,
	9.23943 7.11675,
	9.23157 7.09879,
	9.2282 7.08981,
	9.22596 7.08532,
	9.22596 7.08083,
	9.22596 7.07971,
	"/>
</Transform>

<Transform dim="1"
 xcoef=" 11.0930108669201 1 0 0 0 0"
 ycoef=" 14.1287184516795 0 1 0 0 0">
<Image mag="0.00201646" contrast="1.88565" brightness="-0.885" red="true" green="true" blue="true"
 src="142.tif_1.bmp" />
<Contour name="domain1" hidden="false" closed="true" simplified="false" border="1 0 1" fill="1 0 1" mode="11"
 points="0 0,
	16383 0,
	16383 16383,
	0 16383,
	"/>
</Transform>

<Transform dim="0"
 xcoef=" 0 1 0 0 0 0"
 ycoef=" 0 0 1 0 0 0">
<Contour name="d020_p21_branched" hidden="false" closed="true" simplified="true" border="1 1 0" fill="1 1 0" mode="11"
 points="8.42126 6.04833,
	8.4238 6.03478,
	8.4238 6.0314,
	8.42549 6.02801,
	8.42634 6.02124,
	8.42972 6.01447,
	8.42972 6.01278,
	8.43395 6.00601,
	8.43903 6.00093,
	8.44411 5.99416,
	8.45003 5.98908,
	8.45173 5.98739,
	8.45342 5.98739,
	8.46019 5.98316,
	8.46188 5.98316,
	8.46358 5.98146,
	8.47035 5.97977,
	8.49743 5.97808,
	8.51097 5.97808,
	8.51774 5.97893,
	8.53044 5.98908,
	8.53382 5.99247,
	8.5389 6.00516,
	8.54313 6.01109,
	8.54906 6.01616,
	8.55498 6.02294,
	8.55667 6.02378,
	8.5609 6.03732,
	8.56175 6.05086,
	8.56175 6.05764,
	8.55752 6.07118,
	8.55752 6.07287,
	8.55583 6.07456,
	8.55329 6.08133,
	8.54228 6.09233,
	8.53636 6.09741,
	8.53298 6.09995,
	8.53128 6.09995,
	8.51774 6.10842,
	8.50505 6.11434,
	8.49828 6.11603,
	8.47119 6.11519,
	8.46442 6.11519,
	8.45088 6.10926,
	8.43819 6.09911,
	8.43311 6.09233,
	8.43311 6.09064,
	8.42803 6.08472,
	8.42464 6.07795,
	8.42295 6.07456,
	8.42126 6.06102,
	8.42126 6.05425,
	8.42126 6.05086,
	8.42126 6.04917,
	"/>
</Transform>

</Section>