<?xml version="1.0"?>
<!DOCTYPE Section SYSTEM "section.dtd">

<Section index="55" thickness="0.052" alignLocked="true">
<Transform dim="3"
 xcoef=" 1.25541507810466 1.25456401399526 0 0 0 0"
 ycoef=" 0.798992645245861 0 1.25456401399526 0 0 0">
<Contour name="D019" hidden="false" closed="true" simplified="true" border="0 0 1" fill="0 0 1" mode="13"
 points="8.7825 6.17294,
	8.78509 6.1446,
	8.7928 6.11691,
	8.80545 6.09051,
	8.82276 6.06598,
	8.84432 6.04391,
	8.86965 6.02479,
	8.89816 6.00905,
	8.92921 5.99707,
	8.96208 5.98911,
	8.99602 5.98536,
	9.03026 5.98589,
	9.064 5.99071,
	9.09648 5.9997,
	9.12696 6.01265,
	9.15474 6.02927,
	9.17918 6.04917,
	9.19972 6.07191,
	9.2159 6.09695,
	9.22734 6.12374,
	9.23378 6.15165,
	9.23507 6.18005,
	9.23119 6.20829,
	9.22223 6.23571,
	9.20838 6.26171,
	9.18997 6.28567,
	9.16741 6.30705,
	9.14123 6.32536,
	9.11202 6.34019,
	9.08045 6.35119,
	9.04724 6.35811,
	9.01315 6.36079,
	8.97897 6.35918,
	8.94546 6.35331,
	8.91341 6.34331,
	8.88355 6.32941,
	8.85655 6.31193,
	8.83303 6.29127,
	8.81354 6.26791,
	8.79852 6.24237,
	8.78831 6.21524,
	"/>
</Transform>

<Transform dim="3"
 xcoef=" 1.25541507810466 1.25456401399526 0 0 0 0"
 ycoef=" 0.798992645245861 0 1.25456401399526 0 0 0">
<Contour name="D021" hidden="false" closed="true" simplified="true" border="0 0 1" fill="0 0 1" mode="13"
 points="8.24883 7.99393,
	8.25182 7.95449,
	8.26072 7.91607,
	8.2753 7.87966,
	8.29517 7.84622,
	8.31983 7.8166,
	8.34863 7.79158,
	8.38084 7.77179,
	8.4156 7.75776,
	8.45204 7.74985,
	8.48919 7.74825,
	8.52611 7.75302,
	8.56182 7.76403,
	8.59542 7.78099,
	8.62602 7.80347,
	8.65284 7.83088,
	8.67518 7.86252,
	8.69246 7.89755,
	8.70424 7.93508,
	8.7102 7.97414,
	8.7102 8.01371,
	8.70424 8.05277,
	8.69246 8.0903,
	8.67518 8.12534,
	8.65284 8.15697,
	8.62602 8.18438,
	8.59542 8.20686,
	8.56182 8.22382,
	8.52611 8.23483,
	8.48919 8.2396,
	8.45204 8.238,
	8.4156 8.23009,
	8.38084 8.21606,
	8.34863 8.19627,
	8.31983 8.17125,
	8.29517 8.14163,
	8.2753 8.10819,
	8.26072 8.07179,
	"/>
</Transform>

<Transform dim="3"
 xcoef=" 1.25541507810466 1.25456401399526 0 0 0 0"
 ycoef=" 0.798992645245861 0 1.25456401399526 0 0 0">
<Contour name="D023" hidden="false" closed="true" simplified="true" border="0 0 1" fill="0 0 1" mode="13"
 points="10.8368 5.00659,
	10.8373 4.98916,
	10.8389 4.97179,
	10.8416 4.95453,
	10.8453 4.93746,
	10.85 4.92061,
	10.8558 4.90406,
	10.8626 4.88785,
	10.8704 4.87205,
	10.8791 4.8567,
	10.8888 4.84186,
	10.8994 4.82757,
	10.9108 4.8139,
	10.923 4.80087,
	10.936 4.78854,
	10.9498 4.77695,
	10.9642 4.76613,
	10.9793 4.75613,
	10.995 4.74697,
	11.0112 4.7387,
	11.0279 4.73133,
	11.045 4.72489,
	11.0624 4.7194,
	11.0802 4.71489,
	11.0982 4.71136,
	11.1165 4.70884,
	11.1348 4.70732,
	11.1532 4.70681,
	11.1716 4.70732,
	11.1899 4.70884,
	11.2081 4.71136,
	11.2262 4.71489,
	11.2439 4.7194,
	11.2614 4.72489,
	11.2785 4.73133,
	11.2952 4.7387,
	11.3114 4.74697,
	11.3271 4.75613,
	11.3421 4.76613,
	11.3566 4.77695,
	11.3703 4.78854,
	11.3834 4.80087,
	11.3956 4.8139,
	11.407 4.82757,
	11.4176 4.84186,
	11.4272 4.8567,
	11.436 4.87205,
	11.4437 4.88785,
	11.4505 4.90406,
	11.4563 4.92061,
	11.4611 4.93746,
	11.4648 4.95453,
	11.4675 4.97179,
	11.4691 4.98916,
	11.4696 5.00659,
	11.4691 5.02402,
	11.4675 5.04139,
	11.4648 5.05865,
	11.4611 5.07572,
	11.4563 5.09257,
	11.4505 5.10912,
	11.4437 5.12533,
	11.436 5.14113,
	11.4272 5.15648,
	11.4176 5.17132,
	11.407 5.18561,
	11.3956 5.19929,
	11.3834 5.21231,
	11.3703 5.22464,
	11.3566 5.23624,
	11.3421 5.24705,
	11.3271 5.25705,
	11.3114 5.26621,
	11.2952 5.27448,
	11.2785 5.28185,
	11.2614 5.28829,
	11.2439 5.29378,
	11.2262 5.29829,
	11.2081 5.30182,
	11.1899 5.30434,
	11.1716 5.30586,
	11.1532 5.30637,
	11.1348 5.30586,
	11.1165 5.30434,
	11.0982 5.30182,
	11.0802 5.29829,
	11.0624 5.29378,
	11.045 5.28829,
	11.0279 5.28185,
	11.0112 5.27448,
	10.995 5.26621,
	10.9793 5.25705,
	10.9642 5.24705,
	10.9498 5.23624,
	10.936 5.22464,
	10.923 5.21231,
	10.9108 5.19929,
	10.8994 5.18561,
	10.8888 5.17132,
	10.8791 5.15648,
	10.8704 5.14113,
	10.8626 5.12533,
	10.8558 5.10912,
	10.85 5.09257,
	10.8453 5.07572,
	10.8416 5.05865,
	10.8389 5.04139,
	10.8373 5.02402,
	"/>
</Transform>

<Transform dim="3"
 xcoef=" 1.25541507810466 1.25456401399526 0 0 0 0"
 ycoef=" 0.798992645245861 0 1.25456401399526 0 0 0">
<Contour name="D024_edge" hidden="false" closed="true" simplified="true" border="0 0 1" fill="0 0 1" mode="13"
 points="15.379 12.4938,
	15.3798 12.4806,
	15.3823 12.4676,
	15.3864 12.4549,
	15.3922 12.4425,
	15.3995 12.4306,
	15.4082 12.4192,
	15.4184 12.4086,
	15.4298 12.3988,
	15.4425 12.3898,
	15.4562 12.3818,
	15.4709 12.3749,
	15.4864 12.3691,
	15.5026 12.3644,
	15.5193 12.361,
	15.5363 12.3588,
	15.5535 12.3578,
	15.5708 12.3581,
	15.588 12.3597,
	15.6049 12.3625,
	15.6213 12.3666,
	15.6371 12.3718,
	15.6523 12.3782,
	15.6665 12.3857,
	15.6797 12.3942,
	15.6918 12.4036,
	15.7026 12.4138,
	15.7121 12.4248,
	15.7201 12.4365,
	15.7266 12.4486,
	15.7316 12.4612,
	15.7349 12.4741,
	15.7365 12.4872,
	15.7365 12.5003,
	15.7349 12.5134,
	15.7316 12.5263,
	15.7266 12.5389,
	15.7201 12.5511,
	15.7121 12.5627,
	15.7026 12.5737,
	15.6918 12.5839,
	15.6797 12.5934,
	15.6665 12.6018,
	15.6523 12.6093,
	15.6371 12.6157,
	15.6213 12.6209,
	15.6049 12.625,
	15.588 12.6278,
	15.5708 12.6294,
	15.5535 12.6297,
	15.5363 12.6288,
	15.5193 12.6266,
	15.5026 12.6231,
	15.4864 12.6184,
	15.4709 12.6126,
	15.4562 12.6057,
	15.4425 12.5977,
	15.4298 12.5888,
	15.4184 12.5789,
	15.4082 12.5683,
	15.3995 12.557,
	15.3922 12.545,
	15.3864 12.5327,
	15.3823 12.5199,
	15.3798 12.5069,
	"/>
</Transform>

<Transform dim="3"
 xcoef=" 1.25541507810466 1.25456401399526 0 0 0 0"
 ycoef=" 0.798992645245861 0 1.25456401399526 0 0 0">
<Contour name="D025" hidden="false" closed="true" simplified="true" border="0 0 1" fill="0 0 1" mode="13"
 points="5.86635 5.27987,
	5.86725 5.25644,
	5.86996 5.23325,
	5.87443 5.21055,
	5.88063 5.18859,
	5.88848 5.1676,
	5.89791 5.1478,
	5.90881 5.12939,
	5.92107 5.11259,
	5.93456 5.09755,
	5.94913 5.08445,
	5.96464 5.07342,
	5.98091 5.06458,
	5.99777 5.05802,
	6.01505 5.05381,
	6.03257 5.052,
	6.05013 5.05261,
	6.06755 5.05562,
	6.08464 5.06101,
	6.10123 5.06872,
	6.11714 5.07867,
	6.1322 5.09075,
	6.14625 5.10484,
	6.15914 5.12078,
	6.17074 5.13841,
	6.18092 5.15754,
	6.18957 5.17796,
	6.1966 5.19947,
	6.20195 5.22182,
	6.20554 5.2448,
	6.20735 5.26814,
	6.20735 5.29161,
	6.20554 5.31495,
	6.20195 5.33793,
	6.1966 5.36028,
	6.18957 5.38179,
	6.18092 5.40221,
	6.17074 5.42134,
	6.15914 5.43897,
	6.14625 5.45491,
	6.1322 5.469,
	6.11714 5.48108,
	6.10123 5.49103,
	6.08464 5.49874,
	6.06755 5.50413,
	6.05013 5.50714,
	6.03257 5.50775,
	6.01505 5.50594,
	5.99777 5.50173,
	5.98091 5.49517,
	5.96464 5.48633,
	5.94913 5.4753,
	5.93456 5.4622,
	5.92107 5.44716,
	5.90881 5.43036,
	5.89791 5.41195,
	5.88848 5.39215,
	5.88063 5.37116,
	5.87443 5.3492,
	5.86996 5.3265,
	"/>
</Transform>

<Transform dim="3"
 xcoef=" 1.25541507810466 1.25456401399526 0 0 0 0"
 ycoef=" 0.798992645245861 0 1.25456401399526 0 0 0">
<Contour name="D026_edge" hidden="false" closed="true" simplified="true" border="0 0 1" fill="0 0 1" mode="13"
 points="3.82597 5.80388,
	3.82729 5.78689,
	3.83122 5.77,
	3.83775 5.75332,
	3.84683 5.73696,
	3.85841 5.72103,
	3.87241 5.70562,
	3.88875 5.69084,
	3.90732 5.67676,
	3.928 5.66349,
	3.95066 5.65111,
	3.97516 5.6397,
	4.00135 5.62932,
	4.02906 5.62004,
	4.05811 5.61193,
	4.08832 5.60503,
	4.11951 5.59939,
	4.15146 5.59505,
	4.18398 5.59202,
	4.21687 5.59033,
	4.24992 5.58999,
	4.28291 5.59101,
	4.31564 5.59337,
	4.34791 5.59706,
	4.3795 5.60205,
	4.41022 5.60833,
	4.43988 5.61584,
	4.46828 5.62454,
	4.49525 5.63437,
	4.52062 5.64528,
	4.54422 5.65719,
	4.56591 5.67002,
	4.58555 5.6837,
	4.60301 5.69815,
	4.61819 5.71326,
	4.63099 5.72894,
	4.64133 5.7451,
	4.64915 5.76162,
	4.65438 5.77842,
	4.65701 5.79538,
	4.65701 5.81239,
	4.65438 5.82934,
	4.64915 5.84614,
	4.64133 5.86267,
	4.63099 5.87883,
	4.61819 5.89451,
	4.60301 5.90962,
	4.58555 5.92406,
	4.56591 5.93774,
	4.54422 5.95058,
	4.52062 5.96249,
	4.49525 5.97339,
	4.46828 5.98322,
	4.43988 5.99192,
	4.41022 5.99944,
	4.3795 6.00571,
	4.34791 6.01071,
	4.31564 6.0144,
	4.28291 6.01676,
	4.24992 6.01777,
	4.21687 6.01744,
	4.18398 6.01575,
	4.15146 6.01272,
	4.11951 6.00837,
	4.08832 6.00273,
	4.05811 5.99583,
	4.02906 5.98772,
	4.00135 5.97845,
	3.97516 5.96807,
	3.95066 5.95665,
	3.928 5.94427,
	3.90732 5.931,
	3.88875 5.91693,
	3.87241 5.90214,
	3.85841 5.88673,
	3.84683 5.8708,
	3.83775 5.85444,
	3.83122 5.83777,
	3.82729 5.82088,
	"/>
</Transform>

<Transform dim="3"
 xcoef=" 1.25541507810466 1.25456401399526 0 0 0 0"
 ycoef=" 0.798992645245861 0 1.25456401399526 0 0 0">
<Contour name="D028" hidden="false" closed="true" simplified="true" border="0 0 1" fill="0 0 1" mode="13"
 points="10.989 9.58943,
	10.9918 9.57004,
	10.9999 9.55144,
	11.013 9.5344,
	11.0306 9.51961,
	11.052 9.50768,
	11.0762 9.4991,
	11.1024 9.49421,
	11.1294 9.49322,
	11.1561 9.49618,
	11.1815 9.50294,
	11.2044 9.51326,
	11.224 9.52668,
	11.2395 9.54268,
	11.2502 9.5606,
	11.2556 9.57969,
	11.2556 9.59918,
	11.2502 9.61827,
	11.2395 9.63619,
	11.224 9.65218,
	11.2044 9.66561,
	11.1815 9.67592,
	11.1561 9.68269,
	11.1294 9.68565,
	11.1024 9.68466,
	11.0762 9.67977,
	11.052 9.67119,
	11.0306 9.65926,
	11.013 9.64447,
	10.9999 9.62743,
	10.9918 9.60883,
	"/>
</Transform>

<Transform dim="3"
 xcoef=" 1.25541507810466 1.25456401399526 0 0 0 0"
 ycoef=" 0.798992645245861 0 1.25456401399526 0 0 0">
<Contour name="D029_edge" hidden="false" closed="true" simplified="true" border="0 0 1" fill="0 0 1" mode="13"
 points="12.5676 11.6094,
	12.5686 11.587,
	12.5717 11.5648,
	12.5767 11.5429,
	12.5837 11.5214,
	12.5926 11.5006,
	12.6034 11.4806,
	12.6159 11.4615,
	12.6301 11.4434,
	12.6459 11.4265,
	12.6632 11.4109,
	12.6818 11.3967,
	12.7017 11.3841,
	12.7226 11.373,
	12.7444 11.3636,
	12.767 11.356,
	12.7903 11.3502,
	12.8139 11.3462,
	12.8379 11.344,
	12.8619 11.3438,
	12.8859 11.3455,
	12.9097 11.349,
	12.933 11.3544,
	12.9558 11.3615,
	12.9779 11.3705,
	12.999 11.3812,
	13.0192 11.3934,
	13.0381 11.4072,
	13.0557 11.4225,
	13.0719 11.4391,
	13.0865 11.4568,
	13.0995 11.4757,
	13.1107 11.4955,
	13.1201 11.5162,
	13.1276 11.5375,
	13.1331 11.5593,
	13.1367 11.5814,
	13.1382 11.6038,
	13.1377 11.6262,
	13.1351 11.6484,
	13.1306 11.6704,
	13.1241 11.692,
	13.1157 11.713,
	13.1053 11.7332,
	13.0932 11.7526,
	13.0794 11.7709,
	13.064 11.7881,
	13.0471 11.8041,
	13.0288 11.8186,
	13.0092 11.8317,
	12.9886 11.8431,
	12.967 11.8529,
	12.9445 11.861,
	12.9214 11.8673,
	12.8979 11.8718,
	12.874 11.8744,
	12.8499 11.8751,
	12.8259 11.8739,
	12.8021 11.8708,
	12.7786 11.8659,
	12.7557 11.8592,
	12.7334 11.8506,
	12.712 11.8404,
	12.6916 11.8285,
	12.6724 11.8151,
	12.6544 11.8002,
	12.6378 11.784,
	12.6228 11.7665,
	12.6094 11.7478,
	12.5978 11.7283,
	12.5879 11.7078,
	12.5799 11.6867,
	12.5739 11.665,
	12.5699 11.6429,
	"/>
</Transform>

<Transform dim="3"
 xcoef=" 1.25541507810466 1.25456401399526 0 0 0 0"
 ycoef=" 0.798992645245861 0 1.25456401399526 0 0 0">
<Contour name="D030_oblique" hidden="false" closed="true" simplified="true" border="0 0 1" fill="0 0 1" mode="13"
 points="12.2137 7.10597,
	12.2146 7.09098,
	12.2171 7.07615,
	12.2214 7.06165,
	12.2272 7.04762,
	12.2347 7.03422,
	12.2436 7.0216,
	12.2539 7.00988,
	12.2655 6.9992,
	12.2782 6.98967,
	12.292 6.98139,
	12.3066 6.97446,
	12.322 6.96894,
	12.3378 6.9649,
	12.3541 6.96238,
	12.3706 6.96141,
	12.387 6.96199,
	12.4034 6.96413,
	12.4194 6.96779,
	12.4349 6.97294,
	12.4497 6.97953,
	12.4637 6.98748,
	12.4767 6.99671,
	12.4886 7.00711,
	12.4992 7.01858,
	12.5085 7.03099,
	12.5163 7.04421,
	12.5226 7.05809,
	12.5272 7.07249,
	12.5302 7.08725,
	12.5315 7.10221,
	12.5311 7.11721,
	12.5289 7.1321,
	12.5251 7.1467,
	12.5196 7.16086,
	12.5126 7.17443,
	12.504 7.18726,
	12.4941 7.19921,
	12.4828 7.21016,
	12.4703 7.21999,
	12.4568 7.22859,
	12.4424 7.23587,
	12.4272 7.24175,
	12.4114 7.24616,
	12.3952 7.24906,
	12.3788 7.25043,
	12.3623 7.25023,
	12.3459 7.24848,
	12.3298 7.2452,
	12.3142 7.24041,
	12.2992 7.23418,
	12.285 7.22656,
	12.2717 7.21765,
	12.2595 7.20753,
	12.2486 7.19631,
	12.2389 7.18413,
	12.2308 7.1711,
	12.2241 7.15737,
	12.219 7.14308,
	12.2156 7.1284,
	"/>
</Transform>

<Transform dim="3"
 xcoef=" 1.25541507810466 1.25456401399526 0 0 0 0"
 ycoef=" 0.798992645245861 0 1.25456401399526 0 0 0">
<Contour name="D031_oblique" hidden="false" closed="true" simplified="true" border="0 0 1" fill="0 0 1" mode="13"
 points="14.4123 7.40016,
	14.4144 7.37106,
	14.4203 7.34323,
	14.43 7.31788,
	14.4429 7.29613,
	14.4585 7.27893,
	14.4761 7.26703,
	14.495 7.26094,
	14.5143 7.26094,
	14.5332 7.26703,
	14.5508 7.27893,
	14.5664 7.29613,
	14.5793 7.31788,
	14.589 7.34323,
	14.5949 7.37106,
	14.5969 7.40016,
	14.5949 7.42927,
	14.589 7.4571,
	14.5793 7.48245,
	14.5664 7.5042,
	14.5508 7.5214,
	14.5332 7.5333,
	14.5143 7.53939,
	14.495 7.53939,
	14.4761 7.5333,
	14.4585 7.5214,
	14.4429 7.5042,
	14.43 7.48245,
	14.4203 7.4571,
	14.4144 7.42927,
	"/>
</Transform>

<Transform dim="3"
 xcoef=" 1.25541507810466 1.25456401399526 0 0 0 0"
 ycoef=" 0.798992645245861 0 1.25456401399526 0 0 0">
<Contour name="D032" hidden="false" closed="true" simplified="true" border="0 0 1" fill="0 0 1" mode="13"
 points="7.50944 4.93417,
	7.50986 4.91759,
	7.5111 4.90106,
	7.51317 4.88467,
	7.51606 4.86846,
	7.51975 4.85251,
	7.52423 4.83686,
	7.52948 4.82159,
	7.53549 4.80676,
	7.54223 4.79241,
	7.54968 4.7786,
	7.5578 4.76539,
	7.56657 4.75282,
	7.57595 4.74095,
	7.5859 4.72983,
	7.5964 4.71948,
	7.60739 4.70995,
	7.61883 4.70129,
	7.63069 4.69352,
	7.64292 4.68667,
	7.65546 4.68076,
	7.66827 4.67583,
	7.68131 4.67189,
	7.69452 4.66895,
	7.70785 4.66703,
	7.72125 4.66613,
	7.73467 4.66626,
	7.74806 4.66741,
	7.76137 4.66959,
	7.77454 4.67278,
	7.78752 4.67697,
	7.80027 4.68215,
	7.81274 4.68829,
	7.82488 4.69537,
	7.83664 4.70337,
	7.84798 4.71226,
	7.85885 4.72199,
	7.86921 4.73254,
	7.87902 4.74385,
	7.88825 4.7559,
	7.89686 4.76863,
	7.90482 4.782,
	7.91209 4.79595,
	7.91865 4.81042,
	7.92447 4.82537,
	7.92954 4.84074,
	7.93382 4.85647,
	7.93731 4.87249,
	7.93999 4.88875,
	7.94186 4.90519,
	7.9429 4.92173,
	7.9431 4.93832,
	7.94248 4.9549,
	7.94103 4.9714,
	7.93876 4.98775,
	7.93567 5.0039,
	7.93178 5.01978,
	7.9271 5.03534,
	7.92165 5.05051,
	7.91546 5.06523,
	7.90854 5.07945,
	7.90092 5.09311,
	7.89264 5.10616,
	7.88371 5.11856,
	7.87419 5.13025,
	7.86409 5.14118,
	7.85347 5.15133,
	7.84236 5.16064,
	7.83081 5.16909,
	7.81886 5.17663,
	7.80655 5.18325,
	7.79393 5.18891,
	7.78106 5.1936,
	7.76797 5.19729,
	7.75473 5.19997,
	7.74137 5.20164,
	7.72796 5.20228,
	7.71455 5.2019,
	7.70117 5.20049,
	7.6879 5.19806,
	7.67477 5.19461,
	7.66184 5.19017,
	7.64915 5.18475,
	7.63676 5.17837,
	7.62471 5.17106,
	7.61306 5.16284,
	7.60183 5.15374,
	7.59109 5.1438,
	7.58086 5.13305,
	7.57118 5.12155,
	7.56211 5.10933,
	7.55366 5.09643,
	7.54587 5.08292,
	7.53877 5.06883,
	7.5324 5.05423,
	7.52676 5.03917,
	7.52189 5.02371,
	7.5178 5.0079,
	7.51451 4.99181,
	7.51203 4.9755,
	7.51038 4.95903,
	"/>
</Transform>

<Transform dim="3"
 xcoef=" 1.25541507810466 1.25456401399526 0 0 0 0"
 ycoef=" 0.798992645245861 0 1.25456401399526 0 0 0">
<Contour name="D033" hidden="false" closed="true" simplified="true" border="0 0 1" fill="0 0 1" mode="13"
 points="14.4239 4.28842,
	14.4247 4.27588,
	14.427 4.26345,
	14.4308 4.25123,
	14.436 4.23934,
	14.4426 4.22788,
	14.4507 4.21693,
	14.46 4.20661,
	14.4705 4.197,
	14.4821 4.18817,
	14.4948 4.18022,
	14.5083 4.1732,
	14.5227 4.16718,
	14.5377 4.1622,
	14.5533 4.15833,
	14.5693 4.15557,
	14.5855 4.15397,
	14.6018 4.15353,
	14.6182 4.15426,
	14.6344 4.15615,
	14.6502 4.15919,
	14.6657 4.16335,
	14.6805 4.16858,
	14.6947 4.17486,
	14.7081 4.18212,
	14.7205 4.1903,
	14.7318 4.19933,
	14.7421 4.20913,
	14.7511 4.21961,
	14.7587 4.2307,
	14.765 4.24228,
	14.7699 4.25426,
	14.7733 4.26654,
	14.7752 4.27901,
	14.7756 4.29155,
	14.7745 4.30408,
	14.7718 4.31646,
	14.7677 4.3286,
	14.7621 4.3404,
	14.7551 4.35174,
	14.7467 4.36254,
	14.7371 4.37269,
	14.7263 4.38212,
	14.7144 4.39073,
	14.7015 4.39846,
	14.6877 4.40523,
	14.6732 4.411,
	14.658 4.4157,
	14.6423 4.4193,
	14.6263 4.42177,
	14.61 4.42308,
	14.5937 4.42322,
	14.5773 4.4222,
	14.5612 4.42002,
	14.5455 4.4167,
	14.5301 4.41227,
	14.5154 4.40677,
	14.5015 4.40025,
	14.4883 4.39275,
	14.4762 4.38435,
	14.4651 4.37512,
	14.4552 4.36514,
	14.4465 4.3545,
	14.4391 4.34328,
	14.4332 4.33159,
	14.4287 4.31952,
	14.4256 4.30719,
	"/>
</Transform>

<Transform dim="3"
 xcoef=" 1.25541507810466 1.25456401399526 0 0 0 0"
 ycoef=" 0.798992645245861 0 1.25456401399526 0 0 0">
<Contour name="D034" hidden="false" closed="true" simplified="true" border="0 0 1" fill="0 0 1" mode="13"
 points="11.6598 3.05688,
	11.6605 3.033,
	11.6624 3.00928,
	11.6656 2.98586,
	11.67 2.96287,
	11.6756 2.94048,
	11.6824 2.91881,
	11.6904 2.898,
	11.6994 2.87819,
	11.7095 2.85949,
	11.7205 2.84202,
	11.7324 2.82589,
	11.7452 2.81121,
	11.7587 2.79806,
	11.7728 2.78652,
	11.7875 2.77668,
	11.8027 2.76858,
	11.8183 2.76228,
	11.8342 2.75782,
	11.8503 2.75523,
	11.8664 2.75453,
	11.8826 2.7557,
	11.8986 2.75876,
	11.9144 2.76369,
	11.9299 2.77044,
	11.945 2.77898,
	11.9596 2.78925,
	11.9736 2.8012,
	11.987 2.81474,
	11.9995 2.82979,
	12.0112 2.84626,
	12.022 2.86405,
	12.0318 2.88304,
	12.0406 2.90311,
	12.0482 2.92415,
	12.0548 2.94601,
	12.0601 2.96857,
	12.0642 2.99168,
	12.0671 3.01519,
	12.0686 3.03896,
	12.069 3.06285,
	12.068 3.0867,
	12.0658 3.11036,
	12.0623 3.13369,
	12.0576 3.15654,
	12.0516 3.17877,
	12.0446 3.20023,
	12.0363 3.2208,
	12.027 3.24035,
	12.0167 3.25875,
	12.0055 3.2759,
	11.9933 3.29167,
	11.9804 3.30598,
	11.9667 3.31873,
	11.9524 3.32985,
	11.9376 3.33927,
	11.9222 3.34692,
	11.9066 3.35276,
	11.8906 3.35675,
	11.8745 3.35887,
	11.8584 3.35911,
	11.8422 3.35746,
	11.8263 3.35393,
	11.8105 3.34855,
	11.7951 3.34135,
	11.7801 3.33237,
	11.7657 3.32167,
	11.7518 3.30932,
	11.7387 3.29539,
	11.7263 3.27997,
	11.7149 3.26316,
	11.7043 3.24507,
	11.6947 3.22579,
	11.6863 3.20547,
	11.6789 3.18421,
	11.6727 3.16216,
	11.6676 3.13945,
	11.6638 3.11623,
	11.6613 3.09264,
	"/>
</Transform>

<Transform dim="3"
 xcoef=" 1.25541507810466 1.25456401399526 0 0 0 0"
 ycoef=" 0.798992645245861 0 1.25456401399526 0 0 0">
<Contour name="D035" hidden="false" closed="true" simplified="true" border="0 0 1" fill="0 0 1" mode="13"
 points="8.63829 4.05668,
	8.63902 4.04011,
	8.64124 4.02362,
	8.64491 4.00727,
	8.65004 3.99115,
	8.65658 3.97532,
	8.66453 3.95987,
	8.67383 3.94484,
	8.68444 3.93033,
	8.69633 3.91638,
	8.70943 3.90307,
	8.72369 3.89045,
	8.73904 3.87858,
	8.75541 3.86751,
	8.77273 3.8573,
	8.79092 3.84799,
	8.8099 3.83962,
	8.82958 3.83223,
	8.84987 3.82586,
	8.87069 3.82052,
	8.89194 3.81625,
	8.91351 3.81307,
	8.93532 3.81099,
	8.95727 3.81001,
	8.97926 3.81015,
	9.00118 3.8114,
	9.02294 3.81376,
	9.04444 3.81722,
	9.06559 3.82176,
	9.08629 3.82735,
	9.10644 3.83399,
	9.12595 3.84162,
	9.14474 3.85023,
	9.16272 3.85977,
	9.17981 3.8702,
	9.19593 3.88147,
	9.21101 3.89353,
	9.22499 3.90633,
	9.23779 3.91981,
	9.24937 3.93391,
	9.25966 3.94855,
	9.26862 3.96369,
	9.27622 3.97925,
	9.28241 3.99515,
	9.28718 4.01134,
	9.29049 4.02773,
	9.29233 4.04425,
	9.2927 4.06082,
	9.2916 4.07738,
	9.28902 4.09384,
	9.28498 4.11014,
	9.27949 4.12619,
	9.27259 4.14193,
	9.26431 4.15729,
	9.25467 4.17219,
	9.24374 4.18657,
	9.23154 4.20037,
	9.21814 4.21351,
	9.20361 4.22595,
	9.188 4.23762,
	9.17138 4.24848,
	9.15383 4.25847,
	9.13544 4.26755,
	9.11628 4.27567,
	9.09643 4.28281,
	9.076 4.28893,
	9.05507 4.294,
	9.03373 4.298,
	9.01209 4.30091,
	8.99023 4.30272,
	8.96827 4.30341,
	8.94629 4.30299,
	8.9244 4.30147,
	8.90269 4.29883,
	8.88127 4.2951,
	8.86022 4.2903,
	8.83966 4.28444,
	8.81966 4.27755,
	8.80032 4.26967,
	8.78172 4.26082,
	8.76396 4.25106,
	8.7471 4.24041,
	8.73123 4.22894,
	8.71642 4.21669,
	8.70273 4.20371,
	8.69023 4.19008,
	8.67897 4.17584,
	8.66901 4.16106,
	8.66038 4.14581,
	8.65313 4.13016,
	8.64729 4.11418,
	8.64289 4.09794,
	8.63995 4.08151,
	"/>
</Transform>

<Transform dim="3"
 xcoef=" 1.25541507810466 1.25456401399526 0 0 0 0"
 ycoef=" 0.798992645245861 0 1.25456401399526 0 0 0">
<Contour name="D036" hidden="false" closed="true" simplified="true" border="0 0 1" fill="0 0 1" mode="13"
 points="18.0205 4.66001,
	18.0224 4.63785,
	18.0281 4.61594,
	18.0375 4.59452,
	18.0506 4.57383,
	18.0671 4.5541,
	18.087 4.53555,
	18.1099 4.51839,
	18.1357 4.5028,
	18.1639 4.48897,
	18.1944 4.47704,
	18.2268 4.46715,
	18.2607 4.4594,
	18.2958 4.4539,
	18.3316 4.45069,
	18.3677 4.44981,
	18.4038 4.45127,
	18.4394 4.45506,
	18.4742 4.46113,
	18.5078 4.46942,
	18.5397 4.47983,
	18.5697 4.49225,
	18.5974 4.50654,
	18.6224 4.52254,
	18.6446 4.54007,
	18.6637 4.55893,
	18.6794 4.57892,
	18.6915 4.59982,
	18.7 4.62138,
	18.7048 4.64338,
	18.7058 4.66556,
	18.7029 4.68768,
	18.6963 4.70949,
	18.6859 4.73075,
	18.6719 4.75122,
	18.6546 4.77068,
	18.6339 4.7889,
	18.6103 4.80569,
	18.5838 4.82085,
	18.555 4.83422,
	18.524 4.84565,
	18.4912 4.85502,
	18.457 4.86221,
	18.4217 4.86714,
	18.3858 4.86977,
	18.3496 4.87007,
	18.3136 4.86802,
	18.2781 4.86366,
	18.2436 4.85702,
	18.2104 4.84819,
	18.1789 4.83727,
	18.1495 4.82437,
	18.1224 4.80964,
	18.0981 4.79324,
	18.0767 4.77536,
	18.0584 4.75619,
	18.0436 4.73595,
	18.0323 4.71487,
	18.0247 4.69317,
	"/>
</Transform>

<Transform dim="3"
 xcoef=" 1.25541507810466 1.25456401399526 0 0 0 0"
 ycoef=" 0.798992645245861 0 1.25456401399526 0 0 0">
<Contour name="D038_candidate" hidden="false" closed="true" simplified="true" border="0 1 1" fill="0 1 1" mode="11"
 points="9.10812 0.403233,
	9.11293 0.381606,
	9.12726 0.360498,
	9.15076 0.340417,
	9.18286 0.321845,
	9.2228 0.305228,
	9.26961 0.290965,
	9.32217 0.279398,
	9.37922 0.270806,
	9.43939 0.265395,
	9.50123 0.263295,
	9.56325 0.264557,
	9.62398 0.269149,
	9.68194 0.276962,
	9.73574 0.287808,
	9.7841 0.301427,
	9.82586 0.317491,
	9.86 0.335615,
	9.88571 0.355363,
	9.90237 0.37626,
	9.90958 0.397806,
	9.90718 0.419482,
	9.8952 0.440768,
	9.87395 0.461152,
	9.84394 0.480145,
	9.80587 0.49729,
	9.76068 0.512176,
	9.70944 0.524446,
	9.65339 0.533803,
	9.59387 0.540025,
	9.53231 0.542961,
	9.47019 0.54254,
	9.409 0.538773,
	9.35022 0.531751,
	9.29525 0.521641,
	9.24541 0.508687,
	9.20191 0.4932,
	9.16578 0.475553,
	9.13789 0.456168,
	9.11892 0.435511,
	"/>
</Transform>

<Transform dim="3"
 xcoef=" 1.25541507810466 1.25456401399526 0 0 0 0"
 ycoef=" 0.798992645245861 0 1.25456401399526 0 0 0">
<Contour name="D038_edge" hidden="false" closed="true" simplified="true" border="0 0 1" fill="0 0 1" mode="13"
 points="9.1254 0.722904,
	9.12714 0.701236,
	9.13237 0.67984,
	9.14101 0.658985,
	9.15295 0.638935,
	9.16804 0.61994,
	9.18609 0.60224,
	9.20688 0.586058,
	9.23014 0.571596,
	9.25558 0.559037,
	9.28289 0.548539,
	9.31171 0.540234,
	9.34169 0.534226,
	9.37245 0.530591,
	9.4036 0.529374,
	9.43474 0.530591,
	9.4655 0.534226,
	9.49548 0.540234,
	9.5243 0.548539,
	9.55161 0.559037,
	9.57705 0.571596,
	9.60031 0.586058,
	9.6211 0.60224,
	9.63915 0.61994,
	9.65425 0.638935,
	9.66618 0.658985,
	9.67482 0.67984,
	9.68005 0.701236,
	9.6818 0.722904,
	9.68005 0.744573,
	9.67482 0.765969,
	9.66618 0.786824,
	9.65425 0.806874,
	9.63915 0.825869,
	9.6211 0.843569,
	9.60031 0.859751,
	9.57705 0.874213,
	9.55161 0.886772,
	9.5243 0.89727,
	9.49548 0.905575,
	9.4655 0.911583,
	9.43474 0.915218,
	9.4036 0.916435,
	9.37245 0.915218,
	9.34169 0.911583,
	9.31171 0.905575,
	9.28289 0.89727,
	9.25558 0.886772,
	9.23014 0.874213,
	9.20688 0.859751,
	9.18609 0.843569,
	9.16804 0.825869,
	9.15295 0.806874,
	9.14101 0.786824,
	9.13237 0.765969,
	"/>
</Transform>

<Transform dim="3"
 xcoef=" 1.25541507810466 1.25456401399526 0 0 0 0"
 ycoef=" 0.798992645245861 0 1.25456401399526 0 0 0">
<Contour name="D039" hidden="false" closed="true" simplified="true" border="0 0 1" fill="0 0 1" mode="13"
 points="13.6706 3.97305,
	13.6732 3.94798,
	13.6807 3.92372,
	13.693 3.90105,
	13.7097 3.88069,
	13.7303 3.8633,
	13.754 3.84944,
	13.7801 3.83954,
	13.8078 3.83394,
	13.8361 3.83282,
	13.8643 3.83619,
	13.8913 3.84397,
	13.9163 3.8559,
	13.9385 3.87159,
	13.9572 3.89054,
	13.9718 3.91214,
	13.9817 3.9357,
	13.9868 3.96046,
	13.9868 3.98563,
	13.9817 4.01039,
	13.9718 4.03395,
	13.9572 4.05556,
	13.9385 4.07451,
	13.9163 4.0902,
	13.8913 4.10213,
	13.8643 4.1099,
	13.8361 4.11328,
	13.8078 4.11215,
	13.7801 4.10655,
	13.754 4.09666,
	13.7303 4.0828,
	13.7097 4.0654,
	13.693 4.04505,
	13.6807 4.02237,
	"/>
</Transform>

<Transform dim="3"
 xcoef=" 1.25541507810466 1.25456401399526 0 0 0 0"
 ycoef=" 0.798992645245861 0 1.25456401399526 0 0 0">
<Contour name="D040_edge" hidden="false" closed="true" simplified="true" border="0 0 1" fill="0 0 1" mode="13"
 points="8.51558 1.89552,
	8.51631 1.87657,
	8.51849 1.85772,
	8.52211 1.83906,
	8.52716 1.82071,
	8.5336 1.80275,
	8.5414 1.78527,
	8.55053 1.76838,
	8.56092 1.75216,
	8.57254 1.7367,
	8.58531 1.72207,
	8.59917 1.70836,
	8.61405 1.69563,
	8.62986 1.68396,
	8.64653 1.67341,
	8.66396 1.66403,
	8.68207 1.65586,
	8.70076 1.64897,
	8.71993 1.64337,
	8.73948 1.6391,
	8.7593 1.63618,
	8.7793 1.63463,
	8.79936 1.63446,
	8.81938 1.63567,
	8.83925 1.63824,
	8.85888 1.64217,
	8.87815 1.64744,
	8.89697 1.65402,
	8.91523 1.66187,
	8.93285 1.67095,
	8.94971 1.68122,
	8.96575 1.69262,
	8.98087 1.70508,
	8.99499 1.71855,
	9.00804 1.73296,
	9.01995 1.74822,
	9.03066 1.76426,
	9.0401 1.78099,
	9.04824 1.79833,
	9.05503 1.81618,
	9.06042 1.83444,
	9.06441 1.85303,
	9.06695 1.87184,
	9.06804 1.89078,
	9.06768 1.90974,
	9.06586 1.92863,
	9.06259 1.94734,
	9.0579 1.96578,
	9.05181 1.98385,
	9.04434 2.00146,
	9.03554 2.0185,
	9.02546 2.0349,
	9.01414 2.05056,
	9.00165 2.0654,
	8.98806 2.07935,
	8.97343 2.09233,
	8.95784 2.10427,
	8.94138 2.11511,
	8.92413 2.12479,
	8.90618 2.13326,
	8.88763 2.14048,
	8.86857 2.1464,
	8.84911 2.15101,
	8.82934 2.15426,
	8.80938 2.15615,
	8.78932 2.15667,
	8.76928 2.15581,
	8.74936 2.15358,
	8.72966 2.14998,
	8.71029 2.14505,
	8.69135 2.13879,
	8.67294 2.13126,
	8.65516 2.12248,
	8.63809 2.1125,
	8.62184 2.10138,
	8.60649 2.08918,
	8.59211 2.07595,
	8.57878 2.06177,
	8.56658 2.04672,
	8.55557 2.03086,
	8.5458 2.0143,
	8.53733 1.99711,
	8.53021 1.97938,
	8.52446 1.96121,
	8.52012 1.94269,
	8.51722 1.92392,
	"/>
</Transform>

<Transform dim="3"
 xcoef=" 1.25541507810466 1.25456401399526 0 0 0 0"
 ycoef=" 0.798992645245861 0 1.25456401399526 0 0 0">
<Contour name="D041_oblique" hidden="false" closed="true" simplified="true" border="0 0 1" fill="0 0 1" mode="13"
 points="18.2298 4.06932,
	18.2321 4.04357,
	18.2391 4.01822,
	18.2506 3.99368,
	18.2664 3.97033,
	18.2863 3.94854,
	18.31 3.92866,
	18.3371 3.91099,
	18.3671 3.89583,
	18.3997 3.8834,
	18.4342 3.8739,
	18.4702 3.86748,
	18.5071 3.86424,
	18.5442 3.86424,
	18.5811 3.86748,
	18.6171 3.8739,
	18.6517 3.8834,
	18.6842 3.89583,
	18.7143 3.91099,
	18.7414 3.92866,
	18.765 3.94854,
	18.785 3.97033,
	18.8008 3.99368,
	18.8123 4.01822,
	18.8192 4.04357,
	18.8216 4.06932,
	18.8192 4.09507,
	18.8123 4.12042,
	18.8008 4.14496,
	18.785 4.16831,
	18.765 4.1901,
	18.7414 4.20998,
	18.7143 4.22764,
	18.6842 4.24281,
	18.6517 4.25524,
	18.6171 4.26474,
	18.5811 4.27116,
	18.5442 4.27439,
	18.5071 4.27439,
	18.4702 4.27116,
	18.4342 4.26474,
	18.3997 4.25524,
	18.3671 4.24281,
	18.3371 4.22764,
	18.31 4.20998,
	18.2863 4.1901,
	18.2664 4.16831,
	18.2506 4.14496,
	18.2391 4.12042,
	"/>
</Transform>

<Transform dim="3"
 xcoef=" 1.25541507810466 1.25456401399526 0 0 0 0"
 ycoef=" 0.798992645245861 0 1.25456401399526 0 0 0">
<Contour name="D042_edge" hidden="false" closed="true" simplified="true" border="0 0 1" fill="0 0 1" mode="13"
 points="3.59587 5.17159,
	3.59853 5.14596,
	3.60647 5.1207,
	3.61957 5.0962,
	3.63765 5.07282,
	3.66042 5.05091,
	3.68755 5.0308,
	3.71864 5.01278,
	3.75323 4.99712,
	3.7908 4.98405,
	3.83079 4.97377,
	3.87261 4.96643,
	3.91563 4.96214,
	3.95922 4.96097,
	4.00274 4.96292,
	4.04552 4.96798,
	4.08694 4.97607,
	4.12638 4.98706,
	4.16325 5.0008,
	4.19701 5.01707,
	4.22715 5.03564,
	4.25323 5.05624,
	4.27486 5.07854,
	4.29171 5.10224,
	4.30354 5.12696,
	4.31017 5.15234,
	4.3115 5.17802,
	4.30751 5.20359,
	4.29827 5.22869,
	4.2839 5.25295,
	4.26462 5.27599,
	4.24072 5.29748,
	4.21256 5.3171,
	4.18055 5.33455,
	4.14517 5.34959,
	4.10694 5.36197,
	4.06644 5.37153,
	4.02426 5.37812,
	3.98103 5.38163,
	3.9374 5.38202,
	3.89401 5.37928,
	3.85151 5.37346,
	3.81053 5.36464,
	3.77167 5.35294,
	3.73553 5.33855,
	3.70263 5.32168,
	3.67346 5.30257,
	3.64846 5.28152,
	3.628 5.25883,
	3.61239 5.23485,
	3.60184 5.20993,
	"/>
</Transform>

<Transform dim="3"
 xcoef=" 1.25541507810466 1.25456401399526 0 0 0 0"
 ycoef=" 0.798992645245861 0 1.25456401399526 0 0 0">
<Contour name="D043" hidden="false" closed="true" simplified="true" border="0 0 1" fill="0 0 1" mode="13"
 points="3.03001 9.67641,
	3.0311 9.65098,
	3.03435 9.62579,
	3.03974 9.60109,
	3.04721 9.57712,
	3.05668 9.5541,
	3.06808 9.53226,
	3.08129 9.51181,
	3.09618 9.49295,
	3.1126 9.47585,
	3.13041 9.46068,
	3.14943 9.44759,
	3.16947 9.43671,
	3.19034 9.42813,
	3.21185 9.42194,
	3.23378 9.41821,
	3.25592 9.41696,
	3.27807 9.41821,
	3.3 9.42194,
	3.3215 9.42813,
	3.34238 9.43671,
	3.36242 9.44759,
	3.38143 9.46068,
	3.39924 9.47585,
	3.41567 9.49295,
	3.43056 9.51181,
	3.44376 9.53226,
	3.45516 9.5541,
	3.46464 9.57712,
	3.47211 9.60109,
	3.47749 9.62579,
	3.48075 9.65098,
	3.48184 9.67641,
	3.48075 9.70184,
	3.47749 9.72702,
	3.47211 9.75172,
	3.46464 9.77569,
	3.45516 9.79871,
	3.44376 9.82055,
	3.43056 9.841,
	3.41567 9.85986,
	3.39924 9.87696,
	3.38143 9.89213,
	3.36242 9.90522,
	3.34238 9.9161,
	3.3215 9.92468,
	3.3 9.93087,
	3.27807 9.9346,
	3.25592 9.93585,
	3.23378 9.9346,
	3.21185 9.93087,
	3.19034 9.92468,
	3.16947 9.9161,
	3.14943 9.90522,
	3.13041 9.89213,
	3.1126 9.87696,
	3.09618 9.85986,
	3.08129 9.841,
	3.06808 9.82055,
	3.05668 9.79871,
	3.04721 9.77569,
	3.03974 9.75172,
	3.03435 9.72702,
	"/>
</Transform>

<Transform dim="3"
 xcoef=" 1.25541507810466 1.25456401399526 0 0 0 0"
 ycoef=" 0.798992645245861 0 1.25456401399526 0 0 0">
<Contour name="D044" hidden="false" closed="true" simplified="true" border="0 0 1" fill="0 0 1" mode="13"
 points="8.6242 10.8853,
	8.62845 10.8644,
	8.64102 10.8444,
	8.66139 10.8261,
	8.68868 10.8103,
	8.72175 10.7977,
	8.7592 10.7888,
	8.79944 10.784,
	8.84077 10.7834,
	8.88144 10.7872,
	8.91974 10.7951,
	8.95405 10.8069,
	8.9829 10.8219,
	9.00509 10.8396,
	9.01968 10.8593,
	9.02604 10.8801,
	9.02391 10.9011,
	9.01338 10.9214,
	8.9949 10.9402,
	8.96924 10.9567,
	8.93749 10.9701,
	8.90099 10.98,
	8.8613 10.9859,
	8.82008 10.9875,
	8.77907 10.9848,
	8.74002 10.9779,
	8.70458 10.9671,
	8.67424 10.9528,
	8.65028 10.9357,
	8.63372 10.9164,
	"/>
</Transform>

<Transform dim="3"
 xcoef=" 1.25541507810466 1.25456401399526 0 0 0 0"
 ycoef=" 0.798992645245861 0 1.25456401399526 0 0 0">
<Contour name="D045_ASPINY_NOCANDIDATES" hidden="false" closed="true" simplified="true" border="0 0 1" fill="0 0 1" mode="13"
 points="5.18158 11.385,
	5.18234 11.3702,
	5.18459 11.3556,
	5.18834 11.3411,
	5.19355 11.3268,
	5.2002 11.313,
	5.20823 11.2996,
	5.2176 11.2868,
	5.22825 11.2745,
	5.24011 11.263,
	5.2531 11.2523,
	5.26714 11.2424,
	5.28215 11.2335,
	5.29801 11.2255,
	5.31465 11.2185,
	5.33193 11.2126,
	5.34976 11.2078,
	5.36803 11.2042,
	5.38661 11.2017,
	5.40538 11.2003,
	5.42423 11.2002,
	5.44304 11.2012,
	5.46168 11.2034,
	5.48003 11.2068,
	5.49798 11.2113,
	5.51542 11.217,
	5.53222 11.2237,
	5.54829 11.2314,
	5.56352 11.2401,
	5.57781 11.2498,
	5.59107 11.2603,
	5.60322 11.2716,
	5.61418 11.2836,
	5.62388 11.2963,
	5.63225 11.3096,
	5.63924 11.3233,
	5.64482 11.3375,
	5.64893 11.3519,
	5.65157 11.3666,
	5.6527 11.3813,
	5.65232 11.3961,
	5.65044 11.4109,
	5.64706 11.4254,
	5.64221 11.4397,
	5.63592 11.4537,
	5.62823 11.4672,
	5.61919 11.4802,
	5.60885 11.4925,
	5.59729 11.5042,
	5.58457 11.5151,
	5.57079 11.5252,
	5.55601 11.5344,
	5.54035 11.5427,
	5.5239 11.5499,
	5.50677 11.5561,
	5.48906 11.5611,
	5.4709 11.5651,
	5.45239 11.5679,
	5.43365 11.5695,
	5.41481 11.57,
	5.39598 11.5692,
	5.37729 11.5673,
	5.35885 11.5642,
	5.34079 11.56,
	5.32321 11.5546,
	5.30624 11.5482,
	5.28998 11.5407,
	5.27453 11.5322,
	5.26 11.5228,
	5.24647 11.5125,
	5.23403 11.5014,
	5.22277 11.4895,
	5.21275 11.477,
	5.20404 11.4638,
	5.1967 11.4502,
	5.19077 11.4362,
	5.18628 11.4218,
	5.18328 11.4072,
	"/>
</Transform>

<Transform dim="3"
 xcoef=" 1.25541507810466 1.25456401399526 0 0 0 0"
 ycoef=" 0.798992645245861 0 1.25456401399526 0 0 0">
<Contour name="D047" hidden="false" closed="true" simplified="true" border="0 0 1" fill="0 0 1" mode="13"
 points="7.41191 1.69923,
	7.41345 1.66618,
	7.41805 1.63356,
	7.42565 1.60178,
	7.43615 1.57125,
	7.44942 1.54235,
	7.46529 1.51547,
	7.48356 1.49093,
	7.50399 1.46907,
	7.52632 1.45015,
	7.55026 1.43442,
	7.57551 1.42208,
	7.60175 1.41328,
	7.62863 1.40815,
	7.65582 1.40675,
	7.68296 1.40909,
	7.70972 1.41514,
	7.73574 1.42483,
	7.76069 1.43804,
	7.78426 1.45459,
	7.80614 1.47427,
	7.82605 1.49683,
	7.84374 1.52198,
	7.85898 1.5494,
	7.87157 1.57874,
	7.88136 1.60963,
	7.88822 1.64165,
	7.89206 1.67442,
	7.89283 1.70751,
	7.89052 1.74048,
	7.88516 1.77293,
	7.87683 1.80444,
	7.86562 1.8346,
	7.85168 1.86303,
	7.83519 1.88936,
	7.81636 1.91325,
	7.79543 1.93441,
	7.77267 1.95255,
	7.74837 1.96745,
	7.72284 1.97892,
	7.69641 1.9868,
	7.66942 1.99101,
	7.64221 1.99147,
	7.61513 1.9882,
	7.58853 1.98123,
	7.56274 1.97065,
	7.5381 1.95659,
	7.51493 1.93923,
	7.49352 1.91881,
	7.47414 1.89557,
	7.45704 1.86982,
	7.44245 1.84188,
	7.43054 1.81212,
	7.42148 1.78092,
	7.41537 1.74866,
	"/>
</Transform>

<Transform dim="3"
 xcoef=" 1.25541507810466 1.25456401399526 0 0 0 0"
 ycoef=" 0.798992645245861 0 1.25456401399526 0 0 0">
<Contour name="D049" hidden="false" closed="true" simplified="true" border="0 0 1" fill="0 0 1" mode="13"
 points="10.7409 6.40589,
	10.7445 6.38385,
	10.7551 6.36248,
	10.7725 6.34243,
	10.7961 6.32431,
	10.8253 6.30866,
	10.859 6.29597,
	10.8963 6.28662,
	10.9361 6.28089,
	10.9771 6.27897,
	11.0181 6.28089,
	11.0579 6.28662,
	11.0952 6.29597,
	11.1289 6.30866,
	11.1581 6.32431,
	11.1817 6.34243,
	11.1991 6.36248,
	11.2097 6.38385,
	11.2133 6.40589,
	11.2097 6.42794,
	11.1991 6.44931,
	11.1817 6.46936,
	11.1581 6.48748,
	11.1289 6.50313,
	11.0952 6.51582,
	11.0579 6.52517,
	11.0181 6.5309,
	10.9771 6.53282,
	10.9361 6.5309,
	10.8963 6.52517,
	10.859 6.51582,
	10.8253 6.50313,
	10.7961 6.48748,
	10.7725 6.46936,
	10.7551 6.44931,
	10.7445 6.42794,
	"/>
</Transform>

<Transform dim="1"
 xcoef=" 1.05067837439932 1 0 0 0 0"
 ycoef=" 0.676868773799281 0 1 0 0 0">
<Contour name="D048_oblique" hidden="false" closed="true" simplified="true" border="0 0 1" fill="0 0 1" mode="13"
 points="12.7742 6.54645,
	12.775 6.52253,
	12.7777 6.4991,
	12.782 6.47667,
	12.7879 6.45568,
	12.7953 6.43659,
	12.804 6.41978,
	12.8138 6.40562,
	12.8246 6.39438,
	12.8361 6.38631,
	12.848 6.38158,
	12.8602 6.38029,
	12.8724 6.38245,
	12.8842 6.38803,
	12.8956 6.3969,
	12.9062 6.4089,
	12.9157 6.42375,
	12.9241 6.44116,
	12.9312 6.46077,
	12.9367 6.48216,
	12.9406 6.50489,
	12.9427 6.52848,
	12.9432 6.55245,
	12.9419 6.57629,
	12.9388 6.59952,
	12.9341 6.62163,
	12.9278 6.64219,
	12.9201 6.66074,
	12.9111 6.67692,
	12.901 6.69038,
	12.89 6.70085,
	12.8783 6.70809,
	12.8663 6.71197,
	12.8541 6.7124,
	12.842 6.70938,
	12.8303 6.70297,
	12.8191 6.69329,
	12.8088 6.68055,
	12.7994 6.66502,
	12.7914 6.64703,
	12.7848 6.62694,
	12.7796 6.60517,
	12.7762 6.58218,
	"/>
</Transform>

<Transform dim="1"
 xcoef=" 1.06067837439932 1 0 0 0 0"
 ycoef=" 0.646868773799281 0 1 0 0 0">
<Contour name="D048 sym cand 3" hidden="false" closed="true" simplified="true" border="0 1 1" fill="0 1 1" mode="11"
 points="12.9918 6.30736,
	12.9933 6.26261,
	12.9974 6.22225,
	13.0039 6.19021,
	13.012 6.16964,
	13.021 6.16256,
	13.03 6.16964,
	13.0382 6.19021,
	13.0446 6.22225,
	13.0488 6.26261,
	13.0502 6.30736,
	13.0488 6.35211,
	13.0446 6.39248,
	13.0382 6.42452,
	13.03 6.44509,
	13.021 6.45218,
	13.012 6.44509,
	13.0039 6.42452,
	12.9974 6.39248,
	"/>
</Transform>

<Transform dim="1"
 xcoef=" 0.213809467613816 1 0 0 0 0"
 ycoef=" 0.235493441530714 0 1 0 0 0">
<Contour name="D049 ax01" hidden="false" closed="true" simplified="false" border="0 1 1" fill="0 1 1" mode="-9"
 points="8.23023 4.59664,
	8.25054 4.57633,
	8.16931 4.49509,
	8.18961 4.47478,
	8.27085 4.55602,
	8.29116 4.53571,
	8.29116 4.59664,
	"/>
</Transform>

<Transform dim="1"
 xcoef=" 0.213809467613816 1 0 0 0 0"
 ycoef=" 0.235493441530714 0 1 0 0 0">
<Contour name="D051 edge" hidden="false" closed="true" simplified="true" border="0 0 1" fill="0 0 1" mode="13"
 points="9.97599 0.574962,
	9.98242 0.546955,
	10.0011 0.52169,
	10.0302 0.50164,
	10.0668 0.488767,
	10.1074 0.484331,
	10.148 0.488767,
	10.1846 0.50164,
	10.2137 0.52169,
	10.2324 0.546955,
	10.2388 0.574962,
	10.2324 0.602968,
	10.2137 0.628233,
	10.1846 0.648284,
	10.148 0.661157,
	10.1074 0.665592,
	10.0668 0.661157,
	10.0302 0.648284,
	10.0011 0.628233,
	"/>
</Transform>

<Transform dim="1"
 xcoef=" 0.213809467613816 1 0 0 0 0"
 ycoef=" 0.235493441530714 0 1 0 0 0">
<Contour name="D053_edge" hidden="false" closed="true" simplified="true" border="0 0 1" fill="0 0 1" mode="13"
 points="16.3513 1.89853,
	16.3539 1.87647,
	16.3615 1.85559,
	16.3737 1.83703,
	16.3899 1.82178,
	16.4091 1.81067,
	16.4304 1.8043,
	16.4526 1.80301,
	16.4744 1.80686,
	16.4948 1.81566,
	16.5127 1.82893,
	16.5269 1.84595,
	16.5369 1.86581,
	16.542 1.88742,
	16.542 1.90964,
	16.5369 1.93126,
	16.5269 1.95111,
	16.5127 1.96813,
	16.4948 1.9814,
	16.4744 1.9902,
	16.4526 1.99406,
	16.4304 1.99277,
	16.4091 1.98639,
	16.3899 1.97529,
	16.3737 1.96004,
	16.3615 1.94148,
	"/>
</Transform>

<Transform dim="1"
 xcoef=" 0.213809467613816 1 0 0 0 0"
 ycoef=" 0.235493441530714 0 1 0 0 0">
<Contour name="D055" hidden="false" closed="true" simplified="true" border="0 0 1" fill="0 0 1" mode="13"
 points="1.06997 1.21482,
	1.07561 1.18274,
	1.09203 1.15351,
	1.11777 1.12973,
	1.15055 1.11351,
	1.18745 1.10629,
	1.22519 1.10872,
	1.26042 1.12057,
	1.29001 1.1408,
	1.31133 1.1676,
	1.32249 1.1986,
	1.32249 1.23104,
	1.31133 1.26204,
	1.29001 1.28884,
	1.26042 1.30907,
	1.22519 1.32092,
	1.18745 1.32335,
	1.15055 1.31613,
	1.11777 1.29991,
	1.09203 1.27613,
	"/>
</Transform>

<Transform dim="1"
 xcoef=" 0.213809467613816 1 0 0 0 0"
 ycoef=" 0.235493441530714 0 1 0 0 0">
<Contour name="D028 sym cand 1" hidden="false" closed="true" simplified="true" border="0 1 1" fill="0 1 1" mode="11"
 points="7.79615 6.90413,
	7.79834 6.89294,
	7.80488 6.88197,
	7.81564 6.87141,
	7.83042 6.86148,
	7.84893 6.85236,
	7.87083 6.84423,
	7.89569 6.83724,
	7.92304 6.83152,
	7.95236 6.82718,
	7.9831 6.82431,
	8.01467 6.82296,
	8.04646 6.82315,
	8.07788 6.82489,
	8.10831 6.82813,
	8.1372 6.83282,
	8.16397 6.83887,
	8.18814 6.84616,
	8.20922 6.85456,
	8.22683 6.86389,
	8.24063 6.874,
	8.25035 6.88468,
	8.25581 6.89573,
	8.25691 6.90694,
	8.25362 6.91809,
	8.24601 6.92898,
	8.23422 6.9394,
	8.21848 6.94914,
	8.19909 6.95803,
	8.17641 6.96589,
	8.15088 6.97258,
	8.12299 6.97796,
	8.09325 6.98194,
	8.06225 6.98443,
	8.03057 6.9854,
	7.99882 6.98482,
	7.96759 6.9827,
	7.93749 6.97909,
	7.90908 6.97405,
	7.88291 6.96768,
	7.85948 6.9601,
	7.83923 6.95145,
	7.82254 6.9419,
	7.80975 6.93164,
	7.80107 6.92085,
	"/>
</Transform>

<Transform dim="1"
 xcoef=" 0.213809467613816 1 0 0 0 0"
 ycoef=" 0.235493441530714 0 1 0 0 0">
<Contour name="D020_ax01" hidden="false" closed="true" simplified="false" border="0 1 1" fill="0 1 1" mode="11"
 points="10.947 7.70648,
	10.9577 7.69573,
	10.9148 7.65274,
	10.9255 7.642,
	10.9685 7.68498,
	10.9792 7.67424,
	10.9792 7.70648,
	"/>
</Transform>

<Transform dim="1"
 xcoef=" 0.213809467613816 1 0 0 0 0"
 ycoef=" 0.235493441530714 0 1 0 0 0">
<Contour name="D028_ax01_SPINE" hidden="false" closed="true" simplified="false" border="0 1 1" fill="0 1 1" mode="11"
 points="7.90778 6.66043,
	7.92204 6.64617,
	7.865 6.58913,
	7.87926 6.57487,
	7.9363 6.63191,
	7.95056 6.61765,
	7.95056 6.66043,
	"/>
</Transform>

<Transform dim="1"
 xcoef=" 0.213809467613816 1 0 0 0 0"
 ycoef=" 0.235493441530714 0 1 0 0 0">
<Contour name="D046" hidden="false" closed="true" simplified="true" border="0 0 1" fill="0 0 1" mode="13"
 points="11.3238 1.75935,
	11.3242 1.74892,
	11.3256 1.73859,
	11.3278 1.72848,
	11.3309 1.7187,
	11.3348 1.70935,
	11.3395 1.70054,
	11.3449 1.69234,
	11.351 1.68486,
	11.3577 1.67816,
	11.365 1.67233,
	11.3727 1.66742,
	11.3808 1.66348,
	11.3891 1.66056,
	11.3977 1.65868,
	11.4064 1.65788,
	11.4152 1.65815,
	11.4238 1.65949,
	11.4323 1.66189,
	11.4406 1.66532,
	11.4485 1.66975,
	11.456 1.67513,
	11.463 1.68141,
	11.4694 1.68851,
	11.4751 1.69636,
	11.4802 1.70487,
	11.4845 1.71397,
	11.488 1.72355,
	11.4906 1.7335,
	11.4924 1.74373,
	11.4933 1.75413,
	11.4933 1.76458,
	11.4924 1.77497,
	11.4906 1.7852,
	11.488 1.79516,
	11.4845 1.80474,
	11.4802 1.81383,
	11.4751 1.82235,
	11.4694 1.8302,
	11.463 1.8373,
	11.456 1.84357,
	11.4485 1.84895,
	11.4406 1.85338,
	11.4323 1.85682,
	11.4238 1.85922,
	11.4152 1.86056,
	11.4064 1.86083,
	11.3977 1.86002,
	11.3891 1.85815,
	11.3808 1.85523,
	11.3727 1.85129,
	11.365 1.84638,
	11.3577 1.84054,
	11.351 1.83385,
	11.3449 1.82636,
	11.3395 1.81817,
	11.3348 1.80935,
	11.3309 1.8,
	11.3278 1.79022,
	11.3256 1.78012,
	"/>
</Transform>

<Transform dim="1"
 xcoef=" 0.213809467613816 1 0 0 0 0"
 ycoef=" 0.235493441530714 0 1 0 0 0">
<Contour name="d046_o13" hidden="false" closed="true" simplified="false" border="1 0 0" fill="1 0 0" mode="-13"
 points="11.6898 1.42097,
	11.7174 1.42097,
	11.7036 1.44621,
	"/>
</Transform>

<Transform dim="1"
 xcoef=" 0.213809467613816 1 0 0 0 0"
 ycoef=" 0.235493441530714 0 1 0 0 0">
<Contour name="d046_o14" hidden="false" closed="true" simplified="false" border="1 0 0" fill="1 0 0" mode="-13"
 points="11.4971 1.71931,
	11.5246 1.71931,
	11.5108 1.74455,
	"/>
</Transform>

<Transform dim="1"
 xcoef=" 0.0920901161440047 1 0 0 0 0"
 ycoef=" -0.512211146069559 0 1 0 0 0">
<Contour name="d046_p13" hidden="false" closed="true" simplified="true" border="1 1 0" fill="1 1 0" mode="11"
 points="11.3732 0.397466,
	11.3737 0.392591,
	11.3737 0.390153,
	11.3737 0.389544,
	11.3758 0.384669,
	11.3784 0.379794,
	11.3926 0.360294,
	11.3958 0.355419,
	11.4077 0.335919,
	11.4104 0.331044,
	11.4116 0.328606,
	11.4133 0.326169,
	11.4139 0.325559,
	11.4164 0.320684,
	11.4196 0.315809,
	11.4212 0.313372,
	11.424 0.308497,
	11.4284 0.303622,
	11.4308 0.301337,
	11.4321 0.30027,
	11.4418 0.294786,
	11.4442 0.293719,
	11.4467 0.29311,
	11.4479 0.292805,
	11.4674 0.297376,
	11.4723 0.298442,
	11.4771 0.299204,
	11.4796 0.299356,
	11.482 0.300575,
	11.4869 0.301946,
	11.4893 0.302251,
	11.4942 0.304993,
	11.4966 0.305755,
	11.4979 0.306059,
	11.4991 0.306669,
	11.5015 0.307126,
	11.5021 0.307126,
	11.507 0.308954,
	11.5168 0.313524,
	11.5216 0.315809,
	11.5411 0.335157,
	11.5436 0.337594,
	11.5533 0.345821,
	11.5582 0.34963,
	11.5631 0.3542,
	11.5654 0.356637,
	11.5664 0.357856,
	11.5692 0.362731,
	11.5714 0.367606,
	11.5724 0.370044,
	11.5748 0.379794,
	11.5788 0.399294,
	11.5798 0.404169,
	11.5817 0.409044,
	11.5841 0.413919,
	11.5847 0.415138,
	11.5944 0.424278,
	11.5993 0.428544,
	11.6042 0.432352,
	11.6139 0.441493,
	11.6164 0.443778,
	11.6251 0.453528,
	11.626 0.454747,
	11.6275 0.459622,
	11.6278 0.460231,
	11.6293 0.469981,
	11.6299 0.474856,
	11.6303 0.477294,
	11.629 0.496794,
	11.6286 0.506544,
	11.6303 0.526044,
	11.6359 0.545544,
	11.6388 0.555294,
	11.6403 0.560169,
	11.6421 0.565044,
	11.643 0.567482,
	11.6435 0.5687,
	11.6499 0.57845,
	11.6516 0.580888,
	11.6537 0.583325,
	11.6548 0.584392,
	11.6743 0.592771,
	11.6792 0.594904,
	11.6816 0.595818,
	11.6913 0.594447,
	11.6962 0.593989,
	11.6987 0.593837,
	11.6999 0.593837,
	11.7005 0.593685,
	11.7011 0.593837,
	11.6621 0.605568,
	11.6572 0.606634,
	11.6182 0.61288,
	11.6085 0.614556,
	11.5695 0.619888,
	11.5597 0.621259,
	11.5402 0.621716,
	11.5305 0.621716,
	11.5256 0.621868,
	11.5244 0.621868,
	11.5238 0.621868,
	11.5235 0.621716,
	11.5239 0.620497,
	11.5241 0.619888,
	11.5242 0.619583,
	11.5241 0.618365,
	11.5244 0.61349,
	11.5248 0.611052,
	11.5216 0.572052,
	11.5216 0.570833,
	11.5189 0.565958,
	11.5186 0.565349,
	11.5088 0.55697,
	11.5076 0.555903,
	11.5064 0.555142,
	11.504 0.554228,
	11.4845 0.550114,
	11.465 0.546306,
	11.4601 0.545392,
	11.4589 0.545239,
	11.4491 0.542193,
	11.4467 0.541278,
	11.4369 0.536708,
	11.4321 0.534575,
	11.4272 0.531985,
	11.4247 0.530767,
	11.415 0.524368,
	11.4101 0.521017,
	11.4077 0.519341,
	11.3979 0.509591,
	11.3956 0.507153,
	11.3879 0.497403,
	11.3813 0.487653,
	11.3795 0.482778,
	11.3787 0.48156,
	11.3783 0.48095,
	11.3771 0.4712,
	11.3766 0.466325,
	11.3764 0.463888,
	11.3755 0.459013,
	11.3752 0.456575,
	11.3748 0.446825,
	11.3752 0.437075,
	11.3761 0.427325,
	11.3742 0.407825,
	11.3736 0.40295,
	11.3732 0.398075,
	11.3732 0.397618,
	"/>
</Transform>

<Transform dim="1"
 xcoef=" 0.308456528064041 1 0 0 0 0"
 ycoef=" 0.0841834508895176 0 1 0 0 0">
<Contour name="d046_checked" hidden="false" closed="true" simplified="false" border="0 1 0" fill="0 1 0" mode="-13"
 points="11.7887 1.28735,
	11.7947 1.279,
	11.7887 1.27066,
	11.7923 1.27066,
	11.797 1.27781,
	11.8018 1.27066,
	11.8054 1.27066,
	11.7994 1.279,
	11.8054 1.28735,
	11.8018 1.28735,
	11.797 1.2802,
	11.7923 1.28735,
	"/>
</Transform>

<Transform dim="1"
 xcoef=" 0.308456528064041 1 0 0 0 0"
 ycoef=" 0.0841834508895176 0 1 0 0 0">
<Contour name="d046" hidden="false" closed="true" simplified="true" border="1 1 0" fill="1 1 0" mode="11"
 points="11.0799 1.59238,
	11.0847 1.5857,
	11.0999 1.5733,
	11.1152 1.55899,
	11.1228 1.55231,
	11.1534 1.53418,
	11.1572 1.53228,
	11.1724 1.51987,
	11.1801 1.51415,
	11.1877 1.51033,
	11.2182 1.50079,
	11.2335 1.49602,
	11.2411 1.49411,
	11.2564 1.48743,
	11.264 1.48171,
	11.2717 1.47789,
	11.2793 1.47121,
	11.2946 1.46167,
	11.3022 1.4569,
	11.3175 1.4445,
	11.348 1.42828,
	11.3556 1.42446,
	11.3862 1.41397,
	11.39 1.41111,
	11.3919 1.41111,
	11.4071 1.3987,
	11.4129 1.39107,
	11.4157 1.38725,
	11.4176 1.38534,
	11.4176 1.38344,
	11.431 1.36913,
	11.4463 1.35958,
	11.4615 1.35672,
	11.4634 1.35672,
	11.4787 1.36626,
	11.5398 1.39966,
	11.555 1.40824,
	11.5627 1.41301,
	11.5655 1.41588,
	11.5665 1.41969,
	11.5693 1.42351,
	11.5741 1.43877,
	11.576 1.45404,
	11.5779 1.45595,
	11.5798 1.47121,
	11.5856 1.48648,
	11.5875 1.49411,
	11.5875 1.49793,
	11.5932 1.51319,
	11.5951 1.52083,
	11.597 1.58189,
	11.5961 1.70401,
	11.5999 1.73454,
	11.5989 1.74981,
	11.5961 1.76507,
	11.5942 1.77271,
	11.5932 1.78797,
	11.5903 1.80324,
	11.5903 1.81087,
	11.5856 1.82614,
	11.5808 1.83377,
	11.5779 1.8414,
	11.5732 1.84903,
	11.5693 1.8519,
	11.5617 1.84903,
	11.5598 1.84999,
	11.5608 1.85094,
	11.5598 1.8519,
	11.556 1.84808,
	11.5255 1.83281,
	11.4949 1.82232,
	11.4873 1.82137,
	11.4797 1.8185,
	11.4186 1.81373,
	11.3881 1.80801,
	11.327 1.80133,
	11.3117 1.79942,
	11.2812 1.80133,
	11.2736 1.80228,
	11.243 1.79561,
	11.2278 1.79274,
	11.2201 1.79179,
	11.1591 1.77175,
	11.1438 1.76317,
	11.14 1.76126,
	11.1324 1.75458,
	11.1295 1.75076,
	11.1152 1.6897,
	11.1152 1.68207,
	11.1209 1.6668,
	11.1257 1.65917,
	11.1276 1.65154,
	11.1286 1.64772,
	11.1295 1.64581,
	11.1247 1.63913,
	11.0942 1.6191,
	11.0818 1.60479,
	11.0808 1.59715,
	11.0799 1.59334,
	"/>
</Transform>

<Transform dim="1"
 xcoef=" 0.308456528064041 1 0 0 0 0"
 ycoef=" 0.0841834508895176 0 1 0 0 0">
<Contour name="d046" hidden="false" closed="true" simplified="true" border="1 1 0" fill="1 1 0" mode="11"
 points="11.3051 1.52369,
	11.306 1.49316,
	11.307 1.47789,
	11.3108 1.46263,
	11.3146 1.45499,
	11.3261 1.43973,
	11.3413 1.43019,
	11.3489 1.42732,
	11.3566 1.42637,
	11.3604 1.42542,
	11.3623 1.42351,
	11.3661 1.42255,
	11.3967 1.39966,
	11.4119 1.3863,
	11.4186 1.37962,
	11.4339 1.37008,
	11.4415 1.36531,
	11.4568 1.36054,
	11.4606 1.35958,
	11.4644 1.35672,
	11.4949 1.34813,
	11.5255 1.33669,
	11.556 1.32714,
	11.5865 1.32237,
	11.617 1.32142,
	11.6323 1.31951,
	11.6476 1.3157,
	11.6781 1.30329,
	11.6819 1.30138,
	11.7115 1.27085,
	11.7239 1.25654,
	11.7325 1.24128,
	11.7392 1.22601,
	11.7382 1.22219,
	11.7401 1.21456,
	11.742 1.21075,
	11.7497 1.20502,
	11.7649 1.19643,
	11.7726 1.19262,
	11.8031 1.18403,
	11.8184 1.18021,
	11.8489 1.17831,
	11.8642 1.17831,
	11.8718 1.17831,
	11.8871 1.18403,
	11.8947 1.18689,
	11.91 1.1888,
	11.9252 1.19548,
	11.9329 1.20025,
	11.9367 1.20311,
	11.9519 1.23364,
	11.9586 1.24891,
	11.9605 1.25654,
	11.9615 1.26036,
	11.9682 1.26799,
	11.9758 1.27181,
	11.9911 1.27562,
	11.9987 1.27658,
	12.014 1.27467,
	12.0216 1.27372,
	12.0292 1.27562,
	12.0359 1.2823,
	12.0388 1.28612,
	12.0388 1.29375,
	12.0445 1.30902,
	12.0597 1.32237,
	12.0712 1.33764,
	12.076 1.34527,
	12.0903 1.36054,
	12.1122 1.39107,
	12.117 1.3987,
	12.1237 1.40633,
	12.1275 1.40824,
	12.1351 1.41492,
	12.1504 1.42351,
	12.158 1.42732,
	12.1886 1.43591,
	12.2038 1.43877,
	12.2115 1.43973,
	12.2267 1.44736,
	12.2343 1.45404,
	12.2401 1.46167,
	12.2506 1.4922,
	12.2811 1.55327,
	12.2925 1.5838,
	12.2954 1.59143,
	12.2973 1.59525,
	12.2992 1.62578,
	12.3002 1.64104,
	12.3002 1.64867,
	12.303 1.66394,
	12.3145 1.69447,
	12.3221 1.725,
	12.324 1.75553,
	12.324 1.78606,
	12.3269 1.8166,
	12.3336 1.84713,
	12.3383 1.86239,
	12.3412 1.87002,
	12.3507 1.93109,
	12.3527 1.93872,
	12.3612 1.95398,
	12.367 1.96925,
	12.3698 1.98452,
	12.3727 1.99215,
	12.3736 2.00741,
	12.3708 2.02268,
	12.3641 2.03795,
	12.3355 2.06561,
	12.3107 2.09614,
	12.2906 2.12668,
	12.2792 2.14194,
	12.2639 2.15244,
	12.2487 2.15911,
	12.2334 2.16389,
	12.2296 2.16579,
	12.2219 2.16675,
	12.2067 2.17438,
	12.199 2.17915,
	12.1685 2.20968,
	12.1609 2.21731,
	12.1456 2.2259,
	12.1151 2.23449,
	12.054 2.24594,
	12.0235 2.25071,
	12.0082 2.25262,
	11.9472 2.25357,
	11.9166 2.25452,
	11.8861 2.2612,
	11.8556 2.26407,
	11.8403 2.26407,
	11.825 2.25929,
	11.8098 2.25834,
	11.7792 2.25071,
	11.764 2.24308,
	11.7478 2.21254,
	11.7392 2.19728,
	11.7287 2.18201,
	11.7249 2.17438,
	11.7182 2.16675,
	11.7144 2.16293,
	11.7001 2.1324,
	11.6934 2.11713,
	11.6752 2.05607,
	11.6714 2.04844,
	11.6695 2.03317,
	11.6514 1.97211,
	11.639 1.94158,
	11.6285 1.92632,
	11.6027 1.89578,
	11.5903 1.88052,
	11.576 1.86621,
	11.5684 1.85953,
	11.5531 1.8519,
	11.5388 1.83949,
	11.535 1.83568,
	11.5312 1.83472,
	11.5274 1.83186,
	11.4663 1.81946,
	11.4587 1.81755,
	11.4549 1.81469,
	11.451 1.81469,
	11.4434 1.81182,
	11.4396 1.80896,
	11.432 1.8061,
	11.4243 1.80133,
	11.4167 1.79847,
	11.3881 1.76889,
	11.3623 1.73836,
	11.3594 1.73454,
	11.3585 1.73073,
	11.3528 1.72309,
	11.3451 1.70783,
	11.3423 1.70401,
	11.3413 1.7002,
	11.3385 1.69638,
	11.3375 1.69256,
	11.3346 1.68875,
	11.3146 1.62768,
	11.3079 1.59715,
	11.3051 1.53609,
	11.3051 1.52846,
	11.3051 1.52464,
	"/>
</Transform>

<Transform dim="1"
 xcoef=" 0.308456528064041 1 0 0 0 0"
 ycoef=" 0.0841834508895176 0 1 0 0 0">
<Contour name="d046_checked" hidden="false" closed="true" simplified="false" border="0 1 0" fill="0 1 0" mode="-13"
 points="11.5971 1.58549,
	11.6025 1.57793,
	11.5971 1.57036,
	11.6003 1.57036,
	11.6046 1.57684,
	11.6089 1.57036,
	11.6122 1.57036,
	11.6068 1.57793,
	11.6122 1.58549,
	11.6089 1.58549,
	11.6046 1.57901,
	11.6003 1.58549,
	"/>
</Transform>

<Transform dim="1"
 xcoef=" 0.308456528064041 1 0 0 0 0"
 ycoef=" 0.0841834508895176 0 1 0 0 0">
<Contour name="D046_ax01" hidden="false" closed="true" simplified="false" border="0 1 1" fill="0 1 1" mode="-11"
 points="15.4162 0.835978,
	15.4305 0.821692,
	15.3733 0.76455,
	15.3876 0.750265,
	15.4448 0.807407,
	15.459 0.793121,
	15.459 0.835978,
	"/>
</Transform>

<Transform dim="1"
 xcoef=" 0.308456528064041 1 0 0 0 0"
 ycoef=" 0.0841834508895176 0 1 0 0 0">
<Contour name="D046 ax01??" hidden="false" closed="true" simplified="false" border="1 1 0" fill="1 1 0" mode="11"
 points="8.15815 5.756,
	8.13392 5.756,
	8.13392 5.76812,
	8.14603 5.78024,
	8.18238 5.79235,
	8.15815 5.80447,
	8.14603 5.8287,
	8.1218 5.80447,
	8.10968 5.78024,
	8.10968 5.756,
	8.08545 5.756,
	8.1218 5.73177,
	"/>
</Transform>

<Transform dim="1"
 xcoef=" 0.308456528064041 1 0 0 0 0"
 ycoef=" 0.0841834508895176 0 1 0 0 0">
<Contour name="D037" hidden="false" closed="true" simplified="true" border="0 0 1" fill="0 0 1" mode="11"
 points="14.6672 1.10137,
	14.6689 1.08344,
	14.6741 1.06638,
	14.6823 1.05101,
	14.6934 1.03808,
	14.7066 1.02821,
	14.7214 1.02189,
	14.7371 1.01941,
	14.7529 1.0209,
	14.768 1.02628,
	14.7817 1.0353,
	14.7933 1.04752,
	14.8023 1.06234,
	14.8083 1.07906,
	14.8109 1.09685,
	14.81 1.11486,
	14.8057 1.13222,
	14.7982 1.14809,
	14.7878 1.16169,
	14.775 1.17237,
	14.7606 1.17962,
	14.745 1.18308,
	14.7292 1.18258,
	14.7139 1.17815,
	14.6998 1.17001,
	14.6876 1.15854,
	14.6778 1.1443,
	14.6711 1.12799,
	"/>
</Transform>

<Transform dim="1"
 xcoef=" 0.308456528064041 1 0 0 0 0"
 ycoef=" 0.0841834508895176 0 1 0 0 0">
<Contour name="D020" hidden="false" closed="true" simplified="true" border="0 0 1" fill="0 0 1" mode="11"
 points="10.5627 6.68146,
	10.5652 6.66233,
	10.5726 6.64395,
	10.5847 6.627,
	10.6008 6.61215,
	10.6206 6.59996,
	10.6431 6.5909,
	10.6675 6.58532,
	10.6929 6.58344,
	10.7183 6.58532,
	10.7427 6.5909,
	10.7652 6.59996,
	10.785 6.61215,
	10.8011 6.627,
	10.8132 6.64395,
	10.8206 6.66233,
	10.8231 6.68146,
	10.8206 6.70058,
	10.8132 6.71897,
	10.8011 6.73591,
	10.785 6.75077,
	10.7652 6.76296,
	10.7427 6.77201,
	10.7183 6.77759,
	10.6929 6.77948,
	10.6675 6.77759,
	10.6431 6.77201,
	10.6206 6.76296,
	10.6008 6.75077,
	10.5847 6.73591,
	10.5726 6.71897,
	"/>
</Transform>

<Transform dim="1"
 xcoef=" 0.308456528064041 1 0 0 0 0"
 ycoef=" 0.0841834508895176 0 1 0 0 0">
<Contour name="D060_large" hidden="false" closed="true" simplified="true" border="0 0 1" fill="0 0 1" mode="11"
 points="2.94495 2.15431,
	2.94714 2.1393,
	2.95353 2.12531,
	2.96371 2.1133,
	2.97697 2.10408,
	2.99242 2.09828,
	3.009 2.09631,
	3.02557 2.09828,
	3.04102 2.10408,
	3.05428 2.1133,
	3.06446 2.12531,
	3.07085 2.1393,
	3.07304 2.15431,
	3.07085 2.16932,
	3.06446 2.18331,
	3.05428 2.19532,
	3.04102 2.20454,
	3.02557 2.21033,
	3.009 2.21231,
	2.99242 2.21033,
	2.97697 2.20454,
	2.96371 2.19532,
	2.95353 2.18331,
	"/>
</Transform>

<Transform dim="1"
 xcoef=" 0.308456528064041 1 0 0 0 0"
 ycoef=" 0.0841834508895176 0 1 0 0 0">
<Contour name="D022" hidden="false" closed="true" simplified="true" border="0 0 1" fill="0 0 1" mode="11"
 points="15.6003 6.19424,
	15.6014 6.17787,
	15.6048 6.16189,
	15.6104 6.14672,
	15.6181 6.13271,
	15.6275 6.12022,
	15.6386 6.10955,
	15.6511 6.10097,
	15.6646 6.09468,
	15.6788 6.09085,
	15.6933 6.08956,
	15.7079 6.09085,
	15.7221 6.09468,
	15.7356 6.10097,
	15.748 6.10955,
	15.7591 6.12022,
	15.7686 6.13271,
	15.7762 6.14672,
	15.7818 6.16189,
	15.7852 6.17787,
	15.7864 6.19424,
	15.7852 6.21062,
	15.7818 6.22659,
	15.7762 6.24177,
	15.7686 6.25578,
	15.7591 6.26827,
	15.748 6.27894,
	15.7356 6.28752,
	15.7221 6.2938,
	15.7079 6.29764,
	15.6933 6.29893,
	15.6788 6.29764,
	15.6646 6.2938,
	15.6511 6.28752,
	15.6386 6.27894,
	15.6275 6.26827,
	15.6181 6.25578,
	15.6104 6.24177,
	15.6048 6.22659,
	"/>
</Transform>

<Transform dim="1"
 xcoef=" 0.00938962820689141 1 0 0 0 0"
 ycoef=" -0.00938962820689141 0 1 0 0 0">
<Contour name="d020_o03" hidden="false" closed="true" simplified="false" border="1 0 0" fill="1 0 0" mode="-13"
 points="10.4484 6.21178,
	10.4811 6.21178,
	10.4647 6.24167,
	"/>
</Transform>

<Transform dim="1"
 xcoef=" 0.00938962820689141 1 0 0 0 0"
 ycoef=" -0.00938962820689141 0 1 0 0 0">
<Contour name="d020" hidden="false" closed="true" simplified="true" border="1 1 0" fill="1 1 0" mode="11"
 points="10.1048 6.68504,
	10.1095 6.67024,
	10.1122 6.66284,
	10.1132 6.65544,
	10.115 6.65359,
	10.1215 6.62398,
	10.1233 6.62028,
	10.128 6.59067,
	10.1307 6.57586,
	10.1317 6.56846,
	10.1437 6.53885,
	10.1437 6.537,
	10.1539 6.52497,
	10.165 6.51109,
	10.1742 6.49814,
	10.1807 6.49074,
	10.1853 6.48519,
	10.1927 6.47778,
	10.2168 6.45095,
	10.2223 6.44355,
	10.2297 6.42875,
	10.2334 6.42134,
	10.2381 6.40654,
	10.2408 6.39914,
	10.2408 6.39544,
	10.2482 6.38063,
	10.2547 6.37323,
	10.2547 6.37138,
	10.2584 6.36768,
	10.2621 6.36028,
	10.2677 6.35472,
	10.288 6.32512,
	10.2917 6.32141,
	10.2954 6.31494,
	10.3019 6.30754,
	10.3065 6.30013,
	10.3102 6.29643,
	10.3149 6.28903,
	10.3176 6.28163,
	10.3371 6.25387,
	10.3491 6.23999,
	10.3537 6.23351,
	10.3787 6.21038,
	10.3926 6.19743,
	10.4018 6.18263,
	10.4055 6.17522,
	10.4074 6.17152,
	10.4074 6.16967,
	10.4092 6.16782,
	10.4102 6.16412,
	10.4194 6.14932,
	10.4268 6.13544,
	10.4305 6.12803,
	10.4324 6.12063,
	10.4407 6.10583,
	10.4537 6.0938,
	10.4685 6.08455,
	10.4759 6.08177,
	10.4796 6.08085,
	10.4814 6.079,
	10.511 6.06974,
	10.5406 6.07067,
	10.5554 6.07529,
	10.5628 6.08177,
	10.5665 6.08362,
	10.5749 6.09843,
	10.5795 6.11323,
	10.5813 6.12063,
	10.5813 6.12433,
	10.5832 6.12803,
	10.586 6.15764,
	10.585 6.18725,
	10.5804 6.21686,
	10.5776 6.23166,
	10.5749 6.23907,
	10.5721 6.26867,
	10.5721 6.27608,
	10.5721 6.27978,
	10.5702 6.28348,
	10.5693 6.29828,
	10.5647 6.31309,
	10.5619 6.31679,
	10.561 6.32049,
	10.5582 6.32419,
	10.5573 6.32789,
	10.5554 6.32974,
	10.5508 6.34455,
	10.5462 6.37416,
	10.5462 6.43337,
	10.5462 6.44077,
	10.5443 6.44448,
	10.5416 6.45928,
	10.5416 6.46113,
	10.5397 6.46298,
	10.5332 6.49259,
	10.5332 6.50739,
	10.5379 6.5222,
	10.5388 6.5259,
	10.5406 6.52775,
	10.5425 6.54255,
	10.5443 6.54996,
	10.5443 6.57956,
	10.5425 6.59437,
	10.5416 6.60177,
	10.5388 6.60917,
	10.5379 6.61657,
	10.5323 6.63138,
	10.5314 6.63508,
	10.5221 6.64988,
	10.5175 6.65544,
	10.5119 6.66284,
	10.5045 6.67024,
	10.4907 6.68227,
	10.4851 6.68689,
	10.4712 6.69892,
	10.4592 6.71188,
	10.4537 6.71743,
	10.424 6.73871,
	10.4203 6.74056,
	10.4185 6.74241,
	10.4166 6.74241,
	10.4129 6.74519,
	10.4055 6.74704,
	10.4018 6.74889,
	10.387 6.75074,
	10.3796 6.75259,
	10.3204 6.75536,
	10.3056 6.75629,
	10.2908 6.75444,
	10.2834 6.75444,
	10.276 6.75166,
	10.2686 6.74611,
	10.2593 6.73131,
	10.2584 6.72761,
	10.2556 6.72391,
	10.2547 6.7202,
	10.2492 6.71373,
	10.2418 6.70725,
	10.2344 6.70447,
	10.2307 6.7017,
	10.2233 6.69985,
	10.2214 6.698,
	10.1918 6.69245,
	10.177 6.69245,
	10.1696 6.69245,
	10.1548 6.69707,
	10.14 6.7054,
	10.1252 6.70725,
	10.1178 6.70725,
	10.1141 6.70725,
	10.1067 6.70262,
	10.1048 6.69522,
	10.1048 6.68782,
	10.1048 6.68597,
	"/>
</Transform>

<Transform dim="1"
 xcoef=" 1.00067837439932 1 0 0 0 0"
 ycoef=" 0.636868773799281 0 1 0 0 0">
<Image mag="0.00201646" contrast="1.54745" brightness="-0.6" red="true" green="true" blue="true"
 src="055____z54.0.tif" />
<Contour name="domain1" hidden="false" closed="true" simplified="false" border="1 0 1" fill="1 0 1" mode="11"
 points="0 0,
	9551 0,
	9551 5063,
	0 5063,
	"/>
</Transform>

<Transform dim="1"
 xcoef=" 0.00938962820689141 1 0 0 0 0"
 ycoef=" -0.00938962820689141 0 1 0 0 0">
<Contour name="d020_p03" hidden="false" closed="true" simplified="true" border="1 1 0" fill="1 1 0" mode="11"
 points="10.3415 5.69649,
	10.3465 5.68649,
	10.3565 5.67774,
	10.3665 5.67149,
	10.3715 5.66899,
	10.374 5.66649,
	10.379 5.66524,
	10.399 5.65398,
	10.419 5.65398,
	10.4377 5.64273,
	10.4565 5.62898,
	10.4665 5.62147,
	10.4765 5.61647,
	10.5165 5.61522,
	10.5265 5.61897,
	10.5315 5.62022,
	10.5503 5.63398,
	10.559 5.64148,
	10.5715 5.65898,
	10.5765 5.66899,
	10.579 5.67899,
	10.5803 5.75901,
	10.5828 5.76401,
	10.5853 5.78402,
	10.5878 5.78902,
	10.589 5.80902,
	10.589 5.81903,
	10.5865 5.82403,
	10.5778 5.86404,
	10.574 5.90405,
	10.5753 5.98407,
	10.5753 6.00408,
	10.579 6.02408,
	10.5803 6.03408,
	10.5803 6.03908,
	10.5828 6.04409,
	10.589 6.0841,
	10.5915 6.12411,
	10.5953 6.14411,
	10.594 6.16412,
	10.5878 6.17037,
	10.5778 6.17037,
	10.5678 6.16787,
	10.529 6.14786,
	10.5103 6.13661,
	10.4903 6.12786,
	10.4502 6.11786,
	10.4452 6.11535,
	10.4415 6.11035,
	10.4402 6.10535,
	10.4477 6.06534,
	10.449 6.02533,
	10.4402 5.98532,
	10.439 5.98032,
	10.4365 5.97782,
	10.4327 5.96782,
	10.4327 5.96532,
	10.429 5.96031,
	10.4277 5.95531,
	10.4252 5.95281,
	10.4165 5.93281,
	10.4127 5.9228,
	10.4102 5.9203,
	10.404 5.9003,
	10.4027 5.8953,
	10.4002 5.8928,
	10.3977 5.88279,
	10.3865 5.86279,
	10.3727 5.84278,
	10.3665 5.83403,
	10.3627 5.82403,
	10.3602 5.78402,
	10.3477 5.76401,
	10.344 5.75401,
	10.3415 5.734,
	10.3415 5.714,
	10.3415 5.704,
	10.3415 5.699,
	10.3415 5.69774,
	"/>
</Transform>

<Transform dim="1"
 xcoef=" 0.00938962820689141 1 0 0 0 0"
 ycoef=" -0.00938962820689141 0 1 0 0 0">
<Contour name="d020_p04_branched" hidden="false" closed="true" simplified="true" border="1 1 0" fill="1 1 0" mode="11"
 points="10.6202 6.75657,
	10.6207 6.75258,
	10.6212 6.75208,
	10.6207 6.7441,
	10.6227 6.73612,
	10.6262 6.72814,
	10.6272 6.72714,
	10.6272 6.72614,
	10.6326 6.71816,
	10.6361 6.71467,
	10.6401 6.71217,
	10.6421 6.71068,
	10.6501 6.71018,
	10.6521 6.71018,
	10.6541 6.71168,
	10.6561 6.71217,
	10.6566 6.71317,
	10.6646 6.71666,
	10.6686 6.72016,
	10.674 6.72764,
	10.6765 6.73562,
	10.678 6.7436,
	10.678 6.75158,
	10.678 6.75357,
	10.6755 6.76155,
	10.672 6.76954,
	10.6621 6.7855,
	10.6566 6.79348,
	10.6526 6.79747,
	10.6486 6.79896,
	10.6406 6.79996,
	10.6326 6.79946,
	10.6286 6.79697,
	10.6252 6.79348,
	10.6217 6.7855,
	10.6202 6.77752,
	10.6202 6.76155,
	10.6202 6.75756,
	10.6202 6.75707,
	"/>
</Transform>

<Transform dim="0"
 xcoef=" 0 1 0 0 0 0"
 ycoef=" 0 0 1 0 0 0">
<Contour name="d020_SER_p03" hidden="false" closed="true" simplified="false" border="1 0.501961 0" fill="1 0.501961 0" mode="11"
 points="10.4563 6.01914,
	10.4563 6.00697,
	10.4684 6.00697,
	10.4684 5.9948,
	10.4806 5.9948,
	10.4806 6.00697,
	10.4928 6.00697,
	10.4928 6.01914,
	10.4806 6.01914,
	10.4806 6.03131,
	10.4684 6.03131,
	10.4684 6.01914,
	"/>
</Transform>

</Section>