<?xml version="1.0"?>
<!DOCTYPE Section SYSTEM "section.dtd">

<Section index="102" thickness="0.052" alignLocked="true">
<Transform dim="1"
 xcoef=" 0.310789184998145 1 0 0 0 0"
 ycoef=" 0.711233448788108 0 1 0 0 0">
<Contour name="D054" hidden="false" closed="true" simplified="true" border="0 0 1" fill="0 0 1" mode="13"
 points="2.26163 1.51276,
	2.26371 1.49068,
	2.26985 1.46961,
	2.27978 1.45048,
	2.29304 1.43417,
	2.30903 1.42141,
	2.32704 1.41278,
	2.34625 1.40866,
	2.36579 1.40926,
	2.38478 1.41452,
	2.40236 1.42423,
	2.41774 1.43794,
	2.43022 1.45503,
	2.43923 1.47473,
	2.44437 1.49615,
	2.44541 1.51831,
	2.4423 1.54023,
	2.43519 1.5609,
	2.42438 1.5794,
	2.41037 1.59489,
	2.3938 1.60666,
	2.37541 1.6142,
	2.35604 1.61714,
	2.33655 1.61537,
	2.31783 1.60896,
	2.30073 1.59821,
	2.28602 1.58359,
	2.27436 1.56577,
	2.26629 1.54555,
	"/>
</Transform>

<Transform dim="1"
 xcoef=" 0.310789184998145 1 0 0 0 0"
 ycoef=" 0.711233448788108 0 1 0 0 0">
<Contour name="D019" hidden="false" closed="true" simplified="true" border="0 0 1" fill="0 0 1" mode="13"
 points="5.15322 4.78618,
	5.1557 4.7697,
	5.16307 4.75388,
	5.17501 4.73933,
	5.19106 4.72665,
	5.21059 4.71632,
	5.23281 4.70877,
	5.25685 4.70428,
	5.28175 4.70304,
	5.30653 4.7051,
	5.3302 4.71038,
	5.35183 4.71866,
	5.37055 4.72962,
	5.38563 4.74282,
	5.39647 4.75774,
	5.40263 4.77379,
	5.40388 4.79033,
	5.40015 4.8067,
	5.39161 4.82227,
	5.37859 4.8364,
	5.3616 4.84854,
	5.34133 4.8582,
	5.31857 4.86502,
	5.29422 4.8687,
	5.26925 4.86911,
	5.24466 4.86624,
	5.22141 4.86019,
	5.20043 4.8512,
	5.18256 4.83964,
	5.16849 4.82596,
	5.15879 4.8107,
	"/>
</Transform>

<Transform dim="1"
 xcoef=" 0.310789184998145 1 0 0 0 0"
 ycoef=" 0.711233448788108 0 1 0 0 0">
<Contour name="D021" hidden="false" closed="true" simplified="true" border="0 0 1" fill="0 0 1" mode="13"
 points="5.59523 7.20918,
	5.59639 7.19308,
	5.59986 7.17725,
	5.60558 7.16196,
	5.61344 7.14746,
	5.62333 7.134,
	5.63507 7.12179,
	5.64847 7.11105,
	5.6633 7.10195,
	5.67932 7.09465,
	5.69625 7.08927,
	5.71381 7.0859,
	5.73171 7.0846,
	5.74965 7.08538,
	5.76733 7.08824,
	5.78444 7.09312,
	5.80071 7.09995,
	5.81587 7.10861,
	5.82964 7.11896,
	5.84182 7.13082,
	5.85219 7.14399,
	5.86057 7.15825,
	5.86684 7.17337,
	5.87087 7.18909,
	5.87262 7.20514,
	5.87203 7.22127,
	5.86914 7.23719,
	5.86398 7.25264,
	5.85664 7.26736,
	5.84724 7.28111,
	5.83595 7.29365,
	5.82294 7.30477,
	5.80845 7.3143,
	5.7927 7.32206,
	5.77597 7.32793,
	5.75854 7.33181,
	5.7407 7.33363,
	5.72274 7.33337,
	5.70497 7.33103,
	5.68769 7.32664,
	5.67118 7.32029,
	5.65572 7.31207,
	5.64158 7.30213,
	5.62898 7.29064,
	5.61814 7.27777,
	5.60925 7.26376,
	5.60244 7.24883,
	5.59784 7.23324,
	"/>
</Transform>

<Transform dim="1"
 xcoef=" 0.310789184998145 1 0 0 0 0"
 ycoef=" 0.711233448788108 0 1 0 0 0">
<Contour name="D025" hidden="false" closed="true" simplified="true" border="0 0 1" fill="0 0 1" mode="13"
 points="3.57086 4.23714,
	3.57238 4.22308,
	3.57688 4.20937,
	3.58426 4.19639,
	3.59431 4.18446,
	3.60679 4.1739,
	3.62137 4.16497,
	3.63767 4.15791,
	3.65526 4.15291,
	3.6737 4.15008,
	3.6925 4.14952,
	3.71118 4.15122,
	3.72926 4.15514,
	3.74626 4.16119,
	3.76175 4.16921,
	3.77532 4.17899,
	3.78662 4.19027,
	3.79537 4.20277,
	3.80133 4.21616,
	3.80435 4.23009,
	3.80435 4.2442,
	3.80133 4.25813,
	3.79537 4.27152,
	3.78662 4.28402,
	3.77532 4.2953,
	3.76175 4.30508,
	3.74626 4.31309,
	3.72926 4.31914,
	3.71118 4.32307,
	3.6925 4.32477,
	3.6737 4.3242,
	3.65526 4.32138,
	3.63767 4.31638,
	3.62137 4.30932,
	3.60679 4.30039,
	3.59431 4.28983,
	3.58426 4.2779,
	3.57688 4.26492,
	"/>
</Transform>

<Transform dim="1"
 xcoef=" 0.310789184998145 1 0 0 0 0"
 ycoef=" 0.711233448788108 0 1 0 0 0">
<Contour name="D028" hidden="false" closed="true" simplified="true" border="0 0 1" fill="0 0 1" mode="13"
 points="6.94862 7.39336,
	6.94908 7.38486,
	6.95047 7.37646,
	6.95277 7.36827,
	6.95594 7.36037,
	6.95996 7.35287,
	6.96478 7.34585,
	6.97033 7.33939,
	6.97655 7.33358,
	6.98337 7.32848,
	6.9907 7.32416,
	6.99846 7.32066,
	7.00655 7.31803,
	7.01489 7.3163,
	7.02336 7.31549,
	7.03187 7.3156,
	7.04032 7.31665,
	7.04861 7.31861,
	7.05663 7.32146,
	7.06429 7.32517,
	7.0715 7.32969,
	7.07818 7.33497,
	7.08424 7.34095,
	7.08961 7.34755,
	7.09423 7.3547,
	7.09804 7.36231,
	7.101 7.37029,
	7.10307 7.37855,
	7.10423 7.38698,
	7.10446 7.39549,
	7.10377 7.40397,
	7.10215 7.41233,
	7.09963 7.42046,
	7.09624 7.42827,
	7.09202 7.43566,
	7.08701 7.44255,
	7.08129 7.44885,
	7.07491 7.45448,
	7.06796 7.45939,
	7.06051 7.46351,
	7.05265 7.4668,
	7.04449 7.46921,
	7.03611 7.47071,
	7.02762 7.47129,
	7.01911 7.47094,
	7.0107 7.46967,
	7.00247 7.46748,
	6.99453 7.46442,
	6.98697 7.4605,
	6.97989 7.45578,
	6.97336 7.45032,
	6.96746 7.44418,
	6.96227 7.43743,
	6.95785 7.43016,
	6.95425 7.42245,
	6.95151 7.41439,
	6.94966 7.40608,
	"/>
</Transform>

<Transform dim="1"
 xcoef=" 0.310789184998145 1 0 0 0 0"
 ycoef=" 0.711233448788108 0 1 0 0 0">
<Contour name="D032" hidden="false" closed="true" simplified="true" border="0 0 1" fill="0 0 1" mode="13"
 points="5.04254 1.415,
	5.05105 1.39852,
	5.07577 1.38366,
	5.11426 1.37186,
	5.16277 1.36429,
	5.21653 1.36168,
	5.2703 1.36429,
	5.3188 1.37186,
	5.3573 1.38366,
	5.38201 1.39852,
	5.39053 1.415,
	5.38201 1.43147,
	5.3573 1.44634,
	5.3188 1.45813,
	5.2703 1.46571,
	5.21653 1.46832,
	5.16277 1.46571,
	5.11426 1.45813,
	5.07577 1.44634,
	"/>
</Transform>

<Transform dim="1"
 xcoef=" 0.310789184998145 1 0 0 0 0"
 ycoef=" 0.711233448788108 0 1 0 0 0">
<Contour name="D041_oblique" hidden="false" closed="true" simplified="true" border="0 0 1" fill="0 0 1" mode="13"
 points="8.52194 0.711933,
	8.52412 0.699124,
	8.53059 0.686622,
	8.54121 0.674728,
	8.55572 0.663728,
	8.57376 0.653886,
	8.59492 0.645438,
	8.61867 0.638587,
	8.64445 0.633498,
	8.67163 0.630293,
	8.69958 0.62905,
	8.72761 0.629797,
	8.75505 0.632517,
	8.78124 0.637144,
	8.80555 0.643568,
	8.8274 0.651635,
	8.84627 0.661149,
	8.8617 0.671884,
	8.87332 0.68358,
	8.88085 0.695958,
	8.88411 0.708719,
	8.88302 0.721558,
	8.87761 0.734165,
	8.868 0.746238,
	8.85444 0.757487,
	8.83724 0.767643,
	8.81682 0.776459,
	8.79367 0.783727,
	8.76834 0.789269,
	8.74144 0.792954,
	8.71362 0.794693,
	8.68555 0.794444,
	8.6579 0.792212,
	8.63134 0.788053,
	8.6065 0.782065,
	8.58398 0.774393,
	8.56432 0.76522,
	8.548 0.754768,
	8.5354 0.743286,
	8.52682 0.731051,
	"/>
</Transform>

<Transform dim="1"
 xcoef=" 0.310789184998145 1 0 0 0 0"
 ycoef=" 0.711233448788108 0 1 0 0 0">
<Contour name="D043" hidden="false" closed="true" simplified="true" border="0 0 1" fill="0 0 1" mode="13"
 points="1.41914 8.50831,
	1.42025 8.49409,
	1.42358 8.48013,
	1.42906 8.46673,
	1.43657 8.45414,
	1.44598 8.4426,
	1.4571 8.43234,
	1.46971 8.42356,
	1.48357 8.41642,
	1.49842 8.41108,
	1.51395 8.40763,
	1.52987 8.40614,
	1.54586 8.40664,
	1.56163 8.40911,
	1.57685 8.41352,
	1.59124 8.41977,
	1.60451 8.42775,
	1.6164 8.43729,
	1.62669 8.44822,
	1.63517 8.46032,
	1.64168 8.47335,
	1.64609 8.48706,
	1.64832 8.50118,
	1.64832 8.51545,
	1.64609 8.52957,
	1.64168 8.54328,
	1.63517 8.55631,
	1.62669 8.56841,
	1.6164 8.57933,
	1.60451 8.58888,
	1.59124 8.59685,
	1.57685 8.60311,
	1.56163 8.60751,
	1.54586 8.60999,
	1.52987 8.61049,
	1.51395 8.609,
	1.49842 8.60555,
	1.48357 8.6002,
	1.46971 8.59307,
	1.4571 8.58429,
	1.44598 8.57403,
	1.43657 8.56249,
	1.42906 8.5499,
	1.42358 8.53649,
	"/>
</Transform>

<Transform dim="1"
 xcoef=" 0.310789184998145 1 0 0 0 0"
 ycoef=" 0.711233448788108 0 1 0 0 0">
<Contour name="D044" hidden="false" closed="true" simplified="true" border="0 0 1" fill="0 0 1" mode="13"
 points="2.91034 8.18141,
	2.91359 8.16635,
	2.92307 8.15252,
	2.93801 8.14102,
	2.95721 8.13279,
	2.9791 8.12851,
	3.00192 8.12851,
	3.02382 8.13279,
	3.04301 8.14102,
	3.05795 8.15252,
	3.06743 8.16635,
	3.07068 8.18141,
	3.06743 8.19647,
	3.05795 8.21031,
	3.04301 8.2218,
	3.02382 8.23003,
	3.00192 8.23431,
	2.9791 8.23431,
	2.95721 8.23003,
	2.93801 8.2218,
	2.92307 8.21031,
	2.91359 8.19647,
	"/>
</Transform>

<Transform dim="1"
 xcoef=" 0.310789184998145 1 0 0 0 0"
 ycoef=" 0.711233448788108 0 1 0 0 0">
<Contour name="D045_ASPINY_NOCANDIDATES" hidden="false" closed="true" simplified="true" border="0 0 1" fill="0 0 1" mode="13"
 points="3.10622 8.7678,
	3.10893 8.74496,
	3.11681 8.72436,
	3.12907 8.70801,
	3.14452 8.69751,
	3.16165 8.6939,
	3.17878 8.69751,
	3.19423 8.70801,
	3.20649 8.72436,
	3.21436 8.74496,
	3.21708 8.7678,
	3.21436 8.79064,
	3.20649 8.81124,
	3.19423 8.82759,
	3.17878 8.83809,
	3.16165 8.8417,
	3.14452 8.83809,
	3.12907 8.82759,
	3.11681 8.81124,
	"/>
</Transform>

<Transform dim="1"
 xcoef=" 0.310789184998145 1 0 0 0 0"
 ycoef=" 0.711233448788108 0 1 0 0 0">
<Contour name="D046" hidden="false" closed="true" simplified="true" border="0 0 1" fill="0 0 1" mode="13"
 points="12.7154 2.46499,
	12.7166 2.45099,
	12.7204 2.43732,
	12.7266 2.42433,
	12.735 2.4123,
	12.7455 2.40155,
	12.7577 2.39231,
	12.7715 2.38482,
	12.7865 2.37926,
	12.8023 2.37576,
	12.8185 2.3744,
	12.8348 2.37522,
	12.8507 2.37819,
	12.8659 2.38325,
	12.88 2.39027,
	12.8927 2.39908,
	12.9036 2.40948,
	12.9126 2.42122,
	12.9193 2.434,
	12.9237 2.44753,
	12.9256 2.46148,
	12.925 2.47551,
	12.9218 2.48929,
	12.9162 2.50248,
	12.9084 2.51478,
	12.8984 2.52588,
	12.8865 2.53551,
	12.8731 2.54346,
	12.8584 2.54951,
	12.8428 2.55354,
	12.8266 2.55544,
	12.8103 2.55517,
	12.7943 2.55273,
	12.7789 2.54818,
	12.7645 2.54164,
	12.7514 2.53325,
	12.74 2.52323,
	12.7305 2.51181,
	12.7232 2.49926,
	12.7182 2.48588,
	"/>
</Transform>

<Transform dim="1"
 xcoef=" 0.310789184998145 1 0 0 0 0"
 ycoef=" 0.711233448788108 0 1 0 0 0">
<Contour name="D047" hidden="false" closed="true" simplified="true" border="0 0 1" fill="0 0 1" mode="13"
 points="4.23622 3.1947,
	4.23718 3.1709,
	4.24005 3.1475,
	4.24477 3.12489,
	4.25126 3.10345,
	4.25943 3.08354,
	4.26912 3.0655,
	4.28018 3.04961,
	4.29243 3.03616,
	4.30565 3.02537,
	4.31963 3.01742,
	4.33414 3.01243,
	4.34892 3.0105,
	4.36373 3.01166,
	4.37832 3.01589,
	4.39246 3.02311,
	4.40589 3.03321,
	4.4184 3.04601,
	4.42978 3.06131,
	4.43983 3.07884,
	4.44839 3.09832,
	4.45532 3.11941,
	4.46049 3.14176,
	4.46382 3.165,
	4.46526 3.18874,
	4.46478 3.21257,
	4.46239 3.23611,
	4.45813 3.25895,
	4.45207 3.28072,
	4.44431 3.30105,
	4.43498 3.31959,
	4.42425 3.33604,
	4.41228 3.35012,
	4.39928 3.3616,
	4.38546 3.37027,
	4.37107 3.37601,
	4.35634 3.37871,
	4.34151 3.37832,
	4.32684 3.37486,
	4.31256 3.36838,
	4.29893 3.35898,
	4.28617 3.34683,
	4.27449 3.33214,
	4.26409 3.31514,
	4.25514 3.29612,
	4.2478 3.2754,
	4.24218 3.25333,
	4.23838 3.23028,
	"/>
</Transform>

<Transform dim="1"
 xcoef=" 0.310789184998145 1 0 0 0 0"
 ycoef=" 0.711233448788108 0 1 0 0 0">
<Contour name="D034" hidden="false" closed="true" simplified="true" border="0 0 1" fill="0 0 1" mode="13"
 points="9.50103 2.93033,
	9.50212 2.91586,
	9.50538 2.90168,
	9.51074 2.88809,
	9.51809 2.87535,
	9.52728 2.86374,
	9.53812 2.85348,
	9.5504 2.84478,
	9.56386 2.83783,
	9.57822 2.83275,
	9.59321 2.82967,
	9.6085 2.82864,
	9.6238 2.82967,
	9.63878 2.83275,
	9.65315 2.83783,
	9.66661 2.84478,
	9.67889 2.85348,
	9.68973 2.86374,
	9.69892 2.87535,
	9.70627 2.88809,
	9.71163 2.90168,
	9.71489 2.91586,
	9.71598 2.93033,
	9.71489 2.94481,
	9.71163 2.95899,
	9.70627 2.97258,
	9.69892 2.98532,
	9.68973 2.99693,
	9.67889 3.00719,
	9.66661 3.01589,
	9.65315 3.02284,
	9.63878 3.02791,
	9.6238 3.031,
	9.6085 3.03203,
	9.59321 3.031,
	9.57822 3.02791,
	9.56386 3.02284,
	9.5504 3.01589,
	9.53812 3.00719,
	9.52728 2.99693,
	9.51809 2.98532,
	9.51074 2.97258,
	9.50538 2.95899,
	9.50212 2.94481,
	"/>
</Transform>

<Transform dim="1"
 xcoef=" 0.310789184998145 1 0 0 0 0"
 ycoef=" 0.711233448788108 0 1 0 0 0">
<Contour name="D035" hidden="false" closed="true" simplified="true" border="0 0 1" fill="0 0 1" mode="13"
 points="6.90314 2.92224,
	6.90376 2.91006,
	6.90558 2.89807,
	6.9086 2.88644,
	6.91276 2.87535,
	6.91801 2.86498,
	6.92425 2.85547,
	6.9314 2.84698,
	6.93934 2.83962,
	6.94797 2.83352,
	6.95714 2.82877,
	6.96671 2.82543,
	6.97655 2.82355,
	6.9865 2.82318,
	6.99642 2.8243,
	7.00615 2.82692,
	7.01554 2.83097,
	7.02445 2.83641,
	7.03275 2.84315,
	7.04031 2.85109,
	7.04702 2.86011,
	7.05277 2.87007,
	7.05748 2.88082,
	7.06108 2.8922,
	7.06351 2.90403,
	7.06473 2.91614,
	7.06473 2.92834,
	7.06351 2.94045,
	7.06108 2.95228,
	7.05748 2.96366,
	7.05277 2.97441,
	7.04702 2.98437,
	7.04031 2.99339,
	7.03275 3.00133,
	7.02445 3.00807,
	7.01554 3.01351,
	7.00615 3.01756,
	6.99642 3.02017,
	6.9865 3.0213,
	6.97655 3.02092,
	6.96671 3.01905,
	6.95714 3.01571,
	6.94797 3.01096,
	6.93934 3.00486,
	6.9314 2.9975,
	6.92425 2.98901,
	6.91801 2.9795,
	6.91276 2.96913,
	6.9086 2.95804,
	6.90558 2.94641,
	"/>
</Transform>

<Transform dim="1"
 xcoef=" 0.310789184998145 1 0 0 0 0"
 ycoef=" 0.711233448788108 0 1 0 0 0">
<Contour name="D036" hidden="false" closed="true" simplified="true" border="0 0 1" fill="0 0 1" mode="13"
 points="14.5497 0.314328,
	14.5511 0.294413,
	14.5555 0.275264,
	14.5625 0.257615,
	14.5719 0.242147,
	14.5834 0.229452,
	14.5966 0.220019,
	14.6108 0.21421,
	14.6256 0.212248,
	14.6405 0.21421,
	14.6547 0.220019,
	14.6678 0.229452,
	14.6794 0.242147,
	14.6888 0.257615,
	14.6958 0.275264,
	14.7001 0.294413,
	14.7016 0.314328,
	14.7001 0.334242,
	14.6958 0.353392,
	14.6888 0.37104,
	14.6794 0.386509,
	14.6678 0.399204,
	14.6547 0.408637,
	14.6405 0.414446,
	14.6256 0.416407,
	14.6108 0.414446,
	14.5966 0.408637,
	14.5834 0.399204,
	14.5719 0.386509,
	14.5625 0.37104,
	14.5555 0.353392,
	"/>
</Transform>

<Transform dim="1"
 xcoef=" 0.310789184998145 1 0 0 0 0"
 ycoef=" 0.711233448788108 0 1 0 0 0">
<Contour name="D039" hidden="false" closed="true" simplified="true" border="0 0 1" fill="0 0 1" mode="13"
 points="9.24537 2.17257,
	9.24765 2.15517,
	9.25441 2.13849,
	9.26536 2.1232,
	9.28005 2.10993,
	9.29789 2.09923,
	9.31815 2.09153,
	9.33999 2.08715,
	9.36252 2.08626,
	9.38482 2.08891,
	9.40598 2.09498,
	9.42513 2.10423,
	9.44148 2.11628,
	9.45437 2.13063,
	9.46327 2.1467,
	9.46781 2.16382,
	9.46781 2.18131,
	9.46327 2.19844,
	9.45437 2.2145,
	9.44148 2.22886,
	9.42513 2.2409,
	9.40598 2.25015,
	9.38482 2.25622,
	9.36252 2.25887,
	9.33999 2.25799,
	9.31815 2.2536,
	9.29789 2.2459,
	9.28005 2.2352,
	9.26536 2.22193,
	9.25441 2.20664,
	9.24765 2.18996,
	"/>
</Transform>

<Transform dim="1"
 xcoef=" 0.310789184998145 1 0 0 0 0"
 ycoef=" 0.711233448788108 0 1 0 0 0">
<Contour name="D049" hidden="false" closed="true" simplified="true" border="0 0 1" fill="0 0 1" mode="13"
 points="9.90446 2.81403,
	9.9055 2.79894,
	9.90862 2.78412,
	9.91374 2.76987,
	9.92077 2.75643,
	9.92959 2.74407,
	9.94003 2.73302,
	9.9519 2.72347,
	9.96497 2.71561,
	9.97899 2.70958,
	9.99372 2.7055,
	10.0089 2.70344,
	10.0242 2.70344,
	10.0393 2.7055,
	10.054 2.70958,
	10.0681 2.71561,
	10.0811 2.72347,
	10.093 2.73302,
	10.1034 2.74407,
	10.1123 2.75643,
	10.1193 2.76987,
	10.1244 2.78412,
	10.1275 2.79894,
	10.1286 2.81403,
	10.1275 2.82913,
	10.1244 2.84394,
	10.1193 2.8582,
	10.1123 2.87163,
	10.1034 2.88399,
	10.093 2.89505,
	10.0811 2.9046,
	10.0681 2.91246,
	10.054 2.91849,
	10.0393 2.92257,
	10.0242 2.92463,
	10.0089 2.92463,
	9.99372 2.92257,
	9.97899 2.91849,
	9.96497 2.91246,
	9.9519 2.9046,
	9.94003 2.89505,
	9.92959 2.88399,
	9.92077 2.87163,
	9.91374 2.8582,
	9.90862 2.84394,
	9.9055 2.82913,
	"/>
</Transform>

<Transform dim="1"
 xcoef=" 0.310789184998145 1 0 0 0 0"
 ycoef=" 0.711233448788108 0 1 0 0 0">
<Contour name="D055" hidden="false" closed="true" simplified="true" border="0 0 1" fill="0 0 1" mode="13"
 points="1.27946 2.62296,
	1.27988 2.61278,
	1.28112 2.60269,
	1.28318 2.59276,
	1.28604 2.5831,
	1.28968 2.57378,
	1.29406 2.56487,
	1.29914 2.55647,
	1.30489 2.54863,
	1.31126 2.54142,
	1.31818 2.53491,
	1.32561 2.52915,
	1.33347 2.52419,
	1.3417 2.52007,
	1.35024 2.51683,
	1.359 2.5145,
	1.36791 2.51309,
	1.3769 2.51262,
	1.38589 2.51309,
	1.39481 2.5145,
	1.40357 2.51683,
	1.4121 2.52007,
	1.42034 2.52419,
	1.4282 2.52915,
	1.43563 2.53491,
	1.44255 2.54142,
	1.44891 2.54863,
	1.45466 2.55647,
	1.45975 2.56487,
	1.46413 2.57378,
	1.46777 2.5831,
	1.47063 2.59276,
	1.47269 2.60269,
	1.47393 2.61278,
	1.47435 2.62296,
	1.47393 2.63314,
	1.47269 2.64323,
	1.47063 2.65316,
	1.46777 2.66282,
	1.46413 2.67214,
	1.45975 2.68105,
	1.45466 2.68945,
	1.44891 2.69729,
	1.44255 2.7045,
	1.43563 2.71101,
	1.4282 2.71677,
	1.42034 2.72173,
	1.4121 2.72585,
	1.40357 2.72909,
	1.39481 2.73142,
	1.38589 2.73283,
	1.3769 2.7333,
	1.36791 2.73283,
	1.359 2.73142,
	1.35024 2.72909,
	1.3417 2.72585,
	1.33347 2.72173,
	1.32561 2.71677,
	1.31818 2.71101,
	1.31126 2.7045,
	1.30489 2.69729,
	1.29914 2.68945,
	1.29406 2.68105,
	1.28968 2.67214,
	1.28604 2.66282,
	1.28318 2.65316,
	1.28112 2.64323,
	"/>
</Transform>

<Transform dim="1"
 xcoef=" 0.310789184998145 1 0 0 0 0"
 ycoef=" 0.711233448788108 0 1 0 0 0">
<Contour name="D049_ax03" hidden="false" closed="true" simplified="false" border="0 1 1" fill="0 1 1" mode="11"
 points="10.8257 0.49533,
	10.8374 0.483549,
	10.7903 0.436426,
	10.8021 0.424645,
	10.8492 0.471768,
	10.861 0.459987,
	10.861 0.49533,
	"/>
</Transform>

<Transform dim="1"
 xcoef=" 0.310789184998145 1 0 0 0 0"
 ycoef=" 0.711233448788108 0 1 0 0 0">
<Contour name="d046_o21" hidden="false" closed="true" simplified="false" border="1 0 0" fill="1 0 0" mode="-13"
 points="12.9817 2.45898,
	13.0066 2.45898,
	12.9941 2.48182,
	"/>
</Transform>

<Transform dim="1"
 xcoef=" 0.310789184998145 1 0 0 0 0"
 ycoef=" 0.711233448788108 0 1 0 0 0">
<Contour name="D057" hidden="false" closed="true" simplified="true" border="0 0 1" fill="0 0 1" mode="11"
 points="7.39911 9.47644,
	7.40001 9.46471,
	7.40268 9.45318,
	7.40709 9.44201,
	7.41316 9.43141,
	7.42079 9.42152,
	7.42987 9.41252,
	7.44025 9.40455,
	7.45175 9.39773,
	7.4642 9.39218,
	7.47739 9.38799,
	7.49112 9.38522,
	7.50515 9.38392,
	7.51927 9.38411,
	7.53325 9.38578,
	7.54687 9.38891,
	7.55989 9.39345,
	7.57212 9.39932,
	7.58336 9.40644,
	7.59343 9.41468,
	7.60216 9.42392,
	7.60941 9.434,
	7.61507 9.44476,
	7.61905 9.45603,
	7.62128 9.46764,
	7.62173 9.47938,
	7.62039 9.49107,
	7.61728 9.50254,
	7.61245 9.51358,
	7.60598 9.52402,
	7.59797 9.5337,
	7.58855 9.54245,
	7.57788 9.55015,
	7.56612 9.55666,
	7.55347 9.56187,
	7.54012 9.56572,
	7.5263 9.56812,
	7.51222 9.56905,
	7.49811 9.56849,
	7.4842 9.56645,
	7.47072 9.56297,
	7.45787 9.55809,
	7.44587 9.55189,
	7.43491 9.54448,
	7.42516 9.53598,
	7.41679 9.52652,
	7.40992 9.51625,
	7.40467 9.50534,
	7.40113 9.49397,
	"/>
</Transform>

<Transform dim="1"
 xcoef=" 0.310789184998145 1 0 0 0 0"
 ycoef=" 0.711233448788108 0 1 0 0 0">
<Contour name="D058_ax01" hidden="false" closed="true" simplified="false" border="0 1 1" fill="0 1 1" mode="11"
 points="2.74621 4.00904,
	2.76132 3.99394,
	2.7009 3.93352,
	2.716 3.91841,
	2.77642 3.97883,
	2.79153 3.96373,
	2.79153 4.00904,
	"/>
</Transform>

<Transform dim="1"
 xcoef=" 0.310789184998145 1 0 0 0 0"
 ycoef=" 0.711233448788108 0 1 0 0 0">
<Contour name="D046_ax01" hidden="false" closed="true" simplified="false" border="0 1 1" fill="0 1 1" mode="-11"
 points="10.8922 4.18682,
	10.9029 4.17615,
	10.8602 4.1335,
	10.8709 4.12284,
	10.9135 4.16549,
	10.9242 4.15483,
	10.9242 4.18682,
	"/>
</Transform>

<Transform dim="1"
 xcoef=" 0.310789184998145 1 0 0 0 0"
 ycoef=" 0.711233448788108 0 1 0 0 0">
<Contour name="d046_p23" hidden="false" closed="true" simplified="true" border="1 1 0" fill="1 1 0" mode="11"
 points="13.3719 3.79283,
	13.3729 3.78455,
	13.3729 3.78248,
	13.374 3.78041,
	13.3755 3.77213,
	13.3766 3.77006,
	13.3766 3.76799,
	13.3791 3.75972,
	13.3802 3.75558,
	13.3812 3.75454,
	13.3817 3.7504,
	13.3843 3.74213,
	13.3854 3.73799,
	13.3859 3.73592,
	13.3869 3.73488,
	13.3869 3.73281,
	13.3905 3.72453,
	13.3905 3.7235,
	13.3921 3.72143,
	13.3931 3.71729,
	13.3941 3.71626,
	13.4009 3.6997,
	13.4029 3.69556,
	13.404 3.69349,
	13.404 3.69246,
	13.405 3.69142,
	13.4066 3.68728,
	13.4076 3.68521,
	13.4076 3.68418,
	13.4092 3.68211,
	13.4097 3.68004,
	13.4107 3.67901,
	13.4112 3.67694,
	13.4128 3.67487,
	13.4133 3.6728,
	13.4148 3.67073,
	13.4154 3.66866,
	13.42 3.6609,
	13.4216 3.65883,
	13.4216 3.65779,
	13.4267 3.64952,
	13.4345 3.63348,
	13.4397 3.6252,
	13.4438 3.61692,
	13.4454 3.61485,
	13.4454 3.61382,
	13.448 3.60968,
	13.448 3.60864,
	13.4531 3.60037,
	13.4531 3.59933,
	13.4557 3.59519,
	13.4568 3.59416,
	13.4568 3.59312,
	13.4578 3.59261,
	13.4578 3.59157,
	13.4635 3.58433,
	13.479 3.57295,
	13.4811 3.57243,
	13.4893 3.56725,
	13.4914 3.56674,
	13.508 3.55691,
	13.51 3.55587,
	13.5106 3.55484,
	13.5126 3.55432,
	13.5287 3.54397,
	13.5328 3.54035,
	13.5488 3.52949,
	13.5654 3.51966,
	13.5814 3.50827,
	13.5897 3.50258,
	13.5918 3.50103,
	13.5928 3.50103,
	13.5949 3.49948,
	13.5959 3.49948,
	13.597 3.49844,
	13.6052 3.49586,
	13.6073 3.49482,
	13.6239 3.49224,
	13.6404 3.49224,
	13.6446 3.49327,
	13.6528 3.49379,
	13.657 3.49534,
	13.6611 3.49586,
	13.6632 3.49586,
	13.6652 3.49689,
	13.6818 3.49844,
	13.6901 3.50051,
	13.6984 3.50414,
	13.7061 3.50879,
	13.7103 3.5119,
	13.7118 3.51397,
	13.7139 3.515,
	13.718 3.51862,
	13.7196 3.52069,
	13.7206 3.52173,
	13.7237 3.53,
	13.7258 3.53414,
	13.7263 3.53621,
	13.7273 3.53725,
	13.7289 3.54139,
	13.7299 3.54346,
	13.7299 3.54449,
	13.7325 3.54811,
	13.7361 3.55587,
	13.7387 3.56001,
	13.7423 3.56829,
	13.7444 3.57243,
	13.7444 3.57346,
	13.7454 3.5745,
	13.746 3.57657,
	13.7475 3.57864,
	13.7501 3.58691,
	13.7568 3.60295,
	13.7573 3.60502,
	13.7584 3.60606,
	13.7604 3.61434,
	13.7615 3.62261,
	13.762 3.62675,
	13.761 3.63503,
	13.761 3.63917,
	13.7604 3.64124,
	13.7604 3.64227,
	13.7594 3.64331,
	13.7579 3.65159,
	13.7553 3.65986,
	13.7537 3.664,
	13.7532 3.68056,
	13.7563 3.69711,
	13.7573 3.70539,
	13.7573 3.72195,
	13.7563 3.73023,
	13.7563 3.7385,
	13.7553 3.74678,
	13.7553 3.76334,
	13.7532 3.77162,
	13.7522 3.77265,
	13.7491 3.78093,
	13.748 3.78196,
	13.748 3.783,
	13.747 3.78403,
	13.7413 3.80059,
	13.7398 3.80266,
	13.7392 3.80473,
	13.7335 3.81249,
	13.731 3.81663,
	13.7258 3.82335,
	13.7232 3.82697,
	13.7196 3.8306,
	13.7196 3.83163,
	13.7175 3.8337,
	13.7134 3.84146,
	13.7118 3.84353,
	13.7118 3.84456,
	13.7066 3.85284,
	13.6999 3.85957,
	13.6978 3.86164,
	13.6958 3.86267,
	13.6947 3.86371,
	13.6937 3.86371,
	13.6932 3.86474,
	13.6849 3.86733,
	13.6828 3.86733,
	13.6808 3.86836,
	13.6642 3.87095,
	13.6477 3.8725,
	13.6311 3.87302,
	13.6145 3.87198,
	13.6063 3.87095,
	13.6042 3.87095,
	13.6021 3.86992,
	13.5856 3.86785,
	13.5814 3.86629,
	13.5649 3.86267,
	13.5607 3.86215,
	13.5566 3.8606,
	13.5483 3.85905,
	13.54 3.85853,
	13.5235 3.85595,
	13.4904 3.85439,
	13.4738 3.85439,
	13.4655 3.85388,
	13.4573 3.85439,
	13.4531 3.85491,
	13.4511 3.85491,
	13.449 3.85595,
	13.4324 3.85698,
	13.4304 3.85698,
	13.4262 3.85957,
	13.4179 3.86164,
	13.4014 3.86215,
	13.3931 3.85905,
	13.391 3.85802,
	13.3843 3.85026,
	13.3791 3.84249,
	13.3755 3.83422,
	13.3735 3.82594,
	13.3719 3.80938,
	13.3719 3.79334,
	"/>
</Transform>

<Transform dim="1"
 xcoef=" 0.181065246840664 1 0 0 0 0"
 ycoef=" 0.414998187025503 0 1 0 0 0">
<Contour name="d046_p19_branched" hidden="false" closed="true" simplified="true" border="1 1 0" fill="1 1 0" mode="11"
 points="11.6944 1.87437,
	11.7061 1.85499,
	11.7138 1.84465,
	11.7177 1.83949,
	11.7177 1.83432,
	11.7203 1.82915,
	11.7203 1.82657,
	11.7267 1.81624,
	11.7358 1.7749,
	11.7371 1.75423,
	11.7409 1.7439,
	11.7409 1.74131,
	11.7474 1.73098,
	11.7539 1.72323,
	11.7642 1.71419,
	11.7745 1.70773,
	11.7797 1.70643,
	11.7823 1.70385,
	11.7926 1.70127,
	11.7952 1.70127,
	11.8004 1.69739,
	11.8029 1.69739,
	11.8081 1.69352,
	11.8107 1.69352,
	11.8133 1.69093,
	11.8236 1.68706,
	11.8262 1.68706,
	11.8314 1.68318,
	11.8339 1.68318,
	11.8365 1.6806,
	11.8417 1.67931,
	11.8469 1.67543,
	11.8572 1.67285,
	11.8624 1.67026,
	11.883 1.66897,
	11.9037 1.6651,
	11.914 1.6651,
	11.9244 1.66768,
	11.9347 1.67285,
	11.9399 1.67543,
	11.9425 1.67543,
	11.9528 1.68318,
	11.9554 1.68835,
	11.9657 1.69868,
	11.9799 1.71289,
	11.998 1.72969,
	12.0058 1.73873,
	12.0135 1.75035,
	12.0135 1.75294,
	12.0174 1.75811,
	12.0213 1.77877,
	12.0238 1.78911,
	12.0251 1.80978,
	12.0251 1.82011,
	12.0225 1.83044,
	12.0161 1.84078,
	12.0135 1.84465,
	12.0045 1.8537,
	11.9954 1.85886,
	11.9928 1.86145,
	11.9903 1.86145,
	11.9696 1.87566,
	11.9593 1.88341,
	11.9541 1.88728,
	11.9437 1.89116,
	11.9386 1.89245,
	11.9347 1.89633,
	11.914 1.9002,
	11.8727 1.90408,
	11.8314 1.91053,
	11.821 1.91053,
	11.8107 1.91312,
	11.7694 1.9157,
	11.7487 1.91441,
	11.7384 1.91441,
	11.7332 1.91441,
	11.7229 1.91053,
	11.7177 1.91053,
	11.7151 1.90795,
	11.7125 1.90795,
	11.7035 1.9002,
	11.6957 1.88987,
	11.6944 1.87953,
	11.6944 1.87566,
	"/>
</Transform>

<Transform dim="1"
 xcoef=" 0.181065246840664 1 0 0 0 0"
 ycoef=" 0.414998187025503 0 1 0 0 0">
<Contour name="d046" hidden="false" closed="true" simplified="true" border="1 1 0" fill="1 1 0" mode="11"
 points="12.2568 2.3233,
	12.2601 2.30551,
	12.2623 2.26993,
	12.269 2.23434,
	12.2701 2.22545,
	12.2757 2.20766,
	12.2946 2.17207,
	12.3001 2.16318,
	12.3179 2.14538,
	12.3268 2.13649,
	12.3357 2.12982,
	12.3535 2.11981,
	12.3891 2.09534,
	12.4069 2.08311,
	12.4247 2.06532,
	12.4336 2.05642,
	12.4391 2.04753,
	12.4569 2.03307,
	12.4925 2.02306,
	12.5103 2.01861,
	12.5192 2.0175,
	12.5281 2.01417,
	12.5459 2.01083,
	12.5815 2.00861,
	12.5993 2.00972,
	12.6348 2.0175,
	12.6704 2.02195,
	12.6882 2.02306,
	12.706 2.02195,
	12.7238 2.02306,
	12.7327 2.02306,
	12.7505 2.02751,
	12.7683 2.03418,
	12.8039 2.05197,
	12.8128 2.05642,
	12.8484 2.08089,
	12.8572 2.08756,
	12.865 2.09645,
	12.865 2.1009,
	12.8739 2.1187,
	12.8806 2.12759,
	12.885 2.13649,
	12.8862 2.17207,
	12.8862 2.18986,
	12.8884 2.20766,
	12.8906 2.21655,
	12.8906 2.221,
	12.8906 2.22211,
	12.8895 2.25881,
	12.8873 2.2677,
	12.8862 2.2855,
	12.8862 2.28661,
	12.8839 2.30106,
	12.8784 2.31886,
	12.875 2.32775,
	12.8728 2.34554,
	12.8617 2.38113,
	12.8472 2.41671,
	12.8283 2.4523,
	12.8194 2.47009,
	12.8083 2.48788,
	12.7994 2.50567,
	12.7883 2.54126,
	12.7716 2.57684,
	12.7572 2.61243,
	12.7405 2.64801,
	12.7372 2.65691,
	12.7349 2.6747,
	12.7383 2.71028,
	12.7394 2.72808,
	12.7294 2.76366,
	12.7116 2.79924,
	12.7094 2.80369,
	12.6916 2.82148,
	12.6738 2.83149,
	12.656 2.83594,
	12.6382 2.84595,
	12.6337 2.84928,
	12.6315 2.85373,
	12.6304 2.87152,
	12.6282 2.87597,
	12.6193 2.88376,
	12.6148 2.88598,
	12.6059 2.88598,
	12.5881 2.88042,
	12.5826 2.87264,
	12.5781 2.85484,
	12.5781 2.8504,
	12.5759 2.84706,
	12.5403 2.84372,
	12.5225 2.83594,
	12.5047 2.82593,
	12.4958 2.82037,
	12.4803 2.80258,
	12.4725 2.79368,
	12.4491 2.7581,
	12.4336 2.74031,
	12.4158 2.72363,
	12.398 2.7114,
	12.3813 2.70139,
	12.3457 2.66691,
	12.3368 2.65802,
	12.3268 2.64023,
	12.319 2.60464,
	12.3168 2.58685,
	12.3168 2.5824,
	12.3012 2.54682,
	12.2968 2.52903,
	12.2968 2.52013,
	12.2901 2.50234,
	12.289 2.49344,
	12.2812 2.47565,
	12.2712 2.45786,
	12.2634 2.44007,
	12.259 2.42227,
	12.259 2.40448,
	12.2634 2.3689,
	12.2634 2.36,
	12.259 2.34221,
	12.2568 2.32442,
	"/>
</Transform>

<Transform dim="1"
 xcoef=" 0.181065246840664 1 0 0 0 0"
 ycoef=" 0.414998187025503 0 1 0 0 0">
<Contour name="d046_p21" hidden="false" closed="true" simplified="true" border="1 1 0" fill="1 1 0" mode="11"
 points="12.8325 2.08015,
	12.8411 2.07961,
	12.8584 2.08339,
	12.8627 2.08502,
	12.867 2.08772,
	12.8692 2.08934,
	12.8714 2.08988,
	12.8886 2.10122,
	12.8973 2.10392,
	12.9016 2.10338,
	12.9038 2.10284,
	12.9124 2.09636,
	12.9146 2.0942,
	12.9151 2.09204,
	12.9183 2.08772,
	12.9227 2.07907,
	12.9329 2.06179,
	12.9394 2.04451,
	12.9405 2.03587,
	12.9399 2.02723,
	12.9394 2.02291,
	12.9318 2.00563,
	12.9313 2.00131,
	12.9351 1.98403,
	12.9356 1.98187,
	12.9356 1.98079,
	12.9372 1.97863,
	12.9545 1.96837,
	12.9718 1.96513,
	12.9891 1.96351,
	13.0236 1.96405,
	13.0582 1.96621,
	13.0755 1.96783,
	13.0841 1.96891,
	13.0885 1.96945,
	13.0928 1.97107,
	13.1014 1.97269,
	13.1101 1.97539,
	13.1144 1.97647,
	13.1317 1.98349,
	13.1403 1.98727,
	13.1576 1.99645,
	13.1662 2.00131,
	13.1749 2.00833,
	13.1792 2.01049,
	13.1878 2.01751,
	13.1959 2.02615,
	13.2024 2.03479,
	13.2062 2.03911,
	13.2078 2.04343,
	13.2094 2.05207,
	13.21 2.06071,
	13.2089 2.06935,
	13.2083 2.07367,
	13.2051 2.08231,
	13.1992 2.09096,
	13.1824 2.10554,
	13.1786 2.10824,
	13.1749 2.11256,
	13.1662 2.12984,
	13.1452 2.1644,
	13.1403 2.17304,
	13.1327 2.18168,
	13.1284 2.18492,
	13.1241 2.18708,
	13.1068 2.19194,
	13.0895 2.19572,
	13.0852 2.19626,
	13.0766 2.20004,
	13.0679 2.2022,
	13.0636 2.20382,
	13.055 2.2049,
	13.0377 2.20868,
	13.029 2.2103,
	12.9945 2.22056,
	12.9599 2.22974,
	12.9426 2.23676,
	12.9254 2.24486,
	12.9167 2.24972,
	12.9124 2.25188,
	12.8951 2.26538,
	12.8795 2.28266,
	12.8757 2.28698,
	12.873 2.2913,
	12.8708 2.29292,
	12.8697 2.29076,
	12.8681 2.27348,
	12.867 2.26916,
	12.866 2.2346,
	12.8654 2.22596,
	12.8643 2.22164,
	12.8638 2.213,
	12.8622 2.20436,
	12.8606 2.1698,
	12.8606 2.15252,
	12.8573 2.13524,
	12.8557 2.1266,
	12.8541 2.12228,
	12.8525 2.11364,
	12.8508 2.11148,
	12.8476 2.10284,
	12.8454 2.10068,
	12.8449 2.09852,
	12.8395 2.09042,
	12.833 2.08177,
	12.8325 2.08069,
	"/>
</Transform>

<Transform dim="1"
 xcoef=" 0.181065246840664 1 0 0 0 0"
 ycoef=" 0.414998187025503 0 1 0 0 0">
<Contour name="d046_checked" hidden="false" closed="true" simplified="false" border="0 1 0" fill="0 1 0" mode="-13"
 points="12.8544 2.17573,
	12.8599 2.16809,
	12.8544 2.16045,
	12.8577 2.16045,
	12.862 2.167,
	12.8664 2.16045,
	12.8697 2.16045,
	12.8642 2.16809,
	12.8697 2.17573,
	12.8664 2.17573,
	12.862 2.16918,
	12.8577 2.17573,
	"/>
</Transform>

<Transform dim="1"
 xcoef=" 0.181065246840664 1 0 0 0 0"
 ycoef=" 0.414998187025503 0 1 0 0 0">
<Contour name="d046_cfa21" hidden="false" closed="false" simplified="false" border="0 1 0" fill="0 1 0" mode="11"
 points="13.1753 2.01626,
	13.1215 1.987,
	13.0677 1.97473,
	12.995 1.97379,
	"/>
</Transform>

<Transform dim="1"
 xcoef=" 0.181065246840664 1 0 0 0 0"
 ycoef=" 0.414998187025503 0 1 0 0 0">
<Contour name="d046_c21" hidden="false" closed="true" simplified="true" border="1 0 0" fill="1 0 0" mode="11"
 points="12.9856 1.99627,
	12.9885 1.98116,
	12.9894 1.97739,
	12.9894 1.9755,
	12.9932 1.97267,
	12.9932 1.96512,
	13.0083 1.93492,
	13.0168 1.91981,
	13.0309 1.91038,
	13.0914 1.88489,
	13.0989 1.88206,
	13.1593 1.88867,
	13.1669 1.88867,
	13.1706 1.88961,
	13.1725 1.88961,
	13.2027 1.91509,
	13.2103 1.9217,
	13.2122 1.92359,
	13.2159 1.95379,
	13.2178 1.96134,
	13.2178 1.96512,
	13.2056 1.99532,
	13.1754 2.02269,
	13.115 2.0529,
	13.1074 2.05573,
	13.0923 2.05667,
	13.0847 2.05573,
	13.0243 2.02647,
	12.9941 2.01137,
	12.9904 2.00948,
	12.9875 2.00571,
	12.9856 2.00382,
	12.9856 1.99721,
	"/>
</Transform>

<Transform dim="1"
 xcoef=" 0.181065246840664 1 0 0 0 0"
 ycoef=" 0.414998187025503 0 1 0 0 0">
<Contour name="D046_ax01" hidden="false" closed="true" simplified="false" border="0 1 1" fill="0 1 1" mode="-11"
 points="10.2627 4.28345,
	10.2767 4.26948,
	10.2208 4.21359,
	10.2347 4.19962,
	10.2906 4.2555,
	10.3046 4.24153,
	10.3046 4.28345,
	"/>
</Transform>

<Transform dim="1"
 xcoef=" 0.181065246840664 1 0 0 0 0"
 ycoef=" 0.414998187025503 0 1 0 0 0">
<Contour name="D046_ax01" hidden="false" closed="true" simplified="false" border="0 1 1" fill="0 1 1" mode="-11"
 points="9.81413 5.21825,
	9.82624 5.20614,
	9.7778 5.1577,
	9.78991 5.14559,
	9.83835 5.19403,
	9.85046 5.18192,
	9.85046 5.21825,
	"/>
</Transform>

<Transform dim="1"
 xcoef=" 0.181065246840664 1 0 0 0 0"
 ycoef=" 0.414998187025503 0 1 0 0 0">
<Contour name="D046_ax01" hidden="false" closed="true" simplified="false" border="0 1 1" fill="0 1 1" mode="-11"
 points="9.90996 6.42907,
	9.92379 6.41524,
	9.86848 6.35993,
	9.88231 6.34611,
	9.93762 6.40141,
	9.95144 6.38759,
	9.95144 6.42907,
	"/>
</Transform>

<Transform dim="1"
 xcoef=" 0.181065246840664 1 0 0 0 0"
 ycoef=" 0.414998187025503 0 1 0 0 0">
<Contour name="D046 ax01??" hidden="false" closed="true" simplified="false" border="1 1 0" fill="1 1 0" mode="11"
 points="7.48078 5.8868,
	7.45613 5.8868,
	7.45613 5.89913,
	7.46846 5.91146,
	7.50544 5.92378,
	7.48078 5.93611,
	7.46846 5.96076,
	7.4438 5.93611,
	7.43148 5.91146,
	7.43148 5.8868,
	7.40682 5.8868,
	7.4438 5.86215,
	"/>
</Transform>

<Transform dim="1"
 xcoef=" 0.181065246840664 1 0 0 0 0"
 ycoef=" 0.414998187025503 0 1 0 0 0">
<Contour name="D037" hidden="false" closed="true" simplified="true" border="0 0 1" fill="0 0 1" mode="11"
 points="12.8079 0.480759,
	12.8097 0.464978,
	12.8153 0.449616,
	12.8243 0.435082,
	12.8367 0.421762,
	12.852 0.41001,
	12.8698 0.400138,
	12.8897 0.392408,
	12.9112 0.387027,
	12.9336 0.384136,
	12.9565 0.383813,
	12.9791 0.386066,
	13.0008 0.390836,
	13.0212 0.397996,
	13.0396 0.407354,
	13.0556 0.418664,
	13.0687 0.431624,
	13.0786 0.44589,
	13.085 0.461082,
	13.0878 0.476797,
	13.0869 0.492617,
	13.0822 0.508123,
	13.0741 0.522901,
	13.0625 0.536559,
	13.0479 0.548734,
	13.0307 0.559103,
	13.0112 0.56739,
	12.9901 0.573375,
	12.9678 0.576898,
	12.945 0.577866,
	12.9223 0.576254,
	12.9003 0.572104,
	12.8795 0.565526,
	12.8606 0.556696,
	12.844 0.545848,
	12.8301 0.53327,
	12.8194 0.519296,
	12.8121 0.504299,
	"/>
</Transform>

<Transform dim="1"
 xcoef=" 0.181065246840664 1 0 0 0 0"
 ycoef=" 0.414998187025503 0 1 0 0 0">
<Contour name="D020" hidden="false" closed="true" simplified="true" border="0 0 1" fill="0 0 1" mode="11"
 points="10.3728 6.52677,
	10.3744 6.50638,
	10.379 6.48651,
	10.3865 6.46769,
	10.3968 6.4504,
	10.4095 6.43509,
	10.4244 6.42215,
	10.4411 6.41192,
	10.459 6.40467,
	10.4779 6.40057,
	10.4971 6.39975,
	10.5162 6.40222,
	10.5346 6.40791,
	10.552 6.41668,
	10.5678 6.4283,
	10.5817 6.44247,
	10.5932 6.45883,
	10.6022 6.47694,
	10.6083 6.49635,
	10.6113 6.51654,
	10.6113 6.537,
	10.6083 6.55719,
	10.6022 6.57659,
	10.5932 6.59471,
	10.5817 6.61106,
	10.5678 6.62524,
	10.552 6.63686,
	10.5346 6.64563,
	10.5162 6.65132,
	10.4971 6.65378,
	10.4779 6.65296,
	10.459 6.64887,
	10.4411 6.64161,
	10.4244 6.63139,
	10.4095 6.61845,
	10.3968 6.60313,
	10.3865 6.58584,
	10.379 6.56702,
	"/>
</Transform>

<Transform dim="1"
 xcoef=" 0.181065246840664 1 0 0 0 0"
 ycoef=" 0.414998187025503 0 1 0 0 0">
<Contour name="D060_large" hidden="false" closed="true" simplified="true" border="0 0 1" fill="0 0 1" mode="11"
 points="2.84434 1.36008,
	2.84555 1.34024,
	2.84912 1.32094,
	2.85496 1.30275,
	2.86291 1.28616,
	2.87274 1.27164,
	2.88418 1.2596,
	2.89691 1.25037,
	2.91057 1.24422,
	2.92478 1.24131,
	2.93914 1.24172,
	2.95325 1.24546,
	2.96671 1.2524,
	2.97915 1.26236,
	2.99022 1.27505,
	2.99961 1.29013,
	3.00705 1.30717,
	3.01233 1.32569,
	3.01532 1.34517,
	3.01592 1.36507,
	3.01412 1.38483,
	3.00997 1.4039,
	3.00358 1.42174,
	2.99514 1.43785,
	2.98488 1.45179,
	2.97308 1.46315,
	2.96009 1.47163,
	2.94625 1.47699,
	2.93197 1.47907,
	2.91763 1.47782,
	2.90365 1.47327,
	2.89041 1.46555,
	2.87828 1.45488,
	2.86761 1.44155,
	2.85868 1.42595,
	2.85176 1.40849,
	2.84704 1.38968,
	"/>
</Transform>

<Transform dim="1"
 xcoef=" 0.181065246840664 1 0 0 0 0"
 ycoef=" 0.414998187025503 0 1 0 0 0">
<Contour name="D022" hidden="false" closed="true" simplified="true" border="0 0 1" fill="0 0 1" mode="11"
 points="15.9944 4.68615,
	15.9953 4.67309,
	15.998 4.66023,
	16.0023 4.64781,
	16.0084 4.63601,
	16.0159 4.62504,
	16.0249 4.61507,
	16.0352 4.60627,
	16.0466 4.59877,
	16.0589 4.59272,
	16.072 4.5882,
	16.0855 4.58528,
	16.0994 4.58402,
	16.1133 4.58444,
	16.127 4.58653,
	16.1403 4.59026,
	16.153 4.59556,
	16.1649 4.60235,
	16.1757 4.61051,
	16.1854 4.61992,
	16.1937 4.63041,
	16.2005 4.64182,
	16.2058 4.65396,
	16.2093 4.66662,
	16.2111 4.67961,
	16.2111 4.6927,
	16.2093 4.70569,
	16.2058 4.71835,
	16.2005 4.73049,
	16.1937 4.7419,
	16.1854 4.75239,
	16.1757 4.7618,
	16.1649 4.76996,
	16.153 4.77675,
	16.1403 4.78205,
	16.127 4.78577,
	16.1133 4.78786,
	16.0994 4.78828,
	16.0855 4.78703,
	16.072 4.78411,
	16.0589 4.77959,
	16.0466 4.77353,
	16.0352 4.76604,
	16.0249 4.75724,
	16.0159 4.74727,
	16.0084 4.7363,
	16.0023 4.7245,
	15.998 4.71207,
	15.9953 4.69922,
	"/>
</Transform>

<Transform dim="1"
 xcoef=" 0.181065246840664 1 0 0 0 0"
 ycoef=" 0.414998187025503 0 1 0 0 0">
<Contour name="D033" hidden="false" closed="true" simplified="true" border="0 0 1" fill="0 0 1" mode="11"
 points="10.3892 2.55696,
	10.3904 2.54723,
	10.3939 2.5378,
	10.3996 2.52897,
	10.4074 2.52101,
	10.4169 2.51418,
	10.4279 2.50869,
	10.4401 2.5047,
	10.4531 2.50235,
	10.4664 2.5017,
	10.4797 2.50278,
	10.4925 2.50555,
	10.5044 2.50993,
	10.5151 2.51577,
	10.5242 2.52291,
	10.5315 2.53111,
	10.5367 2.54011,
	10.5396 2.54964,
	10.5402 2.55941,
	10.5384 2.56909,
	10.5343 2.5784,
	10.5281 2.58703,
	10.5199 2.59473,
	10.5099 2.60125,
	10.4986 2.60638,
	10.4862 2.60997,
	10.4731 2.6119,
	10.4597 2.61212,
	10.4465 2.61061,
	10.4339 2.60743,
	10.4223 2.60267,
	10.4119 2.59648,
	10.4033 2.58905,
	10.3965 2.58063,
	10.3919 2.57146,
	"/>
</Transform>

<Transform dim="1"
 xcoef=" 0.181065246840664 1 0 0 0 0"
 ycoef=" 0.414998187025503 0 1 0 0 0">
<Contour name="D058" hidden="false" closed="true" simplified="true" border="0 0 1" fill="0 0 1" mode="11"
 points="5.40047 11.1724,
	5.4022 11.162,
	5.40729 11.1522,
	5.41545 11.1435,
	5.42624 11.1365,
	5.43905 11.1314,
	5.45315 11.1286,
	5.46776 11.1283,
	5.48207 11.1305,
	5.49527 11.135,
	5.50663 11.1416,
	5.5155 11.1499,
	5.52139 11.1595,
	5.52398 11.1698,
	5.52311 11.1803,
	5.51884 11.1903,
	5.51141 11.1993,
	5.50122 11.2068,
	5.48886 11.2124,
	5.47501 11.2157,
	5.46044 11.2167,
	5.44598 11.2151,
	5.43243 11.2112,
	5.42056 11.2051,
	5.41101 11.1972,
	5.40433 11.1878,
	"/>
</Transform>

<Transform dim="1"
 xcoef=" 0.09 1 0 0 0 0"
 ycoef=" -0.09 0 1 0 0 0">
<Contour name="d020" hidden="false" closed="true" simplified="true" border="1 1 0" fill="1 1 0" mode="11"
 points="10.0208 5.72276,
	10.0285 5.69536,
	10.0345 5.68166,
	10.0379 5.67481,
	10.0388 5.67139,
	10.0474 5.65854,
	10.0508 5.65169,
	10.0611 5.63885,
	10.0679 5.63286,
	10.0739 5.62943,
	10.0808 5.6243,
	10.0876 5.62173,
	10.0893 5.62002,
	10.103 5.61573,
	10.1099 5.61317,
	10.1236 5.6106,
	10.1373 5.60632,
	10.1647 5.60032,
	10.1784 5.59861,
	10.1921 5.59861,
	10.2195 5.59519,
	10.2332 5.59433,
	10.2366 5.59433,
	10.2434 5.5969,
	10.2469 5.5969,
	10.2537 5.59947,
	10.2597 5.60375,
	10.2862 5.61402,
	10.2999 5.62173,
	10.3273 5.63971,
	10.3308 5.64142,
	10.3333 5.64485,
	10.3402 5.64913,
	10.3436 5.65084,
	10.3453 5.65084,
	10.3479 5.65341,
	10.3513 5.65426,
	10.3522 5.65598,
	10.3539 5.65598,
	10.3556 5.65769,
	10.3573 5.65769,
	10.359 5.6594,
	10.3727 5.66368,
	10.3864 5.66539,
	10.4138 5.66539,
	10.4207 5.66539,
	10.4241 5.66539,
	10.4275 5.66711,
	10.4309 5.66711,
	10.4344 5.66882,
	10.4361 5.66882,
	10.4369 5.67053,
	10.4438 5.6731,
	10.4455 5.6731,
	10.4472 5.67481,
	10.4489 5.67481,
	10.4618 5.68423,
	10.4686 5.68765,
	10.4806 5.69793,
	10.4874 5.70307,
	10.4926 5.70906,
	10.5063 5.71848,
	10.52 5.72618,
	10.5268 5.73046,
	10.5337 5.73303,
	10.5371 5.73389,
	10.5388 5.7356,
	10.5525 5.74074,
	10.5559 5.74245,
	10.5576 5.74245,
	10.5713 5.75187,
	10.5842 5.76386,
	10.5842 5.76557,
	10.5868 5.76899,
	10.5885 5.7707,
	10.5885 5.77242,
	10.5936 5.77927,
	10.5979 5.79297,
	10.597 5.82036,
	10.5919 5.83406,
	10.591 5.83749,
	10.5885 5.84006,
	10.585 5.85375,
	10.5842 5.88115,
	10.5893 5.90855,
	10.5902 5.92225,
	10.5885 5.93595,
	10.5885 5.9428,
	10.585 5.9565,
	10.5833 5.9839,
	10.5756 6.03869,
	10.5748 6.04554,
	10.5705 6.05924,
	10.5696 6.06609,
	10.5679 6.06951,
	10.5671 6.07636,
	10.5662 6.07979,
	10.5645 6.0815,
	10.5594 6.0952,
	10.5508 6.10804,
	10.5397 6.12003,
	10.5303 6.13202,
	10.5277 6.13544,
	10.502 6.15171,
	10.4951 6.15513,
	10.4883 6.16113,
	10.4772 6.17397,
	10.4695 6.18767,
	10.4678 6.19109,
	10.466 6.19281,
	10.466 6.19452,
	10.4643 6.19623,
	10.4643 6.19794,
	10.4575 6.20051,
	10.4541 6.20308,
	10.4472 6.20565,
	10.4335 6.20736,
	10.4198 6.20736,
	10.413 6.2065,
	10.3993 6.20137,
	10.3924 6.19709,
	10.3907 6.19709,
	10.3838 6.19281,
	10.377 6.19024,
	10.3701 6.19024,
	10.3564 6.19452,
	10.3427 6.19709,
	10.3359 6.19794,
	10.329 6.20051,
	10.3016 6.20137,
	10.288 6.19623,
	10.2845 6.19537,
	10.2828 6.19366,
	10.2811 6.19366,
	10.2794 6.19195,
	10.2777 6.19195,
	10.2743 6.18938,
	10.2708 6.18852,
	10.2691 6.18681,
	10.2657 6.18596,
	10.252 6.17739,
	10.2451 6.1714,
	10.2314 6.16284,
	10.2246 6.15856,
	10.2117 6.14657,
	10.2092 6.14486,
	10.1972 6.13202,
	10.1912 6.12773,
	10.1801 6.11489,
	10.1741 6.1089,
	10.1707 6.10633,
	10.1621 6.09263,
	10.1578 6.08578,
	10.1552 6.08236,
	10.1552 6.08064,
	10.1467 6.06695,
	10.145 6.06523,
	10.145 6.06352,
	10.1407 6.05667,
	10.1381 6.04982,
	10.1355 6.0464,
	10.1304 6.0327,
	10.127 6.019,
	10.1219 6.0053,
	10.1201 5.99845,
	10.1193 5.99503,
	10.1176 5.99331,
	10.109 5.96592,
	10.1064 5.95907,
	10.1047 5.95564,
	10.1047 5.95393,
	10.103 5.95222,
	10.1013 5.94537,
	10.0987 5.94194,
	10.0979 5.93852,
	10.0962 5.93681,
	10.091 5.92311,
	10.0885 5.91968,
	10.0885 5.91797,
	10.0842 5.91112,
	10.0816 5.90855,
	10.0808 5.90513,
	10.0782 5.9017,
	10.0782 5.89999,
	10.0765 5.89828,
	10.0765 5.89656,
	10.0688 5.88287,
	10.0671 5.88115,
	10.0671 5.87944,
	10.0593 5.86574,
	10.0482 5.83834,
	10.0482 5.83663,
	10.0465 5.83492,
	10.0422 5.82122,
	10.0362 5.80752,
	10.0277 5.78012,
	10.0251 5.77327,
	10.0234 5.75957,
	10.0217 5.75272,
	10.0208 5.72533,
	10.0208 5.72361,
	"/>
</Transform>

<Transform dim="1"
 xcoef=" 0.09 1 0 0 0 0"
 ycoef=" -0.09 0 1 0 0 0">
<Contour name="d020_p07" hidden="false" closed="true" simplified="true" border="1 1 0" fill="1 1 0" mode="11"
 points="8.89053 5.57482,
	8.89613 5.56922,
	8.89752 5.56782,
	8.89892 5.56747,
	8.90172 5.56537,
	8.90312 5.56397,
	8.90592 5.56222,
	8.91152 5.55732,
	8.91432 5.55487,
	8.91957 5.55138,
	8.93076 5.54928,
	8.94196 5.54823,
	8.95315 5.54963,
	8.95875 5.55068,
	8.96995 5.55452,
	8.98114 5.55977,
	8.98254 5.56047,
	8.98324 5.56117,
	8.98604 5.56222,
	8.99164 5.56572,
	8.99304 5.56677,
	8.99444 5.56712,
	9.00004 5.57097,
	9.00284 5.57272,
	9.00423 5.57377,
	9.00493 5.57377,
	9.01053 5.57797,
	9.01333 5.58006,
	9.01613 5.58286,
	9.02173 5.58706,
	9.03292 5.59791,
	9.03817 5.60351,
	9.04062 5.6063,
	9.04447 5.6119,
	9.04902 5.61715,
	9.05462 5.62065,
	9.06581 5.6259,
	9.07141 5.62835,
	9.0938 5.63534,
	9.0966 5.63639,
	9.1078 5.63674,
	9.11339 5.63744,
	9.13579 5.64304,
	9.14138 5.64444,
	9.16378 5.64654,
	9.16937 5.64689,
	9.18057 5.64899,
	9.18337 5.64934,
	9.18617 5.65039,
	9.19176 5.65389,
	9.20261 5.66263,
	9.21206 5.67383,
	9.21416 5.67663,
	9.2194 5.68223,
	9.2222 5.68503,
	9.23165 5.69622,
	9.25299 5.71861,
	9.25824 5.72421,
	9.26279 5.72981,
	9.28518 5.74415,
	9.29638 5.7508,
	9.34116 5.77249,
	9.35235 5.77809,
	9.36355 5.78089,
	9.38594 5.78894,
	9.39154 5.79069,
	9.39434 5.79174,
	9.39714 5.79348,
	9.39994 5.79453,
	9.40274 5.79488,
	9.42513 5.80363,
	9.43632 5.80748,
	9.45872 5.81343,
	9.46991 5.81518,
	9.47551 5.81588,
	9.47831 5.81623,
	9.48391 5.81798,
	9.4867 5.81903,
	9.5091 5.82112,
	9.53149 5.82497,
	9.54268 5.82707,
	9.55388 5.83022,
	9.55948 5.83267,
	9.56508 5.83582,
	9.56787 5.83722,
	9.57347 5.84142,
	9.57627 5.84352,
	9.59481 5.86591,
	9.59691 5.87151,
	9.60251 5.8827,
	9.60566 5.8883,
	9.61371 5.91069,
	9.61756 5.92189,
	9.6214 5.94428,
	9.62245 5.95547,
	9.62315 5.97787,
	9.62525 5.98906,
	9.6263 5.99466,
	9.6305 6.00586,
	9.63365 6.01145,
	9.64869 6.03385,
	9.65324 6.03944,
	9.66339 6.05064,
	9.66864 6.05624,
	9.67109 6.05904,
	9.67773 6.07023,
	9.68088 6.07583,
	9.68578 6.08703,
	9.68683 6.08982,
	9.68893 6.10102,
	9.68998 6.12341,
	9.69033 6.12621,
	9.68998 6.13181,
	9.68823 6.143,
	9.68753 6.1542,
	9.68753 6.157,
	9.68368 6.17939,
	9.67843 6.20178,
	9.67458 6.22417,
	9.67144 6.24657,
	9.66969 6.25776,
	9.66409 6.28015,
	9.66094 6.29135,
	9.65919 6.29695,
	9.65849 6.29975,
	9.65674 6.30254,
	9.65569 6.30394,
	9.65184 6.31514,
	9.65079 6.31794,
	9.64729 6.32354,
	9.64625 6.32494,
	9.6452 6.32774,
	9.6403 6.33333,
	9.6375 6.33893,
	9.63575 6.34453,
	9.6347 6.34733,
	9.63295 6.34978,
	9.62735 6.35363,
	9.62595 6.35468,
	9.61476 6.35677,
	9.60916 6.35747,
	9.60356 6.35572,
	9.60076 6.35363,
	9.59551 6.34838,
	9.59097 6.34313,
	9.58887 6.33753,
	9.58782 6.33473,
	9.58327 6.31234,
	9.58152 6.30115,
	9.58117 6.28995,
	9.56752 6.24517,
	9.56403 6.23397,
	9.55913 6.22277,
	9.55668 6.21718,
	9.55353 6.21158,
	9.55213 6.20878,
	9.55178 6.20738,
	9.53464 6.18499,
	9.52554 6.17379,
	9.51574 6.1626,
	9.49335 6.14125,
	9.45067 6.09682,
	9.40588 6.05239,
	9.38349 6.03245,
	9.3723 6.02265,
	9.34991 6.00656,
	9.34431 6.00306,
	9.33311 5.99746,
	9.32192 5.99081,
	9.31072 5.98346,
	9.29952 5.97472,
	9.25474 5.93728,
	9.23235 5.92119,
	9.18757 5.8911,
	9.17637 5.88375,
	9.15398 5.86731,
	9.14278 5.85891,
	9.098 5.82217,
	9.07561 5.80363,
	9.03083 5.76829,
	9.02523 5.76445,
	9.00284 5.75325,
	8.99164 5.74765,
	8.98044 5.74135,
	8.96925 5.73366,
	8.96365 5.72911,
	8.95245 5.72281,
	8.94126 5.71546,
	8.93566 5.71162,
	8.93426 5.71092,
	8.92307 5.70077,
	8.91782 5.69552,
	8.91327 5.68992,
	8.91047 5.68747,
	8.90417 5.67628,
	8.90207 5.67068,
	8.89892 5.65948,
	8.89717 5.63709,
	8.89648 5.6259,
	8.89473 5.6147,
	8.89193 5.60351,
	8.89088 5.59791,
	8.89053 5.57552,
	8.89053 5.57517,
	"/>
</Transform>

<Transform dim="1"
 xcoef=" 0.09 1 0 0 0 0"
 ycoef=" -0.09 0 1 0 0 0">
<Contour name="d020_p08" hidden="false" closed="true" simplified="true" border="1 1 0" fill="1 1 0" mode="11"
 points="10.8859 5.43506,
	10.8883 5.42538,
	10.8955 5.40602,
	10.8968 5.4036,
	10.898 5.40238,
	10.898 5.40117,
	10.8998 5.39875,
	10.8998 5.39754,
	10.9016 5.39512,
	10.9022 5.3927,
	10.9089 5.38302,
	10.9119 5.37878,
	10.9137 5.37757,
	10.927 5.36002,
	10.9288 5.35821,
	10.9288 5.357,
	10.9343 5.34731,
	10.9361 5.34247,
	10.9494 5.32371,
	10.9585 5.31645,
	10.9633 5.31342,
	10.973 5.3104,
	10.9827 5.30858,
	11.0021 5.30919,
	11.0117 5.311,
	11.0166 5.31161,
	11.0214 5.31342,
	11.0311 5.31403,
	11.0359 5.31403,
	11.0384 5.31403,
	11.048 5.3104,
	11.0493 5.30919,
	11.0517 5.30858,
	11.0614 5.30314,
	11.071 5.29951,
	11.0807 5.2989,
	11.0856 5.2989,
	11.088 5.2989,
	11.0977 5.30253,
	11.1001 5.30374,
	11.1013 5.30374,
	11.1019 5.30495,
	11.1116 5.30919,
	11.1134 5.311,
	11.1146 5.311,
	11.1231 5.31766,
	11.1304 5.32613,
	11.1364 5.33521,
	11.1382 5.33703,
	11.1388 5.33945,
	11.1406 5.34126,
	11.1412 5.34368,
	11.1431 5.3461,
	11.1443 5.35095,
	11.1455 5.35216,
	11.1473 5.36184,
	11.1479 5.3812,
	11.1455 5.39089,
	11.1437 5.39573,
	11.1437 5.39815,
	11.1419 5.40299,
	11.1419 5.4042,
	11.1406 5.40541,
	11.1346 5.42478,
	11.131 5.43446,
	11.131 5.43688,
	11.1297 5.43809,
	11.1273 5.44777,
	11.1237 5.45746,
	11.1213 5.46714,
	11.1176 5.47682,
	11.1116 5.4865,
	11.0965 5.50526,
	11.088 5.51313,
	11.0692 5.53068,
	11.0644 5.53552,
	11.0602 5.53915,
	11.0505 5.54823,
	11.0317 5.56155,
	11.022 5.56578,
	11.0123 5.5676,
	11.0075 5.5676,
	10.9978 5.56941,
	10.993 5.57002,
	10.9833 5.56881,
	10.9785 5.56699,
	10.976 5.56639,
	10.9748 5.56639,
	10.9736 5.56518,
	10.9688 5.56397,
	10.9645 5.56155,
	10.9597 5.55791,
	10.9579 5.55549,
	10.9579 5.55428,
	10.9518 5.5446,
	10.9506 5.54218,
	10.9494 5.54097,
	10.9494 5.53976,
	10.9476 5.53734,
	10.9464 5.53613,
	10.9464 5.53492,
	10.9452 5.53431,
	10.9446 5.53189,
	10.9427 5.52947,
	10.9397 5.52039,
	10.9373 5.51555,
	10.9367 5.51313,
	10.9331 5.50829,
	10.9325 5.50587,
	10.9264 5.49679,
	10.9185 5.48832,
	10.9089 5.48106,
	10.901 5.4738,
	10.8931 5.46472,
	10.8901 5.46109,
	10.8883 5.45625,
	10.8883 5.45504,
	10.8871 5.45382,
	10.8859 5.44414,
	10.8859 5.4393,
	10.8859 5.43688,
	10.8859 5.43567,
	"/>
</Transform>

<Transform dim="1"
 xcoef=" 0.09 1 0 0 0 0"
 ycoef=" -0.09 0 1 0 0 0">
<Contour name="D019 sym cand 2" hidden="false" closed="true" simplified="true" border="0 1 1" fill="0 1 1" mode="-11"
 points="4.55721 3.77341,
	4.55754 3.76467,
	4.55853 3.75597,
	4.56016 3.74738,
	4.56244 3.73894,
	4.56534 3.73071,
	4.56886 3.72273,
	4.57296 3.71506,
	4.57763 3.70773,
	4.58284 3.70078,
	4.58855 3.69428,
	4.59474 3.68824,
	4.60136 3.6827,
	4.60838 3.67771,
	4.61575 3.67328,
	4.62343 3.66945,
	4.63138 3.66624,
	4.63954 3.66366,
	4.64788 3.66174,
	4.65633 3.66048,
	4.66486 3.65989,
	4.6734 3.65997,
	4.68192 3.66073,
	4.69034 3.66216,
	4.69864 3.66425,
	4.70676 3.66698,
	4.71464 3.67035,
	4.72225 3.67434,
	4.72954 3.67891,
	4.73646 3.68404,
	4.74298 3.6897,
	4.74905 3.69586,
	4.75464 3.70248,
	4.75971 3.70952,
	4.76424 3.71694,
	4.7682 3.7247,
	4.77157 3.73275,
	4.77432 3.74104,
	4.77644 3.74952,
	4.77791 3.75814,
	4.77873 3.76685,
	4.7789 3.7756,
	4.7784 3.78434,
	4.77725 3.79302,
	4.77546 3.80157,
	4.77302 3.80997,
	4.76996 3.81814,
	4.7663 3.82605,
	4.76205 3.83364,
	4.75724 3.84088,
	4.7519 3.84771,
	4.74607 3.85411,
	4.73977 3.86003,
	4.73305 3.86543,
	4.72594 3.87028,
	4.71849 3.87456,
	4.71073 3.87824,
	4.70273 3.88129,
	4.69451 3.88371,
	4.68614 3.88547,
	4.67767 3.88656,
	4.66913 3.88698,
	4.66059 3.88673,
	4.6521 3.8858,
	4.64369 3.88421,
	4.63544 3.88196,
	4.62738 3.87906,
	4.61955 3.87554,
	4.61202 3.87141,
	4.60482 3.86669,
	4.598 3.86143,
	4.59159 3.85564,
	4.58564 3.84936,
	4.58017 3.84263,
	4.57523 3.83549,
	4.57084 3.82798,
	4.56703 3.82014,
	4.56381 3.81203,
	4.56122 3.80369,
	4.55926 3.79517,
	4.55795 3.78652,
	"/>
</Transform>

<Transform dim="1"
 xcoef=" 0.09 1 0 0 0 0"
 ycoef=" -0.09 0 1 0 0 0">
<Contour name="d020_cfa07" hidden="false" closed="false" simplified="false" border="0 1 0" fill="0 1 0" mode="11"
 points="9.31951 5.97219,
	9.37811 6.00834,
	9.4137 6.03791,
	9.4619 6.0987,
	"/>
</Transform>

<Transform dim="1"
 xcoef=" 0.09 1 0 0 0 0"
 ycoef=" -0.09 0 1 0 0 0">
<Contour name="d020_c07" hidden="false" closed="true" simplified="true" border="1 0 0" fill="1 0 0" mode="11"
 points="9.31404 5.98278,
	9.31776 5.97485,
	9.31875 5.97287,
	9.32272 5.96891,
	9.32371 5.96866,
	9.33164 5.96965,
	9.3356 5.9699,
	9.33758 5.97015,
	9.34551 5.96965,
	9.34948 5.9694,
	9.35741 5.9699,
	9.36534 5.97089,
	9.36732 5.97163,
	9.37129 5.97411,
	9.37327 5.97585,
	9.3812 5.97808,
	9.38318 5.97882,
	9.39904 5.98923,
	9.40697 5.99468,
	9.43819 6.0264,
	9.45381 6.04226,
	9.46025 6.05019,
	9.46322 6.05415,
	9.4652 6.06208,
	9.46644 6.07001,
	9.46843 6.07794,
	9.46892 6.07992,
	9.46471 6.09578,
	9.46446 6.09678,
	9.46074 6.09975,
	9.45901 6.10148,
	9.45108 6.10619,
	9.4491 6.10743,
	9.44117 6.11016,
	9.4372 6.1114,
	9.43324 6.11214,
	9.42927 6.11239,
	9.41341 6.1114,
	9.40548 6.1109,
	9.40152 6.1104,
	9.39359 6.10718,
	9.38962 6.10545,
	9.38789 6.10421,
	9.3864 6.10223,
	9.38615 6.10198,
	9.3869 6.10124,
	9.38492 6.09925,
	9.38293 6.09851,
	9.38194 6.09826,
	9.37401 6.09108,
	9.37005 6.08736,
	9.35691 6.0715,
	9.35518 6.06952,
	9.3532 6.06555,
	9.3522 6.06357,
	9.33734 6.04771,
	9.3299 6.03978,
	9.32123 6.02392,
	9.31776 6.01599,
	9.31479 6.00806,
	9.31404 6.00608,
	9.31404 5.99022,
	9.31404 5.98625,
	9.31404 5.98427,
	9.31404 5.98328,
	9.31404 5.98303,
	"/>
</Transform>

<Transform dim="1"
 xcoef=" 0.09 1 0 0 0 0"
 ycoef=" -0.09 0 1 0 0 0">
<Contour name="d020_cfa08" hidden="false" closed="false" simplified="false" border="0 1 0" fill="0 1 0" mode="11"
 points="11.1368 5.37156,
	11.1147 5.41002,
	11.0807 5.46239,
	11.0554 5.49104,
	11.0059 5.55814,
	"/>
</Transform>

<Transform dim="1"
 xcoef=" 0.09 1 0 0 0 0"
 ycoef=" -0.09 0 1 0 0 0">
<Contour name="d020_c08" hidden="false" closed="true" simplified="true" border="1 0 0" fill="1 0 0" mode="11"
 points="11.0026 5.55467,
	11.0062 5.54158,
	11.0157 5.51539,
	11.0173 5.51212,
	11.0292 5.49903,
	11.0349 5.49248,
	11.0377 5.48921,
	11.0701 5.43684,
	11.0864 5.41065,
	11.0946 5.39756,
	11.0987 5.39101,
	11.1118 5.38078,
	11.1183 5.37628,
	11.1249 5.37301,
	11.1282 5.37096,
	11.1347 5.37015,
	11.138 5.36974,
	11.1511 5.37342,
	11.1576 5.37546,
	11.1605 5.37751,
	11.1634 5.38037,
	11.1666 5.38242,
	11.1736 5.39551,
	11.1797 5.40861,
	11.1818 5.41515,
	11.183 5.4217,
	11.1834 5.44788,
	11.1826 5.45443,
	11.1764 5.48062,
	11.1744 5.48716,
	11.1691 5.50026,
	11.1662 5.5068,
	11.1642 5.51008,
	11.1634 5.51171,
	11.111 5.55263,
	11.1077 5.55508,
	11.1061 5.5559,
	11.1048 5.55754,
	11.1044 5.55917,
	11.0913 5.57022,
	11.0881 5.57227,
	11.075 5.57718,
	11.0684 5.57922,
	11.0652 5.58045,
	11.0619 5.58045,
	11.0602 5.57963,
	11.057 5.58004,
	11.0553 5.58045,
	11.0521 5.57922,
	11.0517 5.5784,
	11.0386 5.57677,
	11.032 5.57595,
	11.0287 5.57554,
	11.0222 5.57186,
	11.0157 5.56654,
	11.0091 5.56204,
	11.0058 5.55999,
	11.0034 5.55672,
	11.0026 5.55508,
	"/>
</Transform>

<Transform dim="1"
 xcoef=" 3.8872777183801 1 0 0 0 0"
 ycoef=" 9.13123344878809 0 1 0 0 0">
<Image mag="0.00201646" contrast="1.62889" brightness="-1.005" red="true" green="true" blue="true"
 src="102.tif_1.bmp" />
<Contour name="domain1" hidden="false" closed="true" simplified="false" border="1 0 1" fill="1 0 1" mode="11"
 points="0 0,
	12287 0,
	12287 12287,
	0 12287,
	"/>
</Transform>

</Section>