<?xml version="1.0"?>
<!DOCTYPE Section SYSTEM "section.dtd">

<Section index="105" thickness="0.052" alignLocked="true">
<Transform dim="1"
 xcoef=" 0.298532755173433 1 0 0 0 0"
 ycoef=" 0.749440764300286 0 1 0 0 0">
<Contour name="D054" hidden="false" closed="true" simplified="true" border="0 0 1" fill="0 0 1" mode="13"
 points="2.19929 1.37404,
	2.20085 1.3538,
	2.20547 1.33407,
	2.21305 1.31534,
	2.22338 1.2981,
	2.23622 1.28278,
	2.25124 1.26976,
	2.26805 1.25937,
	2.28624 1.25188,
	2.30534 1.24748,
	2.32487 1.24627,
	2.34433 1.24828,
	2.36325 1.25347,
	2.38113 1.26171,
	2.39753 1.27278,
	2.41204 1.28641,
	2.42428 1.30225,
	2.43395 1.3199,
	2.4408 1.33892,
	2.44467 1.35883,
	2.44545 1.37912,
	2.44312 1.39929,
	2.43774 1.41881,
	2.42945 1.43721,
	2.41846 1.45401,
	2.40505 1.46879,
	2.38955 1.48118,
	2.37235 1.49087,
	2.35389 1.4976,
	2.33464 1.50121,
	2.31508 1.50162,
	2.2957 1.4988,
	2.277 1.49283,
	2.25945 1.48387,
	2.24348 1.47213,
	2.22951 1.45791,
	2.21789 1.44158,
	2.2089 1.42354,
	2.20278 1.40425,
	"/>
</Transform>

<Transform dim="1"
 xcoef=" 0.298532755173433 1 0 0 0 0"
 ycoef=" 0.749440764300286 0 1 0 0 0">
<Contour name="D019" hidden="false" closed="true" simplified="true" border="0 0 1" fill="0 0 1" mode="13"
 points="5.08985 4.67266,
	5.09132 4.65613,
	5.09568 4.63998,
	5.10284 4.62458,
	5.11263 4.61028,
	5.12482 4.59741,
	5.13915 4.58626,
	5.15528 4.57708,
	5.17284 4.5701,
	5.19144 4.56545,
	5.21064 4.56327,
	5.23 4.56358,
	5.24909 4.56639,
	5.26746 4.57163,
	5.2847 4.57918,
	5.30041 4.58887,
	5.31424 4.60048,
	5.32586 4.61374,
	5.33501 4.62834,
	5.34148 4.64396,
	5.34512 4.66024,
	5.34586 4.6768,
	5.34366 4.69327,
	5.33859 4.70926,
	5.33076 4.72442,
	5.32034 4.73839,
	5.30758 4.75086,
	5.29277 4.76154,
	5.27625 4.77019,
	5.25839 4.7766,
	5.23961 4.78064,
	5.22032 4.7822,
	5.20099 4.78126,
	5.18204 4.77784,
	5.16391 4.772,
	5.14701 4.7639,
	5.13174 4.75371,
	5.11844 4.74166,
	5.10742 4.72804,
	5.09892 4.71314,
	5.09314 4.69732,
	"/>
</Transform>

<Transform dim="1"
 xcoef=" 0.298532755173433 1 0 0 0 0"
 ycoef=" 0.749440764300286 0 1 0 0 0">
<Contour name="D023" hidden="false" closed="true" simplified="true" border="0 0 1" fill="0 0 1" mode="13"
 points="8.21243 2.55347,
	8.21487 2.53555,
	8.22211 2.51824,
	8.2339 2.50213,
	8.24985 2.48777,
	8.26941 2.47565,
	8.29191 2.46618,
	8.31658 2.45968,
	8.34259 2.45637,
	8.36906 2.45637,
	8.39507 2.45968,
	8.41974 2.46618,
	8.44224 2.47565,
	8.4618 2.48777,
	8.47774 2.50213,
	8.48954 2.51824,
	8.49678 2.53555,
	8.49922 2.55347,
	8.49678 2.57138,
	8.48954 2.58869,
	8.47774 2.6048,
	8.4618 2.61916,
	8.44224 2.63128,
	8.41974 2.64075,
	8.39507 2.64725,
	8.36906 2.65056,
	8.34259 2.65056,
	8.31658 2.64725,
	8.29191 2.64075,
	8.26941 2.63128,
	8.24985 2.61916,
	8.2339 2.6048,
	8.22211 2.58869,
	8.21487 2.57138,
	"/>
</Transform>

<Transform dim="1"
 xcoef=" 0.298532755173433 1 0 0 0 0"
 ycoef=" 0.749440764300286 0 1 0 0 0">
<Contour name="D021" hidden="false" closed="true" simplified="true" border="0 0 1" fill="0 0 1" mode="13"
 points="5.62092 7.20404,
	5.62239 7.18795,
	5.62677 7.1722,
	5.63398 7.15712,
	5.64385 7.14301,
	5.6562 7.13017,
	5.67074 7.11887,
	5.6872 7.10934,
	5.70521 7.10178,
	5.72442 7.09636,
	5.74441 7.09318,
	5.76477 7.0923,
	5.78508 7.09376,
	5.80491 7.09751,
	5.82385 7.10348,
	5.84151 7.11154,
	5.85752 7.12153,
	5.87155 7.13324,
	5.88329 7.14643,
	5.89252 7.16081,
	5.89903 7.17609,
	5.90269 7.19196,
	5.90343 7.20808,
	5.90122 7.22411,
	5.89612 7.23972,
	5.88823 7.2546,
	5.87772 7.26842,
	5.8648 7.28089,
	5.84975 7.29177,
	5.83287 7.30082,
	5.81452 7.30786,
	5.79508 7.31273,
	5.77496 7.31534,
	5.75457 7.31563,
	5.73434 7.3136,
	5.71469 7.30928,
	5.69603 7.30278,
	5.67875 7.29421,
	5.66321 7.28377,
	5.64973 7.27167,
	5.63859 7.25816,
	5.63003 7.24352,
	5.62422 7.22806,
	"/>
</Transform>

<Transform dim="1"
 xcoef=" 0.298532755173433 1 0 0 0 0"
 ycoef=" 0.749440764300286 0 1 0 0 0">
<Contour name="D025" hidden="false" closed="true" simplified="true" border="0 0 1" fill="0 0 1" mode="13"
 points="3.5911 4.13595,
	3.59273 4.12187,
	3.59758 4.1081,
	3.60556 4.09491,
	3.61648 4.0826,
	3.63013 4.07143,
	3.6462 4.06163,
	3.66435 4.05342,
	3.68421 4.04696,
	3.70534 4.0424,
	3.72729 4.03984,
	3.7496 4.03932,
	3.77179 4.04087,
	3.79338 4.04444,
	3.81393 4.04996,
	3.83298 4.05731,
	3.85014 4.06634,
	3.86504 4.07686,
	3.87736 4.08863,
	3.88683 4.10141,
	3.89326 4.11493,
	3.89652 4.12889,
	3.89652 4.14301,
	3.89326 4.15698,
	3.88683 4.1705,
	3.87736 4.18328,
	3.86504 4.19505,
	3.85014 4.20556,
	3.83298 4.21459,
	3.81393 4.22195,
	3.79338 4.22747,
	3.77179 4.23104,
	3.7496 4.23258,
	3.72729 4.23207,
	3.70534 4.2295,
	3.68421 4.22494,
	3.66435 4.21849,
	3.6462 4.21028,
	3.63013 4.20048,
	3.61648 4.18931,
	3.60556 4.177,
	3.59758 4.16381,
	3.59273 4.15003,
	"/>
</Transform>

<Transform dim="1"
 xcoef=" 0.298532755173433 1 0 0 0 0"
 ycoef=" 0.749440764300286 0 1 0 0 0">
<Contour name="D028" hidden="false" closed="true" simplified="true" border="0 0 1" fill="0 0 1" mode="13"
 points="6.8185 7.33779,
	6.81904 7.32929,
	6.82065 7.32091,
	6.82332 7.31276,
	6.82701 7.30496,
	6.83166 7.29761,
	6.83722 7.29081,
	6.8436 7.28466,
	6.85071 7.27925,
	6.85847 7.27464,
	6.86676 7.27089,
	6.87547 7.26807,
	6.88447 7.26622,
	6.89365 7.26534,
	6.90288 7.26547,
	6.91202 7.26659,
	6.92096 7.26869,
	6.92958 7.27174,
	6.93774 7.27571,
	6.94535 7.28053,
	6.95229 7.28614,
	6.95847 7.29246,
	6.96381 7.2994,
	6.96822 7.30687,
	6.97166 7.31477,
	6.97407 7.32299,
	6.97542 7.33141,
	6.97569 7.33992,
	6.97488 7.3484,
	6.973 7.35673,
	6.97007 7.3648,
	6.96613 7.3725,
	6.96125 7.37972,
	6.95548 7.38636,
	6.94891 7.39234,
	6.94162 7.39756,
	6.93372 7.40196,
	6.92532 7.40547,
	6.91653 7.40806,
	6.90747 7.40967,
	6.89826 7.4103,
	6.88905 7.40992,
	6.87994 7.40855,
	6.87107 7.40621,
	6.86256 7.40292,
	6.85452 7.39874,
	6.84707 7.39372,
	6.84031 7.38792,
	6.83433 7.38144,
	6.82922 7.37435,
	6.82504 7.36676,
	6.82186 7.35877,
	6.81971 7.3505,
	"/>
</Transform>

<Transform dim="1"
 xcoef=" 0.298532755173433 1 0 0 0 0"
 ycoef=" 0.749440764300286 0 1 0 0 0">
<Contour name="D032" hidden="false" closed="true" simplified="true" border="0 0 1" fill="0 0 1" mode="13"
 points="4.89118 1.21923,
	4.89253 1.20125,
	4.89654 1.18373,
	4.90311 1.1671,
	4.91207 1.15179,
	4.9232 1.13819,
	4.93621 1.12662,
	4.95079 1.1174,
	4.96655 1.11075,
	4.98311 1.10684,
	5.00004 1.10576,
	5.01691 1.10755,
	5.03331 1.11216,
	5.04881 1.11947,
	5.06303 1.12931,
	5.0756 1.14141,
	5.08621 1.15547,
	5.09459 1.17115,
	5.10054 1.18804,
	5.10389 1.20572,
	5.10456 1.22374,
	5.10254 1.24164,
	5.09788 1.25898,
	5.0907 1.27532,
	5.08117 1.29024,
	5.06954 1.30336,
	5.0561 1.31436,
	5.0412 1.32296,
	5.0252 1.32894,
	5.00851 1.33215,
	4.99155 1.33251,
	4.97475 1.33001,
	4.95854 1.32471,
	4.94333 1.31675,
	4.92949 1.30632,
	4.91738 1.2937,
	4.9073 1.27919,
	4.89951 1.26318,
	4.89421 1.24605,
	"/>
</Transform>

<Transform dim="1"
 xcoef=" 0.298532755173433 1 0 0 0 0"
 ycoef=" 0.749440764300286 0 1 0 0 0">
<Contour name="D041_oblique" hidden="false" closed="true" simplified="true" border="0 0 1" fill="0 0 1" mode="13"
 points="8.44987 0.682079,
	8.45383 0.663333,
	8.46547 0.645719,
	8.48409 0.630301,
	8.50856 0.618012,
	8.5374 0.609592,
	8.56888 0.605551,
	8.60109 0.606133,
	8.63208 0.611302,
	8.65999 0.620747,
	8.68312 0.633896,
	8.70008 0.649956,
	8.70985 0.667957,
	8.71184 0.68681,
	8.70592 0.705378,
	8.69245 0.722538,
	8.67225 0.737255,
	8.64653 0.748638,
	8.61686 0.756001,
	8.58502 0.758898,
	8.55293 0.757156,
	8.52254 0.750878,
	8.49568 0.740444,
	8.47397 0.726484,
	8.45872 0.709843,
	"/>
</Transform>

<Transform dim="1"
 xcoef=" 0.298532755173433 1 0 0 0 0"
 ycoef=" 0.749440764300286 0 1 0 0 0">
<Contour name="D043" hidden="false" closed="true" simplified="true" border="0 0 1" fill="0 0 1" mode="13"
 points="1.38506 8.38563,
	1.38604 8.3714,
	1.38897 8.35742,
	1.3938 8.34394,
	1.40044 8.33121,
	1.40877 8.31945,
	1.41865 8.30887,
	1.42989 8.29966,
	1.44229 8.29199,
	1.45564 8.28599,
	1.4697 8.28176,
	1.48422 8.27939,
	1.49893 8.27891,
	1.51357 8.28034,
	1.52789 8.28364,
	1.54163 8.28877,
	1.55454 8.29563,
	1.56639 8.30409,
	1.57697 8.314,
	1.58609 8.3252,
	1.59359 8.33747,
	1.59934 8.3506,
	1.60323 8.36436,
	1.60519 8.3785,
	1.60519 8.39276,
	1.60323 8.4069,
	1.59934 8.42066,
	1.59359 8.43379,
	1.58609 8.44606,
	1.57697 8.45726,
	1.56639 8.46717,
	1.55454 8.47563,
	1.54163 8.48249,
	1.52789 8.48762,
	1.51357 8.49092,
	1.49893 8.49235,
	1.48422 8.49187,
	1.4697 8.4895,
	1.45564 8.48528,
	1.44229 8.47927,
	1.42989 8.4716,
	1.41865 8.46239,
	1.40877 8.45181,
	1.40044 8.44005,
	1.3938 8.42732,
	1.38897 8.41384,
	"/>
</Transform>

<Transform dim="1"
 xcoef=" 0.298532755173433 1 0 0 0 0"
 ycoef=" 0.749440764300286 0 1 0 0 0">
<Contour name="D044" hidden="false" closed="true" simplified="true" border="0 0 1" fill="0 0 1" mode="13"
 points="2.65768 7.9737,
	2.66185 7.95865,
	2.67401 7.94488,
	2.69313 7.93355,
	2.71759 7.92562,
	2.74531 7.92178,
	2.77394 7.92233,
	2.80106 7.92724,
	2.82436 7.93609,
	2.84187 7.94813,
	2.85211 7.96234,
	2.8542 7.97751,
	2.84797 7.99236,
	2.83395 8.00562,
	2.81332 8.01618,
	2.78784 8.02313,
	2.75967 8.02589,
	2.73119 8.02423,
	2.70482 8.01828,
	2.68279 8.00855,
	2.66698 7.99587,
	"/>
</Transform>

<Transform dim="1"
 xcoef=" 0.298532755173433 1 0 0 0 0"
 ycoef=" 0.749440764300286 0 1 0 0 0">
<Contour name="D045_ASPINY_NOCANDIDATES" hidden="false" closed="true" simplified="true" border="0 0 1" fill="0 0 1" mode="13"
 points="3.08064 8.64557,
	3.08322 8.62794,
	3.09078 8.61161,
	3.10274 8.59779,
	3.11824 8.58753,
	3.13611 8.58157,
	3.15503 8.58035,
	3.1736 8.58397,
	3.19044 8.59216,
	3.2043 8.60432,
	3.21415 8.61953,
	3.21927 8.63667,
	3.21927 8.65448,
	3.21415 8.67162,
	3.2043 8.68683,
	3.19044 8.69899,
	3.1736 8.70718,
	3.15503 8.7108,
	3.13611 8.70958,
	3.11824 8.70362,
	3.10274 8.69335,
	3.09078 8.67954,
	3.08322 8.66321,
	"/>
</Transform>

<Transform dim="1"
 xcoef=" 0.298532755173433 1 0 0 0 0"
 ycoef=" 0.749440764300286 0 1 0 0 0">
<Contour name="D046" hidden="false" closed="true" simplified="true" border="0 0 1" fill="0 0 1" mode="13"
 points="12.7624 2.51421,
	12.7633 2.49821,
	12.7659 2.48246,
	12.7703 2.46723,
	12.7763 2.45275,
	12.7839 2.43926,
	12.793 2.42698,
	12.8033 2.4161,
	12.8147 2.4068,
	12.8271 2.39923,
	12.8402 2.39351,
	12.8539 2.38973,
	12.8678 2.38795,
	12.8819 2.3882,
	12.8958 2.39049,
	12.9093 2.39476,
	12.9223 2.40095,
	12.9344 2.40897,
	12.9456 2.41868,
	12.9556 2.42993,
	12.9643 2.44253,
	12.9715 2.45629,
	12.9772 2.47098,
	12.9811 2.48636,
	12.9833 2.50219,
	12.9838 2.51822,
	12.9825 2.53418,
	12.9794 2.54982,
	12.9746 2.56489,
	12.9681 2.57914,
	12.9601 2.59234,
	12.9508 2.60429,
	12.9402 2.61479,
	12.9285 2.62367,
	12.9159 2.63079,
	12.9026 2.63604,
	12.8889 2.63932,
	12.8749 2.64059,
	12.8608 2.63983,
	12.847 2.63704,
	12.8336 2.63228,
	12.8208 2.62562,
	12.8089 2.61717,
	12.798 2.60706,
	12.7883 2.59546,
	12.7799 2.58254,
	12.7731 2.56853,
	12.7679 2.55365,
	12.7644 2.53813,
	"/>
</Transform>

<Transform dim="1"
 xcoef=" 0.298532755173433 1 0 0 0 0"
 ycoef=" 0.749440764300286 0 1 0 0 0">
<Contour name="D047" hidden="false" closed="true" simplified="true" border="0 0 1" fill="0 0 1" mode="13"
 points="4.14175 3.30453,
	4.14281 3.2889,
	4.14596 3.27359,
	4.15114 3.2589,
	4.15825 3.24515,
	4.16713 3.23261,
	4.17762 3.22153,
	4.18949 3.21214,
	4.2025 3.20463,
	4.21639 3.19915,
	4.23088 3.19582,
	4.24567 3.1947,
	4.26046 3.19582,
	4.27495 3.19915,
	4.28884 3.20463,
	4.30185 3.21214,
	4.31372 3.22153,
	4.32421 3.23261,
	4.33309 3.24515,
	4.3402 3.2589,
	4.34538 3.27359,
	4.34853 3.2889,
	4.34959 3.30453,
	4.34853 3.32016,
	4.34538 3.33547,
	4.3402 3.35015,
	4.33309 3.3639,
	4.32421 3.37645,
	4.31372 3.38753,
	4.30185 3.39692,
	4.28884 3.40443,
	4.27495 3.4099,
	4.26046 3.41324,
	4.24567 3.41435,
	4.23088 3.41324,
	4.21639 3.4099,
	4.2025 3.40443,
	4.18949 3.39692,
	4.17762 3.38753,
	4.16713 3.37645,
	4.15825 3.3639,
	4.15114 3.35015,
	4.14596 3.33547,
	4.14281 3.32016,
	"/>
</Transform>

<Transform dim="1"
 xcoef=" 0.298532755173433 1 0 0 0 0"
 ycoef=" 0.749440764300286 0 1 0 0 0">
<Contour name="D034" hidden="false" closed="true" simplified="true" border="0 0 1" fill="0 0 1" mode="13"
 points="9.56343 2.95229,
	9.56446 2.93782,
	9.56751 2.92363,
	9.57252 2.91002,
	9.5794 2.89724,
	9.58802 2.88556,
	9.59819 2.87521,
	9.60971 2.8664,
	9.62236 2.85929,
	9.63589 2.85403,
	9.65002 2.85073,
	9.66447 2.84945,
	9.67896 2.85022,
	9.6932 2.85302,
	9.7069 2.8578,
	9.7198 2.86445,
	9.73163 2.87286,
	9.74215 2.88284,
	9.75117 2.89421,
	9.7585 2.90673,
	9.764 2.92016,
	9.76754 2.93423,
	9.76908 2.94866,
	9.76857 2.96316,
	9.76602 2.97745,
	9.76149 2.99123,
	9.75506 3.00424,
	9.74686 3.01622,
	9.73707 3.02692,
	9.72586 3.03614,
	9.71347 3.04369,
	9.70014 3.04942,
	9.68613 3.05322,
	9.67173 3.055,
	9.65722 3.05475,
	9.64289 3.05245,
	9.62903 3.04816,
	9.61591 3.04197,
	9.60379 3.03398,
	9.59292 3.02438,
	9.5835 3.01334,
	9.57574 3.00108,
	9.56977 2.98785,
	9.56573 2.97391,
	"/>
</Transform>

<Transform dim="1"
 xcoef=" 0.298532755173433 1 0 0 0 0"
 ycoef=" 0.749440764300286 0 1 0 0 0">
<Contour name="D035" hidden="false" closed="true" simplified="true" border="0 0 1" fill="0 0 1" mode="13"
 points="6.9523 2.89449,
	6.953 2.88455,
	6.95508 2.87474,
	6.95852 2.86518,
	6.96328 2.85601,
	6.96929 2.84734,
	6.97647 2.83928,
	6.98474 2.83195,
	6.99397 2.82542,
	7.00406 2.8198,
	7.01487 2.81516,
	7.02626 2.81154,
	7.03808 2.80901,
	7.05018 2.80759,
	7.06239 2.80731,
	7.07457 2.80816,
	7.08655 2.81014,
	7.09817 2.81322,
	7.10929 2.81735,
	7.11975 2.8225,
	7.12943 2.82858,
	7.13819 2.83552,
	7.14593 2.84323,
	7.15254 2.8516,
	7.15793 2.86054,
	7.16204 2.86992,
	7.16481 2.87962,
	7.1662 2.88951,
	7.1662 2.89947,
	7.16481 2.90936,
	7.16204 2.91906,
	7.15793 2.92844,
	7.15254 2.93738,
	7.14593 2.94575,
	7.13819 2.95346,
	7.12943 2.9604,
	7.11975 2.96648,
	7.10929 2.97163,
	7.09817 2.97576,
	7.08655 2.97884,
	7.07457 2.98082,
	7.06239 2.98167,
	7.05018 2.98138,
	7.03808 2.97997,
	7.02626 2.97744,
	7.01487 2.97382,
	7.00406 2.96918,
	6.99397 2.96356,
	6.98474 2.95703,
	6.97647 2.9497,
	6.96929 2.94164,
	6.96328 2.93297,
	6.95852 2.9238,
	6.95508 2.91424,
	"/>
</Transform>

<Transform dim="1"
 xcoef=" 0.298532755173433 1 0 0 0 0"
 ycoef=" 0.749440764300286 0 1 0 0 0">
<Contour name="D036" hidden="false" closed="true" simplified="true" border="0 0 1" fill="0 0 1" mode="13"
 points="14.5948 0.224118,
	14.596 0.200447,
	14.5998 0.177458,
	14.6059 0.15581,
	14.6143 0.136128,
	14.6246 0.118977,
	14.6366 0.104851,
	14.6499 0.0941555,
	14.6641 0.0871991,
	14.6789 0.0841816,
	14.6938 0.0851899,
	14.7083 0.0901948,
	14.7222 0.0990525,
	14.7348 0.111508,
	14.746 0.127203,
	14.7554 0.145686,
	14.7627 0.166426,
	14.7676 0.188825,
	14.7701 0.21224,
	14.7701 0.235996,
	14.7676 0.259411,
	14.7627 0.28181,
	14.7554 0.302549,
	14.746 0.321033,
	14.7348 0.336728,
	14.7222 0.349183,
	14.7083 0.358041,
	14.6938 0.363046,
	14.6789 0.364054,
	14.6641 0.361037,
	14.6499 0.35408,
	14.6366 0.343385,
	14.6246 0.329259,
	14.6143 0.312108,
	14.6059 0.292426,
	14.5998 0.270778,
	14.596 0.247789,
	"/>
</Transform>

<Transform dim="1"
 xcoef=" 0.298532755173433 1 0 0 0 0"
 ycoef=" 0.749440764300286 0 1 0 0 0">
<Contour name="D039" hidden="false" closed="true" simplified="true" border="0 0 1" fill="0 0 1" mode="13"
 points="9.16174 2.12796,
	9.16331 2.11052,
	9.16798 2.09354,
	9.17563 2.07744,
	9.18606 2.06265,
	9.199 2.04956,
	9.21412 2.03849,
	9.23102 2.02974,
	9.24927 2.02354,
	9.26839 2.02004,
	9.28789 2.01933,
	9.30726 2.02144,
	9.326 2.02631,
	9.34363 2.03381,
	9.35969 2.04375,
	9.37377 2.05587,
	9.38549 2.06986,
	9.39456 2.08535,
	9.40074 2.10195,
	9.40387 2.11922,
	9.40387 2.13671,
	9.40074 2.15398,
	9.39456 2.17058,
	9.38549 2.18607,
	9.37377 2.20006,
	9.35969 2.21218,
	9.34363 2.22212,
	9.326 2.22962,
	9.30726 2.23448,
	9.28789 2.23659,
	9.26839 2.23589,
	9.24927 2.23239,
	9.23102 2.22618,
	9.21412 2.21744,
	9.199 2.20637,
	9.18606 2.19328,
	9.17563 2.17849,
	9.16798 2.16239,
	"/>
</Transform>

<Transform dim="1"
 xcoef=" 0.298532755173433 1 0 0 0 0"
 ycoef=" 0.749440764300286 0 1 0 0 0">
<Contour name="D049" hidden="false" closed="true" simplified="true" border="0 0 1" fill="0 0 1" mode="13"
 points="9.88277 2.6839,
	9.88396 2.66203,
	9.88749 2.64071,
	9.89328 2.62044,
	9.90118 2.60174,
	9.91101 2.58506,
	9.92251 2.57082,
	9.93541 2.55936,
	9.94938 2.55096,
	9.96409 2.54584,
	9.97917 2.54412,
	9.99425 2.54584,
	10.009 2.55096,
	10.0229 2.55936,
	10.0358 2.57082,
	10.0473 2.58506,
	10.0572 2.60174,
	10.0651 2.62044,
	10.0708 2.64071,
	10.0744 2.66203,
	10.0756 2.6839,
	10.0744 2.70576,
	10.0708 2.72709,
	10.0651 2.74735,
	10.0572 2.76606,
	10.0473 2.78273,
	10.0358 2.79698,
	10.0229 2.80844,
	10.009 2.81683,
	9.99425 2.82195,
	9.97917 2.82367,
	9.96409 2.82195,
	9.94938 2.81683,
	9.93541 2.80844,
	9.92251 2.79698,
	9.91101 2.78273,
	9.90118 2.76606,
	9.89328 2.74735,
	9.88749 2.72709,
	"/>
</Transform>

<Transform dim="1"
 xcoef=" 0.298532755173433 1 0 0 0 0"
 ycoef=" 0.749440764300286 0 1 0 0 0">
<Contour name="D055" hidden="false" closed="true" simplified="true" border="0 0 1" fill="0 0 1" mode="13"
 points="1.29523 2.49543,
	1.29568 2.48421,
	1.29703 2.47311,
	1.29927 2.46223,
	1.30237 2.45168,
	1.3063 2.44158,
	1.31103 2.43202,
	1.3165 2.42311,
	1.32266 2.41492,
	1.32945 2.40754,
	1.3368 2.40106,
	1.34463 2.39552,
	1.35287 2.391,
	1.36142 2.38753,
	1.37022 2.38514,
	1.37916 2.38388,
	1.38816 2.38374,
	1.39713 2.38472,
	1.40597 2.38683,
	1.41459 2.39003,
	1.42292 2.39429,
	1.43086 2.39958,
	1.43833 2.40584,
	1.44527 2.41299,
	1.45159 2.42099,
	1.45724 2.42973,
	1.46216 2.43914,
	1.46629 2.44911,
	1.46961 2.45955,
	1.47206 2.47036,
	1.47364 2.48142,
	1.47432 2.49262,
	1.47409 2.50385,
	1.47296 2.51499,
	1.47094 2.52593,
	1.46806 2.53657,
	1.46433 2.54679,
	1.45979 2.5565,
	1.4545 2.56558,
	1.44851 2.57396,
	1.44187 2.58155,
	1.43466 2.58826,
	1.42694 2.59404,
	1.4188 2.59882,
	1.41031 2.60256,
	1.40157 2.60522,
	1.39265 2.60677,
	1.38366 2.60719,
	1.37468 2.60648,
	1.3658 2.60466,
	1.35711 2.60173,
	1.3487 2.59772,
	1.34066 2.59269,
	1.33306 2.58667,
	1.32598 2.57973,
	1.3195 2.57194,
	1.31368 2.56338,
	1.30857 2.55413,
	1.30423 2.54428,
	1.30071 2.53395,
	1.29804 2.52322,
	1.29624 2.51222,
	"/>
</Transform>

<Transform dim="1"
 xcoef=" 0.298532755173433 1 0 0 0 0"
 ycoef=" 0.749440764300286 0 1 0 0 0">
<Contour name="D049_ax03" hidden="false" closed="true" simplified="false" border="0 1 1" fill="0 1 1" mode="11"
 points="10.8316 0.545398,
	10.8433 0.533617,
	10.7962 0.486494,
	10.808 0.474713,
	10.8551 0.521836,
	10.8669 0.510056,
	10.8669 0.545398,
	"/>
</Transform>

<Transform dim="1"
 xcoef=" 0.298532755173433 1 0 0 0 0"
 ycoef=" 0.749440764300286 0 1 0 0 0">
<Contour name="D057" hidden="false" closed="true" simplified="true" border="0 0 1" fill="0 0 1" mode="11"
 points="7.2307 9.39224,
	7.23137 9.3804,
	7.23338 9.36871,
	7.23669 9.35734,
	7.24126 9.34641,
	7.24704 9.33609,
	7.25395 9.32649,
	7.26189 9.31776,
	7.27077 9.30999,
	7.28047 9.3033,
	7.29087 9.29777,
	7.30182 9.29347,
	7.31318 9.29045,
	7.32481 9.28876,
	7.33656 9.28842,
	7.34827 9.28944,
	7.35978 9.29179,
	7.37096 9.29546,
	7.38165 9.30038,
	7.39171 9.30651,
	7.40102 9.31375,
	7.40944 9.32201,
	7.41688 9.33119,
	7.42324 9.34117,
	7.42842 9.35181,
	7.43237 9.36298,
	7.43503 9.37453,
	7.43637 9.38631,
	7.43637 9.39816,
	7.43503 9.40994,
	7.43237 9.42149,
	7.42842 9.43266,
	7.42324 9.4433,
	7.41688 9.45328,
	7.40944 9.46246,
	7.40102 9.47072,
	7.39171 9.47796,
	7.38165 9.48409,
	7.37096 9.48901,
	7.35978 9.49268,
	7.34827 9.49503,
	7.33656 9.49605,
	7.32481 9.49571,
	7.31318 9.49402,
	7.30182 9.491,
	7.29087 9.4867,
	7.28047 9.48117,
	7.27077 9.47448,
	7.26189 9.46671,
	7.25395 9.45798,
	7.24704 9.44838,
	7.24126 9.43806,
	7.23669 9.42713,
	7.23338 9.41576,
	"/>
</Transform>

<Transform dim="1"
 xcoef=" 0.298532755173433 1 0 0 0 0"
 ycoef=" 0.749440764300286 0 1 0 0 0">
<Contour name="D058_ax01" hidden="false" closed="true" simplified="false" border="0 1 1" fill="0 1 1" mode="11"
 points="2.85572 4.04681,
	2.87083 4.0317,
	2.81041 3.97128,
	2.82551 3.95618,
	2.88593 4.0166,
	2.90104 4.00149,
	2.90104 4.04681,
	"/>
</Transform>

<Transform dim="1"
 xcoef=" 0.298532755173433 1 0 0 0 0"
 ycoef=" 0.749440764300286 0 1 0 0 0">
<Contour name="d046" hidden="false" closed="true" simplified="true" border="1 1 0" fill="1 1 0" mode="11"
 points="12.4389 2.68329,
	12.447 2.64859,
	12.4492 2.63991,
	12.4513 2.62256,
	12.4519 2.61822,
	12.4551 2.60955,
	12.4573 2.60521,
	12.4578 2.60087,
	12.4595 2.59654,
	12.4633 2.57919,
	12.4747 2.54449,
	12.4828 2.52714,
	12.4855 2.5228,
	12.4991 2.50545,
	12.5137 2.4881,
	12.5218 2.47942,
	12.5305 2.47238,
	12.5479 2.45503,
	12.5565 2.44635,
	12.563 2.43768,
	12.5706 2.42954,
	12.588 2.4149,
	12.6053 2.40298,
	12.64 2.38563,
	12.6487 2.38129,
	12.666 2.36773,
	12.6747 2.36069,
	12.6834 2.35201,
	12.6877 2.34767,
	12.6964 2.34117,
	12.7007 2.33846,
	12.7181 2.33249,
	12.7354 2.3287,
	12.7441 2.32707,
	12.7615 2.32599,
	12.7788 2.32599,
	12.7962 2.32761,
	12.8309 2.32815,
	12.8656 2.32978,
	12.8829 2.33358,
	12.8873 2.33466,
	12.8959 2.33846,
	12.9046 2.34334,
	12.922 2.35797,
	12.9388 2.37532,
	12.9735 2.40189,
	12.9821 2.40786,
	12.9865 2.41111,
	13.0027 2.42846,
	13.0179 2.44581,
	13.0212 2.45015,
	13.0559 2.48322,
	13.0646 2.49027,
	13.0667 2.49135,
	13.0711 2.49569,
	13.0776 2.50437,
	13.0808 2.5087,
	13.0976 2.5434,
	13.1036 2.56075,
	13.1063 2.56943,
	13.1074 2.5781,
	13.1074 2.59545,
	13.1063 2.60413,
	13.1063 2.60847,
	13.1009 2.62582,
	13.0998 2.62798,
	13.0998 2.63015,
	13.0987 2.63232,
	13.0982 2.63666,
	13.0944 2.64533,
	13.0938 2.6475,
	13.09 2.65184,
	13.0873 2.65618,
	13.0797 2.66377,
	13.0662 2.68112,
	13.0537 2.69847,
	13.0494 2.70714,
	13.044 2.71582,
	13.0364 2.72449,
	13.013 2.75919,
	13.013 2.76028,
	13.0011 2.77763,
	12.9957 2.7863,
	12.993 2.79498,
	12.9924 2.79715,
	12.9892 2.80148,
	12.9849 2.80582,
	12.9789 2.8145,
	12.9762 2.81883,
	12.9756 2.821,
	12.974 2.82317,
	12.9735 2.82534,
	12.9718 2.82751,
	12.9713 2.82968,
	12.9702 2.83076,
	12.9697 2.83293,
	12.968 2.8351,
	12.9664 2.83944,
	12.9659 2.84161,
	12.9643 2.84377,
	12.961 2.85245,
	12.9572 2.8698,
	12.9567 2.87848,
	12.9523 2.89583,
	12.9442 2.91318,
	12.935 2.93053,
	12.9317 2.9392,
	12.9306 2.94788,
	12.9312 2.98258,
	12.9306 2.99993,
	12.9301 3.0086,
	12.9285 3.01728,
	12.9258 3.02595,
	12.9236 3.03029,
	12.9225 3.03463,
	12.9149 3.05198,
	12.9138 3.05414,
	12.9127 3.05523,
	12.9117 3.05957,
	12.9019 3.07692,
	12.8959 3.08559,
	12.8954 3.08776,
	12.8835 3.10511,
	12.8699 3.12246,
	12.8661 3.12625,
	12.8602 3.13493,
	12.8553 3.1436,
	12.852 3.14794,
	12.8509 3.15011,
	12.8471 3.15445,
	12.8455 3.15662,
	12.8444 3.1577,
	12.8439 3.15987,
	12.8423 3.16204,
	12.8395 3.17071,
	12.8379 3.17505,
	12.8374 3.17722,
	12.8363 3.1783,
	12.8358 3.18047,
	12.8358 3.18156,
	12.8341 3.18373,
	12.8325 3.18806,
	12.8309 3.19023,
	12.8303 3.1924,
	12.8233 3.20108,
	12.8179 3.20975,
	12.8108 3.21843,
	12.8027 3.2271,
	12.7983 3.23144,
	12.7897 3.23578,
	12.7853 3.23795,
	12.768 3.23957,
	12.7506 3.24283,
	12.742 3.24499,
	12.7333 3.24608,
	12.7289 3.24662,
	12.7203 3.24445,
	12.7159 3.24337,
	12.6986 3.23632,
	12.6942 3.23469,
	12.6899 3.23144,
	12.6856 3.2271,
	12.6726 3.20975,
	12.6655 3.20108,
	12.6568 3.19403,
	12.6395 3.18698,
	12.6308 3.18535,
	12.6265 3.18481,
	12.6091 3.1859,
	12.6048 3.18644,
	12.5874 3.18318,
	12.5831 3.1821,
	12.5744 3.17722,
	12.5657 3.17126,
	12.5614 3.16746,
	12.5549 3.15879,
	12.5495 3.15011,
	12.5424 3.13276,
	12.5381 3.11541,
	12.537 3.10674,
	12.5365 3.07204,
	12.5359 3.05469,
	12.5354 3.04601,
	12.5327 3.03734,
	12.5169 3.00264,
	12.5126 2.99396,
	12.5061 2.97661,
	12.486 2.94191,
	12.4703 2.90721,
	12.4649 2.88986,
	12.4606 2.87251,
	12.4573 2.85516,
	12.4557 2.84649,
	12.4546 2.82914,
	12.4524 2.81179,
	12.4513 2.79444,
	12.4508 2.78576,
	12.4513 2.76841,
	12.4513 2.75974,
	12.4513 2.7554,
	12.4503 2.75106,
	12.4497 2.74239,
	12.4438 2.72504,
	12.4421 2.7207,
	12.441 2.71853,
	12.4394 2.70118,
	12.4389 2.68383,
	"/>
</Transform>

<Transform dim="1"
 xcoef=" 0.298532755173433 1 0 0 0 0"
 ycoef=" 0.749440764300286 0 1 0 0 0">
<Contour name="d046_p21" hidden="false" closed="true" simplified="true" border="1 1 0" fill="1 1 0" mode="11"
 points="13.1207 2.33059,
	13.1213 2.32813,
	13.1216 2.3269,
	13.1222 2.32628,
	13.1225 2.32505,
	13.1225 2.32443,
	13.1231 2.32412,
	13.1241 2.32166,
	13.1271 2.31673,
	13.1287 2.31489,
	13.1336 2.31088,
	13.1382 2.3075,
	13.1407 2.30596,
	13.1505 2.30288,
	13.1555 2.30195,
	13.1752 2.30164,
	13.1776 2.30164,
	13.1801 2.30226,
	13.19 2.30257,
	13.1998 2.30349,
	13.2047 2.30442,
	13.2244 2.30534,
	13.2294 2.30596,
	13.2318 2.30688,
	13.2325 2.30688,
	13.2331 2.3075,
	13.238 2.30873,
	13.2429 2.31088,
	13.2454 2.31181,
	13.2466 2.31242,
	13.2472 2.31242,
	13.2479 2.31304,
	13.2528 2.31519,
	13.2552 2.31612,
	13.2565 2.31643,
	13.2571 2.31704,
	13.2669 2.32166,
	13.2716 2.32382,
	13.2728 2.32412,
	13.2734 2.32474,
	13.2783 2.3269,
	13.2805 2.32813,
	13.2817 2.32844,
	13.282 2.32905,
	13.2833 2.32936,
	13.2879 2.33275,
	13.2903 2.33429,
	13.291 2.3349,
	13.2916 2.3349,
	13.2919 2.33552,
	13.2931 2.33583,
	13.2937 2.33644,
	13.295 2.33675,
	13.2996 2.33983,
	13.3008 2.34014,
	13.3033 2.34199,
	13.3131 2.34753,
	13.3181 2.3503,
	13.3202 2.35184,
	13.3215 2.35215,
	13.3258 2.35584,
	13.3276 2.358,
	13.3288 2.36046,
	13.3298 2.3617,
	13.3301 2.36293,
	13.3307 2.36354,
	13.3325 2.36847,
	13.3332 2.3697,
	13.3332 2.37093,
	13.3347 2.37586,
	13.3356 2.38079,
	13.3359 2.38572,
	13.3353 2.38818,
	13.3344 2.38941,
	13.3341 2.39064,
	13.3335 2.39095,
	13.3332 2.39218,
	13.3325 2.3928,
	13.3322 2.39403,
	13.3304 2.39619,
	13.3304 2.3968,
	13.3239 2.40635,
	13.3205 2.41097,
	13.3193 2.4122,
	13.3181 2.41436,
	13.3159 2.41682,
	13.3125 2.42175,
	13.311 2.42421,
	13.3091 2.42606,
	13.3005 2.4353,
	13.2965 2.43992,
	13.2944 2.44238,
	13.291 2.44731,
	13.2854 2.45685,
	13.2845 2.45808,
	13.2845 2.4587,
	13.283 2.46116,
	13.283 2.46178,
	13.2802 2.46671,
	13.2786 2.46917,
	13.2786 2.46979,
	13.278 2.47009,
	13.2777 2.47133,
	13.2746 2.47625,
	13.2746 2.47687,
	13.2713 2.48149,
	13.2697 2.48364,
	13.2688 2.48488,
	13.2642 2.48826,
	13.2629 2.48857,
	13.262 2.4895,
	13.2608 2.4898,
	13.2596 2.49073,
	13.2589 2.49073,
	13.2583 2.49134,
	13.2559 2.49227,
	13.2546 2.49288,
	13.254 2.49288,
	13.2528 2.49381,
	13.2503 2.49412,
	13.2454 2.49565,
	13.2429 2.49627,
	13.2405 2.49627,
	13.2392 2.49689,
	13.2294 2.49719,
	13.2269 2.49719,
	13.222 2.49627,
	13.2171 2.49596,
	13.2072 2.49412,
	13.2047 2.4935,
	13.2035 2.49288,
	13.2029 2.49288,
	13.198 2.49011,
	13.1937 2.48672,
	13.1918 2.48426,
	13.1909 2.48364,
	13.1881 2.47903,
	13.186 2.47656,
	13.1779 2.46825,
	13.1739 2.46394,
	13.1718 2.46209,
	13.1653 2.45254,
	13.1598 2.44299,
	13.1595 2.44176,
	13.1589 2.44115,
	13.1579 2.43868,
	13.1576 2.43745,
	13.157 2.43684,
	13.1564 2.43437,
	13.1558 2.43376,
	13.1539 2.42883,
	13.153 2.4276,
	13.1527 2.42637,
	13.1518 2.42513,
	13.1518 2.42452,
	13.1487 2.41959,
	13.1484 2.41836,
	13.1468 2.41589,
	13.1465 2.41466,
	13.1456 2.41343,
	13.1435 2.4085,
	13.1428 2.40727,
	13.1428 2.40666,
	13.1422 2.40604,
	13.1388 2.39619,
	13.1385 2.39495,
	13.1379 2.39434,
	13.1364 2.38941,
	13.1364 2.38818,
	13.1358 2.38756,
	13.1358 2.38633,
	13.1327 2.37648,
	13.1314 2.37155,
	13.1305 2.36909,
	13.1305 2.36847,
	13.1299 2.36785,
	13.129 2.36539,
	13.129 2.36477,
	13.1284 2.36416,
	13.1277 2.3617,
	13.1268 2.36046,
	13.1268 2.35985,
	13.1262 2.35954,
	13.1256 2.35708,
	13.1213 2.34722,
	13.1207 2.34229,
	13.1207 2.33244,
	13.1207 2.33121,
	13.1207 2.3309,
	"/>
</Transform>

<Transform dim="1"
 xcoef=" 0.298532755173433 1 0 0 0 0"
 ycoef=" 0.749440764300286 0 1 0 0 0">
<Contour name="d046_p23" hidden="false" closed="true" simplified="true" border="1 1 0" fill="1 1 0" mode="11"
 points="13.3675 3.70842,
	13.3691 3.70417,
	13.3696 3.70205,
	13.3696 3.70099,
	13.3707 3.69993,
	13.3744 3.69143,
	13.3792 3.68294,
	13.3824 3.67976,
	13.3893 3.67126,
	13.393 3.66702,
	13.3978 3.65905,
	13.3994 3.65056,
	13.3994 3.64631,
	13.3978 3.63782,
	13.3972 3.6357,
	13.3972 3.63464,
	13.3962 3.63357,
	13.3957 3.62508,
	13.3957 3.62083,
	13.3967 3.61659,
	13.3994 3.61234,
	13.4004 3.61075,
	13.4041 3.60703,
	13.4126 3.60172,
	13.4296 3.59482,
	13.4381 3.5927,
	13.4551 3.58686,
	13.4636 3.58421,
	13.4678 3.58314,
	13.47 3.58208,
	13.487 3.57996,
	13.4954 3.57943,
	13.5039 3.57784,
	13.5124 3.57518,
	13.5146 3.57518,
	13.5315 3.56934,
	13.5358 3.56828,
	13.5379 3.56775,
	13.539 3.56669,
	13.5475 3.56403,
	13.5645 3.56085,
	13.5814 3.55873,
	13.5984 3.55873,
	13.6069 3.55873,
	13.6112 3.55979,
	13.6282 3.56138,
	13.6451 3.56563,
	13.6473 3.56616,
	13.6483 3.56616,
	13.6494 3.56722,
	13.6536 3.56828,
	13.6616 3.57253,
	13.6696 3.57943,
	13.6738 3.58368,
	13.6802 3.59111,
	13.6828 3.59482,
	13.685 3.59642,
	13.686 3.59854,
	13.6881 3.60066,
	13.6935 3.60916,
	13.6977 3.61765,
	13.6982 3.61977,
	13.6993 3.62083,
	13.7041 3.63782,
	13.7062 3.64578,
	13.7067 3.66277,
	13.7073 3.67126,
	13.7099 3.67976,
	13.7115 3.684,
	13.7115 3.68506,
	13.7126 3.68613,
	13.7126 3.68719,
	13.7136 3.68825,
	13.7136 3.68931,
	13.7147 3.69037,
	13.7163 3.69462,
	13.7168 3.69674,
	13.7184 3.69887,
	13.7211 3.70736,
	13.7221 3.70842,
	13.7226 3.71267,
	13.7237 3.71479,
	13.7253 3.73178,
	13.7253 3.74027,
	13.7205 3.75726,
	13.7195 3.76151,
	13.7157 3.77,
	13.7152 3.77212,
	13.7136 3.77425,
	13.7057 3.7907,
	13.7004 3.79919,
	13.6977 3.80344,
	13.6966 3.80556,
	13.6945 3.80769,
	13.6887 3.81565,
	13.6812 3.82361,
	13.6781 3.82786,
	13.6749 3.83104,
	13.6664 3.83688,
	13.6494 3.84432,
	13.6414 3.84856,
	13.6372 3.85122,
	13.6329 3.85228,
	13.6319 3.85334,
	13.6297 3.85387,
	13.6287 3.85493,
	13.6276 3.85493,
	13.6266 3.85599,
	13.6223 3.85706,
	13.6202 3.85759,
	13.6191 3.85865,
	13.6106 3.86024,
	13.6064 3.8613,
	13.6021 3.8613,
	13.6 3.86236,
	13.583 3.86396,
	13.566 3.86396,
	13.5576 3.86343,
	13.5491 3.8613,
	13.5448 3.85971,
	13.5363 3.85918,
	13.5321 3.85865,
	13.53 3.85865,
	13.5257 3.85706,
	13.5236 3.85706,
	13.5215 3.85599,
	13.513 3.8544,
	13.496 3.84856,
	13.4875 3.84538,
	13.4864 3.84538,
	13.4854 3.84432,
	13.4811 3.84325,
	13.4801 3.84219,
	13.4758 3.8406,
	13.4737 3.84007,
	13.4726 3.83901,
	13.4641 3.83635,
	13.4631 3.83529,
	13.4461 3.82945,
	13.4376 3.82574,
	13.4291 3.82096,
	13.4248 3.81884,
	13.4227 3.81777,
	13.4217 3.81671,
	13.4195 3.81618,
	13.4026 3.80556,
	13.3946 3.79813,
	13.3845 3.78115,
	13.3845 3.78008,
	13.3834 3.77902,
	13.3797 3.77053,
	13.3792 3.76628,
	13.3765 3.75779,
	13.3734 3.7408,
	13.3723 3.73656,
	13.3712 3.73443,
	13.3712 3.73231,
	13.3702 3.73125,
	13.3691 3.727,
	13.3691 3.72488,
	13.368 3.72382,
	13.3675 3.71532,
	13.3675 3.71108,
	13.3675 3.70895,
	"/>
</Transform>

<Transform dim="1"
 xcoef=" 0.174617351560317 1 0 0 0 0"
 ycoef=" 0.381566909823848 0 1 0 0 0">
<Contour name="d046_p19_branched" hidden="false" closed="true" simplified="true" border="1 1 0" fill="1 1 0" mode="11"
 points="11.8675 1.7904,
	11.8727 1.78652,
	11.883 1.78394,
	11.9037 1.78394,
	11.914 1.78394,
	11.9192 1.78394,
	11.9244 1.78652,
	11.945 1.78782,
	11.9657 1.79428,
	11.9735 1.80203,
	11.9735 1.81236,
	11.9722 1.81753,
	11.9657 1.82528,
	11.9631 1.82528,
	11.9528 1.83174,
	11.9425 1.83561,
	11.9011 1.84207,
	11.8908 1.84336,
	11.8856 1.84336,
	11.8817 1.83949,
	11.8792 1.83949,
	11.8714 1.83174,
	11.8701 1.8214,
	11.8675 1.81624,
	11.8675 1.79557,
	11.8675 1.79169,
	"/>
</Transform>

<Transform dim="1"
 xcoef=" 0.174617351560317 1 0 0 0 0"
 ycoef=" 0.381566909823848 0 1 0 0 0">
<Contour name="d046_cfa21" hidden="false" closed="false" simplified="false" border="0 1 0" fill="0 1 0" mode="11"
 points="13.18 1.98417,
	13.1677 1.97945,
	13.1328 1.96529,
	13.0526 1.95019,
	"/>
</Transform>

<Transform dim="1"
 xcoef=" 0.174617351560317 1 0 0 0 0"
 ycoef=" 0.381566909823848 0 1 0 0 0">
<Contour name="d046_c21" hidden="false" closed="true" simplified="true" border="1 0 0" fill="1 0 0" mode="11"
 points="13.0527 1.96512,
	13.0545 1.95002,
	13.0574 1.94247,
	13.0753 1.91226,
	13.0781 1.90943,
	13.1385 1.89244,
	13.1537 1.88867,
	13.1612 1.88678,
	13.1631 1.88583,
	13.1933 1.89527,
	13.1971 1.89716,
	13.198 1.92736,
	13.198 1.94247,
	13.1961 1.95757,
	13.1923 1.97267,
	13.1895 1.98022,
	13.1876 1.984,
	13.1725 1.99438,
	13.165 1.9991,
	13.1499 2.00193,
	13.1197 2.00476,
	13.1046 2.00193,
	13.0895 1.99627,
	13.0593 1.97456,
	13.0527 1.96889,
	13.0527 1.96606,
	"/>
</Transform>

<Transform dim="1"
 xcoef=" 0.174617351560317 1 0 0 0 0"
 ycoef=" 0.381566909823848 0 1 0 0 0">
<Contour name="D046_ax01" hidden="false" closed="true" simplified="false" border="0 1 1" fill="0 1 1" mode="-11"
 points="9.72827 5.73302,
	9.74224 5.71904,
	9.68635 5.66316,
	9.70032 5.64918,
	9.75621 5.70507,
	9.77018 5.6911,
	9.77018 5.73302,
	"/>
<Contour name="D046_ax01" hidden="false" closed="true" simplified="false" border="0 1 1" fill="0 1 1" mode="-11"
 points="9.77717 5.34181,
	9.79114 5.32784,
	9.73525 5.27195,
	9.74923 5.25798,
	9.80511 5.31386,
	9.81908 5.29989,
	9.81908 5.34181,
	"/>
<Contour name="D046_ax01" hidden="false" closed="true" simplified="false" border="0 1 1" fill="0 1 1" mode="-11"
 points="9.87497 4.71308,
	9.88894 4.69911,
	9.83306 4.64322,
	9.84703 4.62925,
	9.90291 4.68514,
	9.91689 4.67116,
	9.91689 4.71308,
	"/>
</Transform>

<Transform dim="1"
 xcoef=" 0.174617351560317 1 0 0 0 0"
 ycoef=" 0.381566909823848 0 1 0 0 0">
<Contour name="D046 ax01??" hidden="false" closed="true" simplified="false" border="1 1 0" fill="1 1 0" mode="11"
 points="7.46435 5.83338,
	7.43969 5.83338,
	7.43969 5.84571,
	7.45202 5.85804,
	7.489 5.87037,
	7.46435 5.88269,
	7.45202 5.90735,
	7.42737 5.88269,
	7.41504 5.85804,
	7.41504 5.83338,
	7.39039 5.83338,
	7.42737 5.80873,
	"/>
</Transform>

<Transform dim="1"
 xcoef=" 0.174617351560317 1 0 0 0 0"
 ycoef=" 0.381566909823848 0 1 0 0 0">
<Contour name="D037" hidden="false" closed="true" simplified="true" border="0 0 1" fill="0 0 1" mode="11"
 points="12.7751 0.437871,
	12.7765 0.422098,
	12.7808 0.406791,
	12.7878 0.392403,
	12.7972 0.379359,
	12.8089 0.368045,
	12.8225 0.358794,
	12.8375 0.351881,
	12.8535 0.34751,
	12.8701 0.34581,
	12.8868 0.346832,
	12.903 0.350544,
	12.9183 0.356838,
	12.9323 0.365527,
	12.9445 0.376354,
	12.9545 0.389,
	12.9622 0.403091,
	12.9671 0.41821,
	12.9693 0.43391,
	12.9685 0.449727,
	12.965 0.465193,
	12.9587 0.479852,
	12.9498 0.49327,
	12.9386 0.50505,
	12.9255 0.514845,
	12.9108 0.522364,
	12.895 0.527386,
	12.8785 0.529761,
	12.8618 0.529421,
	12.8454 0.526374,
	12.8298 0.520711,
	12.8155 0.512599,
	12.8028 0.502279,
	12.7922 0.490054,
	12.7839 0.476287,
	12.7783 0.461385,
	"/>
</Transform>

<Transform dim="1"
 xcoef=" 0.174617351560317 1 0 0 0 0"
 ycoef=" 0.381566909823848 0 1 0 0 0">
<Contour name="D020" hidden="false" closed="true" simplified="true" border="0 0 1" fill="0 0 1" mode="11"
 points="10.3942 6.43028,
	10.396 6.40731,
	10.4011 6.38507,
	10.4094 6.36429,
	10.4207 6.34563,
	10.4346 6.3297,
	10.4507 6.31699,
	10.4683 6.30792,
	10.4871 6.30279,
	10.5063 6.30176,
	10.5253 6.30485,
	10.5436 6.31198,
	10.5605 6.32291,
	10.5755 6.33729,
	10.5882 6.35466,
	10.598 6.37446,
	10.6048 6.39605,
	10.6082 6.41875,
	10.6082 6.44181,
	10.6048 6.46451,
	10.598 6.4861,
	10.5882 6.5059,
	10.5755 6.52327,
	10.5605 6.53765,
	10.5436 6.54858,
	10.5253 6.55571,
	10.5063 6.5588,
	10.4871 6.55777,
	10.4683 6.55263,
	10.4507 6.54357,
	10.4346 6.53086,
	10.4207 6.51492,
	10.4094 6.49626,
	10.4011 6.47548,
	"/>
</Transform>

<Transform dim="1"
 xcoef=" 0.174617351560317 1 0 0 0 0"
 ycoef=" 0.381566909823848 0 1 0 0 0">
<Contour name="D060_large" hidden="false" closed="true" simplified="true" border="0 0 1" fill="0 0 1" mode="11"
 points="2.8123 0.857712,
	2.81354 0.839874,
	2.8172 0.822563,
	2.8232 0.806291,
	2.83134 0.79154,
	2.84138 0.778744,
	2.85304 0.768283,
	2.86596 0.760465,
	2.87976 0.755522,
	2.89404 0.753599,
	2.90838 0.754754,
	2.92234 0.758952,
	2.93552 0.76607,
	2.94752 0.775897,
	2.958 0.788142,
	2.96664 0.802443,
	2.97319 0.818378,
	2.97745 0.835476,
	2.9793 0.853231,
	2.97868 0.871119,
	2.97562 0.88861,
	2.97019 0.905188,
	2.96257 0.920363,
	2.95297 0.933685,
	2.94169 0.944762,
	2.92905 0.953265,
	2.91543 0.958944,
	2.90123 0.961631,
	2.88687 0.961246,
	2.87278 0.9578,
	2.85936 0.951396,
	2.84703 0.942222,
	2.83614 0.930551,
	2.82701 0.916726,
	2.81992 0.901157,
	2.81507 0.884303,
	"/>
</Transform>

<Transform dim="1"
 xcoef=" 0.174617351560317 1 0 0 0 0"
 ycoef=" 0.381566909823848 0 1 0 0 0">
<Contour name="D022" hidden="false" closed="true" simplified="true" border="0 0 1" fill="0 0 1" mode="11"
 points="15.9986 4.64028,
	15.9998 4.62721,
	16.0034 4.6144,
	16.0095 4.60206,
	16.0177 4.59043,
	16.028 4.57974,
	16.0403 4.57017,
	16.0542 4.56191,
	16.0695 4.55511,
	16.086 4.54989,
	16.1032 4.54636,
	16.121 4.54457,
	16.1389 4.54457,
	16.1567 4.54636,
	16.1739 4.54989,
	16.1904 4.55511,
	16.2057 4.56191,
	16.2196 4.57017,
	16.2319 4.57974,
	16.2422 4.59043,
	16.2505 4.60206,
	16.2565 4.6144,
	16.2601 4.62721,
	16.2613 4.64028,
	16.2601 4.65334,
	16.2565 4.66616,
	16.2505 4.67849,
	16.2422 4.69012,
	16.2319 4.70081,
	16.2196 4.71038,
	16.2057 4.71864,
	16.1904 4.72545,
	16.1739 4.73066,
	16.1567 4.7342,
	16.1389 4.73598,
	16.121 4.73598,
	16.1032 4.7342,
	16.086 4.73066,
	16.0695 4.72545,
	16.0542 4.71864,
	16.0403 4.71038,
	16.028 4.70081,
	16.0177 4.69012,
	16.0095 4.67849,
	16.0034 4.66616,
	15.9998 4.65334,
	"/>
</Transform>

<Transform dim="1"
 xcoef=" 0.174617351560317 1 0 0 0 0"
 ycoef=" 0.381566909823848 0 1 0 0 0">
<Contour name="D033" hidden="false" closed="true" simplified="true" border="0 0 1" fill="0 0 1" mode="11"
 points="10.397 2.49078,
	10.398 2.48104,
	10.4008 2.47155,
	10.4056 2.46256,
	10.412 2.4543,
	10.42 2.44699,
	10.4293 2.44081,
	10.4397 2.43592,
	10.4509 2.43246,
	10.4627 2.4305,
	10.4748 2.43011,
	10.4867 2.43129,
	10.4982 2.434,
	10.5091 2.43819,
	10.519 2.44375,
	10.5277 2.45052,
	10.5349 2.45833,
	10.5405 2.46698,
	10.5443 2.47625,
	10.5462 2.4859,
	10.5462 2.49567,
	10.5443 2.50532,
	10.5405 2.51459,
	10.5349 2.52324,
	10.5277 2.53105,
	10.519 2.53782,
	10.5091 2.54337,
	10.4982 2.54756,
	10.4867 2.55028,
	10.4748 2.55146,
	10.4627 2.55107,
	10.4509 2.54911,
	10.4397 2.54565,
	10.4293 2.54076,
	10.42 2.53458,
	10.412 2.52727,
	10.4056 2.51901,
	10.4008 2.51001,
	"/>
</Transform>

<Transform dim="1"
 xcoef=" 0.174617351560317 1 0 0 0 0"
 ycoef=" 0.381566909823848 0 1 0 0 0">
<Contour name="D058" hidden="false" closed="true" simplified="true" border="0 0 1" fill="0 0 1" mode="11"
 points="5.36204 11.058,
	5.36503 11.0487,
	5.37369 11.0403,
	5.38718 11.0337,
	5.40418 11.0294,
	5.42302 11.0279,
	5.44186 11.0294,
	5.45886 11.0337,
	5.47235 11.0403,
	5.48101 11.0487,
	5.48399 11.058,
	5.48101 11.0673,
	5.47235 11.0757,
	5.45886 11.0823,
	5.44186 11.0866,
	5.42302 11.0881,
	5.40418 11.0866,
	5.38718 11.0823,
	5.37369 11.0757,
	"/>
</Transform>

<Transform dim="1"
 xcoef=" 0.135983610476399 1 0 0 0 0"
 ycoef=" -0.123431277201655 0 1 0 0 0">
<Contour name="d020_o07" hidden="false" closed="true" simplified="false" border="1 0 0" fill="1 0 0" mode="-13"
 points="10.0981 5.67943,
	10.1379 5.67943,
	10.118 5.71585,
	"/>
</Transform>

<Transform dim="1"
 xcoef=" 0.135983610476399 1 0 0 0 0"
 ycoef=" -0.123431277201655 0 1 0 0 0">
<Contour name="d020" hidden="false" closed="true" simplified="true" border="1 1 0" fill="1 1 0" mode="11"
 points="9.98657 5.77327,
	9.99428 5.74588,
	10.0037 5.71848,
	10.0071 5.71163,
	10.008 5.7082,
	10.0097 5.70649,
	10.0157 5.69279,
	10.0191 5.68594,
	10.0208 5.68423,
	10.0208 5.68252,
	10.0225 5.6808,
	10.0225 5.67909,
	10.0242 5.67738,
	10.0302 5.66368,
	10.0345 5.65683,
	10.0354 5.65341,
	10.0414 5.64741,
	10.0431 5.64399,
	10.0448 5.64313,
	10.0448 5.64142,
	10.0542 5.62943,
	10.0593 5.62344,
	10.0662 5.61745,
	10.073 5.61317,
	10.0748 5.61145,
	10.0765 5.61145,
	10.0816 5.60717,
	10.0953 5.59947,
	10.0987 5.59861,
	10.1047 5.59433,
	10.1082 5.59176,
	10.1219 5.58748,
	10.1287 5.58406,
	10.1424 5.57977,
	10.1458 5.57806,
	10.1595 5.57635,
	10.1612 5.57464,
	10.1749 5.57293,
	10.1784 5.57121,
	10.2332 5.57036,
	10.24 5.57036,
	10.2469 5.56864,
	10.3016 5.56608,
	10.4112 5.57036,
	10.4249 5.57121,
	10.4318 5.57293,
	10.4455 5.57378,
	10.4523 5.57464,
	10.4652 5.57977,
	10.4686 5.58063,
	10.4703 5.58063,
	10.472 5.58234,
	10.4737 5.58234,
	10.4755 5.58406,
	10.4772 5.58406,
	10.4789 5.58577,
	10.4857 5.58834,
	10.4874 5.58834,
	10.5003 5.59775,
	10.5191 5.62515,
	10.5251 5.63885,
	10.5285 5.6457,
	10.5285 5.64741,
	10.5303 5.64913,
	10.5397 5.67652,
	10.5431 5.68337,
	10.5499 5.69022,
	10.5594 5.70307,
	10.5645 5.70992,
	10.5662 5.71163,
	10.5662 5.71334,
	10.5748 5.72704,
	10.5808 5.73389,
	10.585 5.73988,
	10.5876 5.74159,
	10.5945 5.74759,
	10.6065 5.75615,
	10.6133 5.76043,
	10.6193 5.76642,
	10.6227 5.76814,
	10.6236 5.76985,
	10.6253 5.76985,
	10.6321 5.77584,
	10.6373 5.78269,
	10.6416 5.79639,
	10.6433 5.80324,
	10.6433 5.81009,
	10.6416 5.81694,
	10.6347 5.83064,
	10.6321 5.83406,
	10.6313 5.83749,
	10.6287 5.84091,
	10.6236 5.85461,
	10.6219 5.86146,
	10.6219 5.87516,
	10.6236 5.88886,
	10.6261 5.89571,
	10.6279 5.89913,
	10.6279 5.90085,
	10.6321 5.90684,
	10.6347 5.91369,
	10.6356 5.92054,
	10.6339 5.93424,
	10.6304 5.94794,
	10.6236 5.96163,
	10.6219 5.96506,
	10.621 5.99246,
	10.6202 6.00616,
	10.6202 6.01301,
	10.6184 6.01643,
	10.6184 6.01986,
	10.609 6.04725,
	10.6005 6.06095,
	10.597 6.06438,
	10.5928 6.06951,
	10.5808 6.0815,
	10.5756 6.08664,
	10.5722 6.09006,
	10.5688 6.09178,
	10.5671 6.09178,
	10.5636 6.09434,
	10.5362 6.09862,
	10.5088 6.09948,
	10.502 6.10205,
	10.4994 6.10376,
	10.4926 6.10975,
	10.4892 6.11232,
	10.4857 6.11318,
	10.4797 6.11832,
	10.4772 6.12089,
	10.4737 6.12174,
	10.4609 6.1303,
	10.4549 6.13544,
	10.4481 6.13801,
	10.4421 6.14315,
	10.4352 6.14486,
	10.4318 6.14743,
	10.4284 6.14743,
	10.4147 6.15171,
	10.4112 6.15342,
	10.3838 6.15513,
	10.3804 6.15428,
	10.3787 6.15428,
	10.3753 6.15171,
	10.3684 6.14914,
	10.3556 6.13887,
	10.3505 6.13202,
	10.3427 6.11832,
	10.3308 6.10719,
	10.3171 6.10034,
	10.2897 6.09263,
	10.276 6.08835,
	10.2623 6.08236,
	10.2588 6.0815,
	10.246 6.07208,
	10.2391 6.06609,
	10.2391 6.06438,
	10.2289 6.0541,
	10.2203 6.0404,
	10.2169 6.03784,
	10.2075 6.02499,
	10.2015 6.01814,
	10.1963 6.01301,
	10.1775 5.98561,
	10.1681 5.97362,
	10.1621 5.96848,
	10.1578 5.96163,
	10.151 5.95479,
	10.1458 5.94879,
	10.121 5.93081,
	10.1176 5.92739,
	10.1159 5.92739,
	10.103 5.91711,
	10.0962 5.91198,
	10.0782 5.88715,
	10.0756 5.88372,
	10.0756 5.88201,
	10.0722 5.87858,
	10.0705 5.87516,
	10.0636 5.86917,
	10.0619 5.86917,
	10.0585 5.8666,
	10.0551 5.86574,
	10.0516 5.86317,
	10.0482 5.86232,
	10.0465 5.86232,
	10.0456 5.8606,
	10.0388 5.85889,
	10.0251 5.85119,
	10.0234 5.85119,
	10.0225 5.84947,
	10.0208 5.84947,
	10.0174 5.84605,
	10.014 5.84434,
	10.0105 5.84091,
	10.008 5.8392,
	10.002 5.83235,
	9.9977 5.8255,
	9.99513 5.82293,
	9.99 5.81009,
	9.98743 5.79639,
	9.98657 5.78269,
	9.98657 5.77584,
	9.98657 5.77413,
	"/>
</Transform>

<Transform dim="1"
 xcoef=" 0.135983610476399 1 0 0 0 0"
 ycoef=" -0.123431277201655 0 1 0 0 0">
<Contour name="d020_p07" hidden="false" closed="true" simplified="true" border="1 1 0" fill="1 1 0" mode="11"
 points="8.97454 5.52018,
	8.98037 5.50466,
	8.98425 5.4969,
	8.99977 5.48428,
	9.00753 5.4804,
	9.01142 5.47749,
	9.04247 5.46779,
	9.04635 5.46682,
	9.04829 5.46488,
	9.06381 5.46099,
	9.09486 5.46002,
	9.11039 5.46196,
	9.14144 5.47264,
	9.17249 5.48525,
	9.17443 5.48525,
	9.17831 5.48816,
	9.19384 5.49398,
	9.22489 5.49981,
	9.24041 5.50272,
	9.27146 5.51242,
	9.27534 5.51339,
	9.3064 5.53474,
	9.32192 5.54735,
	9.33745 5.55706,
	9.34521 5.56191,
	9.36073 5.57549,
	9.3685 5.58228,
	9.37238 5.58423,
	9.3879 5.5852,
	9.41895 5.58228,
	9.45 5.57549,
	9.48105 5.56579,
	9.5121 5.55026,
	9.54315 5.53668,
	9.60526 5.52212,
	9.63631 5.5163,
	9.65183 5.51533,
	9.68288 5.51727,
	9.69841 5.52115,
	9.70617 5.52309,
	9.73722 5.53959,
	9.75274 5.54832,
	9.76827 5.55415,
	9.7838 5.55706,
	9.79932 5.55609,
	9.80708 5.55512,
	9.81485 5.55123,
	9.82261 5.54347,
	9.83813 5.53474,
	9.85366 5.52892,
	9.86918 5.52504,
	9.87695 5.52309,
	9.93905 5.52212,
	10.0011 5.52309,
	10.0322 5.52504,
	10.0477 5.52698,
	10.0632 5.53086,
	10.0788 5.53959,
	10.0943 5.55123,
	10.1021 5.559,
	10.1137 5.57452,
	10.1166 5.58228,
	10.1176 5.59781,
	10.1147 5.60557,
	10.0933 5.63662,
	10.0613 5.69872,
	10.0351 5.76082,
	10.0225 5.79187,
	10.0138 5.8074,
	10.0011 5.82293,
	9.99727 5.82487,
	9.9895 5.82098,
	9.98174 5.81419,
	9.97301 5.79867,
	9.95748 5.78411,
	9.94196 5.77732,
	9.9342 5.77538,
	9.90315 5.77635,
	9.88762 5.78023,
	9.85657 5.79673,
	9.84104 5.80643,
	9.83328 5.81419,
	9.82261 5.82972,
	9.80902 5.86077,
	9.80417 5.87629,
	9.80126 5.90734,
	9.80029 5.92287,
	9.79641 5.93839,
	9.79156 5.94616,
	9.78671 5.96168,
	9.7838 5.97721,
	9.7838 5.99273,
	9.78962 6.02378,
	9.79932 6.05483,
	9.80223 6.07036,
	9.8032 6.08588,
	9.80223 6.10141,
	9.80126 6.10917,
	9.80417 6.14022,
	9.80611 6.15575,
	9.80417 6.1868,
	9.79447 6.20232,
	9.78671 6.21009,
	9.77894 6.21494,
	9.74789 6.21785,
	9.71684 6.21591,
	9.7149 6.21591,
	9.71296 6.21397,
	9.7052 6.21203,
	9.70132 6.20911,
	9.69744 6.20814,
	9.69356 6.20523,
	9.68967 6.20426,
	9.68191 6.19844,
	9.65959 6.16739,
	9.62854 6.14119,
	9.61593 6.12567,
	9.59943 6.09462,
	9.59167 6.07909,
	9.581 6.04804,
	9.56547 6.01699,
	9.55577 6.00147,
	9.54121 5.98594,
	9.52569 5.97527,
	9.49464 5.96071,
	9.47911 5.95392,
	9.47135 5.94907,
	9.46359 5.94616,
	9.44806 5.93645,
	9.4403 5.93257,
	9.40925 5.90928,
	9.3782 5.88017,
	9.36267 5.86659,
	9.33162 5.84621,
	9.32386 5.83942,
	9.31998 5.83554,
	9.31222 5.82001,
	9.30737 5.81225,
	9.27826 5.7812,
	9.25206 5.75015,
	9.22877 5.7191,
	9.2181 5.70358,
	9.21324 5.69581,
	9.1851 5.66476,
	9.15405 5.63856,
	9.14629 5.63274,
	9.08419 5.60169,
	9.02209 5.58034,
	9.00656 5.57258,
	8.9988 5.56773,
	8.98328 5.55317,
	8.97551 5.53765,
	8.97454 5.52212,
	8.97454 5.52115,
	"/>
</Transform>

<Transform dim="1"
 xcoef=" 0.135983610476399 1 0 0 0 0"
 ycoef=" -0.123431277201655 0 1 0 0 0">
<Contour name="d020_p08" hidden="false" closed="true" simplified="true" border="1 1 0" fill="1 1 0" mode="11"
 points="10.8824 5.39419,
	10.8864 5.37987,
	10.8909 5.37271,
	10.8945 5.37002,
	10.898 5.36644,
	10.9124 5.35794,
	10.9195 5.35391,
	10.9338 5.35167,
	10.941 5.35212,
	10.9446 5.35212,
	10.9482 5.35301,
	10.9625 5.36062,
	10.9768 5.37047,
	10.9799 5.37316,
	10.9817 5.37405,
	10.9853 5.37718,
	10.9889 5.37942,
	11.0032 5.383,
	11.005 5.383,
	11.0068 5.38435,
	11.014 5.38614,
	11.0175 5.38703,
	11.0193 5.38748,
	11.0229 5.38972,
	11.0247 5.39016,
	11.0256 5.39016,
	11.0274 5.39151,
	11.0292 5.39195,
	11.031 5.3933,
	11.0328 5.39374,
	11.0346 5.39509,
	11.0417 5.39822,
	11.0489 5.40225,
	11.0632 5.40807,
	11.0668 5.40941,
	11.0739 5.40941,
	11.0775 5.40896,
	11.0793 5.40851,
	11.0802 5.40762,
	11.0811 5.40762,
	11.0883 5.4018,
	11.0954 5.39509,
	11.1026 5.39061,
	11.1097 5.38748,
	11.1133 5.38614,
	11.1276 5.38479,
	11.1312 5.38479,
	11.1384 5.38658,
	11.1527 5.3924,
	11.1599 5.39598,
	11.1742 5.40493,
	11.1778 5.40762,
	11.1836 5.41478,
	11.1872 5.42194,
	11.189 5.4291,
	11.1899 5.43626,
	11.1899 5.45059,
	11.1899 5.45775,
	11.189 5.46491,
	11.1867 5.47207,
	11.1742 5.50072,
	11.1706 5.50788,
	11.1661 5.51504,
	11.1643 5.51862,
	11.1612 5.5222,
	11.1599 5.52399,
	11.1491 5.55263,
	11.146 5.5598,
	11.142 5.57412,
	11.1388 5.58128,
	11.1344 5.5956,
	11.1276 5.62425,
	11.125 5.63141,
	11.1218 5.63499,
	11.1182 5.63723,
	11.1111 5.63991,
	11.1039 5.64036,
	11.0896 5.63902,
	11.0824 5.63767,
	11.0753 5.63096,
	11.0695 5.62425,
	11.0556 5.61082,
	11.0269 5.5871,
	11.0131 5.57367,
	10.9862 5.54547,
	10.958 5.51728,
	10.9513 5.51011,
	10.9477 5.50653,
	10.9441 5.50385,
	10.937 5.49713,
	10.9334 5.49445,
	10.9191 5.48057,
	10.9155 5.47699,
	10.9097 5.46983,
	10.9065 5.46625,
	10.8967 5.45193,
	10.8962 5.45014,
	10.8918 5.44343,
	10.8886 5.43626,
	10.8864 5.43268,
	10.8833 5.41836,
	10.8824 5.40404,
	10.8824 5.39688,
	10.8824 5.39509,
	10.8824 5.39464,
	"/>
</Transform>

<Transform dim="1"
 xcoef=" 0.135983610476399 1 0 0 0 0"
 ycoef=" -0.123431277201655 0 1 0 0 0">
<Contour name="d020_p10" hidden="false" closed="true" simplified="true" border="1 1 0" fill="1 1 0" mode="11"
 points="9.0647 4.75258,
	9.06961 4.73684,
	9.07846 4.72111,
	9.08436 4.71325,
	9.08829 4.71128,
	9.1168 4.68572,
	9.13155 4.67392,
	9.16105 4.64541,
	9.17383 4.63263,
	9.19742 4.60412,
	9.22004 4.57364,
	9.22987 4.55889,
	9.23577 4.55103,
	9.2397 4.5471,
	9.24658 4.54316,
	9.24855 4.54316,
	9.26428 4.53235,
	9.27214 4.52645,
	9.27608 4.5235,
	9.28394 4.52252,
	9.28787 4.52252,
	9.29476 4.52842,
	9.29967 4.53628,
	9.30262 4.55201,
	9.30164 4.55988,
	9.29279 4.57462,
	9.28492 4.58151,
	9.28099 4.58544,
	9.27411 4.59035,
	9.25936 4.6051,
	9.24855 4.61887,
	9.2397 4.6346,
	9.23675 4.63853,
	9.23577 4.64246,
	9.23282 4.64639,
	9.23085 4.65426,
	9.22888 4.65819,
	9.2279 4.67392,
	9.22397 4.68965,
	9.21414 4.70538,
	9.20037 4.72111,
	9.18857 4.73586,
	9.18169 4.75159,
	9.17776 4.75847,
	9.17186 4.76634,
	9.16989 4.7742,
	9.164 4.78109,
	9.14925 4.7919,
	9.14138 4.79583,
	9.10992 4.80075,
	9.09419 4.80075,
	9.08633 4.79977,
	9.08239 4.79878,
	9.07846 4.79583,
	9.07453 4.79485,
	9.06863 4.78797,
	9.06568 4.7801,
	9.0647 4.76437,
	9.0647 4.75651,
	9.0647 4.75356,
	"/>
</Transform>

<Transform dim="1"
 xcoef=" 0.135983610476399 1 0 0 0 0"
 ycoef=" -0.123431277201655 0 1 0 0 0">
<Contour name="D019 sym cand 2" hidden="false" closed="true" simplified="true" border="0 1 1" fill="0 1 1" mode="-11"
 points="4.57187 3.64297,
	4.57223 3.63185,
	4.57329 3.62078,
	4.57507 3.60983,
	4.57754 3.59904,
	4.5807 3.58847,
	4.58452 3.57818,
	4.589 3.56821,
	4.5941 3.55862,
	4.59981 3.54946,
	4.60608 3.54077,
	4.6129 3.53259,
	4.62023 3.52497,
	4.62802 3.51794,
	4.63624 3.51154,
	4.64486 3.50581,
	4.65382 3.50076,
	4.66308 3.49644,
	4.67259 3.49285,
	4.68231 3.49001,
	4.69219 3.48795,
	4.70217 3.48667,
	4.71222 3.48618,
	4.72226 3.48647,
	4.73227 3.48756,
	4.74218 3.48942,
	4.75194 3.49207,
	4.76151 3.49547,
	4.77084 3.49961,
	4.77988 3.50448,
	4.78858 3.51005,
	4.79691 3.51628,
	4.80481 3.52315,
	4.81226 3.53063,
	4.81921 3.53867,
	4.82562 3.54724,
	4.83147 3.55629,
	4.83673 3.56578,
	4.84136 3.57566,
	4.84535 3.58587,
	4.84868 3.59637,
	4.85132 3.60711,
	4.85327 3.61803,
	4.85452 3.62908,
	4.85505 3.64019,
	4.85487 3.65132,
	4.85398 3.6624,
	4.85239 3.67339,
	4.85009 3.68423,
	4.8471 3.69486,
	4.84344 3.70522,
	4.83912 3.71527,
	4.83418 3.72496,
	4.82862 3.73424,
	4.82248 3.74305,
	4.8158 3.75136,
	4.8086 3.75913,
	4.80092 3.76631,
	4.79279 3.77286,
	4.78427 3.77877,
	4.7754 3.78399,
	4.76621 3.7885,
	4.75675 3.79227,
	4.74708 3.7953,
	4.73724 3.79755,
	4.72727 3.79903,
	4.71724 3.79972,
	4.70719 3.79962,
	4.69717 3.79873,
	4.68724 3.79706,
	4.67743 3.79461,
	4.66781 3.7914,
	4.65841 3.78744,
	4.6493 3.78275,
	4.64051 3.77736,
	4.63208 3.77129,
	4.62407 3.76457,
	4.6165 3.75724,
	4.60943 3.74933,
	4.60288 3.74089,
	4.59688 3.73196,
	4.59147 3.72258,
	4.58668 3.71279,
	4.58253 3.70266,
	4.57904 3.69222,
	4.57622 3.68154,
	4.57409 3.67066,
	4.57267 3.65964,
	"/>
</Transform>

<Transform dim="1"
 xcoef=" 0.135983610476399 1 0 0 0 0"
 ycoef=" -0.123431277201655 0 1 0 0 0">
<Contour name="d020_c07" hidden="false" closed="true" simplified="true" border="1 0 0" fill="1 0 0" mode="11"
 points="9.50171 5.99612,
	9.50388 5.99396,
	9.50713 5.98529,
	9.51309 5.97716,
	9.52175 5.97391,
	9.52392 5.97391,
	9.53259 5.96958,
	9.53692 5.9685,
	9.55425 5.96904,
	9.56292 5.96958,
	9.57159 5.97337,
	9.58892 5.98258,
	9.59867 5.99937,
	9.60192 6.00804,
	9.6095 6.0167,
	9.61763 6.03404,
	9.62034 6.0427,
	9.62088 6.06004,
	9.61925 6.07737,
	9.60896 6.0947,
	9.60788 6.09687,
	9.59921 6.10391,
	9.58188 6.10554,
	9.56455 6.10445,
	9.56238 6.10391,
	9.53963 6.06925,
	9.53367 6.06058,
	9.52934 6.05625,
	9.52338 6.04758,
	9.51309 6.03025,
	9.50767 6.02158,
	9.50334 6.01291,
	9.50171 6.00425,
	9.50171 5.99991,
	9.50171 5.99775,
	9.50171 5.99666,
	"/>
<Contour name="d020_cfa07" hidden="false" closed="false" simplified="false" border="0 1 0" fill="0 1 0" mode="11"
 points="9.53799 5.96725,
	9.56345 5.98675,
	9.58024 6.00896,
	9.59324 6.03984,
	9.61003 6.094,
	"/>
</Transform>

<Transform dim="1"
 xcoef=" 0.135983610476399 1 0 0 0 0"
 ycoef=" -0.123431277201655 0 1 0 0 0">
<Contour name="d020_cfa07" hidden="false" closed="false" simplified="false" border="0 1 0" fill="0 1 0" mode="11"
 points="9.29912 5.78417,
	9.32025 5.79826,
	9.35979 5.83076,
	9.40908 5.8898,
	"/>
</Transform>

<Transform dim="1"
 xcoef=" 0.135983610476399 1 0 0 0 0"
 ycoef=" -0.123431277201655 0 1 0 0 0">
<Contour name="d020_c07" hidden="false" closed="true" simplified="true" border="1 0 0" fill="1 0 0" mode="11"
 points="9.26718 5.80546,
	9.27422 5.79679,
	9.27639 5.79517,
	9.28072 5.79354,
	9.29805 5.78379,
	9.30238 5.78163,
	9.30455 5.78054,
	9.30563 5.78,
	9.32297 5.78542,
	9.33163 5.78758,
	9.3663 5.80546,
	9.37063 5.80763,
	9.38472 5.82496,
	9.39067 5.83363,
	9.39122 5.83579,
	9.39988 5.84338,
	9.41126 5.86071,
	9.41342 5.86937,
	9.41342 5.87804,
	9.41126 5.88671,
	9.40638 5.89537,
	9.40205 5.89917,
	9.39988 5.90079,
	9.39122 5.90404,
	9.38688 5.90567,
	9.36955 5.90567,
	9.36088 5.90458,
	9.34355 5.89917,
	9.34138 5.89917,
	9.33705 5.89646,
	9.33272 5.89483,
	9.33055 5.89375,
	9.32838 5.89375,
	9.32405 5.89104,
	9.31538 5.88833,
	9.29805 5.88129,
	9.28938 5.87642,
	9.28072 5.86992,
	9.27314 5.86125,
	9.26826 5.85258,
	9.26718 5.81792,
	9.26718 5.80925,
	9.26718 5.80708,
	9.26718 5.806,
	"/>
<Contour name="d020_c07" hidden="false" closed="true" simplified="true" border="1 0 0" fill="1 0 0" mode="11"
 points="9.01856 5.58392,
	9.02289 5.57526,
	9.02831 5.56659,
	9.02993 5.56442,
	9.04727 5.56605,
	9.0646 5.5693,
	9.09926 5.58176,
	9.1036 5.5823,
	9.10576 5.58446,
	9.14043 5.59638,
	9.15776 5.60288,
	9.1751 5.61317,
	9.19243 5.62509,
	9.19676 5.6278,
	9.21409 5.64296,
	9.23089 5.65921,
	9.23468 5.663,
	9.24334 5.66896,
	9.25201 5.67709,
	9.25634 5.68142,
	9.25905 5.68575,
	9.2623 5.69442,
	9.26014 5.71175,
	9.25959 5.71609,
	9.24334 5.73342,
	9.23522 5.74209,
	9.23305 5.74371,
	9.21572 5.74534,
	9.19839 5.74425,
	9.18972 5.74263,
	9.18539 5.741,
	9.16805 5.73071,
	9.15072 5.72367,
	9.14205 5.72042,
	9.13772 5.71825,
	9.13555 5.71771,
	9.11822 5.70417,
	9.11064 5.6955,
	9.07597 5.6695,
	9.07164 5.66571,
	9.06731 5.66355,
	9.03318 5.62996,
	9.02072 5.61263,
	9.0191 5.6083,
	9.01856 5.59096,
	9.01856 5.58663,
	9.01856 5.58446,
	"/>
<Contour name="d020_cfa07" hidden="false" closed="false" simplified="false" border="0 1 0" fill="0 1 0" mode="11"
 points="9.02938 5.56751,
	9.06242 5.57564,
	9.09925 5.58918,
	9.14746 5.61139,
	9.17887 5.63359,
	9.20975 5.66826,
	9.25525 5.72026,
	"/>
</Transform>

<Transform dim="1"
 xcoef=" 5.80375612154861 1 0 0 0 0"
 ycoef=" 9.80944076430028 0 1 0 0 0">
<Image mag="0.00201646" contrast="1.62889" brightness="-0.885" red="true" green="true" blue="true"
 src="105.tif_1.bmp" />
<Contour name="domain1" hidden="false" closed="true" simplified="false" border="1 0 1" fill="1 0 1" mode="11"
 points="0 0,
	12287 0,
	12287 12287,
	0 12287,
	"/>
</Transform>

</Section>