<?xml version="1.0"?>
<!DOCTYPE Section SYSTEM "section.dtd">

<Section index="67" thickness="0.052" alignLocked="true">
<Transform dim="1"
 xcoef=" 0.846504407431727 1 0 0 0 0"
 ycoef=" 0.676462758264835 0 1 0 0 0">
<Image mag="0.00201646" contrast="1.55133" brightness="-0.465" red="true" green="true" blue="true"
 src="067____z66.0.tif" />
<Contour name="domain1" hidden="false" closed="true" simplified="false" border="1 0 1" fill="1 0 1" mode="11"
 points="0 0,
	9551 0,
	9551 5063,
	0 5063,
	"/>
</Transform>

<Transform dim="3"
 xcoef=" 1.06199396725223 1.25456401399526 0 0 0 0"
 ycoef=" 0.848665833327037 0 1.25456401399526 0 0 0">
<Contour name="D019" hidden="false" closed="true" simplified="true" border="0 0 1" fill="0 0 1" mode="13"
 points="8.21205 6.17747,
	8.21411 6.1491,
	8.22028 6.12121,
	8.23045 6.09426,
	8.24444 6.06871,
	8.26203 6.04498,
	8.28291 6.02346,
	8.30674 6.00454,
	8.33312 5.9885,
	8.3616 5.97564,
	8.39172 5.96616,
	8.42295 5.96022,
	8.45479 5.95792,
	8.4867 5.9593,
	8.51814 5.96434,
	8.54858 5.97294,
	8.57752 5.98498,
	8.60447 6.00024,
	8.62897 6.01848,
	8.65063 6.03938,
	8.66907 6.06259,
	8.68398 6.08772,
	8.69512 6.11437,
	8.7023 6.14207,
	8.7054 6.17036,
	8.70437 6.19877,
	8.69922 6.22682,
	8.69004 6.25405,
	8.67698 6.28,
	8.66027 6.30422,
	8.64018 6.32632,
	8.61705 6.34593,
	8.59127 6.36271,
	8.56327 6.37639,
	8.53351 6.38673,
	8.50251 6.39357,
	8.47077 6.39679,
	8.43883 6.39633,
	8.40723 6.3922,
	8.37649 6.38447,
	8.34713 6.37327,
	8.31964 6.3588,
	8.29448 6.34128,
	8.27208 6.32102,
	8.2528 6.29835,
	8.23698 6.27365,
	8.22487 6.24735,
	8.21669 6.21987,
	"/>
</Transform>

<Transform dim="3"
 xcoef=" 1.06199396725223 1.25456401399526 0 0 0 0"
 ycoef=" 0.848665833327037 0 1.25456401399526 0 0 0">
<Contour name="D021" hidden="false" closed="true" simplified="true" border="0 0 1" fill="0 0 1" mode="13"
 points="8.30215 7.97615,
	8.30596 7.93911,
	8.31728 7.90316,
	8.33576 7.86937,
	8.36087 7.83874,
	8.39186 7.81217,
	8.42782 7.79045,
	8.46769 7.77421,
	8.51027 7.76395,
	8.55433 7.75995,
	8.59854 7.76235,
	8.64162 7.77107,
	8.68228 7.78585,
	8.71932 7.80626,
	8.75164 7.83168,
	8.7783 7.86138,
	8.7985 7.89447,
	8.81165 7.92998,
	8.81735 7.96685,
	8.81545 8.00399,
	8.80599 8.04032,
	8.78925 8.07474,
	8.76573 8.10625,
	8.73613 8.13392,
	8.70132 8.15692,
	8.66233 8.17458,
	8.62031 8.18637,
	8.5765 8.19195,
	8.5322 8.19115,
	8.48872 8.18399,
	8.44734 8.1707,
	8.40929 8.15165,
	8.37569 8.12741,
	8.34753 8.0987,
	8.32565 8.06637,
	8.3107 8.03137,
	"/>
</Transform>

<Transform dim="3"
 xcoef=" 1.06199396725223 1.25456401399526 0 0 0 0"
 ycoef=" 0.848665833327037 0 1.25456401399526 0 0 0">
<Contour name="D023" hidden="false" closed="true" simplified="true" border="0 0 1" fill="0 0 1" mode="13"
 points="10.7535 4.35013,
	10.7541 4.3327,
	10.7562 4.31535,
	10.7595 4.29817,
	10.7641 4.28122,
	10.77 4.26459,
	10.7772 4.24836,
	10.7857 4.23259,
	10.7953 4.21737,
	10.806 4.20276,
	10.8179 4.18883,
	10.8308 4.17564,
	10.8446 4.16326,
	10.8594 4.15174,
	10.875 4.14113,
	10.8915 4.13149,
	10.9086 4.12286,
	10.9263 4.11527,
	10.9446 4.10877,
	10.9633 4.10338,
	10.9824 4.09913,
	11.0018 4.09604,
	11.0214 4.09412,
	11.0411 4.09338,
	11.0608 4.09382,
	11.0804 4.09545,
	11.0998 4.09825,
	11.119 4.10221,
	11.1379 4.10732,
	11.1563 4.11354,
	11.1741 4.12086,
	11.1914 4.12924,
	11.208 4.13863,
	11.2238 4.149,
	11.2389 4.16029,
	11.253 4.17247,
	11.2661 4.18546,
	11.2782 4.19921,
	11.2892 4.21366,
	11.2991 4.22873,
	11.3079 4.24437,
	11.3154 4.26049,
	11.3216 4.27703,
	11.3266 4.2939,
	11.3302 4.31104,
	11.3326 4.32835,
	11.3336 4.34577,
	11.3332 4.3632,
	11.3316 4.38058,
	11.3286 4.39781,
	11.3243 4.41482,
	11.3186 4.43154,
	11.3118 4.44788,
	11.3037 4.46377,
	11.2943 4.47913,
	11.2839 4.4939,
	11.2723 4.50801,
	11.2597 4.52139,
	11.246 4.53398,
	11.2315 4.54572,
	11.216 4.55656,
	11.1998 4.56644,
	11.1829 4.57533,
	11.1653 4.58318,
	11.1471 4.58996,
	11.1285 4.59563,
	11.1095 4.60017,
	11.0901 4.60355,
	11.0706 4.60576,
	11.0509 4.6068,
	11.0312 4.60665,
	11.0116 4.60532,
	10.9921 4.60281,
	10.9728 4.59914,
	10.9539 4.59432,
	10.9354 4.58837,
	10.9174 4.58132,
	10.8999 4.57321,
	10.8832 4.56406,
	10.8671 4.55394,
	10.8519 4.54287,
	10.8376 4.53091,
	10.8242 4.51812,
	10.8118 4.50455,
	10.8005 4.49027,
	10.7903 4.47535,
	10.7813 4.45984,
	10.7735 4.44383,
	10.7669 4.42739,
	10.7616 4.41059,
	10.7577 4.39352,
	10.755 4.37624,
	"/>
</Transform>

<Transform dim="3"
 xcoef=" 1.06199396725223 1.25456401399526 0 0 0 0"
 ycoef=" 0.848665833327037 0 1.25456401399526 0 0 0">
<Contour name="D024_edge" hidden="false" closed="true" simplified="true" border="0 0 1" fill="0 0 1" mode="13"
 points="15.0337 12.0962,
	15.0347 12.0831,
	15.0375 12.0701,
	15.0421 12.0573,
	15.0485 12.0448,
	15.0567 12.0328,
	15.0665 12.0213,
	15.0779 12.0105,
	15.0908 12.0004,
	15.1051 11.9911,
	15.1206 11.9827,
	15.1373 11.9753,
	15.1549 11.9689,
	15.1734 11.9636,
	15.1925 11.9594,
	15.2122 11.9564,
	15.2322 11.9546,
	15.2524 11.9539,
	15.2726 11.9546,
	15.2926 11.9564,
	15.3122 11.9594,
	15.3314 11.9636,
	15.3498 11.9689,
	15.3675 11.9753,
	15.3841 11.9827,
	15.3997 11.9911,
	15.414 12.0004,
	15.4269 12.0105,
	15.4383 12.0213,
	15.4481 12.0328,
	15.4563 12.0448,
	15.4627 12.0573,
	15.4673 12.0701,
	15.4701 12.0831,
	15.471 12.0962,
	15.4701 12.1093,
	15.4673 12.1224,
	15.4627 12.1352,
	15.4563 12.1476,
	15.4481 12.1596,
	15.4383 12.1711,
	15.4269 12.182,
	15.414 12.1921,
	15.3997 12.2014,
	15.3841 12.2098,
	15.3675 12.2172,
	15.3498 12.2236,
	15.3314 12.2289,
	15.3122 12.2331,
	15.2926 12.2361,
	15.2726 12.2379,
	15.2524 12.2385,
	15.2322 12.2379,
	15.2122 12.2361,
	15.1925 12.2331,
	15.1734 12.2289,
	15.1549 12.2236,
	15.1373 12.2172,
	15.1206 12.2098,
	15.1051 12.2014,
	15.0908 12.1921,
	15.0779 12.182,
	15.0665 12.1711,
	15.0567 12.1596,
	15.0485 12.1476,
	15.0421 12.1352,
	15.0375 12.1224,
	"/>
</Transform>

<Transform dim="3"
 xcoef=" 1.06199396725223 1.25456401399526 0 0 0 0"
 ycoef=" 0.848665833327037 0 1.25456401399526 0 0 0">
<Contour name="D025" hidden="false" closed="true" simplified="true" border="0 0 1" fill="0 0 1" mode="13"
 points="5.85236 5.27009,
	5.853 5.25243,
	5.85491 5.23486,
	5.85809 5.21748,
	5.8625 5.20038,
	5.86815 5.18364,
	5.87498 5.16736,
	5.88297 5.15162,
	5.89208 5.13651,
	5.90225 5.1221,
	5.91343 5.10847,
	5.92557 5.0957,
	5.9386 5.08384,
	5.95245 5.07297,
	5.96705 5.06313,
	5.98231 5.05439,
	5.99817 5.04678,
	6.01454 5.04036,
	6.03133 5.03514,
	6.04845 5.03116,
	6.06581 5.02845,
	6.08332 5.027,
	6.10089 5.02684,
	6.11842 5.02797,
	6.13583 5.03037,
	6.15302 5.03403,
	6.16989 5.03894,
	6.18637 5.04507,
	6.20237 5.05238,
	6.21779 5.06084,
	6.23256 5.07041,
	6.24661 5.08103,
	6.25985 5.09264,
	6.27222 5.1052,
	6.28364 5.11862,
	6.29407 5.13284,
	6.30345 5.14778,
	6.31172 5.16337,
	6.31885 5.17952,
	6.32479 5.19615,
	6.32952 5.21317,
	6.33301 5.23049,
	6.33523 5.24802,
	6.33619 5.26567,
	6.33587 5.28334,
	6.33428 5.30093,
	6.33142 5.31837,
	6.32731 5.33555,
	6.32197 5.35239,
	6.31543 5.36879,
	6.30773 5.38467,
	6.2989 5.39995,
	6.28899 5.41454,
	6.27805 5.42837,
	6.26614 5.44136,
	6.25333 5.45346,
	6.23968 5.46458,
	6.22526 5.47468,
	6.21016 5.4837,
	6.19444 5.49159,
	6.17819 5.49832,
	6.1615 5.50384,
	6.14445 5.50813,
	6.12715 5.51116,
	6.10966 5.51293,
	6.0921 5.51341,
	6.07455 5.51261,
	6.0571 5.51052,
	6.03985 5.50718,
	6.02289 5.50258,
	6.0063 5.49675,
	5.99018 5.48973,
	5.9746 5.48155,
	5.95966 5.47225,
	5.94543 5.46189,
	5.93198 5.45052,
	5.91939 5.4382,
	5.90772 5.42499,
	5.89703 5.41096,
	5.88739 5.39619,
	5.87883 5.38075,
	5.87142 5.36473,
	5.86517 5.34821,
	5.86014 5.33128,
	5.85634 5.31403,
	5.8538 5.29655,
	"/>
</Transform>

<Transform dim="3"
 xcoef=" 1.06199396725223 1.25456401399526 0 0 0 0"
 ycoef=" 0.848665833327037 0 1.25456401399526 0 0 0">
<Contour name="D026_edge" hidden="false" closed="true" simplified="true" border="0 0 1" fill="0 0 1" mode="13"
 points="4.7115 5.88377,
	4.71272 5.86678,
	4.71639 5.84992,
	4.72246 5.83333,
	4.73091 5.81714,
	4.74164 5.80148,
	4.75459 5.78648,
	4.76965 5.77224,
	4.78669 5.75889,
	4.80559 5.74653,
	4.8262 5.73527,
	4.84834 5.72518,
	4.87185 5.71635,
	4.89653 5.70884,
	4.9222 5.70273,
	4.94864 5.69805,
	4.97566 5.69485,
	5.00302 5.69315,
	5.03053 5.69296,
	5.05795 5.69429,
	5.08507 5.69711,
	5.11167 5.70143,
	5.13755 5.70718,
	5.1625 5.71434,
	5.18632 5.72285,
	5.20882 5.73263,
	5.22983 5.74361,
	5.24917 5.75571,
	5.26669 5.76882,
	5.28226 5.78284,
	5.29574 5.79766,
	5.30704 5.81317,
	5.31606 5.82924,
	5.32274 5.84574,
	5.32701 5.86254,
	5.32885 5.87952,
	5.32823 5.89652,
	5.32518 5.91342,
	5.3197 5.93009,
	5.31184 5.94639,
	5.30167 5.9622,
	5.28927 5.97738,
	5.27473 5.99182,
	5.25817 6.0054,
	5.23972 6.01801,
	5.21952 6.02956,
	5.19775 6.03995,
	5.17457 6.04911,
	5.15016 6.05695,
	5.12472 6.06341,
	5.09845 6.06845,
	5.07156 6.07202,
	5.04426 6.0741,
	5.01677 6.07467,
	4.98931 6.07373,
	4.96209 6.07127,
	4.93534 6.06733,
	4.90926 6.06193,
	4.88405 6.05511,
	4.85993 6.04694,
	4.83709 6.03747,
	4.81569 6.02678,
	4.79592 6.01495,
	4.77793 6.00209,
	4.76186 5.98828,
	4.74785 5.97365,
	4.73599 5.9583,
	4.72639 5.94236,
	4.71913 5.92596,
	4.71425 5.90922,
	"/>
</Transform>

<Transform dim="3"
 xcoef=" 1.06199396725223 1.25456401399526 0 0 0 0"
 ycoef=" 0.848665833327037 0 1.25456401399526 0 0 0">
<Contour name="D028" hidden="false" closed="true" simplified="true" border="0 0 1" fill="0 0 1" mode="13"
 points="10.4576 9.48688,
	10.459 9.46678,
	10.463 9.44706,
	10.4696 9.42809,
	10.4787 9.41025,
	10.49 9.39386,
	10.5035 9.37925,
	10.5187 9.36668,
	10.5355 9.35641,
	10.5535 9.34861,
	10.5723 9.34345,
	10.5917 9.34102,
	10.6112 9.34137,
	10.6305 9.34449,
	10.6492 9.35032,
	10.6669 9.35875,
	10.6833 9.36962,
	10.6981 9.38272,
	10.7111 9.3978,
	10.7219 9.41459,
	10.7304 9.43274,
	10.7363 9.45193,
	10.7397 9.47178,
	10.7403 9.49193,
	10.7383 9.51197,
	10.7337 9.53154,
	10.7264 9.55026,
	10.7168 9.56777,
	10.7049 9.58374,
	10.691 9.59786,
	10.6753 9.60988,
	10.6582 9.61955,
	10.6399 9.6267,
	10.6209 9.63118,
	10.6015 9.63292,
	10.582 9.63188,
	10.5628 9.62807,
	10.5444 9.62158,
	10.5269 9.61252,
	10.5109 9.60108,
	10.4965 9.58745,
	10.4841 9.57192,
	10.4738 9.55476,
	10.466 9.53631,
	10.4607 9.51692,
	"/>
</Transform>

<Transform dim="3"
 xcoef=" 1.06199396725223 1.25456401399526 0 0 0 0"
 ycoef=" 0.848665833327037 0 1.25456401399526 0 0 0">
<Contour name="D029_edge" hidden="false" closed="true" simplified="true" border="0 0 1" fill="0 0 1" mode="13"
 points="13.0099 11.2741,
	13.0108 11.2509,
	13.0135 11.2278,
	13.018 11.205,
	13.0243 11.1826,
	13.0323 11.1609,
	13.0419 11.1399,
	13.0532 11.1198,
	13.066 11.1007,
	13.0802 11.0827,
	13.0958 11.066,
	13.1127 11.0507,
	13.1307 11.0368,
	13.1497 11.0245,
	13.1696 11.0138,
	13.1903 11.0049,
	13.2116 10.9977,
	13.2334 10.9923,
	13.2555 10.9888,
	13.2779 10.9871,
	13.3003 10.9874,
	13.3226 10.9895,
	13.3446 10.9935,
	13.3663 10.9993,
	13.3875 11.007,
	13.408 11.0164,
	13.4277 11.0274,
	13.4464 11.0401,
	13.4642 11.0544,
	13.4807 11.0701,
	13.496 11.0871,
	13.5099 11.1054,
	13.5223 11.1247,
	13.5332 11.1451,
	13.5424 11.1663,
	13.55 11.1882,
	13.5558 11.2106,
	13.5599 11.2335,
	13.5622 11.2567,
	13.5626 11.2799,
	13.5612 11.3032,
	13.5581 11.3262,
	13.5531 11.3489,
	13.5464 11.3711,
	13.538 11.3927,
	13.5279 11.4135,
	13.5163 11.4333,
	13.5031 11.4522,
	13.4885 11.4698,
	13.4726 11.4862,
	13.4554 11.5012,
	13.4372 11.5146,
	13.4179 11.5265,
	13.3978 11.5368,
	13.377 11.5453,
	13.3555 11.5521,
	13.3336 11.557,
	13.3114 11.56,
	13.2891 11.5612,
	13.2667 11.5605,
	13.2444 11.5579,
	13.2224 11.5535,
	13.2008 11.5472,
	13.1798 11.5391,
	13.1595 11.5293,
	13.14 11.5178,
	13.1215 11.5047,
	13.1041 11.4901,
	13.0879 11.474,
	13.0729 11.4567,
	13.0594 11.4381,
	13.0474 11.4185,
	13.0369 11.3979,
	13.028 11.3766,
	13.0209 11.3545,
	13.0155 11.3319,
	13.0119 11.3089,
	"/>
</Transform>

<Transform dim="3"
 xcoef=" 1.06199396725223 1.25456401399526 0 0 0 0"
 ycoef=" 0.848665833327037 0 1.25456401399526 0 0 0">
<Contour name="D030_oblique" hidden="false" closed="true" simplified="true" border="0 0 1" fill="0 0 1" mode="13"
 points="12.7493 7.84839,
	12.7508 7.82597,
	12.7554 7.804,
	12.7629 7.78291,
	12.7732 7.76312,
	12.7861 7.74503,
	12.8014 7.729,
	12.8186 7.71535,
	12.8376 7.70434,
	12.8579 7.6962,
	12.879 7.69109,
	12.9007 7.68911,
	12.9224 7.6903,
	12.9437 7.69463,
	12.9643 7.70203,
	12.9836 7.71234,
	13.0013 7.72535,
	13.0171 7.74082,
	13.0306 7.75843,
	13.0416 7.77782,
	13.0498 7.79862,
	13.0551 7.82042,
	13.0574 7.84277,
	13.0567 7.86523,
	13.0528 7.88735,
	13.0461 7.9087,
	13.0364 7.92885,
	13.0241 7.9474,
	13.0095 7.96398,
	12.9927 7.97825,
	12.9741 7.98995,
	12.9541 7.99882,
	12.9331 8.0047,
	12.9116 8.00747,
	12.8898 8.00708,
	12.8684 8.00352,
	12.8476 7.99688,
	12.8279 7.98728,
	12.8098 7.97492,
	12.7935 7.96004,
	12.7794 7.94293,
	12.7677 7.92395,
	12.7588 7.90346,
	12.7527 7.88188,
	"/>
</Transform>

<Transform dim="3"
 xcoef=" 1.06199396725223 1.25456401399526 0 0 0 0"
 ycoef=" 0.848665833327037 0 1.25456401399526 0 0 0">
<Contour name="D032" hidden="false" closed="true" simplified="true" border="0 0 1" fill="0 0 1" mode="13"
 points="7.55733 4.01281,
	7.55962 3.95933,
	7.56643 3.90735,
	7.57757 3.85832,
	7.59272 3.81362,
	7.61147 3.77449,
	7.63328 3.74204,
	7.65755 3.71718,
	7.68359 3.7006,
	7.71068 3.69276,
	7.73805 3.69388,
	7.76495 3.70394,
	7.79061 3.72264,
	7.81433 3.74948,
	7.83543 3.78369,
	7.85332 3.82432,
	7.8675 3.87022,
	7.87758 3.92012,
	7.88328 3.97262,
	7.88442 4.02624,
	7.88099 4.07949,
	7.87308 4.13087,
	7.8609 4.17894,
	7.84481 4.22236,
	7.82524 4.25991,
	7.80276 4.29054,
	7.77798 4.31339,
	7.75161 4.32782,
	7.72438 4.33343,
	7.69705 4.33006,
	7.67039 4.31781,
	7.64515 4.29701,
	7.62203 4.26825,
	7.60168 4.23234,
	7.58467 4.19028,
	7.57148 4.14325,
	7.56247 4.09257,
	"/>
</Transform>

<Transform dim="3"
 xcoef=" 1.06199396725223 1.25456401399526 0 0 0 0"
 ycoef=" 0.848665833327037 0 1.25456401399526 0 0 0">
<Contour name="D032 sym cand" hidden="false" closed="true" simplified="true" border="0 1 1" fill="0 1 1" mode="11"
 points="7.36386 4.12069,
	7.36462 4.10441,
	7.3669 4.08845,
	7.37065 4.07316,
	7.37579 4.05883,
	7.38221 4.04576,
	7.38979 4.03421,
	7.39838 4.02443,
	7.40779 4.01661,
	7.41783 4.0109,
	7.42831 4.00743,
	7.439 4.00626,
	7.4497 4.00743,
	7.46017 4.0109,
	7.47022 4.01661,
	7.47963 4.02443,
	7.48821 4.03421,
	7.49579 4.04576,
	7.50222 4.05883,
	7.50736 4.07316,
	7.5111 4.08845,
	7.51338 4.10441,
	7.51415 4.12069,
	7.51338 4.13697,
	7.5111 4.15293,
	7.50736 4.16822,
	7.50222 4.18255,
	7.49579 4.19562,
	7.48821 4.20717,
	7.47963 4.21695,
	7.47022 4.22477,
	7.46017 4.23048,
	7.4497 4.23395,
	7.439 4.23511,
	7.42831 4.23395,
	7.41783 4.23048,
	7.40779 4.22477,
	7.39838 4.21695,
	7.38979 4.20717,
	7.38221 4.19562,
	7.37579 4.18255,
	7.37065 4.16822,
	7.3669 4.15293,
	7.36462 4.13697,
	"/>
</Transform>

<Transform dim="3"
 xcoef=" 1.06199396725223 1.25456401399526 0 0 0 0"
 ycoef=" 0.848665833327037 0 1.25456401399526 0 0 0">
<Contour name="D033" hidden="false" closed="true" simplified="true" border="0 0 1" fill="0 0 1" mode="13"
 points="13.9316 3.6929,
	13.9328 3.68121,
	13.9361 3.66975,
	13.9416 3.65877,
	13.9491 3.64848,
	13.9586 3.63909,
	13.9697 3.6308,
	13.9823 3.62377,
	13.9961 3.61815,
	14.0108 3.61406,
	14.0262 3.61156,
	14.0418 3.61073,
	14.0575 3.61156,
	14.0729 3.61406,
	14.0876 3.61815,
	14.1014 3.62377,
	14.114 3.6308,
	14.1251 3.63909,
	14.1345 3.64848,
	14.1421 3.65877,
	14.1476 3.66975,
	14.1509 3.68121,
	14.152 3.6929,
	14.1509 3.7046,
	14.1476 3.71606,
	14.1421 3.72704,
	14.1345 3.73733,
	14.1251 3.74672,
	14.114 3.75501,
	14.1014 3.76204,
	14.0876 3.76766,
	14.0729 3.77175,
	14.0575 3.77424,
	14.0418 3.77508,
	14.0262 3.77424,
	14.0108 3.77175,
	13.9961 3.76766,
	13.9823 3.76204,
	13.9697 3.75501,
	13.9586 3.74672,
	13.9491 3.73733,
	13.9416 3.72704,
	13.9361 3.71606,
	13.9328 3.7046,
	"/>
</Transform>

<Transform dim="3"
 xcoef=" 1.06199396725223 1.25456401399526 0 0 0 0"
 ycoef=" 0.848665833327037 0 1.25456401399526 0 0 0">
<Contour name="D034" hidden="false" closed="true" simplified="true" border="0 0 1" fill="0 0 1" mode="13"
 points="11.5581 2.9584,
	11.5592 2.92918,
	11.5625 2.90026,
	11.568 2.87193,
	11.5757 2.8445,
	11.5854 2.81823,
	11.597 2.7934,
	11.6104 2.77026,
	11.6256 2.74905,
	11.6423 2.72999,
	11.6603 2.71328,
	11.6796 2.69908,
	11.6998 2.68754,
	11.7207 2.67878,
	11.7423 2.67289,
	11.7642 2.66993,
	11.7861 2.66993,
	11.808 2.67289,
	11.8296 2.67878,
	11.8505 2.68754,
	11.8707 2.69908,
	11.89 2.71328,
	11.908 2.72999,
	11.9247 2.74905,
	11.9399 2.77026,
	11.9533 2.7934,
	11.9649 2.81823,
	11.9746 2.8445,
	11.9823 2.87193,
	11.9878 2.90026,
	11.9911 2.92918,
	11.9922 2.9584,
	11.9911 2.98763,
	11.9878 3.01655,
	11.9823 3.04487,
	11.9746 3.07231,
	11.9649 3.09858,
	11.9533 3.12341,
	11.9399 3.14655,
	11.9247 3.16776,
	11.908 3.18681,
	11.89 3.20353,
	11.8707 3.21773,
	11.8505 3.22927,
	11.8296 3.23803,
	11.808 3.24392,
	11.7861 3.24688,
	11.7642 3.24688,
	11.7423 3.24392,
	11.7207 3.23803,
	11.6998 3.22927,
	11.6796 3.21773,
	11.6603 3.20353,
	11.6423 3.18681,
	11.6256 3.16776,
	11.6104 3.14655,
	11.597 3.12341,
	11.5854 3.09858,
	11.5757 3.07231,
	11.568 3.04487,
	11.5625 3.01655,
	11.5592 2.98763,
	"/>
</Transform>

<Transform dim="3"
 xcoef=" 1.06199396725223 1.25456401399526 0 0 0 0"
 ycoef=" 0.848665833327037 0 1.25456401399526 0 0 0">
<Contour name="D035" hidden="false" closed="true" simplified="true" border="0 0 1" fill="0 0 1" mode="13"
 points="8.92329 3.82709,
	8.92413 3.81053,
	8.92664 3.79411,
	8.93079 3.77797,
	8.93655 3.76224,
	8.94388 3.74706,
	8.95271 3.73255,
	8.96297 3.71883,
	8.97457 3.70603,
	8.98742 3.69424,
	9.0014 3.68357,
	9.01639 3.67411,
	9.03229 3.66593,
	9.04894 3.6591,
	9.0662 3.65369,
	9.08395 3.64974,
	9.10201 3.64728,
	9.12025 3.64633,
	9.13851 3.6469,
	9.15663 3.64899,
	9.17447 3.65257,
	9.19187 3.65762,
	9.20869 3.66409,
	9.22478 3.67194,
	9.24002 3.68109,
	9.25426 3.69146,
	9.2674 3.70298,
	9.27932 3.71554,
	9.28992 3.72904,
	9.29912 3.74336,
	9.30683 3.75839,
	9.31299 3.77399,
	9.31755 3.79004,
	9.32047 3.80641,
	9.32173 3.82294,
	9.32131 3.83951,
	9.31922 3.85598,
	9.31547 3.8722,
	9.31011 3.88805,
	9.30316 3.90338,
	9.2947 3.91807,
	9.28479 3.932,
	9.27352 3.94504,
	9.26098 3.95709,
	9.24727 3.96805,
	9.23252 3.97782,
	9.21684 3.98633,
	9.20036 3.9935,
	9.18324 3.99926,
	9.1656 4.00358,
	9.1476 4.00642,
	9.12939 4.00775,
	9.11112 4.00756,
	9.09295 4.00585,
	9.07502 4.00264,
	9.0575 3.99796,
	9.04052 3.99183,
	9.02424 3.98432,
	9.00878 3.97549,
	8.99427 3.96542,
	8.98085 3.95418,
	8.96861 3.94187,
	8.95767 3.92859,
	8.94812 3.91446,
	8.94003 3.8996,
	8.93347 3.88413,
	8.92851 3.86818,
	8.92518 3.85188,
	"/>
</Transform>

<Transform dim="3"
 xcoef=" 1.06199396725223 1.25456401399526 0 0 0 0"
 ycoef=" 0.848665833327037 0 1.25456401399526 0 0 0">
<Contour name="D036" hidden="false" closed="true" simplified="true" border="0 0 1" fill="0 0 1" mode="13"
 points="17.5836 3.65831,
	17.5846 3.63886,
	17.5875 3.61954,
	17.5923 3.6005,
	17.599 3.58185,
	17.6075 3.56373,
	17.6178 3.54627,
	17.6299 3.52958,
	17.6435 3.51378,
	17.6587 3.49898,
	17.6752 3.48529,
	17.6931 3.47279,
	17.7122 3.46158,
	17.7323 3.45173,
	17.7534 3.44331,
	17.7752 3.43638,
	17.7976 3.43098,
	17.8205 3.42716,
	17.8437 3.42494,
	17.867 3.42433,
	17.8903 3.42534,
	17.9134 3.42797,
	17.9362 3.43219,
	17.9585 3.43797,
	17.9801 3.44528,
	18.0009 3.45406,
	18.0208 3.46426,
	18.0396 3.4758,
	18.0572 3.48861,
	18.0734 3.50258,
	18.0882 3.51764,
	18.1015 3.53367,
	18.113 3.55056,
	18.1229 3.5682,
	18.131 3.58647,
	18.1372 3.60522,
	18.1416 3.62435,
	18.144 3.64371,
	18.1445 3.66318,
	18.143 3.68261,
	18.1396 3.70187,
	18.1344 3.72083,
	18.1272 3.73936,
	18.1182 3.75732,
	18.1075 3.7746,
	18.095 3.79108,
	18.081 3.80663,
	18.0655 3.82116,
	18.0485 3.83457,
	18.0303 3.84675,
	18.011 3.85763,
	17.9906 3.86713,
	17.9694 3.87518,
	17.9474 3.88173,
	17.9249 3.88674,
	17.9019 3.89016,
	17.8787 3.89198,
	17.8553 3.89219,
	17.832 3.89077,
	17.809 3.88775,
	17.7863 3.88313,
	17.7642 3.87696,
	17.7428 3.86928,
	17.7222 3.86014,
	17.7025 3.8496,
	17.684 3.83773,
	17.6668 3.82463,
	17.6509 3.81037,
	17.6365 3.79506,
	17.6236 3.7788,
	17.6125 3.76171,
	17.603 3.7439,
	17.5954 3.72551,
	17.5896 3.70664,
	17.5858 3.68744,
	"/>
</Transform>

<Transform dim="3"
 xcoef=" 1.06199396725223 1.25456401399526 0 0 0 0"
 ycoef=" 0.848665833327037 0 1.25456401399526 0 0 0">
<Contour name="D038_edge" hidden="false" closed="true" simplified="true" border="0 0 1" fill="0 0 1" mode="13"
 points="9.02863 0.126761,
	9.03217 0.105143,
	9.04268 0.0840996,
	9.05989 0.06419,
	9.08334 0.0459432,
	9.11242 0.0298441,
	9.14633 0.0163206,
	9.18419 0.0057321,
	9.22499 -0.00164011,
	9.26764 -0.00560005,
	9.31101 -0.00604249,
	9.35395 -0.00295568,
	9.39531 0.00357835,
	9.43401 0.013386,
	9.469 0.0262065,
	9.49936 0.0416993,
	9.52428 0.0594526,
	9.5431 0.0789946,
	9.55532 0.099806,
	9.56062 0.121334,
	9.55885 0.143006,
	9.55006 0.164246,
	9.53449 0.18449,
	9.51254 0.2032,
	9.48481 0.219878,
	9.45202 0.234082,
	9.41506 0.245434,
	9.3749 0.253632,
	9.33261 0.258459,
	9.28931 0.259785,
	9.24615 0.257577,
	9.20429 0.251892,
	9.16483 0.242882,
	9.12882 0.230785,
	9.09722 0.215925,
	9.07087 0.198694,
	9.05047 0.179552,
	9.03656 0.159008,
	"/>
</Transform>

<Transform dim="3"
 xcoef=" 1.06199396725223 1.25456401399526 0 0 0 0"
 ycoef=" 0.848665833327037 0 1.25456401399526 0 0 0">
<Contour name="D037 sym cand 2" hidden="false" closed="true" simplified="true" border="0 1 1" fill="0 1 1" mode="11"
 points="18.1341 1.68222,
	18.1366 1.66502,
	18.1439 1.64837,
	18.1558 1.63281,
	18.1719 1.61883,
	18.1917 1.6069,
	18.2145 1.59738,
	18.2397 1.59059,
	18.2664 1.58675,
	18.2938 1.58597,
	18.3209 1.58829,
	18.347 1.59363,
	18.3711 1.60182,
	18.3925 1.61258,
	18.4105 1.62559,
	18.4246 1.64042,
	18.4342 1.65659,
	18.4391 1.67358,
	18.4391 1.69086,
	18.4342 1.70785,
	18.4246 1.72402,
	18.4105 1.73885,
	18.3925 1.75186,
	18.3711 1.76262,
	18.347 1.77081,
	18.3209 1.77615,
	18.2938 1.77846,
	18.2664 1.77769,
	18.2397 1.77385,
	18.2145 1.76706,
	18.1917 1.75754,
	18.1719 1.74561,
	18.1558 1.73163,
	18.1439 1.71607,
	"/>
</Transform>

<Transform dim="3"
 xcoef=" 1.06199396725223 1.25456401399526 0 0 0 0"
 ycoef=" 0.848665833327037 0 1.25456401399526 0 0 0">
<Contour name="D039" hidden="false" closed="true" simplified="true" border="0 0 1" fill="0 0 1" mode="13"
 points="13.1114 3.30428,
	13.112 3.28582,
	13.1139 3.26748,
	13.1169 3.24936,
	13.1212 3.23158,
	13.1267 3.21425,
	13.1333 3.19747,
	13.141 3.18135,
	13.1498 3.16599,
	13.1596 3.15148,
	13.1703 3.13792,
	13.1819 3.12538,
	13.1944 3.11394,
	13.2075 3.10368,
	13.2213 3.09465,
	13.2356 3.08692,
	13.2505 3.08052,
	13.2657 3.07551,
	13.2812 3.07191,
	13.2969 3.06973,
	13.3127 3.06901,
	13.3285 3.06973,
	13.3442 3.07191,
	13.3597 3.07551,
	13.3749 3.08052,
	13.3897 3.08692,
	13.4041 3.09465,
	13.4179 3.10368,
	13.431 3.11394,
	13.4434 3.12538,
	13.455 3.13792,
	13.4658 3.15148,
	13.4755 3.16599,
	13.4843 3.18135,
	13.492 3.19747,
	13.4987 3.21425,
	13.5041 3.23158,
	13.5084 3.24936,
	13.5115 3.26748,
	13.5134 3.28582,
	13.514 3.30428,
	13.5134 3.32274,
	13.5115 3.34108,
	13.5084 3.3592,
	13.5041 3.37698,
	13.4987 3.39431,
	13.492 3.41109,
	13.4843 3.42721,
	13.4755 3.44257,
	13.4658 3.45708,
	13.455 3.47064,
	13.4434 3.48318,
	13.431 3.49462,
	13.4179 3.50488,
	13.4041 3.51391,
	13.3897 3.52164,
	13.3749 3.52804,
	13.3597 3.53305,
	13.3442 3.53665,
	13.3285 3.53883,
	13.3127 3.53955,
	13.2969 3.53883,
	13.2812 3.53665,
	13.2657 3.53305,
	13.2505 3.52804,
	13.2356 3.52164,
	13.2213 3.51391,
	13.2075 3.50488,
	13.1944 3.49462,
	13.1819 3.48318,
	13.1703 3.47064,
	13.1596 3.45708,
	13.1498 3.44257,
	13.141 3.42721,
	13.1333 3.41109,
	13.1267 3.39431,
	13.1212 3.37698,
	13.1169 3.3592,
	13.1139 3.34108,
	"/>
</Transform>

<Transform dim="3"
 xcoef=" 1.06199396725223 1.25456401399526 0 0 0 0"
 ycoef=" 0.848665833327037 0 1.25456401399526 0 0 0">
<Contour name="D040 sym cand 2" hidden="false" closed="true" simplified="true" border="0 1 1" fill="0 1 1" mode="11"
 points="9.49077 2.04799,
	9.49199 2.02906,
	9.49565 2.01034,
	9.50169 1.99204,
	9.51006 1.97439,
	9.52066 1.95756,
	9.53336 1.94176,
	9.54802 1.92716,
	9.56449 1.91394,
	9.58256 1.90223,
	9.60204 1.89217,
	9.62271 1.88388,
	9.64432 1.87745,
	9.66664 1.87295,
	9.68942 1.87043,
	9.71239 1.86992,
	9.73529 1.87144,
	9.75787 1.87495,
	9.77987 1.88042,
	9.80104 1.8878,
	9.82114 1.89698,
	9.83995 1.90788,
	9.85724 1.92037,
	9.87283 1.9343,
	9.88653 1.94952,
	9.89819 1.96586,
	9.90769 1.98312,
	9.91491 2.00113,
	9.91976 2.01966,
	9.92221 2.03851,
	9.92221 2.05747,
	9.91976 2.07633,
	9.91491 2.09486,
	9.90769 2.11286,
	9.89819 2.13013,
	9.88653 2.14646,
	9.87283 2.16168,
	9.85724 2.17561,
	9.83995 2.1881,
	9.82114 2.199,
	9.80104 2.20819,
	9.77987 2.21556,
	9.75787 2.22103,
	9.73529 2.22455,
	9.71239 2.22606,
	9.68942 2.22555,
	9.66664 2.22304,
	9.64432 2.21854,
	9.62271 2.21211,
	9.60204 2.20381,
	9.58256 2.19376,
	9.56449 2.18205,
	9.54802 2.16882,
	9.53336 2.15422,
	9.52066 2.13842,
	9.51006 2.1216,
	9.50169 2.10394,
	9.49565 2.08565,
	9.49199 2.06693,
	"/>
</Transform>

<Transform dim="3"
 xcoef=" 1.06199396725223 1.25456401399526 0 0 0 0"
 ycoef=" 0.848665833327037 0 1.25456401399526 0 0 0">
<Contour name="D040_edge" hidden="false" closed="true" simplified="true" border="0 0 1" fill="0 0 1" mode="13"
 points="9.09526 1.70984,
	9.09687 1.69092,
	9.10169 1.67225,
	9.10964 1.65408,
	9.12063 1.63667,
	9.1345 1.62026,
	9.15106 1.60505,
	9.1701 1.59126,
	9.19134 1.57907,
	9.21452 1.56865,
	9.2393 1.56014,
	9.26537 1.55366,
	9.29236 1.54929,
	9.31991 1.54709,
	9.34764 1.54709,
	9.37519 1.54929,
	9.40218 1.55366,
	9.42824 1.56014,
	9.45303 1.56865,
	9.4762 1.57907,
	9.49745 1.59126,
	9.51649 1.60505,
	9.53305 1.62026,
	9.54692 1.63667,
	9.5579 1.65408,
	9.56586 1.67225,
	9.57068 1.69092,
	9.57229 1.70984,
	9.57068 1.72877,
	9.56586 1.74744,
	9.5579 1.76561,
	9.54692 1.78301,
	9.53305 1.79943,
	9.51649 1.81464,
	9.49745 1.82843,
	9.4762 1.84062,
	9.45303 1.85104,
	9.42824 1.85955,
	9.40218 1.86603,
	9.37519 1.8704,
	9.34764 1.8726,
	9.31991 1.8726,
	9.29236 1.8704,
	9.26537 1.86603,
	9.2393 1.85955,
	9.21452 1.85104,
	9.19134 1.84062,
	9.1701 1.82843,
	9.15106 1.81464,
	9.1345 1.79943,
	9.12063 1.78301,
	9.10964 1.76561,
	9.10169 1.74744,
	"/>
</Transform>

<Transform dim="3"
 xcoef=" 1.06199396725223 1.25456401399526 0 0 0 0"
 ycoef=" 0.848665833327037 0 1.25456401399526 0 0 0">
<Contour name="D041_oblique" hidden="false" closed="true" simplified="true" border="0 0 1" fill="0 0 1" mode="13"
 points="16.8818 3.26589,
	16.8836 3.24013,
	16.8891 3.21473,
	16.898 3.19002,
	16.9103 3.16637,
	16.9259 3.14408,
	16.9445 3.12347,
	16.9658 3.10483,
	16.9896 3.0884,
	17.0156 3.07442,
	17.0433 3.06308,
	17.0724 3.05453,
	17.1026 3.04889,
	17.1333 3.04625,
	17.1641 3.04662,
	17.1947 3.05002,
	17.2247 3.0564,
	17.2535 3.06566,
	17.2808 3.07768,
	17.3062 3.09229,
	17.3295 3.10929,
	17.3501 3.12845,
	17.368 3.14951,
	17.3828 3.17217,
	17.3943 3.19611,
	17.4023 3.22103,
	17.4068 3.24655,
	17.4077 3.27235,
	17.405 3.29806,
	17.3987 3.32332,
	17.3889 3.34779,
	17.3758 3.37114,
	17.3594 3.39303,
	17.3401 3.41317,
	17.3181 3.43129,
	17.2938 3.44712,
	17.2673 3.46046,
	17.2392 3.47112,
	17.2098 3.47895,
	17.1795 3.48384,
	17.1487 3.48573,
	17.1179 3.4846,
	17.0874 3.48045,
	17.0577 3.47334,
	17.0292 3.46338,
	17.0024 3.4507,
	16.9774 3.43547,
	16.9548 3.4179,
	16.9348 3.39824,
	16.9177 3.37676,
	16.9037 3.35375,
	16.8931 3.32952,
	16.8859 3.30443,
	"/>
</Transform>

<Transform dim="3"
 xcoef=" 1.06199396725223 1.25456401399526 0 0 0 0"
 ycoef=" 0.848665833327037 0 1.25456401399526 0 0 0">
<Contour name="D042_edge" hidden="false" closed="true" simplified="true" border="0 0 1" fill="0 0 1" mode="13"
 points="2.97414 4.89345,
	2.97582 4.86781,
	2.98083 4.84249,
	2.9891 4.81783,
	3.00053 4.79413,
	3.01497 4.77171,
	3.03225 4.75084,
	3.05213 4.7318,
	3.07437 4.71483,
	3.09867 4.70015,
	3.12473 4.68794,
	3.15221 4.67836,
	3.18077 4.67154,
	3.21003 4.66756,
	3.23963 4.66647,
	3.26917 4.66828,
	3.29829 4.67298,
	3.32661 4.6805,
	3.35378 4.69075,
	3.37943 4.70359,
	3.40324 4.71887,
	3.42491 4.73638,
	3.44417 4.7559,
	3.46075 4.77718,
	3.47446 4.79995,
	3.48512 4.82391,
	3.49258 4.84877,
	3.49676 4.8742,
	3.49759 4.89988,
	3.49508 4.92547,
	3.48925 4.95065,
	3.48018 4.97511,
	3.46798 4.99851,
	3.45281 5.02057,
	3.43486 5.04101,
	3.41436 5.05955,
	3.39158 5.07597,
	3.36681 5.09005,
	3.34036 5.10161,
	3.31258 5.11051,
	3.28381 5.11663,
	3.25443 5.1199,
	3.22481 5.12026,
	3.19534 5.11772,
	3.16638 5.11231,
	3.13832 5.10409,
	3.1115 5.09318,
	3.08628 5.07972,
	3.06297 5.06386,
	3.04188 5.04583,
	3.02327 5.02584,
	3.00739 5.00417,
	2.99443 4.98107,
	2.98456 4.95685,
	2.97791 4.93182,
	"/>
</Transform>

<Transform dim="3"
 xcoef=" 1.06199396725223 1.25456401399526 0 0 0 0"
 ycoef=" 0.848665833327037 0 1.25456401399526 0 0 0">
<Contour name="D043" hidden="false" closed="true" simplified="true" border="0 0 1" fill="0 0 1" mode="13"
 points="3.1712 9.91997,
	3.17257 9.89784,
	3.17663 9.87602,
	3.18335 9.8548,
	3.19262 9.83448,
	3.20432 9.81534,
	3.21828 9.79764,
	3.23432 9.78162,
	3.25222 9.76751,
	3.27172 9.7555,
	3.29256 9.74576,
	3.31445 9.73842,
	3.3371 9.73358,
	3.36018 9.7313,
	3.38338 9.73163,
	3.40637 9.73455,
	3.42886 9.74002,
	3.45052 9.74798,
	3.47105 9.7583,
	3.49017 9.77085,
	3.50763 9.78546,
	3.52317 9.80191,
	3.53658 9.82,
	3.54769 9.83946,
	3.55633 9.86003,
	3.56239 9.88143,
	3.56579 9.90336,
	3.56647 9.92551,
	3.56443 9.94759,
	3.55969 9.96929,
	3.55233 9.99031,
	3.54244 10.0104,
	3.53015 10.0292,
	3.51565 10.0465,
	3.49912 10.062,
	3.4808 10.0756,
	3.46094 10.0871,
	3.43981 10.0962,
	3.4177 10.103,
	3.39492 10.1072,
	3.37178 10.1088,
	3.3486 10.1078,
	3.3257 10.1043,
	3.3034 10.0982,
	3.28199 10.0896,
	3.26179 10.0787,
	3.24306 10.0656,
	3.22606 10.0505,
	3.21103 10.0336,
	3.19817 10.0152,
	3.18767 9.99543,
	3.17966 9.97462,
	3.17426 9.95306,
	"/>
</Transform>

<Transform dim="3"
 xcoef=" 1.06199396725223 1.25456401399526 0 0 0 0"
 ycoef=" 0.848665833327037 0 1.25456401399526 0 0 0">
<Contour name="D044" hidden="false" closed="true" simplified="true" border="0 0 1" fill="0 0 1" mode="13"
 points="6.99232 11.0881,
	6.99418 11.0671,
	6.9997 11.0466,
	7.00876 11.0272,
	7.02112 11.0093,
	7.03649 10.9933,
	7.05448 10.9796,
	7.07466 10.9686,
	7.09652 10.9606,
	7.11952 10.9557,
	7.14311 10.954,
	7.1667 10.9557,
	7.18971 10.9606,
	7.21157 10.9686,
	7.23174 10.9796,
	7.24974 10.9933,
	7.2651 11.0093,
	7.27747 11.0272,
	7.28652 11.0466,
	7.29205 11.0671,
	7.2939 11.0881,
	7.29205 11.109,
	7.28652 11.1295,
	7.27747 11.1489,
	7.2651 11.1668,
	7.24974 11.1828,
	7.23174 11.1965,
	7.21157 11.2075,
	7.18971 11.2155,
	7.1667 11.2204,
	7.14311 11.2221,
	7.11952 11.2204,
	7.09652 11.2155,
	7.07466 11.2075,
	7.05448 11.1965,
	7.03649 11.1828,
	7.02112 11.1668,
	7.00876 11.1489,
	6.9997 11.1295,
	"/>
</Transform>

<Transform dim="3"
 xcoef=" 1.06199396725223 1.25456401399526 0 0 0 0"
 ycoef=" 0.848665833327037 0 1.25456401399526 0 0 0">
<Contour name="D045_ASPINY_NOCANDIDATES" hidden="false" closed="true" simplified="true" border="0 0 1" fill="0 0 1" mode="13"
 points="5.52798 11.5132,
	5.52858 11.4973,
	5.53038 11.4816,
	5.53336 11.466,
	5.5375 11.4508,
	5.54278 11.4361,
	5.54916 11.4218,
	5.55659 11.4082,
	5.56503 11.3954,
	5.5744 11.3833,
	5.58466 11.3722,
	5.59573 11.362,
	5.60753 11.3528,
	5.61998 11.3448,
	5.63299 11.3379,
	5.64648 11.3323,
	5.66034 11.3279,
	5.6745 11.3248,
	5.68883 11.323,
	5.70326 11.3225,
	5.71767 11.3233,
	5.73198 11.3254,
	5.74606 11.3289,
	5.75985 11.3336,
	5.77322 11.3395,
	5.7861 11.3467,
	5.7984 11.355,
	5.81002 11.3644,
	5.82089 11.3749,
	5.83094 11.3862,
	5.84009 11.3985,
	5.84828 11.4116,
	5.85545 11.4254,
	5.86156 11.4397,
	5.86655 11.4546,
	5.87041 11.4699,
	5.8731 11.4855,
	5.8746 11.5013,
	5.8749 11.5171,
	5.874 11.533,
	5.8719 11.5487,
	5.86863 11.5641,
	5.8642 11.5792,
	5.85864 11.5939,
	5.85199 11.6079,
	5.8443 11.6214,
	5.83563 11.6341,
	5.82602 11.6459,
	5.81556 11.6568,
	5.8043 11.6668,
	5.79233 11.6756,
	5.77973 11.6834,
	5.76659 11.6899,
	5.753 11.6953,
	5.73905 11.6993,
	5.72484 11.7021,
	5.71048 11.7036,
	5.69604 11.7038,
	5.68165 11.7026,
	5.66739 11.7002,
	5.65337 11.6964,
	5.63968 11.6914,
	5.62642 11.6851,
	5.61368 11.6777,
	5.60154 11.6691,
	5.5901 11.6594,
	5.57943 11.6487,
	5.5696 11.6371,
	5.56069 11.6246,
	5.55275 11.6114,
	5.54584 11.5974,
	5.54 11.5829,
	5.53529 11.5679,
	5.53172 11.5526,
	5.52933 11.5369,
	"/>
</Transform>

<Transform dim="3"
 xcoef=" 1.06199396725223 1.25456401399526 0 0 0 0"
 ycoef=" 0.848665833327037 0 1.25456401399526 0 0 0">
<Contour name="D047" hidden="false" closed="true" simplified="true" border="0 0 1" fill="0 0 1" mode="13"
 points="7.29924 1.85523,
	7.3008 1.81461,
	7.30549 1.77452,
	7.31322 1.7355,
	7.32391 1.69808,
	7.3374 1.66274,
	7.35352 1.62995,
	7.37206 1.60016,
	7.39277 1.57375,
	7.41536 1.55108,
	7.43956 1.53245,
	7.46502 1.5181,
	7.49142 1.50823,
	7.51841 1.50297,
	7.54562 1.50238,
	7.57269 1.50648,
	7.59927 1.51521,
	7.62501 1.52845,
	7.64955 1.54604,
	7.67257 1.56772,
	7.69378 1.59323,
	7.71288 1.62221,
	7.72963 1.65428,
	7.7438 1.68903,
	7.7552 1.72598,
	7.76369 1.76464,
	7.76914 1.80451,
	7.77149 1.84506,
	7.7707 1.88573,
	7.7668 1.92601,
	7.75982 1.96534,
	7.74986 2.00321,
	7.73705 2.03912,
	7.72157 2.07258,
	7.70361 2.10316,
	7.68342 2.13045,
	7.66127 2.15409,
	7.63745 2.17375,
	7.61227 2.18919,
	7.58607 2.20019,
	7.5592 2.20662,
	7.53201 2.20838,
	7.50487 2.20545,
	7.47813 2.19787,
	7.45215 2.18574,
	7.42728 2.16922,
	7.40385 2.14854,
	7.38216 2.12396,
	7.3625 2.09581,
	7.34515 2.06447,
	7.33031 2.03035,
	7.3182 1.99391,
	7.30898 1.95562,
	7.30276 1.91601,
	"/>
</Transform>

<Transform dim="3"
 xcoef=" 1.06199396725223 1.25456401399526 0 0 0 0"
 ycoef=" 0.848665833327037 0 1.25456401399526 0 0 0">
<Contour name="D048_oblique" hidden="false" closed="true" simplified="true" border="0 0 1" fill="0 0 1" mode="13"
 points="15.6519 8.4829,
	15.6525 8.45956,
	15.6544 8.43637,
	15.6576 8.41348,
	15.662 8.39102,
	15.6676 8.36915,
	15.6743 8.34799,
	15.6822 8.32769,
	15.6912 8.30837,
	15.7012 8.29015,
	15.7122 8.27315,
	15.724 8.25748,
	15.7367 8.24323,
	15.7501 8.2305,
	15.7641 8.21936,
	15.7787 8.20989,
	15.7938 8.20215,
	15.8092 8.19618,
	15.8249 8.19202,
	15.8408 8.1897,
	15.8568 8.18924,
	15.8727 8.19063,
	15.8886 8.19387,
	15.9042 8.19894,
	15.9194 8.2058,
	15.9343 8.21442,
	15.9486 8.22473,
	15.9623 8.23667,
	15.9754 8.25017,
	15.9876 8.26515,
	15.999 8.28149,
	16.0095 8.29912,
	16.019 8.3179,
	16.0274 8.33773,
	16.0348 8.35847,
	16.041 8.38,
	16.046 8.40219,
	16.0497 8.42488,
	16.0523 8.44794,
	16.0535 8.47122,
	16.0535 8.49457,
	16.0523 8.51785,
	16.0497 8.54091,
	16.046 8.5636,
	16.041 8.58579,
	16.0348 8.60732,
	16.0274 8.62806,
	16.019 8.64789,
	16.0095 8.66667,
	15.999 8.6843,
	15.9876 8.70065,
	15.9754 8.71562,
	15.9623 8.72912,
	15.9486 8.74106,
	15.9343 8.75137,
	15.9194 8.75999,
	15.9042 8.76685,
	15.8886 8.77192,
	15.8727 8.77516,
	15.8568 8.77655,
	15.8408 8.77609,
	15.8249 8.77377,
	15.8092 8.76961,
	15.7938 8.76364,
	15.7787 8.7559,
	15.7641 8.74643,
	15.7501 8.73529,
	15.7367 8.72256,
	15.724 8.70831,
	15.7122 8.69264,
	15.7012 8.67564,
	15.6912 8.65742,
	15.6822 8.6381,
	15.6743 8.6178,
	15.6676 8.59664,
	15.662 8.57477,
	15.6576 8.55231,
	15.6544 8.52942,
	15.6525 8.50623,
	"/>
</Transform>

<Transform dim="3"
 xcoef=" 1.06199396725223 1.25456401399526 0 0 0 0"
 ycoef=" 0.848665833327037 0 1.25456401399526 0 0 0">
<Contour name="D049" hidden="false" closed="true" simplified="true" border="0 0 1" fill="0 0 1" mode="13"
 points="11.0617 5.29879,
	11.0631 5.27668,
	11.0671 5.25482,
	11.0739 5.23346,
	11.0831 5.21284,
	11.0949 5.19319,
	11.109 5.17473,
	11.1253 5.15769,
	11.1436 5.14224,
	11.1637 5.12857,
	11.1853 5.11682,
	11.2083 5.10714,
	11.2323 5.09963,
	11.2571 5.09437,
	11.2823 5.09143,
	11.3079 5.09084,
	11.3333 5.09261,
	11.3584 5.09671,
	11.3828 5.10311,
	11.4063 5.11172,
	11.4286 5.12244,
	11.4495 5.13517,
	11.4687 5.14975,
	11.486 5.16602,
	11.5013 5.1838,
	11.5142 5.20287,
	11.5248 5.22304,
	11.5328 5.24406,
	11.5382 5.2657,
	11.5409 5.28772,
	11.5409 5.30986,
	11.5382 5.33188,
	11.5328 5.35352,
	11.5248 5.37455,
	11.5142 5.39471,
	11.5013 5.41379,
	11.486 5.43156,
	11.4687 5.44783,
	11.4495 5.46241,
	11.4286 5.47514,
	11.4063 5.48587,
	11.3828 5.49448,
	11.3584 5.50087,
	11.3333 5.50497,
	11.3079 5.50674,
	11.2823 5.50615,
	11.2571 5.50321,
	11.2323 5.49796,
	11.2083 5.49045,
	11.1853 5.48076,
	11.1637 5.46902,
	11.1436 5.45534,
	11.1253 5.4399,
	11.109 5.42285,
	11.0949 5.4044,
	11.0831 5.38475,
	11.0739 5.36413,
	11.0671 5.34276,
	11.0631 5.3209,
	"/>
</Transform>

<Transform dim="1"
 xcoef=" 0.268024038387426 1 0 0 0 0"
 ycoef=" 0.215726181149905 0 1 0 0 0">
<Contour name="D049 ax01" hidden="false" closed="true" simplified="false" border="0 1 1" fill="0 1 1" mode="-9"
 points="9.18478 3.04297,
	9.20509 3.02266,
	9.12385 2.94142,
	9.14416 2.92111,
	9.2254 3.00235,
	9.2457 2.98204,
	9.2457 3.04297,
	"/>
</Transform>

<Transform dim="1"
 xcoef=" 0.268024038387426 1 0 0 0 0"
 ycoef=" 0.215726181149905 0 1 0 0 0">
<Contour name="D051 edge" hidden="false" closed="true" simplified="true" border="0 0 1" fill="0 0 1" mode="13"
 points="9.69956 -0.261106,
	9.70335 -0.289348,
	9.71451 -0.316223,
	9.73253 -0.34043,
	9.75651 -0.360798,
	9.78531 -0.376339,
	9.81752 -0.386302,
	9.85159 -0.390205,
	9.88587 -0.387859,
	9.9187 -0.379376,
	9.94849 -0.365169,
	9.97379 -0.345924,
	9.99339 -0.322574,
	10.0063 -0.296247,
	10.012 -0.26822,
	10.0101 -0.239848,
	10.0007 -0.212506,
	9.98437 -0.187516,
	9.96178 -0.166088,
	9.93407 -0.14926,
	9.90257 -0.137846,
	9.86881 -0.132398,
	9.83443 -0.133181,
	9.80108 -0.140156,
	9.77039 -0.152987,
	9.74384 -0.171051,
	9.72271 -0.193474,
	9.70803 -0.219171,
	"/>
</Transform>

<Transform dim="1"
 xcoef=" 0.268024038387426 1 0 0 0 0"
 ycoef=" 0.215726181149905 0 1 0 0 0">
<Contour name="D048 ax03" hidden="false" closed="true" simplified="false" border="0 1 1" fill="0 1 1" mode="-9"
 points="12.369 5.26838,
	12.3808 5.25663,
	12.3338 5.20962,
	12.3455 5.19787,
	12.3925 5.24488,
	12.4043 5.23312,
	12.4043 5.26838,
	"/>
</Transform>

<Transform dim="1"
 xcoef=" 0.268024038387426 1 0 0 0 0"
 ycoef=" 0.215726181149905 0 1 0 0 0">
<Contour name="D053_edge" hidden="false" closed="true" simplified="true" border="0 0 1" fill="0 0 1" mode="13"
 points="16.082 1.15784,
	16.0853 1.12717,
	16.0948 1.09951,
	16.1097 1.07756,
	16.1285 1.06346,
	16.1493 1.0586,
	16.1701 1.06346,
	16.1889 1.07756,
	16.2038 1.09951,
	16.2133 1.12717,
	16.2166 1.15784,
	16.2133 1.1885,
	16.2038 1.21616,
	16.1889 1.23812,
	16.1701 1.25221,
	16.1493 1.25707,
	16.1285 1.25221,
	16.1097 1.23812,
	16.0948 1.21616,
	"/>
</Transform>

<Transform dim="1"
 xcoef=" 0.268024038387426 1 0 0 0 0"
 ycoef=" 0.215726181149905 0 1 0 0 0">
<Contour name="D054" hidden="false" closed="true" simplified="true" border="0 0 1" fill="0 0 1" mode="13"
 points="2.84005 1.6638,
	2.84178 1.64839,
	2.84692 1.63344,
	2.85531 1.61939,
	2.86672 1.60665,
	2.88079 1.5956,
	2.89712 1.58656,
	2.91523 1.57981,
	2.93457 1.57554,
	2.95458 1.57388,
	2.97466 1.57488,
	2.99422 1.5785,
	3.01268 1.58465,
	3.02951 1.59314,
	3.04419 1.60371,
	3.05629 1.61606,
	3.06547 1.62983,
	3.07144 1.64459,
	3.07403 1.65993,
	3.07316 1.67538,
	3.06887 1.69048,
	3.06127 1.7048,
	3.05059 1.71791,
	3.03714 1.72941,
	3.02133 1.73898,
	3.00362 1.74632,
	2.98454 1.75123,
	2.96464 1.75355,
	2.94453 1.75322,
	2.92478 1.75024,
	2.90599 1.74471,
	2.88871 1.73679,
	2.87345 1.72671,
	2.86066 1.71477,
	2.85072 1.70132,
	2.84393 1.68676,
	"/>
</Transform>

<Transform dim="1"
 xcoef=" 0.268024038387426 1 0 0 0 0"
 ycoef=" 0.215726181149905 0 1 0 0 0">
<Contour name="D055" hidden="false" closed="true" simplified="true" border="0 0 1" fill="0 0 1" mode="13"
 points="1.30836 1.03084,
	1.3133 1.00122,
	1.32766 0.974491,
	1.35001 0.95328,
	1.37819 0.939662,
	1.40941 0.93497,
	1.44064 0.939662,
	1.46881 0.95328,
	1.49117 0.974491,
	1.50553 1.00122,
	1.51047 1.03084,
	1.50553 1.06047,
	1.49117 1.0872,
	1.46881 1.10841,
	1.44064 1.12203,
	1.40941 1.12672,
	1.37819 1.12203,
	1.35001 1.10841,
	1.32766 1.0872,
	"/>
</Transform>

<Transform dim="1"
 xcoef=" 0.268024038387426 1 0 0 0 0"
 ycoef=" 0.215726181149905 0 1 0 0 0">
<Contour name="D046_ax01" hidden="false" closed="true" simplified="false" border="0 1 1" fill="0 1 1" mode="11"
 points="14.0613 1.13604,
	14.0728 1.1245,
	14.0266 1.07836,
	14.0382 1.06683,
	14.0843 1.11297,
	14.0959 1.10143,
	14.0959 1.13604,
	"/>
</Transform>

<Transform dim="1"
 xcoef=" 0.268024038387426 1 0 0 0 0"
 ycoef=" 0.215726181149905 0 1 0 0 0">
<Contour name="D020_ax01" hidden="false" closed="true" simplified="false" border="0 1 1" fill="0 1 1" mode="11"
 points="11.502 7.32309,
	11.5117 7.3134,
	11.4729 7.27463,
	11.4826 7.26494,
	11.5214 7.30371,
	11.531 7.29401,
	11.531 7.32309,
	"/>
</Transform>

<Transform dim="1"
 xcoef=" 0.268024038387426 1 0 0 0 0"
 ycoef=" 0.215726181149905 0 1 0 0 0">
<Contour name="D046" hidden="false" closed="true" simplified="true" border="0 0 1" fill="0 0 1" mode="13"
 points="11.4986 1.56281,
	11.4993 1.55189,
	11.5015 1.54111,
	11.505 1.5306,
	11.51 1.5205,
	11.5162 1.51093,
	11.5237 1.50201,
	11.5323 1.49386,
	11.5419 1.48657,
	11.5524 1.48024,
	11.5637 1.47495,
	11.5756 1.47077,
	11.588 1.46774,
	11.6007 1.46591,
	11.6135 1.46529,
	11.6264 1.46591,
	11.6391 1.46774,
	11.6515 1.47077,
	11.6634 1.47495,
	11.6747 1.48024,
	11.6852 1.48657,
	11.6948 1.49386,
	11.7034 1.50201,
	11.7109 1.51093,
	11.7171 1.5205,
	11.722 1.5306,
	11.7256 1.54111,
	11.7277 1.55189,
	11.7285 1.56281,
	11.7277 1.57373,
	11.7256 1.58451,
	11.722 1.59502,
	11.7171 1.60513,
	11.7109 1.6147,
	11.7034 1.62362,
	11.6948 1.63177,
	11.6852 1.63906,
	11.6747 1.64539,
	11.6634 1.65068,
	11.6515 1.65486,
	11.6391 1.65789,
	11.6264 1.65972,
	11.6135 1.66033,
	11.6007 1.65972,
	11.588 1.65789,
	11.5756 1.65486,
	11.5637 1.65068,
	11.5524 1.64539,
	11.5419 1.63906,
	11.5323 1.63177,
	11.5237 1.62362,
	11.5162 1.6147,
	11.51 1.60513,
	11.505 1.59502,
	11.5015 1.58451,
	"/>
</Transform>

<Transform dim="1"
 xcoef=" 0.281065397473477 1 0 0 0 0"
 ycoef=" -0.184208830822334 0 1 0 0 0">
<Contour name="d046_p14" hidden="false" closed="true" simplified="true" border="1 1 0" fill="1 1 0" mode="11"
 points="10.2273 0.876899,
	10.2284 0.874092,
	10.2291 0.87339,
	10.2312 0.867776,
	10.2319 0.867074,
	10.2322 0.86567,
	10.234 0.862863,
	10.2347 0.86181,
	10.2361 0.860407,
	10.2396 0.855494,
	10.2452 0.851985,
	10.2466 0.851283,
	10.2473 0.850582,
	10.2529 0.849529,
	10.2586 0.847774,
	10.26 0.847774,
	10.2614 0.847073,
	10.2642 0.846722,
	10.2656 0.846371,
	10.2663 0.845669,
	10.2719 0.843213,
	10.2747 0.84216,
	10.2761 0.841458,
	10.2768 0.841458,
	10.2775 0.840756,
	10.2803 0.839704,
	10.2859 0.836195,
	10.2887 0.834089,
	10.2908 0.831633,
	10.2937 0.829177,
	10.2951 0.827773,
	10.3056 0.820755,
	10.307 0.820404,
	10.3077 0.819702,
	10.3091 0.819351,
	10.3105 0.818299,
	10.3119 0.817948,
	10.3133 0.816895,
	10.3147 0.816544,
	10.3161 0.815492,
	10.3217 0.813386,
	10.3245 0.813035,
	10.3273 0.811983,
	10.3301 0.811632,
	10.3315 0.81093,
	10.3344 0.810579,
	10.3358 0.809877,
	10.3414 0.809175,
	10.3442 0.808474,
	10.3554 0.808474,
	10.3666 0.809526,
	10.3723 0.811632,
	10.3751 0.813386,
	10.3761 0.814088,
	10.3786 0.816895,
	10.381 0.819001,
	10.3912 0.829177,
	10.3958 0.834089,
	10.3975 0.836896,
	10.3993 0.842511,
	10.3996 0.845318,
	10.3986 0.850932,
	10.3961 0.856547,
	10.3961 0.857249,
	10.3923 0.86181,
	10.3877 0.866723,
	10.387 0.867074,
	10.387 0.867776,
	10.3852 0.870583,
	10.3849 0.871986,
	10.3842 0.872688,
	10.38 0.883917,
	10.38 0.884619,
	10.3793 0.885321,
	10.3775 0.896549,
	10.3765 0.902164,
	10.374 0.907427,
	10.3733 0.908129,
	10.3723 0.910936,
	10.3701 0.913744,
	10.3694 0.915147,
	10.367 0.917954,
	10.3652 0.920762,
	10.3628 0.923569,
	10.3533 0.932341,
	10.3477 0.93585,
	10.3365 0.93971,
	10.3252 0.941816,
	10.3196 0.94357,
	10.3168 0.944623,
	10.3154 0.945675,
	10.3098 0.946377,
	10.3084 0.947079,
	10.2972 0.94743,
	10.2859 0.946026,
	10.2831 0.945325,
	10.2817 0.944974,
	10.281 0.944272,
	10.2782 0.94357,
	10.2754 0.941816,
	10.2747 0.941816,
	10.2691 0.938307,
	10.267 0.936903,
	10.2645 0.934447,
	10.2543 0.926727,
	10.2487 0.921463,
	10.2463 0.919007,
	10.2438 0.917253,
	10.2431 0.915849,
	10.2421 0.915147,
	10.2386 0.909533,
	10.2365 0.906726,
	10.2358 0.905322,
	10.2351 0.904971,
	10.2351 0.904269,
	10.2333 0.901462,
	10.2322 0.900058,
	10.2322 0.899357,
	10.2315 0.898655,
	10.2308 0.895848,
	10.2284 0.890233,
	10.2273 0.884619,
	10.2273 0.879004,
	10.2273 0.877601,
	10.2273 0.87725,
	"/>
</Transform>

<Transform dim="1"
 xcoef=" 0.281065397473477 1 0 0 0 0"
 ycoef=" -0.184208830822334 0 1 0 0 0">
<Contour name="d046_p15_incomplete" hidden="false" closed="true" simplified="true" border="0.501961 0.501961 0.501961" fill="1 1 0" mode="11"
 points="10.1221 -0.200785,
	10.1306 -0.219064,
	10.1352 -0.228204,
	10.1404 -0.237343,
	10.1432 -0.241913,
	10.1438 -0.243056,
	10.1481 -0.247625,
	10.1501 -0.249625,
	10.1683 -0.257336,
	10.1706 -0.258479,
	10.1729 -0.25905,
	10.1912 -0.260763,
	10.1958 -0.261049,
	10.214 -0.257622,
	10.2186 -0.256765,
	10.2209 -0.256194,
	10.2392 -0.248482,
	10.2483 -0.245055,
	10.2575 -0.242199,
	10.2666 -0.2382,
	10.2757 -0.235058,
	10.2849 -0.233059,
	10.2872 -0.232488,
	10.3237 -0.231345,
	10.342 -0.230774,
	10.3603 -0.229632,
	10.3694 -0.227918,
	10.374 -0.227347,
	10.4105 -0.230203,
	10.4197 -0.230774,
	10.422 -0.23106,
	10.4311 -0.235058,
	10.4334 -0.236201,
	10.4517 -0.239057,
	10.47 -0.241342,
	10.4791 -0.24277,
	10.4974 -0.244198,
	10.5339 -0.242484,
	10.5705 -0.240199,
	10.5796 -0.240199,
	10.5842 -0.239914,
	10.6573 -0.228775,
	10.6756 -0.226204,
	10.6939 -0.224205,
	10.703 -0.223348,
	10.7396 -0.222206,
	10.7487 -0.22192,
	10.7533 -0.22192,
	10.7624 -0.223063,
	10.7647 -0.223348,
	10.7738 -0.226776,
	10.7784 -0.228489,
	10.7967 -0.237629,
	10.8013 -0.239914,
	10.8104 -0.246483,
	10.8195 -0.252195,
	10.8218 -0.253909,
	10.823 -0.254766,
	10.8253 -0.255337,
	10.8264 -0.255908,
	10.863 -0.291038,
	10.8809 -0.309032,
	10.8855 -0.313602,
	10.8964 -0.331881,
	10.9041 -0.35016,
	10.9075 -0.359299,
	10.9126 -0.377579,
	10.9149 -0.386718,
	10.9155 -0.395858,
	10.9169 -0.404997,
	10.9249 -0.441556,
	10.9258 -0.446125,
	10.9264 -0.44841,
	10.9264 -0.450695,
	10.9264 -0.451838,
	10.9401 -0.488396,
	10.9406 -0.490681,
	10.9472 -0.49982,
	10.9546 -0.50896,
	10.9592 -0.51153,
	10.9615 -0.512673,
	10.9706 -0.514958,
	10.9752 -0.5161,
	10.9798 -0.516671,
	10.9821 -0.517528,
	10.9832 -0.5181,
	10.9855 -0.516957,
	10.9878 -0.516671,
	10.9889 -0.516671,
	10.9935 -0.513815,
	10.998 -0.510388,
	11.0003 -0.50896,
	11.008 -0.500106,
	11.0118 -0.495536,
	11.018 -0.486397,
	11.0209 -0.481827,
	11.0255 -0.472687,
	11.026 -0.471545,
	11.026 -0.46926,
	11.026 -0.468117,
	11.0266 -0.466975,
	11.0155 -0.430417,
	11.0126 -0.421277,
	11.0112 -0.416707,
	11.0106 -0.412138,
	11.0018 -0.393858,
	10.9998 -0.389289,
	10.9958 -0.37101,
	10.9946 -0.36644,
	10.994 -0.36187,
	10.9938 -0.359585,
	11.0006 -0.323027,
	11.0012 -0.318457,
	11.0015 -0.316172,
	10.9998 -0.307033,
	10.9992 -0.304748,
	10.9946 -0.295608,
	10.9895 -0.286468,
	10.9718 -0.268189,
	10.9546 -0.24991,
	10.9464 -0.240771,
	10.9286 -0.222777,
	10.9241 -0.220492,
	10.9229 -0.219921,
	10.9189 -0.215351,
	10.9169 -0.213066,
	10.9118 -0.203927,
	10.9029 -0.185648,
	10.8947 -0.167368,
	10.8884 -0.149089,
	10.8835 -0.13081,
	10.8812 -0.121671,
	10.8795 -0.117101,
	10.8758 -0.0988216,
	10.8741 -0.0896821,
	10.8718 -0.0714029,
	10.8652 -0.0348446,
	10.8638 -0.025705,
	10.8635 -0.0234202,
	10.8618 -0.0188504,
	10.857 -0.0097108,
	10.8544 -0.00514101,
	10.8398 0.0314173,
	10.8352 0.0496964,
	10.8341 0.0542662,
	10.8318 0.0725454,
	10.8287 0.0908245,
	10.8284 0.0931094,
	10.8221 0.111389,
	10.8187 0.120528,
	10.8147 0.129668,
	10.8135 0.134237,
	10.8115 0.138807,
	10.8104 0.141092,
	10.8101 0.142235,
	10.8135 0.160514,
	10.8153 0.165084,
	10.8155 0.166226,
	10.8218 0.175366,
	10.8233 0.17765,
	10.8253 0.179935,
	10.8275 0.181649,
	10.8641 0.200785,
	10.8732 0.205355,
	10.8915 0.216494,
	10.9007 0.222206,
	10.9029 0.223348,
	10.9212 0.237915,
	10.9258 0.241627,
	10.9349 0.247625,
	10.9395 0.250767,
	10.9578 0.257622,
	10.9669 0.260763,
	11.0035 0.270474,
	11.0218 0.275615,
	11.0309 0.278471,
	11.032 0.278757,
	11.04 0.287897,
	11.042 0.290181,
	11.0446 0.294751,
	11.0457 0.297036,
	11.064 0.306176,
	11.0732 0.311031,
	11.0914 0.321884,
	11.1006 0.327597,
	11.1052 0.330453,
	11.1074 0.331881,
	11.1166 0.339592,
	11.1249 0.348446,
	11.1289 0.353016,
	11.132 0.357586,
	11.1334 0.359871,
	11.1423 0.36901,
	11.1469 0.373294,
	11.1651 0.386433,
	11.1743 0.393573,
	11.1925 0.408996,
	11.1971 0.412138,
	11.1994 0.413566,
	11.2005 0.414137,
	11.2371 0.448696,
	11.2417 0.45298,
	11.2454 0.45755,
	11.2514 0.466689,
	11.2614 0.484969,
	11.2688 0.494108,
	11.2728 0.498678,
	11.2819 0.506675,
	11.2865 0.510674,
	11.2888 0.512673,
	11.2899 0.513815,
	11.3631 0.556371,
	11.3813 0.566082,
	11.3859 0.568367,
	11.395 0.574365,
	11.4133 0.58836,
	11.4179 0.591502,
	11.4225 0.593215,
	11.4248 0.594072,
	11.4339 0.600356,
	11.4362 0.601784,
	11.4453 0.609495,
	11.4545 0.615779,
	11.491 0.636914,
	11.5093 0.647482,
	11.5276 0.65862,
	11.5367 0.663761,
	11.5459 0.66776,
	11.555 0.670902,
	11.5733 0.672615,
	11.5824 0.672901,
	11.5915 0.672615,
	11.5961 0.672044,
	11.5967 0.671759,
	11.5978 0.672044,
	11.5653 0.708603,
	11.561 0.713172,
	11.5244 0.74002,
	11.4879 0.768581,
	11.4787 0.775721,
	11.4422 0.800855,
	11.4239 0.813422,
	11.4148 0.819705,
	11.4102 0.822562,
	11.3919 0.830844,
	11.3873 0.832844,
	11.3691 0.837699,
	11.3508 0.841983,
	11.3416 0.844268,
	11.3325 0.845982,
	11.3142 0.848267,
	11.3051 0.849695,
	11.3039 0.849409,
	11.3005 0.844839,
	11.2999 0.844268,
	11.3002 0.843126,
	11.2799 0.806567,
	11.2748 0.797428,
	11.2722 0.792858,
	11.2702 0.788288,
	11.2677 0.779149,
	11.2594 0.760869,
	11.2548 0.75173,
	11.2525 0.74716,
	11.252 0.744875,
	11.2488 0.740305,
	11.2471 0.738021,
	11.2428 0.733451,
	11.2382 0.729738,
	11.22 0.717171,
	11.2154 0.714029,
	11.2108 0.710031,
	11.2071 0.705461,
	11.2023 0.696321,
	11.2 0.691751,
	11.1971 0.682612,
	11.1965 0.680327,
	11.196 0.679185,
	11.1954 0.674615,
	11.1948 0.67233,
	11.1937 0.670045,
	11.1931 0.660905,
	11.1928 0.656336,
	11.1937 0.647196,
	11.1937 0.644911,
	11.1954 0.635772,
	11.1963 0.631202,
	11.1965 0.630059,
	11.1954 0.62549,
	11.1948 0.623205,
	11.1925 0.618635,
	11.1837 0.609495,
	11.1814 0.60721,
	11.1803 0.606068,
	11.1711 0.599784,
	11.162 0.592644,
	11.1574 0.588931,
	11.1554 0.586932,
	11.1451 0.568653,
	11.1426 0.564083,
	11.1386 0.554943,
	11.1363 0.550374,
	11.13 0.541234,
	11.1269 0.536664,
	11.1251 0.534379,
	11.1243 0.533237,
	11.1151 0.528953,
	11.1106 0.527239,
	11.1014 0.524954,
	11.0992 0.524383,
	11.0946 0.522098,
	11.0923 0.520956,
	11.074 0.517528,
	11.0695 0.516671,
	11.0512 0.515529,
	11.042 0.514958,
	11.0375 0.514387,
	11.0352 0.514387,
	11.026 0.510959,
	11.0215 0.509246,
	11.0123 0.504676,
	11.0078 0.502391,
	11.0055 0.501248,
	10.9872 0.486111,
	10.9781 0.481256,
	10.9735 0.478971,
	10.9689 0.476115,
	10.9598 0.472402,
	10.9552 0.470688,
	10.9506 0.468403,
	10.9461 0.466975,
	10.9438 0.466404,
	10.9255 0.451266,
	10.9209 0.447553,
	10.8844 0.412423,
	10.8664 0.39443,
	10.8498 0.376151,
	10.8421 0.367011,
	10.8384 0.362441,
	10.8207 0.344162,
	10.8024 0.326169,
	10.7978 0.321599,
	10.7955 0.319314,
	10.7933 0.314744,
	10.7907 0.305604,
	10.7887 0.296465,
	10.7876 0.291895,
	10.787 0.287325,
	10.787 0.278186,
	10.7873 0.273616,
	10.7887 0.264476,
	10.787 0.246197,
	10.7861 0.237058,
	10.7847 0.227918,
	10.7821 0.218779,
	10.7816 0.216494,
	10.779 0.211924,
	10.7727 0.202784,
	10.7696 0.198214,
	10.769 0.197072,
	10.7507 0.181078,
	10.7324 0.16594,
	10.7233 0.159371,
	10.705 0.155944,
	10.7004 0.155087,
	10.6993 0.154802,
	10.681 0.158514,
	10.6719 0.161085,
	10.6673 0.162513,
	10.6582 0.163655,
	10.6559 0.163941,
	10.6467 0.161656,
	10.6422 0.160514,
	10.6376 0.159943,
	10.601 0.148518,
	10.5919 0.145662,
	10.5736 0.141378,
	10.5553 0.137665,
	10.5508 0.137094,
	10.5325 0.138522,
	10.5279 0.13795,
	10.4914 0.121956,
	10.4731 0.118243,
	10.464 0.116815,
	10.4594 0.116244,
	10.4502 0.112245,
	10.448 0.111103,
	10.4388 0.104819,
	10.4343 0.101392,
	10.4251 0.093395,
	10.4231 0.0913957,
	10.4231 0.0908245,
	10.4225 0.0902533,
	10.386 0.0848267,
	10.3768 0.0833986,
	10.3746 0.0828274,
	10.3734 0.0828274,
	10.3643 0.0796857,
	10.3597 0.0785432,
	10.3586 0.0782576,
	10.3274 0.0416993,
	10.3194 0.0325597,
	10.3152 0.0279899,
	10.306 0.0197072,
	10.3014 0.015423,
	10.2969 0.0117101,
	10.2786 -0.000856835,
	10.274 -0.00399856,
	10.2649 -0.00885396,
	10.2626 -0.010282,
	10.2535 -0.0137094,
	10.2512 -0.0145662,
	10.25 -0.0151374,
	10.2455 -0.0157086,
	10.2272 -0.0219921,
	10.2226 -0.0237058,
	10.1861 -0.0471259,
	10.1815 -0.049982,
	10.1792 -0.0514101,
	10.1612 -0.0674043,
	10.1561 -0.0765439,
	10.1404 -0.113102,
	10.1324 -0.131381,
	10.1278 -0.140521,
	10.1261 -0.145091,
	10.1244 -0.16337,
	10.1232 -0.181649,
	10.1224 -0.190789,
	10.1221 -0.199928,
	10.1221 -0.200499,
	"/>
</Transform>

<Transform dim="1"
 xcoef=" 0.502908653543449 1 0 0 0 0"
 ycoef=" 0.461153368653948 0 1 0 0 0">
<Contour name="d046_o15_incomplete" hidden="false" closed="true" simplified="false" border="1 0 0" fill="1 0 0" mode="-13"
 points="11.6683 1.45644,
	11.7106 1.45644,
	11.6894 1.49525,
	"/>
</Transform>

<Transform dim="1"
 xcoef=" 0.502908653543449 1 0 0 0 0"
 ycoef=" 0.461153368653948 0 1 0 0 0">
<Contour name="d046_checked" hidden="false" closed="true" simplified="false" border="0 1 0" fill="0 1 0" mode="-13"
 points="11.6722 1.48562,
	11.6835 1.46991,
	11.6722 1.4542,
	11.679 1.4542,
	11.6879 1.46766,
	11.6969 1.4542,
	11.7037 1.4542,
	11.6924 1.46991,
	11.7037 1.48562,
	11.6969 1.48562,
	11.6879 1.47215,
	11.679 1.48562,
	"/>
</Transform>

<Transform dim="1"
 xcoef=" 0.502908653543449 1 0 0 0 0"
 ycoef=" 0.461153368653948 0 1 0 0 0">
<Contour name="d046_cfa14" hidden="false" closed="false" simplified="false" border="0 1 0" fill="0 1 0" mode="11"
 points="10.5643 1.45906,
	10.5578 1.45971,
	10.5384 1.47198,
	10.5158 1.49005,
	10.47 1.50426,
	"/>
</Transform>

<Transform dim="1"
 xcoef=" 0.502908653543449 1 0 0 0 0"
 ycoef=" 0.461153368653948 0 1 0 0 0">
<Contour name="d046_c14" hidden="false" closed="true" simplified="true" border="1 0 0" fill="1 0 0" mode="11"
 points="10.4525 1.4696,
	10.4538 1.46443,
	10.4544 1.46185,
	10.4641 1.45152,
	10.4693 1.447,
	10.4899 1.43473,
	10.5106 1.4244,
	10.5313 1.42117,
	10.5519 1.42763,
	10.559 1.43796,
	10.561 1.44054,
	10.5668 1.46121,
	10.5694 1.47154,
	10.5707 1.4767,
	10.5713 1.47929,
	10.5707 1.48187,
	10.5584 1.50253,
	10.5552 1.5077,
	10.5448 1.51351,
	10.5345 1.51803,
	10.4932 1.5303,
	10.4906 1.53094,
	10.4893 1.53159,
	10.4732 1.51157,
	10.4661 1.50124,
	10.4602 1.49091,
	10.457 1.48574,
	10.4538 1.47541,
	10.4525 1.47025,
	"/>
</Transform>

<Transform dim="1"
 xcoef=" 0.502908653543449 1 0 0 0 0"
 ycoef=" 0.461153368653948 0 1 0 0 0">
<Contour name="d046_cfa15" hidden="false" closed="false" simplified="false" border="0 1 0" fill="0 1 0" mode="11"
 points="10.7549 0.406168,
	10.4822 0.429233,
	"/>
<Contour name="d046_cfa15" hidden="false" closed="false" simplified="false" border="0 1 0" fill="0 1 0" mode="11"
 points="11.0235 0.43873,
	10.8132 0.417022,
	"/>
</Transform>

<Transform dim="1"
 xcoef=" 0.502908653543449 1 0 0 0 0"
 ycoef=" 0.461153368653948 0 1 0 0 0">
<Contour name="d046_c15" hidden="false" closed="true" simplified="true" border="1 0 0" fill="1 0 0" mode="11"
 points="10.4794 0.415913,
	10.4826 0.39007,
	10.4834 0.383609,
	10.4842 0.380379,
	10.5036 0.354535,
	10.5085 0.348075,
	10.5109 0.345652,
	10.6143 0.315771,
	10.6401 0.308502,
	10.653 0.305272,
	10.6546 0.304464,
	10.7063 0.319809,
	10.7322 0.327077,
	10.7427 0.339999,
	10.7451 0.343229,
	10.7548 0.394915,
	10.7556 0.401376,
	10.7564 0.404606,
	10.7515 0.43045,
	10.7491 0.443371,
	10.7475 0.449832,
	10.7475 0.451447,
	10.7217 0.467599,
	10.7152 0.470829,
	10.6118 0.478098,
	10.5601 0.479713,
	10.5472 0.480521,
	10.5214 0.47729,
	10.5149 0.476483,
	10.5117 0.475675,
	10.4996 0.462753,
	10.4939 0.449832,
	10.4875 0.448217,
	10.4802 0.422374,
	10.4794 0.41672,
	"/>
</Transform>

<Transform dim="1"
 xcoef=" 0.502908653543449 1 0 0 0 0"
 ycoef=" 0.461153368653948 0 1 0 0 0">
<Contour name="d046_c15" hidden="false" closed="true" simplified="true" border="1 0 0" fill="1 0 0" mode="11"
 points="10.8121 0.43045,
	10.8145 0.404606,
	10.8153 0.378763,
	10.8153 0.372303,
	10.8283 0.346459,
	10.8347 0.340806,
	10.838 0.338383,
	10.8396 0.336768,
	10.8654 0.33273,
	10.8783 0.330307,
	10.9042 0.328692,
	10.9171 0.327885,
	10.9236 0.327077,
	10.9494 0.331115,
	10.9623 0.333538,
	10.9688 0.334345,
	10.9946 0.344844,
	11.0076 0.34969,
	11.0205 0.360189,
	11.0261 0.366649,
	11.0294 0.36988,
	11.031 0.371495,
	11.0302 0.397338,
	11.0277 0.423181,
	11.0261 0.436103,
	11.0229 0.442564,
	11.0213 0.445794,
	11.0084 0.455485,
	11.0019 0.460331,
	10.9987 0.462753,
	10.947 0.465984,
	10.9211 0.466791,
	10.8695 0.459523,
	10.8436 0.452255,
	10.8307 0.448217,
	10.8275 0.446602,
	10.821 0.440141,
	10.8178 0.437718,
	10.8145 0.43691,
	10.8129 0.43691,
	10.8121 0.431257,
	"/>
</Transform>

<Transform dim="1"
 xcoef=" 0.502908653543449 1 0 0 0 0"
 ycoef=" 0.461153368653948 0 1 0 0 0">
<Contour name="D046_ax01" hidden="false" closed="true" simplified="false" border="0 1 1" fill="0 1 1" mode="-11"
 points="14.371 2.19771,
	14.3879 2.18083,
	14.3203 2.1133,
	14.3372 2.09641,
	14.4047 2.16395,
	14.4216 2.14706,
	14.4216 2.19771,
	"/>
</Transform>

<Transform dim="1"
 xcoef=" 0.502908653543449 1 0 0 0 0"
 ycoef=" 0.461153368653948 0 1 0 0 0">
<Contour name="D046_ax01" hidden="false" closed="true" simplified="false" border="0 1 1" fill="0 1 1" mode="-11"
 points="15.0096 0.768611,
	15.0244 0.753882,
	14.9654 0.694967,
	14.9802 0.680239,
	15.0391 0.739154,
	15.0538 0.724425,
	15.0538 0.768611,
	"/>
</Transform>

<Transform dim="1"
 xcoef=" 0.502908653543449 1 0 0 0 0"
 ycoef=" 0.461153368653948 0 1 0 0 0">
<Contour name="D046 ax01??" hidden="false" closed="true" simplified="false" border="1 1 0" fill="1 1 0" mode="11"
 points="8.33627 6.10334,
	8.31901 6.10334,
	8.31901 6.11197,
	8.32764 6.1206,
	8.35353 6.12923,
	8.33627 6.13786,
	8.32764 6.15512,
	8.31039 6.13786,
	8.30176 6.1206,
	8.30176 6.10334,
	8.2845 6.10334,
	8.31039 6.08609,
	"/>
</Transform>

<Transform dim="1"
 xcoef=" 0.502908653543449 1 0 0 0 0"
 ycoef=" 0.461153368653948 0 1 0 0 0">
<Contour name="D037" hidden="false" closed="true" simplified="true" border="0 0 1" fill="0 0 1" mode="11"
 points="13.9734 0.803677,
	13.9763 0.787938,
	13.9848 0.772864,
	13.9986 0.759093,
	14.0171 0.747208,
	14.0395 0.737711,
	14.0649 0.731003,
	14.0922 0.727368,
	14.1202 0.726961,
	14.1477 0.729798,
	14.1737 0.735759,
	14.1969 0.744592,
	14.2165 0.755924,
	14.2315 0.769275,
	14.2414 0.784081,
	14.2457 0.799716,
	14.2443 0.815518,
	14.2371 0.83082,
	14.2246 0.844973,
	14.2072 0.85738,
	14.1857 0.867517,
	14.161 0.874953,
	14.1341 0.879376,
	14.1061 0.880597,
	14.0784 0.878565,
	14.0519 0.873366,
	14.0279 0.865221,
	14.0073 0.854473,
	13.9911 0.841576,
	13.9799 0.827077,
	"/>
</Transform>

<Transform dim="1"
 xcoef=" 0.502908653543449 1 0 0 0 0"
 ycoef=" 0.461153368653948 0 1 0 0 0">
<Contour name="D020" hidden="false" closed="true" simplified="true" border="0 0 1" fill="0 0 1" mode="11"
 points="10.7496 6.95101,
	10.7512 6.92802,
	10.756 6.90568,
	10.7638 6.88461,
	10.7744 6.86539,
	10.7876 6.84858,
	10.8029 6.83463,
	10.8199 6.82394,
	10.8382 6.81681,
	10.8572 6.81344,
	10.8764 6.81393,
	10.8953 6.81825,
	10.9133 6.82629,
	10.93 6.83782,
	10.9448 6.85253,
	10.9574 6.86999,
	10.9673 6.88972,
	10.9744 6.91117,
	10.9784 6.93374,
	10.9792 6.95678,
	10.9768 6.97967,
	10.9712 7.00175,
	10.9627 7.02242,
	10.9514 7.04108,
	10.9377 7.05722,
	10.9219 7.07039,
	10.9045 7.08021,
	10.886 7.08641,
	10.8668 7.08882,
	10.8477 7.08737,
	10.8289 7.08211,
	10.8112 7.07317,
	10.795 7.06081,
	10.7807 7.04537,
	10.7688 7.02729,
	10.7595 7.00708,
	10.7532 6.98529,
	"/>
</Transform>

<Transform dim="1"
 xcoef=" 0.502908653543449 1 0 0 0 0"
 ycoef=" 0.461153368653948 0 1 0 0 0">
<Contour name="D060_large" hidden="false" closed="true" simplified="true" border="0 0 1" fill="0 0 1" mode="11"
 points="3.43795 2.00689,
	3.44006 1.98824,
	3.44621 1.97103,
	3.45594 1.95661,
	3.46849 1.94607,
	3.48289 1.94025,
	3.49801 1.9396,
	3.5127 1.94415,
	3.5258 1.95357,
	3.53632 1.96712,
	3.54342 1.98375,
	3.54657 2.00217,
	3.54551 2.02096,
	3.54034 2.03866,
	3.53144 2.0539,
	3.51951 2.06549,
	3.50548 2.07255,
	3.49043 2.07452,
	3.47552 2.07125,
	3.46192 2.06299,
	3.45067 2.05039,
	3.44265 2.03441,
	"/>
</Transform>

<Transform dim="1"
 xcoef=" 0.502908653543449 1 0 0 0 0"
 ycoef=" 0.461153368653948 0 1 0 0 0">
<Contour name="D040_ax02" hidden="false" closed="true" simplified="false" border="0 1 1" fill="0 1 1" mode="11"
 points="7.66239 1.62184,
	7.67293 1.6113,
	7.63076 1.56913,
	7.6413 1.55859,
	7.68347 1.60076,
	7.69401 1.59022,
	7.69401 1.62184,
	"/>
</Transform>

<Transform dim="1"
 xcoef=" 0.502908653543449 1 0 0 0 0"
 ycoef=" 0.461153368653948 0 1 0 0 0">
<Contour name="D022" hidden="false" closed="true" simplified="true" border="0 0 1" fill="0 0 1" mode="11"
 points="15.6957 6.01163,
	15.6966 5.99387,
	15.6993 5.97639,
	15.7037 5.95946,
	15.7099 5.94333,
	15.7177 5.92826,
	15.7269 5.91447,
	15.7375 5.90219,
	15.7492 5.8916,
	15.7619 5.88287,
	15.7754 5.87612,
	15.7895 5.87147,
	15.804 5.86899,
	15.8186 5.86872,
	15.8331 5.87065,
	15.8474 5.87476,
	15.861 5.88099,
	15.874 5.88924,
	15.886 5.89938,
	15.8969 5.91125,
	15.9064 5.92468,
	15.9146 5.93945,
	15.9211 5.95534,
	15.926 5.9721,
	15.9292 5.98947,
	15.9306 6.00718,
	15.9301 6.02496,
	15.9278 6.04253,
	15.9238 6.05963,
	15.9181 6.07598,
	15.9107 6.09134,
	15.9018 6.10547,
	15.8916 6.11815,
	15.8801 6.12918,
	15.8676 6.13839,
	15.8543 6.14564,
	15.8403 6.15082,
	15.8259 6.15385,
	15.8113 6.15468,
	15.7967 6.1533,
	15.7824 6.14973,
	15.7686 6.14402,
	15.7555 6.13626,
	15.7432 6.12658,
	15.732 6.11513,
	15.7221 6.10207,
	15.7136 6.08761,
	15.7066 6.07198,
	15.7013 6.05542,
	15.6977 6.03817,
	"/>
</Transform>

<Transform dim="1"
 xcoef=" 0 1 0 0 0 0"
 ycoef=" 0.018982475200287 0 1 0 0 0">
<Contour name="d020" hidden="false" closed="true" simplified="true" border="1 1 0" fill="1 1 0" mode="11"
 points="10.0577 6.47849,
	10.0584 6.46735,
	10.0584 6.46178,
	10.0605 6.45065,
	10.0612 6.43951,
	10.0633 6.42838,
	10.064 6.42281,
	10.0716 6.40054,
	10.0807 6.37827,
	10.1022 6.33373,
	10.1078 6.3226,
	10.1085 6.31703,
	10.1085 6.31424,
	10.1259 6.2697,
	10.1356 6.25857,
	10.1572 6.2363,
	10.1795 6.21542,
	10.2011 6.19315,
	10.2122 6.1841,
	10.2171 6.17854,
	10.2226 6.17436,
	10.2261 6.16949,
	10.2365 6.15905,
	10.2546 6.13678,
	10.263 6.12564,
	10.2693 6.11451,
	10.2769 6.10337,
	10.2811 6.09781,
	10.2874 6.08667,
	10.2915 6.0811,
	10.3027 6.07206,
	10.3082 6.06788,
	10.3194 6.06162,
	10.3305 6.05814,
	10.3361 6.05535,
	10.3472 6.05466,
	10.3528 6.05396,
	10.3639 6.05744,
	10.375 6.06301,
	10.3862 6.06997,
	10.4084 6.08737,
	10.414 6.09154,
	10.4175 6.09711,
	10.4279 6.10755,
	10.4398 6.12982,
	10.4502 6.15209,
	10.4565 6.16323,
	10.4787 6.17227,
	10.4843 6.17436,
	10.4871 6.17506,
	10.4927 6.17854,
	10.4982 6.18062,
	10.5094 6.18758,
	10.5149 6.19245,
	10.5233 6.20359,
	10.5268 6.20916,
	10.5309 6.22029,
	10.533 6.23143,
	10.533 6.23421,
	10.5379 6.24535,
	10.5407 6.25091,
	10.5414 6.26205,
	10.5393 6.28432,
	10.5393 6.28989,
	10.5372 6.29267,
	10.5358 6.29824,
	10.5309 6.30937,
	10.5302 6.31216,
	10.5261 6.31772,
	10.5261 6.33999,
	10.5247 6.36226,
	10.524 6.3734,
	10.5261 6.39567,
	10.5268 6.4068,
	10.5268 6.40959,
	10.5288 6.41515,
	10.5295 6.42629,
	10.524 6.47083,
	10.5212 6.4931,
	10.517 6.51537,
	10.5101 6.53764,
	10.5059 6.54877,
	10.5038 6.55434,
	10.5024 6.55573,
	10.5017 6.55852,
	10.5017 6.55991,
	10.4975 6.56548,
	10.4947 6.57661,
	10.4885 6.58775,
	10.4843 6.59888,
	10.4843 6.60027,
	10.4801 6.60584,
	10.4787 6.61141,
	10.4711 6.62254,
	10.469 6.62533,
	10.4683 6.62811,
	10.43 6.67265,
	10.4084 6.69005,
	10.3973 6.6984,
	10.3917 6.70327,
	10.3695 6.7151,
	10.3639 6.71789,
	10.3416 6.71998,
	10.3305 6.71928,
	10.3194 6.71719,
	10.3138 6.7165,
	10.3027 6.71093,
	10.2825 6.68866,
	10.2797 6.68657,
	10.2741 6.68518,
	10.263 6.67961,
	10.2574 6.67683,
	10.2463 6.66848,
	10.2449 6.66708,
	10.2421 6.66639,
	10.2407 6.66639,
	10.2379 6.6643,
	10.2365 6.66291,
	10.2338 6.66221,
	10.2324 6.66221,
	10.2268 6.65804,
	10.2212 6.65665,
	10.199 6.64203,
	10.1878 6.63507,
	10.1656 6.61628,
	10.1544 6.60654,
	10.1322 6.58496,
	10.1266 6.58218,
	10.1238 6.58079,
	10.121 6.578,
	10.1182 6.57731,
	10.1168 6.57731,
	10.1113 6.57313,
	10.089 6.56687,
	10.0862 6.56478,
	10.0834 6.56409,
	10.0821 6.56409,
	10.0709 6.55365,
	10.0619 6.54251,
	10.0591 6.53138,
	10.0577 6.52581,
	10.0577 6.48127,
	10.0577 6.47918,
	"/>
</Transform>

<Transform dim="1"
 xcoef=" 0 1 0 0 0 0"
 ycoef=" 0.018982475200287 0 1 0 0 0">
<Contour name="d020_p03" hidden="false" closed="true" simplified="true" border="1 1 0" fill="1 1 0" mode="11"
 points="10.0661 4.65139,
	10.0718 4.62089,
	10.0785 4.55991,
	10.0852 4.52941,
	10.0947 4.49892,
	10.1033 4.48367,
	10.1166 4.47223,
	10.1242 4.46652,
	10.1319 4.46461,
	10.1471 4.46366,
	10.1547 4.46461,
	10.1623 4.46747,
	10.17 4.47223,
	10.1766 4.4789,
	10.1795 4.48653,
	10.1814 4.50177,
	10.1814 4.53227,
	10.1785 4.54752,
	10.1776 4.55514,
	10.1776 4.55895,
	10.1719 4.5742,
	10.1681 4.58945,
	10.1671 4.61994,
	10.1671 4.62375,
	10.1719 4.639,
	10.1747 4.65425,
	10.1766 4.65806,
	10.1776 4.68855,
	10.1738 4.7038,
	10.1738 4.70761,
	10.1719 4.70952,
	10.1671 4.72477,
	10.1585 4.74001,
	10.1471 4.75336,
	10.1338 4.76574,
	10.1271 4.77146,
	10.1233 4.77337,
	10.1214 4.77337,
	10.1195 4.77527,
	10.1118 4.77813,
	10.0966 4.77909,
	10.0947 4.77909,
	10.0928 4.77718,
	10.0852 4.77432,
	10.0785 4.76765,
	10.0718 4.7524,
	10.0671 4.72191,
	10.0661 4.66092,
	10.0661 4.6533,
	10.0661 4.65234,
	"/>
</Transform>

<Transform dim="1"
 xcoef=" 0 1 0 0 0 0"
 ycoef=" 0.018982475200287 0 1 0 0 0">
<Contour name="d020_p04_branched" hidden="false" closed="true" simplified="true" border="1 1 0" fill="1 1 0" mode="11"
 points="10.8681 6.48186,
	10.8691 6.48087,
	10.874 6.46507,
	10.878 6.44927,
	10.8795 6.44532,
	10.8849 6.43791,
	10.8908 6.43149,
	10.8948 6.42754,
	10.8987 6.42458,
	10.9027 6.42261,
	10.9047 6.42162,
	10.9126 6.42211,
	10.9135 6.42211,
	10.9145 6.4231,
	10.9185 6.42409,
	10.9205 6.42557,
	10.9224 6.42606,
	10.9229 6.42705,
	10.9239 6.42705,
	10.9279 6.43001,
	10.9288 6.43001,
	10.9367 6.43495,
	10.9402 6.43742,
	10.9481 6.44384,
	10.9516 6.44729,
	10.9555 6.44976,
	10.9565 6.45075,
	10.9575 6.45075,
	10.9614 6.45322,
	10.9624 6.45322,
	10.9634 6.45421,
	10.9644 6.45421,
	10.9683 6.45717,
	10.9708 6.46063,
	10.9723 6.4626,
	10.9753 6.4705,
	10.9753 6.47149,
	10.9763 6.47248,
	10.9782 6.48038,
	10.9787 6.49618,
	10.9787 6.50408,
	10.9777 6.51198,
	10.9763 6.51593,
	10.9763 6.51692,
	10.9708 6.52482,
	10.9683 6.52877,
	10.9619 6.53469,
	10.9585 6.53815,
	10.955 6.54062,
	10.9511 6.5421,
	10.9358 6.55296,
	10.9318 6.55543,
	10.9298 6.55593,
	10.9288 6.55691,
	10.9209 6.55988,
	10.9135 6.5658,
	10.9116 6.56679,
	10.9106 6.56679,
	10.9096 6.56778,
	10.9056 6.56926,
	10.8977 6.56975,
	10.8938 6.56926,
	10.8879 6.56136,
	10.8874 6.55938,
	10.8864 6.55839,
	10.8854 6.55444,
	10.8854 6.55247,
	10.8844 6.55049,
	10.8834 6.54259,
	10.878 6.52679,
	10.8765 6.52482,
	10.8735 6.51692,
	10.8735 6.51593,
	10.8726 6.51494,
	10.8696 6.49914,
	10.8681 6.49124,
	10.8681 6.48334,
	10.8681 6.48235,
	"/>
</Transform>

<Transform dim="1"
 xcoef=" 0 1 0 0 0 0"
 ycoef=" 0.018982475200287 0 1 0 0 0">
<Contour name="d020_p05" hidden="false" closed="true" simplified="true" border="1 1 0" fill="1 1 0" mode="11"
 points="9.33391 6.08825,
	9.33646 6.08144,
	9.34327 6.06825,
	9.34838 6.06144,
	9.3505 6.05804,
	9.35348 6.05591,
	9.35519 6.05463,
	9.36199 6.05336,
	9.3688 6.05293,
	9.38242 6.05591,
	9.38923 6.05846,
	9.39264 6.06016,
	9.39434 6.06144,
	9.40115 6.06442,
	9.41434 6.07251,
	9.4169 6.07549,
	9.4203 6.07889,
	9.42158 6.08017,
	9.42158 6.08102,
	9.42456 6.084,
	9.42881 6.09038,
	9.42967 6.09123,
	9.42967 6.09209,
	9.43435 6.09762,
	9.43435 6.09847,
	9.4386 6.10528,
	9.4386 6.10613,
	9.43945 6.10698,
	9.44243 6.11379,
	9.44712 6.12741,
	9.45095 6.14103,
	9.45265 6.14784,
	9.4535 6.15465,
	9.45307 6.16827,
	9.4518 6.17508,
	9.45052 6.17848,
	9.44839 6.18189,
	9.44839 6.18274,
	9.43775 6.19636,
	9.4352 6.19934,
	9.43435 6.20104,
	9.43264 6.20274,
	9.43179 6.20444,
	9.42881 6.20742,
	9.42669 6.21083,
	9.42584 6.21211,
	9.4203 6.21891,
	9.41647 6.2253,
	9.41136 6.23211,
	9.40924 6.23551,
	9.40839 6.23594,
	9.40839 6.23679,
	9.4037 6.2436,
	9.40285 6.2453,
	9.39689 6.25084,
	9.39008 6.25339,
	9.38668 6.25467,
	9.38327 6.25509,
	9.37987 6.25467,
	9.37306 6.25126,
	9.36668 6.24658,
	9.36114 6.24019,
	9.35944 6.23679,
	9.35902 6.23509,
	9.35816 6.23424,
	9.35731 6.23083,
	9.35604 6.22913,
	9.35093 6.21551,
	9.34923 6.2087,
	9.34667 6.18146,
	9.34242 6.15422,
	9.34114 6.14741,
	9.33986 6.14401,
	9.33944 6.1406,
	9.33731 6.13379,
	9.33731 6.13209,
	9.33646 6.13039,
	9.33518 6.12358,
	9.33391 6.10996,
	9.33391 6.09634,
	9.33391 6.08953,
	9.33391 6.08868,
	"/>
</Transform>

</Section>