<?xml version="1.0"?>
<!DOCTYPE Section SYSTEM "section.dtd">

<Section index="128" thickness="0.052" alignLocked="true">
<Transform dim="1"
 xcoef=" 0.286253056391103 1 0 0 0 0"
 ycoef=" 0.787520147072605 0 1 0 0 0">
<Contour name="D052 " hidden="false" closed="true" simplified="true" border="0 0 1" fill="0 0 1" mode="13"
 points="5.61136 -0.543763,
	5.61391 -0.56608,
	5.62148 -0.587772,
	5.63387 -0.608231,
	5.65073 -0.626884,
	5.67158 -0.64321,
	5.69584 -0.65675,
	5.72283 -0.667126,
	5.75179 -0.674046,
	5.78193 -0.677318,
	5.81238 -0.676849,
	5.84229 -0.672652,
	5.87084 -0.664846,
	5.89722 -0.653648,
	5.92069 -0.639373,
	5.94059 -0.62242,
	5.95637 -0.603264,
	5.96758 -0.582441,
	5.97391 -0.560535,
	5.97519 -0.538159,
	5.97137 -0.515941,
	5.96257 -0.494501,
	5.94902 -0.474441,
	5.93112 -0.456323,
	5.90936 -0.440654,
	5.88435 -0.427873,
	5.85679 -0.418337,
	5.82746 -0.412315,
	5.79716 -0.409974,
	5.76677 -0.41138,
	5.73711 -0.416494,
	5.70904 -0.425172,
	5.68332 -0.437172,
	5.66069 -0.452158,
	5.64177 -0.469709,
	5.62709 -0.489334,
	5.61708 -0.510484,
	"/>
</Transform>

<Transform dim="1"
 xcoef=" 0.286253056391103 1 0 0 0 0"
 ycoef=" 0.787520147072605 0 1 0 0 0">
<Contour name="D054" hidden="false" closed="true" simplified="true" border="0 0 1" fill="0 0 1" mode="13"
 points="1.819 1.12311,
	1.82076 1.10224,
	1.82596 1.08204,
	1.83445 1.06316,
	1.84594 1.04621,
	1.86008 1.03172,
	1.8764 1.02018,
	1.89439 1.01194,
	1.91346 1.00728,
	1.933 1.00634,
	1.95238 1.00915,
	1.97098 1.01563,
	1.9882 1.02556,
	2.0035 1.03863,
	2.01636 1.05441,
	2.0264 1.0724,
	2.03327 1.09202,
	2.03676 1.11264,
	2.03676 1.13359,
	2.03327 1.15421,
	2.0264 1.17383,
	2.01636 1.19182,
	2.0035 1.2076,
	1.9882 1.22067,
	1.97098 1.2306,
	1.95238 1.23708,
	1.933 1.23989,
	1.91346 1.23895,
	1.89439 1.23429,
	1.8764 1.22605,
	1.86008 1.2145,
	1.84594 1.20002,
	1.83445 1.18307,
	1.82596 1.16419,
	"/>
</Transform>

<Transform dim="1"
 xcoef=" 0.286253056391103 1 0 0 0 0"
 ycoef=" 0.787520147072605 0 1 0 0 0">
<Contour name="D019" hidden="false" closed="true" simplified="true" border="0 0 1" fill="0 0 1" mode="13"
 points="4.56182 4.82182,
	4.56295 4.80528,
	4.56633 4.78898,
	4.5719 4.77318,
	4.57957 4.75812,
	4.58924 4.74403,
	4.60076 4.73111,
	4.61394 4.71957,
	4.6286 4.70958,
	4.6445 4.70129,
	4.66142 4.69483,
	4.67908 4.69029,
	4.69723 4.68775,
	4.71559 4.68724,
	4.73387 4.68877,
	4.75181 4.69232,
	4.76914 4.69783,
	4.78558 4.70522,
	4.80089 4.71437,
	4.81483 4.72516,
	4.82721 4.73741,
	4.83782 4.75094,
	4.84651 4.76555,
	4.85314 4.78101,
	4.85762 4.79708,
	4.85988 4.81353,
	4.85988 4.83011,
	4.85762 4.84657,
	4.85314 4.86264,
	4.84651 4.8781,
	4.83782 4.89271,
	4.82721 4.90624,
	4.81483 4.91849,
	4.80089 4.92927,
	4.78558 4.93843,
	4.76914 4.94582,
	4.75181 4.95133,
	4.73387 4.95488,
	4.71559 4.95641,
	4.69723 4.9559,
	4.67908 4.95335,
	4.66142 4.94882,
	4.6445 4.94236,
	4.6286 4.93407,
	4.61394 4.92408,
	4.60076 4.91254,
	4.58924 4.89962,
	4.57957 4.88552,
	4.5719 4.87046,
	4.56633 4.85467,
	"/>
</Transform>

<Transform dim="1"
 xcoef=" 0.286253056391103 1 0 0 0 0"
 ycoef=" 0.787520147072605 0 1 0 0 0">
<Contour name="D021" hidden="false" closed="true" simplified="true" border="0 0 1" fill="0 0 1" mode="13"
 points="5.96518 7.47122,
	5.96635 7.45513,
	5.96985 7.43935,
	5.97561 7.42417,
	5.98351 7.40989,
	5.99342 7.39678,
	6.00514 7.38508,
	6.01844 7.37502,
	6.03308 7.3668,
	6.04877 7.36056,
	6.06522 7.35643,
	6.08211 7.35449,
	6.09912 7.35477,
	6.11593 7.35726,
	6.13222 7.36193,
	6.14768 7.36867,
	6.162 7.37737,
	6.17493 7.38786,
	6.18622 7.39993,
	6.19564 7.41336,
	6.20302 7.42789,
	6.20822 7.44325,
	6.21115 7.45914,
	6.21173 7.47526,
	6.20997 7.4913,
	6.2059 7.50696,
	6.1996 7.52194,
	6.19117 7.53596,
	6.18079 7.54874,
	6.16866 7.56005,
	6.155 7.56966,
	6.14007 7.5774,
	6.12416 7.58312,
	6.10757 7.58671,
	6.09062 7.5881,
	6.07363 7.58727,
	6.05692 7.58422,
	6.04081 7.57903,
	6.02561 7.57178,
	6.01161 7.56262,
	5.99907 7.55171,
	5.98823 7.53928,
	5.9793 7.52555,
	5.97245 7.51078,
	5.96781 7.49526,
	"/>
</Transform>

<Transform dim="1"
 xcoef=" 0.286253056391103 1 0 0 0 0"
 ycoef=" 0.787520147072605 0 1 0 0 0">
<Contour name="D025" hidden="false" closed="true" simplified="true" border="0 0 1" fill="0 0 1" mode="13"
 points="3.94065 4.29289,
	3.94107 4.28174,
	3.94234 4.27069,
	3.94445 4.25988,
	3.94736 4.24939,
	3.95106 4.23935,
	3.95551 4.22984,
	3.96065 4.22098,
	3.96644 4.21283,
	3.97282 4.2055,
	3.97973 4.19905,
	3.98709 4.19355,
	3.99484 4.18905,
	4.00288 4.1856,
	4.01115 4.18323,
	4.01956 4.18197,
	4.02802 4.18183,
	4.03645 4.18281,
	4.04476 4.1849,
	4.05287 4.18809,
	4.0607 4.19233,
	4.06816 4.19758,
	4.07519 4.2038,
	4.08171 4.21092,
	4.08765 4.21887,
	4.09296 4.22756,
	4.09759 4.23692,
	4.10147 4.24684,
	4.10459 4.25722,
	4.1069 4.26796,
	4.10838 4.27896,
	4.10902 4.2901,
	4.1088 4.30126,
	4.10774 4.31234,
	4.10585 4.32323,
	4.10313 4.3338,
	4.09962 4.34397,
	4.09536 4.35362,
	4.09039 4.36265,
	4.08476 4.37098,
	4.07852 4.37853,
	4.07173 4.3852,
	4.06448 4.39095,
	4.05682 4.3957,
	4.04884 4.39942,
	4.04062 4.40206,
	4.03224 4.4036,
	4.02379 4.40402,
	4.01534 4.40332,
	4.007 4.4015,
	3.99883 4.39859,
	3.99092 4.39461,
	3.98336 4.3896,
	3.97622 4.38362,
	3.96956 4.37672,
	3.96347 4.36897,
	3.95799 4.36046,
	3.95319 4.35126,
	3.94912 4.34147,
	3.94581 4.33119,
	3.94329 4.32053,
	3.9416 4.30959,
	"/>
</Transform>

<Transform dim="1"
 xcoef=" 0.286253056391103 1 0 0 0 0"
 ycoef=" 0.787520147072605 0 1 0 0 0">
<Contour name="D028" hidden="false" closed="true" simplified="true" border="0 0 1" fill="0 0 1" mode="13"
 points="6.49861 7.08364,
	6.49925 7.07515,
	6.50115 7.06676,
	6.50429 7.05859,
	6.50862 7.05075,
	6.5141 7.04334,
	6.52065 7.03645,
	6.52819 7.03018,
	6.53661 7.02461,
	6.54581 7.0198,
	6.55566 7.01583,
	6.56605 7.01274,
	6.57682 7.01058,
	6.58785 7.00937,
	6.59899 7.00912,
	6.61009 7.00985,
	6.62101 7.01154,
	6.63161 7.01417,
	6.64175 7.01771,
	6.65129 7.02211,
	6.66011 7.0273,
	6.6681 7.03324,
	6.67516 7.03982,
	6.68118 7.04699,
	6.6861 7.05462,
	6.68984 7.06264,
	6.69237 7.07093,
	6.69364 7.07939,
	6.69364 7.0879,
	6.69237 7.09636,
	6.68984 7.10465,
	6.6861 7.11266,
	6.68118 7.1203,
	6.67516 7.12746,
	6.6681 7.13405,
	6.66011 7.13998,
	6.65129 7.14518,
	6.64175 7.14958,
	6.63161 7.15311,
	6.62101 7.15574,
	6.61009 7.15743,
	6.59899 7.15816,
	6.58785 7.15792,
	6.57682 7.15671,
	6.56605 7.15454,
	6.55566 7.15146,
	6.54581 7.14748,
	6.53661 7.14268,
	6.52819 7.1371,
	6.52065 7.13083,
	6.5141 7.12395,
	6.50862 7.11654,
	6.50429 7.1087,
	6.50115 7.10053,
	"/>
</Transform>

<Transform dim="1"
 xcoef=" 0.286253056391103 1 0 0 0 0"
 ycoef=" 0.787520147072605 0 1 0 0 0">
<Contour name="D032" hidden="false" closed="true" simplified="true" border="0 0 1" fill="0 0 1" mode="13"
 points="4.58384 -0.223696,
	4.58582 -0.238635,
	4.59167 -0.253065,
	4.60121 -0.266495,
	4.61411 -0.278468,
	4.62992 -0.288575,
	4.64812 -0.296473,
	4.66808 -0.301893,
	4.68911 -0.30465,
	4.71051 -0.30465,
	4.73155 -0.301893,
	4.75151 -0.296473,
	4.7697 -0.288575,
	4.78552 -0.278468,
	4.79842 -0.266495,
	4.80796 -0.253065,
	4.81381 -0.238635,
	4.81579 -0.223696,
	4.81381 -0.208757,
	4.80796 -0.194326,
	4.79842 -0.180896,
	4.78552 -0.168924,
	4.7697 -0.158816,
	4.75151 -0.150918,
	4.73155 -0.145498,
	4.71051 -0.142742,
	4.68911 -0.142742,
	4.66808 -0.145498,
	4.64812 -0.150918,
	4.62992 -0.158816,
	4.61411 -0.168924,
	4.60121 -0.180896,
	4.59167 -0.194326,
	4.58582 -0.208757,
	"/>
</Transform>

<Transform dim="1"
 xcoef=" 0.286253056391103 1 0 0 0 0"
 ycoef=" 0.787520147072605 0 1 0 0 0">
<Contour name="D041_oblique" hidden="false" closed="true" simplified="true" border="0 0 1" fill="0 0 1" mode="13"
 points="7.47636 0.461363,
	7.47753 0.447276,
	7.48102 0.433464,
	7.48677 0.420195,
	7.49465 0.407727,
	7.50451 0.396303,
	7.51618 0.386145,
	7.52941 0.377452,
	7.54394 0.370391,
	7.55951 0.365102,
	7.5758 0.361685,
	7.5925 0.360209,
	7.60927 0.360702,
	7.62581 0.363154,
	7.64177 0.367518,
	7.65686 0.373708,
	7.67078 0.381604,
	7.68326 0.391053,
	7.69405 0.40187,
	7.70294 0.413845,
	7.70977 0.426745,
	7.7144 0.440319,
	7.71674 0.454302,
	7.71674 0.468423,
	7.7144 0.482407,
	7.70977 0.49598,
	7.70294 0.50888,
	7.69405 0.520855,
	7.68326 0.531673,
	7.67078 0.541121,
	7.65686 0.549018,
	7.64177 0.555208,
	7.62581 0.559571,
	7.60927 0.562023,
	7.5925 0.562516,
	7.5758 0.56104,
	7.55951 0.557624,
	7.54394 0.552334,
	7.52941 0.545274,
	7.51618 0.53658,
	7.50451 0.526422,
	7.49465 0.514999,
	7.48677 0.502531,
	7.48102 0.489261,
	"/>
</Transform>

<Transform dim="1"
 xcoef=" 0.286253056391103 1 0 0 0 0"
 ycoef=" 0.787520147072605 0 1 0 0 0">
<Contour name="D043" hidden="false" closed="true" simplified="true" border="0 0 1" fill="0 0 1" mode="13"
 points="1.10722 8.42121,
	1.10812 8.40756,
	1.11078 8.3943,
	1.11513 8.38185,
	1.12103 8.37056,
	1.12832 8.36076,
	1.13678 8.35275,
	1.14616 8.34677,
	1.15617 8.34298,
	1.16653 8.34151,
	1.17693 8.3424,
	1.18707 8.34561,
	1.19663 8.35106,
	1.20534 8.35858,
	1.21294 8.36795,
	1.21921 8.3789,
	1.22397 8.3911,
	1.22706 8.40419,
	1.2284 8.41778,
	1.22795 8.43147,
	1.22573 8.44486,
	1.22179 8.45755,
	1.21626 8.46917,
	1.2093 8.47937,
	1.20111 8.48785,
	1.19194 8.49436,
	1.18205 8.4987,
	1.17175 8.50076,
	1.16133 8.50047,
	1.1511 8.49783,
	1.14137 8.49293,
	1.13242 8.4859,
	1.12452 8.47697,
	1.11789 8.46639,
	1.11275 8.45447,
	1.10923 8.44157,
	"/>
</Transform>

<Transform dim="1"
 xcoef=" 0.286253056391103 1 0 0 0 0"
 ycoef=" 0.787520147072605 0 1 0 0 0">
<Contour name="D044" hidden="false" closed="true" simplified="true" border="0 0 1" fill="0 0 1" mode="13"
 points="1.51586 7.36391,
	1.51756 7.34872,
	1.52262 7.33395,
	1.53088 7.32003,
	1.54213 7.30733,
	1.55605 7.29621,
	1.57224 7.28699,
	1.59026 7.27993,
	1.60959 7.27522,
	1.6297 7.27299,
	1.65003 7.27331,
	1.67 7.27617,
	1.68905 7.28148,
	1.70665 7.28911,
	1.72232 7.29882,
	1.7356 7.31037,
	1.74613 7.32341,
	1.75362 7.33758,
	1.75784 7.3525,
	1.75869 7.36773,
	1.75615 7.38286,
	1.75027 7.39745,
	1.74123 7.41111,
	1.72928 7.42344,
	1.71476 7.43411,
	1.69806 7.44281,
	1.67967 7.4493,
	1.66009 7.4534,
	1.63987 7.455,
	1.61958 7.45404,
	1.59979 7.45056,
	1.58105 7.44465,
	1.56389 7.43648,
	1.54878 7.42628,
	1.53615 7.41433,
	1.52636 7.40097,
	1.51967 7.38657,
	"/>
</Transform>

<Transform dim="1"
 xcoef=" 0.286253056391103 1 0 0 0 0"
 ycoef=" 0.787520147072605 0 1 0 0 0">
<Contour name="D045_ASPINY_NOCANDIDATES" hidden="false" closed="true" simplified="true" border="0 0 1" fill="0 0 1" mode="13"
 points="2.77813 8.43582,
	2.77913 8.41871,
	2.78213 8.40181,
	2.7871 8.38536,
	2.79395 8.36957,
	2.80261 8.35464,
	2.81297 8.34077,
	2.82487 8.32814,
	2.83819 8.31691,
	2.85272 8.30723,
	2.8683 8.29923,
	2.88471 8.29301,
	2.90175 8.28865,
	2.91918 8.28621,
	2.93679 8.28572,
	2.95433 8.28719,
	2.9716 8.2906,
	2.98835 8.29589,
	3.00437 8.30302,
	3.01945 8.31187,
	3.0334 8.32234,
	3.04603 8.33429,
	3.05718 8.34756,
	3.0667 8.36198,
	3.07447 8.37737,
	3.08039 8.39352,
	3.08438 8.41022,
	3.08638 8.42725,
	3.08638 8.44439,
	3.08438 8.46143,
	3.08039 8.47813,
	3.07447 8.49427,
	3.0667 8.50966,
	3.05718 8.52408,
	3.04603 8.53736,
	3.0334 8.54931,
	3.01945 8.55978,
	3.00437 8.56863,
	2.98835 8.57575,
	2.9716 8.58105,
	2.95433 8.58445,
	2.93679 8.58592,
	2.91918 8.58543,
	2.90175 8.58299,
	2.88471 8.57863,
	2.8683 8.57241,
	2.85272 8.56441,
	2.83819 8.55473,
	2.82487 8.54351,
	2.81297 8.53088,
	2.80261 8.517,
	2.79395 8.50208,
	2.7871 8.48628,
	2.78213 8.46983,
	"/>
</Transform>

<Transform dim="1"
 xcoef=" 0.286253056391103 1 0 0 0 0"
 ycoef=" 0.787520147072605 0 1 0 0 0">
<Contour name="D046" hidden="false" closed="true" simplified="true" border="0 0 1" fill="0 0 1" mode="13"
 points="12.4492 3.25136,
	12.4505 3.23735,
	12.4544 3.22364,
	12.4608 3.21053,
	12.4696 3.19828,
	12.4806 3.18716,
	12.4935 3.17742,
	12.5081 3.16924,
	12.5241 3.16282,
	12.5411 3.15829,
	12.5587 3.15574,
	12.5767 3.15522,
	12.5945 3.15676,
	12.6119 3.16031,
	12.6285 3.16581,
	12.6438 3.17312,
	12.6576 3.18211,
	12.6696 3.19256,
	12.6795 3.20428,
	12.6871 3.21699,
	12.6923 3.23044,
	12.6949 3.24434,
	12.6949 3.25838,
	12.6923 3.27228,
	12.6871 3.28572,
	12.6795 3.29844,
	12.6696 3.31015,
	12.6576 3.32061,
	12.6438 3.3296,
	12.6285 3.33691,
	12.6119 3.34241,
	12.5945 3.34596,
	12.5767 3.34749,
	12.5587 3.34698,
	12.5411 3.34443,
	12.5241 3.3399,
	12.5081 3.33347,
	12.4935 3.3253,
	12.4806 3.31555,
	12.4696 3.30444,
	12.4608 3.29219,
	12.4544 3.27907,
	12.4505 3.26537,
	"/>
</Transform>

<Transform dim="1"
 xcoef=" 0.286253056391103 1 0 0 0 0"
 ycoef=" 0.787520147072605 0 1 0 0 0">
<Contour name="D047" hidden="false" closed="true" simplified="true" border="0 0 1" fill="0 0 1" mode="13"
 points="3.3815 5.56468,
	3.38315 5.50296,
	3.38804 5.44329,
	3.39601 5.38763,
	3.40679 5.33783,
	3.42003 5.29553,
	3.43529 5.26213,
	3.45207 5.23874,
	3.46981 5.22613,
	3.48793 5.22472,
	3.50582 5.23456,
	3.52289 5.25531,
	3.53858 5.2863,
	3.55237 5.32649,
	3.56381 5.37456,
	3.57251 5.42892,
	3.57819 5.48777,
	3.58065 5.54917,
	3.57983 5.61108,
	3.57574 5.67145,
	3.56852 5.72829,
	3.55841 5.77972,
	3.54575 5.82404,
	3.53094 5.85978,
	3.51449 5.88575,
	3.49694 5.90111,
	3.47886 5.90534,
	3.46086 5.8983,
	3.44353 5.88023,
	3.42744 5.85172,
	3.41313 5.81371,
	3.40107 5.76747,
	3.39165 5.71452,
	3.3852 5.65661,
	"/>
</Transform>

<Transform dim="1"
 xcoef=" 0.286253056391103 1 0 0 0 0"
 ycoef=" 0.787520147072605 0 1 0 0 0">
<Contour name="D034" hidden="false" closed="true" simplified="true" border="0 0 1" fill="0 0 1" mode="13"
 points="9.63046 3.39954,
	9.63157 3.38331,
	9.63488 3.36746,
	9.6403 3.35236,
	9.64771 3.33837,
	9.65695 3.32581,
	9.66778 3.31498,
	9.67996 3.30613,
	9.69319 3.29948,
	9.70718 3.29516,
	9.7216 3.29329,
	9.73609 3.29392,
	9.75034 3.29702,
	9.76399 3.30252,
	9.77674 3.3103,
	9.78828 3.32016,
	9.79834 3.33189,
	9.80668 3.34521,
	9.81312 3.35979,
	9.8175 3.37531,
	9.81971 3.3914,
	9.81971 3.40768,
	9.8175 3.42376,
	9.81312 3.43928,
	9.80668 3.45387,
	9.79834 3.46719,
	9.78828 3.47891,
	9.77674 3.48878,
	9.76399 3.49656,
	9.75034 3.50206,
	9.73609 3.50516,
	9.7216 3.50578,
	9.70718 3.50392,
	9.69319 3.4996,
	9.67996 3.49294,
	9.66778 3.4841,
	9.65695 3.47327,
	9.64771 3.46071,
	9.6403 3.44672,
	9.63488 3.43162,
	9.63157 3.41577,
	"/>
</Transform>

<Transform dim="1"
 xcoef=" 0.286253056391103 1 0 0 0 0"
 ycoef=" 0.787520147072605 0 1 0 0 0">
<Contour name="D035" hidden="false" closed="true" simplified="true" border="0 0 1" fill="0 0 1" mode="13"
 points="6.91201 3.0867,
	6.91285 3.07576,
	6.91535 3.06501,
	6.91947 3.05464,
	6.92514 3.04483,
	6.93226 3.03575,
	6.9407 3.02757,
	6.95032 3.02041,
	6.96095 3.01441,
	6.9724 3.00968,
	6.98447 3.00629,
	6.99696 3.00431,
	7.00964 3.00377,
	7.02229 3.00467,
	7.03469 3.00701,
	7.04663 3.01074,
	7.05789 3.0158,
	7.06828 3.0221,
	7.07762 3.02952,
	7.08574 3.03795,
	7.09251 3.04722,
	7.0978 3.05719,
	7.10152 3.06767,
	7.10361 3.07848,
	7.10403 3.08944,
	7.10278 3.10035,
	7.09986 3.11102,
	7.09535 3.12127,
	7.08931 3.13091,
	7.08184 3.13978,
	7.07309 3.14772,
	7.06321 3.1546,
	7.05235 3.16028,
	7.04073 3.16469,
	7.02853 3.16773,
	7.01598 3.16936,
	7.00329 3.16954,
	6.99068 3.16827,
	6.97837 3.16558,
	6.96658 3.16151,
	6.95552 3.15613,
	6.94538 3.14954,
	6.93633 3.14186,
	6.92853 3.1332,
	6.92212 3.12374,
	6.91721 3.11363,
	6.9139 3.10305,
	"/>
</Transform>

<Transform dim="1"
 xcoef=" 0.286253056391103 1 0 0 0 0"
 ycoef=" 0.787520147072605 0 1 0 0 0">
<Contour name="D036" hidden="false" closed="true" simplified="true" border="0 0 1" fill="0 0 1" mode="13"
 points="14.6737 -2.07705,
	14.678 -2.14947,
	14.6908 -2.21715,
	14.7112 -2.27566,
	14.7378 -2.32119,
	14.769 -2.35074,
	14.8026 -2.3624,
	14.8365 -2.35538,
	14.8685 -2.33017,
	14.8965 -2.28839,
	14.9186 -2.2328,
	14.9333 -2.16701,
	14.9399 -2.09534,
	14.9377 -2.02248,
	14.9269 -1.95318,
	14.9083 -1.89199,
	14.8831 -1.8429,
	14.8529 -1.80913,
	14.8197 -1.79288,
	14.7856 -1.79522,
	14.753 -1.816,
	14.7238 -1.85385,
	14.7001 -1.9063,
	14.6834 -1.96992,
	"/>
</Transform>

<Transform dim="1"
 xcoef=" 0.286253056391103 1 0 0 0 0"
 ycoef=" 0.787520147072605 0 1 0 0 0">
<Contour name="D039" hidden="false" closed="true" simplified="true" border="0 0 1" fill="0 0 1" mode="13"
 points="8.25267 1.25158,
	8.25365 1.23576,
	8.25655 1.22029,
	8.26133 1.20551,
	8.26786 1.19172,
	8.27602 1.17925,
	8.28562 1.16835,
	8.29645 1.15927,
	8.30828 1.1522,
	8.32085 1.1473,
	8.33388 1.14467,
	8.3471 1.14438,
	8.3602 1.14643,
	8.37291 1.15077,
	8.38495 1.15731,
	8.39606 1.1659,
	8.40598 1.17637,
	8.41452 1.18847,
	8.42148 1.20195,
	8.4267 1.21652,
	8.43008 1.23185,
	8.43155 1.24761,
	8.43106 1.26346,
	8.42863 1.27904,
	8.42431 1.29403,
	8.41821 1.3081,
	8.41044 1.32092,
	8.40118 1.33224,
	8.39064 1.3418,
	8.37903 1.34939,
	8.36662 1.35484,
	8.35368 1.35804,
	8.34049 1.35892,
	8.32733 1.35746,
	8.31449 1.35368,
	8.30226 1.34768,
	8.2909 1.33959,
	8.28065 1.32957,
	8.27175 1.31785,
	8.26438 1.30468,
	8.25871 1.29036,
	8.25486 1.27519,
	"/>
</Transform>

<Transform dim="1"
 xcoef=" 0.286253056391103 1 0 0 0 0"
 ycoef=" 0.787520147072605 0 1 0 0 0">
<Contour name="D049" hidden="false" closed="true" simplified="true" border="0 0 1" fill="0 0 1" mode="13"
 points="10.1909 1.94484,
	10.1916 1.9311,
	10.1936 1.91755,
	10.1969 1.90435,
	10.2015 1.89167,
	10.2072 1.87969,
	10.2141 1.86856,
	10.2221 1.85843,
	10.2309 1.84942,
	10.2406 1.84165,
	10.251 1.83523,
	10.2619 1.83024,
	10.2733 1.82674,
	10.2849 1.82479,
	10.2966 1.82439,
	10.3083 1.82557,
	10.3198 1.8283,
	10.3309 1.83255,
	10.3416 1.83827,
	10.3517 1.84537,
	10.361 1.85377,
	10.3694 1.86336,
	10.3768 1.87401,
	10.3831 1.88559,
	10.3883 1.89793,
	10.3923 1.91089,
	10.3949 1.92429,
	10.3963 1.93796,
	10.3963 1.95172,
	10.3949 1.96539,
	10.3923 1.97879,
	10.3883 1.99174,
	10.3831 2.00409,
	10.3768 2.01566,
	10.3694 2.02632,
	10.361 2.0359,
	10.3517 2.04431,
	10.3416 2.05141,
	10.3309 2.05712,
	10.3198 2.06138,
	10.3083 2.06411,
	10.2966 2.06529,
	10.2849 2.06489,
	10.2733 2.06294,
	10.2619 2.05944,
	10.251 2.05445,
	10.2406 2.04803,
	10.2309 2.04026,
	10.2221 2.03125,
	10.2141 2.02111,
	10.2072 2.00998,
	10.2015 1.998,
	10.1969 1.98533,
	10.1936 1.97213,
	"/>
</Transform>

<Transform dim="1"
 xcoef=" 0.286253056391103 1 0 0 0 0"
 ycoef=" 0.787520147072605 0 1 0 0 0">
<Contour name="D055" hidden="false" closed="true" simplified="true" border="0 0 1" fill="0 0 1" mode="13"
 points="1.19349 2.48611,
	1.19388 2.47712,
	1.19506 2.4682,
	1.19703 2.45941,
	1.19975 2.45084,
	1.20322 2.44253,
	1.2074 2.43456,
	1.21227 2.42699,
	1.21778 2.41987,
	1.22389 2.41327,
	1.23056 2.40723,
	1.23774 2.40179,
	1.24537 2.39701,
	1.25338 2.39292,
	1.26172 2.38954,
	1.27033 2.38691,
	1.27914 2.38504,
	1.28807 2.38396,
	1.29707 2.38366,
	1.30605 2.38416,
	1.31496 2.38544,
	1.32373 2.3875,
	1.33227 2.39031,
	1.34054 2.39387,
	1.34846 2.39814,
	1.35598 2.40309,
	1.36304 2.40868,
	1.36957 2.41487,
	1.37554 2.42161,
	1.3809 2.42884,
	1.38559 2.43652,
	1.3896 2.44458,
	1.39289 2.45296,
	1.39542 2.46159,
	1.39719 2.47042,
	1.39818 2.47936,
	1.39837 2.48836,
	1.39778 2.49734,
	1.3964 2.50624,
	1.39425 2.51498,
	1.39134 2.52349,
	1.38769 2.53172,
	1.38333 2.5396,
	1.3783 2.54706,
	1.37263 2.55405,
	1.36637 2.56052,
	1.35957 2.56642,
	1.35228 2.57169,
	1.34455 2.5763,
	1.33645 2.58022,
	1.32803 2.58341,
	1.31937 2.58586,
	1.31052 2.58753,
	1.30157 2.58841,
	1.29257 2.58851,
	1.28359 2.58782,
	1.27471 2.58635,
	1.266 2.5841,
	1.25751 2.58109,
	1.24933 2.57735,
	1.2415 2.57291,
	1.23409 2.56779,
	1.22716 2.56205,
	1.22076 2.55572,
	1.21494 2.54886,
	1.20975 2.5415,
	1.20522 2.53373,
	1.20139 2.52558,
	1.19829 2.51713,
	1.19595 2.50844,
	1.19437 2.49958,
	"/>
</Transform>

<Transform dim="1"
 xcoef=" 0.286253056391103 1 0 0 0 0"
 ycoef=" 0.787520147072605 0 1 0 0 0">
<Contour name="D049_ax03" hidden="false" closed="true" simplified="false" border="0 1 1" fill="0 1 1" mode="11"
 points="11.0937 0.948889,
	11.1055 0.937108,
	11.0583 0.889985,
	11.0701 0.878204,
	11.1172 0.925328,
	11.129 0.913547,
	11.129 0.948889,
	"/>
</Transform>

<Transform dim="1"
 xcoef=" 0.286253056391103 1 0 0 0 0"
 ycoef=" 0.787520147072605 0 1 0 0 0">
<Contour name="d046_o27" hidden="false" closed="true" simplified="false" border="1 0 0" fill="1 0 0" mode="-13"
 points="12.6198 3.49436,
	12.653 3.49436,
	12.6364 3.52478,
	"/>
</Transform>

<Transform dim="1"
 xcoef=" 0.286253056391103 1 0 0 0 0"
 ycoef=" 0.787520147072605 0 1 0 0 0">
<Contour name="D057" hidden="false" closed="true" simplified="true" border="0 0 1" fill="0 0 1" mode="11"
 points="6.2808 9.30152,
	6.28169 9.28869,
	6.28435 9.27606,
	6.28873 9.26386,
	6.29476 9.25227,
	6.30235 9.24149,
	6.31137 9.2317,
	6.32167 9.22305,
	6.33308 9.2157,
	6.34541 9.20975,
	6.35846 9.20531,
	6.37202 9.20244,
	6.38587 9.20121,
	6.39977 9.20162,
	6.4135 9.20367,
	6.42684 9.20733,
	6.43956 9.21254,
	6.45145 9.21921,
	6.46233 9.22722,
	6.47201 9.23646,
	6.48033 9.24677,
	6.48715 9.25797,
	6.49237 9.26989,
	6.4959 9.28233,
	6.49768 9.29509,
	6.49768 9.30795,
	6.4959 9.3207,
	6.49237 9.33314,
	6.48715 9.34506,
	6.48033 9.35627,
	6.47201 9.36658,
	6.46233 9.37581,
	6.45145 9.38383,
	6.43956 9.3905,
	6.42684 9.3957,
	6.4135 9.39936,
	6.39977 9.40142,
	6.38587 9.40183,
	6.37202 9.40059,
	6.35846 9.39773,
	6.34541 9.39329,
	6.33308 9.38734,
	6.32167 9.37998,
	6.31137 9.37134,
	6.30235 9.36155,
	6.29476 9.35077,
	6.28873 9.33918,
	6.28435 9.32698,
	6.28169 9.31435,
	"/>
</Transform>

<Transform dim="1"
 xcoef=" 0.286253056391103 1 0 0 0 0"
 ycoef=" 0.787520147072605 0 1 0 0 0">
<Contour name="D058_ax01" hidden="false" closed="true" simplified="false" border="0 1 1" fill="0 1 1" mode="11"
 points="3.45497 7.1396,
	3.47083 7.12375,
	3.4074 7.06032,
	3.42326 7.04447,
	3.48668 7.10789,
	3.50254 7.09204,
	3.50254 7.1396,
	"/>
</Transform>

<Transform dim="1"
 xcoef=" 0.286253056391103 1 0 0 0 0"
 ycoef=" 0.787520147072605 0 1 0 0 0">
<Contour name="d046_p25" hidden="false" closed="true" simplified="true" border="1 1 0" fill="1 1 0" mode="11"
 points="10.8545 2.46718,
	10.8563 2.46224,
	10.8563 2.46101,
	10.8575 2.45978,
	10.8594 2.45546,
	10.8656 2.4456,
	10.8754 2.43697,
	10.8847 2.42957,
	10.8896 2.42649,
	10.8921 2.42464,
	10.8933 2.42341,
	10.8945 2.42341,
	10.8995 2.41971,
	10.9019 2.41847,
	10.9032 2.41847,
	10.905 2.41662,
	10.9075 2.41601,
	10.9124 2.41293,
	10.9223 2.40923,
	10.9321 2.40676,
	10.9371 2.40553,
	10.9765 2.40306,
	10.9864 2.40306,
	11.0061 2.40121,
	11.016 2.40121,
	11.0554 2.39443,
	11.0752 2.39135,
	11.0949 2.38642,
	11.0998 2.3858,
	11.1023 2.38457,
	11.1122 2.38272,
	11.1171 2.3821,
	11.1196 2.38149,
	11.1208 2.38025,
	11.1602 2.37594,
	11.1997 2.37655,
	11.2096 2.37717,
	11.2194 2.37902,
	11.2293 2.3821,
	11.2392 2.38703,
	11.2416 2.38827,
	11.2422 2.3895,
	11.2435 2.3895,
	11.2527 2.39751,
	11.257 2.40183,
	11.2626 2.41108,
	11.2644 2.41601,
	11.2657 2.41724,
	11.2663 2.41971,
	11.2675 2.42094,
	11.27 2.4308,
	11.2712 2.44067,
	11.2712 2.45053,
	11.2706 2.45546,
	11.2663 2.46533,
	11.2632 2.47026,
	11.262 2.47211,
	11.257 2.47642,
	11.2478 2.48197,
	11.2379 2.48629,
	11.2182 2.49184,
	11.2083 2.49492,
	11.2034 2.49615,
	11.2009 2.49615,
	11.1985 2.49738,
	11.1886 2.49862,
	11.1837 2.49985,
	11.1442 2.5017,
	11.1245 2.50293,
	11.1146 2.50355,
	11.0949 2.50663,
	11.0752 2.50848,
	11.0653 2.51095,
	11.0259 2.51403,
	10.9864 2.51588,
	10.9469 2.51588,
	10.9371 2.51711,
	10.8976 2.51834,
	10.8878 2.51773,
	10.8853 2.5165,
	10.8754 2.51465,
	10.873 2.51341,
	10.8705 2.51341,
	10.8656 2.50971,
	10.86 2.49985,
	10.8545 2.48012,
	10.8545 2.47026,
	10.8545 2.46779,
	"/>
</Transform>

<Transform dim="1"
 xcoef=" 0.286253056391103 1 0 0 0 0"
 ycoef=" 0.787520147072605 0 1 0 0 0">
<Contour name="d046_p26" hidden="false" closed="true" simplified="true" border="1 1 0" fill="1 1 0" mode="11"
 points="11.9759 2.55735,
	11.9789 2.54753,
	11.9802 2.54262,
	11.9814 2.54139,
	11.982 2.53894,
	11.982 2.53771,
	11.9832 2.53648,
	11.9863 2.52666,
	11.9875 2.5242,
	11.9875 2.52298,
	11.9887 2.52236,
	11.9887 2.52114,
	11.9918 2.51745,
	11.993 2.515,
	12.0096 2.49597,
	12.0145 2.49167,
	12.0225 2.4843,
	12.0268 2.48001,
	12.0311 2.47694,
	12.0464 2.45914,
	12.0532 2.44931,
	12.0557 2.44686,
	12.0569 2.44502,
	12.0612 2.44072,
	12.0636 2.43826,
	12.0661 2.43765,
	12.071 2.43458,
	12.0722 2.43335,
	12.0919 2.42599,
	12.1017 2.42292,
	12.1115 2.42169,
	12.114 2.42046,
	12.1238 2.41862,
	12.1434 2.41739,
	12.1459 2.41739,
	12.1483 2.41616,
	12.168 2.41555,
	12.1876 2.41371,
	12.2269 2.4131,
	12.2662 2.41494,
	12.2859 2.41494,
	12.2957 2.41494,
	12.335 2.4088,
	12.3546 2.4088,
	12.3644 2.4088,
	12.3693 2.40941,
	12.3718 2.41064,
	12.3767 2.41125,
	12.3816 2.4131,
	12.3828 2.4131,
	12.3921 2.41923,
	12.397 2.42292,
	12.4043 2.43028,
	12.4068 2.43274,
	12.4148 2.43888,
	12.424 2.44686,
	12.4283 2.45116,
	12.4344 2.46036,
	12.4387 2.47018,
	12.4504 2.50947,
	12.4534 2.51929,
	12.4626 2.53894,
	12.4682 2.54815,
	12.4749 2.55797,
	12.4829 2.56595,
	12.4854 2.5684,
	12.4903 2.57147,
	12.5001 2.57393,
	12.5025 2.57393,
	12.5124 2.57761,
	12.5173 2.57945,
	12.5185 2.57945,
	12.521 2.58129,
	12.5234 2.58191,
	12.5412 2.5948,
	12.5461 2.59848,
	12.5535 2.60585,
	12.5572 2.61015,
	12.5584 2.61137,
	12.5615 2.6212,
	12.5627 2.63102,
	12.5621 2.64084,
	12.5621 2.64329,
	12.559 2.65312,
	12.5547 2.66294,
	12.551 2.66723,
	12.5431 2.67399,
	12.5332 2.6789,
	12.5283 2.68135,
	12.5234 2.68504,
	12.5142 2.69056,
	12.5093 2.69363,
	12.5081 2.69363,
	12.5032 2.69731,
	12.5007 2.69854,
	12.4995 2.69854,
	12.4952 2.70161,
	12.4927 2.70223,
	12.4829 2.70775,
	12.4731 2.71205,
	12.4706 2.71327,
	12.4657 2.71389,
	12.4633 2.71512,
	12.4436 2.71819,
	12.4043 2.72003,
	12.3994 2.72003,
	12.397 2.72125,
	12.3773 2.7231,
	12.3675 2.72494,
	12.3577 2.72801,
	12.3528 2.72862,
	12.3503 2.72985,
	12.3307 2.73292,
	12.311 2.73292,
	12.2914 2.73537,
	12.2521 2.73599,
	12.2324 2.73476,
	12.2226 2.73353,
	12.2128 2.73353,
	12.203 2.73169,
	12.1981 2.73108,
	12.1956 2.73046,
	12.1944 2.73046,
	12.1932 2.72924,
	12.1907 2.72862,
	12.1895 2.72862,
	12.1883 2.72739,
	12.1784 2.72432,
	12.1735 2.72248,
	12.1711 2.72187,
	12.1686 2.72003,
	12.1674 2.72003,
	12.1649 2.71819,
	12.1625 2.71757,
	12.1612 2.71634,
	12.152 2.71205,
	12.1496 2.71143,
	12.1483 2.71021,
	12.1434 2.70898,
	12.1422 2.70775,
	12.1226 2.70161,
	12.1127 2.69793,
	12.1078 2.69609,
	12.1066 2.69486,
	12.087 2.68933,
	12.0845 2.68811,
	12.0821 2.68811,
	12.0722 2.68442,
	12.0673 2.68258,
	12.0649 2.68135,
	12.0636 2.68135,
	12.0544 2.67583,
	12.052 2.6746,
	12.0507 2.67337,
	12.0483 2.67276,
	12.0385 2.66662,
	12.0299 2.65987,
	12.0121 2.64329,
	12.0072 2.63838,
	12.0035 2.6347,
	11.9961 2.62549,
	11.9906 2.61628,
	11.9894 2.61567,
	11.9894 2.61444,
	11.9881 2.61321,
	11.9881 2.61199,
	11.9869 2.61076,
	11.9863 2.6083,
	11.9832 2.60339,
	11.9795 2.59357,
	11.9795 2.59234,
	11.9783 2.59112,
	11.9765 2.58129,
	11.9759 2.56165,
	11.9759 2.55919,
	11.9759 2.55797,
	"/>
</Transform>

<Transform dim="1"
 xcoef=" 0.286253056391103 1 0 0 0 0"
 ycoef=" 0.787520147072605 0 1 0 0 0">
<Contour name="d046" hidden="false" closed="true" simplified="true" border="1 1 0" fill="1 1 0" mode="11"
 points="12.55 3.51453,
	12.5476 3.50979,
	12.5293 3.49141,
	12.5198 3.48193,
	12.5008 3.46593,
	12.4913 3.45822,
	12.4866 3.45467,
	12.4676 3.43689,
	12.454 3.41792,
	12.4469 3.40844,
	12.4344 3.38947,
	12.4167 3.37051,
	12.3977 3.35213,
	12.3912 3.34265,
	12.3882 3.33791,
	12.3847 3.32842,
	12.3829 3.29049,
	12.3835 3.27153,
	12.3829 3.25256,
	12.3835 3.23359,
	12.3841 3.22885,
	12.3864 3.22411,
	12.393 3.20515,
	12.3941 3.2004,
	12.3941 3.19803,
	12.3983 3.18855,
	12.3995 3.18381,
	12.4072 3.16484,
	12.4119 3.15536,
	12.422 3.11743,
	12.425 3.09846,
	12.4261 3.09372,
	12.435 3.07475,
	12.4463 3.05579,
	12.4552 3.0469,
	12.4599 3.04334,
	12.4789 3.03682,
	12.4979 3.03267,
	12.5168 3.03149,
	12.5263 3.0303,
	12.6022 3.02971,
	12.6401 3.02912,
	12.6591 3.02852,
	12.678 3.02912,
	12.716 3.03208,
	12.7255 3.03327,
	12.7444 3.03386,
	12.7634 3.03208,
	12.8013 3.02023,
	12.8108 3.01726,
	12.8487 2.9977,
	12.8582 2.99356,
	12.8677 2.99059,
	12.8724 2.98881,
	12.8914 2.98585,
	12.9293 2.98466,
	12.9673 2.98644,
	12.9862 2.99,
	12.9957 2.99237,
	13.0147 3.00007,
	13.0336 3.01015,
	13.0431 3.01608,
	13.0585 3.03445,
	13.0769 3.05164,
	13.0864 3.06112,
	13.0959 3.06942,
	13.1054 3.07653,
	13.1148 3.08187,
	13.1196 3.08424,
	13.1386 3.09905,
	13.1433 3.10142,
	13.1439 3.10202,
	13.1451 3.1038,
	13.1451 3.12276,
	13.1463 3.14173,
	13.1492 3.16069,
	13.1492 3.16306,
	13.1504 3.16544,
	13.154 3.1844,
	13.1563 3.20337,
	13.1581 3.21285,
	13.1593 3.23182,
	13.1593 3.25078,
	13.1611 3.26975,
	13.1611 3.27923,
	13.1611 3.28397,
	13.1634 3.29346,
	13.1634 3.29523,
	13.1617 3.30057,
	13.1563 3.31005,
	13.154 3.31479,
	13.1356 3.33317,
	13.1261 3.33909,
	13.1166 3.34798,
	13.1089 3.35747,
	13.0959 3.37643,
	13.0894 3.38592,
	13.0864 3.39066,
	13.0769 3.40014,
	13.0674 3.40784,
	13.0485 3.42029,
	13.0396 3.42977,
	13.0354 3.43452,
	13.0236 3.45348,
	13.0206 3.45822,
	13.0159 3.46297,
	13.0135 3.46534,
	13.004 3.47067,
	12.9945 3.47778,
	12.9756 3.49497,
	12.9661 3.50386,
	12.9566 3.51038,
	12.9187 3.53172,
	12.8997 3.54298,
	12.895 3.54653,
	12.8878 3.55602,
	12.8849 3.56076,
	12.8766 3.57972,
	12.8588 3.5981,
	12.8541 3.60225,
	12.8446 3.60817,
	12.8351 3.61292,
	12.8304 3.6141,
	12.828 3.61469,
	12.8185 3.61232,
	12.809 3.60877,
	12.7995 3.60403,
	12.7948 3.60165,
	12.7853 3.59869,
	12.7806 3.59632,
	12.7616 3.59336,
	12.7426 3.59217,
	12.7237 3.59395,
	12.7189 3.59454,
	12.7166 3.59573,
	12.7071 3.59691,
	12.7023 3.5981,
	12.6929 3.60284,
	12.6881 3.60462,
	12.6834 3.60758,
	12.681 3.60817,
	12.6798 3.60817,
	12.6733 3.59869,
	12.665 3.5898,
	12.6638 3.58743,
	12.6591 3.58328,
	12.6555 3.57913,
	12.6365 3.56194,
	12.6176 3.54831,
	12.6164 3.54831,
	12.6069 3.54179,
	12.5974 3.53646,
	12.5927 3.5335,
	12.5897 3.53172,
	12.5802 3.52698,
	12.5779 3.52638,
	12.5779 3.5252,
	12.5589 3.51868,
	12.5542 3.5169,
	12.5518 3.51571,
	12.5506 3.51512,
	"/>
</Transform>

<Transform dim="1"
 xcoef=" 0.230730853849772 1 0 0 0 0"
 ycoef=" 0.40711621855778 0 1 0 0 0">
<Contour name="d046_checked" hidden="false" closed="true" simplified="false" border="0 1 0" fill="0 1 0" mode="-13"
 points="12.5685 3.13569,
	12.5767 3.12419,
	12.5685 3.11269,
	12.5734 3.11269,
	12.58 3.12255,
	12.5866 3.11269,
	12.5915 3.11269,
	12.5833 3.12419,
	12.5915 3.13569,
	12.5866 3.13569,
	12.58 3.12583,
	12.5734 3.13569,
	"/>
</Transform>

<Transform dim="1"
 xcoef=" 0.230730853849772 1 0 0 0 0"
 ycoef=" 0.40711621855778 0 1 0 0 0">
<Contour name="d046_o28" hidden="false" closed="true" simplified="false" border="1 0 0" fill="1 0 0" mode="-13"
 points="13.0538 2.8042,
	13.087 2.8042,
	13.0704 2.83462,
	"/>
<Contour name="d046_checked" hidden="false" closed="true" simplified="false" border="0 1 0" fill="0 1 0" mode="-13"
 points="13.0597 2.82361,
	13.066 2.81478,
	13.0597 2.80595,
	13.0635 2.80595,
	13.0685 2.81352,
	13.0736 2.80595,
	13.0774 2.80595,
	13.0711 2.81478,
	13.0774 2.82361,
	13.0736 2.82361,
	13.0685 2.81604,
	13.0635 2.82361,
	"/>
</Transform>

<Transform dim="1"
 xcoef=" 0.180730853849772 1 0 0 0 0"
 ycoef=" 0.40711621855778 0 1 0 0 0">
<Contour name="d046_p27" hidden="false" closed="true" simplified="true" border="1 1 0" fill="1 1 0" mode="11"
 points="12.2706 3.32736,
	12.2805 3.30592,
	12.2812 3.30458,
	12.2851 3.29922,
	12.2861 3.29788,
	12.2873 3.29671,
	12.298 3.28817,
	12.3088 3.27979,
	12.3114 3.2777,
	12.3121 3.27711,
	12.3124 3.27678,
	12.3232 3.2705,
	12.3258 3.26874,
	12.3312 3.26464,
	12.3366 3.25969,
	12.3419 3.2545,
	12.3509 3.24387,
	12.3723 3.22678,
	12.375 3.2246,
	12.3857 3.21656,
	12.3964 3.20869,
	12.4018 3.20476,
	12.4045 3.20266,
	12.4242 3.18122,
	12.4268 3.17854,
	12.428 3.1772,
	12.4325 3.17184,
	12.4337 3.1705,
	12.4355 3.16782,
	12.4417 3.1571,
	12.4426 3.15576,
	12.4439 3.15308,
	12.4445 3.15174,
	12.4449 3.1504,
	12.445 3.14973,
	12.4453 3.14906,
	12.4457 3.14638,
	12.4459 3.1437,
	12.4458 3.13834,
	12.446 3.13767,
	12.446 3.13734,
	12.4448 3.13466,
	12.4445 3.13399,
	12.4443 3.13365,
	12.4442 3.13349,
	12.4445 3.1334,
	12.466 3.14069,
	12.4686 3.14161,
	12.47 3.14211,
	12.4914 3.15409,
	12.5021 3.16012,
	12.5048 3.16171,
	12.5075 3.16347,
	12.5182 3.17117,
	12.5236 3.17494,
	12.5262 3.17678,
	12.5289 3.17879,
	12.5303 3.1798,
	12.541 3.18909,
	12.5463 3.19378,
	12.5477 3.19487,
	12.5581 3.20551,
	12.5632 3.21087,
	12.5644 3.21221,
	12.5664 3.21489,
	12.5743 3.22561,
	12.5754 3.22695,
	12.5758 3.22762,
	12.5731 3.22854,
	12.5718 3.22896,
	12.5711 3.22921,
	12.5708 3.22913,
	12.5601 3.23155,
	12.5494 3.23415,
	12.5386 3.23633,
	12.5333 3.23742,
	12.5226 3.24035,
	12.5172 3.24177,
	12.5145 3.24244,
	12.5132 3.24278,
	12.4917 3.25274,
	12.4864 3.25542,
	12.485 3.25609,
	12.4824 3.25777,
	12.481 3.25861,
	12.4757 3.26254,
	12.473 3.26455,
	12.4676 3.2679,
	12.4649 3.26966,
	12.4636 3.27033,
	12.4629 3.27066,
	12.4623 3.27083,
	12.4616 3.27117,
	12.4562 3.27611,
	12.4509 3.28122,
	12.4483 3.28373,
	12.4462 3.28641,
	12.4452 3.28775,
	12.4448 3.28842,
	12.444 3.2911,
	12.4438 3.29244,
	12.4438 3.29311,
	12.445 3.29579,
	12.4466 3.29847,
	12.4474 3.29981,
	12.4518 3.31053,
	12.4529 3.31321,
	12.4533 3.32393,
	12.4534 3.32661,
	12.4534 3.32795,
	12.4534 3.32828,
	12.451 3.33364,
	12.4499 3.33632,
	12.4494 3.33766,
	12.4486 3.339,
	12.4469 3.34168,
	12.4449 3.34436,
	12.4446 3.34503,
	12.4402 3.35039,
	12.438 3.35307,
	12.4366 3.35441,
	12.436 3.35508,
	12.4333 3.35684,
	12.4226 3.36094,
	12.4199 3.36187,
	12.4186 3.3622,
	12.3971 3.36438,
	12.3864 3.36555,
	12.381 3.36605,
	12.3784 3.3663,
	12.3569 3.36974,
	12.3542 3.37016,
	12.3435 3.37125,
	12.3382 3.37183,
	12.3355 3.37208,
	12.3301 3.37284,
	12.3194 3.37058,
	12.314 3.3694,
	12.3114 3.3689,
	12.31 3.36857,
	12.2993 3.36362,
	12.298 3.36304,
	12.2953 3.36145,
	12.2926 3.3596,
	12.2913 3.35877,
	12.2906 3.35826,
	12.2902 3.3581,
	12.2795 3.34771,
	12.2768 3.34503,
	12.2734 3.33967,
	12.2727 3.33833,
	12.2724 3.33766,
	12.2711 3.3323,
	12.2707 3.32962,
	12.2706 3.32828,
	12.2706 3.32761,
	12.2706 3.32745,
	"/>
</Transform>

<Transform dim="1"
 xcoef=" 0.280730853849772 1 0 0 0 0"
 ycoef=" 0.40711621855778 0 1 0 0 0">
<Contour name="d046_p28" hidden="false" closed="true" simplified="true" border="1 1 0" fill="1 1 0" mode="11"
 points="13.1369 2.72133,
	13.1385 2.72133,
	13.1401 2.71889,
	13.1418 2.71808,
	13.1678 2.7327,
	13.1807 2.73919,
	13.1937 2.74163,
	13.2002 2.74244,
	13.2067 2.74569,
	13.2132 2.74569,
	13.2165 2.74569,
	13.2197 2.74731,
	13.2457 2.74731,
	13.2717 2.74244,
	13.2782 2.74,
	13.3042 2.73757,
	13.3172 2.73432,
	13.3204 2.73432,
	13.3269 2.73107,
	13.3529 2.72782,
	13.3789 2.72701,
	13.4049 2.72782,
	13.4179 2.72864,
	13.4309 2.73107,
	13.4439 2.73838,
	13.4471 2.74082,
	13.4544 2.75381,
	13.456 2.76031,
	13.4552 2.7668,
	13.4528 2.7733,
	13.4487 2.7798,
	13.4431 2.78548,
	13.4301 2.79442,
	13.4041 2.80741,
	13.3521 2.83583,
	13.3391 2.84152,
	13.3131 2.8472,
	13.2871 2.85126,
	13.2741 2.85451,
	13.2676 2.85613,
	13.2417 2.86994,
	13.2287 2.87725,
	13.2027 2.88537,
	13.1767 2.89999,
	13.1637 2.90892,
	13.158 2.91542,
	13.1572 2.91704,
	13.1539 2.90405,
	13.1515 2.85207,
	13.1499 2.82609,
	13.141 2.77411,
	13.1377 2.74813,
	13.1369 2.72214,
	"/>
</Transform>

<Transform dim="1"
 xcoef=" 0.230730853849772 1 0 0 0 0"
 ycoef=" 0.40711621855778 0 1 0 0 0">
<Contour name="d046_cfa25" hidden="false" closed="false" simplified="false" border="0 1 0" fill="0 1 0" mode="11"
 points="11.0983 2.00171,
	11.0585 2.01964,
	11.0033 2.03226,
	10.9097 2.03359,
	"/>
<Contour name="d046_c25" hidden="false" closed="true" simplified="true" border="1 0 0" fill="1 0 0" mode="11"
 points="10.8905 1.9749,
	10.933 1.94834,
	10.9436 1.9417,
	10.9489 1.93838,
	10.9516 1.93705,
	10.9941 1.93705,
	11.0047 1.93771,
	11.0472 1.94966,
	11.0578 1.95232,
	11.0791 1.96228,
	11.0897 1.96759,
	11.0924 1.96892,
	11.1017 1.99017,
	11.1043 2.0008,
	11.1056 2.00611,
	11.1063 2.00877,
	11.107 2.01009,
	11.0964 2.03134,
	11.091 2.04197,
	11.0877 2.04728,
	11.0452 2.06853,
	11.0399 2.07119,
	11.0373 2.07251,
	10.9948 2.07517,
	10.9523 2.07583,
	10.9416 2.07517,
	10.931 2.06521,
	10.9257 2.06056,
	10.9177 2.0506,
	10.9051 2.02935,
	10.8985 2.0081,
	10.8951 1.99748,
	10.8905 1.97623,
	10.8905 1.97556,
	"/>
</Transform>

<Transform dim="1"
 xcoef=" 0.230730853849772 1 0 0 0 0"
 ycoef=" 0.40711621855778 0 1 0 0 0">
<Contour name="D046 ax01??" hidden="false" closed="true" simplified="false" border="1 1 0" fill="1 1 0" mode="11"
 points="7.13152 6.06623,
	7.11508 6.06623,
	7.11508 6.07444,
	7.1233 6.08266,
	7.14796 6.09088,
	7.13152 6.0991,
	7.1233 6.11553,
	7.10687 6.0991,
	7.09865 6.08266,
	7.09865 6.06623,
	7.08221 6.06623,
	7.10687 6.04979,
	"/>
</Transform>

<Transform dim="1"
 xcoef=" 0.230730853849772 1 0 0 0 0"
 ycoef=" 0.40711621855778 0 1 0 0 0">
<Contour name="D037" hidden="false" closed="true" simplified="true" border="0 0 1" fill="0 0 1" mode="11"
 points="12.215 0.412643,
	12.2167 0.396885,
	12.2217 0.381679,
	12.2298 0.367559,
	12.2408 0.355021,
	12.2542 0.344504,
	12.2696 0.336377,
	12.2864 0.330924,
	12.3042 0.328338,
	12.3221 0.328709,
	12.3397 0.332024,
	12.3562 0.338167,
	12.3712 0.346922,
	12.384 0.357982,
	12.3943 0.37096,
	12.4016 0.385399,
	12.4058 0.400794,
	12.4067 0.416605,
	12.4041 0.432276,
	12.3984 0.447259,
	12.3895 0.461028,
	12.3779 0.4731,
	12.3639 0.483051,
	12.3481 0.490533,
	12.331 0.495283,
	12.3131 0.497134,
	12.2952 0.496021,
	12.2779 0.491985,
	12.2617 0.485165,
	12.2472 0.475801,
	12.235 0.464223,
	12.2254 0.450835,
	12.2188 0.436108,
	"/>
</Transform>

<Transform dim="1"
 xcoef=" 0.230730853849772 1 0 0 0 0"
 ycoef=" 0.40711621855778 0 1 0 0 0">
<Contour name="D020" hidden="false" closed="true" simplified="true" border="0 0 1" fill="0 0 1" mode="11"
 points="10.2196 6.26181,
	10.2212 6.24114,
	10.226 6.22103,
	10.2337 6.20203,
	10.2442 6.18467,
	10.2572 6.16941,
	10.2724 6.15667,
	10.2893 6.1468,
	10.3075 6.14006,
	10.3264 6.13665,
	10.3457 6.13665,
	10.3646 6.14006,
	10.3828 6.1468,
	10.3997 6.15667,
	10.4149 6.16941,
	10.4279 6.18467,
	10.4384 6.20203,
	10.4461 6.22103,
	10.4509 6.24114,
	10.4524 6.26181,
	10.4509 6.28248,
	10.4461 6.30259,
	10.4384 6.32158,
	10.4279 6.33895,
	10.4149 6.35421,
	10.3997 6.36695,
	10.3828 6.37682,
	10.3646 6.38355,
	10.3457 6.38697,
	10.3264 6.38697,
	10.3075 6.38355,
	10.2893 6.37682,
	10.2724 6.36695,
	10.2572 6.35421,
	10.2442 6.33895,
	10.2337 6.32158,
	10.226 6.30259,
	"/>
</Transform>

<Transform dim="1"
 xcoef=" 0.230730853849772 1 0 0 0 0"
 ycoef=" 0.40711621855778 0 1 0 0 0">
<Contour name="D022" hidden="false" closed="true" simplified="true" border="0 0 1" fill="0 0 1" mode="11"
 points="17.1814 4.64449,
	17.1829 4.62233,
	17.187 4.60084,
	17.1939 4.58068,
	17.2032 4.56246,
	17.2146 4.54673,
	17.2278 4.53398,
	17.2425 4.52458,
	17.2581 4.51882,
	17.2743 4.51688,
	17.2904 4.51882,
	17.306 4.52458,
	17.3207 4.53398,
	17.3339 4.54673,
	17.3453 4.56246,
	17.3546 4.58068,
	17.3615 4.60084,
	17.3656 4.62233,
	17.3671 4.64449,
	17.3656 4.66665,
	17.3615 4.68813,
	17.3546 4.70829,
	17.3453 4.72652,
	17.3339 4.74224,
	17.3207 4.755,
	17.306 4.7644,
	17.2904 4.77016,
	17.2743 4.7721,
	17.2581 4.77016,
	17.2425 4.7644,
	17.2278 4.755,
	17.2146 4.74224,
	17.2032 4.72652,
	17.1939 4.70829,
	17.187 4.68813,
	17.1829 4.66665,
	"/>
</Transform>

<Transform dim="1"
 xcoef=" 0.230730853849772 1 0 0 0 0"
 ycoef=" 0.40711621855778 0 1 0 0 0">
<Contour name="D033" hidden="false" closed="true" simplified="true" border="0 0 1" fill="0 0 1" mode="11"
 points="10.5107 2.63014,
	10.5116 2.6204,
	10.5142 2.61092,
	10.5184 2.60195,
	10.5243 2.59373,
	10.5315 2.58648,
	10.5399 2.58038,
	10.5494 2.57561,
	10.5595 2.57229,
	10.5701 2.57051,
	10.5809 2.57031,
	10.5916 2.5717,
	10.6019 2.57464,
	10.6115 2.57906,
	10.6202 2.58484,
	10.6277 2.59182,
	10.6339 2.59982,
	10.6386 2.60862,
	10.6417 2.618,
	10.643 2.6277,
	10.6425 2.63746,
	10.6403 2.64703,
	10.6365 2.65615,
	10.631 2.66458,
	10.6241 2.6721,
	10.616 2.6785,
	10.6068 2.68361,
	10.5968 2.68731,
	10.5863 2.68948,
	10.5755 2.69008,
	10.5648 2.68908,
	10.5544 2.68652,
	10.5445 2.68246,
	10.5356 2.67701,
	10.5277 2.67032,
	10.5212 2.66255,
	10.5161 2.65393,
	10.5126 2.64467,
	"/>
</Transform>

<Transform dim="1"
 xcoef=" 0.230730853849772 1 0 0 0 0"
 ycoef=" 0.40711621855778 0 1 0 0 0">
<Contour name="D058" hidden="false" closed="true" simplified="true" border="0 0 1" fill="0 0 1" mode="11"
 points="5.22088 10.7026,
	5.22382 10.6875,
	5.23237 10.6739,
	5.24567 10.6631,
	5.26244 10.6561,
	5.28102 10.6537,
	5.29961 10.6561,
	5.31637 10.6631,
	5.32968 10.6739,
	5.33822 10.6875,
	5.34116 10.7026,
	5.33822 10.7177,
	5.32968 10.7313,
	5.31637 10.7421,
	5.29961 10.7491,
	5.28102 10.7514,
	5.26244 10.7491,
	5.24567 10.7421,
	5.23237 10.7313,
	"/>
</Transform>

<Transform dim="1"
 xcoef=" 0.203460274943272 1 0 0 0 0"
 ycoef=" -0.192836517385217 0 1 0 0 0">
<Contour name="d020" hidden="false" closed="true" simplified="true" border="1 1 0" fill="1 1 0" mode="11"
 points="9.73478 5.45935,
	9.74859 5.42253,
	9.75204 5.41332,
	9.75434 5.37651,
	9.75549 5.3673,
	9.76009 5.3581,
	9.77735 5.34314,
	9.79346 5.33048,
	9.80266 5.32818,
	9.82107 5.31898,
	9.82567 5.31783,
	9.83027 5.31438,
	9.83948 5.31208,
	9.85789 5.30287,
	9.86249 5.30057,
	9.87054 5.29137,
	9.87975 5.28446,
	9.88435 5.27986,
	9.89355 5.27526,
	9.89586 5.27526,
	9.89701 5.27296,
	9.91541 5.27066,
	9.93382 5.27066,
	9.95223 5.27411,
	9.97064 5.28446,
	9.97524 5.28676,
	9.97754 5.28676,
	9.98215 5.29022,
	10.0006 5.29137,
	10.0098 5.29137,
	10.0466 5.28561,
	10.065 5.28101,
	10.0834 5.27986,
	10.0926 5.27756,
	10.1294 5.27986,
	10.1662 5.28676,
	10.1846 5.29137,
	10.1892 5.29252,
	10.1984 5.29827,
	10.2077 5.30172,
	10.2123 5.30402,
	10.2307 5.30632,
	10.2399 5.30977,
	10.2583 5.31323,
	10.2675 5.31553,
	10.2721 5.31783,
	10.3089 5.32358,
	10.3457 5.32358,
	10.3641 5.32473,
	10.3814 5.34199,
	10.3883 5.35119,
	10.3894 5.3558,
	10.3998 5.37421,
	10.4148 5.41102,
	10.4205 5.42943,
	10.4228 5.44784,
	10.4309 5.4651,
	10.4435 5.48236,
	10.447 5.48696,
	10.447 5.48926,
	10.4493 5.49041,
	10.4493 5.49271,
	10.4516 5.49501,
	10.4516 5.49731,
	10.4573 5.50652,
	10.4642 5.52378,
	10.4642 5.52838,
	10.4688 5.53758,
	10.4711 5.54679,
	10.4872 5.5836,
	10.4941 5.60201,
	10.501 5.63883,
	10.501 5.65724,
	10.493 5.69406,
	10.4861 5.71247,
	10.4757 5.73087,
	10.4688 5.74008,
	10.4608 5.74698,
	10.4585 5.75158,
	10.4493 5.76079,
	10.4366 5.7792,
	10.4286 5.7884,
	10.4274 5.793,
	10.4125 5.81141,
	10.4032 5.81947,
	10.3986 5.82292,
	10.3963 5.82522,
	10.3595 5.83212,
	10.3411 5.84018,
	10.3388 5.84018,
	10.3296 5.84708,
	10.2928 5.84823,
	10.2836 5.84823,
	10.279 5.84823,
	10.2778 5.84593,
	10.2594 5.84248,
	10.241 5.84593,
	10.2318 5.84708,
	10.2226 5.84593,
	10.218 5.84478,
	10.2157 5.84478,
	10.1973 5.82637,
	10.1835 5.80796,
	10.1651 5.79876,
	10.1559 5.79415,
	10.1375 5.7907,
	10.1191 5.7907,
	10.1145 5.7884,
	10.0776 5.7884,
	10.073 5.7884,
	10.0638 5.78495,
	10.0546 5.7792,
	10.0454 5.77575,
	10.0362 5.76884,
	10.0339 5.76654,
	10.0293 5.76539,
	10.0109 5.75274,
	9.97524 5.73203,
	9.90161 5.69636,
	9.8924 5.69061,
	9.8878 5.686,
	9.8855 5.686,
	9.8832 5.6837,
	9.8809 5.6837,
	9.87745 5.6791,
	9.87284 5.67795,
	9.85444 5.66414,
	9.84983 5.65954,
	9.83142 5.64688,
	9.82222 5.63883,
	9.81762 5.63653,
	9.80841 5.62848,
	9.80381 5.62618,
	9.7854 5.61007,
	9.77045 5.59166,
	9.76699 5.58245,
	9.76699 5.57325,
	9.76354 5.56405,
	9.75204 5.54564,
	9.74398 5.53643,
	9.73823 5.52723,
	9.73478 5.49041,
	9.73478 5.472,
	9.73478 5.4628,
	9.73478 5.4605,
	"/>
</Transform>

<Transform dim="1"
 xcoef=" 0.203460274943272 1 0 0 0 0"
 ycoef=" -0.192836517385217 0 1 0 0 0">
<Contour name="d020_p12" hidden="false" closed="true" simplified="true" border="1 1 0" fill="1 1 0" mode="11"
 points="9.70377 5.92835,
	9.70593 5.9249,
	9.70895 5.91799,
	9.71155 5.91453,
	9.71846 5.90805,
	9.72191 5.90503,
	9.72537 5.90287,
	9.7271 5.90157,
	9.74092 5.89855,
	9.74783 5.89725,
	9.75129 5.89725,
	9.7582 5.89552,
	9.77202 5.89466,
	9.77893 5.89423,
	9.78584 5.89466,
	9.7893 5.89552,
	9.79276 5.89552,
	9.79967 5.89768,
	9.80312 5.89812,
	9.81004 5.90028,
	9.81176 5.90071,
	9.81349 5.90244,
	9.82731 5.90632,
	9.83423 5.90762,
	9.83768 5.90892,
	9.84459 5.91021,
	9.8515 5.91237,
	9.86533 5.91453,
	9.86878 5.91496,
	9.87051 5.91583,
	9.87742 5.91626,
	9.88088 5.91712,
	9.88433 5.91712,
	9.89816 5.92231,
	9.90507 5.92619,
	9.91889 5.93527,
	9.92451 5.94218,
	9.92667 5.94563,
	9.92753 5.94736,
	9.92753 5.94822,
	9.92926 5.94952,
	9.93055 5.95643,
	9.93099 5.96334,
	9.93012 5.99099,
	9.92969 6.00481,
	9.93444 6.0601,
	9.93531 6.07393,
	9.93531 6.10157,
	9.93271 6.1154,
	9.93055 6.12231,
	9.9258 6.12922,
	9.91976 6.1357,
	9.91284 6.14132,
	9.90939 6.14434,
	9.90766 6.14607,
	9.89384 6.15082,
	9.86619 6.15816,
	9.83855 6.16464,
	9.83163 6.16594,
	9.82472 6.16853,
	9.82127 6.16983,
	9.80744 6.17803,
	9.80053 6.18192,
	9.79362 6.1871,
	9.79016 6.18926,
	9.77634 6.19488,
	9.77289 6.19618,
	9.77029 6.1992,
	9.76338 6.20006,
	9.74956 6.19963,
	9.74265 6.19704,
	9.73574 6.19272,
	9.72926 6.1871,
	9.72666 6.18365,
	9.72623 6.18192,
	9.72494 6.18019,
	9.72191 6.16637,
	9.71975 6.13872,
	9.71889 6.1249,
	9.71846 6.06961,
	9.71803 6.04196,
	9.71759 6.03505,
	9.70852 5.97976,
	9.70593 5.96594,
	9.70377 5.93829,
	9.70377 5.93138,
	9.70377 5.92965,
	9.70377 5.92879,
	"/>
</Transform>

<Transform dim="1"
 xcoef=" 0.203460274943272 1 0 0 0 0"
 ycoef=" -0.192836517385217 0 1 0 0 0">
<Contour name="d020_p11" hidden="false" closed="true" simplified="true" border="1 1 0" fill="1 1 0" mode="11"
 points="10.9286 5.91425,
	10.9297 5.91006,
	10.9302 5.8933,
	10.9307 5.88492,
	10.9338 5.87653,
	10.9401 5.86815,
	10.9485 5.86239,
	10.9527 5.8603,
	10.9537 5.85925,
	10.9705 5.85506,
	10.9789 5.85139,
	10.9831 5.84877,
	10.9852 5.8472,
	10.9894 5.84563,
	10.9915 5.84406,
	10.9998 5.84092,
	11.0019 5.84039,
	11.004 5.83882,
	11.0208 5.83515,
	11.0376 5.83515,
	11.0543 5.83882,
	11.0627 5.83987,
	11.0711 5.83934,
	11.0795 5.83777,
	11.0837 5.83673,
	11.1004 5.82677,
	11.1046 5.8252,
	11.1214 5.82258,
	11.1297 5.82206,
	11.1381 5.82363,
	11.1465 5.82677,
	11.1507 5.82834,
	11.1675 5.83934,
	11.1696 5.84039,
	11.1779 5.84092,
	11.1821 5.84092,
	11.1842 5.84039,
	11.1853 5.84039,
	11.1895 5.83725,
	11.2062 5.83358,
	11.2104 5.83306,
	11.2125 5.83306,
	11.2136 5.83306,
	11.2151 5.83463,
	11.2193 5.83568,
	11.2277 5.83987,
	11.2361 5.84668,
	11.2429 5.85506,
	11.2429 5.85611,
	11.2445 5.85768,
	11.2445 5.85873,
	11.246 5.86082,
	11.2518 5.87758,
	11.2534 5.88596,
	11.2539 5.89434,
	11.2534 5.90272,
	11.2528 5.90692,
	11.2528 5.90796,
	11.2518 5.90901,
	11.2518 5.91006,
	11.2507 5.91111,
	11.2502 5.9132,
	11.2445 5.92158,
	11.2418 5.92577,
	11.2403 5.92996,
	11.2387 5.93206,
	11.2376 5.93625,
	11.2366 5.9373,
	11.2345 5.94568,
	11.2335 5.94987,
	11.2324 5.95196,
	11.2277 5.98549,
	11.2246 5.99387,
	11.2198 6.00225,
	11.2141 6.01063,
	11.2094 6.01901,
	11.2067 6.0232,
	11.2052 6.02739,
	11.2041 6.02844,
	11.2036 6.03053,
	11.202 6.03263,
	11.201 6.03682,
	11.1999 6.03787,
	11.1989 6.04206,
	11.1968 6.04625,
	11.1968 6.04729,
	11.1942 6.05148,
	11.1926 6.05567,
	11.1816 6.07244,
	11.1774 6.08082,
	11.1748 6.08501,
	11.1711 6.09339,
	11.1659 6.10177,
	11.1627 6.10596,
	11.1586 6.10963,
	11.1544 6.11225,
	11.146 6.11382,
	11.1376 6.11329,
	11.1292 6.11015,
	11.125 6.10753,
	11.1083 6.10229,
	11.0999 6.09863,
	11.0915 6.09129,
	11.0884 6.0871,
	11.0837 6.07872,
	11.081 6.07453,
	11.0768 6.07087,
	11.0433 6.0541,
	11.0266 6.04729,
	11.0182 6.04206,
	11.0098 6.03525,
	11.0056 6.03106,
	11.0025 6.02687,
	10.9941 6.0101,
	10.9899 6.00172,
	10.9847 5.99334,
	10.9763 5.98496,
	10.9595 5.97187,
	10.9511 5.96558,
	10.9433 5.95772,
	10.9365 5.94934,
	10.9317 5.94096,
	10.9291 5.93258,
	10.9286 5.91582,
	10.9286 5.91477,
	"/>
</Transform>

<Transform dim="1"
 xcoef=" 0.203460274943272 1 0 0 0 0"
 ycoef=" -0.192836517385217 0 1 0 0 0">
<Contour name="d020_cfa11" hidden="false" closed="false" simplified="false" border="0 1 0" fill="0 1 0" mode="11"
 points="11.2192 5.92554,
	11.2008 5.99606,
	"/>
</Transform>

<Transform dim="1"
 xcoef=" 0.203460274943272 1 0 0 0 0"
 ycoef=" -0.192836517385217 0 1 0 0 0">
<Contour name="d020_c11" hidden="false" closed="true" simplified="true" border="1 0 0" fill="1 0 0" mode="11"
 points="11.1807 5.98995,
	11.1904 5.95725,
	11.195 5.9409,
	11.1976 5.93272,
	11.1986 5.92863,
	11.1991 5.92659,
	11.2006 5.92505,
	11.2088 5.92454,
	11.2129 5.92403,
	11.2456 5.92863,
	11.2538 5.92965,
	11.2584 5.93732,
	11.2604 5.94141,
	11.2599 5.95776,
	11.2599 5.96593,
	11.2405 5.99864,
	11.2359 6.00681,
	11.2349 6.00784,
	11.2185 6.0017,
	11.1858 5.992,
	11.1817 5.99097,
	11.1807 5.99046,
	"/>
</Transform>

<Transform dim="1"
 xcoef=" 0.203460274943272 1 0 0 0 0"
 ycoef=" -0.192836517385217 0 1 0 0 0">
<Contour name="d020_cfa12" hidden="false" closed="false" simplified="false" border="0 1 0" fill="0 1 0" mode="11"
 points="9.72366 5.93313,
	9.73383 5.99608,
	9.74273 6.13153,
	"/>
</Transform>

<Transform dim="1"
 xcoef=" 0.203460274943272 1 0 0 0 0"
 ycoef=" -0.192836517385217 0 1 0 0 0">
<Contour name="d020_c12" hidden="false" closed="true" simplified="true" border="1 0 0" fill="1 0 0" mode="11"
 points="9.66099 6.05847,
	9.6648 6.03812,
	9.66671 6.02794,
	9.66798 6.00759,
	9.66735 5.98724,
	9.66544 5.96689,
	9.6648 5.95672,
	9.66544 5.94654,
	9.66671 5.94146,
	9.66671 5.93891,
	9.67244 5.92874,
	9.68261 5.9281,
	9.70296 5.92937,
	9.72331 5.93192,
	9.7284 5.93255,
	9.74875 5.94591,
	9.75892 5.95227,
	9.76401 5.95608,
	9.77291 5.97643,
	9.77546 5.98152,
	9.76846 6.06292,
	9.76465 6.10362,
	9.76274 6.12397,
	9.7621 6.12906,
	9.76147 6.13033,
	9.74112 6.1316,
	9.73094 6.13224,
	9.71059 6.12778,
	9.70042 6.12524,
	9.69533 6.12397,
	9.67498 6.11316,
	9.66798 6.10298,
	9.6648 6.0979,
	9.66353 6.09535,
	9.66226 6.075,
	9.66163 6.06483,
	9.66099 6.05974,
	9.66099 6.0591,
	"/>
</Transform>

<Transform dim="1"
 xcoef=" 0.203460274943272 1 0 0 0 0"
 ycoef=" -0.192836517385217 0 1 0 0 0">
<Contour name="d020_cfa14" hidden="false" closed="false" simplified="false" border="0 1 0" fill="0 1 0" mode="11"
 points="9.82777 6.33618,
	10.063 6.45069,
	"/>
</Transform>

<Transform dim="1"
 xcoef=" 0.203460274943272 1 0 0 0 0"
 ycoef=" -0.192836517385217 0 1 0 0 0">
<Contour name="d020_c14" hidden="false" closed="true" simplified="true" border="1 0 0" fill="1 0 0" mode="11"
 points="9.79546 6.37442,
	9.80113 6.36535,
	9.80793 6.35628,
	9.82437 6.33814,
	9.83231 6.32907,
	9.83457 6.32737,
	9.87085 6.3319,
	9.87992 6.33304,
	9.88446 6.3336,
	9.95702 6.36705,
	9.9933 6.38349,
	10.0296 6.39766,
	10.0386 6.40106,
	10.0568 6.41863,
	10.0591 6.4209,
	10.0647 6.43904,
	10.0664 6.44358,
	10.0551 6.47985,
	10.0522 6.48892,
	10.0517 6.49119,
	10.0494 6.49176,
	10.0131 6.48836,
	10.0041 6.48779,
	9.96779 6.47759,
	9.95872 6.47475,
	9.88616 6.44074,
	9.84988 6.42827,
	9.84081 6.4243,
	9.82267 6.41467,
	9.8136 6.4073,
	9.80453 6.39879,
	9.80056 6.39482,
	9.79603 6.37669,
	9.79546 6.37498,
	"/>
</Transform>

<Transform dim="0"
 xcoef=" 0 1 0 0 0 0"
 ycoef=" 0 0 1 0 0 0">
<Contour name="d020_php_possibleshaft" hidden="false" closed="true" simplified="true" border="0 1 1" fill="0 1 1" mode="-11"
 points="10.1601 5.64622,
	10.1606 5.62983,
	10.162 5.61364,
	10.1643 5.59787,
	10.1674 5.58273,
	10.1714 5.56839,
	10.1762 5.55505,
	10.1817 5.54288,
	10.1879 5.53203,
	10.1946 5.52265,
	10.2019 5.51484,
	10.2095 5.50872,
	10.2174 5.50436,
	10.2255 5.50181,
	10.2337 5.50112,
	10.2419 5.50228,
	10.25 5.50528,
	10.2578 5.51009,
	10.2653 5.51664,
	10.2725 5.52485,
	10.2791 5.53461,
	10.2851 5.54581,
	10.2904 5.55828,
	10.295 5.57189,
	10.2988 5.58645,
	10.3017 5.60177,
	10.3038 5.61766,
	10.305 5.63391,
	10.3052 5.65033,
	10.3045 5.66669,
	10.3029 5.68279,
	10.3004 5.69842,
	10.297 5.71338,
	10.2928 5.72748,
	10.2878 5.74054,
	10.2821 5.7524,
	10.2758 5.76289,
	10.269 5.7719,
	10.2616 5.77929,
	10.2539 5.78498,
	10.246 5.78889,
	10.2378 5.79098,
	10.2296 5.79121,
	10.2214 5.78958,
	10.2134 5.78612,
	10.2056 5.78087,
	10.1982 5.7739,
	10.1912 5.76529,
	10.1847 5.75516,
	10.1789 5.74363,
	10.1737 5.73085,
	10.1693 5.71699,
	10.1657 5.70223,
	10.163 5.68675,
	10.1612 5.67074,
	"/>
</Transform>

<Transform dim="1"
 xcoef=" 9.69625305639111 1 0 0 0 0"
 ycoef=" 13.8675201470726 0 1 0 0 0">
<Image mag="0.00201646" contrast="1.97993" brightness="-0.645" red="true" green="true" blue="true"
 src="128.tif_1.bmp" />
<Contour name="domain1" hidden="false" closed="true" simplified="false" border="1 0 1" fill="1 0 1" mode="11"
 points="0 0,
	16383 0,
	16383 16383,
	0 16383,
	"/>
</Transform>

<Transform dim="0"
 xcoef=" 0 1 0 0 0 0"
 ycoef=" 0 0 1 0 0 0">
<Contour name="d020_p14" hidden="false" closed="true" simplified="true" border="1 1 0" fill="1 1 0" mode="11"
 points="9.43803 6.4162,
	9.43997 6.40588,
	9.44029 6.40459,
	9.44932 6.39427,
	9.45158 6.39168,
	9.4619 6.38814,
	9.47222 6.38588,
	9.47738 6.38491,
	9.49802 6.3762,
	9.5006 6.37491,
	9.50576 6.37717,
	9.50834 6.37878,
	9.52576 6.39943,
	9.53576 6.40878,
	9.54608 6.41749,
	9.5564 6.42555,
	9.56672 6.43232,
	9.57704 6.42974,
	9.57963 6.42813,
	9.58479 6.42587,
	9.58995 6.42297,
	9.59253 6.42136,
	9.59511 6.42039,
	9.61575 6.40652,
	9.62607 6.39781,
	9.63123 6.3933,
	9.63381 6.39136,
	9.63897 6.38878,
	9.64155 6.38749,
	9.64413 6.38685,
	9.64929 6.38394,
	9.65961 6.38104,
	9.66994 6.37878,
	9.68026 6.37717,
	9.7009 6.37524,
	9.70219 6.37427,
	9.71251 6.3733,
	9.73315 6.37298,
	9.73831 6.37266,
	9.74089 6.37233,
	9.75121 6.37298,
	9.75379 6.3733,
	9.75895 6.37491,
	9.76154 6.37556,
	9.76283 6.37588,
	9.76541 6.37749,
	9.77573 6.38136,
	9.78605 6.38459,
	9.78863 6.38491,
	9.79379 6.38652,
	9.81443 6.38846,
	9.82475 6.38943,
	9.82991 6.39039,
	9.8312 6.39072,
	9.83185 6.39072,
	9.83443 6.39265,
	9.83959 6.39427,
	9.84217 6.39588,
	9.84733 6.39749,
	9.84991 6.39878,
	9.85249 6.40072,
	9.8612 6.41104,
	9.86313 6.41362,
	9.8641 6.41491,
	9.86442 6.4162,
	9.87184 6.42652,
	9.87539 6.43168,
	9.87571 6.43297,
	9.87733 6.43555,
	9.87765 6.43684,
	9.87862 6.43813,
	9.87894 6.43942,
	9.88055 6.442,
	9.88216 6.44716,
	9.88313 6.44974,
	9.88539 6.47038,
	9.88668 6.47554,
	9.88861 6.4807,
	9.89539 6.49103,
	9.89603 6.49232,
	9.89603 6.49296,
	9.90023 6.49812,
	9.90377 6.50328,
	9.90797 6.50844,
	9.91538 6.51876,
	9.91732 6.52134,
	9.91764 6.52263,
	9.91958 6.52521,
	9.92216 6.53038,
	9.92313 6.53167,
	9.92635 6.54199,
	9.92732 6.54715,
	9.92764 6.55747,
	9.927 6.56779,
	9.92571 6.57811,
	9.92345 6.58843,
	9.92313 6.59101,
	9.9199 6.60133,
	9.91796 6.60649,
	9.917 6.60907,
	9.917 6.60972,
	9.91538 6.6123,
	9.91087 6.62262,
	9.90474 6.63294,
	9.90152 6.6381,
	9.89636 6.64294,
	9.89377 6.64552,
	9.88861 6.64842,
	9.87829 6.65229,
	9.87313 6.65391,
	9.85249 6.6581,
	9.84217 6.65842,
	9.83701 6.65842,
	9.83185 6.65745,
	9.82927 6.65713,
	9.81895 6.65294,
	9.81637 6.65197,
	9.81508 6.65133,
	9.81411 6.65004,
	9.80895 6.64778,
	9.80637 6.64681,
	9.80508 6.64649,
	9.80379 6.64552,
	9.80121 6.64455,
	9.79863 6.64294,
	9.79347 6.64068,
	9.78831 6.63778,
	9.78573 6.63649,
	9.78056 6.63262,
	9.77798 6.63036,
	9.76766 6.62391,
	9.7625 6.62036,
	9.74186 6.60778,
	9.73154 6.60166,
	9.72638 6.59811,
	9.72412 6.59617,
	9.72154 6.5952,
	9.71122 6.58908,
	9.70638 6.58553,
	9.7038 6.58456,
	9.69864 6.58166,
	9.69348 6.5794,
	9.6909 6.57843,
	9.68961 6.57779,
	9.68832 6.57779,
	9.68703 6.57682,
	9.67671 6.57359,
	9.67445 6.57198,
	9.66413 6.56714,
	9.65897 6.56489,
	9.65639 6.56392,
	9.65381 6.56231,
	9.64349 6.55811,
	9.63833 6.55618,
	9.63704 6.55618,
	9.63575 6.55521,
	9.62543 6.55295,
	9.6151 6.55199,
	9.60478 6.55166,
	9.59446 6.55328,
	9.58414 6.55553,
	9.57898 6.55715,
	9.56866 6.56134,
	9.56608 6.56231,
	9.55576 6.56811,
	9.55318 6.56908,
	9.55253 6.56908,
	9.55124 6.57005,
	9.54866 6.57069,
	9.54608 6.5723,
	9.53576 6.57553,
	9.52544 6.57553,
	9.52415 6.57553,
	9.5235 6.57553,
	9.51867 6.57069,
	9.50834 6.5665,
	9.4877 6.55134,
	9.48254 6.54747,
	9.47738 6.54231,
	9.47512 6.53973,
	9.47351 6.53715,
	9.47351 6.5365,
	9.47254 6.53554,
	9.47093 6.52521,
	9.46996 6.52005,
	9.47254 6.50973,
	9.47641 6.49941,
	9.47899 6.48909,
	9.48028 6.48393,
	9.47899 6.47361,
	9.47835 6.46845,
	9.47803 6.46716,
	9.45803 6.44716,
	9.44932 6.43684,
	9.44739 6.43426,
	9.4419 6.42394,
	9.439 6.41878,
	9.43803 6.41652,
	"/>
</Transform>

</Section>