<?xml version="1.0"?>
<!DOCTYPE Section SYSTEM "section.dtd">

<Section index="150" thickness="0.052" alignLocked="true">
<Transform dim="1"
 xcoef=" 0.344465734115904 1 0 0 0 0"
 ycoef=" 0.823374912988068 0 1 0 0 0">
<Contour name="D052 " hidden="false" closed="true" simplified="true" border="0 0 1" fill="0 0 1" mode="13"
 points="6.31834 -0.831027,
	6.32065 -0.84718,
	6.32751 -0.862766,
	6.33867 -0.877238,
	6.35374 -0.89009,
	6.3722 -0.90087,
	6.39339 -0.909201,
	6.41658 -0.914789,
	6.44095 -0.91744,
	6.46564 -0.917059,
	6.48979 -0.913662,
	6.51255 -0.907365,
	6.53313 -0.898391,
	6.5508 -0.887055,
	6.56494 -0.873753,
	6.57505 -0.858953,
	6.58079 -0.843173,
	6.58195 -0.826967,
	6.57849 -0.810904,
	6.57053 -0.795546,
	6.55834 -0.781433,
	6.54237 -0.769059,
	6.52316 -0.758859,
	6.5014 -0.75119,
	6.47784 -0.746322,
	6.45331 -0.744425,
	6.42867 -0.745565,
	6.40479 -0.749702,
	6.3825 -0.756693,
	6.36259 -0.76629,
	6.34575 -0.778158,
	6.33257 -0.791881,
	6.32352 -0.806976,
	"/>
</Transform>

<Transform dim="1"
 xcoef=" 0.344465734115904 1 0 0 0 0"
 ycoef=" 0.823374912988068 0 1 0 0 0">
<Contour name="D054" hidden="false" closed="true" simplified="true" border="0 0 1" fill="0 0 1" mode="13"
 points="1.66882 0.563033,
	1.66924 0.553317,
	1.67049 0.543684,
	1.67257 0.534216,
	1.67544 0.524994,
	1.6791 0.516097,
	1.68351 0.5076,
	1.68863 0.499576,
	1.69442 0.492093,
	1.70083 0.485216,
	1.7078 0.479002,
	1.71527 0.473505,
	1.72319 0.468773,
	1.73148 0.464844,
	1.74007 0.461753,
	1.74888 0.459526,
	1.75786 0.458182,
	1.76691 0.457733,
	1.77596 0.458182,
	1.78493 0.459526,
	1.79375 0.461753,
	1.80234 0.464844,
	1.81063 0.468773,
	1.81854 0.473505,
	1.82602 0.479002,
	1.83299 0.485216,
	1.8394 0.492093,
	1.84518 0.499576,
	1.8503 0.5076,
	1.85471 0.516097,
	1.85837 0.524994,
	1.86125 0.534216,
	1.86333 0.543684,
	1.86458 0.553317,
	1.865 0.563033,
	1.86458 0.572749,
	1.86333 0.582382,
	1.86125 0.591849,
	1.85837 0.601071,
	1.85471 0.609969,
	1.8503 0.618466,
	1.84518 0.62649,
	1.8394 0.633973,
	1.83299 0.64085,
	1.82602 0.647064,
	1.81854 0.65256,
	1.81063 0.657293,
	1.80234 0.661222,
	1.79375 0.664313,
	1.78493 0.666539,
	1.77596 0.667883,
	1.76691 0.668332,
	1.75786 0.667883,
	1.74888 0.666539,
	1.74007 0.664313,
	1.73148 0.661222,
	1.72319 0.657293,
	1.71527 0.65256,
	1.7078 0.647064,
	1.70083 0.64085,
	1.69442 0.633973,
	1.68863 0.62649,
	1.68351 0.618466,
	1.6791 0.609969,
	1.67544 0.601071,
	1.67257 0.591849,
	1.67049 0.582382,
	"/>
</Transform>

<Transform dim="1"
 xcoef=" 0.344465734115904 1 0 0 0 0"
 ycoef=" 0.823374912988068 0 1 0 0 0">
<Contour name="D019" hidden="false" closed="true" simplified="true" border="0 0 1" fill="0 0 1" mode="13"
 points="4.27669 5.17032,
	4.27769 5.15377,
	4.2807 5.13739,
	4.28567 5.12137,
	4.29255 5.10589,
	4.30127 5.09112,
	4.31173 5.07721,
	4.32382 5.06433,
	4.3374 5.0526,
	4.35233 5.04217,
	4.36843 5.03314,
	4.38555 5.02561,
	4.40348 5.01967,
	4.42203 5.01538,
	4.441 5.01278,
	4.46018 5.01191,
	4.47936 5.01278,
	4.49833 5.01538,
	4.51688 5.01967,
	4.53481 5.02561,
	4.55192 5.03314,
	4.56803 5.04217,
	4.58296 5.0526,
	4.59654 5.06433,
	4.60863 5.07721,
	4.61909 5.09112,
	4.62781 5.10589,
	4.63469 5.12137,
	4.63966 5.13739,
	4.64266 5.15377,
	4.64367 5.17032,
	4.64266 5.18688,
	4.63966 5.20326,
	4.63469 5.21927,
	4.62781 5.23475,
	4.61909 5.24953,
	4.60863 5.26343,
	4.59654 5.27632,
	4.58296 5.28804,
	4.56803 5.29848,
	4.55192 5.30751,
	4.53481 5.31504,
	4.51688 5.32098,
	4.49833 5.32527,
	4.47936 5.32786,
	4.46018 5.32873,
	4.441 5.32786,
	4.42203 5.32527,
	4.40348 5.32098,
	4.38555 5.31504,
	4.36843 5.30751,
	4.35233 5.29848,
	4.3374 5.28804,
	4.32382 5.27632,
	4.31173 5.26343,
	4.30127 5.24953,
	4.29255 5.23475,
	4.28567 5.21927,
	4.2807 5.20326,
	"/>
</Transform>

<Transform dim="1"
 xcoef=" 0.344465734115904 1 0 0 0 0"
 ycoef=" 0.823374912988068 0 1 0 0 0">
<Contour name="D021" hidden="false" closed="true" simplified="true" border="0 0 1" fill="0 0 1" mode="13"
 points="6.18869 7.60096,
	6.19003 7.58383,
	6.19404 7.56717,
	6.2006 7.55146,
	6.20952 7.53713,
	6.22056 7.5246,
	6.2334 7.5142,
	6.24769 7.50623,
	6.26303 7.50092,
	6.27898 7.4984,
	6.2951 7.49876,
	6.31093 7.50199,
	6.32605 7.50798,
	6.34001 7.51658,
	6.35243 7.52754,
	6.36297 7.54056,
	6.37132 7.55527,
	6.37725 7.57126,
	6.38061 7.58808,
	6.38128 7.60527,
	6.37926 7.62233,
	6.3746 7.63879,
	6.36743 7.6542,
	6.35795 7.66811,
	6.34644 7.68014,
	6.3332 7.68996,
	6.31861 7.69728,
	6.30308 7.70191,
	6.28704 7.7037,
	6.27095 7.70262,
	6.25525 7.6987,
	6.24039 7.69203,
	6.22678 7.68282,
	6.2148 7.67131,
	6.20478 7.65783,
	6.19701 7.64276,
	6.19171 7.62652,
	"/>
</Transform>

<Transform dim="1"
 xcoef=" 0.344465734115904 1 0 0 0 0"
 ycoef=" 0.823374912988068 0 1 0 0 0">
<Contour name="D025" hidden="false" closed="true" simplified="true" border="0 0 1" fill="0 0 1" mode="13"
 points="4.16697 4.57512,
	4.16746 4.56527,
	4.16893 4.55555,
	4.17136 4.54609,
	4.17471 4.53703,
	4.17894 4.52848,
	4.18399 4.52057,
	4.1898 4.51339,
	4.19628 4.50704,
	4.20334 4.50162,
	4.2109 4.49719,
	4.21885 4.49381,
	4.22709 4.49154,
	4.23549 4.49039,
	4.24395 4.49039,
	4.25235 4.49154,
	4.26058 4.49381,
	4.26853 4.49719,
	4.27609 4.50162,
	4.28316 4.50704,
	4.28964 4.51339,
	4.29544 4.52057,
	4.3005 4.52848,
	4.30473 4.53703,
	4.30808 4.54609,
	4.3105 4.55555,
	4.31197 4.56527,
	4.31246 4.57512,
	4.31197 4.58497,
	4.3105 4.59469,
	4.30808 4.60415,
	4.30473 4.61321,
	4.3005 4.62176,
	4.29544 4.62967,
	4.28964 4.63685,
	4.28316 4.6432,
	4.27609 4.64862,
	4.26853 4.65305,
	4.26058 4.65643,
	4.25235 4.6587,
	4.24395 4.65985,
	4.23549 4.65985,
	4.22709 4.6587,
	4.21885 4.65643,
	4.2109 4.65305,
	4.20334 4.64862,
	4.19628 4.6432,
	4.1898 4.63685,
	4.18399 4.62967,
	4.17894 4.62176,
	4.17471 4.61321,
	4.17136 4.60415,
	4.16893 4.59469,
	"/>
</Transform>

<Transform dim="1"
 xcoef=" 0.344465734115904 1 0 0 0 0"
 ycoef=" 0.823374912988068 0 1 0 0 0">
<Contour name="D028" hidden="false" closed="true" simplified="true" border="0 0 1" fill="0 0 1" mode="13"
 points="6.71737 6.68041,
	6.7181 6.67345,
	6.72029 6.66662,
	6.72389 6.66003,
	6.72885 6.6538,
	6.73506 6.64805,
	6.74243 6.64288,
	6.75082 6.63837,
	6.76007 6.63462,
	6.77004 6.63168,
	6.78053 6.62962,
	6.79136 6.62846,
	6.80233 6.62822,
	6.81326 6.62892,
	6.82394 6.63054,
	6.83419 6.63305,
	6.84382 6.6364,
	6.85267 6.64054,
	6.86056 6.64538,
	6.86737 6.65086,
	6.87296 6.65686,
	6.87725 6.66328,
	6.88015 6.67001,
	6.88162 6.67692,
	6.88162 6.6839,
	6.88015 6.69081,
	6.87725 6.69754,
	6.87296 6.70396,
	6.86737 6.70996,
	6.86056 6.71544,
	6.85267 6.72029,
	6.84382 6.72443,
	6.83419 6.72778,
	6.82394 6.73028,
	6.81326 6.7319,
	6.80233 6.7326,
	6.79136 6.73237,
	6.78053 6.73121,
	6.77004 6.72914,
	6.76007 6.7262,
	6.75082 6.72245,
	6.74243 6.71795,
	6.73506 6.71277,
	6.72885 6.70702,
	6.72389 6.7008,
	6.72029 6.69421,
	"/>
</Transform>

<Transform dim="1"
 xcoef=" 0.344465734115904 1 0 0 0 0"
 ycoef=" 0.823374912988068 0 1 0 0 0">
<Contour name="D032" hidden="false" closed="true" simplified="true" border="0 0 1" fill="0 0 1" mode="13"
 points="4.65945 -1.11289,
	4.661 -1.13745,
	4.66558 -1.1611,
	4.67304 -1.18295,
	4.68308 -1.20219,
	4.69534 -1.2181,
	4.70936 -1.23009,
	4.72462 -1.23772,
	4.74054 -1.24069,
	4.75654 -1.23891,
	4.77202 -1.23242,
	4.78639 -1.22149,
	4.79914 -1.2065,
	4.80978 -1.18803,
	4.81791 -1.16676,
	4.82323 -1.14348,
	4.82555 -1.11906,
	4.82477 -1.09441,
	4.82094 -1.07045,
	4.81418 -1.04807,
	4.80475 -1.02811,
	4.793 -1.0113,
	4.77938 -0.998283,
	4.76438 -0.989533,
	4.74857 -0.985378,
	4.73253 -0.985974,
	4.71687 -0.991299,
	4.70216 -1.00115,
	4.68896 -1.01517,
	4.67776 -1.03283,
	4.66897 -1.05347,
	4.66292 -1.07633,
	"/>
</Transform>

<Transform dim="1"
 xcoef=" 0.344465734115904 1 0 0 0 0"
 ycoef=" 0.823374912988068 0 1 0 0 0">
<Contour name="D041_oblique" hidden="false" closed="true" simplified="true" border="0 0 1" fill="0 0 1" mode="13"
 points="6.00917 -0.00606471,
	6.00988 -0.0172327,
	6.012 -0.028304,
	6.01552 -0.0391827,
	6.0204 -0.0497747,
	6.02659 -0.0599883,
	6.03406 -0.0697349,
	6.04273 -0.0789303,
	6.05252 -0.0874947,
	6.06336 -0.0953541,
	6.07514 -0.10244,
	6.08778 -0.108692,
	6.10115 -0.114056,
	6.11514 -0.118484,
	6.12963 -0.121939,
	6.1445 -0.12439,
	6.15961 -0.125817,
	6.17484 -0.126207,
	6.19005 -0.125557,
	6.20512 -0.123873,
	6.2199 -0.121168,
	6.23428 -0.117467,
	6.24813 -0.112801,
	6.26133 -0.107211,
	6.27376 -0.100745,
	6.28532 -0.0934592,
	6.2959 -0.0854169,
	6.30542 -0.0766876,
	6.31379 -0.0673467,
	6.32095 -0.0574753,
	6.32682 -0.0471587,
	6.33136 -0.0364863,
	6.33453 -0.0255505,
	6.3363 -0.014446,
	6.33665 -0.00326892,
	6.33559 0.00788395,
	6.33312 0.018916,
	6.32926 0.0297318,
	6.32405 0.0402377,
	6.31753 0.0503427,
	6.30976 0.0599592,
	6.3008 0.0690041,
	6.29074 0.077399,
	6.27965 0.0850713,
	6.26764 0.0919544,
	6.25482 0.0979889,
	6.24128 0.103122,
	6.22715 0.107311,
	6.21255 0.110517,
	6.19761 0.112714,
	6.18246 0.113883,
	6.16722 0.114013,
	6.15203 0.113103,
	6.13703 0.111162,
	6.12233 0.108205,
	6.10807 0.10426,
	6.09438 0.0993586,
	6.08136 0.0935448,
	6.06914 0.0868685,
	6.05782 0.0793876,
	6.04749 0.0711667,
	6.03825 0.0622772,
	6.03017 0.0527959,
	6.02333 0.042805,
	6.01779 0.032391,
	6.01359 0.021644,
	6.01077 0.0106571,
	"/>
</Transform>

<Transform dim="1"
 xcoef=" 0.344465734115904 1 0 0 0 0"
 ycoef=" 0.823374912988068 0 1 0 0 0">
<Contour name="D043" hidden="false" closed="true" simplified="true" border="0 0 1" fill="0 0 1" mode="13"
 points="0.905531 8.21987,
	0.90626 8.20502,
	0.908439 8.19036,
	0.912041 8.17607,
	0.91702 8.16232,
	0.923317 8.14927,
	0.930852 8.1371,
	0.939533 8.12596,
	0.949253 8.11597,
	0.959891 8.10727,
	0.971316 8.09995,
	0.983387 8.09412,
	0.995955 8.08984,
	1.00886 8.08717,
	1.02196 8.08614,
	1.03507 8.08676,
	1.04804 8.08902,
	1.06071 8.0929,
	1.07291 8.09835,
	1.08451 8.1053,
	1.09536 8.11367,
	1.10532 8.12335,
	1.11427 8.13422,
	1.12211 8.14614,
	1.12872 8.15898,
	1.13404 8.17257,
	1.13799 8.18675,
	1.14052 8.20133,
	1.14162 8.21615,
	1.14125 8.23101,
	1.13943 8.24573,
	1.13619 8.26013,
	1.13154 8.27404,
	1.12557 8.28727,
	1.11834 8.29967,
	1.10993 8.31109,
	1.10046 8.32138,
	1.09004 8.33042,
	1.0788 8.33808,
	1.06688 8.34429,
	1.05442 8.34897,
	1.04158 8.35204,
	1.02852 8.35349,
	1.0154 8.35328,
	1.00238 8.35143,
	0.989619 8.34795,
	0.97728 8.34288,
	0.965514 8.3363,
	0.954465 8.32828,
	0.944271 8.31892,
	0.935056 8.30834,
	0.926935 8.29666,
	0.920008 8.28403,
	0.914362 8.27062,
	0.910064 8.25657,
	0.90717 8.24207,
	"/>
</Transform>

<Transform dim="1"
 xcoef=" 0.344465734115904 1 0 0 0 0"
 ycoef=" 0.823374912988068 0 1 0 0 0">
<Contour name="D044" hidden="false" closed="true" simplified="true" border="0 0 1" fill="0 0 1" mode="13"
 points="-0.278211 6.37367,
	-0.276086 6.35851,
	-0.269779 6.34383,
	-0.259493 6.33011,
	-0.245557 6.3178,
	-0.228422 6.30728,
	-0.208636 6.29889,
	-0.186836 6.2929,
	-0.163722 6.28952,
	-0.140038 6.28883,
	-0.116545 6.29088,
	-0.0939976 6.29558,
	-0.0731206 6.3028,
	-0.0545851 6.31229,
	-0.0389868 6.32375,
	-0.0268271 6.33682,
	-0.0184968 6.35108,
	-0.0142636 6.36606,
	-0.0142636 6.38128,
	-0.0184968 6.39627,
	-0.0268271 6.41052,
	-0.0389868 6.42359,
	-0.0545851 6.43506,
	-0.0731206 6.44455,
	-0.0939976 6.45176,
	-0.116545 6.45647,
	-0.140038 6.45851,
	-0.163722 6.45783,
	-0.186836 6.45444,
	-0.208636 6.44846,
	-0.228422 6.44007,
	-0.245557 6.42955,
	-0.259493 6.41723,
	-0.269779 6.40351,
	"/>
</Transform>

<Transform dim="1"
 xcoef=" 0.344465734115904 1 0 0 0 0"
 ycoef=" 0.823374912988068 0 1 0 0 0">
<Contour name="D045_ASPINY_NOCANDIDATES" hidden="false" closed="true" simplified="true" border="0 0 1" fill="0 0 1" mode="13"
 points="3.01143 8.16428,
	3.01314 8.1517,
	3.01822 8.13956,
	3.02648 8.12829,
	3.03764 8.11828,
	3.05131 8.10989,
	3.06701 8.1034,
	3.08418 8.09905,
	3.10222 8.09699,
	3.12051 8.09728,
	3.13839 8.09993,
	3.15525 8.10483,
	3.17048 8.11182,
	3.18357 8.12065,
	3.19404 8.13101,
	3.20153 8.14253,
	3.20578 8.15482,
	3.20664 8.16744,
	3.20407 8.17995,
	3.19818 8.19191,
	3.18916 8.20289,
	3.17733 8.21253,
	3.1631 8.22047,
	3.14699 8.22644,
	3.12954 8.23024,
	3.11137 8.23171,
	3.09313 8.23083,
	3.07545 8.2276,
	3.05894 8.22216,
	3.04419 8.21469,
	3.03172 8.20544,
	3.02197 8.19476,
	3.01527 8.183,
	"/>
</Transform>

<Transform dim="1"
 xcoef=" 0.344465734115904 1 0 0 0 0"
 ycoef=" 0.823374912988068 0 1 0 0 0">
<Contour name="D046" hidden="false" closed="true" simplified="true" border="0 0 1" fill="0 0 1" mode="13"
 points="13.0187 3.24983,
	13.0199 3.23623,
	13.0232 3.22302,
	13.0286 3.21057,
	13.0359 3.19926,
	13.045 3.18941,
	13.0555 3.18129,
	13.0673 3.17514,
	13.0798 3.17114,
	13.0928 3.16941,
	13.1059 3.16999,
	13.1188 3.17286,
	13.1309 3.17796,
	13.1421 3.18511,
	13.1519 3.19413,
	13.1602 3.20476,
	13.1666 3.21668,
	13.171 3.22955,
	13.1732 3.24301,
	13.1732 3.25666,
	13.171 3.27012,
	13.1666 3.28299,
	13.1602 3.29491,
	13.1519 3.30553,
	13.1421 3.31455,
	13.1309 3.32171,
	13.1188 3.3268,
	13.1059 3.32968,
	13.0928 3.33026,
	13.0798 3.32852,
	13.0673 3.32452,
	13.0555 3.31838,
	13.045 3.31026,
	13.0359 3.3004,
	13.0286 3.28909,
	13.0232 3.27665,
	13.0199 3.26344,
	"/>
</Transform>

<Transform dim="1"
 xcoef=" 0.344465734115904 1 0 0 0 0"
 ycoef=" 0.823374912988068 0 1 0 0 0">
<Contour name="D047" hidden="false" closed="true" simplified="true" border="0 0 1" fill="0 0 1" mode="13"
 points="3.2098 6.92522,
	3.21069 6.91385,
	3.21331 6.90284,
	3.21759 6.89254,
	3.2234 6.88325,
	3.23055 6.87527,
	3.23881 6.86885,
	3.24794 6.8642,
	3.25765 6.86145,
	3.26762 6.86069,
	3.27756 6.86195,
	3.28715 6.86519,
	3.29609 6.8703,
	3.3041 6.87713,
	3.31093 6.88546,
	3.31637 6.89503,
	3.32025 6.90554,
	3.32245 6.91667,
	3.32289 6.92807,
	3.32156 6.93938,
	3.31852 6.95024,
	3.31384 6.96033,
	3.30768 6.96931,
	3.30023 6.97692,
	3.29172 6.98291,
	3.28242 6.9871,
	3.27262 6.98936,
	3.26262 6.98961,
	3.25274 6.98785,
	3.24329 6.98414,
	3.23455 6.97858,
	3.22682 6.97135,
	3.22031 6.96269,
	3.21525 6.95285,
	3.21178 6.94215,
	"/>
</Transform>

<Transform dim="1"
 xcoef=" 0.344465734115904 1 0 0 0 0"
 ycoef=" 0.823374912988068 0 1 0 0 0">
<Contour name="D034" hidden="false" closed="true" simplified="true" border="0 0 1" fill="0 0 1" mode="13"
 points="9.52876 3.55787,
	9.53036 3.5434,
	9.53512 3.52926,
	9.54294 3.51578,
	9.55363 3.50326,
	9.56695 3.49199,
	9.5826 3.48223,
	9.60021 3.4742,
	9.61939 3.46808,
	9.6397 3.46402,
	9.66066 3.4621,
	9.68181 3.46237,
	9.70266 3.46483,
	9.72272 3.46942,
	9.74155 3.47603,
	9.75871 3.48452,
	9.77381 3.49468,
	9.7865 3.50629,
	9.79649 3.51907,
	9.80356 3.53275,
	9.80753 3.547,
	9.80833 3.5615,
	9.80594 3.57591,
	9.8004 3.58991,
	9.79185 3.60318,
	9.78047 3.61542,
	9.76654 3.62633,
	9.75036 3.63568,
	9.73232 3.64325,
	9.71282 3.64887,
	9.6923 3.6524,
	9.67124 3.65377,
	9.65013 3.65295,
	9.62943 3.64995,
	9.60963 3.64484,
	9.59118 3.63775,
	9.57451 3.62883,
	9.55998 3.61828,
	9.54794 3.60635,
	9.53866 3.59331,
	9.53235 3.57946,
	"/>
</Transform>

<Transform dim="1"
 xcoef=" 0.344465734115904 1 0 0 0 0"
 ycoef=" 0.823374912988068 0 1 0 0 0">
<Contour name="D035" hidden="false" closed="true" simplified="true" border="0 0 1" fill="0 0 1" mode="13"
 points="7.66815 2.97937,
	7.6688 2.97102,
	7.67075 2.96278,
	7.67398 2.95477,
	7.67842 2.94709,
	7.68404 2.93984,
	7.69075 2.93313,
	7.69845 2.92705,
	7.70706 2.92167,
	7.71644 2.91707,
	7.72648 2.91332,
	7.73703 2.91046,
	7.74796 2.90853,
	7.75911 2.90756,
	7.77035 2.90756,
	7.7815 2.90853,
	7.79243 2.91046,
	7.80298 2.91332,
	7.81302 2.91707,
	7.8224 2.92167,
	7.83101 2.92705,
	7.83871 2.93313,
	7.84542 2.93984,
	7.85104 2.94709,
	7.85548 2.95477,
	7.8587 2.96278,
	7.86065 2.97102,
	7.86131 2.97937,
	7.86065 2.98772,
	7.8587 2.99596,
	7.85548 3.00397,
	7.85104 3.01165,
	7.84542 3.0189,
	7.83871 3.02561,
	7.83101 3.03169,
	7.8224 3.03707,
	7.81302 3.04167,
	7.80298 3.04542,
	7.79243 3.04828,
	7.7815 3.05021,
	7.77035 3.05118,
	7.75911 3.05118,
	7.74796 3.05021,
	7.73703 3.04828,
	7.72648 3.04542,
	7.71644 3.04167,
	7.70706 3.03707,
	7.69845 3.03169,
	7.69075 3.02561,
	7.68404 3.0189,
	7.67842 3.01165,
	7.67398 3.00397,
	7.67075 2.99596,
	"/>
</Transform>

<Transform dim="1"
 xcoef=" 0.344465734115904 1 0 0 0 0"
 ycoef=" 0.823374912988068 0 1 0 0 0">
<Contour name="D039" hidden="false" closed="true" simplified="true" border="0 0 1" fill="0 0 1" mode="13"
 points="8.18122 0.988754,
	8.18196 0.976152,
	8.1842 0.963753,
	8.18788 0.951756,
	8.19294 0.940355,
	8.19932 0.929732,
	8.2069 0.920059,
	8.21556 0.911492,
	8.22517 0.904167,
	8.23557 0.898204,
	8.24658 0.893697,
	8.25804 0.89072,
	8.26976 0.889321,
	8.28156 0.889521,
	8.29323 0.891318,
	8.3046 0.894683,
	8.31547 0.899561,
	8.32569 0.905875,
	8.33507 0.913522,
	8.34348 0.92238,
	8.35077 0.932305,
	8.35682 0.943139,
	8.36155 0.954707,
	8.36488 0.966823,
	8.36674 0.979291,
	8.36711 0.991912,
	8.36599 1.00448,
	8.36339 1.0168,
	8.35936 1.02866,
	8.35396 1.03989,
	8.34727 1.05029,
	8.33941 1.0597,
	8.33049 1.06797,
	8.32067 1.07496,
	8.31011 1.08057,
	8.29896 1.0847,
	8.28742 1.08729,
	8.27566 1.08829,
	8.26388 1.08769,
	8.25227 1.08549,
	8.24101 1.08174,
	8.23028 1.0765,
	8.22026 1.06984,
	8.21111 1.06188,
	8.20297 1.05274,
	8.19597 1.04257,
	8.19024 1.03154,
	8.18586 1.01982,
	8.1829 1.00759,
	"/>
</Transform>

<Transform dim="1"
 xcoef=" 0.344465734115904 1 0 0 0 0"
 ycoef=" 0.823374912988068 0 1 0 0 0">
<Contour name="D049" hidden="false" closed="true" simplified="true" border="0 0 1" fill="0 0 1" mode="13"
 points="10.6393 0.851972,
	10.6399 0.836746,
	10.6419 0.821719,
	10.6453 0.807085,
	10.6498 0.793037,
	10.6556 0.779758,
	10.6625 0.767419,
	10.6704 0.756183,
	10.6793 0.746196,
	10.689 0.737588,
	10.6993 0.73047,
	10.7103 0.724937,
	10.7216 0.72106,
	10.7332 0.71889,
	10.745 0.718454,
	10.7566 0.719759,
	10.7681 0.722788,
	10.7793 0.727501,
	10.79 0.733836,
	10.8 0.741712,
	10.8093 0.751025,
	10.8177 0.761654,
	10.8252 0.77346,
	10.8315 0.78629,
	10.8367 0.799977,
	10.8406 0.814341,
	10.8433 0.829195,
	10.8446 0.844347,
	10.8446 0.859598,
	10.8433 0.874749,
	10.8406 0.889604,
	10.8367 0.903968,
	10.8315 0.917654,
	10.8252 0.930484,
	10.8177 0.942291,
	10.8093 0.95292,
	10.8 0.962233,
	10.79 0.970108,
	10.7793 0.976444,
	10.7681 0.981157,
	10.7566 0.984185,
	10.745 0.985491,
	10.7332 0.985055,
	10.7216 0.982885,
	10.7103 0.979007,
	10.6993 0.973474,
	10.689 0.966357,
	10.6793 0.957749,
	10.6704 0.947762,
	10.6625 0.936525,
	10.6556 0.924187,
	10.6498 0.910907,
	10.6453 0.896859,
	10.6419 0.882226,
	"/>
</Transform>

<Transform dim="1"
 xcoef=" 0.344465734115904 1 0 0 0 0"
 ycoef=" 0.823374912988068 0 1 0 0 0">
<Contour name="D055" hidden="false" closed="true" simplified="true" border="0 0 1" fill="0 0 1" mode="13"
 points="1.16339 3.00972,
	1.16468 2.98652,
	1.16848 2.96405,
	1.17469 2.94301,
	1.18311 2.92405,
	1.19348 2.90777,
	1.20547 2.89467,
	1.21871 2.88517,
	1.23279 2.87956,
	1.24726 2.87801,
	1.26167 2.88058,
	1.27558 2.88719,
	1.28854 2.89762,
	1.30016 2.91156,
	1.31007 2.92856,
	1.31796 2.9481,
	1.32359 2.96956,
	1.32677 2.99228,
	1.32741 3.01555,
	1.32549 3.03863,
	1.32107 3.06081,
	1.31429 3.08139,
	1.30535 3.09973,
	1.29455 3.11526,
	1.28221 3.12749,
	1.26872 3.13605,
	1.2545 3.14065,
	1.24 3.14117,
	1.22567 3.13758,
	1.21196 3.12999,
	1.19929 3.11865,
	1.18807 3.1039,
	1.17864 3.08621,
	1.1713 3.06613,
	1.16627 3.04429,
	"/>
</Transform>

<Transform dim="1"
 xcoef=" 0.344465734115904 1 0 0 0 0"
 ycoef=" 0.823374912988068 0 1 0 0 0">
<Contour name="d046_o32" hidden="false" closed="true" simplified="false" border="1 0 0" fill="1 0 0" mode="-13"
 points="13.6716 3.40292,
	13.695 3.40292,
	13.6833 3.42442,
	"/>
</Transform>

<Transform dim="1"
 xcoef=" 0.344465734115904 1 0 0 0 0"
 ycoef=" 0.823374912988068 0 1 0 0 0">
<Contour name="D057" hidden="false" closed="true" simplified="true" border="0 0 1" fill="0 0 1" mode="11"
 points="6.41339 9.34699,
	6.41464 9.33453,
	6.41837 9.32236,
	6.42449 9.31075,
	6.43285 9.29997,
	6.44328 9.29027,
	6.45553 9.28186,
	6.46932 9.27495,
	6.48433 9.26968,
	6.50022 9.26618,
	6.51663 9.26453,
	6.53318 9.26477,
	6.5495 9.26689,
	6.5652 9.27084,
	6.57994 9.27653,
	6.59337 9.28383,
	6.60519 9.29258,
	6.61512 9.30258,
	6.62294 9.31359,
	6.62847 9.32536,
	6.63159 9.33763,
	6.63221 9.35011,
	6.63034 9.36252,
	6.626 9.37458,
	6.61931 9.386,
	6.6104 9.39653,
	6.5995 9.40593,
	6.58684 9.41398,
	6.57271 9.4205,
	6.55745 9.42533,
	6.54139 9.42838,
	6.52491 9.42956,
	6.50838 9.42885,
	6.49219 9.42627,
	6.47669 9.42187,
	6.46225 9.41576,
	6.44919 9.40808,
	6.43782 9.399,
	6.4284 9.38873,
	6.42114 9.3775,
	6.4162 9.36558,
	"/>
</Transform>

<Transform dim="1"
 xcoef=" 0.344465734115904 1 0 0 0 0"
 ycoef=" 0.823374912988068 0 1 0 0 0">
<Contour name="D058" hidden="false" closed="true" simplified="true" border="0 0 1" fill="0 0 1" mode="11"
 points="5.25895 10.908,
	5.2609 10.8879,
	5.2667 10.8685,
	5.2761 10.8506,
	5.28876 10.8349,
	5.30418 10.8221,
	5.32178 10.8125,
	5.34088 10.8066,
	5.36073 10.8046,
	5.38059 10.8066,
	5.39968 10.8125,
	5.41728 10.8221,
	5.4327 10.8349,
	5.44536 10.8506,
	5.45477 10.8685,
	5.46056 10.8879,
	5.46252 10.908,
	5.46056 10.9282,
	5.45477 10.9476,
	5.44536 10.9655,
	5.4327 10.9811,
	5.41728 10.994,
	5.39968 11.0035,
	5.38059 11.0094,
	5.36073 11.0114,
	5.34088 11.0094,
	5.32178 11.0035,
	5.30418 10.994,
	5.28876 10.9811,
	5.2761 10.9655,
	5.2667 10.9476,
	"/>
</Transform>

<Transform dim="1"
 xcoef=" 0.344465734115904 1 0 0 0 0"
 ycoef=" 0.823374912988068 0 1 0 0 0">
<Contour name="D058_ax01" hidden="false" closed="true" simplified="false" border="0 1 1" fill="0 1 1" mode="11"
 points="4.10507 7.53997,
	4.12093 7.52411,
	4.0575 7.46069,
	4.07336 7.44483,
	4.13678 7.50826,
	4.15264 7.4924,
	4.15264 7.53997,
	"/>
</Transform>

<Transform dim="1"
 xcoef=" 0.344465734115904 1 0 0 0 0"
 ycoef=" 0.823374912988068 0 1 0 0 0">
<Contour name="d046" hidden="false" closed="true" simplified="true" border="1 1 0" fill="1 1 0" mode="11"
 points="12.6943 3.41106,
	12.6967 3.40266,
	12.6977 3.39846,
	12.6982 3.39636,
	12.7009 3.39215,
	12.704 3.38795,
	12.7121 3.38296,
	12.7205 3.3785,
	12.7374 3.37193,
	12.7458 3.36747,
	12.75 3.36563,
	12.7542 3.36432,
	12.7626 3.3609,
	12.771 3.35697,
	12.7878 3.34777,
	12.7962 3.34305,
	12.8046 3.33753,
	12.8088 3.33438,
	12.8109 3.33412,
	12.8151 3.33071,
	12.8161 3.32965,
	12.8182 3.32834,
	12.8266 3.31994,
	12.8301 3.31574,
	12.8343 3.31154,
	12.8427 3.3055,
	12.8469 3.30261,
	12.8553 3.29867,
	12.8595 3.29552,
	12.8616 3.29473,
	12.8658 3.29131,
	12.87 3.28921,
	12.8784 3.28396,
	12.8868 3.28055,
	12.8889 3.27976,
	12.891 3.27818,
	12.892 3.2774,
	12.8962 3.27582,
	12.9046 3.26978,
	12.913 3.26427,
	12.9151 3.26322,
	12.9235 3.25586,
	12.9277 3.25245,
	12.9298 3.25087,
	12.9438 3.23407,
	12.9451 3.23197,
	12.9453 3.23092,
	12.9514 3.22251,
	12.9645 3.20571,
	12.9677 3.2015,
	12.9698 3.1973,
	12.9826 3.1805,
	12.9858 3.17629,
	12.9934 3.16789,
	13.0099 3.15135,
	13.0141 3.14741,
	13.0162 3.14557,
	13.0296 3.12876,
	13.037 3.12036,
	13.0412 3.11668,
	13.0433 3.11484,
	13.0443 3.11379,
	13.0485 3.11117,
	13.0506 3.10985,
	13.0527 3.10907,
	13.0611 3.10802,
	13.0948 3.1067,
	13.1032 3.10697,
	13.1074 3.10723,
	13.1095 3.10775,
	13.1179 3.11248,
	13.1221 3.11379,
	13.1242 3.11432,
	13.1252 3.11511,
	13.1273 3.11563,
	13.1294 3.11695,
	13.1336 3.11826,
	13.142 3.11983,
	13.1504 3.11931,
	13.1525 3.11931,
	13.1693 3.11379,
	13.1861 3.11301,
	13.203 3.11379,
	13.2072 3.11432,
	13.2114 3.11537,
	13.2156 3.11589,
	13.224 3.11616,
	13.2282 3.11642,
	13.2324 3.11721,
	13.2408 3.1201,
	13.2576 3.12692,
	13.2618 3.12876,
	13.266 3.13139,
	13.2681 3.13165,
	13.2702 3.13296,
	13.2712 3.13375,
	13.2718 3.13454,
	13.2739 3.1348,
	13.276 3.13559,
	13.2802 3.13874,
	13.2823 3.13953,
	13.283 3.14032,
	13.2851 3.14084,
	13.2872 3.14216,
	13.3041 3.1482,
	13.3209 3.15345,
	13.3377 3.15634,
	13.3461 3.15739,
	13.3629 3.15817,
	13.3713 3.15844,
	13.3881 3.16264,
	13.3923 3.16316,
	13.3965 3.16474,
	13.4049 3.16631,
	13.4385 3.17708,
	13.4553 3.18312,
	13.4595 3.1847,
	13.4679 3.18654,
	13.4847 3.19152,
	13.4931 3.19415,
	13.5099 3.19809,
	13.512 3.19835,
	13.5204 3.20177,
	13.5372 3.21096,
	13.5393 3.21148,
	13.5404 3.21175,
	13.5446 3.21411,
	13.553 3.21673,
	13.5698 3.22435,
	13.574 3.22698,
	13.5782 3.22803,
	13.595 3.23696,
	13.6034 3.24221,
	13.6055 3.24352,
	13.6129 3.25192,
	13.6297 3.26584,
	13.6381 3.27241,
	13.6465 3.27792,
	13.6475 3.27818,
	13.6559 3.28396,
	13.658 3.2858,
	13.6591 3.28685,
	13.6633 3.28869,
	13.6801 3.30077,
	13.6885 3.30707,
	13.6906 3.30865,
	13.6917 3.3097,
	13.7024 3.3265,
	13.7048 3.33071,
	13.7064 3.33281,
	13.7148 3.34068,
	13.7316 3.3546,
	13.7326 3.35539,
	13.7334 3.3567,
	13.7295 3.36511,
	13.7287 3.36721,
	13.7282 3.36826,
	13.7282 3.36878,
	13.7276 3.36931,
	13.7229 3.38611,
	13.7208 3.39452,
	13.7192 3.40292,
	13.7182 3.40712,
	13.7169 3.41553,
	13.7169 3.41658,
	13.7161 3.41868,
	13.7161 3.41973,
	13.7153 3.42183,
	13.714 3.43023,
	13.7135 3.43233,
	13.7135 3.44074,
	13.7137 3.44494,
	13.7137 3.44599,
	13.714 3.44651,
	13.7137 3.4473,
	13.7095 3.44888,
	13.7074 3.4494,
	13.7032 3.4515,
	13.6948 3.45859,
	13.6864 3.46621,
	13.6696 3.48275,
	13.6654 3.48669,
	13.6633 3.48879,
	13.6549 3.49562,
	13.651 3.49982,
	13.6491 3.50192,
	13.6483 3.50297,
	13.6315 3.51111,
	13.6231 3.51453,
	13.6189 3.51689,
	13.6147 3.51768,
	13.6105 3.51952,
	13.5937 3.52451,
	13.5853 3.5274,
	13.5843 3.52766,
	13.5822 3.52923,
	13.5801 3.53028,
	13.5759 3.53134,
	13.5737 3.53186,
	13.5727 3.53212,
	13.5716 3.53291,
	13.5695 3.53344,
	13.5653 3.53632,
	13.5611 3.5379,
	13.559 3.53948,
	13.5548 3.54131,
	13.5506 3.5442,
	13.5422 3.55129,
	13.538 3.55471,
	13.5296 3.55917,
	13.5212 3.56442,
	13.5044 3.56994,
	13.4876 3.57466,
	13.4834 3.57598,
	13.4666 3.57965,
	13.4624 3.5807,
	13.4582 3.58228,
	13.4561 3.58281,
	13.4519 3.58517,
	13.4477 3.58622,
	13.4456 3.58701,
	13.4445 3.58701,
	13.4361 3.592,
	13.434 3.59278,
	13.4004 3.61406,
	13.392 3.61905,
	13.3899 3.62062,
	13.3857 3.62298,
	13.3815 3.62456,
	13.3773 3.62745,
	13.3752 3.62902,
	13.3731 3.62955,
	13.3647 3.63506,
	13.3626 3.63664,
	13.3584 3.63848,
	13.3248 3.65003,
	13.3164 3.6524,
	13.3143 3.65292,
	13.3101 3.65528,
	13.2933 3.65949,
	13.2849 3.66159,
	13.2807 3.66237,
	13.2786 3.66264,
	13.2775 3.66264,
	13.2691 3.66579,
	13.2649 3.66763,
	13.2628 3.66815,
	13.2586 3.67052,
	13.2502 3.67209,
	13.246 3.67367,
	13.2418 3.67419,
	13.2334 3.67682,
	13.225 3.67813,
	13.2166 3.68049,
	13.2124 3.68128,
	13.1788 3.68338,
	13.162 3.6847,
	13.1536 3.68575,
	13.1452 3.68601,
	13.1441 3.68601,
	13.1399 3.6847,
	13.1231 3.68496,
	13.1147 3.68548,
	13.1126 3.68548,
	13.1042 3.68312,
	13.1 3.68155,
	13.0958 3.67839,
	13.079 3.66159,
	13.0769 3.65975,
	13.0727 3.65686,
	13.0685 3.65502,
	13.0664 3.65423,
	13.0622 3.65345,
	13.058 3.65187,
	13.0559 3.65108,
	13.0391 3.64872,
	13.0349 3.64819,
	13.0328 3.64767,
	13.0317 3.64767,
	12.9981 3.63611,
	12.9897 3.63191,
	12.9855 3.6285,
	12.9845 3.62745,
	12.9803 3.62509,
	12.9761 3.62141,
	12.9677 3.61616,
	12.9509 3.60381,
	12.9424 3.5983,
	12.9382 3.59567,
	12.9214 3.58727,
	12.913 3.58307,
	12.9109 3.58202,
	12.9025 3.57939,
	12.8983 3.57808,
	12.8899 3.5765,
	12.8731 3.5744,
	12.8647 3.57335,
	12.8479 3.57204,
	12.8437 3.57151,
	12.8416 3.57125,
	12.8248 3.566,
	12.8164 3.56259,
	12.8122 3.56075,
	12.8038 3.55549,
	12.7996 3.55313,
	12.7828 3.54158,
	12.7744 3.53632,
	12.766 3.53212,
	12.7639 3.53107,
	12.7471 3.52582,
	12.7387 3.52319,
	12.7303 3.52004,
	12.7261 3.5182,
	12.7177 3.51217,
	12.7156 3.51059,
	12.7145 3.51006,
	12.7137 3.50796,
	12.7119 3.50586,
	12.7111 3.50481,
	12.7108 3.50376,
	12.7095 3.50166,
	12.7082 3.49746,
	12.7064 3.49326,
	12.7027 3.47645,
	12.7011 3.46805,
	12.7003 3.46385,
	12.7001 3.4628,
	12.6993 3.46175,
	12.698 3.45334,
	12.6972 3.44914,
	12.6964 3.44704,
	12.6945 3.43023,
	12.6943 3.41343,
	12.6943 3.41132,
	"/>
</Transform>

<Transform dim="1"
 xcoef=" -0.00328699241543218 1 0 0 0 0"
 ycoef=" 0.110766866817297 0 1 0 0 0">
<Contour name="d046_p31" hidden="false" closed="true" simplified="true" border="1 1 0" fill="1 1 0" mode="11"
 points="12.9607 1.6879,
	12.964 1.6835,
	12.9651 1.67472,
	12.9673 1.67032,
	12.9673 1.66813,
	12.9694 1.66593,
	12.9727 1.65715,
	12.9738 1.65275,
	12.976 1.65056,
	12.976 1.64836,
	12.9782 1.64616,
	12.9782 1.64397,
	12.9925 1.6275,
	12.9991 1.622,
	13.0331 1.60114,
	13.0507 1.59126,
	13.0683 1.58467,
	13.0771 1.58137,
	13.0815 1.57918,
	13.1166 1.58027,
	13.121 1.58027,
	13.1386 1.58576,
	13.143 1.58906,
	13.1517 1.59235,
	13.1869 1.61761,
	13.2012 1.63408,
	13.2045 1.64287,
	13.2078 1.64726,
	13.2078 1.64946,
	13.211 1.65385,
	13.2165 1.67142,
	13.2176 1.74171,
	13.2187 1.75928,
	13.2264 1.79442,
	13.2286 1.8032,
	13.2286 1.81199,
	13.2352 1.84713,
	13.2407 1.8647,
	13.2429 1.87349,
	13.2429 1.87788,
	13.2484 1.89545,
	13.2506 1.90424,
	13.2506 1.92181,
	13.2473 1.93938,
	13.2473 1.94377,
	13.244 1.95256,
	13.2418 1.95695,
	13.2418 1.95914,
	13.2297 1.97562,
	13.2275 1.97672,
	13.2275 1.97891,
	13.2187 1.9855,
	13.2165 1.9855,
	13.2089 1.99099,
	13.2045 1.99099,
	13.2001 1.99319,
	13.1649 1.99209,
	13.1605 1.98989,
	13.1517 1.98989,
	13.1166 1.98221,
	13.099 1.97781,
	13.0946 1.97562,
	13.0902 1.97562,
	13.0881 1.97562,
	13.0837 1.97232,
	13.0815 1.97232,
	13.0727 1.96464,
	13.0606 1.95036,
	13.0529 1.94157,
	13.0474 1.93279,
	13.0452 1.93059,
	13.0441 1.9262,
	13.0408 1.92181,
	13.0408 1.91961,
	13.0288 1.90314,
	13.0233 1.89435,
	13.0211 1.88996,
	13.0189 1.88776,
	13.0189 1.88557,
	13.0134 1.87678,
	13.0101 1.868,
	13.009 1.8636,
	13.009 1.86141,
	13.0068 1.86031,
	13.0013 1.84274,
	13.0013 1.83835,
	12.998 1.82956,
	12.9958 1.82627,
	12.9958 1.82407,
	12.9903 1.81528,
	12.9837 1.79771,
	12.9837 1.79332,
	12.9782 1.78453,
	12.9771 1.78014,
	12.9749 1.77795,
	12.9738 1.76916,
	12.9716 1.76477,
	12.9694 1.7472,
	12.9684 1.73841,
	12.9629 1.72084,
	12.9607 1.71206,
	12.9607 1.69448,
	12.9607 1.69009,
	12.9607 1.68899,
	"/>
</Transform>

<Transform dim="1"
 xcoef=" -0.00328699241543218 1 0 0 0 0"
 ycoef=" 0.110766866817297 0 1 0 0 0">
<Contour name="d046_checked" hidden="false" closed="true" simplified="false" border="0 1 0" fill="0 1 0" mode="-13"
 points="13.3282 2.7072,
	13.3339 2.69927,
	13.3282 2.69134,
	13.3316 2.69134,
	13.3361 2.69814,
	13.3407 2.69134,
	13.3441 2.69134,
	13.3384 2.69927,
	13.3441 2.7072,
	13.3407 2.7072,
	13.3361 2.70041,
	13.3316 2.7072,
	"/>
</Transform>

<Transform dim="1"
 xcoef=" 0.0467130075845676 1 0 0 0 0"
 ycoef=" 0.110766866817297 0 1 0 0 0">
<Contour name="d046_p32" hidden="false" closed="true" simplified="true" border="1 1 0" fill="1 1 0" mode="11"
 points="13.4146 2.7269,
	13.4151 2.72002,
	13.4158 2.71313,
	13.4181 2.69937,
	13.4209 2.6856,
	13.424 2.67183,
	13.425 2.66839,
	13.4295 2.65462,
	13.4306 2.65118,
	13.4312 2.64946,
	13.4315 2.6486,
	13.4337 2.64516,
	13.4349 2.64344,
	13.435 2.64333,
	13.4367 2.64473,
	13.4401 2.64817,
	13.4406 2.6486,
	13.444 2.6501,
	13.4444 2.65021,
	13.4462 2.6515,
	13.4464 2.65172,
	13.4472 2.65193,
	13.4474 2.65193,
	13.4483 2.65258,
	13.4485 2.65279,
	13.4554 2.65451,
	13.4588 2.65516,
	13.4606 2.65591,
	13.4623 2.65645,
	13.464 2.65677,
	13.4778 2.65806,
	13.4795 2.65828,
	13.507 2.65828,
	13.5208 2.65828,
	13.5277 2.65817,
	13.5346 2.65753,
	13.538 2.65677,
	13.5397 2.65645,
	13.5415 2.65591,
	13.5432 2.65505,
	13.544 2.65462,
	13.5575 2.64085,
	13.5608 2.63741,
	13.5616 2.63666,
	13.565 2.63526,
	13.5659 2.63483,
	13.5676 2.63365,
	13.5685 2.6329,
	13.5689 2.63257,
	13.5826 2.62881,
	13.5861 2.62795,
	13.5878 2.62752,
	13.6016 2.62827,
	13.6033 2.62827,
	13.6102 2.62913,
	13.6171 2.63021,
	13.6205 2.63064,
	13.624 2.63139,
	13.6274 2.63193,
	13.6308 2.63225,
	13.6317 2.63225,
	13.6321 2.63225,
	13.6323 2.63225,
	13.6341 2.63365,
	13.6358 2.63419,
	13.6427 2.63548,
	13.6461 2.63601,
	13.6736 2.63731,
	13.6874 2.63784,
	13.6943 2.63849,
	13.7012 2.63881,
	13.7149 2.64193,
	13.7184 2.64279,
	13.7218 2.6443,
	13.7236 2.64505,
	13.7244 2.64548,
	13.7279 2.64806,
	13.7296 2.64946,
	13.733 2.65269,
	13.736 2.65613,
	13.7413 2.66301,
	13.7438 2.66645,
	13.7443 2.66731,
	13.7446 2.66817,
	13.7452 2.66904,
	13.7482 2.67248,
	13.7551 2.67753,
	13.7568 2.67872,
	13.7637 2.6814,
	13.7654 2.68205,
	13.7792 2.68893,
	13.786 2.69238,
	13.7929 2.69657,
	13.7946 2.69765,
	13.7955 2.69808,
	13.7989 2.70152,
	13.7998 2.70238,
	13.8015 2.70367,
	13.8031 2.70528,
	13.8039 2.70614,
	13.8084 2.71303,
	13.8105 2.71647,
	13.8114 2.71819,
	13.812 2.71905,
	13.8123 2.71948,
	13.8125 2.7197,
	13.8128 2.72658,
	13.8129 2.7283,
	13.8123 2.73174,
	13.8119 2.73346,
	13.8116 2.73432,
	13.8098 2.73777,
	13.8076 2.74121,
	13.8069 2.74293,
	13.8065 2.74379,
	13.8048 2.74551,
	13.8042 2.74637,
	13.8039 2.74723,
	13.8034 2.74798,
	13.7999 2.75056,
	13.7982 2.75196,
	13.7973 2.75272,
	13.7905 2.7567,
	13.787 2.75852,
	13.7732 2.75885,
	13.7698 2.75885,
	13.7629 2.7582,
	13.756 2.75702,
	13.7526 2.75648,
	13.7509 2.75627,
	13.7474 2.75487,
	13.744 2.75433,
	13.7423 2.75401,
	13.7354 2.75164,
	13.7337 2.7511,
	13.7199 2.74841,
	13.7182 2.74798,
	13.7113 2.74712,
	13.7096 2.74691,
	13.7061 2.74594,
	13.7044 2.7454,
	13.6975 2.74411,
	13.6967 2.744,
	13.6932 2.74293,
	13.6898 2.74207,
	13.6881 2.74174,
	13.6863 2.7411,
	13.6829 2.74056,
	13.682 2.74045,
	13.6816 2.74045,
	13.6782 2.73938,
	13.6764 2.73906,
	13.6747 2.73852,
	13.6739 2.73809,
	13.6734 2.73787,
	13.6717 2.73787,
	13.6708 2.73777,
	13.6691 2.73701,
	13.6674 2.73701,
	13.6665 2.7369,
	13.6597 2.73454,
	13.6459 2.73174,
	13.639 2.73056,
	13.6321 2.72959,
	13.6252 2.72895,
	13.6115 2.72852,
	13.608 2.72841,
	13.6046 2.72808,
	13.5771 2.72959,
	13.5495 2.73077,
	13.5358 2.73131,
	13.522 2.73099,
	13.5082 2.73099,
	13.4945 2.72981,
	13.4807 2.72841,
	13.4772 2.72808,
	13.4635 2.72808,
	13.46 2.72798,
	13.4463 2.72647,
	13.4445 2.72626,
	13.4377 2.72722,
	13.4308 2.73002,
	13.4239 2.73228,
	13.4204 2.73336,
	13.4187 2.734,
	13.4179 2.73422,
	13.4177 2.73411,
	13.4159 2.73465,
	13.4155 2.73475,
	13.4149 2.73131,
	13.4146 2.72959,
	13.4146 2.72787,
	13.4146 2.72701,
	"/>
</Transform>

<Transform dim="1"
 xcoef=" -0.00328699241543218 1 0 0 0 0"
 ycoef=" 0.110766866817297 0 1 0 0 0">
<Contour name="D046 ax01??" hidden="false" closed="true" simplified="false" border="1 1 0" fill="1 1 0" mode="11"
 points="6.91785 5.97857,
	6.90142 5.97857,
	6.90142 5.98679,
	6.90963 5.995,
	6.93429 6.00322,
	6.91785 6.01144,
	6.90963 6.02788,
	6.8932 6.01144,
	6.88498 5.995,
	6.88498 5.97857,
	6.86855 5.97857,
	6.8932 5.96213,
	"/>
</Transform>

<Transform dim="1"
 xcoef=" -0.00328699241543218 1 0 0 0 0"
 ycoef=" 0.110766866817297 0 1 0 0 0">
<Contour name="D037" hidden="false" closed="true" simplified="true" border="0 0 1" fill="0 0 1" mode="11"
 points="11.0646 0.0998162,
	11.0661 0.0840476,
	11.0706 0.0687717,
	11.0778 0.0544658,
	11.0877 0.0415768,
	11.0998 0.0305074,
	11.1138 0.0216035,
	11.1293 0.0151434,
	11.1457 0.0113287,
	11.1626 0.0102788,
	11.1795 0.0120264,
	11.1957 0.0165169,
	11.2109 0.02361,
	11.2244 0.0330842,
	11.236 0.0446433,
	11.2452 0.0579262,
	11.2518 0.072518,
	11.2555 0.0879627,
	11.2563 0.103778,
	11.254 0.119469,
	11.2489 0.134546,
	11.2409 0.148538,
	11.2305 0.161008,
	11.2179 0.171566,
	11.2035 0.179882,
	11.1877 0.185697,
	11.1711 0.188828,
	11.1541 0.189178,
	11.1374 0.186737,
	11.1214 0.181579,
	11.1066 0.173867,
	11.0935 0.163841,
	11.0824 0.151815,
	11.0739 0.138164,
	11.068 0.123315,
	"/>
</Transform>

<Transform dim="1"
 xcoef=" -0.00328699241543218 1 0 0 0 0"
 ycoef=" 0.110766866817297 0 1 0 0 0">
<Contour name="D020" hidden="false" closed="true" simplified="true" border="0 0 1" fill="0 0 1" mode="11"
 points="9.72788 5.70972,
	9.72894 5.69731,
	9.7321 5.6851,
	9.73731 5.67332,
	9.74447 5.66216,
	9.75347 5.65182,
	9.76415 5.64246,
	9.77633 5.63426,
	9.7898 5.62735,
	9.80433 5.62184,
	9.81967 5.61785,
	9.83556 5.61542,
	9.85173 5.6146,
	9.86789 5.61542,
	9.88378 5.61785,
	9.89912 5.62184,
	9.91365 5.62735,
	9.92712 5.63426,
	9.9393 5.64246,
	9.94998 5.65182,
	9.95898 5.66216,
	9.96615 5.67332,
	9.97136 5.6851,
	9.97452 5.69731,
	9.97558 5.70972,
	9.97452 5.72214,
	9.97136 5.73434,
	9.96615 5.74612,
	9.95898 5.75728,
	9.94998 5.76762,
	9.9393 5.77698,
	9.92712 5.78518,
	9.91365 5.79209,
	9.89912 5.7976,
	9.88378 5.8016,
	9.86789 5.80402,
	9.85173 5.80484,
	9.83556 5.80402,
	9.81967 5.8016,
	9.80433 5.7976,
	9.7898 5.79209,
	9.77633 5.78518,
	9.76415 5.77698,
	9.75347 5.76762,
	9.74447 5.75728,
	9.73731 5.74612,
	9.7321 5.73434,
	9.72894 5.72214,
	"/>
</Transform>

<Transform dim="1"
 xcoef=" -0.00328699241543218 1 0 0 0 0"
 ycoef=" 0.110766866817297 0 1 0 0 0">
<Contour name="D022" hidden="false" closed="true" simplified="true" border="0 0 1" fill="0 0 1" mode="11"
 points="17.3799 4.35704,
	17.3814 4.33617,
	17.3856 4.31594,
	17.3926 4.297,
	17.4019 4.27993,
	17.4135 4.26527,
	17.4269 4.25348,
	17.4417 4.24493,
	17.4574 4.23988,
	17.4735 4.23849,
	17.4896 4.2408,
	17.5051 4.24675,
	17.5195 4.25614,
	17.5325 4.26868,
	17.5436 4.28399,
	17.5524 4.30158,
	17.5586 4.3209,
	17.5622 4.34135,
	17.5629 4.36229,
	17.5608 4.38307,
	17.5558 4.40303,
	17.5483 4.42156,
	17.5383 4.43807,
	17.5262 4.45205,
	17.5125 4.46306,
	17.4974 4.47076,
	17.4816 4.47491,
	17.4654 4.47537,
	17.4494 4.47214,
	17.4341 4.46531,
	17.42 4.4551,
	17.4075 4.44182,
	17.397 4.4259,
	17.3888 4.40782,
	17.3832 4.38816,
	"/>
</Transform>

<Transform dim="1"
 xcoef=" -0.00328699241543218 1 0 0 0 0"
 ycoef=" 0.110766866817297 0 1 0 0 0">
<Contour name="D033" hidden="false" closed="true" simplified="true" border="0 0 1" fill="0 0 1" mode="11"
 points="10.5994 2.51803,
	10.6001 2.50828,
	10.6023 2.4987,
	10.6057 2.48948,
	10.6105 2.48078,
	10.6165 2.47275,
	10.6236 2.46556,
	10.6317 2.45931,
	10.6407 2.45414,
	10.6502 2.45014,
	10.6603 2.44737,
	10.6707 2.44589,
	10.6812 2.44572,
	10.6917 2.44687,
	10.7018 2.44933,
	10.7116 2.45303,
	10.7207 2.45792,
	10.729 2.4639,
	10.7364 2.47087,
	10.7426 2.4787,
	10.7477 2.48725,
	10.7516 2.49636,
	10.754 2.50586,
	10.7551 2.51559,
	10.7547 2.52536,
	10.753 2.535,
	10.7498 2.54432,
	10.7454 2.55317,
	10.7396 2.56138,
	10.7328 2.5688,
	10.7249 2.57529,
	10.7162 2.58074,
	10.7068 2.58504,
	10.6968 2.58813,
	10.6865 2.58993,
	10.676 2.59043,
	10.6655 2.5896,
	10.6552 2.58747,
	10.6454 2.58408,
	10.6361 2.57948,
	10.6276 2.57376,
	10.62 2.56702,
	10.6134 2.5594,
	10.608 2.55101,
	10.6038 2.54203,
	10.601 2.53261,
	"/>
</Transform>

<Transform dim="1"
 xcoef=" 0.130080072309786 1 0 0 0 0"
 ycoef=" 0.116738526431859 0 1 0 0 0">
<Contour name="d020_o19" hidden="false" closed="true" simplified="false" border="1 0 0" fill="1 0 0" mode="-13"
 points="9.57454 5.82984,
	9.61342 5.82984,
	9.59398 5.86548,
	"/>
</Transform>

<Transform dim="1"
 xcoef=" 0.130080072309786 1 0 0 0 0"
 ycoef=" 0.116738526431859 0 1 0 0 0">
<Contour name="d020" hidden="false" closed="true" simplified="true" border="1 1 0" fill="1 1 0" mode="11"
 points="9.485 5.81893,
	9.48651 5.81592,
	9.48726 5.80988,
	9.4948 5.78574,
	9.49707 5.78273,
	9.50235 5.77066,
	9.50461 5.76462,
	9.50612 5.76311,
	9.5114 5.7518,
	9.51366 5.74576,
	9.51442 5.74275,
	9.51442 5.74124,
	9.51592 5.73973,
	9.51592 5.73822,
	9.51743 5.73671,
	9.51743 5.7352,
	9.5197 5.73218,
	9.52875 5.70805,
	9.53026 5.70201,
	9.53026 5.69899,
	9.53177 5.69749,
	9.53252 5.69145,
	9.5378 5.67938,
	9.53855 5.67636,
	9.54082 5.67335,
	9.55062 5.64921,
	9.55515 5.63714,
	9.55515 5.63563,
	9.55741 5.63261,
	9.56118 5.62054,
	9.56269 5.61903,
	9.56722 5.60697,
	9.57401 5.5949,
	9.57552 5.59188,
	9.57853 5.58886,
	9.58683 5.5783,
	9.59664 5.57,
	9.60795 5.5602,
	9.61776 5.55039,
	9.62983 5.53908,
	9.63964 5.52851,
	9.65095 5.51946,
	9.66151 5.5089,
	9.67283 5.5006,
	9.67433 5.5006,
	9.67735 5.49759,
	9.68037 5.49683,
	9.69093 5.49004,
	9.69621 5.48703,
	9.69772 5.48552,
	9.70074 5.48476,
	9.70149 5.48325,
	9.703 5.48325,
	9.71507 5.47647,
	9.7211 5.4742,
	9.72261 5.47269,
	9.72563 5.47194,
	9.72865 5.46968,
	9.73166 5.46892,
	9.73317 5.46741,
	9.73619 5.46666,
	9.73921 5.4644,
	9.74524 5.46364,
	9.79352 5.4478,
	9.79654 5.4478,
	9.7988 5.44554,
	9.82294 5.44177,
	9.83501 5.43875,
	9.84104 5.43799,
	9.84406 5.43649,
	9.85613 5.43573,
	9.86216 5.43422,
	9.8682 5.43422,
	9.87122 5.43422,
	9.87423 5.43271,
	9.89837 5.43045,
	9.94665 5.42894,
	9.95872 5.42894,
	9.98286 5.42668,
	9.98889 5.42668,
	9.99493 5.42517,
	10.0191 5.42517,
	10.0221 5.42517,
	10.0281 5.42894,
	10.0387 5.4395,
	10.044 5.44403,
	10.0485 5.45006,
	10.0515 5.4561,
	10.056 5.46138,
	10.0575 5.4644,
	10.0606 5.46741,
	10.0643 5.47269,
	10.0643 5.4742,
	10.0749 5.48401,
	10.0847 5.49532,
	10.0915 5.50588,
	10.0922 5.5089,
	10.0945 5.51192,
	10.0953 5.51494,
	10.0968 5.51645,
	10.1043 5.54058,
	10.1043 5.54209,
	10.1058 5.5436,
	10.1088 5.56774,
	10.1103 5.57076,
	10.1103 5.57679,
	10.1149 5.58886,
	10.1217 5.60093,
	10.1315 5.613,
	10.1315 5.61451,
	10.1375 5.62054,
	10.1443 5.63261,
	10.1481 5.64468,
	10.1503 5.65072,
	10.1511 5.65675,
	10.1526 5.65977,
	10.1533 5.67184,
	10.1541 5.67787,
	10.1518 5.68994,
	10.1481 5.70201,
	10.1473 5.70805,
	10.145 5.71408,
	10.1428 5.73822,
	10.1428 5.76236,
	10.142 5.77443,
	10.139 5.7865,
	10.1375 5.78951,
	10.136 5.79102,
	10.1337 5.79706,
	10.133 5.80007,
	10.1292 5.80611,
	10.1186 5.81818,
	10.1066 5.82572,
	10.1036 5.82874,
	10.102 5.82874,
	10.0907 5.83553,
	10.0892 5.83553,
	10.0877 5.83704,
	10.0756 5.84005,
	10.0726 5.84156,
	10.0711 5.84156,
	10.0696 5.84307,
	10.0636 5.84458,
	10.0606 5.84533,
	10.059 5.84684,
	10.053 5.84835,
	10.05 5.85062,
	10.047 5.85062,
	10.0357 5.85665,
	10.0326 5.85891,
	10.0206 5.86419,
	10.0191 5.8657,
	10.013 5.86796,
	10.0115 5.86947,
	10.0085 5.87023,
	10.0025 5.87475,
	9.99644 5.87777,
	9.99342 5.88003,
	9.98738 5.8823,
	9.98587 5.88381,
	9.97984 5.88531,
	9.96777 5.89059,
	9.94363 5.89889,
	9.93156 5.90191,
	9.91949 5.90266,
	9.90742 5.90493,
	9.88329 5.90417,
	9.87725 5.90266,
	9.87423 5.90116,
	9.8682 5.9004,
	9.86216 5.89814,
	9.85915 5.89814,
	9.85613 5.89663,
	9.85462 5.89663,
	9.85311 5.89512,
	9.84708 5.89437,
	9.84104 5.8921,
	9.8169 5.89059,
	9.80483 5.89135,
	9.79277 5.89361,
	9.78673 5.89437,
	9.77466 5.89814,
	9.76259 5.9004,
	9.75656 5.90266,
	9.75354 5.90342,
	9.75203 5.90342,
	9.74901 5.90568,
	9.73694 5.90945,
	9.73544 5.91096,
	9.73242 5.91096,
	9.7294 5.91247,
	9.72789 5.91247,
	9.72638 5.91398,
	9.72035 5.91549,
	9.70828 5.92077,
	9.70526 5.92077,
	9.69923 5.92379,
	9.69319 5.92529,
	9.69168 5.9268,
	9.68565 5.92756,
	9.67961 5.92982,
	9.6766 5.92982,
	9.67056 5.93284,
	9.64642 5.93963,
	9.59815 5.94491,
	9.58608 5.94264,
	9.58004 5.94038,
	9.57853 5.93887,
	9.5725 5.93736,
	9.54912 5.92379,
	9.54761 5.92228,
	9.5461 5.92228,
	9.54082 5.91775,
	9.53478 5.91473,
	9.52271 5.90644,
	9.5212 5.90644,
	9.50989 5.89738,
	9.50008 5.88531,
	9.49707 5.87928,
	9.49556 5.87777,
	9.49556 5.87626,
	9.49179 5.87023,
	9.49028 5.86419,
	9.48877 5.86118,
	9.48877 5.85816,
	9.48651 5.85212,
	9.485 5.84005,
	9.485 5.82799,
	9.485 5.82195,
	9.485 5.81969,
	"/>
</Transform>

<Transform dim="1"
 xcoef=" 0.130080072309786 1 0 0 0 0"
 ycoef=" 0.116738526431859 0 1 0 0 0">
<Contour name="d020_p17" hidden="false" closed="true" simplified="true" border="1 1 0" fill="1 1 0" mode="11"
 points="11.058 6.28687,
	11.0632 6.28265,
	11.0681 6.27909,
	11.0694 6.27811,
	11.0707 6.27552,
	11.0717 6.27033,
	11.0717 6.25995,
	11.072 6.25477,
	11.0723 6.25347,
	11.073 6.25282,
	11.0739 6.25023,
	11.0739 6.24958,
	11.0759 6.24763,
	11.0769 6.24633,
	11.0775 6.24633,
	11.0778 6.24569,
	11.0804 6.24504,
	11.0811 6.24504,
	11.0817 6.24439,
	11.0869 6.24277,
	11.0882 6.24212,
	11.0986 6.24115,
	11.1038 6.2405,
	11.1245 6.2405,
	11.1453 6.23952,
	11.1557 6.2392,
	11.166 6.23758,
	11.1764 6.23661,
	11.1816 6.23628,
	11.1868 6.23531,
	11.1881 6.23466,
	11.1933 6.23369,
	11.1985 6.23336,
	11.2011 6.23271,
	11.2218 6.23239,
	11.227 6.23174,
	11.2296 6.23142,
	11.2322 6.23174,
	11.2374 6.23401,
	11.2383 6.23498,
	11.239 6.23498,
	11.2403 6.23596,
	11.2507 6.23952,
	11.2533 6.24115,
	11.2539 6.24115,
	11.2549 6.24212,
	11.2597 6.24439,
	11.2649 6.24796,
	11.2675 6.2499,
	11.2688 6.25087,
	11.2695 6.25217,
	11.2708 6.25314,
	11.2724 6.25541,
	11.275 6.25801,
	11.2786 6.26287,
	11.2808 6.26806,
	11.2821 6.27066,
	11.2844 6.28103,
	11.2847 6.29141,
	11.2847 6.2966,
	11.2847 6.29919,
	11.2837 6.30438,
	11.2831 6.30698,
	11.2831 6.30827,
	11.2811 6.31346,
	11.2805 6.31606,
	11.2799 6.31735,
	11.2799 6.318,
	11.2792 6.31865,
	11.2773 6.32384,
	11.2717 6.33422,
	11.2675 6.3394,
	11.2633 6.34362,
	11.2591 6.34848,
	11.2591 6.34913,
	11.2562 6.35432,
	11.2539 6.35951,
	11.2539 6.36016,
	11.2533 6.36081,
	11.251 6.366,
	11.2497 6.36859,
	11.2497 6.36924,
	11.2468 6.3741,
	11.2455 6.3767,
	11.2413 6.38156,
	11.237 6.38578,
	11.2345 6.38772,
	11.2332 6.38902,
	11.2319 6.38967,
	11.2276 6.39453,
	11.2228 6.39875,
	11.2202 6.40037,
	11.215 6.40458,
	11.2124 6.40653,
	11.2114 6.4075,
	11.2108 6.4075,
	11.2066 6.41107,
	11.2043 6.41269,
	11.203 6.41366,
	11.2023 6.41431,
	11.2017 6.41431,
	11.1994 6.41626,
	11.1942 6.41918,
	11.1891 6.42145,
	11.1884 6.4221,
	11.1858 6.42307,
	11.1845 6.42339,
	11.1839 6.42404,
	11.1735 6.42793,
	11.1683 6.42955,
	11.1579 6.43053,
	11.1527 6.43053,
	11.1501 6.4302,
	11.1475 6.42891,
	11.1469 6.42891,
	11.1443 6.42728,
	11.1437 6.42664,
	11.1424 6.42631,
	11.1411 6.42534,
	11.1398 6.42501,
	11.1388 6.42404,
	11.1375 6.42372,
	11.1362 6.42274,
	11.1355 6.42274,
	11.1349 6.4221,
	11.1342 6.4221,
	11.1336 6.42145,
	11.133 6.42145,
	11.1326 6.4208,
	11.132 6.4208,
	11.1313 6.42015,
	11.1307 6.42015,
	11.1255 6.41691,
	11.1164 6.40815,
	11.1151 6.40783,
	11.1103 6.40426,
	11.1051 6.40199,
	11.1028 6.40069,
	11.1015 6.40004,
	11.1008 6.40004,
	11.096 6.39713,
	11.0911 6.39356,
	11.0869 6.38869,
	11.0801 6.37897,
	11.0788 6.37637,
	11.0781 6.37572,
	11.0772 6.37313,
	11.0762 6.36275,
	11.0762 6.35238,
	11.0756 6.342,
	11.0752 6.33681,
	11.0743 6.33162,
	11.0733 6.32903,
	11.0733 6.32773,
	11.0726 6.32643,
	11.0726 6.32578,
	11.0717 6.32449,
	11.0707 6.32189,
	11.07 6.3206,
	11.07 6.31995,
	11.0681 6.31735,
	11.0668 6.31476,
	11.0661 6.31411,
	11.0661 6.31346,
	11.0642 6.31119,
	11.0613 6.306,
	11.0593 6.30081,
	11.0584 6.29822,
	11.058 6.28784,
	11.058 6.28719,
	"/>
</Transform>

<Transform dim="1"
 xcoef=" 0.130080072309786 1 0 0 0 0"
 ycoef=" 0.116738526431859 0 1 0 0 0">
<Contour name="d020_p19" hidden="false" closed="true" simplified="true" border="1 1 0" fill="1 1 0" mode="11"
 points="9.26002 6.37668,
	9.26407 6.36947,
	9.26903 6.36226,
	9.29426 6.33343,
	9.30282 6.31901,
	9.30552 6.31541,
	9.30868 6.3082,
	9.31003 6.3046,
	9.31048 6.3028,
	9.31814 6.28838,
	9.32129 6.28117,
	9.32129 6.28027,
	9.32715 6.27306,
	9.3303 6.26585,
	9.33931 6.25144,
	9.34427 6.24423,
	9.35102 6.23702,
	9.374 6.20819,
	9.3767 6.20458,
	9.38391 6.19782,
	9.38887 6.19062,
	9.39112 6.18701,
	9.39247 6.18521,
	9.39337 6.18161,
	9.39518 6.178,
	9.40058 6.14917,
	9.40148 6.12033,
	9.40148 6.11313,
	9.40374 6.10952,
	9.40419 6.10772,
	9.41004 6.10051,
	9.41725 6.09375,
	9.43167 6.08519,
	9.43527 6.08249,
	9.44203 6.07528,
	9.45329 6.06087,
	9.45825 6.05366,
	9.4623 6.04645,
	9.46546 6.03924,
	9.46771 6.03203,
	9.46861 6.02843,
	9.46906 6.01401,
	9.46816 6.0068,
	9.46816 6.0032,
	9.46816 6.0023,
	9.46636 6.00095,
	9.46185 5.98653,
	9.46095 5.97211,
	9.4605 5.94328,
	9.46185 5.92886,
	9.46275 5.92165,
	9.46501 5.91445,
	9.46546 5.91084,
	9.46546 5.90994,
	9.46771 5.90634,
	9.47176 5.89192,
	9.47492 5.8775,
	9.47582 5.84867,
	9.47627 5.83425,
	9.47717 5.83065,
	9.48393 5.82659,
	9.48753 5.82524,
	9.49474 5.82434,
	9.50195 5.82434,
	9.50375 5.82434,
	9.51096 5.82705,
	9.51456 5.82795,
	9.52898 5.8347,
	9.53258 5.83696,
	9.53619 5.83831,
	9.55061 5.85002,
	9.56412 5.86444,
	9.56773 5.86804,
	9.57764 5.88246,
	9.58935 5.89688,
	9.59521 5.90408,
	9.60196 5.91129,
	9.60557 5.9149,
	9.61999 5.92391,
	9.62719 5.92751,
	9.629 5.92841,
	9.63125 5.93202,
	9.63305 5.93337,
	9.6344 5.93697,
	9.63395 5.95139,
	9.6335 5.95499,
	9.62945 5.9622,
	9.62719 5.96581,
	9.62629 5.96941,
	9.62584 5.97121,
	9.62449 5.97301,
	9.62359 5.97662,
	9.62179 5.98022,
	9.62134 5.98202,
	9.61593 5.98923,
	9.61278 5.99284,
	9.60827 6.00005,
	9.60557 6.00725,
	9.60512 6.01446,
	9.60602 6.02167,
	9.61052 6.03609,
	9.61233 6.0433,
	9.61368 6.05771,
	9.61323 6.07213,
	9.61278 6.07573,
	9.61278 6.07754,
	9.60737 6.09195,
	9.60422 6.09916,
	9.60332 6.10096,
	9.60242 6.10817,
	9.60242 6.11177,
	9.60106 6.11898,
	9.60016 6.1334,
	9.59836 6.14782,
	9.59431 6.16223,
	9.59295 6.16584,
	9.5916 6.16764,
	9.58935 6.17485,
	9.58575 6.18206,
	9.58079 6.18926,
	9.58034 6.19287,
	9.58034 6.19467,
	9.57809 6.19827,
	9.57674 6.20188,
	9.57583 6.20368,
	9.57493 6.20458,
	9.57448 6.20638,
	9.56412 6.2208,
	9.55736 6.22756,
	9.55376 6.23116,
	9.54655 6.23657,
	9.53258 6.24963,
	9.52763 6.25684,
	9.51456 6.27126,
	9.5006 6.28477,
	9.49384 6.29153,
	9.47942 6.3037,
	9.47221 6.30865,
	9.46861 6.31091,
	9.4614 6.31676,
	9.45419 6.32172,
	9.44699 6.32757,
	9.44608 6.32848,
	9.44518 6.32848,
	9.43797 6.33478,
	9.43122 6.34199,
	9.42401 6.3483,
	9.4168 6.35551,
	9.40374 6.36992,
	9.39337 6.38434,
	9.38842 6.39155,
	9.38481 6.39515,
	9.37896 6.40236,
	9.37175 6.40867,
	9.3695 6.41227,
	9.36229 6.41633,
	9.35868 6.41858,
	9.34427 6.42354,
	9.33706 6.42579,
	9.33345 6.42714,
	9.32985 6.42939,
	9.32264 6.43029,
	9.31904 6.43119,
	9.31183 6.43164,
	9.30822 6.43164,
	9.29381 6.42759,
	9.2866 6.42309,
	9.283 6.42083,
	9.28119 6.41993,
	9.27399 6.41362,
	9.27083 6.41047,
	9.26633 6.40326,
	9.26407 6.39966,
	9.26182 6.39245,
	9.26047 6.39065,
	9.26002 6.38344,
	9.26002 6.37984,
	9.26002 6.37803,
	9.26002 6.37713,
	"/>
</Transform>

<Transform dim="1"
 xcoef=" 0.130080072309786 1 0 0 0 0"
 ycoef=" 0.116738526431859 0 1 0 0 0">
<Contour name="d020_p19" hidden="false" closed="true" simplified="true" border="1 1 0" fill="1 1 0" mode="11"
 points="8.88737 7.37744,
	8.88927 7.37363,
	8.89688 7.36697,
	8.91211 7.35746,
	8.91591 7.35556,
	8.91782 7.35556,
	8.92543 7.3508,
	8.92923 7.34985,
	8.93304 7.34699,
	8.96349 7.33653,
	8.97871 7.33463,
	8.99393 7.33558,
	9.00154 7.33748,
	9.00535 7.33938,
	9.00915 7.33938,
	9.02438 7.34509,
	9.02628 7.34699,
	9.03389 7.34985,
	9.03579 7.35175,
	9.0377 7.35175,
	9.05197 7.36031,
	9.05958 7.36507,
	9.07385 7.37934,
	9.07861 7.38695,
	9.07861 7.38886,
	9.08051 7.39076,
	9.08432 7.40598,
	9.08527 7.42121,
	9.08051 7.42882,
	9.06624 7.44119,
	9.05863 7.44594,
	9.05102 7.4488,
	9.04721 7.45165,
	9.03199 7.45641,
	9.02438 7.45926,
	9.02247 7.45926,
	9.02057 7.46117,
	9.01296 7.46307,
	9.01106 7.46307,
	9.00915 7.46497,
	9.00154 7.46592,
	8.98632 7.47068,
	8.97871 7.47354,
	8.94826 7.47449,
	8.94446 7.47354,
	8.94255 7.47354,
	8.94065 7.47163,
	8.93304 7.46878,
	8.92067 7.45546,
	8.91306 7.4488,
	8.90925 7.44594,
	8.90069 7.43167,
	8.89688 7.42406,
	8.88832 7.39361,
	8.88737 7.37839,
	"/>
</Transform>

<Transform dim="1"
 xcoef=" 0.130080072309786 1 0 0 0 0"
 ycoef=" 0.116738526431859 0 1 0 0 0">
<Contour name="d020_p20" hidden="false" closed="true" simplified="true" border="1 1 0" fill="1 1 0" mode="11"
 points="10.1016 5.37989,
	10.1054 5.37316,
	10.1075 5.36979,
	10.1084 5.3681,
	10.1353 5.34284,
	10.142 5.33652,
	10.1454 5.33357,
	10.1589 5.32473,
	10.1656 5.32052,
	10.1791 5.30999,
	10.1926 5.2982,
	10.1989 5.29147,
	10.2086 5.27799,
	10.2132 5.27125,
	10.2162 5.26788,
	10.2178 5.2662,
	10.2343 5.23925,
	10.252 5.2123,
	10.257 5.20556,
	10.2633 5.19882,
	10.2709 5.18535,
	10.2776 5.17187,
	10.2835 5.1584,
	10.2865 5.15166,
	10.2882 5.14829,
	10.2907 5.13482,
	10.292 5.12808,
	10.2936 5.12471,
	10.3067 5.11376,
	10.3134 5.10913,
	10.3269 5.10576,
	10.3303 5.10492,
	10.3437 5.10408,
	10.3572 5.10534,
	10.364 5.10703,
	10.3707 5.10997,
	10.3741 5.11124,
	10.3774 5.11376,
	10.3808 5.11461,
	10.3816 5.11461,
	10.3951 5.12513,
	10.4019 5.13145,
	10.4086 5.13692,
	10.4221 5.14619,
	10.4288 5.1504,
	10.4305 5.15166,
	10.4322 5.15166,
	10.4355 5.15377,
	10.4389 5.15503,
	10.4423 5.15714,
	10.449 5.15924,
	10.4524 5.16135,
	10.4558 5.16261,
	10.4591 5.16303,
	10.4608 5.16303,
	10.4642 5.16514,
	10.4911 5.17103,
	10.4979 5.17145,
	10.5113 5.17103,
	10.5248 5.17272,
	10.5282 5.17356,
	10.5316 5.17356,
	10.5349 5.1744,
	10.5417 5.17777,
	10.545 5.17945,
	10.5585 5.1904,
	10.5652 5.19714,
	10.5749 5.21062,
	10.5783 5.21735,
	10.5796 5.22409,
	10.5787 5.23757,
	10.5787 5.23925,
	10.5749 5.24599,
	10.5703 5.25272,
	10.5686 5.25609,
	10.5665 5.26283,
	10.5627 5.26957,
	10.561 5.27294,
	10.5577 5.27588,
	10.556 5.27673,
	10.5446 5.2902,
	10.5421 5.29357,
	10.5387 5.29694,
	10.5252 5.30705,
	10.4983 5.32263,
	10.4916 5.32599,
	10.4781 5.32978,
	10.4511 5.33484,
	10.4444 5.3361,
	10.441 5.33652,
	10.4275 5.34242,
	10.4208 5.34579,
	10.4073 5.35505,
	10.3804 5.36347,
	10.3736 5.36516,
	10.3703 5.36642,
	10.3635 5.36726,
	10.3501 5.36642,
	10.3433 5.366,
	10.3366 5.36305,
	10.3231 5.35337,
	10.3164 5.34873,
	10.3029 5.34284,
	10.2995 5.342,
	10.2861 5.34073,
	10.2827 5.34031,
	10.2692 5.34284,
	10.2625 5.34579,
	10.2591 5.34705,
	10.2322 5.36305,
	10.2187 5.37063,
	10.2153 5.37274,
	10.2018 5.38411,
	10.2006 5.38579,
	10.1938 5.39,
	10.1804 5.39632,
	10.1669 5.40432,
	10.1534 5.41063,
	10.15 5.41148,
	10.1467 5.41316,
	10.145 5.414,
	10.1416 5.41442,
	10.1383 5.41611,
	10.1248 5.41737,
	10.118 5.41737,
	10.1126 5.41106,
	10.1105 5.40769,
	10.1075 5.40432,
	10.1058 5.40263,
	10.1025 5.3959,
	10.1016 5.38242,
	10.1016 5.38074,
	10.1016 5.38032,
	"/>
</Transform>

<Transform dim="1"
 xcoef=" 0.130080072309786 1 0 0 0 0"
 ycoef=" 0.116738526431859 0 1 0 0 0">
<Contour name="d020_p21_branched" hidden="false" closed="true" simplified="true" border="1 1 0" fill="1 1 0" mode="11"
 points="8.66011 4.77831,
	8.66277 4.77222,
	8.66277 4.77069,
	8.66468 4.76765,
	8.66582 4.7646,
	8.67001 4.75851,
	8.67305 4.75699,
	8.67457 4.75547,
	8.67762 4.75432,
	8.6898 4.75204,
	8.71417 4.75128,
	8.72635 4.75356,
	8.73244 4.75547,
	8.74462 4.76079,
	8.76898 4.77336,
	8.77507 4.77754,
	8.7766 4.77869,
	8.77964 4.77983,
	8.78573 4.78402,
	8.79182 4.7863,
	8.79792 4.79049,
	8.79944 4.79163,
	8.81162 4.7962,
	8.81771 4.79886,
	8.82076 4.80039,
	8.8238 4.80305,
	8.82685 4.80457,
	8.83294 4.80648,
	8.84512 4.81219,
	8.85121 4.81561,
	8.85426 4.81675,
	8.8573 4.81866,
	8.86339 4.82094,
	8.88776 4.83655,
	8.89994 4.84378,
	8.90298 4.84531,
	8.91517 4.85482,
	8.92126 4.85977,
	8.9243 4.86244,
	8.93648 4.87119,
	8.94828 4.88261,
	8.95742 4.89479,
	8.96199 4.90089,
	8.96465 4.90698,
	8.96808 4.91307,
	8.97151 4.92525,
	8.97265 4.93743,
	8.97265 4.94048,
	8.97227 4.942,
	8.97036 4.94504,
	8.96846 4.95723,
	8.96846 4.96332,
	8.96884 4.96636,
	8.96998 4.96941,
	8.97113 4.97093,
	8.97189 4.97398,
	8.97912 4.98616,
	8.98331 4.99225,
	8.98559 4.99529,
	8.99168 5.00748,
	8.99282 5.01052,
	8.99359 5.01204,
	8.99473 5.02423,
	8.99511 5.02727,
	8.99435 5.03945,
	8.99359 5.04554,
	8.99244 5.04859,
	8.99168 5.05468,
	8.99206 5.05773,
	8.9932 5.06077,
	8.99739 5.06686,
	9.00348 5.07219,
	9.00653 5.07486,
	9.00957 5.07638,
	9.0111 5.07676,
	9.01186 5.07676,
	9.013 5.07828,
	9.03736 5.08666,
	9.04345 5.08894,
	9.05564 5.09465,
	9.05868 5.09579,
	9.0602 5.09617,
	9.0663 5.10036,
	9.07848 5.10569,
	9.09066 5.11483,
	9.10284 5.12625,
	9.11236 5.13843,
	9.11426 5.14148,
	9.11464 5.143,
	9.11464 5.14376,
	9.11616 5.14528,
	9.12949 5.16965,
	9.1371 5.18183,
	9.13901 5.18487,
	9.15005 5.19706,
	9.15614 5.20315,
	9.16147 5.20924,
	9.16527 5.21533,
	9.1706 5.22751,
	9.17212 5.23056,
	9.18126 5.24274,
	9.19344 5.2534,
	9.20524 5.2652,
	9.20677 5.26824,
	9.20905 5.27091,
	9.21324 5.28309,
	9.21552 5.28918,
	9.21628 5.2907,
	9.21628 5.29679,
	9.21628 5.29832,
	9.2159 5.29908,
	9.21781 5.30517,
	9.21857 5.31735,
	9.21895 5.32344,
	9.22161 5.32953,
	9.22732 5.33524,
	9.22999 5.33829,
	9.23303 5.34438,
	9.23494 5.34742,
	9.2357 5.35047,
	9.23646 5.35199,
	9.23684 5.35504,
	9.2376 5.35656,
	9.23836 5.36874,
	9.23836 5.38092,
	9.23836 5.38701,
	9.23912 5.39311,
	9.24407 5.40529,
	9.24522 5.40833,
	9.2494 5.41404,
	9.25435 5.41975,
	9.26044 5.42584,
	9.26349 5.42889,
	9.26806 5.43498,
	9.26996 5.44107,
	9.2711 5.44412,
	9.27186 5.4563,
	9.2711 5.48066,
	9.27148 5.48675,
	9.27301 5.4898,
	9.27377 5.49132,
	9.27377 5.5035,
	9.27605 5.51569,
	9.27872 5.52178,
	9.2909 5.53243,
	9.30003 5.54462,
	9.30612 5.5568,
	9.31107 5.58116,
	9.31031 5.59334,
	9.31031 5.59487,
	9.30689 5.60096,
	9.30194 5.60705,
	9.29585 5.61238,
	9.2928 5.61428,
	9.29128 5.61504,
	9.2791 5.62722,
	9.27643 5.63027,
	9.27377 5.63636,
	9.27148 5.64854,
	9.27034 5.65463,
	9.26539 5.66682,
	9.26349 5.66986,
	9.25169 5.68204,
	9.23951 5.69308,
	9.23341 5.69803,
	9.22123 5.70564,
	9.21819 5.70755,
	9.21666 5.70831,
	9.20448 5.71897,
	9.1923 5.72582,
	9.18621 5.7281,
	9.18012 5.72887,
	9.15576 5.72734,
	9.14357 5.72734,
	9.13748 5.72772,
	9.1253 5.73191,
	9.11921 5.73534,
	9.11312 5.73953,
	9.11198 5.74105,
	9.10969 5.75323,
	9.10893 5.76541,
	9.10931 5.7715,
	9.10969 5.77455,
	9.10931 5.77759,
	9.10817 5.78064,
	9.10627 5.78368,
	9.10322 5.78673,
	9.1017 5.78825,
	9.07734 5.80081,
	9.06515 5.80653,
	9.06211 5.80843,
	9.05906 5.80957,
	9.04688 5.81985,
	9.04079 5.82594,
	9.03774 5.82899,
	9.02556 5.83431,
	9.01338 5.84117,
	9.01186 5.84155,
	9.0111 5.84155,
	9.00805 5.84383,
	9.00501 5.84459,
	8.99891 5.84916,
	8.9795 5.87353,
	8.97379 5.87924,
	8.9677 5.88342,
	8.96465 5.88533,
	8.96161 5.88799,
	8.96009 5.88951,
	8.9479 5.89713,
	8.92354 5.90969,
	8.91136 5.9154,
	8.90527 5.91806,
	8.89309 5.92187,
	8.88699 5.92301,
	8.88395 5.92492,
	8.87786 5.92682,
	8.86568 5.93367,
	8.85959 5.93748,
	8.85349 5.93976,
	8.8474 5.94357,
	8.83522 5.94738,
	8.82304 5.95004,
	8.79868 5.95766,
	8.79259 5.95918,
	8.78649 5.95994,
	8.7804 5.95956,
	8.77888 5.95956,
	8.77279 5.95613,
	8.76975 5.95385,
	8.76822 5.95271,
	8.76518 5.95271,
	8.75909 5.95042,
	8.73472 5.947,
	8.72863 5.94509,
	8.72254 5.94014,
	8.72102 5.939,
	8.71797 5.93291,
	8.71721 5.92073,
	8.71721 5.91464,
	8.71721 5.91312,
	8.72026 5.90702,
	8.72026 5.90398,
	8.73701 5.87962,
	8.74614 5.86743,
	8.77051 5.84497,
	8.7766 5.83964,
	8.77964 5.83698,
	8.78117 5.83546,
	8.79335 5.82899,
	8.79487 5.82746,
	8.80096 5.8248,
	8.82532 5.81071,
	8.83751 5.80348,
	8.8436 5.80005,
	8.84664 5.79815,
	8.85273 5.79282,
	8.85426 5.79282,
	8.8573 5.78673,
	8.86035 5.77455,
	8.86225 5.76846,
	8.86948 5.75628,
	8.8809 5.74447,
	8.89309 5.73458,
	8.90527 5.72658,
	8.91136 5.72354,
	8.92354 5.71364,
	8.92887 5.70755,
	8.93115 5.7045,
	8.9323 5.70146,
	8.94295 5.68928,
	8.94714 5.68318,
	8.94943 5.68014,
	8.99815 5.63826,
	9.00424 5.63293,
	9.00729 5.63027,
	9.00805 5.62951,
	9.00805 5.62646,
	9.01528 5.61428,
	9.01947 5.60819,
	9.04384 5.59334,
	9.04993 5.58992,
	9.05297 5.58801,
	9.06515 5.58307,
	9.07734 5.57926,
	9.08343 5.57736,
	9.08952 5.57431,
	9.1017 5.56441,
	9.10779 5.55908,
	9.11997 5.55033,
	9.13215 5.53967,
	9.1352 5.53738,
	9.13672 5.53586,
	9.1489 5.52939,
	9.15499 5.52634,
	9.16718 5.51759,
	9.17327 5.51302,
	9.17745 5.50693,
	9.18316 5.49475,
	9.18583 5.48866,
	9.18735 5.48561,
	9.18849 5.47952,
	9.18849 5.46734,
	9.18773 5.45516,
	9.18583 5.44907,
	9.18545 5.44602,
	9.18316 5.43993,
	9.18012 5.43384,
	9.1706 5.42166,
	9.16794 5.41861,
	9.16413 5.41252,
	9.16261 5.40948,
	9.16185 5.40871,
	9.16147 5.40719,
	9.16032 5.40567,
	9.15804 5.39958,
	9.1569 5.39349,
	9.15652 5.36912,
	9.15652 5.36608,
	9.15499 5.35999,
	9.15499 5.35923,
	9.15423 5.35846,
	9.15271 5.35237,
	9.14966 5.34628,
	9.14662 5.34324,
	9.1451 5.34171,
	9.13901 5.33867,
	9.13291 5.33638,
	9.12987 5.33562,
	9.12911 5.33562,
	9.12759 5.33448,
	9.12149 5.33258,
	9.11845 5.33144,
	9.1154 5.32877,
	9.11236 5.32763,
	9.11084 5.32725,
	9.10817 5.32458,
	9.10512 5.32382,
	9.09903 5.3204,
	9.09294 5.31545,
	9.08076 5.30365,
	9.07772 5.3006,
	9.02899 5.26558,
	9.01681 5.25758,
	9.01072 5.25225,
	8.99853 5.24426,
	8.98673 5.23208,
	8.97722 5.2199,
	8.97303 5.21381,
	8.96313 5.18944,
	8.96199 5.1864,
	8.95438 5.17421,
	8.94867 5.1685,
	8.94372 5.16279,
	8.91935 5.14757,
	8.91783 5.14642,
	8.91478 5.14528,
	8.90869 5.14148,
	8.90565 5.13919,
	8.9026 5.13805,
	8.90184 5.13729,
	8.90032 5.13729,
	8.8988 5.13577,
	8.8927 5.13348,
	8.88966 5.13196,
	8.88814 5.1312,
	8.88661 5.1312,
	8.88052 5.12777,
	8.86834 5.1232,
	8.86263 5.11978,
	8.85959 5.11787,
	8.85654 5.11673,
	8.84436 5.10874,
	8.83218 5.09922,
	8.81999 5.08742,
	8.81428 5.08133,
	8.80934 5.07524,
	8.80781 5.07371,
	8.80096 5.06153,
	8.79487 5.04935,
	8.79335 5.04631,
	8.79297 5.04478,
	8.79106 5.04212,
	8.79068 5.0406,
	8.7884 5.03755,
	8.78573 5.03146,
	8.77926 5.01928,
	8.76099 4.99491,
	8.75109 4.98273,
	8.74614 4.97664,
	8.73434 4.96522,
	8.71074 4.94086,
	8.70503 4.93477,
	8.70236 4.93172,
	8.69818 4.92563,
	8.69627 4.92258,
	8.69551 4.91954,
	8.68828 4.90736,
	8.68561 4.90127,
	8.68371 4.89822,
	8.67914 4.88604,
	8.67724 4.87995,
	8.67648 4.87386,
	8.66963 4.84949,
	8.66506 4.82513,
	8.66277 4.81295,
	8.66201 4.80686,
	8.66049 4.80077,
	8.66011 4.78858,
	8.66011 4.78249,
	8.66011 4.77945,
	8.66011 4.77869,
	"/>
</Transform>

<Transform dim="1"
 xcoef=" 0.130080072309786 1 0 0 0 0"
 ycoef=" 0.116738526431859 0 1 0 0 0">
<Contour name="d020_cfa20" hidden="false" closed="false" simplified="false" border="0 1 0" fill="0 1 0" mode="11"
 points="10.4146 5.16557,
	10.5633 5.2162,
	"/>
</Transform>

<Transform dim="1"
 xcoef=" 0.130080072309786 1 0 0 0 0"
 ycoef=" 0.116738526431859 0 1 0 0 0">
<Contour name="d020_c20" hidden="false" closed="true" simplified="true" border="1 0 0" fill="1 0 0" mode="11"
 points="10.4138 5.16718,
	10.4216 5.14225,
	10.4333 5.13134,
	10.4458 5.129,
	10.4956 5.13913,
	10.5205 5.14614,
	10.533 5.14926,
	10.5392 5.1516,
	10.5642 5.17263,
	10.5688 5.17886,
	10.5712 5.18198,
	10.572 5.19444,
	10.5712 5.20067,
	10.5595 5.2256,
	10.5564 5.23183,
	10.5548 5.23261,
	10.4551 5.19912,
	10.4426 5.19444,
	10.4364 5.19288,
	10.4239 5.18198,
	10.4177 5.17575,
	10.4146 5.17263,
	10.4138 5.16951,
	10.4138 5.16796,
	"/>
</Transform>

<Transform dim="1"
 xcoef=" 11.7944657341159 1 0 0 0 0"
 ycoef=" 14.5333749129881 0 1 0 0 0">
<Image mag="0.00201646" contrast="1.55133" brightness="-0.51" red="true" green="true" blue="true"
 src="150.tif_1.bmp" />
<Contour name="domain1" hidden="false" closed="true" simplified="false" border="1 0 1" fill="1 0 1" mode="11"
 points="0 0,
	16383 0,
	16383 16383,
	0 16383,
	"/>
</Transform>

<Transform dim="1"
 xcoef=" 0.130080072309786 1 0 0 0 0"
 ycoef=" 0.116738526431859 0 1 0 0 0">
<Contour name="d020_cfa21b" hidden="false" closed="false" simplified="false" border="0 1 0" fill="0 1 0" mode="11"
 points="8.68887 4.85479,
	8.71208 4.89896,
	8.73903 4.94164,
	8.82513 5.0532,
	"/>
</Transform>

<Transform dim="1"
 xcoef=" 0.130080072309786 1 0 0 0 0"
 ycoef=" 0.116738526431859 0 1 0 0 0">
<Contour name="d020_c21b" hidden="false" closed="true" simplified="true" border="1 0 0" fill="1 0 0" mode="11"
 points="8.6281 4.8833,
	8.63222 4.86683,
	8.63402 4.86271,
	8.66695 4.85757,
	8.68342 4.85499,
	8.69165 4.85371,
	8.69371 4.85319,
	8.71017 4.85448,
	8.71429 4.85499,
	8.71635 4.85499,
	8.72046 4.85602,
	8.72252 4.85602,
	8.76446 4.92189,
	8.78556 4.95482,
	8.80614 4.98775,
	8.8275 5.02069,
	8.83779 5.03715,
	8.84036 5.04127,
	8.84139 5.04333,
	8.83933 5.04436,
	8.83882 5.04642,
	8.82261 5.05362,
	8.78967 5.06623,
	8.78144 5.06957,
	8.77938 5.07034,
	8.77835 5.07086,
	8.77012 5.0706,
	8.76189 5.06983,
	8.75777 5.06957,
	8.75571 5.06906,
	8.73925 5.05928,
	8.73513 5.05671,
	8.73307 5.05568,
	8.73204 5.05491,
	8.73127 5.05285,
	8.71506 5.03973,
	8.70683 5.03329,
	8.70271 5.02995,
	8.70065 5.02841,
	8.69679 5.02429,
	8.69499 5.02223,
	8.68625 5.00576,
	8.67698 4.9893,
	8.65743 4.95636,
	8.6474 4.9399,
	8.64637 4.93784,
	8.63505 4.90491,
	8.62939 4.88844,
	8.62861 4.88638,
	8.6281 4.88535,
	8.6281 4.88355,
	"/>
</Transform>

<Transform dim="1"
 xcoef=" 0.130080072309786 1 0 0 0 0"
 ycoef=" 0.116738526431859 0 1 0 0 0">
<Contour name="d020_p18" hidden="false" closed="true" simplified="true" border="1 1 0" fill="1 1 0" mode="11"
 points="9.86749 6.45214,
	9.86972 6.4462,
	9.87195 6.44323,
	9.87195 6.44174,
	9.88086 6.43209,
	9.89273 6.42319,
	9.89867 6.41948,
	9.90461 6.41428,
	9.91352 6.40314,
	9.91871 6.39869,
	9.92911 6.38681,
	9.93356 6.38236,
	9.94247 6.37123,
	9.94989 6.35935,
	9.95138 6.35786,
	9.95212 6.35489,
	9.95954 6.34302,
	9.96919 6.33263,
	9.97216 6.33114,
	9.9781 6.33114,
	9.98107 6.33114,
	9.98701 6.33337,
	9.98998 6.33485,
	9.99517 6.34079,
	10.0019 6.35193,
	10.0093 6.37568,
	10.013 6.39943,
	10.0152 6.42319,
	10.013 6.43506,
	10.0093 6.44694,
	10.007 6.45288,
	10.0063 6.45585,
	10.0048 6.45733,
	10.0026 6.46327,
	9.99443 6.47441,
	9.98478 6.48406,
	9.9729 6.49296,
	9.96696 6.49668,
	9.96399 6.49816,
	9.96251 6.49964,
	9.95063 6.50187,
	9.92688 6.50113,
	9.92094 6.4989,
	9.89719 6.4989,
	9.88531 6.49519,
	9.88234 6.49445,
	9.87195 6.48331,
	9.86824 6.47738,
	9.86749 6.45362,
	9.86749 6.45288,
	"/>
</Transform>

<Transform dim="0"
 xcoef=" 0 1 0 0 0 0"
 ycoef=" 0 0 1 0 0 0">
<Contour name="d020_SER_p19" hidden="false" closed="true" simplified="false" border="1 0.502 0" fill="1 0.502 0" mode="11"
 points="9.40853 5.71452,
	9.40853 5.69908,
	9.42397 5.69908,
	9.42397 5.68365,
	9.4394 5.68365,
	9.4394 5.69908,
	9.45484 5.69908,
	9.45484 5.71452,
	9.4394 5.71452,
	9.4394 5.72995,
	9.42397 5.72995,
	9.42397 5.71452,
	"/>
<Contour name="d020_SER_p19" hidden="false" closed="true" simplified="false" border="1 0.502 0" fill="1 0.502 0" mode="11"
 points="9.38345 5.99428,
	9.38345 5.97885,
	9.39888 5.97885,
	9.39888 5.96341,
	9.41432 5.96341,
	9.41432 5.97885,
	9.42975 5.97885,
	9.42975 5.99428,
	9.41432 5.99428,
	9.41432 6.00972,
	9.39888 6.00972,
	9.39888 5.99428,
	"/>
</Transform>

</Section>