<?xml version="1.0"?>
<!DOCTYPE Section SYSTEM "section.dtd">

<Section index="47" thickness="0.052" alignLocked="true">
<Transform dim="1"
 xcoef=" 0.897481061106476 1 0 0 0 0"
 ycoef=" 0.515341751787409 0 1 0 0 0">
<Image mag="0.00201646" contrast="1.4071" brightness="-0.48" red="true" green="true" blue="true"
 src="047____z46.0.tif" />
<Contour name="domain1" hidden="false" closed="true" simplified="false" border="1 0 1" fill="1 0 1" mode="11"
 points="0 0,
	9551 0,
	9551 5063,
	0 5063,
	"/>
</Transform>

<Transform dim="3"
 xcoef=" 1.12594744250648 1.25456401399526 0 0 0 0"
 ycoef=" 0.646529216701765 0 1.25456401399526 0 0 0">
<Contour name="D019" hidden="false" closed="true" simplified="true" border="0 0 1" fill="0 0 1" mode="13"
 points="9.05414 6.09824,
	9.05996 6.07001,
	9.07715 6.04311,
	9.10491 6.01878,
	9.14194 5.99817,
	9.18651 5.98224,
	9.23653 5.97173,
	9.28967 5.96714,
	9.34343 5.96867,
	9.39531 5.97627,
	9.44289 5.98957,
	9.48392 6.00795,
	9.51651 6.03055,
	9.53912 6.05632,
	9.55069 6.08404,
	9.55069 6.11243,
	9.53912 6.14016,
	9.51651 6.16593,
	9.48392 6.18853,
	9.44289 6.20691,
	9.39531 6.22021,
	9.34343 6.2278,
	9.28967 6.22934,
	9.23653 6.22475,
	9.18651 6.21424,
	9.14194 6.19831,
	9.10491 6.17769,
	9.07715 6.15337,
	"/>
</Transform>

<Transform dim="3"
 xcoef=" 1.12594744250648 1.25456401399526 0 0 0 0"
 ycoef=" 0.646529216701765 0 1.25456401399526 0 0 0">
<Contour name="D021" hidden="false" closed="true" simplified="true" border="0 0 1" fill="0 0 1" mode="13"
 points="8.00592 7.80434,
	8.00921 7.76626,
	8.01896 7.72938,
	8.03488 7.69484,
	8.05646 7.66371,
	8.08304 7.63699,
	8.11378 7.61549,
	8.14772 7.59989,
	8.1838 7.59068,
	8.2209 7.58814,
	8.25785 7.59236,
	8.2935 7.60321,
	8.32673 7.62033,
	8.35652 7.64321,
	8.38192 7.67112,
	8.40214 7.70319,
	8.41656 7.73842,
	8.42472 7.77572,
	8.42636 7.8139,
	8.42144 7.85179,
	8.41011 7.8882,
	8.39272 7.92198,
	8.36982 7.95209,
	8.34212 7.97758,
	8.31048 7.99766,
	8.27591 8.0117,
	8.23946 8.01926,
	8.2023 8.02011,
	8.16556 8.01421,
	8.13041 8.00176,
	8.09795 7.98314,
	8.06918 7.95893,
	8.045 7.92989,
	8.02618 7.89693,
	8.01329 7.86108,
	"/>
</Transform>

<Transform dim="3"
 xcoef=" 1.12594744250648 1.25456401399526 0 0 0 0"
 ycoef=" 0.646529216701765 0 1.25456401399526 0 0 0">
<Contour name="D023" hidden="false" closed="true" simplified="true" border="0 0 1" fill="0 0 1" mode="13"
 points="10.5777 5.23137,
	10.5781 5.21343,
	10.5794 5.19554,
	10.5815 5.17775,
	10.5845 5.1601,
	10.5883 5.14264,
	10.5929 5.12541,
	10.5983 5.10848,
	10.6045 5.09186,
	10.6114 5.07563,
	10.6192 5.0598,
	10.6276 5.04444,
	10.6368 5.02958,
	10.6467 5.01525,
	10.6572 5.00151,
	10.6684 4.98838,
	10.6802 4.9759,
	10.6925 4.9641,
	10.7054 4.95301,
	10.7188 4.94267,
	10.7327 4.93311,
	10.747 4.92434,
	10.7617 4.91639,
	10.7767 4.90928,
	10.7921 4.90303,
	10.8077 4.89767,
	10.8236 4.89319,
	10.8397 4.88962,
	10.8559 4.88696,
	10.8722 4.88522,
	10.8886 4.88441,
	10.905 4.88453,
	10.9213 4.88557,
	10.9376 4.88754,
	10.9538 4.89043,
	10.9698 4.89422,
	10.9857 4.89893,
	11.0012 4.90451,
	11.0165 4.91098,
	11.0315 4.9183,
	11.0461 4.92645,
	11.0603 4.93543,
	11.074 4.94519,
	11.0873 4.95572,
	11.1001 4.96698,
	11.1123 4.97895,
	11.1239 4.9916,
	11.1349 5.00489,
	11.1453 5.01878,
	11.155 5.03325,
	11.164 5.04824,
	11.1723 5.06372,
	11.1799 5.07965,
	11.1866 5.09598,
	11.1926 5.11268,
	11.1978 5.1297,
	11.2022 5.14698,
	11.2058 5.16449,
	11.2086 5.18219,
	11.2105 5.20001,
	11.2115 5.21791,
	11.2117 5.23586,
	11.2111 5.25379,
	11.2096 5.27166,
	11.2073 5.28942,
	11.2041 5.30703,
	11.2001 5.32443,
	11.1953 5.34159,
	11.1897 5.35845,
	11.1833 5.37497,
	11.1762 5.39111,
	11.1683 5.40682,
	11.1596 5.42206,
	11.1502 5.43679,
	11.1402 5.45098,
	11.1295 5.46457,
	11.1182 5.47754,
	11.1063 5.48986,
	11.0938 5.50148,
	11.0807 5.51238,
	11.0672 5.52253,
	11.0532 5.5319,
	11.0388 5.54047,
	11.0241 5.54821,
	11.0089 5.5551,
	10.9935 5.56113,
	10.9778 5.56628,
	10.9619 5.57053,
	10.9457 5.57387,
	10.9295 5.5763,
	10.9132 5.57781,
	10.8968 5.57839,
	10.8804 5.57804,
	10.864 5.57676,
	10.8478 5.57457,
	10.8316 5.57145,
	10.8157 5.56742,
	10.7999 5.5625,
	10.7844 5.55669,
	10.7692 5.55001,
	10.7543 5.54248,
	10.7398 5.53412,
	10.7257 5.52495,
	10.7121 5.51499,
	10.6989 5.50428,
	10.6863 5.49283,
	10.6742 5.48069,
	10.6627 5.46788,
	10.6519 5.45443,
	10.6417 5.44039,
	10.6321 5.42579,
	10.6233 5.41068,
	10.6152 5.39508,
	10.6079 5.37904,
	10.6013 5.36261,
	10.5955 5.34583,
	10.5905 5.32875,
	10.5863 5.3114,
	10.5829 5.29384,
	10.5804 5.27611,
	10.5787 5.25826,
	"/>
</Transform>

<Transform dim="3"
 xcoef=" 1.12594744250648 1.25456401399526 0 0 0 0"
 ycoef=" 0.646529216701765 0 1.25456401399526 0 0 0">
<Contour name="D024_edge" hidden="false" closed="true" simplified="true" border="0 0 1" fill="0 0 1" mode="13"
 points="15.3832 12.5136,
	15.3837 12.5005,
	15.3853 12.4875,
	15.3879 12.4746,
	15.3915 12.4619,
	15.3961 12.4496,
	15.4017 12.4376,
	15.4083 12.4261,
	15.4157 12.4152,
	15.424 12.4048,
	15.4331 12.3951,
	15.443 12.3862,
	15.4535 12.378,
	15.4646 12.3706,
	15.4764 12.3641,
	15.4885 12.3585,
	15.5012 12.3539,
	15.5141 12.3502,
	15.5273 12.3475,
	15.5406 12.3459,
	15.5541 12.3452,
	15.5676 12.3456,
	15.5809 12.347,
	15.5942 12.3494,
	15.6072 12.3529,
	15.6199 12.3573,
	15.6322 12.3626,
	15.644 12.3689,
	15.6553 12.376,
	15.666 12.384,
	15.676 12.3928,
	15.6853 12.4023,
	15.6938 12.4125,
	15.7015 12.4233,
	15.7083 12.4347,
	15.7141 12.4465,
	15.719 12.4588,
	15.7229 12.4714,
	15.7257 12.4842,
	15.7276 12.4972,
	15.7284 12.5104,
	15.7281 12.5235,
	15.7268 12.5366,
	15.7244 12.5495,
	15.721 12.5622,
	15.7167 12.5747,
	15.7113 12.5867,
	15.705 12.5983,
	15.6978 12.6094,
	15.6897 12.6199,
	15.6808 12.6298,
	15.6711 12.639,
	15.6607 12.6474,
	15.6497 12.6549,
	15.6382 12.6616,
	15.6261 12.6675,
	15.6136 12.6723,
	15.6007 12.6763,
	15.5876 12.6792,
	15.5743 12.6811,
	15.5608 12.682,
	15.5474 12.6819,
	15.5339 12.6807,
	15.5207 12.6786,
	15.5076 12.6754,
	15.4948 12.6712,
	15.4824 12.6661,
	15.4704 12.6601,
	15.459 12.6531,
	15.4481 12.6453,
	15.438 12.6367,
	15.4285 12.6274,
	15.4198 12.6174,
	15.4119 12.6067,
	15.4049 12.5955,
	15.3988 12.5837,
	15.3937 12.5716,
	15.3896 12.5591,
	15.3864 12.5463,
	15.3843 12.5333,
	"/>
</Transform>

<Transform dim="3"
 xcoef=" 1.12594744250648 1.25456401399526 0 0 0 0"
 ycoef=" 0.646529216701765 0 1.25456401399526 0 0 0">
<Contour name="D025" hidden="false" closed="true" simplified="true" border="0 0 1" fill="0 0 1" mode="13"
 points="5.64819 5.04913,
	5.64904 5.03158,
	5.65158 5.01417,
	5.6558 4.99704,
	5.66165 4.98034,
	5.6691 4.96418,
	5.67808 4.94871,
	5.68852 4.93405,
	5.70033 4.92032,
	5.71343 4.90762,
	5.7277 4.89606,
	5.74303 4.88573,
	5.75929 4.87672,
	5.77636 4.8691,
	5.7941 4.86293,
	5.81237 4.85825,
	5.83101 4.85512,
	5.84988 4.85354,
	5.86883 4.85354,
	5.8877 4.85512,
	5.90635 4.85825,
	5.92461 4.86293,
	5.94235 4.8691,
	5.95942 4.87672,
	5.97569 4.88573,
	5.99102 4.89606,
	6.00529 4.90762,
	6.01838 4.92032,
	6.03019 4.93405,
	6.04063 4.94871,
	6.04961 4.96418,
	6.05706 4.98034,
	6.06291 4.99704,
	6.06713 5.01417,
	6.06967 5.03158,
	6.07052 5.04913,
	6.06967 5.06668,
	6.06713 5.08409,
	6.06291 5.10122,
	6.05706 5.11792,
	6.04961 5.13408,
	6.04063 5.14955,
	6.03019 5.16421,
	6.01838 5.17794,
	6.00529 5.19064,
	5.99102 5.2022,
	5.97569 5.21253,
	5.95942 5.22154,
	5.94235 5.22916,
	5.92461 5.23533,
	5.90635 5.24,
	5.8877 5.24314,
	5.86883 5.24472,
	5.84988 5.24472,
	5.83101 5.24314,
	5.81237 5.24,
	5.7941 5.23533,
	5.77636 5.22916,
	5.75929 5.22154,
	5.74303 5.21253,
	5.7277 5.2022,
	5.71343 5.19064,
	5.70033 5.17794,
	5.68852 5.16421,
	5.67808 5.14955,
	5.6691 5.13408,
	5.66165 5.11792,
	5.6558 5.10122,
	5.65158 5.08409,
	"/>
</Transform>

<Transform dim="3"
 xcoef=" 1.12594744250648 1.25456401399526 0 0 0 0"
 ycoef=" 0.646529216701765 0 1.25456401399526 0 0 0">
<Contour name="D026_edge" hidden="false" closed="true" simplified="true" border="0 0 1" fill="0 0 1" mode="13"
 points="2.76714 5.38143,
	2.76965 5.36445,
	2.77713 5.3477,
	2.7895 5.33138,
	2.80659 5.31572,
	2.82818 5.30091,
	2.85399 5.28715,
	2.88368 5.27462,
	2.91686 5.26348,
	2.9531 5.25389,
	2.99193 5.24595,
	3.03285 5.23978,
	3.07531 5.23546,
	3.11877 5.23304,
	3.16266 5.23255,
	3.2064 5.23401,
	3.24943 5.23738,
	3.29119 5.24264,
	3.33113 5.2497,
	3.36873 5.25849,
	3.4035 5.26887,
	3.43498 5.28072,
	3.46278 5.29389,
	3.48651 5.30819,
	3.50588 5.32345,
	3.52064 5.33947,
	3.53058 5.35603,
	3.53559 5.37293,
	3.53559 5.38993,
	3.53058 5.40683,
	3.52064 5.42339,
	3.50588 5.43941,
	3.48651 5.45467,
	3.46278 5.46898,
	3.43498 5.48214,
	3.4035 5.49399,
	3.36873 5.50438,
	3.33113 5.51316,
	3.29119 5.52022,
	3.24943 5.52548,
	3.2064 5.52886,
	3.16266 5.53031,
	3.11877 5.52983,
	3.07531 5.52741,
	3.03285 5.52308,
	2.99193 5.51691,
	2.9531 5.50898,
	2.91686 5.49938,
	2.88368 5.48824,
	2.85399 5.47571,
	2.82818 5.46196,
	2.80659 5.44715,
	2.7895 5.43148,
	2.77713 5.41517,
	"/>
</Transform>

<Transform dim="3"
 xcoef=" 1.12594744250648 1.25456401399526 0 0 0 0"
 ycoef=" 0.646529216701765 0 1.25456401399526 0 0 0">
<Contour name="D028" hidden="false" closed="true" simplified="true" border="0 0 1" fill="0 0 1" mode="13"
 points="11.2811 9.84736,
	11.2836 9.82793,
	11.2909 9.80906,
	11.3028 9.79129,
	11.3191 9.77513,
	11.3391 9.76105,
	11.3624 9.74945,
	11.3883 9.74067,
	11.4161 9.73496,
	11.4448 9.73249,
	11.4738 9.73331,
	11.5021 9.73742,
	11.529 9.74469,
	11.5537 9.75492,
	11.5755 9.7678,
	11.5937 9.78298,
	11.6078 9.8,
	11.6175 9.81839,
	11.6224 9.83761,
	11.6224 9.85712,
	11.6175 9.87634,
	11.6078 9.89472,
	11.5937 9.91175,
	11.5755 9.92692,
	11.5537 9.93981,
	11.529 9.95003,
	11.5021 9.9573,
	11.4738 9.96141,
	11.4448 9.96224,
	11.4161 9.95976,
	11.3883 9.95405,
	11.3624 9.94527,
	11.3391 9.93368,
	11.3191 9.9196,
	11.3028 9.90344,
	11.2909 9.88567,
	11.2836 9.8668,
	"/>
</Transform>

<Transform dim="3"
 xcoef=" 1.12594744250648 1.25456401399526 0 0 0 0"
 ycoef=" 0.646529216701765 0 1.25456401399526 0 0 0">
<Contour name="D029_edge" hidden="false" closed="true" simplified="true" border="0 0 1" fill="0 0 1" mode="13"
 points="11.8472 11.654,
	11.8484 11.6316,
	11.8522 11.6093,
	11.8584 11.5874,
	11.8671 11.5659,
	11.8782 11.545,
	11.8916 11.5248,
	11.9072 11.5055,
	11.9249 11.4871,
	11.9446 11.4699,
	11.9662 11.4539,
	11.9895 11.4392,
	12.0144 11.426,
	12.0407 11.4143,
	12.0682 11.4041,
	12.0967 11.3957,
	12.1261 11.3889,
	12.1562 11.3839,
	12.1867 11.3808,
	12.2175 11.3794,
	12.2483 11.3798,
	12.279 11.3821,
	12.3093 11.3862,
	12.3391 11.3921,
	12.3681 11.3997,
	12.3962 11.409,
	12.4231 11.4199,
	12.4487 11.4324,
	12.4728 11.4464,
	12.4953 11.4618,
	12.5159 11.4784,
	12.5347 11.4962,
	12.5513 11.515,
	12.5658 11.5348,
	12.5781 11.5554,
	12.588 11.5766,
	12.5954 11.5983,
	12.6004 11.6204,
	12.603 11.6428,
	12.603 11.6652,
	12.6004 11.6875,
	12.5954 11.7096,
	12.588 11.7313,
	12.5781 11.7525,
	12.5658 11.7731,
	12.5513 11.7929,
	12.5347 11.8117,
	12.5159 11.8295,
	12.4953 11.8462,
	12.4728 11.8615,
	12.4487 11.8755,
	12.4231 11.888,
	12.3962 11.8989,
	12.3681 11.9082,
	12.3391 11.9158,
	12.3093 11.9217,
	12.279 11.9258,
	12.2483 11.9281,
	12.2175 11.9285,
	12.1867 11.9271,
	12.1562 11.924,
	12.1261 11.919,
	12.0967 11.9122,
	12.0682 11.9038,
	12.0407 11.8936,
	12.0144 11.8819,
	11.9895 11.8687,
	11.9662 11.854,
	11.9446 11.838,
	11.9249 11.8208,
	11.9072 11.8024,
	11.8916 11.7831,
	11.8782 11.7629,
	11.8671 11.742,
	11.8584 11.7205,
	11.8522 11.6986,
	"/>
</Transform>

<Transform dim="3"
 xcoef=" 1.12594744250648 1.25456401399526 0 0 0 0"
 ycoef=" 0.646529216701765 0 1.25456401399526 0 0 0">
<Contour name="D030_oblique" hidden="false" closed="true" simplified="true" border="0 0 1" fill="0 0 1" mode="13"
 points="11.5637 6.72721,
	11.5653 6.71225,
	11.5699 6.69757,
	11.5775 6.68348,
	11.5879 6.67023,
	11.6009 6.65809,
	11.6163 6.6473,
	11.6338 6.63806,
	11.653 6.63056,
	11.6736 6.62494,
	11.6951 6.62131,
	11.7171 6.61975,
	11.7393 6.62027,
	11.7611 6.62287,
	11.7822 6.62751,
	11.8021 6.63409,
	11.8205 6.64248,
	11.837 6.65251,
	11.8512 6.66401,
	11.863 6.67673,
	11.872 6.69043,
	11.8781 6.70486,
	11.8812 6.71971,
	11.8812 6.73471,
	11.8781 6.74957,
	11.872 6.76399,
	11.863 6.7777,
	11.8512 6.79042,
	11.837 6.80191,
	11.8205 6.81195,
	11.8021 6.82034,
	11.7822 6.82692,
	11.7611 6.83155,
	11.7393 6.83416,
	11.7171 6.83468,
	11.6951 6.83311,
	11.6736 6.82948,
	11.653 6.82386,
	11.6338 6.81636,
	11.6163 6.80713,
	11.6009 6.79633,
	11.5879 6.7842,
	11.5775 6.77095,
	11.5699 6.75685,
	"/>
</Transform>

<Transform dim="3"
 xcoef=" 1.12594744250648 1.25456401399526 0 0 0 0"
 ycoef=" 0.646529216701765 0 1.25456401399526 0 0 0">
<Contour name="D031_oblique" hidden="false" closed="true" simplified="true" border="0 0 1" fill="0 0 1" mode="13"
 points="13.6985 7.6663,
	13.6999 7.63547,
	13.7039 7.60524,
	13.7105 7.5762,
	13.7196 7.54891,
	13.7309 7.52391,
	13.7444 7.50168,
	13.7596 7.48265,
	13.7763 7.4672,
	13.7942 7.45562,
	13.813 7.44814,
	13.8322 7.44491,
	13.8515 7.44599,
	13.8705 7.45136,
	13.8889 7.46091,
	13.9062 7.47445,
	13.9222 7.49174,
	13.9366 7.51242,
	13.949 7.53609,
	13.9592 7.5623,
	13.9671 7.59053,
	13.9724 7.62024,
	13.9751 7.65085,
	13.9751 7.68175,
	13.9724 7.71235,
	13.9671 7.74206,
	13.9592 7.7703,
	13.949 7.7965,
	13.9366 7.82018,
	13.9222 7.84086,
	13.9062 7.85814,
	13.8889 7.87169,
	13.8705 7.88124,
	13.8515 7.88661,
	13.8322 7.88768,
	13.813 7.88445,
	13.7942 7.87698,
	13.7763 7.8654,
	13.7596 7.84995,
	13.7444 7.83092,
	13.7309 7.80869,
	13.7196 7.78369,
	13.7105 7.7564,
	13.7039 7.72736,
	"/>
</Transform>

<Transform dim="3"
 xcoef=" 1.12594744250648 1.25456401399526 0 0 0 0"
 ycoef=" 0.646529216701765 0 1.25456401399526 0 0 0">
<Contour name="D032" hidden="false" closed="true" simplified="true" border="0 0 1" fill="0 0 1" mode="13"
 points="7.28085 5.2995,
	7.28137 5.28592,
	7.28294 5.27243,
	7.28554 5.2591,
	7.28916 5.24601,
	7.29378 5.23326,
	7.29936 5.2209,
	7.30588 5.20903,
	7.3133 5.1977,
	7.32156 5.187,
	7.33063 5.17698,
	7.34044 5.16771,
	7.35093 5.15924,
	7.36204 5.15162,
	7.37371 5.1449,
	7.38585 5.13913,
	7.39841 5.13433,
	7.41129 5.13053,
	7.42443 5.12777,
	7.43775 5.12605,
	7.45115 5.12539,
	7.46456 5.12579,
	7.47791 5.12724,
	7.4911 5.12975,
	7.50405 5.13328,
	7.5167 5.13783,
	7.52895 5.14337,
	7.54075 5.14985,
	7.552 5.15725,
	7.56266 5.16551,
	7.57264 5.17459,
	7.5819 5.18443,
	7.59037 5.19497,
	7.598 5.20614,
	7.60475 5.21789,
	7.61057 5.23013,
	7.61543 5.24279,
	7.6193 5.2558,
	7.62216 5.26908,
	7.62399 5.28254,
	7.62477 5.2961,
	7.62451 5.30968,
	7.6232 5.32321,
	7.62086 5.33658,
	7.61749 5.34973,
	7.61312 5.36258,
	7.60778 5.37504,
	7.60149 5.38704,
	7.59429 5.39851,
	7.58623 5.40938,
	7.57736 5.41958,
	7.56774 5.42904,
	7.55741 5.43772,
	7.54645 5.44555,
	7.53491 5.4525,
	7.52288 5.45851,
	7.51042 5.46356,
	7.49761 5.46761,
	7.48453 5.47063,
	7.47125 5.47261,
	7.45786 5.47354,
	7.44444 5.47341,
	7.43107 5.47221,
	7.41784 5.46997,
	7.40481 5.46669,
	7.39208 5.46239,
	7.37972 5.4571,
	7.36781 5.45085,
	7.35641 5.44368,
	7.3456 5.43563,
	7.33544 5.42675,
	7.326 5.41709,
	7.31733 5.40672,
	7.30948 5.3957,
	7.30251 5.38409,
	7.29645 5.37197,
	7.29135 5.3594,
	7.28723 5.34647,
	7.28411 5.33326,
	7.28203 5.31984,
	"/>
</Transform>

<Transform dim="3"
 xcoef=" 1.12594744250648 1.25456401399526 0 0 0 0"
 ycoef=" 0.646529216701765 0 1.25456401399526 0 0 0">
<Contour name="D033" hidden="false" closed="true" simplified="true" border="0 0 1" fill="0 0 1" mode="13"
 points="14.7816 4.47327,
	14.7823 4.46073,
	14.7842 4.44833,
	14.7874 4.43619,
	14.7919 4.42445,
	14.7975 4.41322,
	14.8042 4.40263,
	14.812 4.39279,
	14.8207 4.3838,
	14.8304 4.37576,
	14.8408 4.36876,
	14.8519 4.36286,
	14.8635 4.35813,
	14.8756 4.35462,
	14.8879 4.35237,
	14.9004 4.3514,
	14.913 4.35173,
	14.9254 4.35334,
	14.9376 4.35622,
	14.9495 4.36035,
	14.9608 4.36567,
	14.9716 4.37213,
	14.9816 4.37966,
	14.9909 4.38819,
	14.9991 4.39761,
	15.0064 4.40784,
	15.0126 4.41876,
	15.0176 4.43027,
	15.0214 4.44222,
	15.024 4.45451,
	15.0253 4.46699,
	15.0253 4.47954,
	15.024 4.49203,
	15.0214 4.50431,
	15.0176 4.51627,
	15.0126 4.52777,
	15.0064 4.53869,
	14.9991 4.54892,
	14.9909 4.55835,
	14.9816 4.56687,
	14.9716 4.57441,
	14.9608 4.58087,
	14.9495 4.58619,
	14.9376 4.59031,
	14.9254 4.59319,
	14.913 4.5948,
	14.9004 4.59513,
	14.8879 4.59416,
	14.8756 4.59191,
	14.8635 4.5884,
	14.8519 4.58367,
	14.8408 4.57777,
	14.8304 4.57077,
	14.8207 4.56273,
	14.812 4.55374,
	14.8042 4.5439,
	14.7975 4.53331,
	14.7919 4.52208,
	14.7874 4.51034,
	14.7842 4.4982,
	"/>
</Transform>

<Transform dim="3"
 xcoef=" 1.12594744250648 1.25456401399526 0 0 0 0"
 ycoef=" 0.646529216701765 0 1.25456401399526 0 0 0">
<Contour name="D034" hidden="false" closed="true" simplified="true" border="0 0 1" fill="0 0 1" mode="13"
 points="11.7139 3.1225,
	11.7146 3.10104,
	11.7167 3.07975,
	11.7202 3.05879,
	11.7251 3.03832,
	11.7314 3.01851,
	11.7389 2.99949,
	11.7476 2.98142,
	11.7575 2.96444,
	11.7685 2.94869,
	11.7805 2.93427,
	11.7934 2.9213,
	11.8071 2.90989,
	11.8214 2.90012,
	11.8364 2.89207,
	11.8519 2.88579,
	11.8677 2.88134,
	11.8837 2.87875,
	11.8999 2.87805,
	11.916 2.87922,
	11.932 2.88228,
	11.9478 2.88719,
	11.9631 2.89392,
	11.978 2.90241,
	11.9922 2.9126,
	12.0057 2.9244,
	12.0184 2.93774,
	12.0301 2.9525,
	12.0408 2.96858,
	12.0504 2.98584,
	12.0589 3.00416,
	12.0661 3.02339,
	12.072 3.04339,
	12.0765 3.06399,
	12.0797 3.08505,
	12.0815 3.1064,
	12.0818 3.12787,
	12.0808 3.1493,
	12.0783 3.17052,
	12.0744 3.19137,
	12.0692 3.21169,
	12.0626 3.23132,
	12.0548 3.25012,
	12.0458 3.26792,
	12.0356 3.28461,
	12.0244 3.30004,
	12.0121 3.31411,
	11.999 3.32669,
	11.9852 3.3377,
	11.9706 3.34705,
	11.9555 3.35466,
	11.9399 3.36049,
	11.9241 3.36447,
	11.908 3.36659,
	11.8918 3.36683,
	11.8757 3.36518,
	11.8598 3.36166,
	11.8441 3.35629,
	11.8289 3.34912,
	11.8142 3.3402,
	11.8001 3.32959,
	11.7868 3.31739,
	11.7744 3.30369,
	11.7629 3.28859,
	11.7524 3.2722,
	11.7431 3.25467,
	11.735 3.23611,
	11.7281 3.21667,
	11.7225 3.19651,
	11.7183 3.17577,
	11.7155 3.15463,
	"/>
</Transform>

<Transform dim="3"
 xcoef=" 1.12594744250648 1.25456401399526 0 0 0 0"
 ycoef=" 0.646529216701765 0 1.25456401399526 0 0 0">
<Contour name="D035" hidden="false" closed="true" simplified="true" border="0 0 1" fill="0 0 1" mode="13"
 points="8.51425 4.05536,
	8.51527 4.0388,
	8.51833 4.02237,
	8.52338 4.00621,
	8.53041 3.99045,
	8.53934 3.97521,
	8.55011 3.96061,
	8.56264 3.94678,
	8.57681 3.93382,
	8.59252 3.92184,
	8.60964 3.91093,
	8.62803 3.90119,
	8.64754 3.89269,
	8.66803 3.8855,
	8.68931 3.87967,
	8.71122 3.87526,
	8.73359 3.8723,
	8.75623 3.87082,
	8.77896 3.87082,
	8.8016 3.8723,
	8.82397 3.87526,
	8.84588 3.87967,
	8.86716 3.8855,
	8.88765 3.89269,
	8.90716 3.90119,
	8.92555 3.91093,
	8.94267 3.92184,
	8.95838 3.93382,
	8.97255 3.94678,
	8.98507 3.96061,
	8.99585 3.97521,
	9.00478 3.99045,
	9.01181 4.00621,
	9.01686 4.02237,
	9.01992 4.0388,
	9.02094 4.05536,
	9.01992 4.07192,
	9.01686 4.08834,
	9.01181 4.1045,
	9.00478 4.12027,
	8.99585 4.13551,
	8.98507 4.15011,
	8.97255 4.16394,
	8.95838 4.1769,
	8.94267 4.18888,
	8.92555 4.19978,
	8.90716 4.20953,
	8.88765 4.21803,
	8.86716 4.22522,
	8.84588 4.23104,
	8.82397 4.23545,
	8.8016 4.23841,
	8.77896 4.2399,
	8.75623 4.2399,
	8.73359 4.23841,
	8.71122 4.23545,
	8.68931 4.23104,
	8.66803 4.22522,
	8.64754 4.21803,
	8.62803 4.20953,
	8.60964 4.19978,
	8.59252 4.18888,
	8.57681 4.1769,
	8.56264 4.16394,
	8.55011 4.15011,
	8.53934 4.13551,
	8.53041 4.12027,
	8.52338 4.1045,
	8.51833 4.08834,
	"/>
</Transform>

<Transform dim="3"
 xcoef=" 1.12594744250648 1.25456401399526 0 0 0 0"
 ycoef=" 0.646529216701765 0 1.25456401399526 0 0 0">
<Contour name="D036" hidden="false" closed="true" simplified="true" border="0 0 1" fill="0 0 1" mode="13"
 points="18.6706 5.34897,
	18.6723 5.32682,
	18.6776 5.30499,
	18.6863 5.28379,
	18.6984 5.26353,
	18.7135 5.24448,
	18.7316 5.22693,
	18.7524 5.21112,
	18.7755 5.19729,
	18.8007 5.18563,
	18.8275 5.1763,
	18.8556 5.16945,
	18.8847 5.16516,
	18.9142 5.1635,
	18.9437 5.1645,
	18.9729 5.16813,
	19.0013 5.17435,
	19.0285 5.18307,
	19.0541 5.19417,
	19.0778 5.20747,
	19.0992 5.22281,
	19.118 5.23994,
	19.1339 5.25864,
	19.1467 5.27863,
	19.1563 5.29962,
	19.1624 5.32132,
	19.1651 5.34342,
	19.1642 5.3656,
	19.1598 5.38754,
	19.1519 5.40892,
	19.1407 5.42945,
	19.1263 5.44883,
	19.1089 5.46678,
	19.0888 5.48304,
	19.0662 5.49739,
	19.0415 5.50961,
	19.0151 5.51953,
	18.9872 5.52702,
	18.9584 5.53195,
	18.929 5.53427,
	18.8994 5.53394,
	18.8701 5.53096,
	18.8414 5.52538,
	18.8139 5.51727,
	18.7879 5.50676,
	18.7637 5.49399,
	18.7417 5.47915,
	18.7222 5.46244,
	18.7056 5.44411,
	18.6919 5.42442,
	18.6815 5.40364,
	18.6745 5.38209,
	"/>
</Transform>

<Transform dim="3"
 xcoef=" 1.12594744250648 1.25456401399526 0 0 0 0"
 ycoef=" 0.646529216701765 0 1.25456401399526 0 0 0">
<Contour name="D038_edge" hidden="false" closed="true" simplified="true" border="0 0 1" fill="0 0 1" mode="13"
 points="9.28178 1.18237,
	9.28315 1.16482,
	9.28727 1.1475,
	9.29407 1.13063,
	9.30346 1.11444,
	9.31533 1.09913,
	9.32951 1.08491,
	9.34583 1.07196,
	9.36406 1.06045,
	9.38398 1.05052,
	9.40532 1.04232,
	9.42781 1.03594,
	9.45115 1.03147,
	9.47504 1.02897,
	9.49916 1.02847,
	9.5232 1.02997,
	9.54685 1.03346,
	9.5698 1.0389,
	9.59175 1.0462,
	9.61241 1.05528,
	9.63152 1.06601,
	9.64883 1.07826,
	9.6641 1.09187,
	9.67715 1.10666,
	9.6878 1.12243,
	9.69591 1.13899,
	9.70137 1.15611,
	9.70412 1.17358,
	9.70412 1.19116,
	9.70137 1.20862,
	9.69591 1.22574,
	9.6878 1.2423,
	9.67715 1.25807,
	9.6641 1.27286,
	9.64883 1.28647,
	9.63152 1.29872,
	9.61241 1.30946,
	9.59175 1.31853,
	9.5698 1.32584,
	9.54685 1.33127,
	9.5232 1.33476,
	9.49916 1.33626,
	9.47504 1.33576,
	9.45115 1.33326,
	9.42781 1.32879,
	9.40532 1.32241,
	9.38398 1.31421,
	9.36406 1.30429,
	9.34583 1.29278,
	9.32951 1.27983,
	9.31533 1.2656,
	9.30346 1.2503,
	9.29407 1.23411,
	9.28727 1.21724,
	"/>
</Transform>

<Transform dim="3"
 xcoef=" 1.12594744250648 1.25456401399526 0 0 0 0"
 ycoef=" 0.646529216701765 0 1.25456401399526 0 0 0">
<Contour name="D039" hidden="false" closed="true" simplified="true" border="0 0 1" fill="0 0 1" mode="13"
 points="14.1639 4.22773,
	14.1685 4.20268,
	14.182 4.17857,
	14.2039 4.15629,
	14.2335 4.13668,
	14.2696 4.12045,
	14.3109 4.10822,
	14.3558 4.10045,
	14.4027 4.09742,
	14.4498 4.09924,
	14.4953 4.10585,
	14.5377 4.117,
	14.5752 4.13228,
	14.6065 4.15111,
	14.6304 4.1728,
	14.6461 4.19653,
	14.6529 4.22143,
	14.6507 4.24656,
	14.6394 4.27099,
	14.6195 4.29381,
	14.5917 4.31416,
	14.5571 4.3313,
	14.517 4.34457,
	14.4728 4.35349,
	14.4263 4.35773,
	14.3791 4.35712,
	14.333 4.35169,
	14.2897 4.34164,
	14.2508 4.32735,
	14.2178 4.30935,
	14.1919 4.2883,
	14.1741 4.265,
	"/>
</Transform>

<Transform dim="3"
 xcoef=" 1.12594744250648 1.25456401399526 0 0 0 0"
 ycoef=" 0.646529216701765 0 1.25456401399526 0 0 0">
<Contour name="D040_edge" hidden="false" closed="true" simplified="true" border="0 0 1" fill="0 0 1" mode="13"
 points="8.31028 2.14762,
	8.3114 2.12868,
	8.31475 2.1099,
	8.3203 2.09144,
	8.32801 2.07346,
	8.33781 2.05611,
	8.34962 2.03955,
	8.36333 2.0239,
	8.37883 2.00931,
	8.39599 1.9959,
	8.41465 1.98379,
	8.43467 1.97307,
	8.45586 1.96384,
	8.47806 1.95618,
	8.50106 1.95016,
	8.52468 1.94582,
	8.54871 1.9432,
	8.57294 1.94232,
	8.59718 1.9432,
	8.62121 1.94582,
	8.64483 1.95016,
	8.66783 1.95618,
	8.69002 1.96384,
	8.71122 1.97307,
	8.73124 1.98379,
	8.7499 1.9959,
	8.76706 2.00931,
	8.78256 2.0239,
	8.79627 2.03955,
	8.80807 2.05611,
	8.81787 2.07346,
	8.82558 2.09144,
	8.83114 2.1099,
	8.83449 2.12868,
	8.83561 2.14762,
	8.83449 2.16657,
	8.83114 2.18535,
	8.82558 2.20381,
	8.81787 2.22179,
	8.80807 2.23914,
	8.79627 2.2557,
	8.78256 2.27135,
	8.76706 2.28594,
	8.7499 2.29935,
	8.73124 2.31146,
	8.71122 2.32218,
	8.69002 2.3314,
	8.66783 2.33906,
	8.64483 2.34509,
	8.62121 2.34943,
	8.59718 2.35205,
	8.57294 2.35293,
	8.54871 2.35205,
	8.52468 2.34943,
	8.50106 2.34509,
	8.47806 2.33906,
	8.45586 2.3314,
	8.43467 2.32218,
	8.41465 2.31146,
	8.39599 2.29935,
	8.37883 2.28594,
	8.36333 2.27135,
	8.34962 2.2557,
	8.33781 2.23914,
	8.32801 2.22179,
	8.3203 2.20381,
	8.31475 2.18535,
	"/>
</Transform>

<Transform dim="3"
 xcoef=" 1.12594744250648 1.25456401399526 0 0 0 0"
 ycoef=" 0.646529216701765 0 1.25456401399526 0 0 0">
<Contour name="D041_oblique" hidden="false" closed="true" simplified="true" border="0 0 1" fill="0 0 1" mode="13"
 points="19.3722 4.63439,
	19.3767 4.60866,
	19.3898 4.58353,
	19.4114 4.55956,
	19.4409 4.5373,
	19.4777 4.51726,
	19.521 4.4999,
	19.5696 4.48562,
	19.6226 4.47475,
	19.6787 4.46752,
	19.7366 4.46411,
	19.795 4.4646,
	19.8526 4.46897,
	19.9081 4.47713,
	19.9601 4.48889,
	20.0075 4.50397,
	20.0492 4.52204,
	20.0842 4.54268,
	20.1118 4.56541,
	20.1314 4.58973,
	20.1424 4.61506,
	20.1446 4.64084,
	20.1379 4.66647,
	20.1226 4.69137,
	20.099 4.71496,
	20.0676 4.73671,
	20.0291 4.75612,
	19.9844 4.77274,
	19.9346 4.7862,
	19.8807 4.79618,
	19.824 4.80247,
	19.7659 4.8049,
	19.7075 4.80344,
	19.6503 4.79811,
	19.5957 4.78903,
	19.5447 4.77642,
	19.4986 4.76055,
	19.4585 4.7418,
	19.4252 4.72059,
	19.3996 4.69741,
	19.3822 4.67279,
	"/>
</Transform>

<Transform dim="3"
 xcoef=" 1.12594744250648 1.25456401399526 0 0 0 0"
 ycoef=" 0.646529216701765 0 1.25456401399526 0 0 0">
<Contour name="D042_edge" hidden="false" closed="true" simplified="true" border="0 0 1" fill="0 0 1" mode="13"
 points="4.44664 4.73189,
	4.44801 4.70621,
	4.45208 4.68066,
	4.45885 4.65536,
	4.46827 4.63045,
	4.48031 4.60604,
	4.4949 4.58226,
	4.51198 4.55922,
	4.53144 4.53704,
	4.55321 4.51584,
	4.57716 4.49571,
	4.60319 4.47676,
	4.63115 4.45908,
	4.66092 4.44275,
	4.69234 4.42787,
	4.72525 4.4145,
	4.7595 4.40272,
	4.79491 4.39257,
	4.83131 4.38412,
	4.86851 4.37739,
	4.90632 4.37243,
	4.94457 4.36927,
	4.98306 4.36791,
	5.0216 4.36836,
	5.05999 4.37063,
	5.09805 4.37469,
	5.13558 4.38053,
	5.1724 4.38813,
	5.20832 4.39744,
	5.24317 4.40841,
	5.27678 4.42099,
	5.30896 4.43513,
	5.33957 4.45074,
	5.36846 4.46775,
	5.39547 4.48608,
	5.42048 4.50563,
	5.44335 4.52631,
	5.46398 4.54802,
	5.48226 4.57064,
	5.4981 4.59406,
	5.51143 4.61817,
	5.52217 4.64285,
	5.53027 4.66797,
	5.53569 4.69341,
	5.53841 4.71904,
	5.53841 4.74473,
	5.53569 4.77036,
	5.53027 4.7958,
	5.52217 4.82092,
	5.51143 4.8456,
	5.4981 4.86971,
	5.48226 4.89314,
	5.46398 4.91576,
	5.44335 4.93746,
	5.42048 4.95814,
	5.39547 4.97769,
	5.36846 4.99602,
	5.33957 5.01303,
	5.30896 5.02865,
	5.27678 5.04278,
	5.24317 5.05537,
	5.20832 5.06634,
	5.1724 5.07564,
	5.13558 5.08324,
	5.09805 5.08908,
	5.05999 5.09315,
	5.0216 5.09541,
	4.98306 5.09587,
	4.94457 5.09451,
	4.90632 5.09134,
	4.86851 5.08638,
	4.83131 5.07966,
	4.79491 5.0712,
	4.7595 5.06106,
	4.72525 5.04927,
	4.69234 5.0359,
	4.66092 5.02102,
	4.63115 5.0047,
	4.60319 4.98702,
	4.57716 4.96806,
	4.55321 4.94794,
	4.53144 4.92673,
	4.51198 4.90455,
	4.4949 4.88152,
	4.48031 4.85774,
	4.46827 4.83333,
	4.45885 4.80841,
	4.45208 4.78312,
	"/>
</Transform>

<Transform dim="3"
 xcoef=" 1.12594744250648 1.25456401399526 0 0 0 0"
 ycoef=" 0.646529216701765 0 1.25456401399526 0 0 0">
<Contour name="D043" hidden="false" closed="true" simplified="true" border="0 0 1" fill="0 0 1" mode="13"
 points="2.53935 9.15751,
	2.54094 9.13538,
	2.54569 9.11351,
	2.55355 9.09216,
	2.56441 9.07159,
	2.57815 9.05205,
	2.59461 9.03377,
	2.61359 9.01696,
	2.63486 9.00183,
	2.65818 8.98856,
	2.68325 8.9773,
	2.70979 8.96819,
	2.73747 8.96134,
	2.76597 8.95683,
	2.79494 8.95471,
	2.82405 8.95502,
	2.85294 8.95773,
	2.88126 8.96284,
	2.90869 8.97026,
	2.93489 8.97992,
	2.95955 8.99169,
	2.98238 9.00545,
	3.0031 9.02101,
	3.02147 9.03821,
	3.03727 9.05683,
	3.0503 9.07665,
	3.06042 9.09743,
	3.06751 9.11893,
	3.07147 9.1409,
	3.07227 9.16306,
	3.06989 9.18515,
	3.06435 9.20691,
	3.05574 9.22809,
	3.04414 9.24842,
	3.0297 9.26767,
	3.01259 9.2856,
	2.99302 9.30201,
	2.97121 9.31669,
	2.94743 9.32948,
	2.92196 9.34021,
	2.89511 9.34876,
	2.86719 9.35503,
	2.83854 9.35895,
	2.8095 9.36046,
	2.78042 9.35955,
	2.75164 9.35623,
	2.72351 9.35055,
	2.69635 9.34255,
	2.67051 9.33236,
	2.64628 9.32007,
	2.62396 9.30585,
	2.6038 9.28986,
	2.58605 9.27228,
	2.57093 9.25334,
	2.55861 9.23326,
	2.54924 9.21227,
	2.54293 9.19063,
	"/>
</Transform>

<Transform dim="3"
 xcoef=" 1.12594744250648 1.25456401399526 0 0 0 0"
 ycoef=" 0.646529216701765 0 1.25456401399526 0 0 0">
<Contour name="D044" hidden="false" closed="true" simplified="true" border="0 0 1" fill="0 0 1" mode="13"
 points="8.90902 10.5151,
	8.91074 10.4857,
	8.91584 10.457,
	8.92418 10.43,
	8.93555 10.4051,
	8.94964 10.3833,
	8.96609 10.3649,
	8.98444 10.3505,
	9.00422 10.3404,
	9.0249 10.3351,
	9.04592 10.3345,
	9.06674 10.3386,
	9.08679 10.3475,
	9.10555 10.3609,
	9.12252 10.3783,
	9.13723 10.3994,
	9.14932 10.4235,
	9.15844 10.4501,
	9.16437 10.4784,
	9.16693 10.5077,
	9.16608 10.5372,
	9.16182 10.566,
	9.15427 10.5936,
	9.14363 10.619,
	9.13018 10.6417,
	9.11429 10.661,
	9.09637 10.6765,
	9.0769 10.6876,
	9.05639 10.6942,
	9.0354 10.696,
	9.01448 10.693,
	8.99418 10.6852,
	8.97505 10.673,
	8.9576 10.6565,
	8.94228 10.6363,
	8.9295 10.6129,
	8.91961 10.5869,
	8.91287 10.5589,
	"/>
</Transform>

<Transform dim="3"
 xcoef=" 1.12594744250648 1.25456401399526 0 0 0 0"
 ycoef=" 0.646529216701765 0 1.25456401399526 0 0 0">
<Contour name="D045_ASPINY_NOCANDIDATES" hidden="false" closed="true" simplified="true" border="0 0 1" fill="0 0 1" mode="13"
 points="4.56201 10.9669,
	4.56245 10.9509,
	4.5638 10.9349,
	4.56604 10.9191,
	4.56916 10.9034,
	4.57315 10.888,
	4.578 10.8729,
	4.58369 10.8581,
	4.5902 10.8437,
	4.5975 10.8298,
	4.60557 10.8164,
	4.61438 10.8035,
	4.62389 10.7912,
	4.63408 10.7796,
	4.64489 10.7687,
	4.6563 10.7585,
	4.66826 10.749,
	4.68073 10.7404,
	4.69366 10.7326,
	4.707 10.7257,
	4.7207 10.7196,
	4.73472 10.7145,
	4.749 10.7103,
	4.76349 10.707,
	4.77814 10.7047,
	4.79289 10.7034,
	4.80768 10.703,
	4.82247 10.7036,
	4.8372 10.7052,
	4.85181 10.7078,
	4.86625 10.7113,
	4.88047 10.7157,
	4.89442 10.7211,
	4.90804 10.7273,
	4.92128 10.7345,
	4.9341 10.7425,
	4.94644 10.7513,
	4.95827 10.7609,
	4.96953 10.7713,
	4.98019 10.7824,
	4.99021 10.7942,
	4.99955 10.8067,
	5.00818 10.8197,
	5.01606 10.8332,
	5.02317 10.8473,
	5.02947 10.8618,
	5.03495 10.8766,
	5.03959 10.8918,
	5.04337 10.9073,
	5.04627 10.923,
	5.04828 10.9389,
	5.0494 10.9549,
	5.04963 10.9709,
	5.04896 10.9869,
	5.04739 11.0028,
	5.04493 11.0186,
	5.04159 11.0342,
	5.03738 11.0496,
	5.03232 11.0646,
	5.02642 11.0793,
	5.01971 11.0936,
	5.01221 11.1074,
	5.00396 11.1207,
	4.99497 11.1334,
	4.98529 11.1455,
	4.97494 11.157,
	4.96397 11.1677,
	4.95242 11.1777,
	4.94033 11.187,
	4.92774 11.1954,
	4.91471 11.203,
	4.90127 11.2097,
	4.88748 11.2155,
	4.87339 11.2204,
	4.85906 11.2244,
	4.84452 11.2274,
	4.82985 11.2294,
	4.81508 11.2305,
	4.80028 11.2307,
	4.7855 11.2298,
	4.7708 11.228,
	4.75622 11.2252,
	4.74183 11.2215,
	4.72768 11.2168,
	4.71381 11.2112,
	4.70028 11.2047,
	4.68714 11.1974,
	4.67443 11.1891,
	4.66221 11.1801,
	4.65052 11.1703,
	4.63941 11.1597,
	4.6289 11.1484,
	4.61905 11.1365,
	4.60989 11.1239,
	4.60144 11.1107,
	4.59375 11.0971,
	4.58684 11.0829,
	4.58074 11.0683,
	4.57547 11.0533,
	4.57105 11.0381,
	4.56749 11.0225,
	4.56481 11.0068,
	4.56302 10.9909,
	"/>
</Transform>

<Transform dim="3"
 xcoef=" 1.12594744250648 1.25456401399526 0 0 0 0"
 ycoef=" 0.646529216701765 0 1.25456401399526 0 0 0">
<Contour name="D047" hidden="false" closed="true" simplified="true" border="0 0 1" fill="0 0 1" mode="13"
 points="7.62425 1.61473,
	7.62584 1.58121,
	7.63061 1.54816,
	7.63849 1.51603,
	7.64936 1.48525,
	7.66308 1.45626,
	7.67946 1.42946,
	7.69828 1.4052,
	7.71927 1.38383,
	7.74214 1.36565,
	7.76658 1.35089,
	7.79226 1.33977,
	7.81881 1.33244,
	7.84588 1.32899,
	7.87309 1.32949,
	7.90007 1.33391,
	7.92644 1.3422,
	7.95184 1.35425,
	7.97592 1.36988,
	7.99835 1.38889,
	8.01882 1.41101,
	8.03705 1.43593,
	8.05278 1.46332,
	8.06581 1.4928,
	8.07594 1.52395,
	8.08305 1.55636,
	8.08703 1.58957,
	8.08783 1.62312,
	8.08544 1.65656,
	8.07988 1.68943,
	8.07125 1.72126,
	8.05965 1.75163,
	8.04524 1.78011,
	8.02823 1.80631,
	8.00885 1.82987,
	7.98736 1.85047,
	7.96406 1.86782,
	7.93928 1.88169,
	7.91335 1.89187,
	7.88663 1.89824,
	7.85949 1.9007,
	7.83231 1.89923,
	7.80545 1.89383,
	7.77929 1.88459,
	7.75418 1.87163,
	7.73049 1.85513,
	7.70852 1.83531,
	7.68858 1.81246,
	7.67096 1.78689,
	7.65588 1.75894,
	7.64356 1.72901,
	7.63417 1.6975,
	7.62784 1.66485,
	"/>
</Transform>

<Transform dim="3"
 xcoef=" 1.12594744250648 1.25456401399526 0 0 0 0"
 ycoef=" 0.646529216701765 0 1.25456401399526 0 0 0">
<Contour name="D048_oblique" hidden="false" closed="true" simplified="true" border="0 0 1" fill="0 0 1" mode="13"
 points="16.2381 7.59963,
	16.239 7.57566,
	16.2416 7.552,
	16.2459 7.52895,
	16.2518 7.50681,
	16.2593 7.48585,
	16.2682 7.46635,
	16.2785 7.44855,
	16.29 7.43269,
	16.3025 7.41897,
	16.316 7.40756,
	16.3302 7.39861,
	16.345 7.39223,
	16.3601 7.38851,
	16.3754 7.38749,
	16.3907 7.38919,
	16.4057 7.39358,
	16.4204 7.40061,
	16.4344 7.41019,
	16.4477 7.42219,
	16.46 7.43647,
	16.4712 7.45283,
	16.4812 7.47107,
	16.4897 7.49096,
	16.4968 7.51224,
	16.5023 7.53464,
	16.5062 7.55787,
	16.5083 7.58164,
	16.5088 7.60563,
	16.5075 7.62955,
	16.5045 7.65309,
	16.4998 7.67594,
	16.4935 7.69782,
	16.4856 7.71843,
	16.4763 7.73753,
	16.4657 7.75486,
	16.454 7.77021,
	16.4412 7.78337,
	16.4275 7.79417,
	16.4131 7.80249,
	16.3983 7.80821,
	16.3831 7.81126,
	16.3677 7.8116,
	16.3525 7.80923,
	16.3375 7.80417,
	16.323 7.79649,
	16.3092 7.78629,
	16.2961 7.77371,
	16.2841 7.75889,
	16.2732 7.74204,
	16.2635 7.72336,
	16.2553 7.7031,
	16.2486 7.68151,
	16.2435 7.65888,
	16.2401 7.63549,
	"/>
</Transform>

<Transform dim="3"
 xcoef=" 1.12594744250648 1.25456401399526 0 0 0 0"
 ycoef=" 0.646529216701765 0 1.25456401399526 0 0 0">
<Contour name="D049" hidden="false" closed="true" simplified="true" border="0 0 1" fill="0 0 1" mode="13"
 points="10.2931 6.70559,
	10.2957 6.6835,
	10.3035 6.66181,
	10.3163 6.6409,
	10.334 6.62114,
	10.3561 6.60289,
	10.3823 6.58647,
	10.4122 6.57218,
	10.4451 6.56027,
	10.4806 6.55095,
	10.5179 6.54439,
	10.5564 6.54071,
	10.5955 6.53997,
	10.6344 6.54218,
	10.6724 6.54732,
	10.7089 6.55527,
	10.7432 6.56591,
	10.7747 6.57904,
	10.8028 6.59443,
	10.827 6.6118,
	10.8469 6.63085,
	10.8622 6.65123,
	10.8725 6.67258,
	10.8777 6.69452,
	10.8777 6.71666,
	10.8725 6.7386,
	10.8622 6.75995,
	10.8469 6.78033,
	10.827 6.79937,
	10.8028 6.81675,
	10.7747 6.83213,
	10.7432 6.84527,
	10.7089 6.8559,
	10.6724 6.86386,
	10.6344 6.86899,
	10.5955 6.87121,
	10.5564 6.87047,
	10.5179 6.86679,
	10.4806 6.86023,
	10.4451 6.85091,
	10.4122 6.839,
	10.3823 6.82471,
	10.3561 6.80829,
	10.334 6.79004,
	10.3163 6.77028,
	10.3035 6.74937,
	"/>
</Transform>

<Transform dim="1"
 xcoef=" 0.228021657990328 1 0 0 0 0"
 ycoef=" 0.158695224532079 0 1 0 0 0">
<Contour name="D049 ax01" hidden="false" closed="true" simplified="false" border="0 1 1" fill="0 1 1" mode="-9"
 points="8.20485 4.78958,
	8.22516 4.76927,
	8.14392 4.68803,
	8.16423 4.66772,
	8.24547 4.74896,
	8.26577 4.72865,
	8.26577 4.78958,
	"/>
</Transform>

<Transform dim="1"
 xcoef=" 0.228021657990328 1 0 0 0 0"
 ycoef=" 0.158695224532079 0 1 0 0 0">
<Contour name="D051 edge" hidden="false" closed="true" simplified="true" border="0 0 1" fill="0 0 1" mode="13"
 points="10.189 1.00546,
	10.1944 0.977284,
	10.2105 0.95088,
	10.2363 0.927906,
	10.2699 0.909805,
	10.3095 0.897714,
	10.3525 0.892392,
	10.3961 0.894176,
	10.4377 0.902951,
	10.4746 0.918167,
	10.5046 0.938868,
	10.5256 0.963753,
	10.5365 0.991258,
	10.5365 1.01966,
	10.5256 1.04716,
	10.5046 1.07205,
	10.4746 1.09275,
	10.4377 1.10796,
	10.3961 1.11674,
	10.3525 1.11852,
	10.3095 1.1132,
	10.2699 1.10111,
	10.2363 1.08301,
	10.2105 1.06003,
	10.1944 1.03363,
	"/>
</Transform>

<Transform dim="1"
 xcoef=" 0.228021657990328 1 0 0 0 0"
 ycoef=" 0.158695224532079 0 1 0 0 0">
<Contour name="D053_edge" hidden="false" closed="true" simplified="true" border="0 0 1" fill="0 0 1" mode="13"
 points="16.8935 2.46912,
	16.8963 2.44356,
	16.9045 2.4196,
	16.9176 2.39876,
	16.9347 2.38234,
	16.9548 2.37137,
	16.9766 2.36654,
	16.9987 2.36816,
	17.0199 2.37612,
	17.0386 2.38993,
	17.0538 2.40871,
	17.0645 2.43128,
	17.07 2.45624,
	17.07 2.482,
	17.0645 2.50695,
	17.0538 2.52953,
	17.0386 2.54831,
	17.0199 2.56211,
	16.9987 2.57007,
	16.9766 2.57169,
	16.9548 2.56686,
	16.9347 2.55589,
	16.9176 2.53947,
	16.9045 2.51863,
	16.8963 2.49468,
	"/>
</Transform>

<Transform dim="1"
 xcoef=" 0.228021657990328 1 0 0 0 0"
 ycoef=" 0.158695224532079 0 1 0 0 0">
<Contour name="D055" hidden="false" closed="true" simplified="true" border="0 0 1" fill="0 0 1" mode="13"
 points="1.1477 1.07749,
	1.15442 1.04786,
	1.17393 1.02113,
	1.20431 0.999922,
	1.2426 0.986304,
	1.28504 0.981611,
	1.32747 0.986304,
	1.36576 0.999922,
	1.39614 1.02113,
	1.41565 1.04786,
	1.42237 1.07749,
	1.41565 1.10711,
	1.39614 1.13384,
	1.36576 1.15505,
	1.32747 1.16867,
	1.28504 1.17336,
	1.2426 1.16867,
	1.20431 1.15505,
	1.17393 1.13384,
	"/>
</Transform>

<Transform dim="1"
 xcoef=" 0.228021657990328 1 0 0 0 0"
 ycoef=" 0.158695224532079 0 1 0 0 0">
<Contour name="D020_ax01" hidden="false" closed="true" simplified="false" border="0 1 1" fill="0 1 1" mode="11"
 points="11.1124 7.7765,
	11.1233 7.76562,
	11.0798 7.7221,
	11.0907 7.71123,
	11.1342 7.75474,
	11.1451 7.74386,
	11.1451 7.7765,
	"/>
</Transform>

<Transform dim="1"
 xcoef=" 0.228021657990328 1 0 0 0 0"
 ycoef=" 0.158695224532079 0 1 0 0 0">
<Contour name="D028_ax01_SPINE" hidden="false" closed="true" simplified="false" border="0 1 1" fill="0 1 1" mode="11"
 points="6.9595 5.22375,
	6.97376 5.20949,
	6.91672 5.15245,
	6.93098 5.13819,
	6.98802 5.19523,
	7.00228 5.18097,
	7.00228 5.22375,
	"/>
</Transform>

<Transform dim="1"
 xcoef=" 0.228021657990328 1 0 0 0 0"
 ycoef=" 0.158695224532079 0 1 0 0 0">
<Contour name="D046" hidden="false" closed="true" simplified="true" border="0 0 1" fill="0 0 1" mode="13"
 points="11.9532 2.11406,
	11.9539 2.10389,
	11.9559 2.09383,
	11.9593 2.08398,
	11.964 2.07445,
	11.9699 2.06533,
	11.9769 2.05674,
	11.9851 2.04875,
	11.9943 2.04146,
	12.0045 2.03493,
	12.0154 2.02924,
	12.027 2.02446,
	12.0393 2.02062,
	12.0519 2.01777,
	12.0649 2.01595,
	12.0781 2.01516,
	12.0913 2.01542,
	12.1043 2.01673,
	12.1172 2.01907,
	12.1296 2.02242,
	12.1416 2.02674,
	12.1529 2.03198,
	12.1634 2.03809,
	12.1731 2.04501,
	12.1818 2.05266,
	12.1895 2.06097,
	12.196 2.06983,
	12.2013 2.07916,
	12.2053 2.08887,
	12.208 2.09884,
	12.2093 2.10897,
	12.2093 2.11916,
	12.208 2.12929,
	12.2053 2.13926,
	12.2013 2.14897,
	12.196 2.1583,
	12.1895 2.16716,
	12.1818 2.17547,
	12.1731 2.18312,
	12.1634 2.19004,
	12.1529 2.19615,
	12.1416 2.20139,
	12.1296 2.20571,
	12.1172 2.20906,
	12.1043 2.2114,
	12.0913 2.21271,
	12.0781 2.21297,
	12.0649 2.21218,
	12.0519 2.21036,
	12.0393 2.20751,
	12.027 2.20367,
	12.0154 2.19889,
	12.0045 2.1932,
	11.9943 2.18667,
	11.9851 2.17938,
	11.9769 2.17139,
	11.9699 2.1628,
	11.964 2.15368,
	11.9593 2.14415,
	11.9559 2.1343,
	"/>
</Transform>

<Transform dim="1"
 xcoef=" 0.228021657990328 1 0 0 0 0"
 ycoef=" 0.158695224532079 0 1 0 0 0">
<Contour name="d046_o12_branched" hidden="false" closed="true" simplified="false" border="1 0 0" fill="1 0 0" mode="-13"
 points="12.4372 2.13854,
	12.4695 2.13854,
	12.4533 2.1682,
	"/>
</Transform>

<Transform dim="1"
 xcoef=" -0.206690311544714 1 0 0 0 0"
 ycoef=" -0.897654861438071 0 1 0 0 0">
<Contour name="d046_p12_branched" hidden="false" closed="true" simplified="true" border="1 1 0" fill="1 1 0" mode="11"
 points="12.0373 0.932234,
	12.0377 0.931867,
	12.0494 0.942494,
	12.0553 0.947625,
	12.0582 0.949457,
	12.0597 0.950556,
	12.0655 0.952388,
	12.0773 0.954221,
	12.1007 0.956786,
	12.1124 0.958251,
	12.1154 0.958251,
	12.1212 0.959717,
	12.1242 0.96045,
	12.1359 0.959351,
	12.1418 0.958618,
	12.1447 0.958251,
	12.1681 0.948357,
	12.1711 0.946892,
	12.1828 0.943594,
	12.2063 0.938463,
	12.2121 0.936998,
	12.2238 0.936631,
	12.2297 0.936265,
	12.2356 0.936631,
	12.2385 0.936631,
	12.2502 0.939196,
	12.262 0.943227,
	12.2737 0.95019,
	12.2854 0.957885,
	12.2913 0.962282,
	12.303 0.972909,
	12.3045 0.974375,
	12.3125 0.986101,
	12.3166 0.991964,
	12.318 0.994896,
	12.3239 0.99966,
	12.3356 1.00772,
	12.3415 1.01139,
	12.3444 1.01358,
	12.3503 1.01688,
	12.362 1.02165,
	12.3679 1.02201,
	12.3796 1.02165,
	12.403 1.01835,
	12.4089 1.01725,
	12.4206 1.01835,
	12.4324 1.02091,
	12.4382 1.02275,
	12.4397 1.02311,
	12.4455 1.02751,
	12.4485 1.03007,
	12.4499 1.03081,
	12.4606 1.05426,
	12.4653 1.06599,
	12.4694 1.07771,
	12.4701 1.08358,
	12.4705 1.08651,
	12.4683 1.09823,
	12.4668 1.1041,
	12.4661 1.10703,
	12.4657 1.10849,
	12.4661 1.11143,
	12.465 1.11729,
	12.4642 1.11875,
	12.4584 1.12388,
	12.4554 1.12608,
	12.4437 1.13195,
	12.4378 1.13488,
	12.4261 1.13891,
	12.4144 1.14221,
	12.3909 1.1455,
	12.3792 1.1466,
	12.3558 1.14697,
	12.3499 1.1477,
	12.3382 1.15027,
	12.3147 1.1521,
	12.303 1.15283,
	12.2913 1.1543,
	12.2883 1.1543,
	12.2649 1.16053,
	12.262 1.1609,
	12.2502 1.16712,
	12.2444 1.17116,
	12.2385 1.17702,
	12.2356 1.17995,
	12.2319 1.18581,
	12.2308 1.18874,
	12.2271 1.19461,
	12.2253 1.19754,
	12.2227 1.2034,
	12.2176 1.20927,
	12.215 1.2122,
	12.2092 1.2155,
	12.2085 1.21623,
	12.1967 1.22099,
	12.1909 1.22282,
	12.1674 1.22466,
	12.1615 1.22429,
	12.1498 1.22246,
	12.1381 1.22319,
	12.1322 1.22392,
	12.1264 1.22649,
	12.1205 1.23015,
	12.1146 1.23455,
	12.1088 1.23968,
	12.1066 1.24261,
	12.1062 1.24408,
	12.1007 1.24957,
	12.0993 1.25104,
	12.0784 1.20414,
	12.0754 1.19827,
	12.0633 1.15137,
	12.0619 1.1455,
	12.0571 1.0986,
	12.0545 1.07515,
	12.0454 1.02824,
	12.0377 0.981337,
	12.0373 0.934433,
	12.0373 0.932967,
	12.0373 0.9326,
	"/>
</Transform>

<Transform dim="1"
 xcoef=" -0.005504298770377 1 0 0 0 0"
 ycoef=" -0.269710639748473 0 1 0 0 0">
<Contour name="d046" hidden="false" closed="true" simplified="true" border="1 1 0" fill="1 1 0" mode="11"
 points="11.3924 1.65481,
	11.4109 1.58527,
	11.4228 1.5505,
	11.4272 1.54181,
	11.4413 1.52442,
	11.4489 1.51573,
	11.4663 1.50161,
	11.4837 1.48422,
	11.4924 1.47553,
	11.5098 1.4614,
	11.5272 1.45271,
	11.5445 1.44619,
	11.5619 1.44402,
	11.5706 1.44293,
	11.6054 1.44619,
	11.6228 1.44728,
	11.6315 1.44619,
	11.6358 1.44619,
	11.6706 1.43207,
	11.7054 1.41577,
	11.7227 1.40599,
	11.7575 1.38209,
	11.7749 1.37231,
	11.8097 1.35601,
	11.827 1.3484,
	11.8357 1.34406,
	11.8401 1.3408,
	11.8575 1.33645,
	11.8749 1.33428,
	11.8922 1.33971,
	11.9009 1.34406,
	11.9172 1.36144,
	11.9314 1.37883,
	11.9379 1.38752,
	11.9466 1.39404,
	11.9553 1.39838,
	11.99 1.40164,
	11.9987 1.40056,
	12.0074 1.40164,
	12.0161 1.4049,
	12.0324 1.4212,
	12.0411 1.42881,
	12.0759 1.44293,
	12.0932 1.45054,
	12.1106 1.46032,
	12.1454 1.48422,
	12.1628 1.49617,
	12.1976 1.51682,
	12.2149 1.5266,
	12.2236 1.53203,
	12.228 1.53529,
	12.2323 1.54398,
	12.2334 1.54833,
	12.2465 1.56571,
	12.2638 1.57114,
	12.2812 1.5744,
	12.316 1.58418,
	12.3247 1.58636,
	12.3334 1.5907,
	12.3421 1.59179,
	12.3464 1.59396,
	12.3551 1.59396,
	12.3638 1.59831,
	12.3801 1.61135,
	12.3844 1.61461,
	12.3866 1.61678,
	12.3888 1.61678,
	12.3931 1.62113,
	12.3953 1.62221,
	12.3953 1.62438,
	12.4116 1.64068,
	12.4181 1.64938,
	12.4225 1.65807,
	12.4246 1.66241,
	12.4268 1.69718,
	12.4257 1.71457,
	12.4149 1.74934,
	12.4094 1.76672,
	12.4083 1.77107,
	12.4051 1.77541,
	12.404 1.77976,
	12.3986 1.78845,
	12.3964 1.79063,
	12.3953 1.79497,
	12.3888 1.80366,
	12.3812 1.82105,
	12.3757 1.82974,
	12.3671 1.83735,
	12.3497 1.84821,
	12.341 1.85582,
	12.3236 1.8656,
	12.3149 1.87103,
	12.3106 1.87212,
	12.3019 1.87864,
	12.278 1.91341,
	12.2747 1.91775,
	12.2399 1.93622,
	12.2312 1.93948,
	12.2139 1.94926,
	12.1791 1.96121,
	12.1443 1.96991,
	12.1269 1.97751,
	12.1182 1.98294,
	12.1139 1.98512,
	12.0965 2.00142,
	12.0878 2.00902,
	12.0704 2.0188,
	12.0617 2.02315,
	12.0574 2.02532,
	12.0226 2.02858,
	12.0052 2.02967,
	11.9965 2.03075,
	11.9922 2.03075,
	11.9748 2.03945,
	11.94 2.04922,
	11.9227 2.05031,
	11.9053 2.04162,
	11.8966 2.03836,
	11.8792 2.03727,
	11.8618 2.03836,
	11.8444 2.03727,
	11.8357 2.03619,
	11.801 2.02641,
	11.6619 1.99816,
	11.6271 1.99055,
	11.6184 1.98946,
	11.5837 1.97643,
	11.5793 1.97534,
	11.5619 1.96339,
	11.5445 1.94926,
	11.5098 1.91775,
	11.4935 1.90145,
	11.4793 1.88407,
	11.4707 1.87538,
	11.4565 1.85799,
	11.4457 1.84061,
	11.4381 1.82322,
	11.4326 1.78845,
	11.4305 1.77107,
	11.4305 1.76238,
	11.425 1.74499,
	11.4239 1.74065,
	11.412 1.72326,
	11.4044 1.71457,
	11.4011 1.71022,
	11.3989 1.70805,
	11.3946 1.69066,
	11.3924 1.65589,
	"/>
</Transform>

<Transform dim="1"
 xcoef=" -0.005504298770377 1 0 0 0 0"
 ycoef=" -0.269710639748473 0 1 0 0 0">
<Contour name="d046_checked" hidden="false" closed="true" simplified="false" border="0 1 0" fill="0 1 0" mode="-13"
 points="12.2039 1.73721,
	12.2136 1.72369,
	12.2039 1.71017,
	12.2097 1.71017,
	12.2174 1.72176,
	12.2251 1.71017,
	12.2309 1.71017,
	12.2213 1.72369,
	12.2309 1.73721,
	12.2251 1.73721,
	12.2174 1.72562,
	12.2097 1.73721,
	"/>
</Transform>

<Transform dim="1"
 xcoef=" -0.005504298770377 1 0 0 0 0"
 ycoef=" -0.269710639748473 0 1 0 0 0">
<Contour name="D046_ax01" hidden="false" closed="true" simplified="false" border="0 1 1" fill="0 1 1" mode="-11"
 points="15.7019 0.793121,
	15.7162 0.778836,
	15.659 0.721694,
	15.6733 0.707409,
	15.7305 0.76455,
	15.7447 0.750265,
	15.7447 0.793121,
	"/>
</Transform>

<Transform dim="1"
 xcoef=" -0.005504298770377 1 0 0 0 0"
 ycoef=" -0.269710639748473 0 1 0 0 0">
<Contour name="D046 ax01??" hidden="false" closed="true" simplified="false" border="1 1 0" fill="1 1 0" mode="11"
 points="7.8185 5.51889,
	7.79543 5.51889,
	7.79543 5.53043,
	7.80696 5.54196,
	7.84158 5.5535,
	7.8185 5.56504,
	7.80696 5.58811,
	7.78389 5.56504,
	7.77235 5.54196,
	7.77235 5.51889,
	7.74928 5.51889,
	7.78389 5.49581,
	"/>
</Transform>

<Transform dim="1"
 xcoef=" -0.005504298770377 1 0 0 0 0"
 ycoef=" -0.269710639748473 0 1 0 0 0">
<Contour name="D037" hidden="false" closed="true" simplified="true" border="0 0 1" fill="0 0 1" mode="11"
 points="15.0355 1.20859,
	15.0368 1.1928,
	15.0407 1.17738,
	15.047 1.16269,
	15.0557 1.14908,
	15.0665 1.13686,
	15.0792 1.12633,
	15.0935 1.11772,
	15.109 1.11124,
	15.1254 1.10704,
	15.1423 1.10523,
	15.1593 1.10583,
	15.1759 1.10885,
	15.1919 1.1142,
	15.2069 1.12177,
	15.2204 1.13137,
	15.2322 1.14278,
	15.2419 1.15573,
	15.2495 1.16992,
	15.2546 1.18502,
	15.2572 1.20067,
	15.2572 1.2165,
	15.2546 1.23215,
	15.2495 1.24725,
	15.2419 1.26144,
	15.2322 1.2744,
	15.2204 1.28581,
	15.2069 1.29541,
	15.1919 1.30297,
	15.1759 1.30832,
	15.1593 1.31134,
	15.1423 1.31194,
	15.1254 1.31013,
	15.109 1.30593,
	15.0935 1.29945,
	15.0792 1.29085,
	15.0665 1.28031,
	15.0557 1.26809,
	15.047 1.25448,
	15.0407 1.23979,
	15.0368 1.22438,
	"/>
</Transform>

<Transform dim="1"
 xcoef=" -0.005504298770377 1 0 0 0 0"
 ycoef=" -0.269710639748473 0 1 0 0 0">
<Contour name="D020" hidden="false" closed="true" simplified="true" border="0 0 1" fill="0 0 1" mode="11"
 points="10.2566 6.2536,
	10.2582 6.2398,
	10.2626 6.22637,
	10.27 6.21367,
	10.28 6.20202,
	10.2924 6.19175,
	10.3069 6.18312,
	10.323 6.17636,
	10.3405 6.17166,
	10.3587 6.16913,
	10.3772 6.16885,
	10.3955 6.17082,
	10.4132 6.17499,
	10.4297 6.18125,
	10.4446 6.18943,
	10.4576 6.19931,
	10.4682 6.21064,
	10.4762 6.22311,
	10.4815 6.2364,
	10.4837 6.25013,
	10.483 6.26396,
	10.4792 6.27752,
	10.4726 6.29044,
	10.4632 6.30238,
	10.4514 6.31302,
	10.4374 6.32209,
	10.4216 6.32933,
	10.4044 6.33456,
	10.3864 6.33764,
	10.3679 6.33849,
	10.3495 6.33708,
	10.3316 6.33345,
	10.3148 6.3277,
	10.2994 6.31998,
	10.2859 6.3105,
	10.2747 6.2995,
	10.266 6.28729,
	10.26 6.27418,
	"/>
</Transform>

<Transform dim="1"
 xcoef=" -0.005504298770377 1 0 0 0 0"
 ycoef=" -0.269710639748473 0 1 0 0 0">
<Contour name="D060_large" hidden="false" closed="true" simplified="true" border="0 0 1" fill="0 0 1" mode="11"
 points="2.53171 2.2401,
	2.53377 2.22347,
	2.5398 2.20808,
	2.54935 2.19506,
	2.56172 2.18538,
	2.57598 2.17976,
	2.59108 2.17862,
	2.6059 2.18203,
	2.61934 2.18975,
	2.6304 2.20121,
	2.63827 2.21555,
	2.64235 2.23171,
	2.64235 2.24849,
	2.63827 2.26465,
	2.6304 2.27899,
	2.61934 2.29044,
	2.6059 2.29817,
	2.59108 2.30158,
	2.57598 2.30044,
	2.56172 2.29482,
	2.54935 2.28514,
	2.5398 2.27212,
	2.53377 2.25673,
	"/>
</Transform>

<Transform dim="1"
 xcoef=" -0.005504298770377 1 0 0 0 0"
 ycoef=" -0.269710639748473 0 1 0 0 0">
<Contour name="D022" hidden="false" closed="true" simplified="true" border="0 0 1" fill="0 0 1" mode="11"
 points="15.4338 6.19111,
	15.4346 6.17963,
	15.4371 6.16833,
	15.4412 6.1574,
	15.4469 6.14699,
	15.4541 6.13728,
	15.4626 6.12842,
	15.4723 6.12054,
	15.4831 6.11378,
	15.4948 6.10824,
	15.5072 6.10401,
	15.5201 6.10115,
	15.5333 6.09971,
	15.5467 6.09971,
	15.5599 6.10115,
	15.5728 6.10401,
	15.5853 6.10824,
	15.5969 6.11378,
	15.6077 6.12054,
	15.6175 6.12842,
	15.626 6.13728,
	15.6331 6.14699,
	15.6388 6.1574,
	15.6429 6.16833,
	15.6454 6.17963,
	15.6463 6.19111,
	15.6454 6.20259,
	15.6429 6.21389,
	15.6388 6.22483,
	15.6331 6.23523,
	15.626 6.24495,
	15.6175 6.25381,
	15.6077 6.26168,
	15.5969 6.26844,
	15.5853 6.27398,
	15.5728 6.27822,
	15.5599 6.28108,
	15.5467 6.28252,
	15.5333 6.28252,
	15.5201 6.28108,
	15.5072 6.27822,
	15.4948 6.27398,
	15.4831 6.26844,
	15.4723 6.26168,
	15.4626 6.25381,
	15.4541 6.24495,
	15.4469 6.23523,
	15.4412 6.22483,
	15.4371 6.21389,
	"/>
</Transform>

<Transform dim="0"
 xcoef=" 0 1 0 0 0 0"
 ycoef=" 0 0 1 0 0 0">
<Contour name="d020" hidden="false" closed="true" simplified="true" border="1 1 0" fill="1 1 0" mode="11"
 points="10.1172 6.6693,
	10.1193 6.66719,
	10.1209 6.66298,
	10.1235 6.65876,
	10.1246 6.65666,
	10.1256 6.6556,
	10.1256 6.65455,
	10.133 6.64612,
	10.1446 6.62927,
	10.1493 6.61241,
	10.1514 6.60399,
	10.152 6.59977,
	10.1535 6.59767,
	10.1604 6.56396,
	10.162 6.55974,
	10.1625 6.55131,
	10.1625 6.5471,
	10.1651 6.53867,
	10.1662 6.53446,
	10.1662 6.53235,
	10.1714 6.52392,
	10.1778 6.5155,
	10.1815 6.50707,
	10.1815 6.50496,
	10.183 6.50286,
	10.1857 6.49443,
	10.1872 6.49021,
	10.1878 6.48811,
	10.1894 6.486,
	10.1899 6.48389,
	10.1962 6.47547,
	10.2115 6.45861,
	10.2278 6.44228,
	10.242 6.42543,
	10.2441 6.42332,
	10.2468 6.41911,
	10.2536 6.41068,
	10.2557 6.40857,
	10.2615 6.40015,
	10.2631 6.39804,
	10.2636 6.39593,
	10.2663 6.39172,
	10.2673 6.38961,
	10.2684 6.38856,
	10.2684 6.3875,
	10.2715 6.38329,
	10.272 6.38118,
	10.2836 6.36433,
	10.2847 6.36222,
	10.2994 6.34537,
	10.3068 6.33694,
	10.31 6.33273,
	10.3184 6.32693,
	10.3226 6.32483,
	10.3247 6.32377,
	10.3331 6.32325,
	10.3416 6.32377,
	10.35 6.32641,
	10.3521 6.32746,
	10.3605 6.33483,
	10.3674 6.34326,
	10.3711 6.34747,
	10.3753 6.35011,
	10.3837 6.35063,
	10.3879 6.348,
	10.3964 6.3401,
	10.4006 6.33641,
	10.4032 6.3322,
	10.4032 6.33115,
	10.4111 6.32325,
	10.4148 6.32008,
	10.419 6.3185,
	10.4211 6.31692,
	10.4232 6.3164,
	10.4253 6.31482,
	10.4274 6.31429,
	10.4295 6.31271,
	10.4464 6.30692,
	10.4506 6.30586,
	10.4675 6.30639,
	10.4717 6.30797,
	10.4801 6.3085,
	10.4812 6.3085,
	10.4833 6.31008,
	10.4917 6.31271,
	10.4959 6.31587,
	10.498 6.31692,
	10.5043 6.32535,
	10.5091 6.33378,
	10.5101 6.33589,
	10.5143 6.3401,
	10.5186 6.34168,
	10.527 6.34221,
	10.5438 6.34168,
	10.5523 6.34115,
	10.5691 6.34273,
	10.5712 6.34273,
	10.5754 6.34431,
	10.5797 6.34484,
	10.5881 6.34747,
	10.5902 6.34747,
	10.5986 6.35116,
	10.607 6.3559,
	10.6081 6.3559,
	10.6165 6.36275,
	10.6234 6.37065,
	10.6271 6.37486,
	10.6313 6.38329,
	10.6381 6.39172,
	10.6397 6.40015,
	10.6407 6.417,
	10.6407 6.42543,
	10.6386 6.43386,
	10.6371 6.43807,
	10.6365 6.44228,
	10.6365 6.44334,
	10.6355 6.44439,
	10.6339 6.45282,
	10.6323 6.45703,
	10.6307 6.45914,
	10.6297 6.46335,
	10.6255 6.47178,
	10.6192 6.48021,
	10.6155 6.48442,
	10.6055 6.50128,
	10.6002 6.5097,
	10.5949 6.52656,
	10.5933 6.53499,
	10.5881 6.55184,
	10.5849 6.56027,
	10.5812 6.57712,
	10.5754 6.59398,
	10.5723 6.60241,
	10.5707 6.60662,
	10.5696 6.60767,
	10.5681 6.61189,
	10.5612 6.62031,
	10.5449 6.63612,
	10.5407 6.64033,
	10.5365 6.64349,
	10.5328 6.6477,
	10.5307 6.64876,
	10.527 6.65244,
	10.5228 6.65508,
	10.5207 6.65666,
	10.5164 6.65771,
	10.5122 6.65982,
	10.5112 6.65982,
	10.5091 6.6614,
	10.5006 6.66456,
	10.4922 6.6693,
	10.4838 6.67299,
	10.4754 6.67773,
	10.4711 6.68089,
	10.469 6.68141,
	10.468 6.68247,
	10.4669 6.68247,
	10.4648 6.68405,
	10.4627 6.68457,
	10.4585 6.68721,
	10.4564 6.68879,
	10.4543 6.68931,
	10.4522 6.69089,
	10.4501 6.69142,
	10.449 6.69142,
	10.4448 6.69405,
	10.4406 6.69511,
	10.4237 6.70459,
	10.4153 6.70986,
	10.4111 6.71249,
	10.409 6.71302,
	10.4048 6.71565,
	10.4006 6.7167,
	10.3985 6.71723,
	10.3964 6.71881,
	10.3921 6.71986,
	10.3911 6.71986,
	10.389 6.72144,
	10.3553 6.72987,
	10.3216 6.73672,
	10.3131 6.73883,
	10.3047 6.74199,
	10.3005 6.74357,
	10.2963 6.7462,
	10.2878 6.74936,
	10.2794 6.7541,
	10.271 6.75779,
	10.2626 6.76253,
	10.2584 6.76516,
	10.2562 6.76674,
	10.252 6.76779,
	10.2352 6.7757,
	10.2183 6.78254,
	10.2141 6.78412,
	10.2057 6.78465,
	10.1973 6.78149,
	10.193 6.77886,
	10.1762 6.77517,
	10.1678 6.77306,
	10.1635 6.77096,
	10.1551 6.76832,
	10.1509 6.76779,
	10.1467 6.76621,
	10.1388 6.75779,
	10.133 6.74936,
	10.1288 6.74093,
	10.1272 6.73672,
	10.1256 6.73461,
	10.1209 6.71776,
	10.1193 6.71354,
	10.1177 6.69669,
	10.1172 6.67983,
	10.1172 6.67141,
	10.1172 6.66983,
	"/>
</Transform>

</Section>