<?xml version="1.0"?>
<!DOCTYPE Section SYSTEM "section.dtd">

<Section index="189" thickness="0.052" alignLocked="true">
<Transform dim="1"
 xcoef=" 9.02934095805204 1 0 0 0 0"
 ycoef=" 8.53253305645976 0 1 0 0 0">
<Image mag="0.00201646" contrast="1.71034" brightness="-0.81" red="true" green="true" blue="true"
 src="189____z188.0.tif" />
<Contour name="domain1" hidden="false" closed="true" simplified="false" border="1 0 1" fill="1 0 1" mode="11"
 points="0 0,
	13727 0,
	13727 13535,
	0 13535,
	"/>
</Transform>

<Transform dim="1"
 xcoef=" 9.02934095805204 1 0 0 0 0"
 ycoef=" 8.53253305645976 0 1 0 0 0">
<Contour name="D058" hidden="false" closed="true" simplified="true" border="0 0 1" fill="0 0 1" mode="11"
 points="15.345 19.4801,
	15.3475 19.4605,
	15.3551 19.4418,
	15.3673 19.4248,
	15.3836 19.4103,
	15.4033 19.399,
	15.4255 19.3913,
	15.4491 19.3877,
	15.4732 19.3882,
	15.4965 19.3929,
	15.5181 19.4015,
	15.5371 19.4137,
	15.5524 19.4288,
	15.5635 19.4463,
	15.5698 19.4653,
	15.5711 19.485,
	15.5673 19.5045,
	15.5585 19.5228,
	15.5452 19.5393,
	15.528 19.553,
	15.5076 19.5635,
	15.485 19.5702,
	15.4611 19.5728,
	15.4372 19.5712,
	15.4141 19.5655,
	15.3931 19.556,
	15.375 19.543,
	15.3607 19.5272,
	15.3507 19.5092,
	"/>
</Transform>

<Transform dim="1"
 xcoef=" 9.02934095805204 1 0 0 0 0"
 ycoef=" 8.53253305645976 0 1 0 0 0">
<Contour name="D057" hidden="false" closed="true" simplified="true" border="0 0 1" fill="0 0 1" mode="11"
 points="15.2473 18.8932,
	15.2481 18.8828,
	15.2505 18.8724,
	15.2546 18.8624,
	15.2601 18.8529,
	15.2671 18.8441,
	15.2754 18.836,
	15.2849 18.8288,
	15.2954 18.8226,
	15.3069 18.8175,
	15.319 18.8137,
	15.3316 18.8111,
	15.3445 18.8097,
	15.3575 18.8097,
	15.3705 18.8111,
	15.3831 18.8137,
	15.3952 18.8175,
	15.4066 18.8226,
	15.4172 18.8288,
	15.4267 18.836,
	15.435 18.8441,
	15.4419 18.8529,
	15.4475 18.8624,
	15.4515 18.8724,
	15.454 18.8828,
	15.4548 18.8932,
	15.454 18.9037,
	15.4515 18.9141,
	15.4475 18.924,
	15.4419 18.9336,
	15.435 18.9424,
	15.4267 18.9505,
	15.4172 18.9577,
	15.4066 18.9639,
	15.3952 18.969,
	15.3831 18.9728,
	15.3705 18.9754,
	15.3575 18.9768,
	15.3445 18.9768,
	15.3316 18.9754,
	15.319 18.9728,
	15.3069 18.969,
	15.2954 18.9639,
	15.2849 18.9577,
	15.2754 18.9505,
	15.2671 18.9424,
	15.2601 18.9336,
	15.2546 18.924,
	15.2505 18.9141,
	"/>
</Transform>

<Transform dim="1"
 xcoef=" 8.49791583293369 1 0 0 0 0"
 ycoef=" 7.85617380630913 0 1 0 0 0">
<Contour name="D046" hidden="false" closed="true" simplified="true" border="0 0 1" fill="0 0 1" mode="11"
 points="22.2869 11.002,
	22.2882 10.9837,
	22.2923 10.966,
	22.2988 10.9493,
	22.3077 10.9342,
	22.3188 10.9211,
	22.3315 10.9104,
	22.3457 10.9024,
	22.3608 10.8974,
	22.3765 10.8954,
	22.3922 10.8966,
	22.4075 10.9009,
	22.4219 10.9082,
	22.4351 10.9182,
	22.4465 10.9308,
	22.456 10.9454,
	22.4632 10.9617,
	22.4678 10.9792,
	22.4699 10.9974,
	22.4692 11.0157,
	22.4658 11.0336,
	22.4599 11.0505,
	22.4515 11.0661,
	22.441 11.0797,
	22.4287 11.091,
	22.4148 11.0998,
	22.3999 11.1056,
	22.3843 11.1083,
	22.3686 11.1079,
	22.3532 11.1044,
	22.3385 11.0978,
	22.3249 11.0884,
	22.313 11.0765,
	22.303 11.0624,
	22.2952 11.0464,
	22.2899 11.0292,
	"/>
</Transform>

<Transform dim="0"
 xcoef=" 0 1 0 0 0 0"
 ycoef=" 0 0 1 0 0 0">
<Contour name="D058_ax01" hidden="false" closed="true" simplified="false" border="0 1 1" fill="0 1 1" mode="11"
 points="5.56895 9.61886,
	5.5809 9.60691,
	5.53309 9.5591,
	5.54504 9.54715,
	5.59285 9.59496,
	5.60481 9.583,
	5.60481 9.61886,
	"/>
</Transform>

<Transform dim="0"
 xcoef=" 0 1 0 0 0 0"
 ycoef=" 0 0 1 0 0 0">
<Contour name="D045_ASPINY_NOCANDIDATES" hidden="false" closed="true" simplified="true" border="0 0 1" fill="0 0 1" mode="11"
 points="3.09641 9.30363,
	3.09778 9.28654,
	3.10183 9.26992,
	3.10845 9.25425,
	3.11746 9.23996,
	3.12861 9.22746,
	3.14158 9.21709,
	3.15601 9.20914,
	3.1715 9.20384,
	3.18761 9.20133,
	3.20389 9.20169,
	3.21989 9.20491,
	3.23515 9.21089,
	3.24926 9.21946,
	3.26181 9.2304,
	3.27245 9.24338,
	3.28088 9.25806,
	3.28688 9.27401,
	3.29026 9.29078,
	3.29095 9.30792,
	3.28891 9.32494,
	3.2842 9.34136,
	3.27696 9.35673,
	3.26738 9.37061,
	3.25575 9.38261,
	3.24238 9.3924,
	3.22764 9.3997,
	3.21196 9.40431,
	3.19576 9.40611,
	3.17951 9.40503,
	3.16365 9.40111,
	3.14864 9.39447,
	3.13489 9.38527,
	3.12279 9.3738,
	3.11267 9.36035,
	3.10483 9.34532,
	3.09947 9.32912,
	"/>
</Transform>

<Transform dim="0"
 xcoef=" 0 1 0 0 0 0"
 ycoef=" 0 0 1 0 0 0">
<Contour name="D019" hidden="false" closed="true" simplified="true" border="0 0 1" fill="0 0 1" mode="11"
 points="3.36524 6.64117,
	3.36733 6.6256,
	3.37353 6.61067,
	3.38357 6.59699,
	3.39705 6.58512,
	3.41341 6.57554,
	3.43199 6.56865,
	3.45202 6.56473,
	3.47269 6.56394,
	3.49314 6.56631,
	3.51255 6.57174,
	3.53011 6.58002,
	3.54511 6.5908,
	3.55693 6.60364,
	3.56509 6.61802,
	3.56926 6.63334,
	3.56926 6.64899,
	3.56509 6.66432,
	3.55693 6.67869,
	3.54511 6.69154,
	3.53011 6.70232,
	3.51255 6.71059,
	3.49314 6.71603,
	3.47269 6.7184,
	3.45202 6.7176,
	3.43199 6.71368,
	3.41341 6.70679,
	3.39705 6.69721,
	3.38357 6.68534,
	3.37353 6.67166,
	3.36733 6.65673,
	"/>
</Transform>

<Transform dim="0"
 xcoef=" 0 1 0 0 0 0"
 ycoef=" 0 0 1 0 0 0">
<Contour name="D037" hidden="false" closed="true" simplified="true" border="0 0 1" fill="0 0 1" mode="11"
 points="9.45802 0.666549,
	9.4617 0.642493,
	9.47246 0.6203,
	9.48947 0.60169,
	9.5114 0.588105,
	9.53655 0.580598,
	9.56299 0.57975,
	9.58866 0.585627,
	9.61157 0.597774,
	9.62994 0.615249,
	9.64236 0.636699,
	9.64786 0.660461,
	9.64602 0.684695,
	9.63697 0.707524,
	9.62142 0.727177,
	9.60057 0.742134,
	9.57605 0.751234,
	9.54974 0.753774,
	9.52369 0.749555,
	9.49991 0.738906,
	9.48026 0.72265,
	9.46624 0.702048,
	"/>
</Transform>

<Transform dim="0"
 xcoef=" 0 1 0 0 0 0"
 ycoef=" 0 0 1 0 0 0">
<Contour name="D020" hidden="false" closed="true" simplified="true" border="0 0 1" fill="0 0 1" mode="11"
 points="9.78122 6.08931,
	9.7832 6.06514,
	9.78906 6.04187,
	9.79859 6.02037,
	9.81142 6.00144,
	9.82709 5.98578,
	9.845 5.97398,
	9.8645 5.96648,
	9.88485 5.96355,
	9.90529 5.96531,
	9.92507 5.97169,
	9.94344 5.98245,
	9.95973 5.99719,
	9.97332 6.01537,
	9.98371 6.0363,
	9.99052 6.05921,
	9.99348 6.08323,
	9.99249 6.10749,
	9.98758 6.13106,
	9.97895 6.15308,
	9.9669 6.17273,
	9.95189 6.18926,
	9.93448 6.20208,
	9.91531 6.21069,
	9.8951 6.21477,
	9.87461 6.21419,
	9.8546 6.20895,
	9.83581 6.19925,
	9.81894 6.18546,
	9.80462 6.16808,
	9.79339 6.14777,
	9.78566 6.12528,
	"/>
</Transform>

<Transform dim="0"
 xcoef=" 0 1 0 0 0 0"
 ycoef=" 0 0 1 0 0 0">
<Contour name="D022" hidden="false" closed="true" simplified="true" border="0 0 1" fill="0 0 1" mode="11"
 points="18.5137 3.24686,
	18.517 3.22676,
	18.5268 3.2083,
	18.5422 3.19295,
	18.562 3.18197,
	18.5846 3.17625,
	18.6081 3.17625,
	18.6307 3.18197,
	18.6505 3.19295,
	18.6659 3.2083,
	18.6757 3.22676,
	18.6791 3.24686,
	18.6757 3.26696,
	18.6659 3.28543,
	18.6505 3.30077,
	18.6307 3.31175,
	18.6081 3.31747,
	18.5846 3.31747,
	18.562 3.31175,
	18.5422 3.30077,
	18.5268 3.28543,
	18.517 3.26696,
	"/>
</Transform>

</Section>