<?xml version="1.0"?>
<!DOCTYPE Section SYSTEM "section.dtd">

<Section index="113" thickness="0.052" alignLocked="true">
<Transform dim="1"
 xcoef=" 0.24541082768388 1 0 0 0 0"
 ycoef=" 0.716557380040866 0 1 0 0 0">
<Contour name="D054" hidden="false" closed="true" simplified="true" border="0 0 1" fill="0 0 1" mode="13"
 points="2.26163 1.26962,
	2.26382 1.24708,
	2.27028 1.22566,
	2.28068 1.20646,
	2.2945 1.19042,
	2.31104 1.17835,
	2.32949 1.17085,
	2.34891 1.16831,
	2.36833 1.17085,
	2.38678 1.17835,
	2.40333 1.19042,
	2.41715 1.20646,
	2.42755 1.22566,
	2.434 1.24708,
	2.43619 1.26962,
	2.434 1.29216,
	2.42755 1.31357,
	2.41715 1.33278,
	2.40333 1.34882,
	2.38678 1.36089,
	2.36833 1.36839,
	2.34891 1.37093,
	2.32949 1.36839,
	2.31104 1.36089,
	2.2945 1.34882,
	2.28068 1.33278,
	2.27028 1.31357,
	"/>
</Transform>

<Transform dim="1"
 xcoef=" 0.24541082768388 1 0 0 0 0"
 ycoef=" 0.716557380040866 0 1 0 0 0">
<Contour name="D019" hidden="false" closed="true" simplified="true" border="0 0 1" fill="0 0 1" mode="13"
 points="4.93937 4.57629,
	4.94056 4.55729,
	4.94412 4.53868,
	4.94998 4.52086,
	4.95801 4.50419,
	4.96804 4.48903,
	4.97986 4.47568,
	4.99324 4.46443,
	5.00788 4.4555,
	5.02349 4.44909,
	5.03974 4.44534,
	5.05629 4.4443,
	5.07279 4.44602,
	5.08891 4.45045,
	5.10431 4.4575,
	5.11866 4.46703,
	5.13167 4.47883,
	5.14307 4.49266,
	5.15262 4.50823,
	5.16012 4.52522,
	5.16541 4.54328,
	5.16839 4.56202,
	5.16898 4.58106,
	5.16719 4.59999,
	5.16305 4.61844,
	5.15664 4.63601,
	5.14809 4.65233,
	5.13759 4.66707,
	5.12535 4.67992,
	5.11164 4.69061,
	5.09672 4.69892,
	5.08092 4.70468,
	5.06457 4.70776,
	5.04799 4.7081,
	5.03155 4.7057,
	5.01558 4.70061,
	5.00042 4.69292,
	4.98637 4.68281,
	4.97374 4.67047,
	4.96278 4.65618,
	4.95373 4.64022,
	4.94677 4.62293,
	4.94205 4.60467,
	"/>
</Transform>

<Transform dim="1"
 xcoef=" 0.24541082768388 1 0 0 0 0"
 ycoef=" 0.716557380040866 0 1 0 0 0">
<Contour name="D021" hidden="false" closed="true" simplified="true" border="0 0 1" fill="0 0 1" mode="13"
 points="5.91123 7.36332,
	5.91236 7.34687,
	5.91575 7.33075,
	5.92133 7.31528,
	5.92898 7.30076,
	5.93855 7.28749,
	5.94985 7.27572,
	5.96266 7.2657,
	5.97673 7.25763,
	5.99176 7.25165,
	6.00747 7.2479,
	6.02353 7.24645,
	6.03964 7.24732,
	6.05546 7.2505,
	6.07069 7.25593,
	6.08502 7.26349,
	6.09817 7.27305,
	6.10988 7.28439,
	6.1199 7.29731,
	6.12805 7.31155,
	6.13415 7.32681,
	6.1381 7.3428,
	6.1398 7.3592,
	6.13923 7.37568,
	6.1364 7.39191,
	6.13136 7.40758,
	6.12422 7.42236,
	6.11511 7.43597,
	6.10422 7.44814,
	6.09176 7.45861,
	6.07799 7.46719,
	6.06317 7.47371,
	6.04761 7.47802,
	6.0316 7.48005,
	6.01547 7.47976,
	5.99955 7.47715,
	5.98414 7.47228,
	5.96956 7.46524,
	5.95609 7.45617,
	5.944 7.44525,
	5.93354 7.4327,
	5.9249 7.41877,
	5.91827 7.40373,
	5.91378 7.3879,
	"/>
</Transform>

<Transform dim="1"
 xcoef=" 0.24541082768388 1 0 0 0 0"
 ycoef=" 0.716557380040866 0 1 0 0 0">
<Contour name="D025" hidden="false" closed="true" simplified="true" border="0 0 1" fill="0 0 1" mode="13"
 points="3.63158 4.07524,
	3.63241 4.06075,
	3.63488 4.04645,
	3.63897 4.03256,
	3.64461 4.01925,
	3.65173 4.00672,
	3.66023 3.99512,
	3.66999 3.98463,
	3.68088 3.97539,
	3.69275 3.96753,
	3.70544 3.96115,
	3.71876 3.95634,
	3.73254 3.95317,
	3.74659 3.95168,
	3.7607 3.95189,
	3.7747 3.95381,
	3.78839 3.95739,
	3.80157 3.9626,
	3.81406 3.96936,
	3.8257 3.97758,
	3.83632 3.98715,
	3.84578 3.99792,
	3.85395 4.00977,
	3.86071 4.02251,
	3.86597 4.03599,
	3.86966 4.05,
	3.87172 4.06436,
	3.87214 4.07887,
	3.87089 4.09333,
	3.86801 4.10754,
	3.86353 4.12131,
	3.85751 4.13444,
	3.85003 4.14675,
	3.84121 4.15809,
	3.83115 4.16827,
	3.82 4.17718,
	3.80791 4.18468,
	3.79505 4.19068,
	3.7816 4.19508,
	3.76773 4.19784,
	3.75365 4.1989,
	3.73954 4.19826,
	3.7256 4.19593,
	3.71203 4.19193,
	3.699 4.18633,
	3.68671 4.17919,
	3.67531 4.17063,
	3.66496 4.16075,
	3.65581 4.14969,
	3.64799 4.1376,
	3.6416 4.12466,
	3.63673 4.11103,
	3.63344 4.09691,
	"/>
</Transform>

<Transform dim="1"
 xcoef=" 0.24541082768388 1 0 0 0 0"
 ycoef=" 0.716557380040866 0 1 0 0 0">
<Contour name="D028" hidden="false" closed="true" simplified="true" border="0 0 1" fill="0 0 1" mode="13"
 points="6.61518 7.22868,
	6.61569 7.22017,
	6.61722 7.21173,
	6.61975 7.20343,
	6.62326 7.19534,
	6.62773 7.18751,
	6.63312 7.18001,
	6.63938 7.17291,
	6.64647 7.16625,
	6.65433 7.1601,
	6.6629 7.15449,
	6.6721 7.14949,
	6.68186 7.14512,
	6.6921 7.14143,
	6.70275 7.13844,
	6.71371 7.13617,
	6.7249 7.13465,
	6.73623 7.13389,
	6.7476 7.13389,
	6.75892 7.13465,
	6.77011 7.13617,
	6.78108 7.13844,
	6.79172 7.14143,
	6.80197 7.14512,
	6.81173 7.14949,
	6.82093 7.15449,
	6.82949 7.1601,
	6.83735 7.16625,
	6.84444 7.17291,
	6.85071 7.18001,
	6.8561 7.18751,
	6.86057 7.19534,
	6.86408 7.20343,
	6.86661 7.21173,
	6.86814 7.22017,
	6.86865 7.22868,
	6.86814 7.23718,
	6.86661 7.24562,
	6.86408 7.25392,
	6.86057 7.26201,
	6.8561 7.26984,
	6.85071 7.27734,
	6.84444 7.28444,
	6.83735 7.2911,
	6.82949 7.29725,
	6.82093 7.30286,
	6.81173 7.30786,
	6.80197 7.31223,
	6.79172 7.31592,
	6.78108 7.31891,
	6.77011 7.32118,
	6.75892 7.3227,
	6.7476 7.32346,
	6.73623 7.32346,
	6.7249 7.3227,
	6.71371 7.32118,
	6.70275 7.31891,
	6.6921 7.31592,
	6.68186 7.31223,
	6.6721 7.30786,
	6.6629 7.30286,
	6.65433 7.29725,
	6.64647 7.2911,
	6.63938 7.28444,
	6.63312 7.27734,
	6.62773 7.26984,
	6.62326 7.26201,
	6.61975 7.25392,
	6.61722 7.24562,
	"/>
</Transform>

<Transform dim="1"
 xcoef=" 0.24541082768388 1 0 0 0 0"
 ycoef=" 0.716557380040866 0 1 0 0 0">
<Contour name="D032" hidden="false" closed="true" simplified="true" border="0 0 1" fill="0 0 1" mode="13"
 points="5.10735 0.76393,
	5.10906 0.730479,
	5.11413 0.698397,
	5.12236 0.668998,
	5.1334 0.643486,
	5.1468 0.622905,
	5.16202 0.608097,
	5.17843 0.59967,
	5.19535 0.597967,
	5.21211 0.603058,
	5.228 0.614736,
	5.24238 0.632522,
	5.25467 0.655687,
	5.26435 0.683284,
	5.27103 0.714183,
	5.27444 0.747118,
	5.27444 0.780742,
	5.27103 0.813677,
	5.26435 0.844576,
	5.25467 0.872173,
	5.24238 0.895338,
	5.228 0.913124,
	5.21211 0.924801,
	5.19535 0.929893,
	5.17843 0.92819,
	5.16202 0.919762,
	5.1468 0.904954,
	5.1334 0.884373,
	5.12236 0.858861,
	5.11413 0.829462,
	5.10906 0.797381,
	"/>
</Transform>

<Transform dim="1"
 xcoef=" 0.24541082768388 1 0 0 0 0"
 ycoef=" 0.716557380040866 0 1 0 0 0">
<Contour name="D041_oblique" hidden="false" closed="true" simplified="true" border="0 0 1" fill="0 0 1" mode="13"
 points="8.18766 0.493707,
	8.18945 0.474313,
	8.19478 0.455621,
	8.20345 0.438305,
	8.21513 0.422991,
	8.22942 0.410233,
	8.2458 0.400492,
	8.26367 0.394121,
	8.28238 0.391348,
	8.30127 0.392275,
	8.31965 0.396868,
	8.33685 0.404961,
	8.35225 0.416261,
	8.3653 0.430361,
	8.37552 0.44675,
	8.38255 0.464836,
	8.38613 0.483966,
	8.38613 0.503447,
	8.38255 0.522577,
	8.37552 0.540663,
	8.3653 0.557052,
	8.35225 0.571152,
	8.33685 0.582452,
	8.31965 0.590545,
	8.30127 0.595138,
	8.28238 0.596065,
	8.26367 0.593293,
	8.2458 0.586921,
	8.22942 0.57718,
	8.21513 0.564422,
	8.20345 0.549108,
	8.19478 0.531793,
	"/>
</Transform>

<Transform dim="1"
 xcoef=" 0.24541082768388 1 0 0 0 0"
 ycoef=" 0.716557380040866 0 1 0 0 0">
<Contour name="D043" hidden="false" closed="true" simplified="true" border="0 0 1" fill="0 0 1" mode="13"
 points="1.36132 8.29914,
	1.3621 8.28813,
	1.36442 8.27736,
	1.36822 8.26708,
	1.37344 8.25751,
	1.37994 8.24888,
	1.38758 8.24136,
	1.39619 8.23514,
	1.40559 8.23035,
	1.41555 8.22709,
	1.42586 8.22545,
	1.43628 8.22545,
	1.44659 8.22709,
	1.45655 8.23035,
	1.46594 8.23514,
	1.47456 8.24136,
	1.4822 8.24888,
	1.4887 8.25751,
	1.49391 8.26708,
	1.49772 8.27736,
	1.50004 8.28813,
	1.50082 8.29914,
	1.50004 8.31016,
	1.49772 8.32093,
	1.49391 8.33121,
	1.4887 8.34078,
	1.4822 8.34941,
	1.47456 8.35692,
	1.46594 8.36315,
	1.45655 8.36794,
	1.44659 8.3712,
	1.43628 8.37284,
	1.42586 8.37284,
	1.41555 8.3712,
	1.40559 8.36794,
	1.39619 8.36315,
	1.38758 8.35692,
	1.37994 8.34941,
	1.37344 8.34078,
	1.36822 8.33121,
	1.36442 8.32093,
	"/>
</Transform>

<Transform dim="1"
 xcoef=" 0.24541082768388 1 0 0 0 0"
 ycoef=" 0.716557380040866 0 1 0 0 0">
<Contour name="D044" hidden="false" closed="true" simplified="true" border="0 0 1" fill="0 0 1" mode="13"
 points="1.99445 7.43315,
	1.9963 7.41796,
	2.00181 7.40321,
	2.0108 7.38931,
	2.02303 7.37668,
	2.03814 7.36568,
	2.0557 7.35661,
	2.0752 7.34975,
	2.09608 7.34528,
	2.11775 7.34335,
	2.13957 7.34399,
	2.16091 7.3472,
	2.18118 7.35289,
	2.19978 7.36088,
	2.21617 7.37096,
	2.22989 7.38282,
	2.24054 7.39613,
	2.24782 7.4105,
	2.25151 7.42553,
	2.25151 7.44078,
	2.24782 7.4558,
	2.24054 7.47018,
	2.22989 7.48349,
	2.21617 7.49535,
	2.19978 7.50542,
	2.18118 7.51342,
	2.16091 7.5191,
	2.13957 7.52231,
	2.11775 7.52296,
	2.09608 7.52102,
	2.0752 7.51656,
	2.0557 7.5097,
	2.03814 7.50063,
	2.02303 7.48962,
	2.0108 7.47699,
	2.00181 7.4631,
	1.9963 7.44834,
	"/>
</Transform>

<Transform dim="1"
 xcoef=" 0.24541082768388 1 0 0 0 0"
 ycoef=" 0.716557380040866 0 1 0 0 0">
<Contour name="D045_ASPINY_NOCANDIDATES" hidden="false" closed="true" simplified="true" border="0 0 1" fill="0 0 1" mode="13"
 points="3.02663 8.34996,
	3.02899 8.33223,
	3.03597 8.31527,
	3.04726 8.29984,
	3.06237 8.28659,
	3.08064 8.27611,
	3.10127 8.26886,
	3.12335 8.26515,
	3.14593 8.26515,
	3.16802 8.26886,
	3.18865 8.27611,
	3.20692 8.28659,
	3.22203 8.29984,
	3.23332 8.31527,
	3.2403 8.33223,
	3.24266 8.34996,
	3.2403 8.36769,
	3.23332 8.38464,
	3.22203 8.40008,
	3.20692 8.41333,
	3.18865 8.42381,
	3.16802 8.43106,
	3.14593 8.43476,
	3.12335 8.43476,
	3.10127 8.43106,
	3.08064 8.42381,
	3.06237 8.41333,
	3.04726 8.40008,
	3.03597 8.38464,
	3.02899 8.36769,
	"/>
</Transform>

<Transform dim="1"
 xcoef=" 0.24541082768388 1 0 0 0 0"
 ycoef=" 0.716557380040866 0 1 0 0 0">
<Contour name="D046" hidden="false" closed="true" simplified="true" border="0 0 1" fill="0 0 1" mode="13"
 points="12.787 2.57461,
	12.7879 2.5549,
	12.7906 2.53553,
	12.7951 2.51682,
	12.8014 2.49911,
	12.8092 2.48268,
	12.8184 2.46783,
	12.829 2.45481,
	12.8407 2.44383,
	12.8533 2.4351,
	12.8666 2.42875,
	12.8803 2.42489,
	12.8944 2.4236,
	12.9084 2.42489,
	12.9221 2.42875,
	12.9354 2.4351,
	12.948 2.44383,
	12.9597 2.45481,
	12.9703 2.46783,
	12.9795 2.48268,
	12.9874 2.49911,
	12.9936 2.51682,
	12.9981 2.53553,
	13.0008 2.5549,
	13.0017 2.57461,
	13.0008 2.59432,
	12.9981 2.6137,
	12.9936 2.6324,
	12.9874 2.65012,
	12.9795 2.66654,
	12.9703 2.68139,
	12.9597 2.69442,
	12.948 2.70539,
	12.9354 2.71413,
	12.9221 2.72048,
	12.9084 2.72433,
	12.8944 2.72562,
	12.8803 2.72433,
	12.8666 2.72048,
	12.8533 2.71413,
	12.8407 2.70539,
	12.829 2.69442,
	12.8184 2.68139,
	12.8092 2.66654,
	12.8014 2.65012,
	12.7951 2.6324,
	12.7906 2.6137,
	12.7879 2.59432,
	"/>
</Transform>

<Transform dim="1"
 xcoef=" 0.24541082768388 1 0 0 0 0"
 ycoef=" 0.716557380040866 0 1 0 0 0">
<Contour name="D047" hidden="false" closed="true" simplified="true" border="0 0 1" fill="0 0 1" mode="13"
 points="4.06553 3.79791,
	4.06639 3.77454,
	4.06897 3.75154,
	4.07323 3.72929,
	4.07909 3.70814,
	4.08647 3.68844,
	4.09523 3.6705,
	4.10525 3.65461,
	4.11636 3.64102,
	4.12838 3.62996,
	4.14113 3.6216,
	4.15438 3.61608,
	4.16794 3.61348,
	4.18157 3.61386,
	4.19507 3.61719,
	4.20822 3.62343,
	4.2208 3.63248,
	4.23261 3.64419,
	4.24347 3.65837,
	4.25319 3.6748,
	4.26162 3.69321,
	4.26862 3.71331,
	4.27409 3.73476,
	4.27793 3.75724,
	4.28009 3.78036,
	4.28052 3.80377,
	4.27923 3.82709,
	4.27622 3.84993,
	4.27156 3.87194,
	4.26531 3.89276,
	4.25757 3.91205,
	4.24848 3.9295,
	4.23817 3.94484,
	4.22681 3.95781,
	4.21459 3.96822,
	4.2017 3.97588,
	4.18835 3.98067,
	4.17476 3.98253,
	4.16113 3.98141,
	4.1477 3.97735,
	4.13468 3.97039,
	4.12227 3.96066,
	4.11068 3.94832,
	4.1001 3.93355,
	4.09068 3.9166,
	4.0826 3.89774,
	4.07597 3.87727,
	4.0709 3.85553,
	4.06747 3.83286,
	"/>
</Transform>

<Transform dim="1"
 xcoef=" 0.24541082768388 1 0 0 0 0"
 ycoef=" 0.716557380040866 0 1 0 0 0">
<Contour name="D034" hidden="false" closed="true" simplified="true" border="0 0 1" fill="0 0 1" mode="13"
 points="9.56112 2.95345,
	9.56213 2.93833,
	9.56515 2.9235,
	9.57011 2.90926,
	9.57693 2.89588,
	9.58545 2.88362,
	9.59553 2.87272,
	9.60697 2.86339,
	9.61954 2.85581,
	9.63299 2.85013,
	9.64707 2.84646,
	9.6615 2.84488,
	9.676 2.84541,
	9.69029 2.84804,
	9.70409 2.85272,
	9.71714 2.85937,
	9.72917 2.86784,
	9.73995 2.87798,
	9.74928 2.88959,
	9.75697 2.90245,
	9.76287 2.91629,
	9.76687 2.93086,
	9.76889 2.94587,
	9.76889 2.96103,
	9.76687 2.97603,
	9.76287 2.9906,
	9.75697 3.00445,
	9.74928 3.0173,
	9.73995 3.02891,
	9.72917 3.03905,
	9.71714 3.04753,
	9.70409 3.05417,
	9.69029 3.05885,
	9.676 3.06149,
	9.6615 3.06202,
	9.64707 3.06043,
	9.63299 3.05676,
	9.61954 3.05109,
	9.60697 3.04351,
	9.59553 3.03418,
	9.58545 3.02328,
	9.57693 3.01102,
	9.57011 2.99763,
	9.56515 2.98339,
	"/>
</Transform>

<Transform dim="1"
 xcoef=" 0.24541082768388 1 0 0 0 0"
 ycoef=" 0.716557380040866 0 1 0 0 0">
<Contour name="D035" hidden="false" closed="true" simplified="true" border="0 0 1" fill="0 0 1" mode="13"
 points="7.11722 2.75574,
	7.1181 2.7458,
	7.12075 2.73604,
	7.1251 2.72663,
	7.13109 2.71772,
	7.13861 2.70947,
	7.14754 2.70204,
	7.1577 2.69554,
	7.16893 2.6901,
	7.18103 2.6858,
	7.19379 2.68272,
	7.20698 2.68092,
	7.22038 2.68043,
	7.23375 2.68125,
	7.24685 2.68337,
	7.25947 2.68676,
	7.27137 2.69135,
	7.28235 2.69707,
	7.29222 2.70382,
	7.30081 2.71147,
	7.30796 2.71989,
	7.31355 2.72894,
	7.31748 2.73846,
	7.31969 2.74828,
	7.32013 2.75823,
	7.3188 2.76814,
	7.31573 2.77783,
	7.31095 2.78713,
	7.30457 2.79589,
	7.29668 2.80394,
	7.28744 2.81115,
	7.27699 2.8174,
	7.26552 2.82257,
	7.25324 2.82657,
	7.24035 2.82933,
	7.22708 2.8308,
	7.21367 2.83097,
	7.20034 2.82982,
	7.18734 2.82737,
	7.17488 2.82368,
	7.16319 2.8188,
	7.15247 2.81281,
	7.14291 2.80583,
	7.13467 2.79797,
	7.1279 2.78938,
	7.12271 2.7802,
	7.11921 2.77059,
	"/>
</Transform>

<Transform dim="1"
 xcoef=" 0.24541082768388 1 0 0 0 0"
 ycoef=" 0.716557380040866 0 1 0 0 0">
<Contour name="D036" hidden="false" closed="true" simplified="true" border="0 0 1" fill="0 0 1" mode="13"
 points="14.5663 -0.276783,
	14.5674 -0.291644,
	14.5709 -0.306172,
	14.5765 -0.320044,
	14.5842 -0.33295,
	14.5939 -0.3446,
	14.6052 -0.354736,
	14.6179 -0.363131,
	14.6318 -0.369597,
	14.6466 -0.373989,
	14.6618 -0.37621,
	14.6773 -0.37621,
	14.6925 -0.373989,
	14.7073 -0.369597,
	14.7212 -0.363131,
	14.7339 -0.354736,
	14.7453 -0.3446,
	14.7549 -0.33295,
	14.7626 -0.320044,
	14.7682 -0.306172,
	14.7717 -0.291644,
	14.7728 -0.276783,
	14.7717 -0.261923,
	14.7682 -0.247395,
	14.7626 -0.233523,
	14.7549 -0.220617,
	14.7453 -0.208966,
	14.7339 -0.198831,
	14.7212 -0.190436,
	14.7073 -0.18397,
	14.6925 -0.179578,
	14.6773 -0.177357,
	14.6618 -0.177357,
	14.6466 -0.179578,
	14.6318 -0.18397,
	14.6179 -0.190436,
	14.6052 -0.198831,
	14.5939 -0.208966,
	14.5842 -0.220617,
	14.5765 -0.233523,
	14.5709 -0.247395,
	"/>
</Transform>

<Transform dim="1"
 xcoef=" 0.24541082768388 1 0 0 0 0"
 ycoef=" 0.716557380040866 0 1 0 0 0">
<Contour name="D039" hidden="false" closed="true" simplified="true" border="0 0 1" fill="0 0 1" mode="13"
 points="8.93052 1.83785,
	8.93136 1.822,
	8.93386 1.80639,
	8.93798 1.7913,
	8.94366 1.77695,
	8.95081 1.76359,
	8.95931 1.75142,
	8.96902 1.74064,
	8.97978 1.73142,
	8.99143 1.72392,
	9.00378 1.71825,
	9.01663 1.7145,
	9.02976 1.71274,
	9.04298 1.71299,
	9.05606 1.71525,
	9.0688 1.71949,
	9.08099 1.72562,
	9.09244 1.73357,
	9.10296 1.74319,
	9.11238 1.75434,
	9.12055 1.76682,
	9.12734 1.78046,
	9.13264 1.79501,
	9.13636 1.81026,
	9.13845 1.82595,
	9.13887 1.84183,
	9.13762 1.85764,
	9.1347 1.87314,
	9.13018 1.88807,
	9.12413 1.90219,
	9.11663 1.91528,
	9.10782 1.92712,
	9.09783 1.93752,
	9.08682 1.94632,
	9.07498 1.95338,
	9.06249 1.95858,
	9.04955 1.96183,
	9.03637 1.96309,
	9.02317 1.96233,
	9.01015 1.95958,
	8.99753 1.95486,
	8.98551 1.94826,
	8.97428 1.93988,
	8.96402 1.92986,
	8.9549 1.91836,
	8.94706 1.90557,
	8.94063 1.89169,
	8.93572 1.87694,
	8.9324 1.86156,
	"/>
</Transform>

<Transform dim="1"
 xcoef=" 0.24541082768388 1 0 0 0 0"
 ycoef=" 0.716557380040866 0 1 0 0 0">
<Contour name="D049" hidden="false" closed="true" simplified="true" border="0 0 1" fill="0 0 1" mode="13"
 points="10.0994 2.25495,
	10.1001 2.24132,
	10.1024 2.22791,
	10.1061 2.21495,
	10.1113 2.20267,
	10.1177 2.19126,
	10.1254 2.18092,
	10.1342 2.17182,
	10.1438 2.16412,
	10.1543 2.15793,
	10.1654 2.15338,
	10.1768 2.15052,
	10.1885 2.14942,
	10.2002 2.15008,
	10.2118 2.1525,
	10.223 2.15664,
	10.2336 2.16242,
	10.2435 2.16976,
	10.2525 2.17853,
	10.2604 2.18857,
	10.2672 2.19973,
	10.2727 2.21181,
	10.2768 2.22462,
	10.2794 2.23793,
	10.2805 2.25153,
	10.2802 2.26519,
	10.2783 2.27868,
	10.2749 2.29177,
	10.2701 2.30424,
	10.264 2.31588,
	10.2566 2.32651,
	10.2481 2.33593,
	10.2386 2.344,
	10.2284 2.35057,
	10.2174 2.35555,
	10.206 2.35883,
	10.1944 2.36038,
	10.1827 2.36016,
	10.1711 2.35817,
	10.1598 2.35446,
	10.149 2.34908,
	10.1389 2.34212,
	10.1297 2.3337,
	10.1214 2.32396,
	10.1143 2.31306,
	10.1085 2.30119,
	10.1041 2.28854,
	10.1011 2.27533,
	"/>
</Transform>

<Transform dim="1"
 xcoef=" 0.24541082768388 1 0 0 0 0"
 ycoef=" 0.716557380040866 0 1 0 0 0">
<Contour name="D055" hidden="false" closed="true" simplified="true" border="0 0 1" fill="0 0 1" mode="13"
 points="1.36544 2.34927,
	1.36598 2.33648,
	1.36761 2.32389,
	1.37028 2.31166,
	1.37398 2.29999,
	1.37863 2.28903,
	1.38418 2.27895,
	1.39054 2.26989,
	1.39763 2.262,
	1.40533 2.25537,
	1.41353 2.25012,
	1.42212 2.24631,
	1.43097 2.244,
	1.43995 2.24323,
	1.44894 2.244,
	1.45779 2.24631,
	1.46638 2.25012,
	1.47458 2.25537,
	1.48228 2.262,
	1.48937 2.26989,
	1.49573 2.27895,
	1.50128 2.28903,
	1.50593 2.29999,
	1.50963 2.31166,
	1.5123 2.32389,
	1.51392 2.33648,
	1.51447 2.34927,
	1.51392 2.36205,
	1.5123 2.37464,
	1.50963 2.38687,
	1.50593 2.39854,
	1.50128 2.4095,
	1.49573 2.41958,
	1.48937 2.42864,
	1.48228 2.43653,
	1.47458 2.44316,
	1.46638 2.44841,
	1.45779 2.45222,
	1.44894 2.45453,
	1.43995 2.4553,
	1.43097 2.45453,
	1.42212 2.45222,
	1.41353 2.44841,
	1.40533 2.44316,
	1.39763 2.43653,
	1.39054 2.42864,
	1.38418 2.41958,
	1.37863 2.4095,
	1.37398 2.39854,
	1.37028 2.38687,
	1.36761 2.37464,
	1.36598 2.36205,
	"/>
</Transform>

<Transform dim="1"
 xcoef=" 0.24541082768388 1 0 0 0 0"
 ycoef=" 0.716557380040866 0 1 0 0 0">
<Contour name="D049_ax03" hidden="false" closed="true" simplified="false" border="0 1 1" fill="0 1 1" mode="11"
 points="11.0024 0.568959,
	11.0142 0.557179,
	10.967 0.510056,
	10.9788 0.498275,
	11.0259 0.545398,
	11.0377 0.533617,
	11.0377 0.568959,
	"/>
</Transform>

<Transform dim="1"
 xcoef=" 0.24541082768388 1 0 0 0 0"
 ycoef=" 0.716557380040866 0 1 0 0 0">
<Contour name="D057" hidden="false" closed="true" simplified="true" border="0 0 1" fill="0 0 1" mode="11"
 points="6.85272 9.19108,
	6.85389 9.17935,
	6.8574 9.16782,
	6.86318 9.15667,
	6.87114 9.14608,
	6.88114 9.13624,
	6.89303 9.12729,
	6.90661 9.11939,
	6.92166 9.11267,
	6.93792 9.10724,
	6.95514 9.10318,
	6.97302 9.10056,
	6.99128 9.09944,
	7.00961 9.09981,
	7.02772 9.10169,
	7.0453 9.10503,
	7.06208 9.10979,
	7.07776 9.11588,
	7.0921 9.1232,
	7.10486 9.13164,
	7.11584 9.14106,
	7.12484 9.1513,
	7.13172 9.16219,
	7.13637 9.17355,
	7.13872 9.1852,
	7.13872 9.19695,
	7.13637 9.20861,
	7.13172 9.21997,
	7.12484 9.23086,
	7.11584 9.2411,
	7.10486 9.25051,
	7.0921 9.25895,
	7.07776 9.26628,
	7.06208 9.27237,
	7.0453 9.27713,
	7.02772 9.28047,
	7.00961 9.28234,
	6.99128 9.28272,
	6.97302 9.28159,
	6.95514 9.27898,
	6.93792 9.27492,
	6.92166 9.26949,
	6.90661 9.26276,
	6.89303 9.25487,
	6.88114 9.24592,
	6.87114 9.23607,
	6.86318 9.22549,
	6.8574 9.21434,
	6.85389 9.2028,
	"/>
</Transform>

<Transform dim="1"
 xcoef=" 0.24541082768388 1 0 0 0 0"
 ycoef=" 0.716557380040866 0 1 0 0 0">
<Contour name="D058_ax01" hidden="false" closed="true" simplified="false" border="0 1 1" fill="0 1 1" mode="11"
 points="3.3857 6.7713,
	3.40308 6.75392,
	3.33357 6.6844,
	3.35095 6.66702,
	3.42046 6.73654,
	3.43784 6.71916,
	3.43784 6.7713,
	"/>
</Transform>

<Transform dim="1"
 xcoef=" 0.119559245889308 1 0 0 0 0"
 ycoef=" 0.366109129197522 0 1 0 0 0">
<Contour name="d046_p22" hidden="false" closed="true" simplified="true" border="1 1 0" fill="1 1 0" mode="11"
 points="12.5237 1.71669,
	12.525 1.70963,
	12.5295 1.69551,
	12.5303 1.69198,
	12.5308 1.66373,
	12.5308 1.65667,
	12.5343 1.62843,
	12.5356 1.62136,
	12.5356 1.6196,
	12.5378 1.61254,
	12.5392 1.60548,
	12.5436 1.59135,
	12.5449 1.58782,
	12.5462 1.5865,
	12.5489 1.57944,
	12.5537 1.57238,
	12.5564 1.56884,
	12.5634 1.56178,
	12.567 1.55869,
	12.5683 1.55693,
	12.5687 1.55516,
	12.5701 1.5534,
	12.5709 1.55251,
	12.5754 1.53839,
	12.582 1.52427,
	12.5837 1.52074,
	12.5864 1.51721,
	12.5935 1.51191,
	12.6005 1.50882,
	12.6146 1.50485,
	12.6288 1.50264,
	12.6358 1.50309,
	12.6499 1.50838,
	12.6641 1.51853,
	12.6676 1.52118,
	12.6738 1.52824,
	12.6764 1.53177,
	12.683 1.54545,
	12.6875 1.55958,
	12.6879 1.56664,
	12.6857 1.58076,
	12.6853 1.60901,
	12.6848 1.61607,
	12.6826 1.62313,
	12.6764 1.63725,
	12.6751 1.63858,
	12.6698 1.6527,
	12.6663 1.65976,
	12.6658 1.66153,
	12.6645 1.66285,
	12.6623 1.66991,
	12.6548 1.68403,
	12.6451 1.69816,
	12.6402 1.70522,
	12.6367 1.71228,
	12.6341 1.7189,
	12.623 1.73126,
	12.6221 1.73479,
	12.6191 1.74185,
	12.6173 1.74538,
	12.6168 1.74891,
	12.616 1.75068,
	12.6151 1.75774,
	12.6138 1.76127,
	12.6138 1.76303,
	12.6102 1.77009,
	12.6089 1.77186,
	12.6089 1.77274,
	12.6063 1.77627,
	12.6054 1.77716,
	12.6054 1.77804,
	12.6027 1.78113,
	12.5974 1.78598,
	12.5939 1.78731,
	12.5921 1.78819,
	12.5851 1.78863,
	12.5815 1.78863,
	12.5807 1.78863,
	12.5767 1.78775,
	12.5758 1.78687,
	12.5723 1.78642,
	12.5581 1.78069,
	12.5511 1.77671,
	12.544 1.77186,
	12.5378 1.7648,
	12.533 1.75774,
	12.5308 1.75421,
	12.5281 1.74714,
	12.5264 1.74361,
	12.525 1.73655,
	12.5242 1.72243,
	12.5237 1.7189,
	12.5237 1.71713,
	"/>
</Transform>

<Transform dim="1"
 xcoef=" 0.119559245889308 1 0 0 0 0"
 ycoef=" 0.366109129197522 0 1 0 0 0">
<Contour name="d046_p23" hidden="false" closed="true" simplified="true" border="1 1 0" fill="1 1 0" mode="11"
 points="12.964 2.90229,
	12.9797 2.90082,
	13.011 2.89543,
	13.0267 2.88905,
	13.0307 2.88611,
	13.0326 2.88513,
	13.0336 2.88415,
	13.0346 2.88415,
	13.0356 2.88317,
	13.0375 2.88268,
	13.0414 2.87974,
	13.0454 2.87778,
	13.0473 2.87631,
	13.0552 2.87336,
	13.0562 2.87238,
	13.0581 2.87189,
	13.0738 2.86209,
	13.0777 2.85963,
	13.0797 2.85767,
	13.0836 2.85522,
	13.0905 2.84738,
	13.0919 2.84541,
	13.0924 2.84345,
	13.0973 2.83561,
	13.0998 2.83169,
	13.0998 2.8307,
	13.1008 2.82972,
	13.1008 2.82874,
	13.1022 2.82678,
	13.1027 2.82482,
	13.1042 2.82286,
	13.1062 2.81501,
	13.1076 2.81305,
	13.1076 2.81109,
	13.1091 2.80717,
	13.1121 2.80325,
	13.1155 2.7954,
	13.116 2.79393,
	13.1165 2.79344,
	13.1189 2.80128,
	13.1194 2.80521,
	13.1204 2.80717,
	13.1204 2.80913,
	13.1214 2.81109,
	13.1219 2.81501,
	13.1243 2.82286,
	13.1258 2.8307,
	13.1258 2.83267,
	13.1258 2.83365,
	13.1277 2.83463,
	13.1297 2.84247,
	13.1302 2.85032,
	13.1336 2.85816,
	13.1361 2.86209,
	13.1405 2.87778,
	13.1434 2.88121,
	13.1444 2.88023,
	13.1444 2.87974,
	13.1547 2.89543,
	13.166 2.91112,
	13.1679 2.91504,
	13.1689 2.917,
	13.1724 2.92093,
	13.1709 2.93662,
	13.1704 2.94054,
	13.1704 2.9425,
	13.1577 2.95819,
	13.1562 2.96015,
	13.1523 2.96211,
	13.1483 2.9626,
	13.1326 2.96162,
	13.1287 2.96113,
	13.113 2.95525,
	13.1052 2.95133,
	13.1013 2.94986,
	13.0856 2.94937,
	13.0777 2.94937,
	13.0738 2.94986,
	13.0424 2.94691,
	13.0346 2.94642,
	13.0189 2.94103,
	13.0032 2.93367,
	12.9954 2.92828,
	12.9934 2.92681,
	12.9924 2.9273,
	12.9885 2.92387,
	12.9875 2.92191,
	12.9797 2.91553,
	12.9757 2.91308,
	12.9684 2.90671,
	12.9664 2.90475,
	12.9645 2.90376,
	12.964 2.90278,
	"/>
</Transform>

<Transform dim="1"
 xcoef=" 0.0195592458893088 1 0 0 0 0"
 ycoef=" 0.376109129197522 0 1 0 0 0">
<Contour name="d046_o23" hidden="false" closed="true" simplified="false" border="1 0 0" fill="1 0 0" mode="-13"
 points="12.8892 2.82879,
	12.9225 2.82879,
	12.9058 2.85932,
	"/>
</Transform>

<Transform dim="1"
 xcoef=" 0.119559245889308 1 0 0 0 0"
 ycoef=" 0.366109129197522 0 1 0 0 0">
<Contour name="d046_checked" hidden="false" closed="true" simplified="false" border="0 1 0" fill="0 1 0" mode="-13"
 points="12.9966 2.8367,
	13.003 2.82784,
	12.9966 2.81898,
	13.0004 2.81898,
	13.0055 2.82658,
	13.0106 2.81898,
	13.0144 2.81898,
	13.008 2.82784,
	13.0144 2.8367,
	13.0106 2.8367,
	13.0055 2.82911,
	13.0004 2.8367,
	"/>
</Transform>

<Transform dim="1"
 xcoef=" 0.119559245889308 1 0 0 0 0"
 ycoef=" 0.366109129197522 0 1 0 0 0">
<Contour name="d046" hidden="false" closed="true" simplified="true" border="1 1 0" fill="1 1 0" mode="11"
 points="12.4553 2.49386,
	12.4596 2.46579,
	12.4605 2.45175,
	12.4588 2.42368,
	12.4579 2.41667,
	12.4605 2.38859,
	12.4702 2.33245,
	12.4763 2.30438,
	12.4877 2.27631,
	12.4947 2.26228,
	12.5342 2.20614,
	12.5517 2.17807,
	12.5816 2.12193,
	12.5947 2.09386,
	12.6053 2.06579,
	12.6333 2.00965,
	12.6368 2.00263,
	12.6386 1.99912,
	12.6526 1.98947,
	12.6807 1.97456,
	12.7088 1.95614,
	12.7368 1.9421,
	12.7439 1.9386,
	12.7474 1.93684,
	12.7544 1.93596,
	12.7579 1.93684,
	12.7719 1.92895,
	12.7789 1.92456,
	12.786 1.91842,
	12.7895 1.91667,
	12.7965 1.90965,
	12.8035 1.90614,
	12.8175 1.90175,
	12.8246 1.89912,
	12.8289 1.89474,
	12.836 1.89298,
	12.8395 1.89123,
	12.8465 1.89123,
	12.8482 1.89123,
	12.8553 1.89561,
	12.8623 1.89824,
	12.8658 1.90088,
	12.8693 1.90088,
	12.8974 1.91667,
	12.9114 1.92193,
	12.9254 1.92982,
	12.9395 1.94298,
	12.9465 1.95,
	12.95 1.95351,
	12.9526 1.96052,
	12.9517 1.97456,
	12.9544 1.9886,
	12.9658 2.01667,
	12.971 2.0307,
	12.971 2.03772,
	12.9772 2.05175,
	12.9746 2.06579,
	12.9737 2.07281,
	12.971 2.07982,
	12.9702 2.08333,
	12.9737 2.09035,
	12.9789 2.09737,
	12.9842 2.1114,
	12.9868 2.12544,
	12.9886 2.13245,
	12.986 2.14649,
	12.9851 2.15351,
	12.9772 2.18158,
	12.9763 2.18859,
	12.9772 2.19561,
	12.9982 2.25175,
	13.0079 2.27982,
	13.0105 2.29386,
	13.0105 2.32193,
	13.0105 2.33596,
	13.0105 2.34298,
	13.0167 2.35702,
	13.0202 2.36403,
	13.043 2.3921,
	13.0719 2.44824,
	13.0746 2.45526,
	13.0763 2.48333,
	13.0798 2.49035,
	13.0816 2.50438,
	13.0789 2.53245,
	13.0763 2.53947,
	13.0754 2.54298,
	13.0807 2.55702,
	13.0833 2.58509,
	13.0895 2.61316,
	13.107 2.6693,
	13.1149 2.69737,
	13.1193 2.75351,
	13.1219 2.80965,
	13.121 2.83772,
	13.1175 2.85175,
	13.1123 2.86579,
	13.1053 2.87982,
	13.1009 2.88684,
	13.0939 2.89386,
	13.0912 2.89737,
	13.0842 2.9,
	13.0781 2.90614,
	13.05 2.91491,
	13.0219 2.91754,
	12.9939 2.91842,
	12.9868 2.91842,
	12.9798 2.91491,
	12.9728 2.90965,
	12.9693 2.90789,
	12.9553 2.90702,
	12.9412 2.90789,
	12.9131 2.91228,
	12.9096 2.91316,
	12.8956 2.9114,
	12.8886 2.91052,
	12.8324 2.89123,
	12.8184 2.88596,
	12.8044 2.88245,
	12.7974 2.8807,
	12.7693 2.88245,
	12.7553 2.88421,
	12.7272 2.89123,
	12.7131 2.89561,
	12.6991 2.90263,
	12.6921 2.90614,
	12.6781 2.91754,
	12.6219 2.95351,
	12.5939 2.97105,
	12.5798 2.97631,
	12.5763 2.97719,
	12.5746 2.97807,
	12.5675 2.97456,
	12.5605 2.96754,
	12.5561 2.96052,
	12.5412 2.90438,
	12.5342 2.87631,
	12.5298 2.86228,
	12.5158 2.83421,
	12.5044 2.80614,
	12.4982 2.7921,
	12.4824 2.76403,
	12.4781 2.75702,
	12.4719 2.74298,
	12.471 2.72895,
	12.4702 2.72193,
	12.471 2.70789,
	12.4719 2.70088,
	12.4658 2.64474,
	12.457 2.53245,
	12.4553 2.50438,
	12.4553 2.49737,
	12.4553 2.49474,
	"/>
</Transform>

<Transform dim="1"
 xcoef=" 0.119559245889308 1 0 0 0 0"
 ycoef=" 0.366109129197522 0 1 0 0 0">
<Contour name="d046_p24" hidden="false" closed="true" simplified="true" border="1 1 0" fill="1 1 0" mode="11"
 points="12.7947 1.91228,
	12.8017 1.90965,
	12.8088 1.90526,
	12.8228 1.89912,
	12.8298 1.89737,
	12.8333 1.89649,
	12.8351 1.89474,
	12.8351 1.89298,
	12.8491 1.88947,
	12.8631 1.8886,
	12.8772 1.88947,
	12.8912 1.8921,
	12.9053 1.89123,
	12.9193 1.88772,
	12.9263 1.88684,
	12.9333 1.88333,
	12.9368 1.88158,
	12.9439 1.8807,
	12.9509 1.87807,
	12.9544 1.87631,
	12.9684 1.87544,
	12.9754 1.87456,
	12.9895 1.87544,
	12.9956 1.87982,
	13 1.89386,
	13.0009 1.90789,
	12.9982 1.92193,
	12.9974 1.92544,
	12.9956 1.92719,
	12.9947 1.9307,
	12.9886 1.93772,
	12.9851 1.94035,
	12.971 1.94386,
	12.964 1.94912,
	12.9596 1.95614,
	12.9579 1.95789,
	12.957 1.9614,
	12.9553 1.96316,
	12.9553 1.96491,
	12.9535 1.96667,
	12.9517 1.99474,
	12.9377 1.98421,
	12.9307 1.9807,
	12.9237 1.97456,
	12.9202 1.97368,
	12.9184 1.97193,
	12.9149 1.97105,
	12.9079 1.96579,
	12.8798 1.95175,
	12.8237 1.9193,
	12.8167 1.91754,
	12.8131 1.91579,
	12.7991 1.91403,
	12.7956 1.91316,
	"/>
</Transform>

<Transform dim="1"
 xcoef=" 0.0895592458893085 1 0 0 0 0"
 ycoef=" 0.426109129197523 0 1 0 0 0">
<Contour name="d046_o24" hidden="false" closed="true" simplified="false" border="1 0 0" fill="1 0 0" mode="-13"
 points="12.8101 2.039,
	12.8434 2.039,
	12.8268 2.06953,
	"/>
</Transform>

<Transform dim="1"
 xcoef=" 0.119559245889308 1 0 0 0 0"
 ycoef=" 0.366109129197522 0 1 0 0 0">
<Contour name="d046_checked" hidden="false" closed="true" simplified="false" border="0 1 0" fill="0 1 0" mode="-13"
 points="12.8446 2.00401,
	12.8538 1.99112,
	12.8446 1.97824,
	12.8501 1.97824,
	12.8575 1.98928,
	12.8649 1.97824,
	12.8704 1.97824,
	12.8612 1.99112,
	12.8704 2.00401,
	12.8649 2.00401,
	12.8575 1.99296,
	12.8501 2.00401,
	"/>
</Transform>

<Transform dim="1"
 xcoef=" 0.119559245889308 1 0 0 0 0"
 ycoef=" 0.366109129197522 0 1 0 0 0">
<Contour name="D046_ax01" hidden="false" closed="true" simplified="false" border="0 1 1" fill="0 1 1" mode="-11"
 points="9.92542 6.53166,
	9.9358 6.52127,
	9.89425 6.47972,
	9.90464 6.46933,
	9.94619 6.51088,
	9.95658 6.5005,
	9.95658 6.53166,
	"/>
</Transform>

<Transform dim="1"
 xcoef=" 0.119559245889308 1 0 0 0 0"
 ycoef=" 0.366109129197522 0 1 0 0 0">
<Contour name="D046 ax01??" hidden="false" closed="true" simplified="false" border="1 1 0" fill="1 1 0" mode="11"
 points="7.51365 5.78408,
	7.489 5.78408,
	7.489 5.7964,
	7.50133 5.80873,
	7.53831 5.82106,
	7.51365 5.83338,
	7.50133 5.85804,
	7.47667 5.83338,
	7.46435 5.80873,
	7.46435 5.78408,
	7.43969 5.78408,
	7.47667 5.75942,
	"/>
</Transform>

<Transform dim="1"
 xcoef=" 0.119559245889308 1 0 0 0 0"
 ycoef=" 0.366109129197522 0 1 0 0 0">
<Contour name="D020 sym cand 2_confirmedDDH" hidden="false" closed="true" simplified="true" border="0 1 1" fill="0 1 1" mode="-11"
 points="9.94247 6.32683,
	9.94381 6.30604,
	9.94779 6.28568,
	9.95433 6.26615,
	9.9633 6.24786,
	9.97451 6.23117,
	9.98774 6.21644,
	10.0027 6.20395,
	10.0191 6.19396,
	10.0367 6.18668,
	10.055 6.18225,
	10.0736 6.18076,
	10.0923 6.18225,
	10.1106 6.18668,
	10.1281 6.19396,
	10.1445 6.20395,
	10.1595 6.21644,
	10.1728 6.23117,
	10.184 6.24786,
	10.1929 6.26615,
	10.1995 6.28568,
	10.2035 6.30604,
	10.2048 6.32683,
	10.2035 6.34761,
	10.1995 6.36798,
	10.1929 6.3875,
	10.184 6.40579,
	10.1728 6.42248,
	10.1595 6.43721,
	10.1445 6.4497,
	10.1281 6.45969,
	10.1106 6.46697,
	10.0923 6.4714,
	10.0736 6.47289,
	10.055 6.4714,
	10.0367 6.46697,
	10.0191 6.45969,
	10.0027 6.4497,
	9.98774 6.43721,
	9.97451 6.42248,
	9.9633 6.40579,
	9.95433 6.3875,
	9.94779 6.36798,
	9.94381 6.34761,
	"/>
</Transform>

<Transform dim="1"
 xcoef=" 0.119559245889308 1 0 0 0 0"
 ycoef=" 0.366109129197522 0 1 0 0 0">
<Contour name="D037" hidden="false" closed="true" simplified="true" border="0 0 1" fill="0 0 1" mode="11"
 points="12.6313 0.415166,
	12.633 0.399385,
	12.638 0.384023,
	12.6463 0.36949,
	12.6575 0.356169,
	12.6714 0.344417,
	12.6876 0.334545,
	12.7058 0.326815,
	12.7253 0.321434,
	12.7457 0.318543,
	12.7665 0.31822,
	12.787 0.320473,
	12.8068 0.325243,
	12.8254 0.332403,
	12.8421 0.341762,
	12.8567 0.353071,
	12.8686 0.366031,
	12.8776 0.380297,
	12.8835 0.395489,
	12.886 0.411204,
	12.8851 0.427025,
	12.8809 0.44253,
	12.8735 0.457308,
	12.863 0.470966,
	12.8497 0.483142,
	12.834 0.49351,
	12.8163 0.501797,
	12.7971 0.507782,
	12.7768 0.511305,
	12.7561 0.512273,
	12.7354 0.510661,
	12.7154 0.506511,
	12.6965 0.499934,
	12.6793 0.491103,
	12.6641 0.480255,
	12.6515 0.467677,
	12.6417 0.453704,
	12.6351 0.438706,
	"/>
</Transform>

<Transform dim="1"
 xcoef=" 0.119559245889308 1 0 0 0 0"
 ycoef=" 0.366109129197522 0 1 0 0 0">
<Contour name="D020" hidden="false" closed="true" simplified="true" border="0 0 1" fill="0 0 1" mode="11"
 points="10.2472 6.33073,
	10.249 6.31157,
	10.2544 6.29295,
	10.2631 6.27539,
	10.275 6.25938,
	10.2898 6.24536,
	10.3069 6.23374,
	10.326 6.22484,
	10.3465 6.2189,
	10.3678 6.21609,
	10.3893 6.21649,
	10.4105 6.22009,
	10.4306 6.22679,
	10.4493 6.2364,
	10.4659 6.24866,
	10.4799 6.26321,
	10.4911 6.27965,
	10.499 6.29753,
	10.5035 6.31633,
	10.5044 6.33554,
	10.5017 6.35461,
	10.4955 6.37301,
	10.4859 6.39023,
	10.4733 6.40578,
	10.4579 6.41923,
	10.4402 6.43021,
	10.4207 6.43839,
	10.4 6.44356,
	10.3786 6.44557,
	10.3571 6.44436,
	10.3361 6.43997,
	10.3163 6.43252,
	10.2981 6.42222,
	10.2821 6.40936,
	10.2687 6.39429,
	10.2583 6.37745,
	10.2513 6.35929,
	"/>
</Transform>

<Transform dim="1"
 xcoef=" 0.119559245889308 1 0 0 0 0"
 ycoef=" 0.366109129197522 0 1 0 0 0">
<Contour name="D058_ax01" hidden="false" closed="true" simplified="false" border="0 1 1" fill="0 1 1" mode="11"
 points="3.42073 5.64678,
	3.43585 5.63166,
	3.37538 5.57118,
	3.3905 5.55606,
	3.45097 5.61654,
	3.46609 5.60142,
	3.46609 5.64678,
	"/>
<Contour name="D058_ax01" hidden="false" closed="true" simplified="false" border="0 1 1" fill="0 1 1" mode="11"
 points="3.3338 4.98909,
	3.34892 4.97397,
	3.28844 4.9135,
	3.30356 4.89838,
	3.36404 4.95885,
	3.37916 4.94373,
	3.37916 4.98909,
	"/>
</Transform>

<Transform dim="1"
 xcoef=" 0.119559245889308 1 0 0 0 0"
 ycoef=" 0.366109129197522 0 1 0 0 0">
<Contour name="D060_large" hidden="false" closed="true" simplified="true" border="0 0 1" fill="0 0 1" mode="11"
 points="2.85172 1.09866,
	2.85317 1.06762,
	2.85748 1.03715,
	2.86459 1.0078,
	2.87435 0.980099,
	2.88659 0.954565,
	2.90109 0.931658,
	2.91759 0.911795,
	2.93578 0.895339,
	2.95533 0.882589,
	2.97588 0.873778,
	2.99706 0.869067,
	3.01849 0.868542,
	3.03978 0.872212,
	3.06052 0.880009,
	3.08036 0.891793,
	3.09892 0.907349,
	3.11587 0.926391,
	3.13089 0.948575,
	3.14372 0.973494,
	3.15412 1.0007,
	3.1619 1.02968,
	3.16692 1.05993,
	3.16909 1.09088,
	3.16837 1.12197,
	3.16477 1.15264,
	3.15835 1.18232,
	3.14924 1.21048,
	3.1376 1.2366,
	3.12364 1.26021,
	3.10761 1.28087,
	3.08982 1.29821,
	3.07058 1.31191,
	3.05024 1.32172,
	3.02918 1.32747,
	3.00777 1.32904,
	2.98642 1.32642,
	2.9655 1.31964,
	2.9454 1.30884,
	2.92649 1.2942,
	2.90911 1.276,
	2.89358 1.25457,
	2.88017 1.23029,
	2.86915 1.20361,
	2.86069 1.17502,
	2.85497 1.14504,
	"/>
</Transform>

<Transform dim="1"
 xcoef=" 0.119559245889308 1 0 0 0 0"
 ycoef=" 0.366109129197522 0 1 0 0 0">
<Contour name="D022" hidden="false" closed="true" simplified="true" border="0 0 1" fill="0 0 1" mode="11"
 points="16.2823 4.56263,
	16.2831 4.54755,
	16.2855 4.53268,
	16.2894 4.51825,
	16.2947 4.50445,
	16.3015 4.49148,
	16.3096 4.47952,
	16.3189 4.46876,
	16.3292 4.45934,
	16.3405 4.4514,
	16.3524 4.44505,
	16.365 4.44038,
	16.378 4.43746,
	16.3912 4.43633,
	16.4044 4.43701,
	16.4174 4.43948,
	16.4301 4.44372,
	16.4423 4.44966,
	16.4537 4.45721,
	16.4643 4.46628,
	16.4738 4.47672,
	16.4822 4.48839,
	16.4894 4.50112,
	16.4951 4.51473,
	16.4994 4.52903,
	16.5021 4.5438,
	16.5033 4.55885,
	16.5029 4.57395,
	16.5009 4.58889,
	16.4974 4.60346,
	16.4924 4.61744,
	16.486 4.63063,
	16.4782 4.64285,
	16.4692 4.65393,
	16.4591 4.6637,
	16.4481 4.67202,
	16.4363 4.67878,
	16.4238 4.68388,
	16.4109 4.68724,
	16.3978 4.68882,
	16.3846 4.68859,
	16.3715 4.68656,
	16.3587 4.68276,
	16.3464 4.67724,
	16.3347 4.67008,
	16.3239 4.66139,
	16.3141 4.65128,
	16.3054 4.6399,
	16.2979 4.62742,
	16.2919 4.61401,
	16.2872 4.59986,
	16.2841 4.58518,
	"/>
</Transform>

<Transform dim="1"
 xcoef=" 0.119559245889308 1 0 0 0 0"
 ycoef=" 0.366109129197522 0 1 0 0 0">
<Contour name="D033" hidden="false" closed="true" simplified="true" border="0 0 1" fill="0 0 1" mode="11"
 points="10.3954 2.44796,
	10.3962 2.43821,
	10.3984 2.42865,
	10.4021 2.41945,
	10.4071 2.41079,
	10.4135 2.40284,
	10.4209 2.39575,
	10.4294 2.38966,
	10.4387 2.38467,
	10.4488 2.38089,
	10.4592 2.37839,
	10.47 2.37721,
	10.4809 2.37738,
	10.4916 2.37889,
	10.502 2.38172,
	10.5118 2.38581,
	10.521 2.39108,
	10.5292 2.39744,
	10.5364 2.40475,
	10.5424 2.41289,
	10.5471 2.4217,
	10.5504 2.43101,
	10.5523 2.44064,
	10.5527 2.45041,
	10.5515 2.46013,
	10.5489 2.46962,
	10.5449 2.4787,
	10.5396 2.4872,
	10.5329 2.49494,
	10.5252 2.5018,
	10.5165 2.50763,
	10.507 2.51232,
	10.4968 2.51578,
	10.4862 2.51796,
	10.4754 2.5188,
	10.4646 2.5183,
	10.4539 2.51645,
	10.4437 2.5133,
	10.434 2.50891,
	10.4251 2.50336,
	10.4171 2.49675,
	10.4101 2.48921,
	10.4045 2.48089,
	10.4001 2.47194,
	10.3971 2.46253,
	"/>
</Transform>

<Transform dim="1"
 xcoef=" 0.119559245889308 1 0 0 0 0"
 ycoef=" 0.366109129197522 0 1 0 0 0">
<Contour name="D058" hidden="false" closed="true" simplified="true" border="0 0 1" fill="0 0 1" mode="11"
 points="5.20501 10.8183,
	5.2059 10.8078,
	5.20854 10.7976,
	5.21286 10.788,
	5.21875 10.7792,
	5.22605 10.7714,
	5.23457 10.7649,
	5.24407 10.7598,
	5.25432 10.7562,
	5.26503 10.7543,
	5.27592 10.7541,
	5.2867 10.7556,
	5.29709 10.7587,
	5.30681 10.7635,
	5.31559 10.7697,
	5.32322 10.7772,
	5.32947 10.7857,
	5.3342 10.7952,
	5.33727 10.8052,
	5.3386 10.8156,
	5.33816 10.8261,
	5.33595 10.8364,
	5.33204 10.8462,
	5.32653 10.8552,
	5.31956 10.8633,
	5.31133 10.8701,
	5.30205 10.8756,
	5.29196 10.8796,
	5.28134 10.8819,
	5.27047 10.8826,
	5.25963 10.8815,
	5.24912 10.8788,
	5.23921 10.8744,
	5.23017 10.8686,
	5.22224 10.8614,
	5.21562 10.853,
	5.2105 10.8438,
	5.207 10.8339,
	"/>
</Transform>

<Transform dim="1"
 xcoef=" 0.142178532238207 1 0 0 0 0"
 ycoef=" -0.156396385462027 0 1 0 0 0">
<Contour name="d020" hidden="false" closed="true" simplified="true" border="1 1 0" fill="1 1 0" mode="11"
 points="10.0666 5.67746,
	10.0693 5.67046,
	10.071 5.6425,
	10.0719 5.6355,
	10.0745 5.62851,
	10.0754 5.62152,
	10.078 5.61453,
	10.0798 5.60055,
	10.0806 5.59355,
	10.092 5.56559,
	10.106 5.53762,
	10.1103 5.53063,
	10.1226 5.51752,
	10.1506 5.49916,
	10.1785 5.48343,
	10.1855 5.47906,
	10.2109 5.45197,
	10.224 5.43886,
	10.231 5.43274,
	10.2345 5.42924,
	10.2476 5.42225,
	10.2546 5.4205,
	10.2581 5.41875,
	10.2615 5.41875,
	10.2685 5.41526,
	10.2825 5.41176,
	10.3105 5.40914,
	10.3175 5.40914,
	10.321 5.40914,
	10.3341 5.40302,
	10.3481 5.39341,
	10.3621 5.38554,
	10.369 5.38205,
	10.397 5.3768,
	10.411 5.37768,
	10.418 5.37855,
	10.446 5.39341,
	10.4739 5.41089,
	10.5019 5.42487,
	10.5159 5.43623,
	10.529 5.45022,
	10.536 5.45721,
	10.543 5.46245,
	10.557 5.46682,
	10.5709 5.46945,
	10.5779 5.47119,
	10.5814 5.47207,
	10.5884 5.47731,
	10.5919 5.47906,
	10.5937 5.47906,
	10.6007 5.48605,
	10.6059 5.50004,
	10.6085 5.50703,
	10.6103 5.52101,
	10.6103 5.528,
	10.605 5.54199,
	10.5954 5.55597,
	10.5814 5.58394,
	10.5788 5.59093,
	10.5771 5.59443,
	10.5762 5.60142,
	10.5762 5.60492,
	10.5806 5.61191,
	10.5945 5.62152,
	10.6015 5.62414,
	10.6155 5.63463,
	10.619 5.63725,
	10.6208 5.63725,
	10.6278 5.64337,
	10.6312 5.64599,
	10.6374 5.65998,
	10.6391 5.67396,
	10.6391 5.68095,
	10.6365 5.68794,
	10.6321 5.69494,
	10.6295 5.70193,
	10.6269 5.70542,
	10.6225 5.71941,
	10.6208 5.73339,
	10.6234 5.76136,
	10.6225 5.76835,
	10.6225 5.77185,
	10.6181 5.77884,
	10.6129 5.79282,
	10.6103 5.79632,
	10.605 5.8103,
	10.6007 5.8173,
	10.598 5.82429,
	10.5578 5.88022,
	10.5369 5.90819,
	10.5272 5.92217,
	10.522 5.92917,
	10.5089 5.94315,
	10.5028 5.95014,
	10.4888 5.96063,
	10.4818 5.965,
	10.4678 5.96762,
	10.4643 5.96762,
	10.4608 5.96937,
	10.4468 5.97024,
	10.4398 5.97112,
	10.4259 5.97724,
	10.4189 5.98073,
	10.4049 5.98161,
	10.3909 5.98073,
	10.3769 5.97811,
	10.3699 5.97636,
	10.3559 5.97811,
	10.3489 5.97811,
	10.321 5.99122,
	10.314 5.99559,
	10.3 5.99559,
	10.293 5.99559,
	10.279 5.99209,
	10.265 5.99209,
	10.2581 5.99209,
	10.2301 6.00695,
	10.2161 6.01394,
	10.2021 6.02268,
	10.1951 6.02618,
	10.1881 6.02705,
	10.1846 6.02705,
	10.1707 6.01831,
	10.161 6.00433,
	10.1549 5.99035,
	10.1488 5.96238,
	10.1462 5.94839,
	10.1339 5.92043,
	10.1278 5.90644,
	10.1235 5.89246,
	10.1217 5.88547,
	10.1147 5.87148,
	10.0981 5.84352,
	10.0902 5.82953,
	10.0841 5.81555,
	10.0763 5.78758,
	10.0719 5.7736,
	10.0675 5.74563,
	10.0666 5.68969,
	10.0666 5.6827,
	10.0666 5.6792,
	10.0666 5.67833,
	"/>
</Transform>

<Transform dim="1"
 xcoef=" 0.142178532238207 1 0 0 0 0"
 ycoef=" -0.156396385462027 0 1 0 0 0">
<Contour name="d020_p10" hidden="false" closed="true" simplified="true" border="1 1 0" fill="1 1 0" mode="11"
 points="9.85286 4.98905,
	9.85611 4.97604,
	9.85855 4.96953,
	9.86262 4.96302,
	9.86424 4.96058,
	9.8675 4.95733,
	9.874 4.95327,
	9.88701 4.94839,
	9.90003 4.94839,
	9.91304 4.95001,
	9.92605 4.95489,
	9.93255 4.95814,
	9.93418 4.95977,
	9.93743 4.96058,
	9.94963 4.97116,
	9.96102 4.98335,
	9.9659 4.98986,
	9.96752 4.99311,
	9.96752 4.99474,
	9.96915 4.99637,
	9.97403 5.00938,
	9.98053 5.0354,
	9.98135 5.04191,
	9.99192 5.06793,
	9.9968 5.08094,
	10.0041 5.09395,
	10.0155 5.10615,
	10.0399 5.12485,
	10.0497 5.13542,
	10.0594 5.14762,
	10.061 5.15088,
	10.0667 5.15738,
	10.07 5.16307,
	10.0724 5.16633,
	10.0741 5.16795,
	10.0741 5.16958,
	10.0757 5.17039,
	10.0757 5.17202,
	10.0773 5.17365,
	10.0773 5.17527,
	10.0789 5.1769,
	10.0806 5.1834,
	10.0797 5.19642,
	10.0765 5.20292,
	10.0651 5.21512,
	10.0619 5.21837,
	10.0553 5.22163,
	10.0521 5.22244,
	10.0505 5.22244,
	10.0488 5.22406,
	10.0358 5.22976,
	10.0326 5.23138,
	10.0066 5.2322,
	9.99354 5.22976,
	9.96752 5.21919,
	9.95451 5.21187,
	9.94801 5.20699,
	9.94475 5.20536,
	9.93255 5.19316,
	9.9293 5.18747,
	9.92361 5.18096,
	9.92198 5.17771,
	9.92036 5.1769,
	9.92036 5.17527,
	9.9171 5.17202,
	9.90897 5.15982,
	9.90247 5.14681,
	9.90003 5.14356,
	9.90003 5.14193,
	9.8984 5.1403,
	9.8984 5.13868,
	9.88295 5.11347,
	9.87563 5.10046,
	9.87319 5.0972,
	9.86831 5.08419,
	9.86668 5.08257,
	9.86343 5.05654,
	9.85693 5.03052,
	9.85286 5.0045,
	9.85286 4.99149,
	9.85286 4.98986,
	"/>
</Transform>

<Transform dim="1"
 xcoef=" 0.142178532238207 1 0 0 0 0"
 ycoef=" -0.156396385462027 0 1 0 0 0">
<Contour name="d020_p10" hidden="false" closed="true" simplified="true" border="1 1 0" fill="1 1 0" mode="11"
 points="9.10037 4.80273,
	9.10537 4.79129,
	9.10609 4.78842,
	9.11038 4.7827,
	9.11181 4.78127,
	9.11181 4.77984,
	9.11682 4.77483,
	9.12398 4.7641,
	9.13471 4.75408,
	9.14544 4.74621,
	9.15045 4.74264,
	9.15331 4.74192,
	9.15903 4.73834,
	9.16046 4.73691,
	9.16189 4.73691,
	9.16261 4.73548,
	9.16547 4.73477,
	9.17119 4.73119,
	9.17406 4.72976,
	9.17549 4.72976,
	9.17692 4.72833,
	9.19981 4.7176,
	9.20554 4.71616,
	9.20625 4.71473,
	9.2177 4.70973,
	9.22056 4.70829,
	9.22199 4.70829,
	9.22342 4.70686,
	9.22628 4.70615,
	9.22771 4.70472,
	9.23344 4.70329,
	9.23415 4.70186,
	9.23988 4.69971,
	9.24274 4.69828,
	9.24417 4.69828,
	9.24703 4.69613,
	9.24846 4.69613,
	9.24989 4.6947,
	9.26134 4.69041,
	9.2642 4.68898,
	9.26563 4.68898,
	9.26849 4.68683,
	9.27994 4.68254,
	9.2828 4.68182,
	9.28566 4.67968,
	9.29711 4.6761,
	9.29854 4.67467,
	9.30427 4.67324,
	9.30999 4.67038,
	9.31142 4.67038,
	9.31214 4.66895,
	9.31786 4.66751,
	9.32072 4.66537,
	9.33217 4.66036,
	9.33789 4.6575,
	9.34075 4.65607,
	9.34147 4.65464,
	9.34433 4.65392,
	9.35005 4.65034,
	9.35148 4.65034,
	9.3522 4.64891,
	9.35363 4.64891,
	9.36436 4.64033,
	9.36722 4.6389,
	9.37653 4.6296,
	9.38368 4.61815,
	9.38368 4.61672,
	9.38583 4.61386,
	9.38654 4.611,
	9.38869 4.60813,
	9.39083 4.60241,
	9.39226 4.60098,
	9.39226 4.59955,
	9.39584 4.59382,
	9.39942 4.58953,
	9.408 4.57809,
	9.41444 4.56664,
	9.41731 4.54374,
	9.41373 4.49796,
	9.41373 4.48651,
	9.42088 4.44072,
	9.42446 4.42927,
	9.42661 4.42641,
	9.4495 4.41425,
	9.46095 4.4121,
	9.47239 4.4121,
	9.48384 4.41425,
	9.49529 4.41854,
	9.50101 4.4214,
	9.50387 4.42284,
	9.5053 4.42427,
	9.50673 4.42427,
	9.51818 4.43071,
	9.52891 4.44001,
	9.53178 4.44287,
	9.53392 4.4443,
	9.53607 4.44716,
	9.53821 4.44859,
	9.54394 4.45431,
	9.55181 4.46505,
	9.55252 4.46791,
	9.55395 4.46934,
	9.55682 4.48079,
	9.56111 4.49223,
	9.56755 4.51513,
	9.57184 4.52657,
	9.57756 4.53802,
	9.59259 4.56091,
	9.59903 4.57236,
	9.60403 4.57809,
	9.61405 4.58596,
	9.62478 4.59526,
	9.62907 4.60026,
	9.63051 4.60313,
	9.63194 4.60456,
	9.63194 4.60599,
	9.63337 4.6067,
	9.63337 4.60813,
	9.6348 4.60956,
	9.6348 4.611,
	9.63694 4.61386,
	9.64195 4.6253,
	9.64338 4.63675,
	9.64481 4.64247,
	9.6441 4.66537,
	9.63909 4.67682,
	9.63051 4.68755,
	9.62478 4.69327,
	9.62049 4.69756,
	9.61834 4.70043,
	9.6162 4.70186,
	9.60618 4.71259,
	9.59545 4.72189,
	9.57542 4.73763,
	9.55324 4.75051,
	9.54751 4.75337,
	9.54465 4.75551,
	9.54179 4.75623,
	9.54036 4.75766,
	9.5375 4.75838,
	9.53464 4.76052,
	9.53178 4.76124,
	9.52891 4.76338,
	9.52605 4.7641,
	9.5146 4.77054,
	9.50888 4.77268,
	9.50602 4.77483,
	9.5003 4.77626,
	9.49887 4.77769,
	9.48742 4.78127,
	9.46452 4.78556,
	9.44163 4.78771,
	9.43018 4.78985,
	9.40729 4.79772,
	9.39584 4.80273,
	9.39012 4.80416,
	9.38869 4.80559,
	9.36579 4.81132,
	9.3429 4.81847,
	9.33718 4.82062,
	9.33431 4.82205,
	9.33288 4.82205,
	9.33145 4.82348,
	9.32001 4.82777,
	9.31857 4.82777,
	9.31786 4.8292,
	9.30641 4.83421,
	9.30355 4.83564,
	9.30212 4.83564,
	9.30069 4.83707,
	9.28924 4.84137,
	9.28781 4.8428,
	9.27636 4.84709,
	9.27493 4.84852,
	9.25204 4.85568,
	9.24059 4.85854,
	9.1948 4.86498,
	9.17191 4.86927,
	9.16046 4.87213,
	9.15474 4.87356,
	9.14329 4.87285,
	9.13757 4.8707,
	9.13185 4.86712,
	9.12111 4.85639,
	9.11324 4.84637,
	9.10609 4.83493,
	9.10323 4.8292,
	9.10251 4.82348,
	9.10108 4.82062,
	9.10037 4.80917,
	9.10037 4.80345,
	"/>
</Transform>

<Transform dim="1"
 xcoef=" 0.142178532238207 1 0 0 0 0"
 ycoef=" -0.156396385462027 0 1 0 0 0">
<Contour name="d020_c07" hidden="false" closed="true" simplified="true" border="1 0 0" fill="1 0 0" mode="-11"
 points="9.28258 5.69125,
	9.28329 5.68555,
	9.284 5.6827,
	9.28436 5.68128,
	9.28507 5.68092,
	9.28614 5.67807,
	9.28828 5.67522,
	9.29042 5.67308,
	9.29113 5.67308,
	9.29327 5.67094,
	9.29398 5.67094,
	9.29469 5.67023,
	9.2954 5.67023,
	9.29576 5.66952,
	9.29719 5.66916,
	9.29968 5.66738,
	9.30111 5.66667,
	9.30182 5.66667,
	9.30217 5.66596,
	9.30289 5.66596,
	9.30574 5.66418,
	9.30716 5.66346,
	9.31286 5.66275,
	9.31856 5.66275,
	9.32141 5.66275,
	9.32711 5.66418,
	9.32996 5.66453,
	9.33068 5.66524,
	9.3321 5.66524,
	9.3435 5.66881,
	9.34885 5.67201,
	9.3517 5.67451,
	9.35312 5.67522,
	9.35597 5.67771,
	9.3574 5.67914,
	9.35811 5.67914,
	9.35954 5.68056,
	9.36524 5.68413,
	9.37628 5.69268,
	9.38661 5.70052,
	9.39231 5.70479,
	9.39516 5.70693,
	9.39623 5.708,
	9.39695 5.708,
	9.3998 5.71049,
	9.40229 5.71227,
	9.40371 5.7137,
	9.40443 5.7137,
	9.4055 5.71512,
	9.40835 5.71691,
	9.41939 5.72617,
	9.42474 5.73116,
	9.42723 5.73294,
	9.43186 5.73793,
	9.4372 5.74256,
	9.4397 5.74363,
	9.44112 5.74505,
	9.44362 5.74683,
	9.44504 5.74755,
	9.44647 5.74897,
	9.44932 5.7504,
	9.45003 5.75111,
	9.45146 5.75146,
	9.45644 5.75503,
	9.46214 5.76037,
	9.46499 5.76287,
	9.46963 5.76785,
	9.47176 5.77035,
	9.47461 5.77284,
	9.48352 5.78139,
	9.4853 5.78353,
	9.49457 5.79422,
	9.5024 5.80526,
	9.50597 5.81096,
	9.50775 5.81381,
	9.50846 5.81524,
	9.50917 5.81595,
	9.51381 5.82735,
	9.51452 5.8302,
	9.51523 5.83163,
	9.51523 5.83305,
	9.51594 5.83448,
	9.51701 5.84018,
	9.51772 5.8416,
	9.51915 5.85301,
	9.51986 5.86441,
	9.51986 5.87011,
	9.51986 5.87296,
	9.51844 5.87866,
	9.51381 5.89006,
	9.51274 5.89148,
	9.51238 5.89291,
	9.50882 5.89825,
	9.50704 5.9011,
	9.50454 5.90395,
	9.50312 5.90502,
	9.50027 5.90574,
	9.49884 5.90645,
	9.48744 5.90823,
	9.48174 5.90859,
	9.47889 5.90859,
	9.47319 5.90752,
	9.46749 5.90574,
	9.46464 5.90502,
	9.46179 5.9036,
	9.45039 5.90146,
	9.44967 5.90146,
	9.44896 5.90075,
	9.44611 5.90003,
	9.44326 5.89861,
	9.44255 5.89861,
	9.44112 5.89754,
	9.4397 5.89718,
	9.43685 5.8954,
	9.43614 5.89469,
	9.43542 5.89469,
	9.434 5.89362,
	9.43329 5.89291,
	9.43257 5.89291,
	9.43115 5.89148,
	9.43044 5.89148,
	9.42972 5.89077,
	9.42901 5.89077,
	9.4283 5.89006,
	9.42687 5.8897,
	9.42402 5.88792,
	9.4226 5.88721,
	9.42188 5.8865,
	9.42117 5.8865,
	9.4201 5.88543,
	9.41939 5.88543,
	9.41903 5.88471,
	9.41761 5.88436,
	9.41191 5.88044,
	9.40086 5.87367,
	9.39801 5.87189,
	9.3973 5.87189,
	9.39516 5.87011,
	9.38946 5.86654,
	9.38661 5.86476,
	9.3859 5.86405,
	9.38519 5.86405,
	9.38305 5.86227,
	9.37735 5.85764,
	9.36702 5.84837,
	9.36595 5.84695,
	9.36452 5.84624,
	9.36417 5.84552,
	9.36345 5.84552,
	9.35847 5.84089,
	9.35383 5.83697,
	9.34813 5.83234,
	9.34635 5.8302,
	9.3435 5.82807,
	9.33887 5.82236,
	9.33638 5.81951,
	9.33246 5.81488,
	9.33139 5.81346,
	9.33139 5.81275,
	9.32925 5.81061,
	9.32106 5.79956,
	9.30609 5.77819,
	9.30574 5.77676,
	9.30253 5.77106,
	9.30182 5.77035,
	9.29968 5.76465,
	9.2979 5.7618,
	9.2979 5.76108,
	9.29719 5.76037,
	9.29469 5.75467,
	9.29362 5.75182,
	9.29362 5.75111,
	9.29291 5.7504,
	9.29291 5.74968,
	9.2922 5.74897,
	9.28543 5.72617,
	9.28293 5.71477,
	9.28258 5.69197,
	9.28258 5.69161,
	"/>
</Transform>

<Transform dim="1"
 xcoef=" 0.142178532238207 1 0 0 0 0"
 ycoef=" -0.156396385462027 0 1 0 0 0">
<Contour name="d020_c09_shaft_symmetric" hidden="false" closed="true" simplified="true" border="0 0 1" fill="0 0 1" mode="11"
 points="9.99999 5.77441,
	10.0021 5.73988,
	10.0011 5.6708,
	10.0021 5.66648,
	10.0194 5.65029,
	10.054 5.64058,
	10.0626 5.63842,
	10.0669 5.63734,
	10.0842 5.64274,
	10.1014 5.65029,
	10.1187 5.66324,
	10.1263 5.67188,
	10.1295 5.6762,
	10.1479 5.74527,
	10.1565 5.77981,
	10.1608 5.79708,
	10.1619 5.8014,
	10.1543 5.87047,
	10.1522 5.90501,
	10.1511 5.91365,
	10.1511 5.91797,
	10.1511 5.92012,
	10.1166 5.92552,
	10.0993 5.92768,
	10.0648 5.91904,
	10.0604 5.91797,
	10.0432 5.90285,
	10.0345 5.8953,
	10.0162 5.86076,
	10.0075 5.84349,
	9.99999 5.77549,
	"/>
</Transform>

<Transform dim="1"
 xcoef=" 0.142178532238207 1 0 0 0 0"
 ycoef=" -0.156396385462027 0 1 0 0 0">
<Contour name="d020_cfa07" hidden="false" closed="false" simplified="false" border="0 1 0" fill="0 1 0" mode="11"
 points="9.28969 5.67189,
	9.32726 5.67686,
	9.35821 5.68847,
	9.38197 5.70615,
	9.40961 5.73157,
	9.43392 5.76473,
	9.461 5.81281,
	9.48145 5.85039,
	9.51239 5.89128,
	"/>
</Transform>

<Transform dim="1"
 xcoef=" 0.142178532238207 1 0 0 0 0"
 ycoef=" -0.156396385462027 0 1 0 0 0">
<Contour name="d020_cfa10" hidden="false" closed="false" simplified="false" border="0 1 0" fill="0 1 0" mode="11"
 points="9.4371 4.54869,
	9.42707 4.59352,
	9.41904 4.61827,
	9.39763 4.64436,
	9.35749 4.67112,
	9.29928 4.70792,
	9.26516 4.72799,
	9.16012 4.77416,
	"/>
</Transform>

<Transform dim="1"
 xcoef=" 0.142178532238207 1 0 0 0 0"
 ycoef=" -0.156396385462027 0 1 0 0 0">
<Contour name="d020_c10" hidden="false" closed="true" simplified="true" border="1 0 0" fill="1 0 0" mode="11"
 points="9.12295 4.69385,
	9.12494 4.68587,
	9.12544 4.68387,
	9.12993 4.6759,
	9.13217 4.67191,
	9.14264 4.65595,
	9.14788 4.64798,
	9.14887 4.64598,
	9.16483 4.63451,
	9.16882 4.63177,
	9.17081 4.63028,
	9.18676 4.6208,
	9.19075 4.61856,
	9.19474 4.61682,
	9.2107 4.61133,
	9.21867 4.60909,
	9.23463 4.6056,
	9.26654 4.60036,
	9.27451 4.59787,
	9.28249 4.59463,
	9.3144 4.57967,
	9.33035 4.57194,
	9.33434 4.56995,
	9.33634 4.56895,
	9.34431 4.56347,
	9.3483 4.56023,
	9.36376 4.54427,
	9.37174 4.5363,
	9.37573 4.53231,
	9.37971 4.52882,
	9.38096 4.52682,
	9.38146 4.52583,
	9.38246 4.52508,
	9.39841 4.52707,
	9.4004 4.52707,
	9.40838 4.52956,
	9.41237 4.53106,
	9.42035 4.53505,
	9.4363 4.54826,
	9.45226 4.55948,
	9.46023 4.56496,
	9.46073 4.56596,
	9.46397 4.58192,
	9.46522 4.58989,
	9.46547 4.59189,
	9.46372 4.60784,
	9.46298 4.61582,
	9.46148 4.6238,
	9.45475 4.63975,
	9.45375 4.64174,
	9.45201 4.64349,
	9.44802 4.64598,
	9.44702 4.64648,
	9.41511 4.67714,
	9.3832 4.7083,
	9.36725 4.72401,
	9.3655 4.72575,
	9.3336 4.74171,
	9.30169 4.75816,
	9.29371 4.76215,
	9.28972 4.76439,
	9.28174 4.76988,
	9.27377 4.77586,
	9.27277 4.77661,
	9.24086 4.78334,
	9.20895 4.78907,
	9.193 4.79182,
	9.18502 4.79331,
	9.18103 4.79431,
	9.17904 4.79481,
	9.17804 4.79506,
	9.17704 4.79481,
	9.16308 4.77885,
	9.15959 4.77486,
	9.13541 4.74296,
	9.13067 4.73498,
	9.12694 4.727,
	9.12519 4.71902,
	9.12444 4.71503,
	9.12394 4.70706,
	9.12295 4.69908,
	9.12295 4.69509,
	9.12295 4.69409,
	"/>
</Transform>

<Transform dim="1"
 xcoef=" 0.122178532238207 1 0 0 0 0"
 ycoef=" -0.116396385462027 0 1 0 0 0">
<Contour name="d020_o09_shaft_symmetric" hidden="false" closed="true" simplified="false" border="1 0 0" fill="1 0 0" mode="-13"
 points="10.1064 5.80308,
	10.1287 5.80308,
	10.1176 5.82348,
	"/>
</Transform>

<Transform dim="1"
 xcoef=" 0.142178532238207 1 0 0 0 0"
 ycoef=" -0.156396385462027 0 1 0 0 0">
<Contour name="d020_cfa09" hidden="false" closed="false" simplified="false" border="0 1 0" fill="0 1 0" mode="11"
 points="10.0783 5.64083,
	10.0776 5.65566,
	10.0791 5.68609,
	10.0854 5.73057,
	10.0885 5.76023,
	10.0986 5.79378,
	10.1166 5.84373,
	10.1431 5.91942,
	"/>
</Transform>

<Transform dim="0"
 xcoef=" 0 1 0 0 0 0"
 ycoef=" 0 0 1 0 0 0">
<Contour name="D020 50micron" hidden="true" closed="true" simplified="true" border="0 0 0" fill="0 0 0" mode="-13"
 points="9.89385 5.38353,
	10.3917 5.38353,
	10.3917 5.41357,
	9.89385 5.41357,
	"/>
</Transform>

<Transform dim="1"
 xcoef=" 5.74541082768389 1 0 0 0 0"
 ycoef=" 9.85655738004087 0 1 0 0 0">
<Image mag="0.00201646" contrast="1.4071" brightness="-0.75" red="true" green="true" blue="true"
 src="113.tif_1.bmp" />
<Contour name="domain1" hidden="false" closed="true" simplified="false" border="1 0 1" fill="1 0 1" mode="11"
 points="0 0,
	12287 0,
	12287 12287,
	0 12287,
	"/>
</Transform>

<Transform dim="0"
 xcoef=" 0 1 0 0 0 0"
 ycoef=" 0 0 1 0 0 0">
<Contour name="d020_p07" hidden="false" closed="true" simplified="true" border="1 1 0" fill="1 1 0" mode="11"
 points="8.93788 5.68815,
	8.94529 5.67497,
	8.956 5.66261,
	8.98236 5.65026,
	8.99554 5.64531,
	9.02191 5.64119,
	9.04827 5.63955,
	9.07463 5.64284,
	9.08781 5.64531,
	9.10099 5.65026,
	9.12736 5.65437,
	9.15372 5.65685,
	9.1669 5.65767,
	9.19326 5.65602,
	9.21962 5.65273,
	9.23281 5.64943,
	9.25917 5.63872,
	9.28553 5.62966,
	9.31189 5.62801,
	9.31848 5.62554,
	9.31931 5.62472,
	9.3226 5.62389,
	9.32919 5.62884,
	9.33578 5.63131,
	9.34237 5.63543,
	9.34567 5.63625,
	9.34814 5.63872,
	9.34979 5.63872,
	9.35638 5.64284,
	9.36874 5.65437,
	9.3778 5.66591,
	9.38274 5.67168,
	9.38439 5.6725,
	9.38439 5.67415,
	9.38933 5.67909,
	9.39757 5.69145,
	9.40087 5.69721,
	9.40334 5.69969,
	9.40416 5.70298,
	9.40663 5.70628,
	9.40746 5.70957,
	9.41158 5.71616,
	9.41322 5.71946,
	9.41322 5.7211,
	9.41487 5.72275,
	9.42311 5.74911,
	9.4264 5.75571,
	9.43711 5.76724,
	9.44041 5.76971,
	9.44123 5.76971,
	9.4437 5.77136,
	9.44618 5.78454,
	9.45359 5.79772,
	9.46595 5.81008,
	9.47913 5.81914,
	9.49231 5.82573,
	9.4989 5.83232,
	9.50302 5.83891,
	9.50549 5.8455,
	9.50631 5.85868,
	9.50631 5.86198,
	9.5022 5.86857,
	9.47583 5.88999,
	9.47254 5.89658,
	9.47171 5.90317,
	9.47336 5.91635,
	9.47583 5.92294,
	9.48407 5.93612,
	9.48901 5.94271,
	9.49066 5.94601,
	9.50137 5.95919,
	9.50879 5.97237,
	9.51043 5.97567,
	9.51208 6.00203,
	9.51291 6.00862,
	9.52526 6.03498,
	9.52526 6.03663,
	9.52773 6.0391,
	9.52856 6.04569,
	9.53103 6.05228,
	9.54256 6.06546,
	9.54586 6.06793,
	9.57222 6.07535,
	9.57881 6.077,
	9.5854 6.08112,
	9.5887 6.08359,
	9.59034 6.09677,
	9.59034 6.10995,
	9.59034 6.11654,
	9.59446 6.12972,
	9.59694 6.1429,
	9.59529 6.15608,
	9.59364 6.16267,
	9.59199 6.16597,
	9.5854 6.16926,
	9.57881 6.16926,
	9.57552 6.16844,
	9.54915 6.14785,
	9.53597 6.14043,
	9.52279 6.13549,
	9.5162 6.13302,
	9.51291 6.13137,
	9.49972 6.1289,
	9.49313 6.12643,
	9.48984 6.1256,
	9.47666 6.11654,
	9.45029 6.10501,
	9.42393 6.091,
	9.41734 6.08606,
	9.36462 6.06217,
	9.35144 6.05558,
	9.34485 6.05228,
	9.34155 6.05063,
	9.32837 6.03745,
	9.31848 6.02427,
	9.31354 6.01768,
	9.28883 5.96496,
	9.27647 5.93859,
	9.25917 5.91223,
	9.23528 5.88587,
	9.2221 5.87516,
	9.21551 5.87022,
	9.16278 5.85868,
	9.15619 5.85704,
	9.10346 5.82655,
	9.09028 5.81914,
	9.08369 5.81667,
	9.03097 5.81337,
	9.01779 5.81173,
	8.99142 5.79937,
	8.98483 5.79607,
	8.97824 5.79113,
	8.96589 5.77795,
	8.96094 5.77136,
	8.95765 5.76806,
	8.95188 5.75488,
	8.94364 5.72852,
	8.93952 5.71534,
	8.93788 5.70216,
	8.93788 5.68898,
	"/>
</Transform>

<Transform dim="0"
 xcoef=" 0 1 0 0 0 0"
 ycoef=" 0 0 1 0 0 0">
<Contour name="d020_p13" hidden="false" closed="true" simplified="true" border="1 1 0" fill="1 1 0" mode="11"
 points="8.73416 5.93959,
	8.73595 5.93576,
	8.7362 5.93473,
	8.73774 5.93346,
	8.73799 5.93243,
	8.73953 5.93039,
	8.74004 5.92962,
	8.74055 5.92962,
	8.74209 5.92783,
	8.74388 5.9268,
	8.74567 5.92527,
	8.74746 5.92425,
	8.74797 5.92425,
	8.74823 5.92373,
	8.75616 5.92092,
	8.75718 5.92015,
	8.7582 5.92015,
	8.75872 5.91964,
	8.76076 5.91939,
	8.76178 5.91887,
	8.76281 5.91887,
	8.76383 5.91836,
	8.76485 5.91836,
	8.76895 5.91708,
	8.77304 5.91632,
	8.77713 5.91606,
	8.77918 5.91606,
	8.7802 5.91555,
	8.7843 5.91529,
	8.78634 5.91529,
	8.78839 5.91478,
	8.79044 5.91478,
	8.79862 5.91299,
	8.79965 5.91299,
	8.80016 5.91248,
	8.8022 5.91222,
	8.8063 5.91069,
	8.80732 5.91069,
	8.80783 5.91069,
	8.80834 5.91018,
	8.80937 5.91018,
	8.80962 5.90966,
	8.81755 5.90736,
	8.82165 5.90634,
	8.82369 5.90583,
	8.82779 5.90583,
	8.82983 5.90583,
	8.83086 5.90583,
	8.8329 5.9048,
	8.83393 5.9048,
	8.83495 5.90429,
	8.83904 5.90404,
	8.84314 5.90301,
	8.85951 5.90327,
	8.8636 5.90378,
	8.86769 5.9048,
	8.87588 5.90787,
	8.87793 5.90864,
	8.88176 5.91197,
	8.88279 5.91401,
	8.88304 5.91504,
	8.88381 5.91606,
	8.88407 5.91811,
	8.88458 5.91913,
	8.88458 5.92118,
	8.88509 5.92322,
	8.88509 5.92732,
	8.88509 5.92936,
	8.88407 5.93346,
	8.8833 5.9355,
	8.8833 5.93601,
	8.88279 5.93653,
	8.88279 5.93704,
	8.88228 5.93755,
	8.88202 5.93857,
	8.88151 5.93908,
	8.88151 5.93959,
	8.881 5.93985,
	8.881 5.94036,
	8.87818 5.94446,
	8.8769 5.9465,
	8.87511 5.94829,
	8.87409 5.94906,
	8.87358 5.94957,
	8.87307 5.94957,
	8.87128 5.95111,
	8.87102 5.95162,
	8.87051 5.95162,
	8.87025 5.95213,
	8.86641 5.95366,
	8.86539 5.95392,
	8.86488 5.95443,
	8.86386 5.95443,
	8.85976 5.95622,
	8.85925 5.95673,
	8.85721 5.95725,
	8.85669 5.95776,
	8.8526 5.95878,
	8.84851 5.95929,
	8.84748 5.95929,
	8.84365 5.96057,
	8.83546 5.96134,
	8.83341 5.9616,
	8.83239 5.96211,
	8.8283 5.96236,
	8.82625 5.96236,
	8.82216 5.96313,
	8.82165 5.96364,
	8.81755 5.96364,
	8.81551 5.96415,
	8.815 5.96415,
	8.81448 5.96467,
	8.81346 5.96467,
	8.81295 5.96467,
	8.81244 5.96518,
	8.80834 5.96569,
	8.8063 5.9662,
	8.80425 5.9662,
	8.80323 5.96671,
	8.78686 5.96722,
	8.77048 5.96697,
	8.76639 5.96646,
	8.7582 5.9662,
	8.75718 5.96594,
	8.75667 5.96594,
	8.75616 5.96543,
	8.75232 5.96441,
	8.75027 5.96364,
	8.75002 5.96313,
	8.74797 5.96236,
	8.74695 5.96134,
	8.74592 5.96083,
	8.74234 5.95699,
	8.74234 5.95648,
	8.74055 5.95494,
	8.74004 5.95418,
	8.73902 5.95341,
	8.73902 5.9529,
	8.73723 5.95136,
	8.73569 5.94932,
	8.73544 5.94829,
	8.73467 5.94753,
	8.73416 5.94548,
	8.73416 5.94139,
	8.73416 5.94036,
	8.73416 5.93985,
	"/>
</Transform>

</Section>