<?xml version="1.0"?>
<!DOCTYPE Section SYSTEM "section.dtd">

<Section index="12" thickness="0.048" alignLocked="true">
<Transform dim="6"
 xcoef=" -0.177492250771548 0.998543026644729 -0.0100712961618164 0 0 0"
 ycoef=" -0.0755473548834642 -0.00237123459751437 0.975240597849761 0 0 0">
<Contour name="D04_high_caliber" hidden="true" closed="true" simplified="true" border="1 0 0" fill="1 0 0" mode="13"
 points="1.48509 3.96394,
	1.49282 3.91173,
	1.51566 3.86197,
	1.55253 3.81697,
	1.60172 3.77885,
	1.66092 3.74938,
	1.72737 3.72994,
	1.79795 3.72145,
	1.86937 3.72429,
	1.93829 3.73834,
	2.00148 3.76294,
	2.05599 3.79693,
	2.09928 3.83874,
	2.12931 3.88639,
	2.14469 3.93768,
	2.14469 3.99019,
	2.12931 4.04148,
	2.09928 4.08913,
	2.05599 4.13094,
	2.00148 4.16493,
	1.93829 4.18953,
	1.86937 4.20358,
	1.79795 4.20642,
	1.72737 4.19793,
	1.66092 4.17849,
	1.60172 4.14902,
	1.55253 4.1109,
	1.51566 4.0659,
	"/>
</Transform>

<Transform dim="6"
 xcoef=" 0.0925077492284508 0.998543026644729 -0.0100712961618164 0 0 0"
 ycoef=" 0.224452645116536 -0.00237123459751437 0.975240597849761 0 0 0">
<Contour name="D06_mid-caliber" hidden="true" closed="true" simplified="true" border="0 0 1" fill="0 0 1" mode="9"
 points="6.66968 7.85118,
	6.67357 7.81043,
	6.6851 7.77125,
	6.70381 7.73514,
	6.729 7.70349,
	6.75969 7.67752,
	6.7947 7.65822,
	6.8327 7.64633,
	6.87221 7.64232,
	6.91172 7.64633,
	6.94971 7.65822,
	6.98473 7.67752,
	7.01542 7.70349,
	7.04061 7.73514,
	7.05932 7.77125,
	7.07085 7.81043,
	7.07474 7.85118,
	7.07085 7.89193,
	7.05932 7.93111,
	7.04061 7.96722,
	7.01542 7.99886,
	6.98473 8.02484,
	6.94971 8.04414,
	6.91172 8.05603,
	6.87221 8.06004,
	6.8327 8.05603,
	6.7947 8.04414,
	6.75969 8.02484,
	6.729 7.99886,
	6.70381 7.96722,
	6.6851 7.93111,
	"/>
</Transform>

<Transform dim="6"
 xcoef=" 0.0925077492284508 0.998543026644729 -0.0100712961618164 0 0 0"
 ycoef=" 0.224452645116536 -0.00237123459751437 0.975240597849761 0 0 0">
<Contour name="D07_noSymmetric" hidden="true" closed="true" simplified="true" border="1 0 1" fill="1 0 1" mode="9"
 points="5.35323 7.136,
	5.35863 7.09672,
	5.37443 7.06036,
	5.39944 7.02961,
	5.43183 7.00675,
	5.46919 6.99347,
	5.50874 6.99077,
	5.54755 6.99883,
	5.58275 7.01707,
	5.61172 7.04413,
	5.63232 7.078,
	5.64302 7.11617,
	5.64302 7.15582,
	5.63232 7.19399,
	5.61172 7.22786,
	5.58275 7.25492,
	5.54755 7.27316,
	5.50874 7.28122,
	5.46919 7.27852,
	5.43183 7.26524,
	5.39944 7.24238,
	5.37443 7.21163,
	5.35863 7.17527,
	"/>
</Transform>

<Transform dim="6"
 xcoef=" 0.372507749228452 0.998543026644729 -0.0100712961618164 0 0 0"
 ycoef=" 0.514452645116536 -0.00237123459751437 0.975240597849761 0 0 0">
<Contour name="D08" hidden="true" closed="true" simplified="true" border="1 0 0" fill="1 0 0" mode="9"
 points="7.49445 4.52104,
	7.50131 4.46725,
	7.52123 4.41872,
	7.55225 4.38021,
	7.59134 4.35549,
	7.63467 4.34697,
	7.67801 4.35549,
	7.7171 4.38021,
	7.74812 4.41872,
	7.76804 4.46725,
	7.7749 4.52104,
	7.76804 4.57483,
	7.74812 4.62336,
	7.7171 4.66187,
	7.67801 4.68659,
	7.63467 4.69511,
	7.59134 4.68659,
	7.55225 4.66187,
	7.52123 4.62336,
	"/>
</Transform>

<Transform dim="6"
 xcoef=" 0.0925077492284508 0.998543026644729 -0.0100712961618164 0 0 0"
 ycoef=" 0.224452645116536 -0.00237123459751437 0.975240597849761 0 0 0">
<Contour name="mito JB12" hidden="true" closed="false" simplified="true" border="1 0.5 0" fill="1 0.5 0" mode="9"
 points="8.38906 7.21272,
	8.31476 7.01801,
	"/>
</Transform>

<Transform dim="6"
 xcoef=" -0.0774922507715485 0.998543026644729 -0.0100712961618164 0 0 0"
 ycoef=" 0.0644526451165361 -0.00237123459751437 0.975240597849761 0 0 0">
<Contour name="D13_high caliber" hidden="true" closed="true" simplified="true" border="0.5 0 1" fill="0.5 0 1" mode="9"
 points="2.63438 1.83344,
	2.64248 1.75517,
	2.66636 1.68083,
	2.70483 1.61414,
	2.75596 1.55845,
	2.81718 1.51654,
	2.88543 1.49053,
	2.95728 1.48171,
	3.02913 1.49053,
	3.09737 1.51654,
	3.1586 1.55845,
	3.20972 1.61414,
	3.24819 1.68083,
	3.27207 1.75517,
	3.28017 1.83344,
	3.27207 1.9117,
	3.24819 1.98604,
	3.20972 2.05273,
	3.1586 2.10842,
	3.09737 2.15033,
	3.02913 2.17634,
	2.95728 2.18516,
	2.88543 2.17634,
	2.81718 2.15033,
	2.75596 2.10842,
	2.70483 2.05273,
	2.66636 1.98604,
	"/>
<Contour name="D12_high Caliber" hidden="true" closed="true" simplified="true" border="1 0.5 0" fill="1 0.5 0" mode="9"
 points="4.93362 5.94034,
	4.94389 5.85587,
	4.97389 5.77824,
	5.02118 5.71375,
	5.08193 5.66761,
	5.15121 5.64357,
	5.22342 5.64357,
	5.29271 5.66761,
	5.35346 5.71375,
	5.40074 5.77824,
	5.43074 5.85587,
	5.44102 5.94034,
	5.43074 6.02482,
	5.40074 6.10244,
	5.35346 6.16694,
	5.29271 6.21308,
	5.22342 6.23712,
	5.15121 6.23712,
	5.08193 6.21308,
	5.02118 6.16694,
	4.97389 6.10244,
	4.94389 6.02482,
	"/>
</Transform>

<Transform dim="6"
 xcoef=" 0.0925077492284508 0.998543026644729 -0.0100712961618164 0 0 0"
 ycoef=" 0.224452645116536 -0.00237123459751437 0.975240597849761 0 0 0">
<Contour name="d13" hidden="true" closed="true" simplified="true" border="1 1 0" fill="0.5 0 1" mode="11"
 points="2.30654 1.53783,
	2.3136 1.52371,
	2.31713 1.52018,
	2.37362 1.51135,
	2.40187 1.51312,
	2.40893 1.51312,
	2.42306 1.49899,
	2.39128 1.4425,
	2.38245 1.42838,
	2.37892 1.42308,
	2.40717 1.40896,
	2.41423 1.40543,
	2.47072 1.42308,
	2.49897 1.43191,
	2.51309 1.43367,
	2.56959 1.42661,
	2.58371 1.42485,
	2.6967 1.37365,
	2.75319 1.34893,
	2.78144 1.33658,
	2.83793 1.31716,
	2.85205 1.31186,
	2.86618 1.30303,
	2.89089 1.27479,
	2.94738 1.22182,
	2.99505 1.16533,
	3.00564 1.15121,
	3.0127 1.14591,
	3.04095 1.15121,
	3.05507 1.14944,
	3.11157 1.11237,
	3.13981 1.10707,
	3.15394 1.10531,
	3.21043 1.15121,
	3.22455 1.16357,
	3.23868 1.17239,
	3.29517 1.19534,
	3.32342 1.21829,
	3.33754 1.22889,
	3.36579 1.25537,
	3.37285 1.26066,
	3.4011 1.26772,
	3.41522 1.27302,
	3.42228 1.27479,
	3.45053 1.30127,
	3.46465 1.31363,
	3.4929 1.32951,
	3.52114 1.34011,
	3.53527 1.3454,
	3.55645 1.37365,
	3.58293 1.4019,
	3.59529 1.41602,
	3.65178 1.44074,
	3.68003 1.45486,
	3.73652 1.49193,
	3.76477 1.49899,
	3.77889 1.50252,
	3.78242 1.50252,
	3.79125 1.53077,
	3.79478 1.54489,
	3.82833 1.60139,
	3.84421 1.62963,
	3.85304 1.68613,
	3.85481 1.71437,
	3.88482 1.82736,
	3.89188 1.85561,
	3.90247 1.88385,
	3.90247 1.9121,
	3.90247 1.91916,
	3.92366 1.94741,
	3.93249 1.96153,
	3.94308 1.98978,
	3.94131 2.01803,
	3.94308 2.04627,
	3.96426 2.07452,
	3.98192 2.10277,
	3.99604 2.10983,
	4.00134 2.11689,
	4.0084 2.14514,
	4.00663 2.17338,
	3.98015 2.1981,
	3.96956 2.21222,
	3.96426 2.21928,
	3.96073 2.22281,
	3.95544 2.25106,
	3.95367 2.25812,
	3.94308 2.27225,
	3.91483 2.2952,
	3.90953 2.30226,
	3.88129 2.41524,
	3.86187 2.47174,
	3.83362 2.52823,
	3.82656 2.54235,
	3.82303 2.55648,
	3.82303 2.56354,
	3.81597 2.57766,
	3.81067 2.58296,
	3.78242 2.58296,
	3.7683 2.58296,
	3.71181 2.59355,
	3.65532 2.61297,
	3.59882 2.63945,
	3.48584 2.70124,
	3.47171 2.71007,
	3.46465 2.7136,
	3.43817 2.74185,
	3.42405 2.75597,
	3.3958 2.77009,
	3.38344 2.77715,
	3.37991 2.79128,
	3.37815 2.79481,
	3.36755 2.8107,
	3.36579 2.82482,
	3.36579 2.82835,
	3.36226 2.83365,
	3.24927 2.84247,
	3.22102 2.84424,
	3.19278 2.8566,
	3.16453 2.87425,
	3.15923 2.88131,
	3.15747 2.88484,
	3.12922 2.88837,
	3.07273 2.91309,
	3.05861 2.91662,
	3.05154 2.92015,
	3.04448 2.91839,
	3.04095 2.91839,
	3.01447 2.89014,
	2.96857 2.83365,
	2.91914 2.77715,
	2.89442 2.74891,
	2.875 2.72066,
	2.86618 2.70654,
	2.80968 2.66417,
	2.75319 2.62533,
	2.6967 2.60591,
	2.66845 2.59532,
	2.66315 2.58825,
	2.64903 2.53176,
	2.63844 2.50351,
	2.62255 2.47527,
	2.61196 2.46291,
	2.55546 2.43643,
	2.54134 2.43113,
	2.48485 2.37994,
	2.47955 2.37287,
	2.46366 2.31638,
	2.4619 2.28813,
	2.45307 2.25989,
	2.44424 2.24576,
	2.43188 2.23694,
	2.41776 2.23164,
	2.4107 2.22634,
	2.39304 2.11336,
	2.38422 2.05686,
	2.38245 2.04274,
	2.38069 2.03568,
	2.39658 1.97919,
	2.40893 1.95094,
	2.41423 1.89445,
	2.40187 1.8662,
	2.40011 1.85914,
	2.39834 1.85561,
	2.41423 1.79911,
	2.41599 1.79205,
	2.40717 1.73556,
	2.37892 1.67907,
	2.36656 1.65082,
	2.36127 1.62257,
	2.35774 1.60845,
	2.35421 1.60139,
	2.32596 1.57844,
	2.3189 1.57138,
	2.3083 1.54313,
	2.30654 1.5396,
	"/>
</Transform>

<Transform dim="6"
 xcoef=" 0.0925077492284508 0.998543026644729 -0.0100712961618164 0 0 0"
 ycoef=" 0.224452645116536 -0.00237123459751437 0.975240597849761 0 0 0">
<Contour name="d13" hidden="true" closed="true" simplified="true" border="1 1 0" fill="1 1 0" mode="11"
 points="4.24175 3.12758,
	4.26031 3.09264,
	4.26468 3.085,
	4.29961 3.10902,
	4.31708 3.12212,
	4.32363 3.13085,
	4.32581 3.13958,
	4.32581 3.14832,
	4.32581 3.1505,
	4.34109 3.16797,
	4.34218 3.16906,
	4.34328 3.17452,
	4.34328 3.1767,
	4.34655 3.18107,
	4.34655 3.18543,
	4.3531 3.19417,
	4.35747 3.19853,
	4.35856 3.20072,
	4.36511 3.21272,
	4.37712 3.24766,
	4.38257 3.26512,
	4.3924 3.28259,
	4.40441 3.30005,
	4.40659 3.30442,
	4.44152 3.32953,
	4.47645 3.35136,
	4.48519 3.35682,
	4.51357 3.39175,
	4.51793 3.39502,
	4.55287 3.40157,
	4.5616 3.40267,
	4.57907 3.40922,
	4.5878 3.41358,
	4.59107 3.41577,
	4.59544 3.43323,
	4.59435 3.4507,
	4.59217 3.45943,
	4.59217 3.4638,
	4.58234 3.48126,
	4.57907 3.48563,
	4.54413 3.50964,
	4.52667 3.51729,
	4.51793 3.52056,
	4.5092 3.51838,
	4.50484 3.51838,
	4.4699 3.49327,
	4.45244 3.48017,
	4.4437 3.47362,
	4.43497 3.47035,
	4.41751 3.46816,
	4.40877 3.46707,
	4.40441 3.46707,
	4.36947 3.45506,
	4.36511 3.45288,
	4.34764 3.4507,
	4.32363 3.41577,
	4.31271 3.3983,
	4.29852 3.36337,
	4.25049 3.22364,
	4.24721 3.21491,
	4.24394 3.17997,
	4.24285 3.14504,
	4.24175 3.12867,
	"/>
</Transform>

<Transform dim="6"
 xcoef=" 0.0925077492284508 0.998543026644729 -0.0100712961618164 0 0 0"
 ycoef=" 0.224452645116536 -0.00237123459751437 0.975240597849761 0 0 0">
<Contour name="d13" hidden="true" closed="true" simplified="true" border="1 1 0" fill="1 1 0" mode="11"
 points="3.28888 3.6881,
	3.29264 3.64806,
	3.29389 3.63804,
	3.29639 3.63304,
	3.30015 3.61301,
	3.3014 3.603,
	3.31516 3.56296,
	3.31641 3.55795,
	3.31016 3.5179,
	3.3064 3.49788,
	3.30515 3.49287,
	3.30891 3.48286,
	3.33769 3.44281,
	3.35146 3.42279,
	3.35396 3.41778,
	3.39401 3.39526,
	3.43405 3.39651,
	3.4741 3.41028,
	3.51415 3.42154,
	3.52416 3.42404,
	3.52917 3.42404,
	3.54919 3.43405,
	3.55419 3.43656,
	3.54919 3.4766,
	3.54794 3.5567,
	3.54794 3.5617,
	3.56045 3.58173,
	3.56796 3.59174,
	3.57672 3.61176,
	3.59049 3.65181,
	3.598 3.67183,
	3.59925 3.67434,
	3.58548 3.69436,
	3.56921 3.71438,
	3.5567 3.73441,
	3.55044 3.74442,
	3.54794 3.74692,
	3.54669 3.74442,
	3.53918 3.75318,
	3.53667 3.75819,
	3.53167 3.76319,
	3.52541 3.7732,
	3.52041 3.77696,
	3.51039 3.77946,
	3.50789 3.78071,
	3.46784 3.76945,
	3.46284 3.7682,
	3.42279 3.77696,
	3.38274 3.79072,
	3.36272 3.79698,
	3.3427 3.79573,
	3.33769 3.79573,
	3.30765 3.75568,
	3.3014 3.74567,
	3.29138 3.70562,
	3.28888 3.69561,
	3.28888 3.69061,
	3.28888 3.68935,
	"/>
</Transform>

<Transform dim="6"
 xcoef=" 0.0925077492284508 0.998543026644729 -0.0100712961618164 0 0 0"
 ycoef=" 0.224452645116536 -0.00237123459751437 0.975240597849761 0 0 0">
<Contour name="d13" hidden="true" closed="true" simplified="true" border="1 1 0" fill="1 1 0" mode="11"
 points="3.48016 3.11733,
	3.48732 3.08462,
	3.48732 3.08053,
	3.4914 3.07235,
	3.53638 3.00694,
	3.53944 3.00285,
	3.57215 3.01818,
	3.63756 3.06418,
	3.64983 3.09688,
	3.65289 3.10506,
	3.65391 3.10915,
	3.6488 3.14186,
	3.64676 3.15003,
	3.64574 3.15412,
	3.63552 3.17047,
	3.61916 3.18376,
	3.61508 3.18683,
	3.61303 3.18887,
	3.58033 3.19398,
	3.54762 3.18989,
	3.53944 3.18785,
	3.53535 3.18683,
	3.519 3.17661,
	3.50265 3.16332,
	3.49958 3.16127,
	3.50163 3.16025,
	3.50367 3.16127,
	3.49754 3.1531,
	3.48118 3.12039,
	3.48016 3.11835,
	"/>
</Transform>

<Transform dim="6"
 xcoef=" 0.0925077492284508 0.998543026644729 -0.0100712961618164 0 0 0"
 ycoef=" 0.224452645116536 -0.00237123459751437 0.975240597849761 0 0 0">
<Contour name="d13p08" hidden="true" closed="true" simplified="false" border="1 0 0" fill="1 0 0" mode="-13"
 points="3.03256 2.84892,
	3.02011 2.84892,
	3.02011 2.85514,
	3.02633 2.86136,
	3.045 2.86758,
	3.03256 2.8738,
	3.02633 2.88625,
	3.01389 2.8738,
	3.00767 2.86136,
	3.00767 2.84892,
	2.99523 2.84892,
	3.01389 2.83648,
	"/>
</Transform>

<Transform dim="6"
 xcoef=" 0.0925077492284508 0.998543026644729 -0.0100712961618164 0 0 0"
 ycoef=" 0.224452645116536 -0.00237123459751437 0.975240597849761 0 0 0">
<Contour name="d13" hidden="true" closed="true" simplified="true" border="1 1 0" fill="1 1 0" mode="11"
 points="4.08742 2.48873,
	4.0946 2.47436,
	4.09819 2.46718,
	4.09999 2.46359,
	4.10179 2.46179,
	4.13053 2.45999,
	4.13771 2.45999,
	4.1413 2.46089,
	4.15567 2.47167,
	4.17004 2.47975,
	4.17723 2.48424,
	4.18891 2.49861,
	4.19429 2.5058,
	4.19609 2.5076,
	4.19789 2.52197,
	4.19699 2.52915,
	4.17274 2.55789,
	4.16915 2.56148,
	4.16196 2.56508,
	4.15837 2.56687,
	4.144 2.56777,
	4.13681 2.56687,
	4.12244 2.5525,
	4.11526 2.54532,
	4.11167 2.54172,
	4.09819 2.51298,
	4.09191 2.49861,
	4.08831 2.49143,
	4.08742 2.48963,
	"/>
</Transform>

<Transform dim="6"
 xcoef=" 0.0925077492284508 0.998543026644729 -0.0100712961618164 0 0 0"
 ycoef=" 0.224452645116536 -0.00237123459751437 0.975240597849761 0 0 0">
<Contour name="d13" hidden="true" closed="true" simplified="true" border="1 1 0" fill="1 1 0" mode="11"
 points="2.99404 3.23475,
	3.0035 3.19148,
	3.00756 3.16984,
	3.00891 3.16443,
	3.04002 3.12116,
	3.04407 3.1171,
	3.08735 3.1171,
	3.13062 3.13738,
	3.14144 3.14279,
	3.22799 3.20906,
	3.23881 3.21717,
	3.24422 3.22123,
	3.25368 3.24287,
	3.25774 3.25368,
	3.26045 3.25909,
	3.23746 3.30237,
	3.22123 3.324,
	3.17795 3.36593,
	3.15632 3.3808,
	3.13468 3.38486,
	3.12386 3.38621,
	3.11304 3.39027,
	3.10763 3.39297,
	3.10493 3.39433,
	3.08464 3.37404,
	3.07653 3.36322,
	3.06436 3.34159,
	3.0576 3.33212,
	3.03596 3.3213,
	3.03055 3.3186,
	3.01297 3.29696,
	3.00486 3.28614,
	3.0008 3.28073,
	2.99404 3.23746,
	2.99404 3.2361,
	"/>
</Transform>

<Transform dim="6"
 xcoef=" 0.0925077492284508 0.998543026644729 -0.0100712961618164 0 0 0"
 ycoef=" 0.224452645116536 -0.00237123459751437 0.975240597849761 0 0 0">
<Contour name="d04p01" hidden="true" closed="true" simplified="false" border="1 0 0" fill="1 0 0" mode="-13"
 points="1.88705 4.68254,
	1.88705 4.67687,
	1.89272 4.67119,
	1.8984 4.67119,
	1.90407 4.67687,
	1.90407 4.68254,
	1.8984 4.68821,
	1.89272 4.68821,
	"/>
</Transform>

<Transform dim="6"
 xcoef=" 0.0925077492284508 0.998543026644729 -0.0100712961618164 0 0 0"
 ycoef=" 0.224452645116536 -0.00237123459751437 0.975240597849761 0 0 0">
<Contour name="d04p02" comment="s_ especially those ones seen in the movie Home Alone where the" hidden="true" closed="true" simplified="false" border="1 0 0" fill="1 0 0" mode="-13"
 points="2.80627 4.26832,
	2.79776 4.26548,
	2.80627 4.26265,
	2.8006 4.25414,
	2.80911 4.25981,
	2.81195 4.2513,
	2.81478 4.25981,
	2.82329 4.25414,
	2.81762 4.26265,
	2.82613 4.26548,
	2.81762 4.26832,
	2.82329 4.27683,
	2.81478 4.27116,
	2.81195 4.27967,
	2.80911 4.27116,
	2.8006 4.27683,
	"/>
</Transform>

<Transform dim="6"
 xcoef=" 0.0925077492284508 0.998543026644729 -0.0100712961618164 0 0 0"
 ycoef=" 0.224452645116536 -0.00237123459751437 0.975240597849761 0 0 0">
<Contour name="d04" hidden="true" closed="true" simplified="true" border="1 1 0" fill="1 0 0" mode="11"
 points="1.81959 4.62038,
	1.82721 4.6261,
	1.83102 4.59561,
	1.83674 4.58989,
	1.84055 4.59561,
	1.83864 4.59751,
	1.84055 4.59942,
	1.84817 4.5937,
	1.85198 4.58989,
	1.85961 4.58989,
	1.87485 4.60132,
	1.88248 4.60323,
	1.88629 4.60132,
	1.89391 4.60514,
	1.89772 4.60323,
	1.892 4.60132,
	1.90725 4.58989,
	1.91487 4.58608,
	1.91678 4.58417,
	1.9225 4.58989,
	1.93393 4.5594,
	1.93584 4.55178,
	1.90725 4.53462,
	1.90534 4.53272,
	1.90725 4.52891,
	1.90153 4.52128,
	1.88819 4.51366,
	1.90344 4.48317,
	1.90725 4.47555,
	1.892 4.46602,
	1.88438 4.46221,
	1.87676 4.46602,
	1.87485 4.46983,
	1.86914 4.46221,
	1.86532 4.45839,
	1.86532 4.45649,
	1.86342 4.46411,
	1.8558 4.46602,
	1.85198 4.46411,
	1.84436 4.46602,
	1.84055 4.45839,
	1.84245 4.45458,
	1.83483 4.44887,
	1.83864 4.43362,
	1.84055 4.426,
	1.84245 4.42409,
	1.84627 4.43171,
	1.84817 4.43362,
	1.85198 4.41837,
	1.85198 4.40313,
	1.85008 4.39551,
	1.85008 4.3936,
	1.85389 4.39551,
	1.85389 4.38788,
	1.85198 4.38407,
	1.85389 4.37645,
	1.85198 4.37264,
	1.85389 4.36883,
	1.85389 4.37073,
	1.86723 4.35549,
	1.87485 4.34024,
	1.86723 4.32499,
	1.86532 4.32118,
	1.87485 4.29069,
	1.88057 4.27544,
	1.88248 4.2602,
	1.88248 4.25258,
	1.88248 4.24876,
	1.87866 4.25067,
	1.87295 4.22018,
	1.87104 4.20493,
	1.87485 4.17444,
	1.88057 4.15919,
	1.86914 4.1287,
	1.86532 4.11346,
	1.86723 4.09821,
	1.86151 4.08297,
	1.85961 4.06772,
	1.86342 4.05247,
	1.86151 4.04485,
	1.87866 4.01436,
	1.88057 4.00674,
	1.87104 3.97624,
	1.87485 3.94575,
	1.87485 3.93051,
	1.88629 3.90001,
	1.892 3.86952,
	1.89582 3.85428,
	1.90725 3.83903,
	1.93584 3.81807,
	1.93774 3.81426,
	1.93584 3.81045,
	1.93202 3.81235,
	1.93012 3.81045,
	1.93965 3.7952,
	1.94155 3.79329,
	1.94536 3.80092,
	1.95489 3.78758,
	1.96442 3.75708,
	1.97395 3.74184,
	1.96823 3.72659,
	1.96633 3.72088,
	1.98348 3.69038,
	1.9892 3.68276,
	1.9911 3.66752,
	1.99301 3.65989,
	2.00635 3.64465,
	2.02159 3.63893,
	2.03684 3.62749,
	2.05209 3.61987,
	2.11307 3.60653,
	2.12831 3.60081,
	2.15881 3.597,
	2.17405 3.59129,
	2.18168 3.58938,
	2.21217 3.59319,
	2.22741 3.597,
	2.23504 3.5951,
	2.24075 3.59891,
	2.24075 3.60653,
	2.24266 3.61034,
	2.2579 3.60272,
	2.2884 3.61987,
	2.30364 3.62749,
	2.31127 3.63131,
	2.31508 3.63893,
	2.31698 3.64274,
	2.33223 3.64274,
	2.34747 3.65608,
	2.37797 3.66942,
	2.38368 3.66561,
	2.39893 3.67323,
	2.39512 3.68086,
	2.39321 3.68467,
	2.4237 3.71325,
	2.42752 3.72088,
	2.4561 3.73803,
	2.4542 3.74565,
	2.45991 3.75899,
	2.45991 3.76661,
	2.46754 3.75899,
	2.47325 3.77233,
	2.48088 3.76471,
	2.48469 3.77995,
	2.48469 3.78377,
	2.4885 3.78567,
	2.49612 3.77995,
	2.49993 3.77614,
	2.50374 3.79139,
	2.50565 3.79901,
	2.50374 3.80663,
	2.50374 3.81045,
	2.49612 3.81616,
	2.49231 3.81997,
	2.49231 3.8276,
	2.47897 3.84284,
	2.47706 3.84665,
	2.48278 3.8619,
	2.47135 3.87715,
	2.46372 3.88286,
	2.4561 3.88286,
	2.44086 3.8962,
	2.43895 3.89811,
	2.44276 3.90192,
	2.44848 3.8943,
	2.45038 3.8962,
	2.44657 3.90192,
	2.46182 3.90573,
	2.46563 3.90764,
	2.48088 3.8943,
	2.48659 3.89239,
	2.50184 3.8962,
	2.50946 3.89811,
	2.51137 3.91335,
	2.50184 3.91717,
	2.51137 3.93241,
	2.51708 3.93813,
	2.51899 3.93432,
	2.51137 3.92098,
	2.51327 3.91717,
	2.52661 3.94766,
	2.53805 3.9629,
	2.54376 3.97053,
	2.54567 3.97815,
	2.57616 3.99911,
	2.58379 4.00674,
	2.58569 4.00864,
	2.57045 4.01055,
	2.56663 4.01245,
	2.56282 4.0277,
	2.56092 4.03151,
	2.56854 4.04676,
	2.56663 4.05057,
	2.58188 4.062,
	2.5895 4.06772,
	2.59331 4.07153,
	2.59141 4.07915,
	2.59713 4.08678,
	2.62762 4.09249,
	2.64286 4.08678,
	2.64858 4.07915,
	2.64858 4.06391,
	2.64667 4.05628,
	2.64858 4.05247,
	2.6562 4.0601,
	2.66383 4.05247,
	2.66573 4.05057,
	2.69622 4.07534,
	2.70003 4.08297,
	2.71528 4.0944,
	2.7229 4.10012,
	2.73053 4.10202,
	2.74577 4.09821,
	2.74768 4.09631,
	2.76292 4.10965,
	2.77817 4.11536,
	2.79151 4.13061,
	2.79342 4.13251,
	2.80104 4.1268,
	2.81628 4.12299,
	2.82391 4.12108,
	2.83915 4.12299,
	2.84678 4.12108,
	2.84297 4.11346,
	2.83534 4.10774,
	2.83153 4.10583,
	2.83534 4.09059,
	2.85059 4.08106,
	2.86583 4.08297,
	2.89633 4.10774,
	2.90395 4.11346,
	2.91919 4.11917,
	2.93444 4.11536,
	2.93825 4.11346,
	2.9535 4.12108,
	2.96874 4.11727,
	2.97255 4.11536,
	2.98018 4.12108,
	2.98208 4.12299,
	2.98971 4.11727,
	2.99733 4.12299,
	3.00305 4.11727,
	3.01639 4.13251,
	3.02401 4.13442,
	3.02782 4.13251,
	3.04307 4.13633,
	3.05069 4.13442,
	3.0526 4.13251,
	3.06022 4.14014,
	3.06403 4.13251,
	3.06594 4.1287,
	3.07356 4.13251,
	3.07737 4.13061,
	3.08118 4.13251,
	3.09452 4.12108,
	3.09833 4.1287,
	3.10214 4.12299,
	3.10405 4.12489,
	3.11167 4.11155,
	3.1193 4.10965,
	3.12692 4.10202,
	3.13264 4.11727,
	3.14026 4.11346,
	3.14217 4.10965,
	3.14026 4.10774,
	3.14788 4.10012,
	3.15551 4.10393,
	3.16313 4.10202,
	3.18219 4.07153,
	3.19553 4.06772,
	3.20315 4.07153,
	3.20696 4.06581,
	3.20124 4.05057,
	3.20505 4.03532,
	3.20887 4.0296,
	3.21458 4.03723,
	3.22411 4.02198,
	3.2527 4.00102,
	3.25841 3.99721,
	3.26604 4.00292,
	3.27366 4.00483,
	3.30415 3.99149,
	3.3194 3.98387,
	3.32702 3.98196,
	3.34227 3.98958,
	3.34036 3.99721,
	3.34798 4.01245,
	3.3518 4.02008,
	3.3537 4.05057,
	3.35942 4.08106,
	3.36132 4.08868,
	3.35942 4.09631,
	3.3518 4.10202,
	3.3537 4.11727,
	3.35561 4.12108,
	3.34417 4.15157,
	3.33846 4.16682,
	3.34036 4.18206,
	3.34227 4.18969,
	3.32893 4.20112,
	3.31749 4.21637,
	3.30415 4.2278,
	3.30225 4.23542,
	3.28891 4.24686,
	3.2851 4.24876,
	3.28891 4.25639,
	3.25841 4.28307,
	3.24317 4.29069,
	3.23555 4.2926,
	3.2203 4.29069,
	3.21268 4.29069,
	3.21077 4.29069,
	3.21268 4.29069,
	3.20505 4.2926,
	3.20124 4.29641,
	3.19934 4.30403,
	3.19553 4.30784,
	3.18028 4.30212,
	3.17647 4.30022,
	3.15169 4.3288,
	3.13645 4.33452,
	3.1212 4.33262,
	3.10596 4.32499,
	3.09071 4.32118,
	3.08309 4.31928,
	3.07928 4.31737,
	3.06403 4.3269,
	3.05641 4.33071,
	3.0526 4.3288,
	3.04878 4.33262,
	3.04878 4.33643,
	3.03354 4.34405,
	3.02592 4.34596,
	3.01829 4.35167,
	3.01448 4.35549,
	2.99924 4.34977,
	2.99161 4.34786,
	2.98971 4.34786,
	2.99542 4.34405,
	2.9878 4.34214,
	2.98018 4.34405,
	2.97446 4.33643,
	2.96112 4.34405,
	2.96493 4.35167,
	2.96684 4.35549,
	2.95921 4.37073,
	2.9535 4.37835,
	2.94587 4.37835,
	2.93063 4.37073,
	2.92682 4.36883,
	2.91348 4.38217,
	2.90776 4.36692,
	2.90585 4.36311,
	2.89823 4.3612,
	2.88299 4.36883,
	2.86965 4.38217,
	2.86202 4.38407,
	2.85631 4.3936,
	2.85821 4.40122,
	2.84868 4.43171,
	2.84678 4.43362,
	2.84487 4.426,
	2.84487 4.43362,
	2.84106 4.43553,
	2.83534 4.43171,
	2.83344 4.43934,
	2.82581 4.426,
	2.83344 4.4279,
	2.83534 4.42028,
	2.80485 4.43362,
	2.7896 4.43553,
	2.7877 4.43553,
	2.81819 4.41456,
	2.80294 4.42028,
	2.80104 4.42409,
	2.78579 4.426,
	2.78198 4.426,
	2.77626 4.43362,
	2.77436 4.43743,
	2.78198 4.43362,
	2.7877 4.44124,
	2.7877 4.44505,
	2.79151 4.43743,
	2.80104 4.45268,
	2.80485 4.45649,
	2.78008 4.48698,
	2.77626 4.4927,
	2.76864 4.48507,
	2.74577 4.51557,
	2.74006 4.52128,
	2.73815 4.5251,
	2.73053 4.52128,
	2.7229 4.52319,
	2.721 4.53653,
	2.71338 4.53081,
	2.71147 4.54606,
	2.70956 4.55368,
	2.69813 4.56893,
	2.69241 4.58417,
	2.68479 4.58608,
	2.66954 4.58227,
	2.66573 4.58227,
	2.6562 4.56702,
	2.65049 4.55368,
	2.64477 4.5613,
	2.6543 4.57655,
	2.66001 4.58417,
	2.66764 4.58798,
	2.66954 4.5937,
	2.66383 4.60132,
	2.6562 4.60132,
	2.64477 4.61657,
	2.63715 4.62419,
	2.62952 4.6261,
	2.62762 4.62419,
	2.61999 4.628,
	2.61237 4.62419,
	2.60856 4.62229,
	2.60665 4.60704,
	2.60475 4.60514,
	2.59713 4.60895,
	2.59522 4.61085,
	2.60284 4.61657,
	2.59713 4.63182,
	2.59522 4.63563,
	2.60284 4.63563,
	2.60665 4.63563,
	2.60094 4.65087,
	2.58569 4.66421,
	2.59331 4.66421,
	2.59522 4.66231,
	2.60284 4.66612,
	2.60665 4.66993,
	2.59522 4.68518,
	2.5876 4.68708,
	2.57997 4.68518,
	2.57045 4.69852,
	2.56663 4.69852,
	2.5571 4.71186,
	2.54186 4.71567,
	2.53614 4.71757,
	2.54376 4.7252,
	2.54567 4.71948,
	2.54758 4.72329,
	2.52661 4.75378,
	2.51899 4.75188,
	2.51708 4.74997,
	2.50184 4.7595,
	2.49422 4.7595,
	2.4904 4.7595,
	2.4885 4.76712,
	2.48659 4.77093,
	2.47135 4.77284,
	2.46372 4.77093,
	2.43323 4.78428,
	2.40655 4.80143,
	2.39893 4.80333,
	2.39512 4.83382,
	2.38749 4.84907,
	2.357 4.85288,
	2.34938 4.85098,
	2.33413 4.85288,
	2.32651 4.85479,
	2.32079 4.8605,
	2.31698 4.8586,
	2.30174 4.86432,
	2.28649 4.86432,
	2.27124 4.8605,
	2.256 4.86622,
	2.22551 4.88528,
	2.19502 4.88909,
	2.17977 4.87956,
	2.17024 4.86813,
	2.17215 4.86432,
	2.16834 4.85669,
	2.16262 4.86241,
	2.16071 4.85479,
	2.14547 4.84335,
	2.13403 4.83001,
	2.12641 4.8243,
	2.1245 4.8262,
	2.12641 4.82811,
	2.1245 4.83001,
	2.09592 4.81096,
	2.09211 4.80333,
	2.06161 4.77475,
	2.04637 4.77093,
	2.03875 4.76903,
	2.03112 4.77093,
	2.01588 4.76712,
	2.00825 4.7595,
	2.01016 4.75759,
	2.00254 4.75569,
	1.99491 4.7595,
	1.9911 4.75188,
	1.9911 4.74425,
	1.98348 4.73854,
	1.95299 4.73091,
	1.94727 4.7271,
	1.93965 4.73091,
	1.9244 4.7271,
	1.91678 4.7252,
	1.90916 4.71757,
	1.90725 4.71376,
	1.892 4.72901,
	1.88629 4.73663,
	1.88248 4.73854,
	1.87866 4.73663,
	1.87485 4.73854,
	1.87104 4.73663,
	1.87295 4.73473,
	1.87104 4.73282,
	1.87295 4.72901,
	1.86532 4.72329,
	1.87295 4.71567,
	1.85961 4.70423,
	1.8558 4.69661,
	1.85389 4.6928,
	1.8558 4.68518,
	1.84627 4.66993,
	1.84055 4.65469,
	1.83674 4.64706,
	1.82149 4.63563,
	1.81577 4.62991,
	1.81577 4.62229,
	"/>
</Transform>

<Transform dim="6"
 xcoef=" 0.0925077492284508 0.998543026644729 -0.0100712961618164 0 0 0"
 ycoef=" 0.224452645116536 -0.00237123459751437 0.975240597849761 0 0 0">
<Contour name="d04" hidden="true" closed="true" simplified="true" border="1 1 0" fill="1 0 0" mode="11"
 points="3.73842 3.63059,
	3.74735 3.67824,
	3.76224 3.72588,
	3.78309 3.77352,
	3.78606 3.78543,
	3.82478 3.83308,
	3.92006 3.80925,
	4.11064 3.78245,
	4.20592 3.78543,
	4.21783 3.78543,
	4.26548 3.82414,
	4.27739 3.83308,
	4.28036 3.88072,
	4.27441 3.89263,
	4.22677 3.93134,
	4.20294 3.94623,
	4.10766 3.96707,
	4.06001 3.97601,
	3.96473 4.00578,
	3.86944 4.0296,
	3.8218 4.03556,
	3.79798 4.03854,
	3.75033 4.01472,
	3.72651 3.99983,
	3.7146 3.98792,
	3.70269 3.9641,
	3.69673 3.94027,
	3.69376 3.92836,
	3.70269 3.88072,
	3.70864 3.8569,
	3.66398 3.76161,
	3.64909 3.73779,
	3.64611 3.73183,
	3.66398 3.68419,
	3.67291 3.66037,
	3.67291 3.65441,
	3.69376 3.63952,
	3.71758 3.63059,
	3.72949 3.62761,
	3.73247 3.62761,
	"/>
</Transform>

<Transform dim="6"
 xcoef=" 0.0925077492284508 0.998543026644729 -0.0100712961618164 0 0 0"
 ycoef=" 0.224452645116536 -0.00237123459751437 0.975240597849761 0 0 0">
<Contour name="d04" hidden="true" closed="true" simplified="true" border="1 1 0" fill="1 0 0" mode="11"
 points="0.870867 3.88399,
	0.90373 3.81826,
	0.920162 3.7854,
	0.928377 3.76897,
	0.944809 3.75253,
	0.953024 3.74432,
	0.957132 3.74021,
	0.973564 3.74226,
	0.981779 3.74637,
	0.983833 3.87782,
	0.985887 3.91069,
	1.00232 3.97641,
	1.01053 4.00928,
	1.0167 4.02571,
	1.02286 4.03392,
	1.02902 4.03803,
	1.02902 4.04625,
	1.02902 4.05035,
	1.03313 4.05446,
	1.04134 4.05035,
	1.06599 4.08322,
	1.07626 4.09965,
	1.07831 4.10376,
	1.11118 4.10992,
	1.12761 4.11403,
	1.15431 4.14689,
	1.16869 4.16332,
	1.17485 4.17154,
	1.20771 4.19002,
	1.22414 4.20234,
	1.2529 4.23521,
	1.26111 4.24137,
	1.25906 4.24548,
	1.2262 4.24137,
	1.21798 4.24137,
	1.15226 4.19413,
	1.11939 4.16948,
	1.05572 4.10376,
	1.02902 4.07089,
	0.996157 4.04419,
	0.987941 4.04214,
	0.938647 3.97641,
	0.905784 3.94971,
	0.872921 3.93944,
	0.870867 3.90658,
	0.870867 3.89015,
	0.870867 3.88604,
	"/>
</Transform>

<Transform dim="6"
 xcoef=" 0.0925077492284508 0.998543026644729 -0.0100712961618164 0 0 0"
 ycoef=" 0.224452645116536 -0.00237123459751437 0.975240597849761 0 0 0">
<Contour name="d04" hidden="true" closed="true" simplified="true" border="1 1 0" fill="1 0 0" mode="11"
 points="1.49732 4.3112,
	1.54045 4.24548,
	1.55072 4.22905,
	1.55688 4.22083,
	1.62261 4.17564,
	1.63904 4.16332,
	1.6719 4.14894,
	1.68012 4.14483,
	1.68422 4.14278,
	1.70066 4.1551,
	1.70476 4.15921,
	1.69039 4.19208,
	1.6719 4.22494,
	1.61028 4.29066,
	1.59385 4.30504,
	1.52813 4.32763,
	1.51169 4.3338,
	1.50142 4.31737,
	1.49937 4.31326,
	"/>
</Transform>

<Transform dim="6"
 xcoef=" 0.0925077492284508 0.998543026644729 -0.0100712961618164 0 0 0"
 ycoef=" 0.224452645116536 -0.00237123459751437 0.975240597849761 0 0 0">
<Contour name="d04c03" hidden="true" closed="true" simplified="true" border="1 0 0" fill="1 0 1" mode="11"
 points="1.65632 2.28753,
	1.67531 2.27804,
	1.6848 2.27329,
	1.68954 2.27092,
	1.75836 2.34448,
	1.82243 2.42041,
	1.85328 2.45838,
	1.92921 2.48211,
	1.9482 2.48923,
	1.95769 2.4916,
	1.96481 2.49872,
	1.96481 2.51771,
	1.96243 2.52245,
	1.8865 2.52482,
	1.81056 2.48448,
	1.7726 2.4655,
	1.75361 2.45601,
	1.72988 2.41804,
	1.72039 2.39906,
	1.68717 2.36109,
	1.6848 2.35872,
	1.68717 2.35634,
	1.68954 2.35872,
	1.68954 2.35397,
	1.67293 2.33499,
	1.66581 2.3255,
	1.65632 2.2899,
	"/>
</Transform>

<Transform dim="6"
 xcoef=" 0.0925077492284508 0.998543026644729 -0.0100712961618164 0 0 0"
 ycoef=" 0.224452645116536 -0.00237123459751437 0.975240597849761 0 0 0">
<Contour name="d04cfa03" hidden="true" closed="false" simplified="false" border="0 1 0" fill="1 0 0.5" mode="11"
 points="1.96173 2.51346,
	1.91665 2.50634,
	1.7719 2.42329,
	1.66511 2.27617,
	"/>
</Transform>

<Transform dim="6"
 xcoef=" 0.0925077492284508 0.998543026644729 -0.0100712961618164 0 0 0"
 ycoef=" 0.224452645116536 -0.00237123459751437 0.975240597849761 0 0 0">
<Contour name="d13c10b" hidden="true" closed="true" simplified="true" border="1 0 0" fill="0 1 1" mode="11"
 points="3.10077 3.12377,
	3.10588 3.10333,
	3.10716 3.09822,
	3.1276 3.09438,
	3.13271 3.0931,
	3.17359 3.13016,
	3.19404 3.14421,
	3.21448 3.15443,
	3.2247 3.16082,
	3.22981 3.16337,
	3.23875 3.18382,
	3.24386 3.19404,
	3.24514 3.20426,
	3.24642 3.20937,
	3.24514 3.21448,
	3.23492 3.22214,
	3.23236 3.22342,
	3.21192 3.21831,
	3.20681 3.21703,
	3.19659 3.20937,
	3.15571 3.17104,
	3.11482 3.13654,
	3.1046 3.12888,
	3.10077 3.12505,
	"/>
</Transform>

<Transform dim="6"
 xcoef=" 0.0925077492284508 0.998543026644729 -0.0100712961618164 0 0 0"
 ycoef=" 0.224452645116536 -0.00237123459751437 0.975240597849761 0 0 0">
<Contour name="d13cfa10b" hidden="true" closed="false" simplified="false" border="0 1 0" fill="0 1 1" mode="11"
 points="3.10116 3.10532,
	3.11904 3.12704,
	3.19698 3.17559,
	3.24297 3.2152,
	"/>
</Transform>

<Transform dim="6"
 xcoef=" 0.0925077492284508 0.998543026644729 -0.0100712961618164 0 0 0"
 ycoef=" 0.224452645116536 -0.00237123459751437 0.975240597849761 0 0 0">
<Contour name="d04" hidden="true" closed="true" simplified="true" border="1 1 0" fill="1 0 0" mode="11"
 points="1.31215 2.28497,
	1.31762 2.24122,
	1.32036 2.21934,
	1.32173 2.20841,
	1.32309 2.20294,
	1.32309 2.20157,
	1.32583 2.19883,
	1.33677 2.2043,
	1.42427 2.21934,
	1.46803 2.21934,
	1.47349 2.21798,
	1.47623 2.21251,
	1.4817 2.20704,
	1.4899 2.18516,
	1.494 2.17422,
	1.49811 2.16875,
	1.50084 2.16602,
	1.50084 2.16328,
	1.50904 2.15508,
	1.51178 2.14961,
	1.51178 2.14414,
	1.51178 2.14141,
	1.51861 2.13047,
	1.52135 2.125,
	1.52135 2.12227,
	1.52408 2.1209,
	1.52408 2.11816,
	1.52682 2.11543,
	1.52682 2.1127,
	1.52955 2.10996,
	1.52955 2.10723,
	1.53229 2.10586,
	1.53365 2.09492,
	1.53639 2.08945,
	1.53912 2.06757,
	1.53912 2.0457,
	1.53912 2.04296,
	1.55963 1.95546,
	1.56373 1.93358,
	1.56647 1.92264,
	1.57331 1.9117,
	1.59382 1.88983,
	1.60475 1.87889,
	1.61022 1.87342,
	1.61159 1.87205,
	1.65534 1.90624,
	1.66628 1.91717,
	1.67175 1.92264,
	1.67312 1.92538,
	1.6444 2.01288,
	1.63347 2.05664,
	1.62526 2.10039,
	1.62116 2.14414,
	1.61843 2.16602,
	1.61706 2.17696,
	1.61706 2.18243,
	1.62526 2.2043,
	1.68542 2.29181,
	1.76473 2.37932,
	1.80574 2.42307,
	1.8495 2.45998,
	1.937 2.51741,
	1.95888 2.52972,
	1.96982 2.53655,
	2.00947 2.57894,
	2.03135 2.60082,
	2.03681 2.60628,
	2.03955 2.60765,
	2.02041 2.69516,
	2.01494 2.71703,
	2.0122 2.72797,
	2.01084 2.73344,
	1.92333 2.77993,
	1.91239 2.7854,
	1.90692 2.78813,
	1.90419 2.7895,
	1.72918 2.73207,
	1.68542 2.74028,
	1.67448 2.74165,
	1.66355 2.74575,
	1.61979 2.72387,
	1.57604 2.69789,
	1.55416 2.67875,
	1.54323 2.66918,
	1.53776 2.66508,
	1.51588 2.66781,
	1.50494 2.66781,
	1.50084 2.66508,
	1.4899 2.6432,
	1.45845 2.55569,
	1.44478 2.51194,
	1.44752 2.42444,
	1.45025 2.40256,
	1.45162 2.39162,
	1.46803 2.34787,
	1.47896 2.32599,
	1.4858 2.31505,
	1.4899 2.30958,
	1.49264 2.28771,
	1.49127 2.28224,
	1.48717 2.27814,
	1.39966 2.27677,
	1.37778 2.27814,
	1.33403 2.29728,
	1.32309 2.30275,
	1.31762 2.30138,
	1.31215 2.29044,
	1.31215 2.28634,
	"/>
</Transform>

<Transform dim="6"
 xcoef=" 0.0925077492284508 0.998543026644729 -0.0100712961618164 0 0 0"
 ycoef=" 0.224452645116536 -0.00237123459751437 0.975240597849761 0 0 0">
<Contour name="d02" hidden="true" closed="true" simplified="true" border="1 1 0" fill="0.5 0 1" mode="11"
 points="6.89931 4.10734,
	6.9061 4.09376,
	6.9078 4.08697,
	6.93156 4.06661,
	6.94514 4.05812,
	6.95872 4.05982,
	6.96211 4.05982,
	6.97229 4.07339,
	6.98587 4.08697,
	6.99945 4.09376,
	7.01303 4.10734,
	7.02491 4.11752,
	7.04358 4.14468,
	7.05546 4.15656,
	7.06055 4.17014,
	7.06055 4.18372,
	7.05885 4.1905,
	7.05885 4.1939,
	7.05376 4.20069,
	7.05206 4.20748,
	7.04018 4.21936,
	7.03679 4.22275,
	7.02321 4.22784,
	7.00963 4.22615,
	6.99606 4.22106,
	6.98248 4.22106,
	6.9689 4.22615,
	6.96211 4.22615,
	6.95023 4.21427,
	6.94514 4.20748,
	6.94344 4.20069,
	6.93326 4.18881,
	6.93326 4.18541,
	6.92138 4.17353,
	6.91628 4.15995,
	6.91459 4.14638,
	6.91459 4.13959,
	6.9095 4.1328,
	6.9095 4.1294,
	6.9044 4.12261,
	6.90101 4.11922,
	6.89931 4.11243,
	6.89931 4.10904,
	"/>
<Contour name="d02" hidden="true" closed="true" simplified="true" border="1 1 0" fill="0.5 0 1" mode="11"
 points="5.34633 3.59986,
	5.34973 3.59817,
	5.34803 3.57101,
	5.35142 3.55743,
	5.35821 3.54555,
	5.365 3.54046,
	5.36839 3.53706,
	5.38197 3.53367,
	5.38537 3.53367,
	5.38876 3.53028,
	5.40234 3.53197,
	5.40913 3.53537,
	5.42101 3.54725,
	5.44477 3.56592,
	5.45326 3.5795,
	5.45835 3.59307,
	5.45495 3.62023,
	5.45665 3.63381,
	5.46853 3.66096,
	5.47362 3.67454,
	5.47193 3.68133,
	5.46005 3.69151,
	5.44647 3.69661,
	5.43289 3.69661,
	5.41083 3.67454,
	5.38367 3.65757,
	5.37688 3.65417,
	5.3633 3.6406,
	5.34973 3.61344,
	5.34633 3.60156,
	"/>
<Contour name="d02" hidden="true" closed="true" simplified="true" border="1 1 0" fill="0.5 0 1" mode="11"
 points="5.41931 3.09069,
	5.43119 3.07881,
	5.45835 3.07202,
	5.51266 3.07711,
	5.56697 3.0856,
	5.57376 3.08729,
	5.58734 3.09578,
	5.59073 3.09917,
	5.59752 3.09917,
	5.60431 3.10257,
	5.60771 3.10257,
	5.6111 3.10596,
	5.63826 3.11106,
	5.65184 3.11275,
	5.66372 3.12124,
	5.66711 3.12463,
	5.66711 3.12803,
	5.69087 3.15518,
	5.70445 3.16367,
	5.71463 3.17385,
	5.72821 3.18064,
	5.74179 3.18064,
	5.75537 3.17216,
	5.75876 3.16537,
	5.76555 3.15858,
	5.77743 3.15179,
	5.78083 3.15179,
	5.78422 3.14839,
	5.81138 3.15009,
	5.81477 3.15349,
	5.81817 3.15349,
	5.83174 3.16367,
	5.84532 3.16876,
	5.85211 3.17216,
	5.87927 3.17385,
	5.90642 3.17895,
	5.92 3.18064,
	5.92679 3.18234,
	5.93188 3.17555,
	5.94546 3.16876,
	5.95225 3.16537,
	5.96583 3.16537,
	5.9794 3.16876,
	5.98619 3.17046,
	5.99977 3.16706,
	6.00656 3.16197,
	6.01335 3.16028,
	6.02693 3.15179,
	6.08124 3.1433,
	6.09482 3.1433,
	6.10161 3.1433,
	6.11518 3.15009,
	6.14234 3.15688,
	6.15592 3.16876,
	6.15931 3.17046,
	6.17289 3.16876,
	6.20005 3.17216,
	6.2272 3.17046,
	6.25436 3.16197,
	6.26794 3.15688,
	6.28151 3.15858,
	6.2883 3.16028,
	6.2917 3.16028,
	6.30528 3.17216,
	6.31206 3.17555,
	6.36638 3.17725,
	6.37995 3.17895,
	6.40711 3.19761,
	6.45973 3.22647,
	6.4733 3.23326,
	6.48009 3.23495,
	6.48349 3.23835,
	6.51064 3.24684,
	6.52422 3.25193,
	6.53101 3.25532,
	6.5344 3.25532,
	6.5378 3.25872,
	6.54119 3.25872,
	6.55477 3.2672,
	6.5972 3.31303,
	6.62945 3.36734,
	6.63115 3.37413,
	6.64812 3.39959,
	6.66849 3.42674,
	6.67188 3.43184,
	6.69904 3.44032,
	6.72619 3.4522,
	6.73298 3.4539,
	6.73638 3.45729,
	6.74995 3.46069,
	6.77711 3.47427,
	6.78899 3.48615,
	6.79408 3.49294,
	6.79748 3.52009,
	6.79578 3.54725,
	6.79917 3.5744,
	6.79917 3.58798,
	6.80257 3.60156,
	6.81784 3.62702,
	6.82294 3.6406,
	6.82463 3.64739,
	6.82294 3.66096,
	6.82463 3.66775,
	6.83991 3.69321,
	6.83991 3.69661,
	6.8433 3.7,
	6.84161 3.71358,
	6.82803 3.74073,
	6.82124 3.75261,
	6.81784 3.76619,
	6.81445 3.77298,
	6.81275 3.78656,
	6.80087 3.81372,
	6.79917 3.8205,
	6.79578 3.8239,
	6.79578 3.83748,
	6.7856 3.86463,
	6.7839 3.89179,
	6.77202 3.91895,
	6.76014 3.93083,
	6.75335 3.93592,
	6.72619 3.9444,
	6.7194 3.9495,
	6.71601 3.95628,
	6.70243 3.96817,
	6.68885 3.97156,
	6.68206 3.97156,
	6.67528 3.97495,
	6.66849 3.97495,
	6.64133 3.98514,
	6.63454 3.99023,
	6.60739 4.00041,
	6.59381 4.00041,
	6.58362 4.0106,
	6.57514 4.02417,
	6.56156 4.03096,
	6.5344 4.03945,
	6.52252 4.05133,
	6.51913 4.05812,
	6.51234 4.06321,
	6.50895 4.06321,
	6.50555 4.06661,
	6.47839 4.07509,
	6.46482 4.07679,
	6.45124 4.08188,
	6.44615 4.08528,
	6.44275 4.09206,
	6.43596 4.09716,
	6.42239 4.09885,
	6.40881 4.09716,
	6.38165 4.08528,
	6.3545 4.08358,
	6.34092 4.08188,
	6.31376 4.07339,
	6.30018 4.0717,
	6.29339 4.0717,
	6.28661 4.0683,
	6.28321 4.0683,
	6.27642 4.06321,
	6.26284 4.05812,
	6.23569 4.05642,
	6.22211 4.04963,
	6.20684 4.03606,
	6.15252 4.03266,
	6.14573 4.03266,
	6.13895 4.02757,
	6.13555 4.02757,
	6.12197 4.01739,
	6.06766 3.98853,
	6.05578 3.97835,
	6.05069 3.97156,
	6.04899 3.96647,
	6.03541 3.95798,
	6.02184 3.9444,
	5.99977 3.92064,
	5.99128 3.90706,
	5.99128 3.90367,
	5.98789 3.90028,
	5.98789 3.89688,
	5.97431 3.89009,
	5.96073 3.87821,
	5.93867 3.85275,
	5.91151 3.83069,
	5.89794 3.8239,
	5.88606 3.81372,
	5.8589 3.80014,
	5.83174 3.78317,
	5.82835 3.78317,
	5.77404 3.74752,
	5.74858 3.72376,
	5.72651 3.70509,
	5.72312 3.70509,
	5.71803 3.7,
	5.71124 3.6983,
	5.70445 3.69321,
	5.70106 3.69321,
	5.69766 3.68982,
	5.69427 3.68982,
	5.68748 3.68473,
	5.66032 3.68303,
	5.64674 3.67794,
	5.63317 3.66775,
	5.62807 3.66096,
	5.62638 3.64739,
	5.62807 3.63381,
	5.63486 3.63041,
	5.64165 3.62362,
	5.64674 3.61174,
	5.64844 3.59817,
	5.65353 3.58459,
	5.65523 3.5778,
	5.65862 3.5744,
	5.66032 3.56083,
	5.66032 3.55404,
	5.66541 3.54725,
	5.66711 3.54046,
	5.67899 3.53028,
	5.67899 3.52688,
	5.68239 3.52518,
	5.68408 3.51839,
	5.70275 3.49124,
	5.71803 3.46408,
	5.72142 3.45729,
	5.72142 3.4539,
	5.72651 3.44711,
	5.72821 3.44032,
	5.73839 3.42674,
	5.74518 3.41317,
	5.74858 3.40638,
	5.75028 3.37922,
	5.75197 3.36564,
	5.75028 3.35206,
	5.75537 3.33849,
	5.75706 3.32491,
	5.74858 3.29775,
	5.74349 3.28417,
	5.73161 3.2706,
	5.72821 3.2672,
	5.70106 3.25532,
	5.68748 3.25023,
	5.63317 3.24684,
	5.62638 3.24684,
	5.6128 3.24174,
	5.60601 3.23835,
	5.60262 3.23835,
	5.58904 3.22817,
	5.58055 3.21628,
	5.56867 3.20271,
	5.56188 3.19761,
	5.55849 3.19761,
	5.55339 3.19252,
	5.53982 3.18743,
	5.51266 3.18743,
	5.49908 3.18404,
	5.48041 3.15858,
	5.47362 3.145,
	5.46344 3.13142,
	5.44986 3.12124,
	5.43628 3.11445,
	5.4244 3.10427,
	5.41931 3.09239,
	"/>
</Transform>

<Transform dim="6"
 xcoef=" 0.0925077492284508 0.998543026644729 -0.0100712961618164 0 0 0"
 ycoef=" 0.224452645116536 -0.00237123459751437 0.975240597849761 0 0 0">
<Contour name="d13" hidden="true" closed="true" simplified="true" border="1 1 0" fill="1 1 0" mode="11"
 points="0.790413 0.81933,
	0.796839 0.806478,
	0.796839 0.800052,
	0.816117 0.774347,
	0.841822 0.771134,
	0.893231 0.806478,
	0.915722 0.825756,
	0.925361 0.838609,
	0.931787 0.864313,
	0.931787 0.877165,
	0.94464 0.90287,
	0.951066 0.915722,
	0.951066 0.928574,
	0.94464 0.941427,
	0.931787 0.947853,
	0.918935 0.947853,
	0.912509 0.941427,
	0.864313 0.922148,
	0.851461 0.915722,
	0.838609 0.90287,
	0.828969 0.896444,
	0.803265 0.870739,
	0.793626 0.857887,
	0.790413 0.832183,
	0.790413 0.822543,
	"/>
</Transform>

<Transform dim="6"
 xcoef=" 0.0925077492284508 0.998543026644729 -0.0100712961618164 0 0 0"
 ycoef=" 0.224452645116536 -0.00237123459751437 0.975240597849761 0 0 0">
<Contour name="d01SER" hidden="false" closed="true" simplified="true" border="0 1 0" fill="0 1 0" mode="11"
 points="4.64094 4.1835,
	4.64673 4.17771,
	4.69305 4.1835,
	4.71621 4.1835,
	4.72489 4.20666,
	4.7191 4.21824,
	4.70752 4.22693,
	4.68436 4.22403,
	4.64094 4.1864,
	"/>
<Contour name="d01SER" hidden="false" closed="true" simplified="true" border="0 1 0" fill="0 1 0" mode="11"
 points="4.67568 4.58882,
	4.69015 4.56856,
	4.69884 4.55698,
	4.69884 4.55119,
	4.70752 4.5396,
	4.71042 4.52802,
	4.73069 4.50486,
	4.73937 4.49328,
	4.74516 4.47012,
	4.74806 4.45854,
	4.75674 4.44696,
	4.76832 4.44406,
	4.7799 4.45275,
	4.78569 4.46433,
	4.7828 4.48749,
	4.75964 4.51065,
	4.75095 4.52223,
	4.74227 4.56856,
	4.72779 4.59172,
	4.7191 4.6033,
	4.70752 4.60909,
	4.69594 4.60909,
	4.69015 4.60909,
	4.67857 4.59751,
	4.67568 4.59172,
	"/>
<Contour name="d01SER" hidden="false" closed="true" simplified="true" border="0 1 0" fill="0 1 0" mode="11"
 points="4.3659 4.62067,
	4.37169 4.61777,
	4.41801 4.62935,
	4.42959 4.63515,
	4.43538 4.64094,
	4.45854 4.64673,
	4.4817 4.65831,
	4.48749 4.65831,
	4.51065 4.67568,
	4.52223 4.68436,
	4.52802 4.69594,
	4.51934 4.70463,
	4.49618 4.71042,
	4.47302 4.71042,
	4.44986 4.70173,
	4.42669 4.68436,
	4.38327 4.6641,
	4.36879 4.64383,
	4.3659 4.62356,
	"/>
<Contour name="d01SER" hidden="false" closed="true" simplified="true" border="0 1 0" fill="0 1 0" mode="11"
 points="4.63225 4.66699,
	4.65541 4.65252,
	4.66699 4.64673,
	4.67278 4.64383,
	4.68147 4.65252,
	4.67278 4.67568,
	4.65252 4.69305,
	4.64094 4.69305,
	4.63225 4.68436,
	4.63225 4.67278,
	4.63225 4.66989,
	"/>
</Transform>

<Transform dim="6"
 xcoef=" 0.0925077492284508 0.998543026644729 -0.0100712961618164 0 0 0"
 ycoef=" 0.224452645116536 -0.00237123459751437 0.975240597849761 0 0 0">
<Contour name="d01SER" hidden="false" closed="true" simplified="true" border="0 1 0" fill="0 1 0" mode="11"
 points="4.34563 4.32826,
	4.35721 4.32536,
	4.37748 4.33694,
	4.38906 4.33984,
	4.40643 4.35721,
	4.41222 4.363,
	4.4238 4.3659,
	4.42959 4.3659,
	4.43248 4.37748,
	4.42959 4.38906,
	4.42669 4.39485,
	4.40353 4.38616,
	4.38037 4.3659,
	4.36879 4.36011,
	4.363 4.35431,
	4.35721 4.35431,
	4.34852 4.34273,
	4.34563 4.33115,
	"/>
</Transform>

<Transform dim="6"
 xcoef=" 0.0625077492284513 0.998543026644729 -0.0100712961618164 0 0 0"
 ycoef=" 0.284452645116536 -0.00237123459751437 0.975240597849761 0 0 0">
<Contour name="mito12_KH(added)" hidden="true" closed="false" simplified="true" border="0 1 1" fill="0 1 1" mode="-9"
 points="8.17945 3.21971,
	8.09461 3.47423,
	"/>
</Transform>

<Transform dim="6"
 xcoef=" 0.107787144245561 0.946340742908056 0.0281946209848647 0 0 0"
 ycoef=" 0.00678521000236373 -0.0575753907811874 1.10733605005805 0 0 0">
<Image mag="0.00220626" contrast="1.05" brightness="-0.33" red="true" green="true" blue="true"
 src="FPNCT.12.jpg" />
<Contour name="domain1" hidden="false" closed="true" simplified="false" border="1 0 1" fill="1 0 1" mode="11"
 points="0 0,
	4096 0,
	4096 4096,
	0 4096,
	"/>
</Transform>

<Transform dim="0"
 xcoef=" 0 1 0 0 0 0"
 ycoef=" 0 0 1 0 0 0">
<Contour name="d01" hidden="false" closed="true" simplified="true" border="1 1 0.501961" fill="1 1 0" mode="11"
 points="4.16875 4.31955,
	4.1878 4.29322,
	4.19096 4.28662,
	4.20375 4.27676,
	4.23704 4.22407,
	4.24817 4.21091,
	4.26241 4.18456,
	4.27179 4.1582,
	4.27489 4.14501,
	4.28911 4.11866,
	4.30817 4.09233,
	4.32401 4.06598,
	4.33682 4.05777,
	4.3625 4.04959,
	4.37533 4.04468,
	4.38814 4.03646,
	4.39453 4.03153,
	4.40737 4.02661,
	4.43309 4.02173,
	4.45887 4.02344,
	4.47177 4.02512,
	4.49747 4.01859,
	4.52324 4.01865,
	4.53611 4.01703,
	4.54894 4.01212,
	4.56173 4.00226,
	4.58741 3.99408,
	4.61318 3.99414,
	4.6392 4.01893,
	4.66517 4.03879,
	4.67495 4.052,
	4.70092 4.07185,
	4.71231 4.08342,
	4.71722 4.09003,
	4.72056 4.10322,
	4.71909 4.11642,
	4.72083 4.12961,
	4.7209 4.13621,
	4.72419 4.14281,
	4.73717 4.15274,
	4.74696 4.16595,
	4.75851 4.19236,
	4.76025 4.20556,
	4.76192 4.21216,
	4.75253 4.23852,
	4.74938 4.24511,
	4.7478 4.2484,
	4.75759 4.26161,
	4.76085 4.26492,
	4.76259 4.27811,
	4.75951 4.2913,
	4.75796 4.29789,
	4.77098 4.31112,
	4.77588 4.31773,
	4.77752 4.32103,
	4.77121 4.3342,
	4.76967 4.34079,
	4.77476 4.36719,
	4.77805 4.3738,
	4.77348 4.40017,
	4.76879 4.41335,
	4.75597 4.41991,
	4.74956 4.4232,
	4.74325 4.43637,
	4.73868 4.46274,
	4.72929 4.4891,
	4.72614 4.49569,
	4.72456 4.49898,
	4.7263 4.51218,
	4.72321 4.52536,
	4.72324 4.52866,
	4.71371 4.54183,
	4.70097 4.55499,
	4.69318 4.58136,
	4.69163 4.58795,
	4.64048 4.62575,
	4.62772 4.63727,
	4.57628 4.64703,
	4.55055 4.65027,
	4.53766 4.65023,
	4.51209 4.66996,
	4.49933 4.68147,
	4.48652 4.68969,
	4.47369 4.6946,
	4.42201 4.67964,
	4.40908 4.6763,
	4.38476 4.65976,
	4.38288 4.63337,
	4.37149 4.6218,
	4.31965 4.592,
	4.29375 4.57874,
	4.28237 4.56716,
	4.2774 4.55396,
	4.27727 4.54077,
	4.2772 4.53417,
	4.27717 4.53088,
	4.25758 4.50445,
	4.25261 4.49124,
	4.24932 4.48464,
	4.24919 4.47144,
	4.24912 4.46485,
	4.2392 4.43844,
	4.23101 4.42524,
	4.20981 4.3988,
	4.19841 4.38723,
	4.19023 4.37401,
	4.18688 4.36082,
	4.17373 4.3344,
	4.16877 4.32119,
	"/>
</Transform>

<Transform dim="0"
 xcoef=" 0 1 0 0 0 0"
 ycoef=" 0 0 1 0 0 0">
<Contour name="d03_INC" hidden="true" closed="true" simplified="false" border="1 0 0" fill="1 0 0" mode="-13"
 points="5.75992 0.537904,
	5.80319 0.477331,
	5.75992 0.416759,
	5.78588 0.416759,
	5.82049 0.468678,
	5.85511 0.416759,
	5.88107 0.416759,
	5.8378 0.477331,
	5.88107 0.537904,
	5.85511 0.537904,
	5.82049 0.485985,
	5.78588 0.537904,
	"/>
</Transform>

</Section>