<?xml version="1.0"?>
<!DOCTYPE Section SYSTEM "section.dtd">

<Section index="16" thickness="0.048" alignLocked="true">
<Transform dim="6"
 xcoef=" -0.177492250771548 0.998543026644729 -0.0100712961618164 0 0 0"
 ycoef=" -0.0755473548834642 -0.00237123459751437 0.975240597849761 0 0 0">
<Contour name="D04_high_caliber" hidden="true" closed="true" simplified="true" border="1 0 0" fill="1 0 0" mode="13"
 points="1.48509 3.96394,
	1.49282 3.91173,
	1.51566 3.86197,
	1.55253 3.81697,
	1.60172 3.77885,
	1.66092 3.74938,
	1.72737 3.72994,
	1.79795 3.72145,
	1.86937 3.72429,
	1.93829 3.73834,
	2.00148 3.76294,
	2.05599 3.79693,
	2.09928 3.83874,
	2.12931 3.88639,
	2.14469 3.93768,
	2.14469 3.99019,
	2.12931 4.04148,
	2.09928 4.08913,
	2.05599 4.13094,
	2.00148 4.16493,
	1.93829 4.18953,
	1.86937 4.20358,
	1.79795 4.20642,
	1.72737 4.19793,
	1.66092 4.17849,
	1.60172 4.14902,
	1.55253 4.1109,
	1.51566 4.0659,
	"/>
</Transform>

<Transform dim="6"
 xcoef=" 0.0925077492284508 0.998543026644729 -0.0100712961618164 0 0 0"
 ycoef=" 0.224452645116536 -0.00237123459751437 0.975240597849761 0 0 0">
<Contour name="D06_mid-caliber" hidden="true" closed="true" simplified="true" border="0 0 1" fill="0 0 1" mode="9"
 points="6.61905 7.76257,
	6.62383 7.7141,
	6.6379 7.66845,
	6.66043 7.62827,
	6.69012 7.59589,
	6.72525 7.5732,
	6.76377 7.56152,
	6.80344 7.56152,
	6.84195 7.5732,
	6.87708 7.59589,
	6.90677 7.62827,
	6.92931 7.66845,
	6.94338 7.7141,
	6.94816 7.76257,
	6.94338 7.81104,
	6.92931 7.85669,
	6.90677 7.89687,
	6.87708 7.92925,
	6.84195 7.95194,
	6.80344 7.96363,
	6.76377 7.96363,
	6.72525 7.95194,
	6.69012 7.92925,
	6.66043 7.89687,
	6.6379 7.85669,
	6.62383 7.81104,
	"/>
</Transform>

<Transform dim="6"
 xcoef=" 0.0925077492284508 0.998543026644729 -0.0100712961618164 0 0 0"
 ycoef=" 0.224452645116536 -0.00237123459751437 0.975240597849761 0 0 0">
<Contour name="D07_noSymmetric" hidden="true" closed="true" simplified="true" border="1 0 1" fill="1 0 1" mode="9"
 points="5.34691 7.03473,
	5.3523 6.99546,
	5.3681 6.9591,
	5.39312 6.92834,
	5.4255 6.90548,
	5.46286 6.89221,
	5.50241 6.8895,
	5.54122 6.89757,
	5.57642 6.91581,
	5.60539 6.94286,
	5.62599 6.97674,
	5.63669 7.01491,
	5.63669 7.05455,
	5.62599 7.09272,
	5.60539 7.1266,
	5.57642 7.15366,
	5.54122 7.17189,
	5.50241 7.17996,
	5.46286 7.17725,
	5.4255 7.16398,
	5.39312 7.14112,
	5.3681 7.11037,
	5.3523 7.074,
	"/>
</Transform>

<Transform dim="6"
 xcoef=" 0.0925077492284508 0.998543026644729 -0.0100712961618164 0 0 0"
 ycoef=" 0.224452645116536 -0.00237123459751437 0.975240597849761 0 0 0">
<Contour name="d02c02" hidden="true" closed="true" simplified="true" border="1 0 0" fill="0 1 0" mode="11"
 points="7.58368 4.16367,
	7.5953 4.13268,
	7.61854 4.1017,
	7.64953 4.07458,
	7.66502 4.06684,
	7.67664 4.08233,
	7.68439 4.09008,
	7.68826 4.12106,
	7.67277 4.18303,
	7.64953 4.245,
	7.63791 4.27599,
	7.62629 4.29148,
	7.6108 4.29148,
	7.5953 4.27986,
	7.58368 4.21789,
	7.58368 4.18691,
	7.58368 4.17141,
	7.58368 4.16754,
	"/>
<Contour name="d02cfa02" hidden="true" closed="false" simplified="false" border="0 1 0" fill="0 1 1" mode="11"
 points="7.67397 4.07553,
	7.65073 4.09489,
	7.63137 4.14524,
	7.62362 4.20721,
	7.61587 4.27693,
	"/>
</Transform>

<Transform dim="6"
 xcoef=" 0.542507749228452 0.998543026644729 -0.0100712961618164 0 0 0"
 ycoef=" 0.854452645116536 -0.00237123459751437 0.975240597849761 0 0 0">
<Contour name="D08" hidden="true" closed="true" simplified="true" border="1 0 0" fill="1 0 0" mode="9"
 points="7.49445 4.52104,
	7.50131 4.46725,
	7.52123 4.41872,
	7.55225 4.38021,
	7.59134 4.35549,
	7.63467 4.34697,
	7.67801 4.35549,
	7.7171 4.38021,
	7.74812 4.41872,
	7.76804 4.46725,
	7.7749 4.52104,
	7.76804 4.57483,
	7.74812 4.62336,
	7.7171 4.66187,
	7.67801 4.68659,
	7.63467 4.69511,
	7.59134 4.68659,
	7.55225 4.66187,
	7.52123 4.62336,
	"/>
</Transform>

<Transform dim="6"
 xcoef=" 0.0925077492284508 0.998543026644729 -0.0100712961618164 0 0 0"
 ycoef=" 0.224452645116536 -0.00237123459751437 0.975240597849761 0 0 0">
<Contour name="mito JB13" hidden="true" closed="false" simplified="true" border="1 0.5 0" fill="1 0.5 0" mode="9"
 points="4.82112 7.79702,
	5.08405 7.76264,
	"/>
</Transform>

<Transform dim="6"
 xcoef=" -0.0774922507715485 0.998543026644729 -0.0100712961618164 0 0 0"
 ycoef=" 0.0644526451165361 -0.00237123459751437 0.975240597849761 0 0 0">
<Contour name="D13_high caliber" hidden="true" closed="true" simplified="true" border="0.5 0 1" fill="0.5 0 1" mode="9"
 points="2.63438 1.83344,
	2.64248 1.75517,
	2.66636 1.68083,
	2.70483 1.61414,
	2.75596 1.55845,
	2.81718 1.51654,
	2.88543 1.49053,
	2.95728 1.48171,
	3.02913 1.49053,
	3.09737 1.51654,
	3.1586 1.55845,
	3.20972 1.61414,
	3.24819 1.68083,
	3.27207 1.75517,
	3.28017 1.83344,
	3.27207 1.9117,
	3.24819 1.98604,
	3.20972 2.05273,
	3.1586 2.10842,
	3.09737 2.15033,
	3.02913 2.17634,
	2.95728 2.18516,
	2.88543 2.17634,
	2.81718 2.15033,
	2.75596 2.10842,
	2.70483 2.05273,
	2.66636 1.98604,
	"/>
<Contour name="D12_high Caliber" hidden="true" closed="true" simplified="true" border="1 0.5 0" fill="1 0.5 0" mode="9"
 points="4.93362 5.94034,
	4.94389 5.85587,
	4.97389 5.77824,
	5.02118 5.71375,
	5.08193 5.66761,
	5.15121 5.64357,
	5.22342 5.64357,
	5.29271 5.66761,
	5.35346 5.71375,
	5.40074 5.77824,
	5.43074 5.85587,
	5.44102 5.94034,
	5.43074 6.02482,
	5.40074 6.10244,
	5.35346 6.16694,
	5.29271 6.21308,
	5.22342 6.23712,
	5.15121 6.23712,
	5.08193 6.21308,
	5.02118 6.16694,
	4.97389 6.10244,
	4.94389 6.02482,
	"/>
</Transform>

<Transform dim="6"
 xcoef=" 0.0925077492284508 0.998543026644729 -0.0100712961618164 0 0 0"
 ycoef=" 0.224452645116536 -0.00237123459751437 0.975240597849761 0 0 0">
<Contour name="d13" hidden="true" closed="true" simplified="true" border="1 1 0" fill="1 1 0" mode="11"
 points="3.16999 3.64806,
	3.19002 3.56796,
	3.21504 3.48787,
	3.25384 3.40777,
	3.2651 3.38775,
	3.28513 3.38024,
	3.29514 3.37649,
	3.33519 3.37899,
	3.37523 3.3502,
	3.38024 3.34645,
	3.42029 3.34395,
	3.44031 3.34645,
	3.44532 3.3477,
	3.46534 3.36147,
	3.47035 3.37148,
	3.47285 3.37649,
	3.44406 3.41653,
	3.42529 3.49663,
	3.41778 3.53667,
	3.40777 3.61677,
	3.40277 3.65682,
	3.40777 3.73691,
	3.41278 3.77696,
	3.41403 3.78697,
	3.41528 3.79198,
	3.41528 3.79448,
	3.39526 3.80574,
	3.37523 3.80824,
	3.36522 3.80824,
	3.32517 3.79573,
	3.31516 3.79198,
	3.29514 3.77821,
	3.2163 3.71188,
	3.20003 3.69186,
	3.19627 3.68685,
	3.18626 3.68435,
	3.18125 3.6831,
	3.1775 3.67934,
	3.17249 3.65932,
	3.16999 3.64931,
	"/>
</Transform>

<Transform dim="6"
 xcoef=" 0.0925077492284508 0.998543026644729 -0.0100712961618164 0 0 0"
 ycoef=" 0.224452645116536 -0.00237123459751437 0.975240597849761 0 0 0">
<Contour name="d13" hidden="true" closed="true" simplified="true" border="1 1 0" fill="1 1 0" mode="11"
 points="3.56193 3.1858,
	3.57419 3.1531,
	3.57624 3.14492,
	3.56704 3.11222,
	3.56499 3.10404,
	3.56397 3.09995,
	3.56704 3.06724,
	3.5701 3.06418,
	3.60281 3.05498,
	3.66822 3.04067,
	3.68458 3.04578,
	3.69275 3.04885,
	3.69684 3.05089,
	3.70604 3.0836,
	3.71319 3.1163,
	3.71728 3.13266,
	3.71933 3.14083,
	3.70093 3.20625,
	3.69889 3.21442,
	3.69173 3.23078,
	3.68253 3.24713,
	3.67742 3.25531,
	3.67436 3.25939,
	3.67231 3.26144,
	3.66414 3.26348,
	3.66005 3.26348,
	3.64369 3.26859,
	3.62734 3.27166,
	3.61099 3.27064,
	3.6069 3.27064,
	3.59872 3.26655,
	3.59463 3.26348,
	3.59259 3.24713,
	3.59259 3.24304,
	3.58544 3.22669,
	3.58135 3.21851,
	3.56499 3.20931,
	3.56295 3.19296,
	3.56193 3.18887,
	3.56193 3.18683,
	"/>
</Transform>

<Transform dim="6"
 xcoef=" 0.0925077492284508 0.998543026644729 -0.0100712961618164 0 0 0"
 ycoef=" 0.224452645116536 -0.00237123459751437 0.975240597849761 0 0 0">
<Contour name="d13p04" hidden="true" closed="true" simplified="false" border="1 0 0" fill="1 0 0" mode="-13"
 points="3.94229 2.27958,
	3.95671 2.25939,
	3.94229 2.23919,
	3.95094 2.23919,
	3.96248 2.2565,
	3.97403 2.23919,
	3.98268 2.23919,
	3.96825 2.25939,
	3.98268 2.27958,
	3.97403 2.27958,
	3.96248 2.26227,
	3.95094 2.27958,
	"/>
</Transform>

<Transform dim="6"
 xcoef=" 0.0925077492284508 0.998543026644729 -0.0100712961618164 0 0 0"
 ycoef=" 0.224452645116536 -0.00237123459751437 0.975240597849761 0 0 0">
<Contour name="d13" hidden="true" closed="true" simplified="true" border="1 1 0" fill="1 1 0" mode="11"
 points="4.49637 2.66724,
	4.49781 2.66147,
	4.49781 2.65859,
	4.5209 2.64849,
	4.53244 2.64416,
	4.54398 2.63551,
	4.54686 2.63262,
	4.63918 2.63983,
	4.66226 2.64705,
	4.70842 2.66724,
	4.73151 2.68744,
	4.74305 2.69609,
	4.76324 2.71917,
	4.76613 2.72206,
	4.78921 2.72206,
	4.80075 2.7235,
	4.82383 2.73793,
	4.83537 2.74514,
	4.8397 2.74802,
	4.82094 2.76966,
	4.8094 2.7711,
	4.76324 2.76389,
	4.7517 2.76101,
	4.74449 2.7711,
	4.72141 2.77399,
	4.69833 2.77255,
	4.67525 2.76533,
	4.65938 2.74225,
	4.64063 2.72062,
	4.62909 2.71196,
	4.62332 2.70619,
	4.57715 2.69321,
	4.55407 2.68888,
	4.54253 2.68599,
	4.51945 2.68599,
	4.51368 2.68599,
	4.5108 2.68599,
	4.49926 2.6759,
	4.49637 2.67301,
	4.49637 2.66868,
	"/>
</Transform>

<Transform dim="6"
 xcoef=" 0.0925077492284508 0.998543026644729 -0.0100712961618164 0 0 0"
 ycoef=" 0.224452645116536 -0.00237123459751437 0.975240597849761 0 0 0">
<Contour name="d13" hidden="true" closed="true" simplified="true" border="1 1 0" fill="0.5 0 1" mode="11"
 points="2.34507 1.65,
	2.35954 1.57279,
	2.37885 1.5559,
	2.38367 1.54625,
	2.38608 1.50765,
	2.39332 1.498,
	2.47053 1.47869,
	2.48984 1.47146,
	2.49707 1.46422,
	2.50672 1.42561,
	2.51155 1.40631,
	2.51155 1.38701,
	2.51155 1.37736,
	2.55016 1.37012,
	2.56946 1.36529,
	2.60806 1.36771,
	2.62737 1.37012,
	2.63702 1.37253,
	2.71423 1.35323,
	2.79144 1.3291,
	2.83004 1.31221,
	2.84934 1.30497,
	2.86865 1.2905,
	2.8783 1.28084,
	2.88312 1.27602,
	2.96033 1.27361,
	2.96516 1.27361,
	3.03513 1.1964,
	3.07132 1.15779,
	3.14853 1.08782,
	3.18473 1.04921,
	3.1992 1.02991,
	3.27641 1.03232,
	3.31502 1.04921,
	3.35603 1.12642,
	3.40429 1.20363,
	3.42842 1.24224,
	3.49115 1.31945,
	3.50563 1.33875,
	3.66005 1.46663,
	3.69865 1.50041,
	3.71796 1.51489,
	3.72761 1.52454,
	3.73726 1.52936,
	3.81447 1.53902,
	3.89168 1.54384,
	3.90133 1.54867,
	3.90857 1.56556,
	3.91098 1.57038,
	3.91581 1.58003,
	3.91339 1.61864,
	3.91339 1.63794,
	3.90857 1.65724,
	3.87238 1.69344,
	3.86273 1.71274,
	3.8579 1.73204,
	3.84825 1.75134,
	3.88444 1.82855,
	3.89892 1.86716,
	3.90374 1.87681,
	3.90616 1.91541,
	3.90857 1.93472,
	3.89892 2.01193,
	3.92546 2.08914,
	3.95683 2.16635,
	3.97613 2.20495,
	4.00026 2.24356,
	4.00749 2.26286,
	4.00508 2.27251,
	3.99784 2.28216,
	3.95924 2.30146,
	3.92305 2.34007,
	3.90616 2.35937,
	3.8965 2.39798,
	3.89168 2.41728,
	3.86031 2.45588,
	3.81688 2.53309,
	3.79758 2.54757,
	3.79275 2.54998,
	3.77345 2.54275,
	3.75415 2.54033,
	3.7445 2.53792,
	3.7252 2.54516,
	3.70589 2.55722,
	3.689 2.59583,
	3.67211 2.6103,
	3.65281 2.61513,
	3.61421 2.60789,
	3.5949 2.60307,
	3.5756 2.60548,
	3.56595 2.60548,
	3.41153 2.66821,
	3.33432 2.7044,
	3.25711 2.73577,
	3.23781 2.75025,
	3.20161 2.82746,
	3.19679 2.84676,
	3.18473 2.86606,
	3.15095 2.90225,
	3.11234 2.92397,
	3.09304 2.94327,
	3.08339 2.95292,
	3.07374 2.95775,
	3.06408 2.95534,
	3.02548 2.92397,
	3.00618 2.90708,
	2.98687 2.89984,
	2.98205 2.89984,
	2.96516 2.88054,
	2.9531 2.84193,
	2.93621 2.80333,
	2.92655 2.78403,
	2.88795 2.77196,
	2.86865 2.76472,
	2.79144 2.70923,
	2.77213 2.69475,
	2.76248 2.68751,
	2.68527 2.67304,
	2.64667 2.66821,
	2.60806 2.65615,
	2.60324 2.65615,
	2.596 2.6465,
	2.58393 2.60789,
	2.58152 2.56929,
	2.58152 2.54998,
	2.54533 2.51138,
	2.53085 2.49208,
	2.52361 2.45347,
	2.51879 2.43417,
	2.51638 2.42452,
	2.48984 2.38591,
	2.47777 2.36661,
	2.45364 2.2894,
	2.43917 2.25079,
	2.43675 2.24114,
	2.42469 2.22184,
	2.41745 2.21219,
	2.41504 2.20254,
	2.42228 2.16393,
	2.42469 2.08672,
	2.4271 2.04812,
	2.39815 1.97091,
	2.38608 1.9323,
	2.37885 1.8937,
	2.37402 1.81649,
	2.36437 1.73928,
	2.34748 1.66207,
	2.34507 1.65242,
	"/>
</Transform>

<Transform dim="6"
 xcoef=" 0.0925077492284508 0.998543026644729 -0.0100712961618164 0 0 0"
 ycoef=" 0.224452645116536 -0.00237123459751437 0.975240597849761 0 0 0">
<Contour name="d13p05" hidden="true" closed="true" simplified="false" border="1 0 0" fill="1 0 0" mode="-13"
 points="3.85757 1.62766,
	3.85757 1.60122,
	3.83113 1.60122,
	3.83113 1.62436,
	3.82782 1.62766,
	3.82782 1.59791,
	3.86087 1.59791,
	3.86087 1.63097,
	3.82782 1.63097,
	3.83113 1.62766,
	"/>
</Transform>

<Transform dim="6"
 xcoef=" 0.0925077492284508 0.998543026644729 -0.0100712961618164 0 0 0"
 ycoef=" 0.224452645116536 -0.00237123459751437 0.975240597849761 0 0 0">
<Contour name="d13" hidden="true" closed="true" simplified="true" border="1 1 0" fill="1 1 0" mode="11"
 points="4.22909 1.59985,
	4.23009 1.59885,
	4.23407 1.60184,
	4.26593 1.59089,
	4.29778 1.59089,
	4.31371 1.59188,
	4.37743 1.60682,
	4.39336 1.6108,
	4.40132 1.61179,
	4.40929 1.61478,
	4.44114 1.63967,
	4.45707 1.65162,
	4.47201 1.66655,
	4.47599 1.67053,
	4.47698 1.67451,
	4.47499 1.69044,
	4.46802 1.70637,
	4.45807 1.7223,
	4.42621 1.74918,
	4.41028 1.75117,
	4.4063 1.75316,
	4.37444 1.74918,
	4.36648 1.74719,
	4.30276 1.70139,
	4.28683 1.69044,
	4.27389 1.6765,
	4.24203 1.65759,
	4.23307 1.62573,
	4.23009 1.61777,
	4.22909 1.60184,
	4.22909 1.60084,
	"/>
</Transform>

<Transform dim="6"
 xcoef=" 0.0925077492284508 0.998543026644729 -0.0100712961618164 0 0 0"
 ycoef=" 0.224452645116536 -0.00237123459751437 0.975240597849761 0 0 0">
<Contour name="d13p06" hidden="true" closed="true" simplified="false" border="1 0 0" fill="1 0 0" mode="-13"
 points="3.26053 1.08975,
	3.24354 1.07275,
	3.26053 1.05575,
	3.27753 1.07275,
	"/>
</Transform>

<Transform dim="6"
 xcoef=" 0.0925077492284508 0.998543026644729 -0.0100712961618164 0 0 0"
 ycoef=" 0.224452645116536 -0.00237123459751437 0.975240597849761 0 0 0">
<Contour name="d13" hidden="true" closed="true" simplified="true" border="1 1 0" fill="1 1 0" mode="11"
 points="1.09379 2.85497,
	1.09564 2.82531,
	1.0975 2.81048,
	1.16794 2.69183,
	1.20131 2.63251,
	1.25322 2.51386,
	1.26805 2.4842,
	1.3144 2.42487,
	1.32552 2.41004,
	1.33108 2.40263,
	1.36075 2.40263,
	1.37558 2.40263,
	1.38855 2.4156,
	1.39597 2.42302,
	1.46456 2.66032,
	1.47198 2.67515,
	1.49979 2.70481,
	1.51462 2.71964,
	1.52203 2.7493,
	1.52574 2.76413,
	1.52389 2.79379,
	1.51647 2.80863,
	1.48681 2.8216,
	1.42749 2.82902,
	1.36816 2.85497,
	1.30884 2.88834,
	1.29401 2.89947,
	1.2662 2.92913,
	1.25137 2.94396,
	1.22171 2.9662,
	1.21429 2.97177,
	1.18463 2.97547,
	1.1698 2.97733,
	1.15497 2.98289,
	1.1253 2.98289,
	1.11789 2.98104,
	1.1012 2.92171,
	1.09379 2.89205,
	1.09379 2.86239,
	1.09379 2.85683,
	"/>
</Transform>

<Transform dim="6"
 xcoef=" 0.172507749228451 0.998543026644729 -0.0100712961618164 0 0 0"
 ycoef=" 0.224452645116536 -0.00237123459751437 0.975240597849761 0 0 0">
<Contour name="d13p08" hidden="true" closed="true" simplified="false" border="1 0 0" fill="1 0 0" mode="-13"
 points="3.09269 2.84063,
	3.08025 2.84063,
	3.08025 2.84685,
	3.08647 2.85307,
	3.10513 2.85929,
	3.09269 2.86551,
	3.08647 2.87795,
	3.07403 2.86551,
	3.06781 2.85307,
	3.06781 2.84063,
	3.05537 2.84063,
	3.07403 2.82818,
	"/>
</Transform>

<Transform dim="6"
 xcoef=" 0.0925077492284508 0.998543026644729 -0.0100712961618164 0 0 0"
 ycoef=" 0.224452645116536 -0.00237123459751437 0.975240597849761 0 0 0">
<Contour name="d13" hidden="true" closed="true" simplified="true" border="1 1 0" fill="1 1 0" mode="11"
 points="3.99844 2.43872,
	4.01191 2.42435,
	4.0191 2.41807,
	4.07658 2.41807,
	4.10532 2.41807,
	4.13406 2.43513,
	4.14843 2.44411,
	4.15561 2.4486,
	4.15741 2.46297,
	4.15831 2.46657,
	4.15741 2.47016,
	4.14484 2.48453,
	4.13765 2.49082,
	4.10891 2.4998,
	4.09454 2.50249,
	4.0658 2.50249,
	4.05862 2.50249,
	4.04425 2.4971,
	4.04335 2.4971,
	4.04065 2.49261,
	4.04065 2.49082,
	4.03347 2.48453,
	4.02628 2.48183,
	4.02269 2.48183,
	4.02179 2.48183,
	4.01371 2.47734,
	4.00742 2.47106,
	3.99934 2.44232,
	3.99844 2.43962,
	"/>
</Transform>

<Transform dim="6"
 xcoef=" 0.0925077492284508 0.998543026644729 -0.0100712961618164 0 0 0"
 ycoef=" 0.224452645116536 -0.00237123459751437 0.975240597849761 0 0 0">
<Contour name="d13" hidden="true" closed="true" simplified="true" border="1 1 0" fill="1 1 0" mode="11"
 points="2.97646 3.18066,
	2.98187 3.15902,
	2.98457 3.1482,
	2.98457 3.1455,
	2.98998 3.14279,
	3.07653 3.12657,
	3.09817 3.12251,
	3.14144 3.1198,
	3.16308 3.11845,
	3.1739 3.1198,
	3.18066 3.14144,
	3.18472 3.15226,
	3.18066 3.19553,
	3.17931 3.21717,
	3.18066 3.23881,
	3.16984 3.24692,
	3.16714 3.24827,
	3.08059 3.23069,
	3.03731 3.22799,
	3.02649 3.22799,
	3.01568 3.22529,
	2.97646 3.18201,
	"/>
</Transform>

<Transform dim="6"
 xcoef=" 0.0925077492284508 0.998543026644729 -0.0100712961618164 0 0 0"
 ycoef=" 0.224452645116536 -0.00237123459751437 0.975240597849761 0 0 0">
<Contour name="d13" hidden="true" closed="true" simplified="true" border="1 1 0" fill="1 1 0" mode="11"
 points="-0.098496 0.683591,
	-0.0882053 0.636548,
	-0.0837951 0.613027,
	-0.0793848 0.565984,
	-0.0779147 0.542463,
	-0.0764446 0.530702,
	-0.0441027 0.483659,
	-0.0249915 0.461608,
	-0.00147009 0.441027,
	0.0102906 0.430736,
	0.0573335 0.402804,
	0.0808549 0.389574,
	0.174941 0.357232,
	0.221983 0.344001,
	0.269026 0.32636,
	0.292548 0.319009,
	0.316069 0.316069,
	0.321949 0.317539,
	0.345471 0.341061,
	0.351351 0.345471,
	0.374873 0.351351,
	0.380753 0.352821,
	0.474839 0.33077,
	0.521882 0.317539,
	0.545403 0.310189,
	0.557164 0.307249,
	0.563044 0.305778,
	0.565984 0.304308,
	0.588036 0.32783,
	0.596856 0.339591,
	0.604207 0.363112,
	0.608617 0.374873,
	0.593916 0.398394,
	0.585095 0.410155,
	0.538053 0.438086,
	0.526292 0.445437,
	0.521882 0.449847,
	0.516001 0.473369,
	0.513061 0.485129,
	0.511591 0.49101,
	0.514531 0.514531,
	0.516001 0.520411,
	0.516001 0.523352,
	0.563044 0.567454,
	0.574805 0.579215,
	0.588036 0.602736,
	0.593916 0.614497,
	0.640959 0.65566,
	0.651249 0.66595,
	0.674771 0.712993,
	0.680651 0.724754,
	0.683591 0.730634,
	0.730634 0.777677,
	0.742395 0.789438,
	0.761506 0.812959,
	0.771797 0.82472,
	0.776207 0.8306,
	0.799728 0.839421,
	0.805609 0.840891,
	0.810019 0.845301,
	0.82178 0.892344,
	0.82325 0.904105,
	0.82472 0.909985,
	0.81884 0.921746,
	0.812959 0.923216,
	0.801198 0.921746,
	0.777677 0.912925,
	0.774737 0.911455,
	0.727694 0.951148,
	0.721814 0.951148,
	0.718873 0.951148,
	0.710053 0.939387,
	0.686532 0.937917,
	0.680651 0.939387,
	0.65713 0.957028,
	0.645369 0.961438,
	0.621848 0.965848,
	0.574805 0.965848,
	0.551283 0.964378,
	0.539523 0.965848,
	0.516001 0.974669,
	0.50424 0.980549,
	0.457198 1.01583,
	0.445437 1.02318,
	0.421916 1.02612,
	0.374873 1.04376,
	0.32783 1.04523,
	0.304308 1.04229,
	0.292548 1.03935,
	0.245505 1.05552,
	0.221983 1.05405,
	0.198462 1.05552,
	0.176411 1.07905,
	0.17053 1.08493,
	0.15877 1.08787,
	0.135248 1.08934,
	0.123487 1.09081,
	0.111727 1.08934,
	0.0882053 1.08052,
	0.0764446 1.07611,
	0.0617437 1.05405,
	0.0543933 1.04229,
	0.0191112 0.948207,
	0.016171 0.942327,
	-0.0308719 0.911455,
	-0.0426326 0.902635,
	-0.0485129 0.898224,
	-0.0514531 0.895284,
	-0.0588036 0.848241,
	-0.0543933 0.82472,
	-0.0514531 0.812959,
	-0.0514531 0.810019,
	-0.0617437 0.798258,
	-0.0852652 0.787968,
	-0.0926156 0.764446,
	-0.0970259 0.752686,
	-0.098496 0.705643,
	-0.098496 0.693882,
	-0.098496 0.688002,
	-0.098496 0.685061,
	"/>
</Transform>

<Transform dim="6"
 xcoef=" 0.0925077492284508 0.998543026644729 -0.0100712961618164 0 0 0"
 ycoef=" 0.224452645116536 -0.00237123459751437 0.975240597849761 0 0 0">
<Contour name="d04" hidden="true" closed="true" simplified="true" border="1 1 0" fill="1 0 0" mode="11"
 points="1.36663 2.01289,
	"/>
</Transform>

<Transform dim="6"
 xcoef=" 0.0925077492284508 0.998543026644729 -0.0100712961618164 0 0 0"
 ycoef=" 0.224452645116536 -0.00237123459751437 0.975240597849761 0 0 0">
<Contour name="d04p03" hidden="true" closed="true" simplified="false" border="1 0 0" fill="1 0 0" mode="-13"
 points="1.9639 3.44799,
	1.99289 3.44799,
	1.9784 3.47456,
	"/>
</Transform>

<Transform dim="6"
 xcoef=" 0.0925077492284508 0.998543026644729 -0.0100712961618164 0 0 0"
 ycoef=" 0.224452645116536 -0.00237123459751437 0.975240597849761 0 0 0">
<Contour name="d04" hidden="true" closed="true" simplified="true" border="1 1 0" fill="1 0 0" mode="11"
 points="2.39219 3.70524,
	"/>
</Transform>

<Transform dim="6"
 xcoef=" 0.0925077492284508 0.998543026644729 -0.0100712961618164 0 0 0"
 ycoef=" 0.224452645116536 -0.00237123459751437 0.975240597849761 0 0 0">
<Contour name="d04" hidden="true" closed="true" simplified="true" border="1 1 0" fill="1 0 0" mode="11"
 points="0.842112 3.91479,
	0.905784 3.78334,
	0.934539 3.71762,
	0.950971 3.68475,
	0.97151 3.65189,
	0.975618 3.64368,
	0.983833 3.63751,
	0.992049 3.63546,
	0.996157 3.63341,
	1.01259 3.64162,
	1.0208 3.64573,
	1.02491 3.64984,
	1.03313 3.71556,
	1.03929 3.74843,
	1.05777 3.81415,
	1.06804 3.84701,
	1.14199 3.97641,
	1.27344 4.03598,
	1.3063 4.05035,
	1.31452 4.05446,
	1.44597 3.9456,
	1.51169 3.89015,
	1.57742 3.83058,
	1.58153 3.82648,
	1.58358 3.76075,
	1.58358 3.74432,
	1.58564 3.7361,
	1.63493 3.67038,
	1.66779 3.68475,
	1.68422 3.69092,
	1.69244 3.69502,
	1.74379 3.76075,
	1.75611 3.77718,
	1.76022 3.7854,
	1.76022 3.85112,
	1.76022 3.88399,
	1.76022 3.8922,
	1.74173 3.92506,
	1.73557 3.93328,
	1.66985 3.9682,
	1.63698 3.98874,
	1.62055 3.99695,
	1.55483 4.05652,
	1.52196 4.08732,
	1.40489 4.21878,
	1.38846 4.23521,
	1.38024 4.24137,
	1.31452 4.21261,
	1.28165 4.19824,
	1.1502 4.16332,
	1.01875 4.11608,
	0.985887 4.09349,
	0.969456 4.08116,
	0.90373 4.01749,
	0.870867 3.98668,
	0.854436 3.97025,
	0.848274 3.96203,
	0.844166 3.92917,
	0.842112 3.92096,
	0.842112 3.91685,
	"/>
</Transform>

<Transform dim="6"
 xcoef=" 0.0925077492284508 0.998543026644729 -0.0100712961618164 0 0 0"
 ycoef=" 0.224452645116536 -0.00237123459751437 0.975240597849761 0 0 0">
<Contour name="d04" hidden="true" closed="true" simplified="true" border="1 1 0" fill="1 0 0" mode="11"
 points="1.34002 2.30701,
	1.359 2.28803,
	1.36375 2.27854,
	1.36612 2.27379,
	1.36375 2.27142,
	1.39697 2.23345,
	1.41595 2.21684,
	1.41833 2.2121,
	1.39934 2.17413,
	1.39697 2.15514,
	1.3946 2.1504,
	1.39934 2.13141,
	1.3851 2.09345,
	1.37799 2.05548,
	1.37561 2.0365,
	1.38036 2.01751,
	1.39222 1.99853,
	1.39222 1.99616,
	1.39697 1.99853,
	1.40171 1.99616,
	1.4207 2.01039,
	1.43256 2.02938,
	1.43968 2.03887,
	1.43968 2.04124,
	1.45629 2.03175,
	1.46578 2.0365,
	1.47528 2.05548,
	1.47765 2.06497,
	1.4729 2.08396,
	1.4729 2.0887,
	1.48951 2.10769,
	1.49189 2.11243,
	1.49663 2.10769,
	1.50612 2.14565,
	1.51087 2.18362,
	1.51324 2.2026,
	1.52511 2.22159,
	1.53223 2.23108,
	1.52748 2.24057,
	1.53697 2.25955,
	1.54647 2.26905,
	1.54884 2.27142,
	1.55121 2.26905,
	1.58681 2.30227,
	1.59867 2.32125,
	1.60104 2.32362,
	1.60104 2.33074,
	1.59867 2.33074,
	1.63664 2.35922,
	1.65562 2.37108,
	1.6746 2.38769,
	1.67698 2.38295,
	1.68647 2.40193,
	1.72444 2.43278,
	1.74342 2.45176,
	1.7624 2.46363,
	1.7719 2.46837,
	1.78139 2.47787,
	1.78613 2.48024,
	1.79563 2.47549,
	1.83359 2.48973,
	1.84308 2.4921,
	1.88105 2.53007,
	1.88817 2.53482,
	1.90715 2.52058,
	1.94512 2.52058,
	1.96411 2.52533,
	1.9736 2.52533,
	1.97834 2.5277,
	2.01631 2.51109,
	2.05428 2.51346,
	2.06377 2.51583,
	2.09224 2.5538,
	2.09699 2.57278,
	2.09224 2.61075,
	2.05665 2.68669,
	2.04953 2.70567,
	2.01156 2.74126,
	1.99495 2.76025,
	1.98309 2.77923,
	1.98072 2.8172,
	1.9736 2.85517,
	1.96885 2.86466,
	1.96648 2.86703,
	1.98309 2.88364,
	1.9736 2.88839,
	1.99021 2.90737,
	2.00919 2.92161,
	2.02106 2.94059,
	2.0258 2.95008,
	2.02818 2.95246,
	2.00682 2.99042,
	2.00445 3.02839,
	2.00682 3.04738,
	2.00682 3.05687,
	2.01631 3.07585,
	2.02343 3.08534,
	2.0258 3.10433,
	2.02343 3.12331,
	2.01868 3.1328,
	2.01631 3.13043,
	1.99733 3.14229,
	1.98546 3.16128,
	1.98309 3.16602,
	1.98783 3.17077,
	1.98072 3.17789,
	1.99021 3.19687,
	1.98309 3.21586,
	2.00207 3.25382,
	2.00682 3.27281,
	2.01156 3.2823,
	2.01394 3.28704,
	2.00445 3.30603,
	1.9997 3.31552,
	1.9997 3.32501,
	1.99258 3.3345,
	1.99021 3.33925,
	2.01156 3.37722,
	2.04953 3.39857,
	2.0875 3.43179,
	2.09224 3.43891,
	2.09462 3.43417,
	2.13259 3.45315,
	2.17055 3.47925,
	2.18954 3.484,
	2.19903 3.48637,
	2.21801 3.50061,
	2.23225 3.51959,
	2.237 3.52909,
	2.25598 3.53858,
	2.26072 3.54807,
	2.25835 3.55044,
	2.27734 3.55993,
	2.3153 3.58841,
	2.35327 3.62638,
	2.377 3.66434,
	2.38175 3.68333,
	2.35802 3.71892,
	2.34852 3.7118,
	2.34615 3.70943,
	2.3509 3.70468,
	2.34141 3.7118,
	2.3509 3.72129,
	2.35564 3.72367,
	2.37463 3.71418,
	2.377 3.7118,
	2.39598 3.72604,
	2.4031 3.73553,
	2.39124 3.75452,
	2.39361 3.76401,
	2.39124 3.7735,
	2.41734 3.81147,
	2.4387 3.84943,
	2.46717 3.8874,
	2.47904 3.90401,
	2.47429 3.90876,
	2.48616 3.92774,
	2.4909 3.93249,
	2.4909 3.93486,
	2.49565 3.92537,
	2.51226 3.94435,
	2.52412 3.96334,
	2.52887 3.96808,
	2.5265 3.97757,
	2.53599 3.99656,
	2.54073 4.00605,
	2.55023 4.01554,
	2.55734 4.02029,
	2.56684 4.01317,
	2.56921 4.0108,
	2.57395 4.02029,
	2.58345 4.02978,
	2.58819 4.02978,
	2.58345 4.0369,
	2.60243 4.05588,
	2.60718 4.06537,
	2.6048 4.07486,
	2.60243 4.07724,
	2.61192 4.08673,
	2.61667 4.09148,
	2.61192 4.09859,
	2.62141 4.10809,
	2.62616 4.11758,
	2.62853 4.11995,
	2.64752 4.10809,
	2.64989 4.10571,
	2.65464 4.10809,
	2.65938 4.10571,
	2.67836 4.11758,
	2.69023 4.13656,
	2.6926 4.14131,
	2.68786 4.1508,
	2.68786 4.16029,
	2.70447 4.19826,
	2.70921 4.21724,
	2.70921 4.23623,
	2.70921 4.24572,
	2.70447 4.25284,
	2.72345 4.2647,
	2.72582 4.26233,
	2.73532 4.26945,
	2.74006 4.30741,
	2.74006 4.3264,
	2.73057 4.36437,
	2.71633 4.40233,
	2.70921 4.47827,
	2.70209 4.49725,
	2.67362 4.53522,
	2.65701 4.5542,
	2.65464 4.55657,
	2.65226 4.54946,
	2.64277 4.56844,
	2.62379 4.5803,
	2.61429 4.58505,
	2.60718 4.58268,
	2.59768 4.58742,
	2.5787 4.5803,
	2.54073 4.59929,
	2.50277 4.63726,
	2.49327 4.64675,
	2.48141 4.66573,
	2.40547 4.72505,
	2.36751 4.75828,
	2.32954 4.77726,
	2.31056 4.78438,
	2.30106 4.78675,
	2.28683 4.80336,
	2.27734 4.81048,
	2.27496 4.81285,
	2.25598 4.79862,
	2.24886 4.78912,
	2.23937 4.78438,
	2.2014 4.79862,
	2.18242 4.80811,
	2.14445 4.81523,
	2.12547 4.8176,
	2.11597 4.81523,
	2.09699 4.79862,
	2.08513 4.77963,
	2.07801 4.77014,
	2.07563 4.76777,
	2.07326 4.77014,
	2.05428 4.7559,
	2.04479 4.74641,
	2.0258 4.74878,
	1.98783 4.7298,
	1.94987 4.72031,
	1.9119 4.69895,
	1.89529 4.67997,
	1.89054 4.66098,
	1.88817 4.65149,
	1.86919 4.63726,
	1.85732 4.61827,
	1.85495 4.6159,
	1.8597 4.61115,
	1.84071 4.59692,
	1.83122 4.57793,
	1.81224 4.56844,
	1.798 4.54946,
	1.79563 4.53996,
	1.80274 4.502,
	1.80986 4.48301,
	1.81224 4.47352,
	1.79563 4.43555,
	1.78851 4.41657,
	1.78613 4.40708,
	1.78376 4.40233,
	1.79325 4.38335,
	1.78851 4.36437,
	1.80512 4.3264,
	1.83597 4.28843,
	1.84071 4.27894,
	1.83122 4.25996,
	1.84071 4.24097,
	1.84308 4.23148,
	1.84071 4.22199,
	1.84783 4.203,
	1.83359 4.12707,
	1.82885 4.10809,
	1.83359 4.0891,
	1.83122 4.05114,
	1.83597 4.01317,
	1.83834 4.00368,
	1.84071 3.99893,
	1.83359 3.98944,
	1.83122 3.98707,
	1.84071 3.97757,
	1.84308 3.95859,
	1.84546 3.9491,
	1.83834 3.93011,
	1.83359 3.92062,
	1.84783 3.88266,
	1.85732 3.86367,
	1.86207 3.85418,
	1.8597 3.84943,
	1.86444 3.83994,
	1.86207 3.82096,
	1.87631 3.78299,
	1.86681 3.74502,
	1.86444 3.72604,
	1.87631 3.68807,
	1.89292 3.65011,
	1.88817 3.63112,
	1.90478 3.59316,
	1.90953 3.58841,
	1.90241 3.58366,
	1.89054 3.56468,
	1.90241 3.52671,
	1.90478 3.51722,
	1.88817 3.47925,
	1.85258 3.44603,
	1.83597 3.42705,
	1.8241 3.40806,
	1.80986 3.3701,
	1.80512 3.36061,
	1.81224 3.34162,
	1.82647 3.32264,
	1.82173 3.31315,
	1.81224 3.30603,
	1.80274 3.31077,
	1.80274 3.31315,
	1.79325 3.30365,
	1.79088 3.28467,
	1.7719 3.27043,
	1.76715 3.26094,
	1.76478 3.25857,
	1.76715 3.25382,
	1.75766 3.23721,
	1.7624 3.23247,
	1.75054 3.21348,
	1.74579 3.1945,
	1.7624 3.15653,
	1.76715 3.14704,
	1.76003 3.12806,
	1.74342 3.10907,
	1.7363 3.09958,
	1.72918 3.0806,
	1.73867 3.06161,
	1.74342 3.05212,
	1.73393 3.01415,
	1.73156 3.00466,
	1.72918 2.99992,
	1.73156 2.99517,
	1.71969 2.97619,
	1.71732 2.97381,
	1.72681 2.95483,
	1.72918 2.95008,
	1.72681 2.94534,
	1.74342 2.90737,
	1.74817 2.8694,
	1.74579 2.85042,
	1.74105 2.84093,
	1.74817 2.82194,
	1.74579 2.80296,
	1.74105 2.79347,
	1.73867 2.7911,
	1.74105 2.78635,
	1.72206 2.77686,
	1.71257 2.77449,
	1.70071 2.7555,
	1.68172 2.73889,
	1.67698 2.73415,
	1.68647 2.72465,
	1.66749 2.71516,
	1.62952 2.72703,
	1.61053 2.73177,
	1.60104 2.73177,
	1.5963 2.73415,
	1.55833 2.71516,
	1.52036 2.69143,
	1.48714 2.65346,
	1.4729 2.63448,
	1.46816 2.62499,
	1.46578 2.62024,
	1.46816 2.61075,
	1.46341 2.60363,
	1.46816 2.59414,
	1.45867 2.57516,
	1.4468 2.49922,
	1.42544 2.42329,
	1.40646 2.38532,
	1.36849 2.35922,
	1.34951 2.34261,
	1.34002 2.33549,
	1.34002 2.31651,
	1.34002 2.30939,
	"/>
</Transform>

<Transform dim="6"
 xcoef=" 0.0925077492284508 0.998543026644729 -0.0100712961618164 0 0 0"
 ycoef=" 0.224452645116536 -0.00237123459751437 0.975240597849761 0 0 0">
<Contour name="d04c03" hidden="true" closed="true" simplified="true" border="1 0 0" fill="1 0 1" mode="11"
 points="1.51157 2.17125,
	1.53056 2.16176,
	1.5353 2.15939,
	1.58513 2.23532,
	1.597 2.25431,
	1.74649 2.37058,
	1.82243 2.42516,
	1.8604 2.45126,
	1.93633 2.45601,
	1.95531 2.45601,
	1.99328 2.47025,
	2.01227 2.47736,
	2.01464 2.49635,
	2.00989 2.50584,
	1.93396 2.51771,
	1.91497 2.52008,
	1.90548 2.52008,
	1.82955 2.48211,
	1.75361 2.44889,
	1.73463 2.4394,
	1.58276 2.30177,
	1.54479 2.26617,
	1.52581 2.24719,
	1.51632 2.2377,
	1.51157 2.19973,
	1.51157 2.18075,
	1.51157 2.17363,
	"/>
</Transform>

<Transform dim="6"
 xcoef=" 0.0925077492284508 0.998543026644729 -0.0100712961618164 0 0 0"
 ycoef=" 0.224452645116536 -0.00237123459751437 0.975240597849761 0 0 0">
<Contour name="d04cfa03" hidden="true" closed="false" simplified="false" border="0 1 0" fill="1 0 0.5" mode="11"
 points="2.01631 2.49448,
	1.96173 2.49448,
	1.88105 2.48736,
	1.6485 2.33312,
	1.52036 2.16226,
	"/>
</Transform>

<Transform dim="6"
 xcoef=" 0.0925077492284508 0.998543026644729 -0.0100712961618164 0 0 0"
 ycoef=" 0.224452645116536 -0.00237123459751437 0.975240597849761 0 0 0">
<Contour name="d04c37" hidden="true" closed="true" simplified="true" border="1 0 0" fill="1 0 1" mode="11"
 points="0.998655 3.68953,
	1.02897 3.68005,
	1.03466 3.68574,
	1.0555 3.74638,
	1.10477 3.86766,
	1.1313 3.9283,
	1.18815 3.98704,
	1.24879 4.00788,
	1.26395 4.01357,
	1.27153 4.01736,
	1.33217 3.97378,
	1.39281 3.9264,
	1.42313 3.90177,
	1.48377 3.84302,
	1.49135 3.83544,
	1.49514 3.83165,
	1.55578 3.83544,
	1.56336 3.83544,
	1.56904 3.84113,
	1.58041 3.87145,
	1.56525 3.90177,
	1.56146 3.90935,
	1.53114 3.9283,
	1.51598 3.93777,
	1.5084 3.94156,
	1.44777 4.00031,
	1.41176 4.06094,
	1.38144 4.08368,
	1.36628 4.09316,
	1.33596 4.10074,
	1.32838 4.10263,
	1.26774 4.08937,
	1.25258 4.08368,
	1.1313 4.0022,
	1.10098 3.98136,
	1.08582 3.96999,
	1.07635 3.95483,
	1.06877 3.92451,
	1.0555 3.89419,
	1.02139 3.83355,
	1.01192 3.81839,
	1.00813 3.81081,
	0.998655 3.69142,
	"/>
</Transform>

<Transform dim="6"
 xcoef=" 0.0925077492284508 0.998543026644729 -0.0100712961618164 0 0 0"
 ycoef=" 0.224452645116536 -0.00237123459751437 0.975240597849761 0 0 0">
<Contour name="d04cfa37" hidden="true" closed="false" simplified="false" border="0 1 0" fill="1 0 1" mode="11"
 points="1.56451 3.83931,
	1.48682 3.9208,
	1.35986 4.04776,
	1.24805 4.04587,
	1.13246 3.98902,
	1.0415 3.85637,
	1.00929 3.68393,
	"/>
</Transform>

<Transform dim="6"
 xcoef=" 0.0925077492284508 0.998543026644729 -0.0100712961618164 0 0 0"
 ycoef=" 0.224452645116536 -0.00237123459751437 0.975240597849761 0 0 0">
<Contour name="d13c02a" hidden="true" closed="true" simplified="true" border="1 0 0" fill="1 0.5 0" mode="11"
 points="3.38518 3.59675,
	3.41185 3.48297,
	3.43941 3.45452,
	3.44296 3.45452,
	3.44474 3.45452,
	3.44741 3.46163,
	3.4483 3.46519,
	3.45008 3.46697,
	3.44119 3.58075,
	3.43852 3.6092,
	3.43852 3.72299,
	3.43763 3.7301,
	3.42163 3.75855,
	3.41807 3.76566,
	3.41629 3.76744,
	3.40296 3.75766,
	3.38963 3.64387,
	3.38696 3.61542,
	3.38518 3.6012,
	3.38518 3.59764,
	"/>
</Transform>

<Transform dim="6"
 xcoef=" 0.0925077492284508 0.998543026644729 -0.0100712961618164 0 0 0"
 ycoef=" 0.224452645116536 -0.00237123459751437 0.975240597849761 0 0 0">
<Contour name="d13cfa02a" hidden="true" closed="false" simplified="false" border="0 1 0" fill="1 0.5 0" mode="11"
 points="3.43808 3.4618,
	3.40874 3.58359,
	3.41408 3.76405,
	"/>
</Transform>

<Transform dim="6"
 xcoef=" 0.0925077492284508 0.998543026644729 -0.0100712961618164 0 0 0"
 ycoef=" 0.224452645116536 -0.00237123459751437 0.975240597849761 0 0 0">
<Contour name="d13c07" hidden="true" closed="true" simplified="true" border="1 0 0" fill="1 0 1" mode="11"
 points="1.15586 2.69787,
	1.15715 2.65669,
	1.15844 2.64639,
	1.19963 2.56401,
	1.20992 2.54342,
	1.23953 2.50223,
	1.24725 2.49193,
	1.25111 2.48807,
	1.26141 2.49193,
	1.26656 2.4945,
	1.26527 2.53569,
	1.26527 2.54599,
	1.26527 2.55114,
	1.1919 2.71589,
	1.17131 2.73391,
	1.16101 2.74292,
	1.15715 2.74679,
	1.15586 2.7056,
	1.15586 2.70045,
	1.15586 2.69916,
	"/>
</Transform>

<Transform dim="6"
 xcoef=" 0.0925077492284508 0.998543026644729 -0.0100712961618164 0 0 0"
 ycoef=" 0.224452645116536 -0.00237123459751437 0.975240597849761 0 0 0">
<Contour name="d13" hidden="true" closed="true" simplified="true" border="1 1 0" fill="1 1 0" mode="11"
 points="3.07844 -0.0375594,
	3.08187 -0.0558323,
	3.08301 -0.0649688,
	3.08415 -0.069537,
	3.08415 -0.0718211,
	3.1207 -0.0958043,
	3.12526 -0.0992305,
	3.14354 -0.0912361,
	3.18008 -0.0683949,
	3.19836 -0.0569744,
	3.21663 -0.0409855,
	3.25317 -0.00558175,
	3.26231 0.00241265,
	3.3354 0.0401006,
	3.37195 0.0629417,
	3.39022 0.0755044,
	3.40735 0.0937773,
	3.41991 0.11205,
	3.43362 0.148596,
	3.44047 0.166869,
	3.4439 0.176005,
	3.44504 0.180574,
	3.44504 0.182858,
	3.4793 0.219404,
	3.49643 0.237677,
	3.50557 0.244529,
	3.52384 0.244529,
	3.53298 0.243387,
	3.56952 0.230824,
	3.64262 0.214835,
	3.67916 0.206841,
	3.69743 0.202273,
	3.73398 0.18971,
	3.75225 0.182858,
	3.76139 0.180574,
	3.79794 0.161159,
	3.87103 0.11776,
	3.90757 0.0972035,
	3.92585 0.0869249,
	3.96239 0.0617997,
	3.97153 0.0549473,
	3.9761 0.0515211,
	3.99437 0.049237,
	4.03092 0.048095,
	4.04005 0.048095,
	4.04462 0.049237,
	4.0469 0.049237,
	4.05261 0.0857829,
	4.0549 0.0949193,
	4.04576 0.131465,
	4.04348 0.140602,
	4.04119 0.14517,
	3.9681 0.185142,
	3.89501 0.227398,
	3.82192 0.257092,
	3.78537 0.269654,
	3.7671 0.274222,
	3.69972 0.346172,
	3.66774 0.382718,
	3.66431 0.387286,
	3.66203 0.38957,
	3.62548 0.396423,
	3.60721 0.399849,
	3.58894 0.405559,
	3.57067 0.413553,
	3.56153 0.418122,
	3.5581 0.421548,
	3.55468 0.439821,
	3.55354 0.476367,
	3.55354 0.49464,
	3.54326 0.567731,
	3.50785 0.57801,
	3.48958 0.58372,
	3.48044 0.586004,
	3.40735 0.575726,
	3.37081 0.570015,
	3.36167 0.563163,
	3.3434 0.546032,
	3.31485 0.509486,
	3.28401 0.47294,
	3.24746 0.459236,
	3.23833 0.45581,
	3.22005 0.444389,
	3.20178 0.4284,
	3.18351 0.414696,
	3.18237 0.37815,
	3.18351 0.359877,
	3.18465 0.35074,
	3.19264 0.332467,
	3.1995 0.323331,
	3.20749 0.3062,
	3.21777 0.287927,
	3.22005 0.285643,
	3.22005 0.276507,
	3.22005 0.260518,
	3.22005 0.242245,
	3.22005 0.237677,
	3.18122 0.164585,
	3.16181 0.128039,
	3.15153 0.109766,
	3.10128 0.0366744,
	3.08872 0.0184015,
	3.08643 0.0161173,
	3.08072 -0.0204285,
	3.07958 -0.029565,
	3.07844 -0.0341332,
	3.07844 -0.0364173,
	"/>
</Transform>

<Transform dim="6"
 xcoef=" 0.0925077492284508 0.998543026644729 -0.0100712961618164 0 0 0"
 ycoef=" 0.224452645116536 -0.00237123459751437 0.975240597849761 0 0 0">
<Contour name="d13dia07" hidden="true" closed="false" simplified="true" border="0 1 1" fill="0 1 1" mode="11"
 points="1.1258 2.98116,
	1.37658 2.39806,
	"/>
</Transform>

<Transform dim="6"
 xcoef=" 0.0925077492284508 0.998543026644729 -0.0100712961618164 0 0 0"
 ycoef=" 0.224452645116536 -0.00237123459751437 0.975240597849761 0 0 0">
<Contour name="d13rn08" hidden="true" closed="true" simplified="false" border="1 0 1" fill="1 0 1" mode="-11"
 points="3.08739 2.84198,
	3.08739 2.83658,
	3.09279 2.83118,
	3.09819 2.83118,
	3.10359 2.83658,
	3.10359 2.84198,
	3.09819 2.84738,
	3.09279 2.84738,
	"/>
<Contour name="d13rn08" hidden="true" closed="true" simplified="false" border="1 0 1" fill="1 0 1" mode="-11"
 points="3.11979 2.85008,
	3.11979 2.84468,
	3.1252 2.83928,
	3.1306 2.83928,
	3.136 2.84468,
	3.136 2.85008,
	3.1306 2.85548,
	3.1252 2.85548,
	"/>
<Contour name="d13rn08" hidden="true" closed="true" simplified="false" border="1 0 1" fill="1 0 1" mode="-11"
 points="3.09819 2.88114,
	3.09819 2.87574,
	3.10359 2.87034,
	3.10899 2.87034,
	3.11439 2.87574,
	3.11439 2.88114,
	3.10899 2.88654,
	3.10359 2.88654,
	"/>
<Contour name="d13rn08" hidden="true" closed="true" simplified="false" border="1 0 1" fill="1 0 1" mode="-11"
 points="3.05228 2.86628,
	3.05228 2.86088,
	3.05768 2.85548,
	3.06308 2.85548,
	3.06848 2.86088,
	3.06848 2.86628,
	3.06308 2.87169,
	3.05768 2.87169,
	"/>
<Contour name="d13rn08" hidden="true" closed="true" simplified="false" border="1 0 1" fill="1 0 1" mode="-11"
 points="3.05228 2.83928,
	3.05228 2.83388,
	3.05768 2.82848,
	3.06308 2.82848,
	3.06848 2.83388,
	3.06848 2.83928,
	3.06308 2.84468,
	3.05768 2.84468,
	"/>
<Contour name="d13rn08" hidden="true" closed="true" simplified="false" border="1 0 1" fill="1 0 1" mode="-11"
 points="3.06038 2.82172,
	3.06038 2.81632,
	3.06578 2.81092,
	3.07118 2.81092,
	3.07658 2.81632,
	3.07658 2.82172,
	3.07118 2.82712,
	3.06578 2.82712,
	"/>
<Contour name="d13rn08" hidden="true" closed="true" simplified="false" border="1 0 1" fill="1 0 1" mode="-11"
 points="3.10224 2.84873,
	3.10224 2.84333,
	3.10764 2.83793,
	3.11304 2.83793,
	3.11844 2.84333,
	3.11844 2.84873,
	3.11304 2.85413,
	3.10764 2.85413,
	"/>
</Transform>

<Transform dim="6"
 xcoef=" 0.0925077492284508 0.998543026644729 -0.0100712961618164 0 0 0"
 ycoef=" 0.224452645116536 -0.00237123459751437 0.975240597849761 0 0 0">
<Contour name="d02p01" hidden="true" closed="true" simplified="true" border="1 0 0" fill="1 0 0" mode="-13"
 points="6.20256 4.08984,
	6.20256 4.08137,
	6.21104 4.0729,
	6.21951 4.0729,
	6.22798 4.08137,
	6.22798 4.08984,
	6.21951 4.09832,
	6.21104 4.09832,
	"/>
</Transform>

<Transform dim="6"
 xcoef=" 0.0925077492284508 0.998543026644729 -0.0100712961618164 0 0 0"
 ycoef=" 0.224452645116536 -0.00237123459751437 0.975240597849761 0 0 0">
<Contour name="d02" hidden="true" closed="true" simplified="true" border="1 1 0" fill="0.5 0 1" mode="11"
 points="7.36775 4.14468,
	7.37115 4.14128,
	7.37624 4.12771,
	7.39321 4.10055,
	7.42037 4.04624,
	7.43055 4.01908,
	7.43564 4.0055,
	7.44413 3.99362,
	7.47128 3.97835,
	7.49844 3.96986,
	7.5256 3.95459,
	7.57991 3.93252,
	7.59349 3.92064,
	7.60028 3.91385,
	7.62743 3.91216,
	7.65459 3.91385,
	7.66817 3.91895,
	7.67495 3.92234,
	7.69702 3.9461,
	7.70041 3.9495,
	7.70041 3.95289,
	7.70381 3.95628,
	7.7106 4.0106,
	7.7106 4.02417,
	7.7072 4.03775,
	7.69023 4.06321,
	7.66817 4.08697,
	7.65628 4.09885,
	7.6478 4.10904,
	7.64271 4.11583,
	7.63762 4.1294,
	7.63422 4.1328,
	7.62234 4.15826,
	7.61725 4.17184,
	7.61385 4.17862,
	7.61046 4.20578,
	7.61046 4.23294,
	7.61725 4.26009,
	7.61895 4.27367,
	7.61895 4.28046,
	7.61895 4.28385,
	7.61555 4.28725,
	7.61555 4.29064,
	7.61046 4.29743,
	7.59688 4.30592,
	7.56973 4.31101,
	7.51541 4.30931,
	7.50184 4.30252,
	7.47807 4.28046,
	7.4645 4.27197,
	7.43734 4.24821,
	7.41528 4.22615,
	7.39491 4.20069,
	7.38642 4.18711,
	7.38303 4.18372,
	7.38303 4.18032,
	7.37454 4.16674,
	7.37284 4.15317,
	7.36945 4.15486,
	7.36775 4.14807,
	7.36775 4.14638,
	"/>
<Contour name="d02" hidden="true" closed="true" simplified="true" border="1 1 0" fill="0.5 0 1" mode="11"
 points="6.99436 4.1345,
	7.00284 4.10734,
	7.00794 4.09376,
	7.00963 4.08697,
	7.01642 4.08188,
	7.03 4.07849,
	7.04358 4.08018,
	7.05716 4.08697,
	7.06395 4.09206,
	7.0911 4.09206,
	7.10468 4.10055,
	7.11486 4.11073,
	7.12844 4.11922,
	7.13353 4.12601,
	7.14711 4.1328,
	7.15729 4.14468,
	7.1539 4.19899,
	7.14881 4.21257,
	7.14032 4.22445,
	7.13353 4.23124,
	7.11995 4.23803,
	7.10638 4.23803,
	7.0928 4.23124,
	7.07922 4.22784,
	7.05206 4.22615,
	7.03849 4.22106,
	7.0317 4.21936,
	7.00624 4.20239,
	7.00115 4.1956,
	6.99775 4.1922,
	6.99436 4.17862,
	6.99436 4.17184,
	6.99775 4.16505,
	6.99436 4.15826,
	6.99436 4.14468,
	6.99436 4.13789,
	6.99436 4.13619,
	"/>
<Contour name="d02" hidden="true" closed="true" simplified="true" border="1 1 0" fill="0.5 0 1" mode="11"
 points="5.17661 3.68133,
	5.18509 3.65417,
	5.21055 3.63211,
	5.22073 3.61853,
	5.23262 3.59138,
	5.23771 3.5778,
	5.25638 3.55404,
	5.26826 3.54046,
	5.29541 3.52009,
	5.30899 3.51161,
	5.32257 3.50651,
	5.33615 3.50821,
	5.34973 3.5167,
	5.36839 3.54385,
	5.38028 3.55573,
	5.38706 3.56083,
	5.39046 3.56422,
	5.39385 3.56422,
	5.40743 3.5761,
	5.41592 3.58968,
	5.42101 3.60326,
	5.41931 3.61684,
	5.41083 3.63041,
	5.39895 3.6406,
	5.37179 3.65078,
	5.35821 3.65078,
	5.33106 3.65927,
	5.3039 3.68133,
	5.25128 3.70509,
	5.23771 3.70849,
	5.21055 3.70679,
	5.19697 3.70509,
	5.19018 3.70339,
	5.18679 3.70339,
	5.18 3.69661,
	5.17661 3.68982,
	5.17661 3.68303,
	"/>
<Contour name="d02" hidden="true" closed="true" simplified="true" border="1 1 0" fill="0.5 0 1" mode="11"
 points="5.61959 3.53028,
	5.62298 3.52349,
	5.63656 3.50991,
	5.64335 3.50312,
	5.65693 3.49803,
	5.67051 3.48954,
	5.67899 3.47596,
	5.68408 3.46239,
	5.68578 3.44881,
	5.69596 3.42165,
	5.70275 3.40807,
	5.70784 3.40128,
	5.71124 3.38771,
	5.71633 3.38092,
	5.71803 3.37413,
	5.72142 3.37073,
	5.72142 3.36395,
	5.72651 3.35037,
	5.72821 3.33679,
	5.71973 3.30963,
	5.71973 3.30624,
	5.71463 3.29945,
	5.71124 3.28587,
	5.71124 3.27229,
	5.71463 3.25872,
	5.71294 3.24514,
	5.71803 3.21798,
	5.72142 3.2044,
	5.72651 3.19761,
	5.72651 3.19422,
	5.73161 3.18743,
	5.73161 3.18064,
	5.72821 3.17385,
	5.72821 3.16028,
	5.7333 3.1467,
	5.74688 3.13651,
	5.75028 3.13312,
	5.75367 3.13312,
	5.75876 3.12803,
	5.78592 3.12294,
	5.84023 3.12294,
	5.86739 3.12294,
	5.87417 3.12294,
	5.88775 3.12803,
	5.90133 3.12294,
	5.92679 3.10427,
	5.93358 3.10087,
	5.93697 3.10087,
	5.94037 3.09748,
	5.95395 3.09748,
	5.96073 3.09748,
	5.97431 3.10257,
	5.98789 3.11275,
	6.00147 3.11275,
	6.00826 3.11445,
	6.01165 3.11445,
	6.01505 3.11784,
	6.02862 3.11615,
	6.03541 3.11275,
	6.0422 3.10596,
	6.06936 3.10087,
	6.08294 3.10257,
	6.09651 3.10766,
	6.12367 3.10766,
	6.13046 3.10596,
	6.14404 3.11106,
	6.15762 3.12294,
	6.17119 3.12972,
	6.19835 3.13312,
	6.20514 3.13651,
	6.25945 3.145,
	6.28661 3.1467,
	6.30018 3.14839,
	6.31376 3.15349,
	6.34092 3.15518,
	6.36807 3.15349,
	6.39523 3.16197,
	6.40881 3.17046,
	6.4156 3.17385,
	6.41899 3.17725,
	6.42578 3.17895,
	6.43936 3.18743,
	6.44275 3.18743,
	6.44615 3.19083,
	6.45973 3.19422,
	6.46312 3.19761,
	6.49028 3.2061,
	6.51743 3.22138,
	6.52931 3.23326,
	6.5361 3.23835,
	6.5395 3.24174,
	6.54289 3.24174,
	6.55647 3.25023,
	6.57005 3.25532,
	6.58193 3.2689,
	6.58532 3.27569,
	6.58872 3.27569,
	6.5972 3.28927,
	6.60569 3.31642,
	6.62096 3.34188,
	6.63115 3.35546,
	6.6583 3.37073,
	6.66509 3.37752,
	6.67358 3.3928,
	6.68546 3.40128,
	6.69225 3.41486,
	6.69225 3.41826,
	6.69564 3.42165,
	6.70752 3.44711,
	6.71601 3.46069,
	6.7194 3.47427,
	6.73468 3.50142,
	6.74147 3.5133,
	6.74656 3.52009,
	6.74656 3.52349,
	6.75674 3.53706,
	6.76353 3.55064,
	6.76693 3.55404,
	6.77202 3.60835,
	6.77032 3.6355,
	6.77202 3.66266,
	6.77372 3.67624,
	6.77372 3.68303,
	6.7856 3.71018,
	6.80087 3.73734,
	6.80427 3.75092,
	6.80427 3.7645,
	6.79408 3.79165,
	6.79748 3.81881,
	6.79748 3.84596,
	6.79748 3.85275,
	6.79408 3.85954,
	6.79408 3.87312,
	6.78899 3.8867,
	6.78729 3.89009,
	6.79069 3.89349,
	6.79069 3.9478,
	6.78899 3.96138,
	6.77541 3.97156,
	6.77202 3.97156,
	6.74486 3.98684,
	6.71771 3.98853,
	6.70413 3.98344,
	6.69734 3.98344,
	6.67018 4.00211,
	6.64303 4.00381,
	6.61587 4.01229,
	6.60229 4.01739,
	6.58872 4.02587,
	6.56156 4.03775,
	6.55477 4.03945,
	6.55138 4.04284,
	6.5378 4.04624,
	6.5344 4.04624,
	6.53101 4.04963,
	6.52762 4.04963,
	6.50046 4.06661,
	6.49367 4.0683,
	6.49028 4.0717,
	6.46312 4.07509,
	6.44954 4.08018,
	6.42239 4.10395,
	6.40881 4.10904,
	6.39523 4.11073,
	6.38165 4.10904,
	6.37486 4.10564,
	6.37147 4.10395,
	6.36468 4.10564,
	6.33922 4.12431,
	6.32564 4.1294,
	6.31716 4.13959,
	6.31037 4.15317,
	6.30697 4.16674,
	6.30697 4.18032,
	6.31206 4.20748,
	6.31376 4.21427,
	6.32225 4.22784,
	6.32564 4.23124,
	6.32395 4.24482,
	6.31885 4.25839,
	6.30188 4.28385,
	6.2883 4.29573,
	6.27473 4.30422,
	6.26115 4.30422,
	6.25436 4.30422,
	6.2289 4.29064,
	6.22211 4.28725,
	6.20853 4.28725,
	6.20174 4.28895,
	6.17459 4.30761,
	6.16101 4.31271,
	6.14743 4.31271,
	6.13385 4.30422,
	6.12537 4.29064,
	6.12367 4.27706,
	6.12537 4.26349,
	6.13046 4.24991,
	6.13895 4.23803,
	6.1644 4.21087,
	6.1695 4.20578,
	6.17289 4.20408,
	6.17289 4.20069,
	6.17628 4.19729,
	6.17798 4.19899,
	6.18647 4.18541,
	6.19156 4.15826,
	6.18647 4.1311,
	6.18307 4.12431,
	6.18138 4.11073,
	6.17968 4.10395,
	6.16101 4.07679,
	6.14234 4.05303,
	6.13895 4.04624,
	6.13895 4.04284,
	6.13555 4.03945,
	6.13046 4.02587,
	6.12197 4.01399,
	6.11009 4.00211,
	6.09991 3.99362,
	6.07275 3.97665,
	6.05917 3.97326,
	6.0456 3.97326,
	6.03881 3.97326,
	6.01165 3.96307,
	5.99807 3.96138,
	5.97092 3.9495,
	5.95734 3.9444,
	5.95055 3.94101,
	5.94716 3.94101,
	5.93358 3.93083,
	5.9217 3.91725,
	5.91321 3.90537,
	5.91321 3.89858,
	5.90642 3.89179,
	5.90303 3.88839,
	5.89963 3.88839,
	5.88606 3.87821,
	5.87927 3.87651,
	5.8606 3.85106,
	5.85381 3.84596,
	5.84023 3.84087,
	5.82156 3.81541,
	5.81477 3.80184,
	5.81138 3.79505,
	5.80798 3.79165,
	5.80289 3.77807,
	5.78592 3.75092,
	5.76555 3.72546,
	5.75197 3.71358,
	5.74179 3.7,
	5.74179 3.69661,
	5.7367 3.69151,
	5.735 3.68473,
	5.72482 3.67284,
	5.71803 3.66775,
	5.71124 3.66606,
	5.69936 3.65417,
	5.68748 3.62702,
	5.6722 3.59986,
	5.67051 3.58628,
	5.6722 3.5795,
	5.66032 3.56931,
	5.63317 3.55743,
	5.62128 3.54555,
	5.61959 3.53197,
	"/>
</Transform>

<Transform dim="6"
 xcoef=" 0.0925077492284508 0.998543026644729 -0.0100712961618164 0 0 0"
 ycoef=" 0.224452645116536 -0.00237123459751437 0.975240597849761 0 0 0">
<Contour name="d01SER" hidden="false" closed="true" simplified="true" border="0 1 0" fill="0 1 0" mode="11"
 points="4.22982 4.20087,
	4.2414 4.19219,
	4.26457 4.18929,
	4.27036 4.18929,
	4.28483 4.21245,
	4.28483 4.22403,
	4.27615 4.23561,
	4.25298 4.2414,
	4.2414 4.23851,
	4.23272 4.22982,
	4.22982 4.20666,
	4.22982 4.20377,
	"/>
<Contour name="d01SER" hidden="false" closed="true" simplified="true" border="0 1 0" fill="0 1 0" mode="11"
 points="4.25588 4.47302,
	4.26746 4.46433,
	4.27904 4.46433,
	4.28483 4.46433,
	4.29641 4.47302,
	4.30799 4.49618,
	4.31378 4.51934,
	4.31089 4.5425,
	4.31089 4.54829,
	4.29931 4.55698,
	4.28773 4.55408,
	4.28773 4.53092,
	4.28483 4.51934,
	4.28483 4.51355,
	4.27904 4.51355,
	4.25877 4.49328,
	4.25588 4.4817,
	4.25588 4.47591,
	"/>
</Transform>

<Transform dim="6"
 xcoef=" 0.0925077492284508 0.998543026644729 -0.0100712961618164 0 0 0"
 ycoef=" 0.224452645116536 -0.00237123459751437 0.975240597849761 0 0 0">
<Contour name="d01SER" hidden="false" closed="true" simplified="true" border="0 1 0" fill="0 1 0" mode="11"
 points="4.74227 4.15165,
	4.74806 4.14007,
	4.74516 4.11691,
	4.74516 4.10533,
	4.74806 4.10244,
	4.75964 4.11402,
	4.77122 4.13428,
	4.77411 4.14586,
	4.7828 4.15744,
	4.7828 4.16902,
	4.78859 4.18061,
	4.78859 4.20377,
	4.79438 4.22693,
	4.80017 4.23272,
	4.81175 4.27904,
	4.80885 4.32536,
	4.80885 4.33115,
	4.80017 4.34273,
	4.79727 4.38906,
	4.79727 4.40064,
	4.79727 4.40643,
	4.77411 4.42669,
	4.76253 4.42669,
	4.75095 4.4209,
	4.74227 4.40932,
	4.74516 4.363,
	4.75095 4.33984,
	4.75674 4.32826,
	4.75674 4.3051,
	4.77122 4.25877,
	4.7799 4.23561,
	4.7799 4.22403,
	4.77122 4.21245,
	4.75964 4.20956,
	4.75095 4.19798,
	4.74227 4.15455,
	"/>
</Transform>

<Transform dim="6"
 xcoef=" 0.0925077492284508 0.998543026644729 -0.0100712961618164 0 0 0"
 ycoef=" 0.224452645116536 -0.00237123459751437 0.975240597849761 0 0 0">
<Contour name="mito02_mw_KH(ok)" hidden="true" closed="false" simplified="false" border="0.501961 1 0" fill="0.5 0 1" mode="-9"
 points="3.28528 5.67629,
	3.02802 5.667,
	"/>
</Transform>

<Transform dim="0"
 xcoef=" 0 1 0 0 0 0"
 ycoef=" 0 0 1 0 0 0">
<Contour name="d01p02_psh" hidden="false" closed="true" simplified="false" border="1 0 0" fill="1 0 0" mode="-13"
 points="4.52067 4.53254,
	4.51254 4.52976,
	4.52061 4.52702,
	4.51513 4.51871,
	4.52328 4.52426,
	4.5259 4.51598,
	4.52868 4.52427,
	4.53672 4.51877,
	4.53141 4.52705,
	4.53953 4.52983,
	4.53146 4.53257,
	4.53694 4.54087,
	4.52879 4.53533,
	4.52618 4.54361,
	4.52339 4.53532,
	4.51535 4.54082,
	"/>
</Transform>

<Transform dim="6"
 xcoef=" 0.178472478938813 0.905237277103207 0.0435695147288672 0 0 0"
 ycoef=" 0.606523036647838 -0.0544428856404162 1.00481894287546 0 0 0">
<Image mag="0.00220626" contrast="1.3401" brightness="-0.465" red="true" green="true" blue="true"
 src="FPNCT.16.jpg" />
<Contour name="domain1" hidden="false" closed="true" simplified="false" border="1 0 1" fill="1 0 1" mode="11"
 points="0 0,
	4096 0,
	4096 4096,
	0 4096,
	"/>
</Transform>

<Transform dim="0"
 xcoef=" 0 1 0 0 0 0"
 ycoef=" 0 0 1 0 0 0">
<Contour name="d01" hidden="false" closed="true" simplified="true" border="1 1 0.501961" fill="1 1 0" mode="11"
 points="4.10815 4.20561,
	4.11249 4.19654,
	4.11244 4.192,
	4.12336 4.17386,
	4.12982 4.1557,
	4.13195 4.14662,
	4.13191 4.14209,
	4.13629 4.13756,
	4.13842 4.12848,
	4.14932 4.11034,
	4.15562 4.07402,
	4.15543 4.05585,
	4.15756 4.04677,
	4.16195 4.04224,
	4.1662 4.02409,
	4.16615 4.01955,
	4.19913 3.99011,
	4.21449 3.97425,
	4.28287 3.93808,
	4.30057 3.93359,
	4.3094 3.92907,
	4.38025 3.91788,
	4.41567 3.91116,
	4.42447 3.90437,
	4.44219 3.90214,
	4.45104 3.89989,
	4.45548 3.8999,
	4.45987 3.89537,
	4.49526 3.88637,
	4.53077 3.88872,
	4.56624 3.88654,
	4.5751 3.88657,
	4.58393 3.88204,
	4.60167 3.88209,
	4.63725 3.89126,
	4.65516 3.9072,
	4.67077 3.91632,
	4.68868 3.93226,
	4.71565 3.96865,
	4.72915 3.98685,
	4.73589 3.99595,
	4.74273 4.01414,
	4.74726 4.02323,
	4.7473 4.02777,
	4.75178 4.03232,
	4.75437 4.06866,
	4.76582 4.10503,
	4.77266 4.1232,
	4.77968 4.15956,
	4.78651 4.17774,
	4.7891 4.21408,
	4.78059 4.25039,
	4.78354 4.32307,
	4.79038 4.34124,
	4.79269 4.35033,
	4.79273 4.35488,
	4.79722 4.35943,
	4.79962 4.37761,
	4.81108 4.41396,
	4.8157 4.43214,
	4.8338 4.46852,
	4.83833 4.47761,
	4.84281 4.48217,
	4.84965 4.50034,
	4.85196 4.50943,
	4.8477 4.52759,
	4.84336 4.53667,
	4.83458 4.54572,
	4.8302 4.55025,
	4.81723 4.58428,
	4.80872 4.62059,
	4.80433 4.62512,
	4.80221 4.6342,
	4.80226 4.63875,
	4.79569 4.64782,
	4.79357 4.6569,
	4.76954 4.69317,
	4.74103 4.72488,
	4.73441 4.72941,
	4.71036 4.76342,
	4.70159 4.77248,
	4.68617 4.78379,
	4.67081 4.79966,
	4.65314 4.80643,
	4.61762 4.80406,
	4.60873 4.80177,
	4.5998 4.79494,
	4.5909 4.79265,
	4.55518 4.76986,
	4.53733 4.75845,
	4.51951 4.7516,
	4.50179 4.75382,
	4.48414 4.76287,
	4.47975 4.7674,
	4.44432 4.77185,
	4.42668 4.78316,
	4.40901 4.78994,
	4.40018 4.79446,
	4.39129 4.79216,
	4.38235 4.78533,
	4.36456 4.78075,
	4.34669 4.76707,
	4.33774 4.76024,
	4.3309 4.74206,
	4.33276 4.70573,
	4.33713 4.69892,
	4.32566 4.66257,
	4.32336 4.65348,
	4.31888 4.64892,
	4.31883 4.64439,
	4.30312 4.62618,
	4.26737 4.59884,
	4.25609 4.58065,
	4.25156 4.57156,
	4.25119 4.53523,
	4.25115 4.53068,
	4.24666 4.52613,
	4.24436 4.51704,
	4.23309 4.49884,
	4.23077 4.48975,
	4.23737 4.48296,
	4.22609 4.46476,
	4.21925 4.44659,
	4.21251 4.43749,
	4.21247 4.43294,
	4.20798 4.42839,
	4.20114 4.4102,
	4.18329 4.39881,
	4.15409 4.36241,
	4.14263 4.32605,
	4.1381 4.31695,
	4.13801 4.30787,
	4.12674 4.28967,
	4.12225 4.28512,
	4.12439 4.27605,
	4.12655 4.27151,
	4.12203 4.26242,
	4.11945 4.22607,
	4.1082 4.21015,
	4.10818 4.20788,
	"/>
</Transform>

<Transform dim="0"
 xcoef=" 0 1 0 0 0 0"
 ycoef=" 0 0 1 0 0 0">
<Contour name="d01sp03" hidden="false" closed="true" simplified="true" border="1 1 0.501961" fill="1 1 0" mode="11"
 points="5.38531 4.39719,
	5.41383 4.36547,
	5.42473 4.34733,
	5.44236 4.33602,
	5.46013 4.33833,
	5.49557 4.33387,
	5.51331 4.33392,
	5.549 4.35445,
	5.56466 4.3681,
	5.5959 4.38635,
	5.61154 4.39774,
	5.62946 4.41595,
	5.63838 4.42052,
	5.67197 4.45239,
	5.68767 4.47059,
	5.69443 4.47969,
	5.69891 4.48425,
	5.70121 4.49333,
	5.70567 4.49562,
	5.70572 4.50016,
	5.71246 4.50926,
	5.7193 4.52744,
	5.71949 4.54561,
	5.71953 4.55015,
	5.75296 4.56612,
	5.76185 4.56842,
	5.79759 4.59349,
	5.80651 4.59804,
	5.81547 4.60715,
	5.81999 4.61624,
	5.83565 4.62991,
	5.87122 4.6368,
	5.88009 4.63683,
	5.88692 4.65501,
	5.8871 4.67318,
	5.89856 4.70954,
	5.90087 4.71863,
	5.89458 4.75494,
	5.89699 4.77312,
	5.89929 4.7822,
	5.90377 4.78675,
	5.90618 4.80493,
	5.90627 4.81401,
	5.9131 4.8322,
	5.90664 4.85035,
	5.88896 4.85712,
	5.8535 4.8593,
	5.83573 4.85699,
	5.81787 4.84559,
	5.79096 4.816,
	5.77507 4.77963,
	5.75255 4.74551,
	5.74128 4.72732,
	5.73675 4.71823,
	5.72104 4.70002,
	5.6875 4.6727,
	5.65835 4.64083,
	5.63363 4.60898,
	5.61792 4.59077,
	5.60898 4.58394,
	5.60454 4.58393,
	5.56886 4.56341,
	5.55102 4.55428,
	5.53323 4.5497,
	5.52879 4.54968,
	5.49528 4.52462,
	5.47744 4.5155,
	5.45052 4.48591,
	5.43925 4.46771,
	5.4214 4.45632,
	5.40569 4.43811,
	5.39672 4.42901,
	5.39668 4.42447,
	5.3922 4.41992,
	5.38989 4.41083,
	5.38541 4.40627,
	5.38534 4.39947,
	"/>
</Transform>

</Section>