<?xml version="1.0"?>
<!DOCTYPE Section SYSTEM "section.dtd">

<Section index="56" thickness="0.043" alignLocked="false">
<Transform dim="1"
 xcoef=" -2.27068494738003 1 0 0 0 0"
 ycoef=" -0.0103835192298384 0 1 0 0 0">
<Contour name="D001" hidden="false" closed="true" simplified="false" border="1 1 1" fill="0.501961 0 1" mode="-13"
 points="40.6074 24.964,
	40.6074 24.9321,
	40.6392 24.9321,
	40.6392 24.9003,
	40.6711 24.9003,
	40.6711 24.9321,
	40.703 24.9321,
	40.703 24.964,
	40.6711 24.964,
	40.6711 24.9958,
	40.6392 24.9958,
	40.6392 24.964,
	"/>
</Transform>

<Transform dim="1"
 xcoef=" -2.27068494738003 1 0 0 0 0"
 ycoef=" -0.0103835192298384 0 1 0 0 0">
<Contour name="D002" hidden="false" closed="true" simplified="false" border="1 1 1" fill="0 0.501961 1" mode="-13"
 points="51.019 12.2537,
	51.019 12.2247,
	51.0479 12.2247,
	51.0479 12.1958,
	51.0769 12.1958,
	51.0769 12.2247,
	51.1058 12.2247,
	51.1058 12.2537,
	51.0769 12.2537,
	51.0769 12.2826,
	51.0479 12.2826,
	51.0479 12.2537,
	"/>
</Transform>

<Transform dim="1"
 xcoef=" -2.27068494738003 1 0 0 0 0"
 ycoef=" -0.0103835192298384 0 1 0 0 0">
<Contour name="D003" hidden="false" closed="true" simplified="false" border="1 1 1" fill="1 0 1" mode="-13"
 points="57.9412 7.80614,
	57.9412 7.77148,
	57.9759 7.77148,
	57.9759 7.73682,
	58.0105 7.73682,
	58.0105 7.77148,
	58.0452 7.77148,
	58.0452 7.80614,
	58.0105 7.80614,
	58.0105 7.84079,
	57.9759 7.84079,
	57.9759 7.80614,
	"/>
</Transform>

<Transform dim="1"
 xcoef=" -2.27068494738003 1 0 0 0 0"
 ycoef=" -0.0103835192298384 0 1 0 0 0">
<Contour name="D004" hidden="false" closed="true" simplified="false" border="1 1 1" fill="1 1 0" mode="-13"
 points="51.566 25.4718,
	51.566 25.4427,
	51.5951 25.4427,
	51.5951 25.4136,
	51.6242 25.4136,
	51.6242 25.4427,
	51.6533 25.4427,
	51.6533 25.4718,
	51.6242 25.4718,
	51.6242 25.5009,
	51.5951 25.5009,
	51.5951 25.4718,
	"/>
</Transform>

<Transform dim="1"
 xcoef=" -2.27068494738003 1 0 0 0 0"
 ycoef=" -0.0103835192298384 0 1 0 0 0">
<Contour name="axon04" hidden="false" closed="true" simplified="false" border="0 1 1" fill="0 1 1" mode="9"
 points="52.7623 24.8847,
	52.7747 24.8723,
	52.725 24.8226,
	52.7374 24.8102,
	52.7871 24.8599,
	52.7995 24.8475,
	52.7995 24.8847,
	"/>
</Transform>

<Transform dim="1"
 xcoef=" -2.27068494738003 1 0 0 0 0"
 ycoef=" -0.0103835192298384 0 1 0 0 0">
<Contour name="d001_symcand01axonstamp_delete" hidden="false" closed="true" simplified="false" border="0 1 1" fill="0 1 1" mode="9"
 points="40.5411 26.241,
	40.5512 26.2309,
	40.5108 26.1906,
	40.5209 26.1805,
	40.5612 26.2208,
	40.5713 26.2107,
	40.5713 26.241,
	"/>
</Transform>

<Transform dim="1"
 xcoef=" -2.27068494738003 1 0 0 0 0"
 ycoef=" -0.0103835192298384 0 1 0 0 0">
<Contour name="d002_symcand02axonstamp" hidden="false" closed="true" simplified="false" border="1 0 0" fill="0 1 1" mode="9"
 points="49.3715 11.4762,
	49.3827 11.465,
	49.3382 11.4205,
	49.3493 11.4094,
	49.3938 11.4539,
	49.4049 11.4428,
	49.4049 11.4762,
	"/>
</Transform>

<Transform dim="1"
 xcoef=" 0.0188810427993364 1 0 0 0 0"
 ycoef=" 0 0 1 0 0 0">
<Contour name="d004_o14" hidden="false" closed="true" simplified="false" border="1 0 0" fill="1 0 0" mode="-13"
 points="53.7637 25.8254,
	53.8055 25.8254,
	53.7846 25.8638,
	"/>
</Transform>

<Transform dim="1"
 xcoef=" 0.0188810427993364 1 0 0 0 0"
 ycoef=" 0 0 1 0 0 0">
<Contour name="d004_cfa18a" hidden="false" closed="false" simplified="false" border="0 1 0" fill="0 1 0" mode="11"
 points="52.6181 24.3268,
	52.6064 24.3606,
	52.5854 24.4306,
	52.5353 24.5298,
	52.4851 24.6056,
	52.4548 24.6569,
	"/>
</Transform>

<Transform dim="1"
 xcoef=" 0.0188810427993364 1 0 0 0 0"
 ycoef=" 0 0 1 0 0 0">
<Contour name="d004_c18a" hidden="false" closed="true" simplified="true" border="1 0 0" fill="0 1 0" mode="11"
 points="52.448 24.6291,
	52.4496 24.6228,
	52.4496 24.6212,
	52.4511 24.6197,
	52.4551 24.6071,
	52.4558 24.604,
	52.4582 24.6009,
	52.4605 24.5946,
	52.4645 24.5891,
	52.4668 24.5828,
	52.4684 24.5813,
	52.4684 24.5797,
	52.4699 24.5789,
	52.4801 24.5546,
	52.4833 24.5484,
	52.484 24.5452,
	52.4911 24.5335,
	52.4935 24.5272,
	52.4935 24.5256,
	52.495 24.5248,
	52.4958 24.5217,
	52.4958 24.5201,
	52.4974 24.5186,
	52.4989 24.5123,
	52.5029 24.506,
	52.5029 24.5045,
	52.5044 24.5029,
	52.5052 24.4998,
	52.5091 24.4935,
	52.5146 24.4872,
	52.5193 24.4825,
	52.5225 24.4802,
	52.5264 24.4755,
	52.5319 24.4708,
	52.5373 24.4582,
	52.5397 24.4527,
	52.542 24.4496,
	52.5428 24.4465,
	52.5452 24.4433,
	52.546 24.4402,
	52.5475 24.4386,
	52.5475 24.4371,
	52.5491 24.4355,
	52.5515 24.4292,
	52.553 24.4261,
	52.553 24.423,
	52.5569 24.4104,
	52.5577 24.4073,
	52.5577 24.4057,
	52.5593 24.4042,
	52.5624 24.3916,
	52.5624 24.39,
	52.564 24.3885,
	52.5648 24.3822,
	52.5695 24.3697,
	52.5695 24.3665,
	52.5734 24.354,
	52.575 24.3509,
	52.575 24.3493,
	52.5765 24.3485,
	52.5789 24.3422,
	52.5828 24.336,
	52.5828 24.3344,
	52.5875 24.3297,
	52.5899 24.3266,
	52.5961 24.3226,
	52.6212 24.3234,
	52.6463 24.3258,
	52.6494 24.3273,
	52.6526 24.3273,
	52.6557 24.3289,
	52.6588 24.3289,
	52.662 24.3305,
	52.6745 24.3328,
	52.6808 24.3352,
	52.6839 24.336,
	52.6855 24.3375,
	52.6886 24.3383,
	52.7004 24.3485,
	52.7058 24.3556,
	52.7082 24.3618,
	52.7098 24.3744,
	52.7098 24.3869,
	52.7074 24.3932,
	52.7066 24.3994,
	52.7058 24.4026,
	52.7043 24.4042,
	52.7043 24.4073,
	52.6996 24.4198,
	52.6972 24.4261,
	52.6957 24.4292,
	52.6957 24.4308,
	52.6941 24.4324,
	52.6917 24.4386,
	52.6902 24.4418,
	52.6902 24.4433,
	52.6886 24.4449,
	52.6839 24.4574,
	52.6823 24.459,
	52.6745 24.4841,
	52.6698 24.4966,
	52.6674 24.5029,
	52.6659 24.5037,
	52.6659 24.5068,
	52.6643 24.5076,
	52.6627 24.5139,
	52.6612 24.5154,
	52.6588 24.5217,
	52.6573 24.5248,
	52.6557 24.5264,
	52.6549 24.5295,
	52.651 24.5358,
	52.651 24.5374,
	52.6471 24.5429,
	52.6447 24.546,
	52.6439 24.5491,
	52.64 24.5546,
	52.6384 24.5578,
	52.6369 24.5593,
	52.6369 24.5609,
	52.6345 24.564,
	52.633 24.5656,
	52.6322 24.5687,
	52.6298 24.5719,
	52.629 24.575,
	52.6196 24.5868,
	52.6118 24.5993,
	52.6087 24.6056,
	52.604 24.6118,
	52.5993 24.6165,
	52.5953 24.6228,
	52.5891 24.6291,
	52.5867 24.6314,
	52.5867 24.633,
	52.5773 24.6432,
	52.5718 24.6487,
	52.5632 24.6581,
	52.5577 24.6636,
	52.546 24.6706,
	52.5397 24.6753,
	52.5334 24.6785,
	52.5303 24.6792,
	52.5295 24.6808,
	52.5232 24.6816,
	52.517 24.6839,
	52.5107 24.6847,
	52.4982 24.6824,
	52.4856 24.6785,
	52.4825 24.6777,
	52.4809 24.6777,
	52.4801 24.6761,
	52.4676 24.673,
	52.4558 24.6651,
	52.4527 24.6636,
	52.4496 24.6573,
	52.4496 24.6542,
	52.448 24.6518,
	52.448 24.6393,
	52.448 24.633,
	52.448 24.6299,
	"/>
</Transform>

<Transform dim="1"
 xcoef=" -0.926117068496976 1 0 0 0 0"
 ycoef=" 0.0413306299579717 0 1 0 0 0">
<Image mag="0.00209248" contrast="2.18288" brightness="-0.33" red="true" green="true" blue="true"
 src="057____z56.0.tif" />
<Contour name="domain1" hidden="true" closed="true" simplified="false" border="1 0 1" fill="1 0 1" mode="11"
 points="0 0,
	35235 0,
	35235 16175,
	0 16175,
	"/>
</Transform>

<Transform dim="1"
 xcoef=" 0.0188810427993364 1 0 0 0 0"
 ycoef=" 0 0 1 0 0 0">
<Contour name="d004_p11" hidden="false" closed="true" simplified="true" border="1 1 0" fill="0 1 0" mode="11"
 points="55.1406 25.1933,
	55.1423 25.1794,
	55.1432 25.1725,
	55.1458 25.1656,
	55.1458 25.1639,
	55.1501 25.157,
	55.1527 25.15,
	55.157 25.1431,
	55.157 25.1414,
	55.1639 25.1353,
	55.1674 25.1319,
	55.1708 25.131,
	55.1734 25.1284,
	55.1873 25.1276,
	55.2011 25.1293,
	55.208 25.1293,
	55.2218 25.1336,
	55.2236 25.1336,
	55.2374 25.1431,
	55.2426 25.1483,
	55.2443 25.1518,
	55.2512 25.1587,
	55.259 25.1717,
	55.2685 25.1993,
	55.2763 25.227,
	55.2789 25.2339,
	55.2789 25.2374,
	55.2884 25.265,
	55.2893 25.2789,
	55.2884 25.2927,
	55.2867 25.2996,
	55.2832 25.3065,
	55.2763 25.3126,
	55.2625 25.3134,
	55.2486 25.3108,
	55.2461 25.3082,
	55.2443 25.3082,
	55.2314 25.2987,
	55.2253 25.2944,
	55.2218 25.2936,
	55.221 25.2918,
	55.2193 25.2918,
	55.1942 25.2737,
	55.1804 25.2642,
	55.1743 25.259,
	55.1726 25.259,
	55.1518 25.2374,
	55.1484 25.2304,
	55.1466 25.2287,
	55.1466 25.227,
	55.144 25.2235,
	55.144 25.2201,
	55.1423 25.2166,
	55.1406 25.2028,
	55.1406 25.1959,
	55.1406 25.1941,
	"/>
</Transform>

<Transform dim="1"
 xcoef=" 0.0188810427993364 1 0 0 0 0"
 ycoef=" 0 0 1 0 0 0">
<Contour name="d004_p13" hidden="false" closed="true" simplified="true" border="1 1 0" fill="0 1 0" mode="11"
 points="54.495 24.7803,
	54.4961 24.778,
	54.4978 24.7688,
	54.5013 24.7596,
	54.5025 24.7584,
	54.503 24.7561,
	54.5042 24.755,
	54.5042 24.7538,
	54.5105 24.7446,
	54.529 24.7296,
	54.5336 24.7261,
	54.5359 24.7256,
	54.537 24.7244,
	54.5417 24.7227,
	54.5428 24.7227,
	54.5474 24.7198,
	54.5486 24.7198,
	54.5509 24.7181,
	54.552 24.7181,
	54.5543 24.7163,
	54.5567 24.7158,
	54.5659 24.7106,
	54.5843 24.7025,
	54.5889 24.7008,
	54.5912 24.6996,
	54.5936 24.6996,
	54.6028 24.6962,
	54.6074 24.6956,
	54.612 24.6939,
	54.6305 24.6904,
	54.6489 24.6898,
	54.6674 24.691,
	54.6766 24.6927,
	54.6858 24.6967,
	54.6875 24.6985,
	54.6921 24.7002,
	54.6933 24.7002,
	54.6945 24.7014,
	54.6991 24.7031,
	54.7014 24.7048,
	54.7025 24.7048,
	54.7071 24.7077,
	54.7094 24.7094,
	54.7106 24.7094,
	54.7129 24.7117,
	54.7216 24.7169,
	54.7262 24.7215,
	54.729 24.725,
	54.7331 24.729,
	54.7342 24.7302,
	54.7342 24.7325,
	54.7354 24.7336,
	54.7354 24.7429,
	54.7331 24.7521,
	54.7319 24.7544,
	54.7319 24.7556,
	54.7302 24.7579,
	54.7302 24.759,
	54.7244 24.7677,
	54.7239 24.77,
	54.7164 24.7786,
	54.7135 24.7821,
	54.7089 24.7855,
	54.7066 24.7878,
	54.7031 24.7907,
	54.7008 24.7925,
	54.6996 24.7925,
	54.6991 24.7936,
	54.6979 24.7936,
	54.6893 24.8005,
	54.6881 24.8017,
	54.687 24.8017,
	54.6829 24.8046,
	54.6737 24.8121,
	54.6691 24.8161,
	54.6656 24.8201,
	54.6656 24.8213,
	54.6593 24.8305,
	54.6547 24.8386,
	54.6524 24.8432,
	54.6512 24.8455,
	54.6501 24.8466,
	54.6437 24.8651,
	54.642 24.8697,
	54.6403 24.872,
	54.6391 24.8732,
	54.6385 24.8755,
	54.6356 24.8801,
	54.6276 24.8876,
	54.6183 24.8934,
	54.6091 24.8962,
	54.6068 24.8974,
	54.6057 24.8974,
	54.601 24.9003,
	54.5826 24.9043,
	54.5641 24.9049,
	54.5549 24.9032,
	54.5503 24.9032,
	54.548 24.9014,
	54.5434 24.9003,
	54.5422 24.8991,
	54.5399 24.8985,
	54.5376 24.8968,
	54.5284 24.8928,
	54.5238 24.891,
	54.5151 24.8859,
	54.5134 24.8841,
	54.5128 24.883,
	54.5117 24.883,
	54.5088 24.8784,
	54.5071 24.8761,
	54.5053 24.8714,
	54.503 24.853,
	54.5025 24.8345,
	54.5019 24.8299,
	54.5001 24.8253,
	54.4996 24.8207,
	54.4967 24.8115,
	54.495 24.8023,
	54.495 24.7838,
	54.495 24.7815,
	54.495 24.7809,
	"/>
</Transform>

<Transform dim="1"
 xcoef=" 0.0188810427993364 1 0 0 0 0"
 ycoef=" 0 0 1 0 0 0">
<Contour name="d004_p14" hidden="false" closed="true" simplified="true" border="1 1 0" fill="0 1 0" mode="11"
 points="53.7307 25.9803,
	53.8862 25.9293,
	53.9251 25.9159,
	53.9446 25.9098,
	53.9543 25.9074,
	53.9567 25.9062,
	53.9616 25.9159,
	53.9628 25.9353,
	53.9604 25.9742,
	53.9604 25.9936,
	53.9628 26.0034,
	53.9676 26.0131,
	53.9713 26.0179,
	53.9749 26.0277,
	53.9847 26.0374,
	53.9895 26.0398,
	53.9919 26.0422,
	53.9968 26.0435,
	53.998 26.0459,
	54.0004 26.0459,
	54.0029 26.0483,
	54.0053 26.0483,
	54.0126 26.0556,
	54.015 26.0556,
	54.0333 26.0665,
	54.043 26.0714,
	54.0588 26.0848,
	54.0612 26.0848,
	54.0758 26.0981,
	54.0843 26.1066,
	54.0891 26.1103,
	54.0916 26.1115,
	54.0916 26.1139,
	54.1049 26.1334,
	54.111 26.1431,
	54.111 26.1455,
	54.1232 26.165,
	54.1438 26.2014,
	54.1462 26.2111,
	54.1462 26.216,
	54.1499 26.2257,
	54.1511 26.2451,
	54.1462 26.284,
	54.1462 26.2937,
	54.1462 26.2986,
	54.1523 26.3071,
	54.1572 26.3107,
	54.1961 26.3192,
	54.2058 26.3229,
	54.2106 26.3253,
	54.224 26.3448,
	54.2313 26.3642,
	54.2337 26.3836,
	54.2337 26.4031,
	54.2301 26.4128,
	54.2301 26.4177,
	54.2264 26.4213,
	54.2252 26.4262,
	54.2118 26.4444,
	54.2094 26.4492,
	54.2009 26.4578,
	54.1948 26.4663,
	54.179 26.4821,
	54.1754 26.4918,
	54.1718 26.5112,
	54.1681 26.5209,
	54.1645 26.5258,
	54.1645 26.5282,
	54.162 26.5306,
	54.162 26.5331,
	54.1487 26.5525,
	54.1317 26.5707,
	54.1244 26.5792,
	54.1061 26.5975,
	54.0976 26.6048,
	54.0806 26.623,
	54.0673 26.6388,
	54.0636 26.6424,
	54.0612 26.6436,
	54.0612 26.6461,
	54.0539 26.6558,
	54.0539 26.6582,
	54.0515 26.6606,
	54.043 26.6995,
	54.0393 26.7092,
	54.0381 26.7141,
	54.0308 26.7238,
	54.0272 26.7287,
	54.0175 26.7348,
	54.0138 26.7384,
	54.009 26.7396,
	54.0041 26.7433,
	53.9992 26.7445,
	53.998 26.7469,
	53.9932 26.7481,
	53.9737 26.7615,
	53.9579 26.7797,
	53.9555 26.7821,
	53.9555 26.7846,
	53.9531 26.787,
	53.9531 26.7919,
	53.9494 26.7967,
	53.9458 26.8064,
	53.9433 26.8113,
	53.9433 26.8137,
	53.9361 26.8235,
	53.9263 26.832,
	53.9166 26.8332,
	53.9069 26.8307,
	53.9045 26.8307,
	53.902 26.8283,
	53.8972 26.8271,
	53.8887 26.8174,
	53.8875 26.8125,
	53.885 26.8101,
	53.8814 26.7906,
	53.8838 26.7712,
	53.8875 26.7615,
	53.8899 26.7566,
	53.8899 26.7518,
	53.9008 26.7335,
	53.9033 26.7311,
	53.9033 26.7287,
	53.9057 26.7275,
	53.9057 26.725,
	53.9105 26.7214,
	53.9166 26.7117,
	53.9251 26.702,
	53.9385 26.6862,
	53.9446 26.6777,
	53.9482 26.6728,
	53.9482 26.6704,
	53.9543 26.6619,
	53.9567 26.6521,
	53.9555 26.6327,
	53.9531 26.6278,
	53.9531 26.6254,
	53.9494 26.6206,
	53.947 26.6181,
	53.947 26.6157,
	53.93 26.6011,
	53.9263 26.5963,
	53.9239 26.595,
	53.9239 26.5926,
	53.9166 26.5865,
	53.902 26.5683,
	53.8972 26.5586,
	53.8947 26.5562,
	53.8947 26.5537,
	53.8826 26.5355,
	53.8704 26.5197,
	53.8583 26.5015,
	53.8559 26.4991,
	53.8559 26.4966,
	53.8486 26.4869,
	53.8389 26.4675,
	53.8364 26.465,
	53.8364 26.4626,
	53.8304 26.4529,
	53.8304 26.4505,
	53.8243 26.4407,
	53.8182 26.4213,
	53.817 26.3824,
	53.8133 26.3435,
	53.8109 26.3338,
	53.8109 26.329,
	53.8036 26.3095,
	53.7903 26.2913,
	53.7842 26.2816,
	53.7805 26.2767,
	53.7805 26.2743,
	53.7745 26.2646,
	53.7708 26.2597,
	53.7696 26.2208,
	53.7733 26.2014,
	53.7745 26.182,
	53.7745 26.1722,
	53.7672 26.1528,
	53.7672 26.1504,
	53.7647 26.1492,
	53.7647 26.1443,
	53.7587 26.1346,
	53.755 26.1297,
	53.755 26.1273,
	53.7514 26.1236,
	53.7502 26.1139,
	53.7429 26.0945,
	53.7429 26.075,
	53.749 26.0362,
	53.7453 25.9973,
	53.7392 25.9888,
	53.7356 25.9839,
	53.7332 25.9839,
	53.7307 25.9815,
	"/>
</Transform>

<Transform dim="1"
 xcoef=" 0.0188810427993364 1 0 0 0 0"
 ycoef=" 0 0 1 0 0 0">
<Contour name="d004_p15" hidden="false" closed="true" simplified="true" border="1 1 0" fill="0 1 0" mode="11"
 points="52.7081 26.2767,
	52.713 26.2635,
	52.713 26.2504,
	52.7212 26.224,
	52.7278 26.2191,
	52.7311 26.2158,
	52.7344 26.2158,
	52.741 26.2109,
	52.7443 26.2109,
	52.7574 26.201,
	52.8085 26.1796,
	52.815 26.178,
	52.8183 26.178,
	52.8282 26.1697,
	52.8331 26.1632,
	52.8364 26.1632,
	52.8364 26.1599,
	52.8545 26.1385,
	52.8562 26.1253,
	52.8611 26.1121,
	52.8628 26.1056,
	52.8726 26.0924,
	52.8858 26.0809,
	52.9121 26.0694,
	52.9154 26.0661,
	52.9286 26.0611,
	52.9549 26.0611,
	52.9812 26.0529,
	52.9878 26.0513,
	53.001 26.043,
	53.0043 26.0397,
	53.0076 26.0397,
	53.0339 26.0183,
	53.0454 26.0068,
	53.0487 26.0019,
	53.0619 25.992,
	53.0685 25.9887,
	53.0948 25.9904,
	53.1014 25.992,
	53.1129 26.0019,
	53.1129 26.0052,
	53.1244 26.015,
	53.1277 26.0183,
	53.1343 26.02,
	53.1409 26.0249,
	53.154 26.0299,
	53.1804 26.0463,
	53.1869 26.0496,
	53.1985 26.0628,
	53.2018 26.0661,
	53.2001 26.0924,
	53.1952 26.099,
	53.1952 26.1023,
	53.1837 26.1154,
	53.1738 26.1237,
	53.1606 26.1319,
	53.1573 26.1319,
	53.131 26.1483,
	53.1244 26.15,
	53.0997 26.1681,
	53.0882 26.1763,
	53.075 26.1878,
	53.0504 26.2043,
	53.0487 26.2076,
	53.024 26.2191,
	53.0109 26.2257,
	53.0092 26.229,
	53.0026 26.2306,
	52.9796 26.2487,
	52.9566 26.2734,
	52.9566 26.2767,
	52.9467 26.2866,
	52.9253 26.3129,
	52.9187 26.3178,
	52.8661 26.3359,
	52.8134 26.3376,
	52.7607 26.3359,
	52.7476 26.3343,
	52.741 26.3343,
	52.7278 26.3294,
	52.7245 26.3294,
	52.7114 26.3162,
	52.7081 26.3129,
	52.7081 26.2866,
	52.7081 26.28,
	52.7081 26.2783,
	"/>
</Transform>

<Transform dim="1"
 xcoef=" 0.0188810427993364 1 0 0 0 0"
 ycoef=" 0 0 1 0 0 0">
<Contour name="d004_p16" hidden="false" closed="true" simplified="true" border="1 1 0" fill="0 1 0" mode="11"
 points="54.2542 25.033,
	54.2626 25.018,
	54.2664 25.0114,
	54.2682 25.0076,
	54.2701 25.0058,
	54.2758 24.9907,
	54.2776 24.9888,
	54.2823 24.9738,
	54.2823 24.97,
	54.2861 24.9625,
	54.288 24.9606,
	54.288 24.9588,
	54.2927 24.9522,
	54.2993 24.9475,
	54.3011 24.9456,
	54.3087 24.9437,
	54.3162 24.9437,
	54.3312 24.9409,
	54.3387 24.939,
	54.3688 24.94,
	54.3838 24.9419,
	54.3913 24.9419,
	54.4214 24.9484,
	54.4364 24.955,
	54.443 24.9606,
	54.4468 24.9635,
	54.4487 24.9663,
	54.4524 24.9691,
	54.4609 24.9832,
	54.4599 24.9982,
	54.459 25.002,
	54.4571 25.0039,
	54.4543 25.0114,
	54.4458 25.0264,
	54.444 25.0302,
	54.4421 25.0321,
	54.4421 25.0358,
	54.4393 25.0396,
	54.4289 25.0697,
	54.4289 25.0715,
	54.4261 25.0744,
	54.4261 25.0762,
	54.4242 25.0772,
	54.4233 25.0809,
	54.4177 25.0875,
	54.4148 25.0894,
	54.3998 25.0894,
	54.3923 25.0884,
	54.3885 25.0884,
	54.3735 25.0819,
	54.366 25.0809,
	54.3622 25.079,
	54.3472 25.0762,
	54.3397 25.0734,
	54.3246 25.0734,
	54.3171 25.0715,
	54.3021 25.0715,
	54.2946 25.0706,
	54.2908 25.0687,
	54.287 25.0687,
	54.2729 25.0603,
	54.2588 25.0499,
	54.2542 25.0424,
	54.2542 25.0349,
	54.2542 25.0339,
	"/>
</Transform>

<Transform dim="1"
 xcoef=" 0.0188810427993364 1 0 0 0 0"
 ycoef=" 0 0 1 0 0 0">
<Contour name="d004_p17" hidden="false" closed="true" simplified="true" border="1 1 0" fill="0 1 0" mode="11"
 points="53.5568 26.3714,
	53.5578 26.3693,
	53.5578 26.3673,
	53.5636 26.3594,
	53.5652 26.3578,
	53.5662 26.3578,
	53.5809 26.3474,
	53.5882 26.3416,
	53.5914 26.3395,
	53.5987 26.3337,
	53.6029 26.3316,
	53.6196 26.328,
	53.628 26.3269,
	53.6448 26.3264,
	53.6532 26.3259,
	53.6574 26.3254,
	53.6741 26.3285,
	53.6825 26.3301,
	53.6846 26.3306,
	53.6856 26.3316,
	53.6867 26.3316,
	53.6888 26.3332,
	53.6898 26.3332,
	53.6919 26.3348,
	53.693 26.3358,
	53.694 26.3358,
	53.6982 26.3395,
	53.6998 26.3416,
	53.7008 26.3416,
	53.704 26.3447,
	53.716 26.361,
	53.7218 26.3693,
	53.7265 26.3777,
	53.7286 26.3819,
	53.7296 26.383,
	53.7323 26.3913,
	53.7338 26.3955,
	53.7364 26.4123,
	53.7401 26.4291,
	53.7422 26.4374,
	53.7422 26.4395,
	53.7433 26.4416,
	53.7433 26.4437,
	53.7443 26.4458,
	53.7438 26.4626,
	53.7412 26.471,
	53.7385 26.4751,
	53.7375 26.4772,
	53.7333 26.4814,
	53.7291 26.4846,
	53.7249 26.4861,
	53.7228 26.4872,
	53.7207 26.4872,
	53.7165 26.4888,
	53.6998 26.4909,
	53.6914 26.4909,
	53.6746 26.4877,
	53.6705 26.4872,
	53.6663 26.4856,
	53.6642 26.4851,
	53.6621 26.4835,
	53.66 26.483,
	53.6589 26.482,
	53.6547 26.4809,
	53.6464 26.4751,
	53.6427 26.472,
	53.6385 26.4678,
	53.6354 26.4641,
	53.6343 26.4631,
	53.6343 26.4621,
	53.6312 26.4579,
	53.6301 26.4558,
	53.6291 26.4552,
	53.6291 26.4542,
	53.6259 26.45,
	53.6244 26.4479,
	53.6244 26.4469,
	53.6233 26.4458,
	53.6233 26.4448,
	53.6202 26.4406,
	53.6191 26.4364,
	53.6176 26.4343,
	53.6176 26.4332,
	53.6118 26.4254,
	53.6086 26.4217,
	53.6008 26.416,
	53.5997 26.416,
	53.5977 26.4144,
	53.5966 26.4133,
	53.5945 26.4128,
	53.5935 26.4118,
	53.5893 26.4102,
	53.5814 26.405,
	53.5798 26.4034,
	53.5788 26.4034,
	53.5767 26.4018,
	53.5757 26.4008,
	53.5736 26.4002,
	53.5694 26.3976,
	53.562 26.3898,
	53.5599 26.3877,
	53.5578 26.3835,
	53.5568 26.3793,
	53.5568 26.3751,
	53.5568 26.373,
	53.5568 26.372,
	"/>
</Transform>

<Transform dim="1"
 xcoef=" 0.0188810427993364 1 0 0 0 0"
 ycoef=" 0 0 1 0 0 0">
<Contour name="d004_p18" hidden="false" closed="true" simplified="true" border="1 1 0" fill="0 1 0" mode="11"
 points="52.3386 24.7715,
	52.3407 24.763,
	52.3418 24.7587,
	52.3439 24.7566,
	52.3439 24.7545,
	52.3556 24.7374,
	52.3641 24.7332,
	52.3726 24.7247,
	52.3758 24.7215,
	52.3779 24.7215,
	52.3854 24.713,
	52.3886 24.7098,
	52.3907 24.7098,
	52.4056 24.6928,
	52.413 24.6843,
	52.4236 24.6673,
	52.4258 24.6651,
	52.4258 24.663,
	52.4279 24.6609,
	52.4364 24.6269,
	52.4375 24.6183,
	52.4396 24.6141,
	52.4407 24.5971,
	52.4428 24.5886,
	52.446 24.5205,
	52.4492 24.5035,
	52.4513 24.495,
	52.4513 24.4907,
	52.4545 24.4822,
	52.4577 24.4652,
	52.4598 24.461,
	52.463 24.444,
	52.4651 24.4397,
	52.4651 24.4354,
	52.4768 24.4014,
	52.48 24.3929,
	52.4821 24.3887,
	52.4821 24.3844,
	52.4853 24.3801,
	52.4885 24.3716,
	52.4885 24.3695,
	52.4906 24.3674,
	52.4917 24.3631,
	52.4938 24.361,
	52.5013 24.344,
	52.5023 24.3397,
	52.5055 24.3355,
	52.5066 24.3312,
	52.5087 24.3291,
	52.5119 24.3206,
	52.5119 24.3185,
	52.514 24.3163,
	52.5204 24.2993,
	52.5225 24.2972,
	52.5236 24.293,
	52.5257 24.2908,
	52.5385 24.2568,
	52.5406 24.2483,
	52.5427 24.244,
	52.5427 24.2419,
	52.5459 24.2377,
	52.5491 24.2291,
	52.5544 24.2206,
	52.5555 24.2164,
	52.5661 24.2004,
	52.5715 24.1919,
	52.5746 24.1877,
	52.5768 24.1866,
	52.5768 24.1845,
	52.5832 24.1781,
	52.5917 24.1728,
	52.6002 24.1707,
	52.6172 24.1717,
	52.6214 24.1728,
	52.6299 24.1792,
	52.6321 24.1792,
	52.6438 24.1951,
	52.647 24.2036,
	52.6523 24.2121,
	52.6565 24.2291,
	52.6587 24.2334,
	52.6587 24.2377,
	52.665 24.2547,
	52.665 24.2632,
	52.6672 24.2717,
	52.6672 24.3057,
	52.664 24.3227,
	52.664 24.3312,
	52.6576 24.3482,
	52.6555 24.3568,
	52.647 24.3738,
	52.6438 24.378,
	52.6406 24.3855,
	52.6384 24.3897,
	52.6384 24.3918,
	52.6331 24.3993,
	52.6321 24.4035,
	52.6299 24.4057,
	52.6299 24.4078,
	52.6268 24.412,
	52.6268 24.4142,
	52.6236 24.4184,
	52.6236 24.4206,
	52.6214 24.4227,
	52.6204 24.4269,
	52.6182 24.4291,
	52.6182 24.4312,
	52.6151 24.4354,
	52.6151 24.4376,
	52.6097 24.4461,
	52.6087 24.4503,
	52.6087 24.4525,
	52.6065 24.4546,
	52.6044 24.4631,
	52.5959 24.4801,
	52.5948 24.4844,
	52.5757 24.5173,
	52.5693 24.5248,
	52.5693 24.5269,
	52.5672 24.529,
	52.5672 24.5311,
	52.5608 24.5397,
	52.5608 24.5418,
	52.5587 24.5428,
	52.5587 24.545,
	52.5523 24.5535,
	52.5502 24.5577,
	52.5459 24.562,
	52.5236 24.5918,
	52.5108 24.6077,
	52.5002 24.6247,
	52.4981 24.6269,
	52.4981 24.629,
	52.4874 24.646,
	52.4874 24.6481,
	52.4843 24.6524,
	52.4843 24.6545,
	52.4811 24.6588,
	52.4811 24.6609,
	52.4789 24.663,
	52.4779 24.6673,
	52.4726 24.6747,
	52.4651 24.6917,
	52.4609 24.7002,
	52.4555 24.7172,
	52.4524 24.7257,
	52.4524 24.73,
	52.4502 24.7343,
	52.4502 24.7385,
	52.447 24.747,
	52.4449 24.764,
	52.446 24.7981,
	52.4492 24.8321,
	52.4502 24.8661,
	52.4492 24.8746,
	52.447 24.8767,
	52.446 24.881,
	52.4438 24.8831,
	52.4438 24.8853,
	52.4417 24.8874,
	52.4417 24.8895,
	52.4332 24.8959,
	52.43 24.8991,
	52.413 24.898,
	52.4088 24.898,
	52.3917 24.8884,
	52.3843 24.8831,
	52.3769 24.8746,
	52.3747 24.8746,
	52.3641 24.8587,
	52.362 24.8565,
	52.3481 24.8236,
	52.3418 24.8066,
	52.3396 24.8023,
	52.3386 24.7853,
	52.3386 24.7768,
	52.3386 24.7725,
	"/>
</Transform>

<Transform dim="1"
 xcoef=" 0.0188810427993364 1 0 0 0 0"
 ycoef=" 0 0 1 0 0 0">
<Contour name="d004_p18" hidden="false" closed="true" simplified="true" border="1 1 0" fill="0 1 0" mode="11"
 points="52.1245 25.6103,
	52.1327 25.5863,
	52.1335 25.5803,
	52.1417 25.5563,
	52.1447 25.5503,
	52.1455 25.5473,
	52.147 25.5458,
	52.147 25.5443,
	52.1485 25.5436,
	52.1507 25.5376,
	52.1507 25.5361,
	52.1575 25.5256,
	52.162 25.5203,
	52.165 25.5173,
	52.1687 25.5128,
	52.1695 25.5113,
	52.171 25.5113,
	52.1822 25.5038,
	52.1882 25.5008,
	52.1897 25.4993,
	52.1957 25.4978,
	52.2017 25.4941,
	52.2047 25.4933,
	52.2077 25.4911,
	52.2092 25.4911,
	52.2107 25.4896,
	52.2137 25.4888,
	52.2152 25.4873,
	52.2167 25.4873,
	52.222 25.4828,
	52.2332 25.4768,
	52.234 25.4753,
	52.2355 25.4753,
	52.2385 25.4723,
	52.2617 25.4573,
	52.2715 25.4491,
	52.2775 25.4446,
	52.2782 25.4431,
	52.2797 25.4431,
	52.2835 25.4393,
	52.2895 25.4371,
	52.2925 25.4371,
	52.2985 25.4348,
	52.3225 25.4348,
	52.3345 25.4348,
	52.3405 25.4356,
	52.3435 25.4356,
	52.3495 25.4393,
	52.3533 25.4431,
	52.3548 25.4491,
	52.3548 25.4611,
	52.3518 25.4731,
	52.3495 25.4791,
	52.348 25.4821,
	52.3465 25.4836,
	52.3458 25.4866,
	52.3375 25.4986,
	52.3292 25.5083,
	52.3195 25.5181,
	52.3172 25.5196,
	52.3142 25.5226,
	52.3127 25.5248,
	52.3097 25.5278,
	52.3082 25.5308,
	52.3067 25.5316,
	52.3067 25.5331,
	52.2985 25.5451,
	52.291 25.5556,
	52.2902 25.5586,
	52.2887 25.5601,
	52.288 25.5631,
	52.2865 25.5646,
	52.282 25.5766,
	52.2797 25.5826,
	52.2782 25.5848,
	52.2782 25.5863,
	52.2715 25.5976,
	52.2662 25.6021,
	52.2632 25.6051,
	52.2617 25.6066,
	52.2602 25.6066,
	52.2505 25.6141,
	52.2385 25.6208,
	52.237 25.6223,
	52.234 25.6231,
	52.2332 25.6246,
	52.222 25.6298,
	52.219 25.6306,
	52.2175 25.6321,
	52.2145 25.6328,
	52.213 25.6343,
	52.201 25.6381,
	52.195 25.6403,
	52.192 25.6411,
	52.1905 25.6426,
	52.1785 25.6448,
	52.1545 25.6456,
	52.1425 25.6448,
	52.1395 25.6433,
	52.1365 25.6433,
	52.1305 25.6411,
	52.1275 25.6381,
	52.1245 25.6321,
	52.1245 25.6201,
	52.1245 25.6141,
	52.1245 25.6111,
	"/>
</Transform>

<Transform dim="1"
 xcoef=" 0.0188810427993364 1 0 0 0 0"
 ycoef=" 0 0 1 0 0 0">
<Contour name="d004" hidden="false" closed="true" simplified="true" border="1 1 0" fill="0 0 1" mode="11"
 points="53.3203 25.4963,
	53.3291 25.4726,
	53.3425 25.4489,
	53.3528 25.4371,
	53.3573 25.4312,
	53.3602 25.4193,
	53.3587 25.4075,
	53.3691 25.3602,
	53.3735 25.3483,
	53.3809 25.3365,
	53.3913 25.3128,
	53.4076 25.2891,
	53.4312 25.2758,
	53.4386 25.2655,
	53.4505 25.2581,
	53.4978 25.2418,
	53.5215 25.2373,
	53.5333 25.2359,
	53.5452 25.2285,
	53.5555 25.2166,
	53.5615 25.2048,
	53.5733 25.1944,
	53.5792 25.19,
	53.6266 25.1811,
	53.6384 25.1781,
	53.6502 25.1796,
	53.6562 25.1796,
	53.6591 25.1796,
	53.665 25.1841,
	53.671 25.1855,
	53.6828 25.1929,
	53.6946 25.2033,
	53.742 25.2018,
	53.7657 25.1989,
	53.7775 25.1989,
	53.8012 25.2077,
	53.813 25.2092,
	53.8367 25.2018,
	53.8426 25.1989,
	53.8456 25.1959,
	53.8574 25.1944,
	53.8693 25.1974,
	53.8811 25.2033,
	53.887 25.2048,
	53.8929 25.2092,
	53.8988 25.2107,
	53.9048 25.2166,
	53.9255 25.264,
	53.9299 25.2758,
	53.9299 25.2817,
	53.9329 25.2877,
	53.9566 25.3054,
	54.0039 25.3365,
	54.0276 25.3557,
	54.0513 25.369,
	54.0749 25.3853,
	54.0942 25.409,
	54.1253 25.4563,
	54.1356 25.48,
	54.1371 25.5037,
	54.1312 25.5155,
	54.1193 25.5274,
	54.1164 25.5333,
	54.1105 25.5392,
	54.109 25.5451,
	54.1031 25.551,
	54.1031 25.554,
	54.0942 25.5658,
	54.0883 25.5718,
	54.0749 25.5954,
	54.0424 25.6428,
	54.0409 25.6487,
	54.0379 25.6517,
	54.0365 25.6576,
	54.0291 25.6694,
	54.0187 25.6931,
	54.0187 25.6961,
	54.0157 25.699,
	53.9847 25.7937,
	53.9699 25.8411,
	53.9595 25.8884,
	53.958 25.8944,
	53.9625 25.918,
	53.964 25.9299,
	53.9595 25.9417,
	53.9506 25.9535,
	53.8559 25.9757,
	53.8441 25.9802,
	53.8204 25.9846,
	53.7967 25.9965,
	53.7849 25.9979,
	53.7612 25.9935,
	53.7139 25.9772,
	53.6665 25.958,
	53.6547 25.9521,
	53.631 25.9447,
	53.6251 25.9432,
	53.6014 25.9225,
	53.5792 25.8988,
	53.5718 25.887,
	53.5481 25.8766,
	53.5422 25.8736,
	53.5304 25.8722,
	53.5185 25.8751,
	53.5082 25.887,
	53.5023 25.8929,
	53.5008 25.8988,
	53.4964 25.9047,
	53.4964 25.9077,
	53.4771 25.9313,
	53.4653 25.9402,
	53.4594 25.9432,
	53.4357 25.9417,
	53.4238 25.9387,
	53.4209 25.9387,
	53.415 25.9343,
	53.4031 25.9299,
	53.3928 25.918,
	53.3913 25.8944,
	53.3928 25.8825,
	53.3972 25.8707,
	53.3987 25.8648,
	53.4031 25.8588,
	53.4194 25.8115,
	53.4209 25.7878,
	53.4179 25.776,
	53.3957 25.7286,
	53.3957 25.7257,
	53.3928 25.7227,
	53.3898 25.7109,
	53.3868 25.7049,
	53.3854 25.6931,
	53.3647 25.6458,
	53.3602 25.6398,
	53.3513 25.6162,
	53.3484 25.6132,
	53.3469 25.6073,
	53.3425 25.6014,
	53.3351 25.5777,
	53.3351 25.5658,
	53.3306 25.554,
	53.3291 25.5422,
	53.3217 25.5185,
	53.3203 25.5067,
	53.3203 25.5007,
	53.3203 25.4978,
	"/>
<Contour name="d004_i05_o26" hidden="false" closed="true" simplified="true" border="1 1 0" fill="0 0 1" mode="11"
 points="53.3203 25.4963,
	53.3291 25.4726,
	53.3425 25.4489,
	53.3528 25.4371,
	53.3573 25.4312,
	53.3602 25.4193,
	53.3587 25.4075,
	53.3691 25.3602,
	53.3735 25.3483,
	53.3809 25.3365,
	53.3913 25.3128,
	53.4076 25.2891,
	53.4312 25.2758,
	53.4386 25.2655,
	53.4505 25.2581,
	53.4978 25.2418,
	53.5215 25.2373,
	53.5333 25.2359,
	53.5452 25.2285,
	53.5555 25.2166,
	53.5615 25.2048,
	53.5733 25.1944,
	53.5792 25.19,
	53.6266 25.1811,
	53.6384 25.1781,
	53.6502 25.1796,
	53.6562 25.1796,
	53.6591 25.1796,
	53.665 25.1841,
	53.671 25.1855,
	53.6828 25.1929,
	53.6946 25.2033,
	53.742 25.2018,
	53.7657 25.1989,
	53.7775 25.1989,
	53.8012 25.2077,
	53.813 25.2092,
	53.8367 25.2018,
	53.8426 25.1989,
	53.8456 25.1959,
	53.8574 25.1944,
	53.8693 25.1974,
	53.8811 25.2033,
	53.887 25.2048,
	53.8929 25.2092,
	53.8988 25.2107,
	53.9048 25.2166,
	53.9255 25.264,
	53.9299 25.2758,
	53.9299 25.2817,
	53.9329 25.2877,
	53.9566 25.3054,
	54.0039 25.3365,
	54.0276 25.3557,
	54.0513 25.369,
	54.0749 25.3853,
	54.0942 25.409,
	54.1253 25.4563,
	54.1356 25.48,
	54.1371 25.5037,
	54.1312 25.5155,
	54.1193 25.5274,
	54.1164 25.5333,
	54.1105 25.5392,
	54.109 25.5451,
	54.1031 25.551,
	54.1031 25.554,
	54.0942 25.5658,
	54.0883 25.5718,
	54.0749 25.5954,
	54.0424 25.6428,
	54.0409 25.6487,
	54.0379 25.6517,
	54.0365 25.6576,
	54.0291 25.6694,
	54.0187 25.6931,
	54.0187 25.6961,
	54.0157 25.699,
	53.9847 25.7937,
	53.9699 25.8411,
	53.9595 25.8884,
	53.958 25.8944,
	53.9625 25.918,
	53.964 25.9299,
	53.9595 25.9417,
	53.9506 25.9535,
	53.8559 25.9757,
	53.8441 25.9802,
	53.8204 25.9846,
	53.7967 25.9965,
	53.7849 25.9979,
	53.7612 25.9935,
	53.7139 25.9772,
	53.6665 25.958,
	53.6547 25.9521,
	53.631 25.9447,
	53.6251 25.9432,
	53.6014 25.9225,
	53.5792 25.8988,
	53.5718 25.887,
	53.5481 25.8766,
	53.5422 25.8736,
	53.5304 25.8722,
	53.5185 25.8751,
	53.5082 25.887,
	53.5023 25.8929,
	53.5008 25.8988,
	53.4964 25.9047,
	53.4964 25.9077,
	53.4771 25.9313,
	53.4653 25.9402,
	53.4594 25.9432,
	53.4357 25.9417,
	53.4238 25.9387,
	53.4209 25.9387,
	53.415 25.9343,
	53.4031 25.9299,
	53.3928 25.918,
	53.3913 25.8944,
	53.3928 25.8825,
	53.3972 25.8707,
	53.3987 25.8648,
	53.4031 25.8588,
	53.4194 25.8115,
	53.4209 25.7878,
	53.4179 25.776,
	53.3957 25.7286,
	53.3957 25.7257,
	53.3928 25.7227,
	53.3898 25.7109,
	53.3868 25.7049,
	53.3854 25.6931,
	53.3647 25.6458,
	53.3602 25.6398,
	53.3513 25.6162,
	53.3484 25.6132,
	53.3469 25.6073,
	53.3425 25.6014,
	53.3351 25.5777,
	53.3351 25.5658,
	53.3306 25.554,
	53.3291 25.5422,
	53.3217 25.5185,
	53.3203 25.5067,
	53.3203 25.5007,
	53.3203 25.4978,
	"/>
<Contour name="d004_i05_o25" hidden="false" closed="true" simplified="true" border="1 1 0" fill="0 0 1" mode="11"
 points="53.3203 25.4963,
	53.3291 25.4726,
	53.3425 25.4489,
	53.3528 25.4371,
	53.3573 25.4312,
	53.3602 25.4193,
	53.3587 25.4075,
	53.3691 25.3602,
	53.3735 25.3483,
	53.3809 25.3365,
	53.3913 25.3128,
	53.4076 25.2891,
	53.4312 25.2758,
	53.4386 25.2655,
	53.4505 25.2581,
	53.4978 25.2418,
	53.5215 25.2373,
	53.5333 25.2359,
	53.5452 25.2285,
	53.5555 25.2166,
	53.5615 25.2048,
	53.5733 25.1944,
	53.5792 25.19,
	53.6266 25.1811,
	53.6384 25.1781,
	53.6502 25.1796,
	53.6562 25.1796,
	53.6591 25.1796,
	53.665 25.1841,
	53.671 25.1855,
	53.6828 25.1929,
	53.6946 25.2033,
	53.742 25.2018,
	53.7657 25.1989,
	53.7775 25.1989,
	53.8012 25.2077,
	53.813 25.2092,
	53.8367 25.2018,
	53.8426 25.1989,
	53.8456 25.1959,
	53.8574 25.1944,
	53.8693 25.1974,
	53.8811 25.2033,
	53.887 25.2048,
	53.8929 25.2092,
	53.8988 25.2107,
	53.9048 25.2166,
	53.9255 25.264,
	53.9299 25.2758,
	53.9299 25.2817,
	53.9329 25.2877,
	53.9566 25.3054,
	54.0039 25.3365,
	54.0276 25.3557,
	54.0513 25.369,
	54.0749 25.3853,
	54.0942 25.409,
	54.1253 25.4563,
	54.1356 25.48,
	54.1371 25.5037,
	54.1312 25.5155,
	54.1193 25.5274,
	54.1164 25.5333,
	54.1105 25.5392,
	54.109 25.5451,
	54.1031 25.551,
	54.1031 25.554,
	54.0942 25.5658,
	54.0883 25.5718,
	54.0749 25.5954,
	54.0424 25.6428,
	54.0409 25.6487,
	54.0379 25.6517,
	54.0365 25.6576,
	54.0291 25.6694,
	54.0187 25.6931,
	54.0187 25.6961,
	54.0157 25.699,
	53.9847 25.7937,
	53.9699 25.8411,
	53.9595 25.8884,
	53.958 25.8944,
	53.9625 25.918,
	53.964 25.9299,
	53.9595 25.9417,
	53.9506 25.9535,
	53.8559 25.9757,
	53.8441 25.9802,
	53.8204 25.9846,
	53.7967 25.9965,
	53.7849 25.9979,
	53.7612 25.9935,
	53.7139 25.9772,
	53.6665 25.958,
	53.6547 25.9521,
	53.631 25.9447,
	53.6251 25.9432,
	53.6014 25.9225,
	53.5792 25.8988,
	53.5718 25.887,
	53.5481 25.8766,
	53.5422 25.8736,
	53.5304 25.8722,
	53.5185 25.8751,
	53.5082 25.887,
	53.5023 25.8929,
	53.5008 25.8988,
	53.4964 25.9047,
	53.4964 25.9077,
	53.4771 25.9313,
	53.4653 25.9402,
	53.4594 25.9432,
	53.4357 25.9417,
	53.4238 25.9387,
	53.4209 25.9387,
	53.415 25.9343,
	53.4031 25.9299,
	53.3928 25.918,
	53.3913 25.8944,
	53.3928 25.8825,
	53.3972 25.8707,
	53.3987 25.8648,
	53.4031 25.8588,
	53.4194 25.8115,
	53.4209 25.7878,
	53.4179 25.776,
	53.3957 25.7286,
	53.3957 25.7257,
	53.3928 25.7227,
	53.3898 25.7109,
	53.3868 25.7049,
	53.3854 25.6931,
	53.3647 25.6458,
	53.3602 25.6398,
	53.3513 25.6162,
	53.3484 25.6132,
	53.3469 25.6073,
	53.3425 25.6014,
	53.3351 25.5777,
	53.3351 25.5658,
	53.3306 25.554,
	53.3291 25.5422,
	53.3217 25.5185,
	53.3203 25.5067,
	53.3203 25.5007,
	53.3203 25.4978,
	"/>
<Contour name="d004_i05_o24" hidden="false" closed="true" simplified="true" border="1 1 0" fill="0 0 1" mode="11"
 points="53.3203 25.4963,
	53.3291 25.4726,
	53.3425 25.4489,
	53.3528 25.4371,
	53.3573 25.4312,
	53.3602 25.4193,
	53.3587 25.4075,
	53.3691 25.3602,
	53.3735 25.3483,
	53.3809 25.3365,
	53.3913 25.3128,
	53.4076 25.2891,
	53.4312 25.2758,
	53.4386 25.2655,
	53.4505 25.2581,
	53.4978 25.2418,
	53.5215 25.2373,
	53.5333 25.2359,
	53.5452 25.2285,
	53.5555 25.2166,
	53.5615 25.2048,
	53.5733 25.1944,
	53.5792 25.19,
	53.6266 25.1811,
	53.6384 25.1781,
	53.6502 25.1796,
	53.6562 25.1796,
	53.6591 25.1796,
	53.665 25.1841,
	53.671 25.1855,
	53.6828 25.1929,
	53.6946 25.2033,
	53.742 25.2018,
	53.7657 25.1989,
	53.7775 25.1989,
	53.8012 25.2077,
	53.813 25.2092,
	53.8367 25.2018,
	53.8426 25.1989,
	53.8456 25.1959,
	53.8574 25.1944,
	53.8693 25.1974,
	53.8811 25.2033,
	53.887 25.2048,
	53.8929 25.2092,
	53.8988 25.2107,
	53.9048 25.2166,
	53.9255 25.264,
	53.9299 25.2758,
	53.9299 25.2817,
	53.9329 25.2877,
	53.9566 25.3054,
	54.0039 25.3365,
	54.0276 25.3557,
	54.0513 25.369,
	54.0749 25.3853,
	54.0942 25.409,
	54.1253 25.4563,
	54.1356 25.48,
	54.1371 25.5037,
	54.1312 25.5155,
	54.1193 25.5274,
	54.1164 25.5333,
	54.1105 25.5392,
	54.109 25.5451,
	54.1031 25.551,
	54.1031 25.554,
	54.0942 25.5658,
	54.0883 25.5718,
	54.0749 25.5954,
	54.0424 25.6428,
	54.0409 25.6487,
	54.0379 25.6517,
	54.0365 25.6576,
	54.0291 25.6694,
	54.0187 25.6931,
	54.0187 25.6961,
	54.0157 25.699,
	53.9847 25.7937,
	53.9699 25.8411,
	53.9595 25.8884,
	53.958 25.8944,
	53.9625 25.918,
	53.964 25.9299,
	53.9595 25.9417,
	53.9506 25.9535,
	53.8559 25.9757,
	53.8441 25.9802,
	53.8204 25.9846,
	53.7967 25.9965,
	53.7849 25.9979,
	53.7612 25.9935,
	53.7139 25.9772,
	53.6665 25.958,
	53.6547 25.9521,
	53.631 25.9447,
	53.6251 25.9432,
	53.6014 25.9225,
	53.5792 25.8988,
	53.5718 25.887,
	53.5481 25.8766,
	53.5422 25.8736,
	53.5304 25.8722,
	53.5185 25.8751,
	53.5082 25.887,
	53.5023 25.8929,
	53.5008 25.8988,
	53.4964 25.9047,
	53.4964 25.9077,
	53.4771 25.9313,
	53.4653 25.9402,
	53.4594 25.9432,
	53.4357 25.9417,
	53.4238 25.9387,
	53.4209 25.9387,
	53.415 25.9343,
	53.4031 25.9299,
	53.3928 25.918,
	53.3913 25.8944,
	53.3928 25.8825,
	53.3972 25.8707,
	53.3987 25.8648,
	53.4031 25.8588,
	53.4194 25.8115,
	53.4209 25.7878,
	53.4179 25.776,
	53.3957 25.7286,
	53.3957 25.7257,
	53.3928 25.7227,
	53.3898 25.7109,
	53.3868 25.7049,
	53.3854 25.6931,
	53.3647 25.6458,
	53.3602 25.6398,
	53.3513 25.6162,
	53.3484 25.6132,
	53.3469 25.6073,
	53.3425 25.6014,
	53.3351 25.5777,
	53.3351 25.5658,
	53.3306 25.554,
	53.3291 25.5422,
	53.3217 25.5185,
	53.3203 25.5067,
	53.3203 25.5007,
	53.3203 25.4978,
	"/>
<Contour name="d004_i05_o23" hidden="false" closed="true" simplified="true" border="1 1 0" fill="0 0 1" mode="11"
 points="53.3203 25.4963,
	53.3291 25.4726,
	53.3425 25.4489,
	53.3528 25.4371,
	53.3573 25.4312,
	53.3602 25.4193,
	53.3587 25.4075,
	53.3691 25.3602,
	53.3735 25.3483,
	53.3809 25.3365,
	53.3913 25.3128,
	53.4076 25.2891,
	53.4312 25.2758,
	53.4386 25.2655,
	53.4505 25.2581,
	53.4978 25.2418,
	53.5215 25.2373,
	53.5333 25.2359,
	53.5452 25.2285,
	53.5555 25.2166,
	53.5615 25.2048,
	53.5733 25.1944,
	53.5792 25.19,
	53.6266 25.1811,
	53.6384 25.1781,
	53.6502 25.1796,
	53.6562 25.1796,
	53.6591 25.1796,
	53.665 25.1841,
	53.671 25.1855,
	53.6828 25.1929,
	53.6946 25.2033,
	53.742 25.2018,
	53.7657 25.1989,
	53.7775 25.1989,
	53.8012 25.2077,
	53.813 25.2092,
	53.8367 25.2018,
	53.8426 25.1989,
	53.8456 25.1959,
	53.8574 25.1944,
	53.8693 25.1974,
	53.8811 25.2033,
	53.887 25.2048,
	53.8929 25.2092,
	53.8988 25.2107,
	53.9048 25.2166,
	53.9255 25.264,
	53.9299 25.2758,
	53.9299 25.2817,
	53.9329 25.2877,
	53.9566 25.3054,
	54.0039 25.3365,
	54.0276 25.3557,
	54.0513 25.369,
	54.0749 25.3853,
	54.0942 25.409,
	54.1253 25.4563,
	54.1356 25.48,
	54.1371 25.5037,
	54.1312 25.5155,
	54.1193 25.5274,
	54.1164 25.5333,
	54.1105 25.5392,
	54.109 25.5451,
	54.1031 25.551,
	54.1031 25.554,
	54.0942 25.5658,
	54.0883 25.5718,
	54.0749 25.5954,
	54.0424 25.6428,
	54.0409 25.6487,
	54.0379 25.6517,
	54.0365 25.6576,
	54.0291 25.6694,
	54.0187 25.6931,
	54.0187 25.6961,
	54.0157 25.699,
	53.9847 25.7937,
	53.9699 25.8411,
	53.9595 25.8884,
	53.958 25.8944,
	53.9625 25.918,
	53.964 25.9299,
	53.9595 25.9417,
	53.9506 25.9535,
	53.8559 25.9757,
	53.8441 25.9802,
	53.8204 25.9846,
	53.7967 25.9965,
	53.7849 25.9979,
	53.7612 25.9935,
	53.7139 25.9772,
	53.6665 25.958,
	53.6547 25.9521,
	53.631 25.9447,
	53.6251 25.9432,
	53.6014 25.9225,
	53.5792 25.8988,
	53.5718 25.887,
	53.5481 25.8766,
	53.5422 25.8736,
	53.5304 25.8722,
	53.5185 25.8751,
	53.5082 25.887,
	53.5023 25.8929,
	53.5008 25.8988,
	53.4964 25.9047,
	53.4964 25.9077,
	53.4771 25.9313,
	53.4653 25.9402,
	53.4594 25.9432,
	53.4357 25.9417,
	53.4238 25.9387,
	53.4209 25.9387,
	53.415 25.9343,
	53.4031 25.9299,
	53.3928 25.918,
	53.3913 25.8944,
	53.3928 25.8825,
	53.3972 25.8707,
	53.3987 25.8648,
	53.4031 25.8588,
	53.4194 25.8115,
	53.4209 25.7878,
	53.4179 25.776,
	53.3957 25.7286,
	53.3957 25.7257,
	53.3928 25.7227,
	53.3898 25.7109,
	53.3868 25.7049,
	53.3854 25.6931,
	53.3647 25.6458,
	53.3602 25.6398,
	53.3513 25.6162,
	53.3484 25.6132,
	53.3469 25.6073,
	53.3425 25.6014,
	53.3351 25.5777,
	53.3351 25.5658,
	53.3306 25.554,
	53.3291 25.5422,
	53.3217 25.5185,
	53.3203 25.5067,
	53.3203 25.5007,
	53.3203 25.4978,
	"/>
<Contour name="d004_i05_o22" hidden="false" closed="true" simplified="true" border="1 1 0" fill="0 0 1" mode="11"
 points="53.3203 25.4963,
	53.3291 25.4726,
	53.3425 25.4489,
	53.3528 25.4371,
	53.3573 25.4312,
	53.3602 25.4193,
	53.3587 25.4075,
	53.3691 25.3602,
	53.3735 25.3483,
	53.3809 25.3365,
	53.3913 25.3128,
	53.4076 25.2891,
	53.4312 25.2758,
	53.4386 25.2655,
	53.4505 25.2581,
	53.4978 25.2418,
	53.5215 25.2373,
	53.5333 25.2359,
	53.5452 25.2285,
	53.5555 25.2166,
	53.5615 25.2048,
	53.5733 25.1944,
	53.5792 25.19,
	53.6266 25.1811,
	53.6384 25.1781,
	53.6502 25.1796,
	53.6562 25.1796,
	53.6591 25.1796,
	53.665 25.1841,
	53.671 25.1855,
	53.6828 25.1929,
	53.6946 25.2033,
	53.742 25.2018,
	53.7657 25.1989,
	53.7775 25.1989,
	53.8012 25.2077,
	53.813 25.2092,
	53.8367 25.2018,
	53.8426 25.1989,
	53.8456 25.1959,
	53.8574 25.1944,
	53.8693 25.1974,
	53.8811 25.2033,
	53.887 25.2048,
	53.8929 25.2092,
	53.8988 25.2107,
	53.9048 25.2166,
	53.9255 25.264,
	53.9299 25.2758,
	53.9299 25.2817,
	53.9329 25.2877,
	53.9566 25.3054,
	54.0039 25.3365,
	54.0276 25.3557,
	54.0513 25.369,
	54.0749 25.3853,
	54.0942 25.409,
	54.1253 25.4563,
	54.1356 25.48,
	54.1371 25.5037,
	54.1312 25.5155,
	54.1193 25.5274,
	54.1164 25.5333,
	54.1105 25.5392,
	54.109 25.5451,
	54.1031 25.551,
	54.1031 25.554,
	54.0942 25.5658,
	54.0883 25.5718,
	54.0749 25.5954,
	54.0424 25.6428,
	54.0409 25.6487,
	54.0379 25.6517,
	54.0365 25.6576,
	54.0291 25.6694,
	54.0187 25.6931,
	54.0187 25.6961,
	54.0157 25.699,
	53.9847 25.7937,
	53.9699 25.8411,
	53.9595 25.8884,
	53.958 25.8944,
	53.9625 25.918,
	53.964 25.9299,
	53.9595 25.9417,
	53.9506 25.9535,
	53.8559 25.9757,
	53.8441 25.9802,
	53.8204 25.9846,
	53.7967 25.9965,
	53.7849 25.9979,
	53.7612 25.9935,
	53.7139 25.9772,
	53.6665 25.958,
	53.6547 25.9521,
	53.631 25.9447,
	53.6251 25.9432,
	53.6014 25.9225,
	53.5792 25.8988,
	53.5718 25.887,
	53.5481 25.8766,
	53.5422 25.8736,
	53.5304 25.8722,
	53.5185 25.8751,
	53.5082 25.887,
	53.5023 25.8929,
	53.5008 25.8988,
	53.4964 25.9047,
	53.4964 25.9077,
	53.4771 25.9313,
	53.4653 25.9402,
	53.4594 25.9432,
	53.4357 25.9417,
	53.4238 25.9387,
	53.4209 25.9387,
	53.415 25.9343,
	53.4031 25.9299,
	53.3928 25.918,
	53.3913 25.8944,
	53.3928 25.8825,
	53.3972 25.8707,
	53.3987 25.8648,
	53.4031 25.8588,
	53.4194 25.8115,
	53.4209 25.7878,
	53.4179 25.776,
	53.3957 25.7286,
	53.3957 25.7257,
	53.3928 25.7227,
	53.3898 25.7109,
	53.3868 25.7049,
	53.3854 25.6931,
	53.3647 25.6458,
	53.3602 25.6398,
	53.3513 25.6162,
	53.3484 25.6132,
	53.3469 25.6073,
	53.3425 25.6014,
	53.3351 25.5777,
	53.3351 25.5658,
	53.3306 25.554,
	53.3291 25.5422,
	53.3217 25.5185,
	53.3203 25.5067,
	53.3203 25.5007,
	53.3203 25.4978,
	"/>
<Contour name="d004_i05_o21" hidden="false" closed="true" simplified="true" border="1 1 0" fill="0 0 1" mode="11"
 points="53.3203 25.4963,
	53.3291 25.4726,
	53.3425 25.4489,
	53.3528 25.4371,
	53.3573 25.4312,
	53.3602 25.4193,
	53.3587 25.4075,
	53.3691 25.3602,
	53.3735 25.3483,
	53.3809 25.3365,
	53.3913 25.3128,
	53.4076 25.2891,
	53.4312 25.2758,
	53.4386 25.2655,
	53.4505 25.2581,
	53.4978 25.2418,
	53.5215 25.2373,
	53.5333 25.2359,
	53.5452 25.2285,
	53.5555 25.2166,
	53.5615 25.2048,
	53.5733 25.1944,
	53.5792 25.19,
	53.6266 25.1811,
	53.6384 25.1781,
	53.6502 25.1796,
	53.6562 25.1796,
	53.6591 25.1796,
	53.665 25.1841,
	53.671 25.1855,
	53.6828 25.1929,
	53.6946 25.2033,
	53.742 25.2018,
	53.7657 25.1989,
	53.7775 25.1989,
	53.8012 25.2077,
	53.813 25.2092,
	53.8367 25.2018,
	53.8426 25.1989,
	53.8456 25.1959,
	53.8574 25.1944,
	53.8693 25.1974,
	53.8811 25.2033,
	53.887 25.2048,
	53.8929 25.2092,
	53.8988 25.2107,
	53.9048 25.2166,
	53.9255 25.264,
	53.9299 25.2758,
	53.9299 25.2817,
	53.9329 25.2877,
	53.9566 25.3054,
	54.0039 25.3365,
	54.0276 25.3557,
	54.0513 25.369,
	54.0749 25.3853,
	54.0942 25.409,
	54.1253 25.4563,
	54.1356 25.48,
	54.1371 25.5037,
	54.1312 25.5155,
	54.1193 25.5274,
	54.1164 25.5333,
	54.1105 25.5392,
	54.109 25.5451,
	54.1031 25.551,
	54.1031 25.554,
	54.0942 25.5658,
	54.0883 25.5718,
	54.0749 25.5954,
	54.0424 25.6428,
	54.0409 25.6487,
	54.0379 25.6517,
	54.0365 25.6576,
	54.0291 25.6694,
	54.0187 25.6931,
	54.0187 25.6961,
	54.0157 25.699,
	53.9847 25.7937,
	53.9699 25.8411,
	53.9595 25.8884,
	53.958 25.8944,
	53.9625 25.918,
	53.964 25.9299,
	53.9595 25.9417,
	53.9506 25.9535,
	53.8559 25.9757,
	53.8441 25.9802,
	53.8204 25.9846,
	53.7967 25.9965,
	53.7849 25.9979,
	53.7612 25.9935,
	53.7139 25.9772,
	53.6665 25.958,
	53.6547 25.9521,
	53.631 25.9447,
	53.6251 25.9432,
	53.6014 25.9225,
	53.5792 25.8988,
	53.5718 25.887,
	53.5481 25.8766,
	53.5422 25.8736,
	53.5304 25.8722,
	53.5185 25.8751,
	53.5082 25.887,
	53.5023 25.8929,
	53.5008 25.8988,
	53.4964 25.9047,
	53.4964 25.9077,
	53.4771 25.9313,
	53.4653 25.9402,
	53.4594 25.9432,
	53.4357 25.9417,
	53.4238 25.9387,
	53.4209 25.9387,
	53.415 25.9343,
	53.4031 25.9299,
	53.3928 25.918,
	53.3913 25.8944,
	53.3928 25.8825,
	53.3972 25.8707,
	53.3987 25.8648,
	53.4031 25.8588,
	53.4194 25.8115,
	53.4209 25.7878,
	53.4179 25.776,
	53.3957 25.7286,
	53.3957 25.7257,
	53.3928 25.7227,
	53.3898 25.7109,
	53.3868 25.7049,
	53.3854 25.6931,
	53.3647 25.6458,
	53.3602 25.6398,
	53.3513 25.6162,
	53.3484 25.6132,
	53.3469 25.6073,
	53.3425 25.6014,
	53.3351 25.5777,
	53.3351 25.5658,
	53.3306 25.554,
	53.3291 25.5422,
	53.3217 25.5185,
	53.3203 25.5067,
	53.3203 25.5007,
	53.3203 25.4978,
	"/>
<Contour name="d004_i05_o20" hidden="false" closed="true" simplified="true" border="1 1 0" fill="0 0 1" mode="11"
 points="53.3203 25.4963,
	53.3291 25.4726,
	53.3425 25.4489,
	53.3528 25.4371,
	53.3573 25.4312,
	53.3602 25.4193,
	53.3587 25.4075,
	53.3691 25.3602,
	53.3735 25.3483,
	53.3809 25.3365,
	53.3913 25.3128,
	53.4076 25.2891,
	53.4312 25.2758,
	53.4386 25.2655,
	53.4505 25.2581,
	53.4978 25.2418,
	53.5215 25.2373,
	53.5333 25.2359,
	53.5452 25.2285,
	53.5555 25.2166,
	53.5615 25.2048,
	53.5733 25.1944,
	53.5792 25.19,
	53.6266 25.1811,
	53.6384 25.1781,
	53.6502 25.1796,
	53.6562 25.1796,
	53.6591 25.1796,
	53.665 25.1841,
	53.671 25.1855,
	53.6828 25.1929,
	53.6946 25.2033,
	53.742 25.2018,
	53.7657 25.1989,
	53.7775 25.1989,
	53.8012 25.2077,
	53.813 25.2092,
	53.8367 25.2018,
	53.8426 25.1989,
	53.8456 25.1959,
	53.8574 25.1944,
	53.8693 25.1974,
	53.8811 25.2033,
	53.887 25.2048,
	53.8929 25.2092,
	53.8988 25.2107,
	53.9048 25.2166,
	53.9255 25.264,
	53.9299 25.2758,
	53.9299 25.2817,
	53.9329 25.2877,
	53.9566 25.3054,
	54.0039 25.3365,
	54.0276 25.3557,
	54.0513 25.369,
	54.0749 25.3853,
	54.0942 25.409,
	54.1253 25.4563,
	54.1356 25.48,
	54.1371 25.5037,
	54.1312 25.5155,
	54.1193 25.5274,
	54.1164 25.5333,
	54.1105 25.5392,
	54.109 25.5451,
	54.1031 25.551,
	54.1031 25.554,
	54.0942 25.5658,
	54.0883 25.5718,
	54.0749 25.5954,
	54.0424 25.6428,
	54.0409 25.6487,
	54.0379 25.6517,
	54.0365 25.6576,
	54.0291 25.6694,
	54.0187 25.6931,
	54.0187 25.6961,
	54.0157 25.699,
	53.9847 25.7937,
	53.9699 25.8411,
	53.9595 25.8884,
	53.958 25.8944,
	53.9625 25.918,
	53.964 25.9299,
	53.9595 25.9417,
	53.9506 25.9535,
	53.8559 25.9757,
	53.8441 25.9802,
	53.8204 25.9846,
	53.7967 25.9965,
	53.7849 25.9979,
	53.7612 25.9935,
	53.7139 25.9772,
	53.6665 25.958,
	53.6547 25.9521,
	53.631 25.9447,
	53.6251 25.9432,
	53.6014 25.9225,
	53.5792 25.8988,
	53.5718 25.887,
	53.5481 25.8766,
	53.5422 25.8736,
	53.5304 25.8722,
	53.5185 25.8751,
	53.5082 25.887,
	53.5023 25.8929,
	53.5008 25.8988,
	53.4964 25.9047,
	53.4964 25.9077,
	53.4771 25.9313,
	53.4653 25.9402,
	53.4594 25.9432,
	53.4357 25.9417,
	53.4238 25.9387,
	53.4209 25.9387,
	53.415 25.9343,
	53.4031 25.9299,
	53.3928 25.918,
	53.3913 25.8944,
	53.3928 25.8825,
	53.3972 25.8707,
	53.3987 25.8648,
	53.4031 25.8588,
	53.4194 25.8115,
	53.4209 25.7878,
	53.4179 25.776,
	53.3957 25.7286,
	53.3957 25.7257,
	53.3928 25.7227,
	53.3898 25.7109,
	53.3868 25.7049,
	53.3854 25.6931,
	53.3647 25.6458,
	53.3602 25.6398,
	53.3513 25.6162,
	53.3484 25.6132,
	53.3469 25.6073,
	53.3425 25.6014,
	53.3351 25.5777,
	53.3351 25.5658,
	53.3306 25.554,
	53.3291 25.5422,
	53.3217 25.5185,
	53.3203 25.5067,
	53.3203 25.5007,
	53.3203 25.4978,
	"/>
<Contour name="d004_i05_o19" hidden="false" closed="true" simplified="true" border="1 1 0" fill="0 0 1" mode="11"
 points="53.3203 25.4963,
	53.3291 25.4726,
	53.3425 25.4489,
	53.3528 25.4371,
	53.3573 25.4312,
	53.3602 25.4193,
	53.3587 25.4075,
	53.3691 25.3602,
	53.3735 25.3483,
	53.3809 25.3365,
	53.3913 25.3128,
	53.4076 25.2891,
	53.4312 25.2758,
	53.4386 25.2655,
	53.4505 25.2581,
	53.4978 25.2418,
	53.5215 25.2373,
	53.5333 25.2359,
	53.5452 25.2285,
	53.5555 25.2166,
	53.5615 25.2048,
	53.5733 25.1944,
	53.5792 25.19,
	53.6266 25.1811,
	53.6384 25.1781,
	53.6502 25.1796,
	53.6562 25.1796,
	53.6591 25.1796,
	53.665 25.1841,
	53.671 25.1855,
	53.6828 25.1929,
	53.6946 25.2033,
	53.742 25.2018,
	53.7657 25.1989,
	53.7775 25.1989,
	53.8012 25.2077,
	53.813 25.2092,
	53.8367 25.2018,
	53.8426 25.1989,
	53.8456 25.1959,
	53.8574 25.1944,
	53.8693 25.1974,
	53.8811 25.2033,
	53.887 25.2048,
	53.8929 25.2092,
	53.8988 25.2107,
	53.9048 25.2166,
	53.9255 25.264,
	53.9299 25.2758,
	53.9299 25.2817,
	53.9329 25.2877,
	53.9566 25.3054,
	54.0039 25.3365,
	54.0276 25.3557,
	54.0513 25.369,
	54.0749 25.3853,
	54.0942 25.409,
	54.1253 25.4563,
	54.1356 25.48,
	54.1371 25.5037,
	54.1312 25.5155,
	54.1193 25.5274,
	54.1164 25.5333,
	54.1105 25.5392,
	54.109 25.5451,
	54.1031 25.551,
	54.1031 25.554,
	54.0942 25.5658,
	54.0883 25.5718,
	54.0749 25.5954,
	54.0424 25.6428,
	54.0409 25.6487,
	54.0379 25.6517,
	54.0365 25.6576,
	54.0291 25.6694,
	54.0187 25.6931,
	54.0187 25.6961,
	54.0157 25.699,
	53.9847 25.7937,
	53.9699 25.8411,
	53.9595 25.8884,
	53.958 25.8944,
	53.9625 25.918,
	53.964 25.9299,
	53.9595 25.9417,
	53.9506 25.9535,
	53.8559 25.9757,
	53.8441 25.9802,
	53.8204 25.9846,
	53.7967 25.9965,
	53.7849 25.9979,
	53.7612 25.9935,
	53.7139 25.9772,
	53.6665 25.958,
	53.6547 25.9521,
	53.631 25.9447,
	53.6251 25.9432,
	53.6014 25.9225,
	53.5792 25.8988,
	53.5718 25.887,
	53.5481 25.8766,
	53.5422 25.8736,
	53.5304 25.8722,
	53.5185 25.8751,
	53.5082 25.887,
	53.5023 25.8929,
	53.5008 25.8988,
	53.4964 25.9047,
	53.4964 25.9077,
	53.4771 25.9313,
	53.4653 25.9402,
	53.4594 25.9432,
	53.4357 25.9417,
	53.4238 25.9387,
	53.4209 25.9387,
	53.415 25.9343,
	53.4031 25.9299,
	53.3928 25.918,
	53.3913 25.8944,
	53.3928 25.8825,
	53.3972 25.8707,
	53.3987 25.8648,
	53.4031 25.8588,
	53.4194 25.8115,
	53.4209 25.7878,
	53.4179 25.776,
	53.3957 25.7286,
	53.3957 25.7257,
	53.3928 25.7227,
	53.3898 25.7109,
	53.3868 25.7049,
	53.3854 25.6931,
	53.3647 25.6458,
	53.3602 25.6398,
	53.3513 25.6162,
	53.3484 25.6132,
	53.3469 25.6073,
	53.3425 25.6014,
	53.3351 25.5777,
	53.3351 25.5658,
	53.3306 25.554,
	53.3291 25.5422,
	53.3217 25.5185,
	53.3203 25.5067,
	53.3203 25.5007,
	53.3203 25.4978,
	"/>
<Contour name="d004_i05_o18" hidden="false" closed="true" simplified="true" border="1 1 0" fill="0 0 1" mode="11"
 points="53.3203 25.4963,
	53.3291 25.4726,
	53.3425 25.4489,
	53.3528 25.4371,
	53.3573 25.4312,
	53.3602 25.4193,
	53.3587 25.4075,
	53.3691 25.3602,
	53.3735 25.3483,
	53.3809 25.3365,
	53.3913 25.3128,
	53.4076 25.2891,
	53.4312 25.2758,
	53.4386 25.2655,
	53.4505 25.2581,
	53.4978 25.2418,
	53.5215 25.2373,
	53.5333 25.2359,
	53.5452 25.2285,
	53.5555 25.2166,
	53.5615 25.2048,
	53.5733 25.1944,
	53.5792 25.19,
	53.6266 25.1811,
	53.6384 25.1781,
	53.6502 25.1796,
	53.6562 25.1796,
	53.6591 25.1796,
	53.665 25.1841,
	53.671 25.1855,
	53.6828 25.1929,
	53.6946 25.2033,
	53.742 25.2018,
	53.7657 25.1989,
	53.7775 25.1989,
	53.8012 25.2077,
	53.813 25.2092,
	53.8367 25.2018,
	53.8426 25.1989,
	53.8456 25.1959,
	53.8574 25.1944,
	53.8693 25.1974,
	53.8811 25.2033,
	53.887 25.2048,
	53.8929 25.2092,
	53.8988 25.2107,
	53.9048 25.2166,
	53.9255 25.264,
	53.9299 25.2758,
	53.9299 25.2817,
	53.9329 25.2877,
	53.9566 25.3054,
	54.0039 25.3365,
	54.0276 25.3557,
	54.0513 25.369,
	54.0749 25.3853,
	54.0942 25.409,
	54.1253 25.4563,
	54.1356 25.48,
	54.1371 25.5037,
	54.1312 25.5155,
	54.1193 25.5274,
	54.1164 25.5333,
	54.1105 25.5392,
	54.109 25.5451,
	54.1031 25.551,
	54.1031 25.554,
	54.0942 25.5658,
	54.0883 25.5718,
	54.0749 25.5954,
	54.0424 25.6428,
	54.0409 25.6487,
	54.0379 25.6517,
	54.0365 25.6576,
	54.0291 25.6694,
	54.0187 25.6931,
	54.0187 25.6961,
	54.0157 25.699,
	53.9847 25.7937,
	53.9699 25.8411,
	53.9595 25.8884,
	53.958 25.8944,
	53.9625 25.918,
	53.964 25.9299,
	53.9595 25.9417,
	53.9506 25.9535,
	53.8559 25.9757,
	53.8441 25.9802,
	53.8204 25.9846,
	53.7967 25.9965,
	53.7849 25.9979,
	53.7612 25.9935,
	53.7139 25.9772,
	53.6665 25.958,
	53.6547 25.9521,
	53.631 25.9447,
	53.6251 25.9432,
	53.6014 25.9225,
	53.5792 25.8988,
	53.5718 25.887,
	53.5481 25.8766,
	53.5422 25.8736,
	53.5304 25.8722,
	53.5185 25.8751,
	53.5082 25.887,
	53.5023 25.8929,
	53.5008 25.8988,
	53.4964 25.9047,
	53.4964 25.9077,
	53.4771 25.9313,
	53.4653 25.9402,
	53.4594 25.9432,
	53.4357 25.9417,
	53.4238 25.9387,
	53.4209 25.9387,
	53.415 25.9343,
	53.4031 25.9299,
	53.3928 25.918,
	53.3913 25.8944,
	53.3928 25.8825,
	53.3972 25.8707,
	53.3987 25.8648,
	53.4031 25.8588,
	53.4194 25.8115,
	53.4209 25.7878,
	53.4179 25.776,
	53.3957 25.7286,
	53.3957 25.7257,
	53.3928 25.7227,
	53.3898 25.7109,
	53.3868 25.7049,
	53.3854 25.6931,
	53.3647 25.6458,
	53.3602 25.6398,
	53.3513 25.6162,
	53.3484 25.6132,
	53.3469 25.6073,
	53.3425 25.6014,
	53.3351 25.5777,
	53.3351 25.5658,
	53.3306 25.554,
	53.3291 25.5422,
	53.3217 25.5185,
	53.3203 25.5067,
	53.3203 25.5007,
	53.3203 25.4978,
	"/>
<Contour name="d004_i05_o17" hidden="false" closed="true" simplified="true" border="1 1 0" fill="0 0 1" mode="11"
 points="53.3203 25.4963,
	53.3291 25.4726,
	53.3425 25.4489,
	53.3528 25.4371,
	53.3573 25.4312,
	53.3602 25.4193,
	53.3587 25.4075,
	53.3691 25.3602,
	53.3735 25.3483,
	53.3809 25.3365,
	53.3913 25.3128,
	53.4076 25.2891,
	53.4312 25.2758,
	53.4386 25.2655,
	53.4505 25.2581,
	53.4978 25.2418,
	53.5215 25.2373,
	53.5333 25.2359,
	53.5452 25.2285,
	53.5555 25.2166,
	53.5615 25.2048,
	53.5733 25.1944,
	53.5792 25.19,
	53.6266 25.1811,
	53.6384 25.1781,
	53.6502 25.1796,
	53.6562 25.1796,
	53.6591 25.1796,
	53.665 25.1841,
	53.671 25.1855,
	53.6828 25.1929,
	53.6946 25.2033,
	53.742 25.2018,
	53.7657 25.1989,
	53.7775 25.1989,
	53.8012 25.2077,
	53.813 25.2092,
	53.8367 25.2018,
	53.8426 25.1989,
	53.8456 25.1959,
	53.8574 25.1944,
	53.8693 25.1974,
	53.8811 25.2033,
	53.887 25.2048,
	53.8929 25.2092,
	53.8988 25.2107,
	53.9048 25.2166,
	53.9255 25.264,
	53.9299 25.2758,
	53.9299 25.2817,
	53.9329 25.2877,
	53.9566 25.3054,
	54.0039 25.3365,
	54.0276 25.3557,
	54.0513 25.369,
	54.0749 25.3853,
	54.0942 25.409,
	54.1253 25.4563,
	54.1356 25.48,
	54.1371 25.5037,
	54.1312 25.5155,
	54.1193 25.5274,
	54.1164 25.5333,
	54.1105 25.5392,
	54.109 25.5451,
	54.1031 25.551,
	54.1031 25.554,
	54.0942 25.5658,
	54.0883 25.5718,
	54.0749 25.5954,
	54.0424 25.6428,
	54.0409 25.6487,
	54.0379 25.6517,
	54.0365 25.6576,
	54.0291 25.6694,
	54.0187 25.6931,
	54.0187 25.6961,
	54.0157 25.699,
	53.9847 25.7937,
	53.9699 25.8411,
	53.9595 25.8884,
	53.958 25.8944,
	53.9625 25.918,
	53.964 25.9299,
	53.9595 25.9417,
	53.9506 25.9535,
	53.8559 25.9757,
	53.8441 25.9802,
	53.8204 25.9846,
	53.7967 25.9965,
	53.7849 25.9979,
	53.7612 25.9935,
	53.7139 25.9772,
	53.6665 25.958,
	53.6547 25.9521,
	53.631 25.9447,
	53.6251 25.9432,
	53.6014 25.9225,
	53.5792 25.8988,
	53.5718 25.887,
	53.5481 25.8766,
	53.5422 25.8736,
	53.5304 25.8722,
	53.5185 25.8751,
	53.5082 25.887,
	53.5023 25.8929,
	53.5008 25.8988,
	53.4964 25.9047,
	53.4964 25.9077,
	53.4771 25.9313,
	53.4653 25.9402,
	53.4594 25.9432,
	53.4357 25.9417,
	53.4238 25.9387,
	53.4209 25.9387,
	53.415 25.9343,
	53.4031 25.9299,
	53.3928 25.918,
	53.3913 25.8944,
	53.3928 25.8825,
	53.3972 25.8707,
	53.3987 25.8648,
	53.4031 25.8588,
	53.4194 25.8115,
	53.4209 25.7878,
	53.4179 25.776,
	53.3957 25.7286,
	53.3957 25.7257,
	53.3928 25.7227,
	53.3898 25.7109,
	53.3868 25.7049,
	53.3854 25.6931,
	53.3647 25.6458,
	53.3602 25.6398,
	53.3513 25.6162,
	53.3484 25.6132,
	53.3469 25.6073,
	53.3425 25.6014,
	53.3351 25.5777,
	53.3351 25.5658,
	53.3306 25.554,
	53.3291 25.5422,
	53.3217 25.5185,
	53.3203 25.5067,
	53.3203 25.5007,
	53.3203 25.4978,
	"/>
<Contour name="d004_i05_o16" hidden="false" closed="true" simplified="true" border="1 1 0" fill="0 0 1" mode="11"
 points="53.3203 25.4963,
	53.3291 25.4726,
	53.3425 25.4489,
	53.3528 25.4371,
	53.3573 25.4312,
	53.3602 25.4193,
	53.3587 25.4075,
	53.3691 25.3602,
	53.3735 25.3483,
	53.3809 25.3365,
	53.3913 25.3128,
	53.4076 25.2891,
	53.4312 25.2758,
	53.4386 25.2655,
	53.4505 25.2581,
	53.4978 25.2418,
	53.5215 25.2373,
	53.5333 25.2359,
	53.5452 25.2285,
	53.5555 25.2166,
	53.5615 25.2048,
	53.5733 25.1944,
	53.5792 25.19,
	53.6266 25.1811,
	53.6384 25.1781,
	53.6502 25.1796,
	53.6562 25.1796,
	53.6591 25.1796,
	53.665 25.1841,
	53.671 25.1855,
	53.6828 25.1929,
	53.6946 25.2033,
	53.742 25.2018,
	53.7657 25.1989,
	53.7775 25.1989,
	53.8012 25.2077,
	53.813 25.2092,
	53.8367 25.2018,
	53.8426 25.1989,
	53.8456 25.1959,
	53.8574 25.1944,
	53.8693 25.1974,
	53.8811 25.2033,
	53.887 25.2048,
	53.8929 25.2092,
	53.8988 25.2107,
	53.9048 25.2166,
	53.9255 25.264,
	53.9299 25.2758,
	53.9299 25.2817,
	53.9329 25.2877,
	53.9566 25.3054,
	54.0039 25.3365,
	54.0276 25.3557,
	54.0513 25.369,
	54.0749 25.3853,
	54.0942 25.409,
	54.1253 25.4563,
	54.1356 25.48,
	54.1371 25.5037,
	54.1312 25.5155,
	54.1193 25.5274,
	54.1164 25.5333,
	54.1105 25.5392,
	54.109 25.5451,
	54.1031 25.551,
	54.1031 25.554,
	54.0942 25.5658,
	54.0883 25.5718,
	54.0749 25.5954,
	54.0424 25.6428,
	54.0409 25.6487,
	54.0379 25.6517,
	54.0365 25.6576,
	54.0291 25.6694,
	54.0187 25.6931,
	54.0187 25.6961,
	54.0157 25.699,
	53.9847 25.7937,
	53.9699 25.8411,
	53.9595 25.8884,
	53.958 25.8944,
	53.9625 25.918,
	53.964 25.9299,
	53.9595 25.9417,
	53.9506 25.9535,
	53.8559 25.9757,
	53.8441 25.9802,
	53.8204 25.9846,
	53.7967 25.9965,
	53.7849 25.9979,
	53.7612 25.9935,
	53.7139 25.9772,
	53.6665 25.958,
	53.6547 25.9521,
	53.631 25.9447,
	53.6251 25.9432,
	53.6014 25.9225,
	53.5792 25.8988,
	53.5718 25.887,
	53.5481 25.8766,
	53.5422 25.8736,
	53.5304 25.8722,
	53.5185 25.8751,
	53.5082 25.887,
	53.5023 25.8929,
	53.5008 25.8988,
	53.4964 25.9047,
	53.4964 25.9077,
	53.4771 25.9313,
	53.4653 25.9402,
	53.4594 25.9432,
	53.4357 25.9417,
	53.4238 25.9387,
	53.4209 25.9387,
	53.415 25.9343,
	53.4031 25.9299,
	53.3928 25.918,
	53.3913 25.8944,
	53.3928 25.8825,
	53.3972 25.8707,
	53.3987 25.8648,
	53.4031 25.8588,
	53.4194 25.8115,
	53.4209 25.7878,
	53.4179 25.776,
	53.3957 25.7286,
	53.3957 25.7257,
	53.3928 25.7227,
	53.3898 25.7109,
	53.3868 25.7049,
	53.3854 25.6931,
	53.3647 25.6458,
	53.3602 25.6398,
	53.3513 25.6162,
	53.3484 25.6132,
	53.3469 25.6073,
	53.3425 25.6014,
	53.3351 25.5777,
	53.3351 25.5658,
	53.3306 25.554,
	53.3291 25.5422,
	53.3217 25.5185,
	53.3203 25.5067,
	53.3203 25.5007,
	53.3203 25.4978,
	"/>
<Contour name="d004_i05_o15" hidden="false" closed="true" simplified="true" border="1 1 0" fill="0 0 1" mode="11"
 points="53.3203 25.4963,
	53.3291 25.4726,
	53.3425 25.4489,
	53.3528 25.4371,
	53.3573 25.4312,
	53.3602 25.4193,
	53.3587 25.4075,
	53.3691 25.3602,
	53.3735 25.3483,
	53.3809 25.3365,
	53.3913 25.3128,
	53.4076 25.2891,
	53.4312 25.2758,
	53.4386 25.2655,
	53.4505 25.2581,
	53.4978 25.2418,
	53.5215 25.2373,
	53.5333 25.2359,
	53.5452 25.2285,
	53.5555 25.2166,
	53.5615 25.2048,
	53.5733 25.1944,
	53.5792 25.19,
	53.6266 25.1811,
	53.6384 25.1781,
	53.6502 25.1796,
	53.6562 25.1796,
	53.6591 25.1796,
	53.665 25.1841,
	53.671 25.1855,
	53.6828 25.1929,
	53.6946 25.2033,
	53.742 25.2018,
	53.7657 25.1989,
	53.7775 25.1989,
	53.8012 25.2077,
	53.813 25.2092,
	53.8367 25.2018,
	53.8426 25.1989,
	53.8456 25.1959,
	53.8574 25.1944,
	53.8693 25.1974,
	53.8811 25.2033,
	53.887 25.2048,
	53.8929 25.2092,
	53.8988 25.2107,
	53.9048 25.2166,
	53.9255 25.264,
	53.9299 25.2758,
	53.9299 25.2817,
	53.9329 25.2877,
	53.9566 25.3054,
	54.0039 25.3365,
	54.0276 25.3557,
	54.0513 25.369,
	54.0749 25.3853,
	54.0942 25.409,
	54.1253 25.4563,
	54.1356 25.48,
	54.1371 25.5037,
	54.1312 25.5155,
	54.1193 25.5274,
	54.1164 25.5333,
	54.1105 25.5392,
	54.109 25.5451,
	54.1031 25.551,
	54.1031 25.554,
	54.0942 25.5658,
	54.0883 25.5718,
	54.0749 25.5954,
	54.0424 25.6428,
	54.0409 25.6487,
	54.0379 25.6517,
	54.0365 25.6576,
	54.0291 25.6694,
	54.0187 25.6931,
	54.0187 25.6961,
	54.0157 25.699,
	53.9847 25.7937,
	53.9699 25.8411,
	53.9595 25.8884,
	53.958 25.8944,
	53.9625 25.918,
	53.964 25.9299,
	53.9595 25.9417,
	53.9506 25.9535,
	53.8559 25.9757,
	53.8441 25.9802,
	53.8204 25.9846,
	53.7967 25.9965,
	53.7849 25.9979,
	53.7612 25.9935,
	53.7139 25.9772,
	53.6665 25.958,
	53.6547 25.9521,
	53.631 25.9447,
	53.6251 25.9432,
	53.6014 25.9225,
	53.5792 25.8988,
	53.5718 25.887,
	53.5481 25.8766,
	53.5422 25.8736,
	53.5304 25.8722,
	53.5185 25.8751,
	53.5082 25.887,
	53.5023 25.8929,
	53.5008 25.8988,
	53.4964 25.9047,
	53.4964 25.9077,
	53.4771 25.9313,
	53.4653 25.9402,
	53.4594 25.9432,
	53.4357 25.9417,
	53.4238 25.9387,
	53.4209 25.9387,
	53.415 25.9343,
	53.4031 25.9299,
	53.3928 25.918,
	53.3913 25.8944,
	53.3928 25.8825,
	53.3972 25.8707,
	53.3987 25.8648,
	53.4031 25.8588,
	53.4194 25.8115,
	53.4209 25.7878,
	53.4179 25.776,
	53.3957 25.7286,
	53.3957 25.7257,
	53.3928 25.7227,
	53.3898 25.7109,
	53.3868 25.7049,
	53.3854 25.6931,
	53.3647 25.6458,
	53.3602 25.6398,
	53.3513 25.6162,
	53.3484 25.6132,
	53.3469 25.6073,
	53.3425 25.6014,
	53.3351 25.5777,
	53.3351 25.5658,
	53.3306 25.554,
	53.3291 25.5422,
	53.3217 25.5185,
	53.3203 25.5067,
	53.3203 25.5007,
	53.3203 25.4978,
	"/>
</Transform>

<Transform dim="1"
 xcoef=" 0.0188810427993364 1 0 0 0 0"
 ycoef=" 0 0 1 0 0 0">
<Contour name="d004_cl02_syn_symm" hidden="false" closed="true" simplified="true" border="1 1 0" fill="0 0 1" mode="11"
 points="53.3203 25.4863,
	53.3291 25.4626,
	53.3425 25.4389,
	53.3528 25.4271,
	53.3573 25.4212,
	53.3602 25.4093,
	53.3587 25.3975,
	53.3691 25.3502,
	53.3735 25.3383,
	53.3809 25.3265,
	53.3913 25.3028,
	53.4076 25.2791,
	53.4312 25.2658,
	53.4386 25.2555,
	53.4505 25.2481,
	53.4978 25.2318,
	53.5215 25.2273,
	53.5333 25.2259,
	53.5452 25.2185,
	53.5555 25.2066,
	53.5615 25.1948,
	53.5733 25.1844,
	53.5792 25.18,
	53.6266 25.1711,
	53.6384 25.1681,
	53.6502 25.1696,
	53.6562 25.1696,
	53.6591 25.1696,
	53.665 25.1741,
	53.671 25.1755,
	53.6828 25.1829,
	53.6946 25.1933,
	53.742 25.1918,
	53.7657 25.1889,
	53.7775 25.1889,
	53.8012 25.1977,
	53.813 25.1992,
	53.8367 25.1918,
	53.8426 25.1889,
	53.8456 25.1859,
	53.8574 25.1844,
	53.8693 25.1874,
	53.8811 25.1933,
	53.887 25.1948,
	53.8929 25.1992,
	53.8988 25.2007,
	53.9048 25.2066,
	53.9255 25.254,
	53.9299 25.2658,
	53.9299 25.2717,
	53.9329 25.2777,
	53.9566 25.2954,
	54.0039 25.3265,
	54.0276 25.3457,
	54.0513 25.359,
	54.0749 25.3753,
	54.0942 25.399,
	54.1253 25.4463,
	54.1356 25.47,
	54.1371 25.4937,
	54.1312 25.5055,
	54.1193 25.5174,
	54.1164 25.5233,
	54.1105 25.5292,
	54.109 25.5351,
	54.1031 25.541,
	54.1031 25.544,
	54.0942 25.5558,
	54.0883 25.5618,
	54.0749 25.5854,
	54.0424 25.6328,
	54.0409 25.6387,
	54.0379 25.6417,
	54.0365 25.6476,
	54.0291 25.6594,
	54.0187 25.6831,
	54.0187 25.6861,
	54.0157 25.689,
	53.9847 25.7837,
	53.9699 25.8311,
	53.9595 25.8784,
	53.958 25.8844,
	53.9625 25.908,
	53.964 25.9199,
	53.9595 25.9317,
	53.9506 25.9435,
	53.8559 25.9657,
	53.8441 25.9702,
	53.8204 25.9746,
	53.7967 25.9865,
	53.7849 25.9879,
	53.7612 25.9835,
	53.7139 25.9672,
	53.6665 25.948,
	53.6547 25.9421,
	53.631 25.9347,
	53.6251 25.9332,
	53.6014 25.9125,
	53.5792 25.8888,
	53.5718 25.877,
	53.5481 25.8666,
	53.5422 25.8636,
	53.5304 25.8622,
	53.5185 25.8651,
	53.5082 25.877,
	53.5023 25.8829,
	53.5008 25.8888,
	53.4964 25.8947,
	53.4964 25.8977,
	53.4771 25.9213,
	53.4653 25.9302,
	53.4594 25.9332,
	53.4357 25.9317,
	53.4238 25.9287,
	53.4209 25.9287,
	53.415 25.9243,
	53.4031 25.9199,
	53.3928 25.908,
	53.3913 25.8844,
	53.3928 25.8725,
	53.3972 25.8607,
	53.3987 25.8548,
	53.4031 25.8488,
	53.4194 25.8015,
	53.4209 25.7778,
	53.4179 25.766,
	53.3957 25.7186,
	53.3957 25.7157,
	53.3928 25.7127,
	53.3898 25.7009,
	53.3868 25.6949,
	53.3854 25.6831,
	53.3647 25.6358,
	53.3602 25.6298,
	53.3513 25.6062,
	53.3484 25.6032,
	53.3469 25.5973,
	53.3425 25.5914,
	53.3351 25.5677,
	53.3351 25.5558,
	53.3306 25.544,
	53.3291 25.5322,
	53.3217 25.5085,
	53.3203 25.4967,
	53.3203 25.4907,
	53.3203 25.4878,
	"/>
</Transform>

<Transform dim="1"
 xcoef=" 0.0188810427993364 1 0 0 0 0"
 ycoef=" 0 0 1 0 0 0">
<Contour name="d004__checked_delete" hidden="false" closed="true" simplified="false" border="0 1 0" fill="0 1 0" mode="-13"
 points="53.8038 25.8689,
	53.8038 25.81,
	53.7448 25.81,
	53.7448 25.8616,
	53.7375 25.8689,
	53.7375 25.8026,
	53.8112 25.8026,
	53.8112 25.8763,
	53.7375 25.8763,
	53.7448 25.8689,
	"/>
</Transform>

<Transform dim="1"
 xcoef=" 0.0188810427993364 1 0 0 0 0"
 ycoef=" 0 0 1 0 0 0">
<Contour name="d004sa15" hidden="false" closed="true" simplified="false" border="1 0 0" fill="1 0 0" mode="11"
 points="53.1132 26.0908,
	53.1132 26.0719,
	53.1321 26.0719,
	53.1321 26.053,
	53.151 26.053,
	53.151 26.0719,
	53.1698 26.0719,
	53.1698 26.0908,
	53.151 26.0908,
	53.151 26.1096,
	53.1321 26.1096,
	53.1321 26.0908,
	"/>
</Transform>

<Transform dim="1"
 xcoef=" 0.0188810427993364 1 0 0 0 0"
 ycoef=" 0 0 1 0 0 0">
<Contour name="d004__checked_delete" hidden="false" closed="true" simplified="false" border="0 1 0" fill="0 1 0" mode="-13"
 points="53.6805 25.5385,
	53.6805 25.5156,
	53.6576 25.5156,
	53.6576 25.5356,
	53.6548 25.5385,
	53.6548 25.5128,
	53.6834 25.5128,
	53.6834 25.5413,
	53.6548 25.5413,
	53.6576 25.5385,
	"/>
</Transform>

</Section>