<?xml version="1.0"?>
<!DOCTYPE Section SYSTEM "section.dtd">

<Section index="66" thickness="0.043" alignLocked="false">
<Transform dim="1"
 xcoef=" -1.59198717682539 1 0 0 0 0"
 ycoef=" -0.370115319024621 0 1 0 0 0">
<Contour name="D001" hidden="false" closed="true" simplified="false" border="1 1 1" fill="0.501961 0 1" mode="-13"
 points="42.7774 25.1591,
	42.7774 25.1272,
	42.8093 25.1272,
	42.8093 25.0954,
	42.8411 25.0954,
	42.8411 25.1272,
	42.873 25.1272,
	42.873 25.1591,
	42.8411 25.1591,
	42.8411 25.1909,
	42.8093 25.1909,
	42.8093 25.1591,
	"/>
</Transform>

<Transform dim="1"
 xcoef=" -1.59198717682539 1 0 0 0 0"
 ycoef=" -0.370115319024621 0 1 0 0 0">
<Contour name="D002" hidden="false" closed="true" simplified="false" border="1 1 1" fill="0 0.501961 1" mode="-13"
 points="51.2845 13.7392,
	51.2845 13.7076,
	51.3161 13.7076,
	51.3161 13.676,
	51.3477 13.676,
	51.3477 13.7076,
	51.3793 13.7076,
	51.3793 13.7392,
	51.3477 13.7392,
	51.3477 13.7708,
	51.3161 13.7708,
	51.3161 13.7392,
	"/>
</Transform>

<Transform dim="1"
 xcoef=" -1.59198717682539 1 0 0 0 0"
 ycoef=" -0.370115319024621 0 1 0 0 0">
<Contour name="D003" hidden="false" closed="true" simplified="false" border="1 1 1" fill="1 0 1" mode="-13"
 points="56.764 9.32899,
	56.764 9.29036,
	56.8026 9.29036,
	56.8026 9.25174,
	56.8412 9.25174,
	56.8412 9.29036,
	56.8798 9.29036,
	56.8798 9.32899,
	56.8412 9.32899,
	56.8412 9.36761,
	56.8026 9.36761,
	56.8026 9.32899,
	"/>
</Transform>

<Transform dim="1"
 xcoef=" -1.59198717682539 1 0 0 0 0"
 ycoef=" -0.370115319024621 0 1 0 0 0">
<Contour name="D004" hidden="false" closed="true" simplified="false" border="1 1 1" fill="1 1 0" mode="-13"
 points="51.9741 25.3053,
	51.9741 25.2808,
	51.9986 25.2808,
	51.9986 25.2562,
	52.0232 25.2562,
	52.0232 25.2808,
	52.0477 25.2808,
	52.0477 25.3053,
	52.0232 25.3053,
	52.0232 25.3299,
	51.9986 25.3299,
	51.9986 25.3053,
	"/>
</Transform>

<Transform dim="1"
 xcoef=" -0.222636229489821 1 0 0 0 0"
 ycoef=" -0.0885990075165458 0 1 0 0 0">
<Contour name="axon04" hidden="false" closed="true" simplified="false" border="0 1 1" fill="0 1 1" mode="9"
 points="54.8164 24.7417,
	54.8303 24.7278,
	54.7747 24.6722,
	54.7886 24.6583,
	54.8442 24.7139,
	54.8581 24.7,
	54.8581 24.7417,
	"/>
</Transform>

<Transform dim="1"
 xcoef=" -0.222636229489821 1 0 0 0 0"
 ycoef=" -0.0885990075165458 0 1 0 0 0">
<Contour name="d001_symcand01axonstamp_delete" hidden="false" closed="true" simplified="false" border="0 1 1" fill="0 1 1" mode="9"
 points="44.2531 26.0232,
	44.2595 26.0168,
	44.2339 25.9912,
	44.2403 25.9849,
	44.2659 26.0104,
	44.2722 26.004,
	44.2722 26.0232,
	"/>
</Transform>

<Transform dim="1"
 xcoef=" -0.222636229489821 1 0 0 0 0"
 ycoef=" -0.0885990075165458 0 1 0 0 0">
<Contour name="d002_symcand02axonstamp" hidden="false" closed="true" simplified="false" border="1 0 0" fill="0 1 1" mode="9"
 points="51.7969 13.73,
	51.8101 13.7168,
	51.7572 13.6639,
	51.7704 13.6507,
	51.8233 13.7036,
	51.8366 13.6903,
	51.8366 13.73,
	"/>
</Transform>

<Transform dim="1"
 xcoef=" -0.192586636553231 1 0 0 0 0"
 ycoef=" -0.0113286256796018 0 1 0 0 0">
<Contour name="d004_o17" hidden="false" closed="true" simplified="false" border="1 0 0" fill="1 0 0" mode="-13"
 points="53.262 25.8704,
	53.2901 25.8704,
	53.276 25.8962,
	"/>
</Transform>

<Transform dim="1"
 xcoef=" -0.122586636553231 1 0 0 0 0"
 ycoef=" -0.00132862567960185 0 1 0 0 0">
<Contour name="d004_cfa14" hidden="false" closed="true" simplified="true" border="0 1 0" fill="0 1 0" mode="11"
 points="53.9903 26.4858,
	53.9946 26.4759,
	53.9946 26.4752,
	53.9956 26.474,
	53.9968 26.4693,
	53.9974 26.4681,
	53.9974 26.4675,
	53.9987 26.4662,
	53.9987 26.4656,
	54.0015 26.4613,
	54.003 26.4566,
	54.0039 26.4557,
	54.0039 26.4551,
	54.0049 26.4541,
	54.0067 26.4495,
	54.0074 26.4482,
	54.0074 26.4476,
	54.008 26.4473,
	54.008 26.4467,
	54.0111 26.4417,
	54.0129 26.4396,
	54.0139 26.4371,
	54.017 26.4327,
	54.0201 26.429,
	54.0219 26.4265,
	54.026 26.4225,
	54.03 26.4178,
	54.0334 26.4135,
	54.0353 26.411,
	54.0353 26.4104,
	54.0359 26.4101,
	54.0359 26.4095,
	54.043 26.402,
	54.044 26.4008,
	54.0446 26.4008,
	54.0486 26.3967,
	54.0492 26.3958,
	54.0505 26.3955,
	54.0514 26.3946,
	54.0517 26.3939,
	54.0524 26.3939,
	54.0527 26.3933,
	54.0533 26.3933,
	54.0555 26.3918,
	54.0561 26.3911,
	54.0567 26.3911,
	54.0586 26.3893,
	54.0592 26.3893,
	54.0598 26.3887,
	54.061 26.3884,
	54.0617 26.3877,
	54.0623 26.3877,
	54.0626 26.3871,
	54.0632 26.3871,
	54.0635 26.3865,
	54.0641 26.3865,
	54.0648 26.3859,
	54.0654 26.3859,
	54.0657 26.3853,
	54.0682 26.3843,
	54.0694 26.384,
	54.07 26.3834,
	54.0713 26.3831,
	54.0716 26.3825,
	54.0741 26.3818,
	54.079 26.3794,
	54.0797 26.3787,
	54.0809 26.3784,
	54.0815 26.3784,
	54.0818 26.3778,
	54.0843 26.3772,
	54.0868 26.3759,
	54.088 26.3759,
	54.0883 26.3753,
	54.0933 26.3744,
	54.1032 26.3735,
	54.1132 26.3731,
	54.1178 26.3722,
	54.1377 26.3707,
	54.1575 26.3707,
	54.1625 26.3716,
	54.1628 26.3722,
	54.1641 26.3722,
	54.1665 26.3731,
	54.1678 26.3735,
	54.169 26.3744,
	54.179 26.3778,
	54.1799 26.3787,
	54.1805 26.3787,
	54.1845 26.3834,
	54.1861 26.3859,
	54.1876 26.3905,
	54.1883 26.3918,
	54.1889 26.3967,
	54.1892 26.4067,
	54.1895 26.4116,
	54.1892 26.4166,
	54.1883 26.4191,
	54.1883 26.4203,
	54.1876 26.4209,
	54.1858 26.4259,
	54.1852 26.4271,
	54.1852 26.4278,
	54.1845 26.4284,
	54.1824 26.4333,
	54.1817 26.4346,
	54.1811 26.4352,
	54.179 26.4399,
	54.1783 26.4405,
	54.1783 26.4411,
	54.1774 26.442,
	54.1765 26.4445,
	54.1734 26.4495,
	54.1709 26.4541,
	54.1696 26.4554,
	54.1693 26.4566,
	54.1659 26.461,
	54.1644 26.4634,
	54.1622 26.4659,
	54.1606 26.4678,
	54.1513 26.4762,
	54.1467 26.4808,
	54.1448 26.4824,
	54.1426 26.4849,
	54.1386 26.4883,
	54.1309 26.4976,
	54.1225 26.5056,
	54.1188 26.5097,
	54.1169 26.5112,
	54.1135 26.5153,
	54.1122 26.5165,
	54.1079 26.5199,
	54.1029 26.524,
	54.102 26.5249,
	54.1014 26.5249,
	54.1001 26.5261,
	54.098 26.5277,
	54.0967 26.5289,
	54.0927 26.532,
	54.0905 26.5336,
	54.0893 26.5345,
	54.088 26.5348,
	54.0859 26.5364,
	54.0846 26.5367,
	54.084 26.5373,
	54.0815 26.5382,
	54.0803 26.5385,
	54.0797 26.5392,
	54.0747 26.5404,
	54.0738 26.541,
	54.0713 26.5413,
	54.07 26.5413,
	54.0688 26.5419,
	54.0589 26.5429,
	54.0489 26.5429,
	54.039 26.5407,
	54.0384 26.5407,
	54.0378 26.5401,
	54.0365 26.5401,
	54.0344 26.5388,
	54.0319 26.5382,
	54.0294 26.537,
	54.0269 26.5364,
	54.026 26.5354,
	54.021 26.5333,
	54.0195 26.532,
	54.0173 26.5311,
	54.0148 26.5295,
	54.0136 26.5289,
	54.0123 26.5277,
	54.0098 26.5261,
	54.0052 26.5221,
	54.0012 26.5174,
	54.0005 26.5165,
	53.9993 26.5156,
	53.9962 26.5109,
	53.9937 26.506,
	53.9918 26.501,
	53.9906 26.496,
	53.9903 26.4861,
	"/>
</Transform>

<Transform dim="1"
 xcoef=" -0.192586636553231 1 0 0 0 0"
 ycoef=" -0.0113286256796018 0 1 0 0 0">
<Contour name="d004_c14" hidden="false" closed="true" simplified="true" border="1 0 0" fill="0 1 0" mode="11"
 points="53.8873 26.4396,
	53.889 26.4264,
	53.8923 26.4198,
	53.8973 26.4131,
	53.903 26.4082,
	53.9055 26.4049,
	53.9072 26.4041,
	53.908 26.4007,
	53.9105 26.3983,
	53.9105 26.3966,
	53.9196 26.3867,
	53.9311 26.376,
	53.9361 26.3718,
	53.9369 26.3702,
	53.9435 26.3677,
	53.9551 26.3586,
	53.9568 26.357,
	53.9584 26.357,
	53.9592 26.3553,
	53.9658 26.3528,
	53.9791 26.3454,
	53.9923 26.3413,
	53.9939 26.3396,
	54.0006 26.3379,
	54.0039 26.3363,
	54.0072 26.3363,
	54.0105 26.3346,
	54.0138 26.3346,
	54.0154 26.333,
	54.0419 26.3297,
	54.0948 26.3289,
	54.1014 26.3305,
	54.1047 26.3305,
	54.108 26.333,
	54.1138 26.3346,
	54.1262 26.3421,
	54.1328 26.3462,
	54.1394 26.3528,
	54.1419 26.3553,
	54.1427 26.3586,
	54.1427 26.3603,
	54.1443 26.3619,
	54.1452 26.3652,
	54.1468 26.3669,
	54.1476 26.3702,
	54.1493 26.3718,
	54.1518 26.385,
	54.1534 26.3917,
	54.1526 26.4445,
	54.1526 26.4512,
	54.1518 26.4545,
	54.1501 26.4561,
	54.1501 26.4594,
	54.1476 26.466,
	54.1468 26.4693,
	54.1468 26.471,
	54.1452 26.4726,
	54.1435 26.4793,
	54.1361 26.4925,
	54.127 26.504,
	54.1229 26.5098,
	54.1196 26.5123,
	54.1154 26.5173,
	54.1129 26.5206,
	54.1129 26.5222,
	54.108 26.5272,
	54.1047 26.5297,
	54.1039 26.533,
	54.0989 26.5388,
	54.0964 26.5404,
	54.0906 26.5462,
	54.0873 26.5495,
	54.0857 26.5495,
	54.0799 26.5545,
	54.0667 26.5602,
	54.0601 26.5627,
	54.0534 26.5635,
	54.0518 26.5652,
	54.0452 26.5652,
	54.032 26.5677,
	53.9791 26.5677,
	53.9725 26.5668,
	53.9716 26.5652,
	53.9683 26.5652,
	53.9667 26.5652,
	53.965 26.5635,
	53.9518 26.5602,
	53.9262 26.5503,
	53.9196 26.5454,
	53.9171 26.5421,
	53.9154 26.5404,
	53.9154 26.5388,
	53.9063 26.5297,
	53.8973 26.5164,
	53.8923 26.5032,
	53.8923 26.4999,
	53.8898 26.4933,
	53.8873 26.4801,
	53.8873 26.4536,
	53.8873 26.4404,
	"/>
</Transform>

<Transform dim="1"
 xcoef=" -0.192586636553231 1 0 0 0 0"
 ycoef=" -0.0113286256796018 0 1 0 0 0">
<Contour name="d004_cfa16" hidden="false" closed="false" simplified="false" border="0 1 0" fill="0 1 0" mode="11"
 points="54.1032 24.886,
	54.0746 24.8963,
	53.9963 24.938,
	53.959 24.9607,
	53.9224 24.9871,
	53.8748 25.0317,
	53.8579 25.0566,
	"/>
</Transform>

<Transform dim="1"
 xcoef=" -0.192586636553231 1 0 0 0 0"
 ycoef=" -0.0113286256796018 0 1 0 0 0">
<Contour name="d004_c16" hidden="false" closed="true" simplified="true" border="1 0 0" fill="0 1 0" mode="11"
 points="53.838 25.0143,
	53.8404 25.0079,
	53.8412 25.0055,
	53.8452 24.9999,
	53.8476 24.9975,
	53.8476 24.9959,
	53.8516 24.9912,
	53.854 24.9896,
	53.8596 24.984,
	53.8627 24.9816,
	53.8635 24.98,
	53.8651 24.98,
	53.8771 24.9712,
	53.8779 24.9696,
	53.8811 24.9688,
	53.8843 24.9664,
	53.8859 24.9664,
	53.8922 24.9625,
	53.8954 24.9609,
	53.8986 24.9609,
	53.9002 24.9609,
	53.9034 24.9585,
	53.9098 24.9585,
	53.9114 24.9569,
	53.9146 24.9561,
	53.9202 24.9521,
	53.9233 24.9505,
	53.9241 24.9489,
	53.9257 24.9489,
	53.9385 24.9417,
	53.9417 24.9409,
	53.9425 24.9393,
	53.9481 24.9369,
	53.9512 24.9361,
	53.9568 24.9322,
	53.9584 24.9322,
	53.9624 24.9298,
	53.9688 24.9274,
	53.9712 24.9266,
	53.972 24.925,
	53.9752 24.9242,
	53.9871 24.917,
	53.9895 24.9154,
	53.9927 24.9154,
	53.9959 24.9138,
	53.9991 24.9138,
	54.0047 24.9098,
	54.0063 24.9098,
	54.0079 24.9082,
	54.0589 24.8883,
	54.0716 24.8843,
	54.0748 24.8819,
	54.0876 24.8779,
	54.0908 24.8763,
	54.0972 24.8763,
	54.1003 24.8763,
	54.1067 24.8803,
	54.1099 24.8827,
	54.1139 24.8891,
	54.1163 24.8955,
	54.1203 24.9011,
	54.1227 24.9043,
	54.1243 24.9051,
	54.1243 24.9082,
	54.129 24.921,
	54.1314 24.9274,
	54.1314 24.929,
	54.133 24.9306,
	54.1354 24.9433,
	54.133 24.9497,
	54.1235 24.9601,
	54.1187 24.9656,
	54.1163 24.9672,
	54.1155 24.9688,
	54.1139 24.9688,
	54.1011 24.9808,
	54.0995 24.9808,
	54.0972 24.984,
	54.0852 24.992,
	54.0796 24.9967,
	54.0772 24.9983,
	54.0764 24.9999,
	54.0748 24.9999,
	54.0724 25.0023,
	54.0708 25.0023,
	54.0645 25.0087,
	54.0581 25.0135,
	54.0469 25.0254,
	54.0342 25.0374,
	54.0214 25.0478,
	54.0166 25.0533,
	54.0102 25.0573,
	54.0071 25.0597,
	54.0055 25.0613,
	54.0039 25.0613,
	53.9911 25.0693,
	53.9855 25.0733,
	53.9823 25.0741,
	53.9799 25.0773,
	53.9784 25.0773,
	53.9664 25.086,
	53.9632 25.0868,
	53.9504 25.0956,
	53.9489 25.0972,
	53.9473 25.0972,
	53.9417 25.102,
	53.9289 25.1068,
	53.9225 25.1076,
	53.9202 25.1092,
	53.9138 25.1092,
	53.9074 25.1076,
	53.9042 25.1076,
	53.8922 25.1004,
	53.8891 25.0996,
	53.8827 25.0948,
	53.8779 25.0892,
	53.8755 25.0876,
	53.8643 25.0757,
	53.8532 25.0653,
	53.8484 25.0597,
	53.8452 25.0541,
	53.8444 25.0478,
	53.8404 25.035,
	53.838 25.0223,
	53.838 25.0159,
	53.838 25.0151,
	"/>
</Transform>

<Transform dim="1"
 xcoef=" -1.59198717682539 1 0 0 0 0"
 ycoef=" -0.370115319024621 0 1 0 0 0">
<Image mag="0.00209248" contrast="2.40663" brightness="-0.525" red="true" green="true" blue="true"
 src="067____z66.0.tif" />
<Contour name="domain1" hidden="true" closed="true" simplified="false" border="1 0 1" fill="1 0 1" mode="11"
 points="0 0,
	35235 0,
	35235 16175,
	0 16175,
	"/>
</Transform>

<Transform dim="1"
 xcoef=" -0.192586636553231 1 0 0 0 0"
 ycoef=" -0.0113286256796018 0 1 0 0 0">
<Contour name="d004_p14" hidden="false" closed="true" simplified="true" border="1 1 0" fill="0 1 0" mode="11"
 points="53.7839 26.5468,
	53.7923 26.5171,
	53.7951 26.4874,
	53.7932 26.4725,
	53.7914 26.4651,
	53.7904 26.4353,
	53.7914 26.4205,
	53.7923 26.413,
	53.8053 26.3833,
	53.8109 26.3684,
	53.8146 26.3536,
	53.8165 26.3461,
	53.8174 26.3164,
	53.8174 26.3015,
	53.8258 26.2876,
	53.8332 26.2811,
	53.8481 26.2737,
	53.9075 26.2727,
	53.9372 26.2727,
	53.9447 26.2709,
	53.9521 26.2672,
	53.9558 26.2672,
	53.9633 26.2625,
	53.9781 26.2504,
	53.993 26.2402,
	54.0079 26.2319,
	54.0227 26.2216,
	54.0376 26.2161,
	54.0525 26.2133,
	54.0562 26.2114,
	54.0859 26.2077,
	54.1008 26.2058,
	54.1602 26.2049,
	54.1677 26.2021,
	54.1751 26.2012,
	54.2048 26.1835,
	54.2327 26.1557,
	54.2476 26.1482,
	54.2773 26.1455,
	54.2847 26.1455,
	54.2922 26.1482,
	54.2996 26.1482,
	54.3033 26.1482,
	54.3182 26.1538,
	54.3256 26.1566,
	54.333 26.1612,
	54.3479 26.1668,
	54.3776 26.1724,
	54.4371 26.177,
	54.4668 26.1798,
	54.4743 26.1826,
	54.4817 26.1873,
	54.4891 26.19,
	54.4966 26.1965,
	54.5003 26.2003,
	54.5021 26.2021,
	54.5031 26.2058,
	54.5133 26.2207,
	54.5198 26.2356,
	54.5226 26.2504,
	54.5244 26.2802,
	54.5319 26.3099,
	54.5365 26.3396,
	54.5365 26.3545,
	54.5365 26.3619,
	54.5337 26.3694,
	54.5402 26.4288,
	54.5458 26.4437,
	54.5495 26.4511,
	54.5792 26.4734,
	54.5867 26.4883,
	54.5876 26.4957,
	54.5867 26.5106,
	54.5857 26.518,
	54.5802 26.5329,
	54.5755 26.5403,
	54.5467 26.5645,
	54.5319 26.5728,
	54.517 26.5738,
	54.5021 26.5728,
	54.4724 26.5673,
	54.4575 26.5608,
	54.4427 26.5515,
	54.4352 26.5496,
	54.4278 26.545,
	54.4204 26.5431,
	54.3906 26.5431,
	54.3758 26.5431,
	54.3609 26.5468,
	54.3535 26.5515,
	54.3498 26.5524,
	54.3423 26.558,
	54.3312 26.5719,
	54.3275 26.5747,
	54.3237 26.5821,
	54.3219 26.5858,
	54.321 26.6007,
	54.3237 26.6304,
	54.321 26.6602,
	54.3191 26.675,
	54.3247 26.7048,
	54.3275 26.7196,
	54.3284 26.7345,
	54.3237 26.7494,
	54.321 26.7531,
	54.32 26.7568,
	54.3098 26.7717,
	54.3033 26.7791,
	54.2996 26.7819,
	54.2977 26.7837,
	54.294 26.7847,
	54.2791 26.7949,
	54.2643 26.8014,
	54.2568 26.8032,
	54.242 26.8097,
	54.2271 26.8135,
	54.2197 26.8181,
	54.216 26.82,
	54.2085 26.8265,
	54.2048 26.8274,
	54.1983 26.833,
	54.1909 26.8358,
	54.1835 26.8413,
	54.1686 26.8497,
	54.1612 26.8553,
	54.1314 26.8831,
	54.1035 26.9119,
	54.0738 26.9361,
	54.0664 26.9417,
	54.0515 26.9482,
	54.0441 26.9519,
	54.0144 26.9547,
	53.9995 26.9528,
	53.9921 26.9482,
	53.9781 26.9333,
	53.9707 26.9259,
	53.967 26.9185,
	53.9651 26.9036,
	53.966 26.8739,
	53.9735 26.8441,
	53.9763 26.8293,
	53.9781 26.7995,
	53.9772 26.7847,
	53.9744 26.7698,
	53.9688 26.7549,
	53.966 26.7475,
	53.9642 26.7438,
	53.9512 26.7289,
	53.9447 26.7233,
	53.9298 26.715,
	53.9001 26.7066,
	53.8926 26.7057,
	53.8889 26.7038,
	53.8741 26.701,
	53.8592 26.6945,
	53.8555 26.6927,
	53.8536 26.6908,
	53.8499 26.6899,
	53.835 26.6778,
	53.8202 26.6639,
	53.8072 26.649,
	53.8007 26.6416,
	53.7988 26.6379,
	53.7951 26.6342,
	53.7932 26.6267,
	53.7886 26.6193,
	53.7858 26.6119,
	53.7839 26.5821,
	53.7839 26.5524,
	53.7839 26.5487,
	53.7839 26.5477,
	"/>
</Transform>

<Transform dim="1"
 xcoef=" -0.192586636553231 1 0 0 0 0"
 ycoef=" -0.0113286256796018 0 1 0 0 0">
<Contour name="d004_p16" hidden="false" closed="true" simplified="true" border="1 1 0" fill="0 1 0" mode="11"
 points="53.7701 25.035,
	53.7724 25.0224,
	53.7724 25.0161,
	53.7795 24.9909,
	53.7803 24.9877,
	53.7968 24.9633,
	53.8008 24.957,
	53.8023 24.9539,
	53.8039 24.9523,
	53.8039 24.9507,
	53.8079 24.9468,
	53.8079 24.9452,
	53.8165 24.9326,
	53.8212 24.9271,
	53.8244 24.924,
	53.826 24.9216,
	53.8378 24.9137,
	53.8409 24.9114,
	53.8441 24.9106,
	53.8456 24.909,
	53.8472 24.909,
	53.8535 24.9043,
	53.8598 24.9011,
	53.863 24.9003,
	53.8693 24.8956,
	53.8708 24.8956,
	53.8724 24.894,
	53.874 24.894,
	53.8803 24.8901,
	53.9055 24.8814,
	53.911 24.8791,
	53.9173 24.8783,
	53.9236 24.8759,
	53.9267 24.8751,
	53.9283 24.8751,
	53.9315 24.8728,
	53.9566 24.8649,
	53.9629 24.8626,
	53.9661 24.8626,
	53.9787 24.857,
	53.9913 24.8531,
	53.9944 24.8515,
	53.996 24.8515,
	53.9976 24.85,
	54.0007 24.85,
	54.0133 24.8452,
	54.0165 24.8452,
	54.0417 24.8366,
	54.0543 24.8334,
	54.0795 24.8334,
	54.0921 24.835,
	54.1172 24.8358,
	54.1298 24.8374,
	54.155 24.8381,
	54.1613 24.8397,
	54.1645 24.8405,
	54.1708 24.846,
	54.1747 24.8507,
	54.1771 24.8531,
	54.1771 24.8547,
	54.1794 24.8578,
	54.1794 24.8704,
	54.1787 24.8767,
	54.1763 24.8799,
	54.1739 24.8862,
	54.1676 24.8909,
	54.155 24.8964,
	54.1298 24.9035,
	54.1046 24.9129,
	54.1015 24.9129,
	54.0952 24.9161,
	54.0921 24.9177,
	54.0905 24.9177,
	54.0873 24.92,
	54.0858 24.92,
	54.085 24.9216,
	54.0787 24.924,
	54.0724 24.9279,
	54.0598 24.9334,
	54.0472 24.9405,
	54.022 24.9507,
	53.9976 24.968,
	53.9921 24.9728,
	53.9889 24.9743,
	53.9858 24.9775,
	53.974 24.9854,
	53.9614 24.9948,
	53.9511 25.0019,
	53.9448 25.0066,
	53.9393 25.0098,
	53.9299 25.0184,
	53.9181 25.0295,
	53.9149 25.031,
	53.8968 25.0546,
	53.8882 25.0672,
	53.8842 25.072,
	53.8787 25.0783,
	53.87 25.0885,
	53.8677 25.0916,
	53.8661 25.0924,
	53.8661 25.094,
	53.8574 25.1058,
	53.8504 25.1184,
	53.848 25.1216,
	53.8472 25.1247,
	53.8323 25.1483,
	53.8307 25.1491,
	53.8307 25.1507,
	53.826 25.1562,
	53.8197 25.1617,
	53.8189 25.1633,
	53.8063 25.1625,
	53.8008 25.157,
	53.7992 25.1562,
	53.7992 25.1546,
	53.7953 25.1483,
	53.7929 25.142,
	53.7913 25.1405,
	53.7882 25.1279,
	53.7842 25.1216,
	53.7842 25.12,
	53.7819 25.1168,
	53.7779 25.1042,
	53.7779 25.1011,
	53.774 25.0885,
	53.7732 25.0633,
	53.7724 25.0507,
	53.7701 25.0381,
	53.7701 25.0358,
	"/>
</Transform>

<Transform dim="1"
 xcoef=" -0.192586636553231 1 0 0 0 0"
 ycoef=" -0.0113286256796018 0 1 0 0 0">
<Contour name="d004_p17" hidden="false" closed="true" simplified="true" border="1 1 0" fill="0 1 0" mode="11"
 points="53.2336 25.9064,
	53.2382 25.899,
	53.2401 25.8971,
	53.2475 25.8971,
	53.2512 25.8971,
	53.2549 25.8953,
	53.2846 25.8934,
	53.2995 25.8925,
	53.3069 25.8925,
	53.3366 25.8823,
	53.3403 25.8814,
	53.3421 25.8795,
	53.3496 25.8786,
	53.3533 25.8767,
	53.3607 25.8776,
	53.3607 25.8851,
	53.3561 25.8999,
	53.3533 25.9148,
	53.3542 25.9296,
	53.357 25.937,
	53.3579 25.9407,
	53.3598 25.9426,
	53.3598 25.9445,
	53.3616 25.9463,
	53.3616 25.9482,
	53.3746 25.963,
	53.3895 25.9742,
	53.4043 25.9825,
	53.408 25.9844,
	53.4117 25.9881,
	53.4136 25.9881,
	53.4154 25.9899,
	53.4173 25.9899,
	53.4312 26.0048,
	53.4368 26.0113,
	53.4396 26.015,
	53.4414 26.0168,
	53.4424 26.0206,
	53.4451 26.0243,
	53.4461 26.0317,
	53.4451 26.0391,
	53.4451 26.0428,
	53.4396 26.0503,
	53.4359 26.053,
	53.421 26.0521,
	53.4173 26.0503,
	53.4154 26.0484,
	53.4136 26.0484,
	53.3987 26.0354,
	53.395 26.0317,
	53.3802 26.0215,
	53.3728 26.0159,
	53.3588 26.0076,
	53.3514 26.0039,
	53.3217 25.9992,
	53.3069 25.9946,
	53.3004 25.9909,
	53.2865 25.9788,
	53.28 25.9714,
	53.2753 25.9639,
	53.2735 25.9621,
	53.2735 25.9602,
	53.2642 25.9454,
	53.2595 25.938,
	53.2558 25.9343,
	53.2456 25.9194,
	53.2391 25.912,
	53.2363 25.9083,
	53.2345 25.9073,
	"/>
</Transform>

<Transform dim="1"
 xcoef=" -0.192586636553231 1 0 0 0 0"
 ycoef=" -0.0113286256796018 0 1 0 0 0">
<Contour name="d004_p18" hidden="false" closed="true" simplified="true" border="1 1 0" fill="0 1 0" mode="11"
 points="52.6665 25.4339,
	52.668 25.4281,
	52.6687 25.4166,
	52.6701 25.4137,
	52.6701 25.4108,
	52.6723 25.4051,
	52.6737 25.4036,
	52.6737 25.4022,
	52.6788 25.3971,
	52.6846 25.3935,
	52.6874 25.3928,
	52.6882 25.3914,
	52.7105 25.3813,
	52.7119 25.3813,
	52.7134 25.3798,
	52.7148 25.3798,
	52.7177 25.3777,
	52.7191 25.3777,
	52.722 25.3755,
	52.7278 25.3734,
	52.7307 25.3719,
	52.7321 25.3719,
	52.7429 25.364,
	52.7523 25.3561,
	52.7551 25.3554,
	52.7566 25.3546,
	52.758 25.3554,
	52.7487 25.3784,
	52.7443 25.3899,
	52.7422 25.3957,
	52.74 25.3986,
	52.735 25.4094,
	52.7285 25.4202,
	52.7285 25.4231,
	52.7263 25.4259,
	52.7256 25.4288,
	52.7184 25.4396,
	52.717 25.4411,
	52.717 25.4425,
	52.7134 25.4483,
	52.7112 25.4512,
	52.7112 25.4526,
	52.7033 25.4627,
	52.7033 25.4641,
	52.7011 25.467,
	52.6997 25.4685,
	52.6997 25.4699,
	52.6918 25.48,
	52.6903 25.4814,
	52.6903 25.4829,
	52.6882 25.4857,
	52.6882 25.4872,
	52.681 25.498,
	52.6802 25.4994,
	52.6773 25.4994,
	52.6752 25.4973,
	52.6745 25.4857,
	52.673 25.48,
	52.673 25.4742,
	52.6709 25.4627,
	52.6694 25.4569,
	52.6694 25.454,
	52.6673 25.4483,
	52.6665 25.4368,
	52.6665 25.4346,
	"/>
</Transform>

<Transform dim="1"
 xcoef=" -0.192586636553231 1 0 0 0 0"
 ycoef=" -0.0113286256796018 0 1 0 0 0">
<Contour name="d004_p18" hidden="false" closed="true" simplified="true" border="1 1 0" fill="0 1 0" mode="11"
 points="52.3281 25.2281,
	52.33 25.2229,
	52.3333 25.2177,
	52.3352 25.2151,
	52.3359 25.2138,
	52.3372 25.2138,
	52.3391 25.2119,
	52.3495 25.2112,
	52.3547 25.2125,
	52.3599 25.2125,
	52.3702 25.2158,
	52.3728 25.2177,
	52.3832 25.2222,
	52.3936 25.2287,
	52.3988 25.2313,
	52.4182 25.2462,
	52.4202 25.2475,
	52.4208 25.2488,
	52.4221 25.2488,
	52.4312 25.2566,
	52.4364 25.2592,
	52.439 25.2611,
	52.4403 25.2611,
	52.4429 25.2631,
	52.4481 25.265,
	52.4493 25.2663,
	52.4506 25.2663,
	52.4532 25.2683,
	52.4733 25.2761,
	52.4837 25.2799,
	52.4863 25.2819,
	52.4876 25.2819,
	52.4902 25.2838,
	52.5109 25.2929,
	52.5122 25.2942,
	52.5135 25.2942,
	52.5161 25.2962,
	52.5168 25.2975,
	52.5181 25.2975,
	52.5213 25.302,
	52.5226 25.3046,
	52.5239 25.3059,
	52.5246 25.3085,
	52.5259 25.3098,
	52.5343 25.3305,
	52.5349 25.3331,
	52.5349 25.3344,
	52.5362 25.3357,
	52.5362 25.3383,
	52.5375 25.3409,
	52.5375 25.3435,
	52.5414 25.3539,
	52.5447 25.3591,
	52.5466 25.361,
	52.5466 25.3623,
	52.5505 25.3675,
	52.5583 25.3746,
	52.5674 25.3817,
	52.5725 25.385,
	52.5738 25.3863,
	52.5764 25.3869,
	52.5777 25.3882,
	52.5985 25.3967,
	52.6011 25.3973,
	52.6024 25.3986,
	52.605 25.3986,
	52.6076 25.4006,
	52.6127 25.4018,
	52.6179 25.4051,
	52.6205 25.407,
	52.6218 25.407,
	52.6238 25.409,
	52.6251 25.4096,
	52.6251 25.4109,
	52.627 25.4122,
	52.629 25.4148,
	52.6296 25.42,
	52.6277 25.4252,
	52.6225 25.4291,
	52.6212 25.4291,
	52.6186 25.431,
	52.6082 25.4343,
	52.603 25.4356,
	52.5823 25.4369,
	52.5615 25.4362,
	52.5408 25.4369,
	52.5304 25.4369,
	52.5252 25.4369,
	52.52 25.4382,
	52.5096 25.4388,
	52.5045 25.4401,
	52.5019 25.4401,
	52.4967 25.4421,
	52.4941 25.4433,
	52.4928 25.4433,
	52.4824 25.4492,
	52.4811 25.4505,
	52.4707 25.4544,
	52.4656 25.4563,
	52.4552 25.4563,
	52.45 25.4563,
	52.4474 25.455,
	52.4422 25.455,
	52.437 25.4537,
	52.4344 25.4531,
	52.4299 25.4492,
	52.4273 25.4479,
	52.4221 25.4427,
	52.4189 25.4382,
	52.4176 25.4356,
	52.4163 25.4349,
	52.4143 25.4297,
	52.4078 25.42,
	52.4072 25.4174,
	52.4059 25.4161,
	52.4059 25.4148,
	52.404 25.4122,
	52.4014 25.4018,
	52.4007 25.3993,
	52.3988 25.3967,
	52.3988 25.3941,
	52.3968 25.3889,
	52.3968 25.3863,
	52.3955 25.3837,
	52.3955 25.3811,
	52.3916 25.3707,
	52.3897 25.3604,
	52.3839 25.3396,
	52.3806 25.3292,
	52.38 25.3266,
	52.3767 25.3214,
	52.3761 25.3189,
	52.3748 25.3176,
	52.3748 25.3163,
	52.3728 25.3137,
	52.3728 25.3124,
	52.3657 25.3026,
	52.3605 25.2936,
	52.3573 25.2884,
	52.3553 25.2871,
	52.3553 25.2858,
	52.3527 25.2838,
	52.3385 25.2644,
	52.3352 25.2592,
	52.3339 25.2566,
	52.3326 25.2553,
	52.3307 25.2501,
	52.3294 25.2488,
	52.3281 25.2436,
	52.3281 25.2333,
	52.3281 25.2287,
	"/>
</Transform>

<Transform dim="1"
 xcoef=" -0.192586636553231 1 0 0 0 0"
 ycoef=" -0.0113286256796018 0 1 0 0 0">
<Contour name="d004_p21" hidden="false" closed="true" simplified="true" border="1 1 0" fill="0 1 0" mode="11"
 points="51.7895 25.8778,
	51.7918 25.8716,
	51.7956 25.8655,
	51.7979 25.8624,
	51.7979 25.8608,
	51.8026 25.8547,
	51.8149 25.8477,
	51.818 25.8462,
	51.8426 25.8408,
	51.8549 25.8354,
	51.8673 25.8269,
	51.8734 25.8231,
	51.885 25.8131,
	51.8912 25.8077,
	51.8935 25.8061,
	51.9058 25.7953,
	51.9181 25.7861,
	51.9304 25.7784,
	51.9428 25.7692,
	51.9543 25.7576,
	51.9636 25.7453,
	51.9651 25.7422,
	51.9651 25.7407,
	51.9844 25.716,
	51.9959 25.706,
	51.9975 25.7044,
	51.9982 25.7014,
	51.9982 25.6998,
	52.009 25.6875,
	52.0206 25.6775,
	52.0452 25.6752,
	52.0576 25.6744,
	52.0822 25.679,
	52.0884 25.6806,
	52.113 25.6821,
	52.1192 25.6829,
	52.1223 25.6829,
	52.1284 25.686,
	52.1315 25.6875,
	52.1438 25.699,
	52.1469 25.7021,
	52.1485 25.7083,
	52.1492 25.7206,
	52.1454 25.7329,
	52.1392 25.7453,
	52.1223 25.7699,
	52.1184 25.7761,
	52.0776 25.8254,
	52.0637 25.85,
	52.0606 25.8562,
	52.0591 25.8593,
	52.0475 25.8716,
	52.0422 25.8778,
	52.0298 25.8878,
	52.0237 25.8924,
	52.0113 25.8986,
	51.962 25.9309,
	51.9497 25.9363,
	51.9374 25.9379,
	51.9343 25.9386,
	51.9281 25.9363,
	51.9035 25.9217,
	51.8912 25.9148,
	51.885 25.9117,
	51.8727 25.9078,
	51.8234 25.9055,
	51.811 25.9047,
	51.8049 25.904,
	51.7925 25.8955,
	51.7918 25.8893,
	51.7918 25.8878,
	51.7895 25.8847,
	51.7895 25.8786,
	"/>
</Transform>

<Transform dim="1"
 xcoef=" -0.192586636553231 1 0 0 0 0"
 ycoef=" -0.0113286256796018 0 1 0 0 0">
<Contour name="d004" hidden="false" closed="true" simplified="true" border="1 1 0" fill="0 0 1" mode="11"
 points="52.6544 25.5599,
	52.6618 25.5363,
	52.6647 25.5244,
	52.6662 25.5185,
	52.6706 25.5126,
	52.6766 25.4889,
	52.681 25.4771,
	52.6825 25.4711,
	52.6869 25.4652,
	52.6884 25.4593,
	52.7032 25.4371,
	52.7121 25.4253,
	52.7121 25.4223,
	52.715 25.4193,
	52.715 25.4164,
	52.718 25.4149,
	52.7269 25.3912,
	52.7298 25.3883,
	52.7298 25.3853,
	52.7328 25.3824,
	52.7328 25.3794,
	52.7358 25.3779,
	52.7372 25.372,
	52.7713 25.3291,
	52.7816 25.3172,
	52.792 25.3098,
	52.7979 25.3054,
	52.8038 25.3039,
	52.8142 25.2965,
	52.8171 25.2965,
	52.8201 25.2936,
	52.8319 25.2921,
	52.8556 25.295,
	52.903 25.3113,
	52.9503 25.3202,
	52.9622 25.3202,
	52.9858 25.3158,
	53.0095 25.3084,
	53.0332 25.3039,
	53.045 25.301,
	53.0687 25.3024,
	53.0702 25.3054,
	53.082 25.3069,
	53.1294 25.3202,
	53.1353 25.3202,
	53.1412 25.3232,
	53.1649 25.3276,
	53.1886 25.3365,
	53.2004 25.3394,
	53.2063 25.3439,
	53.2537 25.3631,
	53.2655 25.3676,
	53.3129 25.369,
	53.3247 25.369,
	53.3365 25.372,
	53.3839 25.372,
	53.4076 25.372,
	53.4312 25.375,
	53.4431 25.3764,
	53.449 25.3764,
	53.4549 25.3794,
	53.4786 25.3838,
	53.5023 25.3853,
	53.5259 25.3942,
	53.5289 25.3942,
	53.5319 25.3972,
	53.5437 25.4001,
	53.5555 25.406,
	53.5674 25.409,
	53.5733 25.412,
	53.5763 25.4149,
	53.5822 25.4164,
	53.6059 25.4312,
	53.6162 25.4401,
	53.634 25.4637,
	53.6458 25.4874,
	53.6547 25.5111,
	53.6591 25.5348,
	53.6576 25.5821,
	53.6532 25.6058,
	53.6488 25.6176,
	53.6473 25.6236,
	53.6428 25.6295,
	53.6384 25.6413,
	53.634 25.6458,
	53.634 25.6487,
	53.6177 25.6724,
	53.6118 25.6827,
	53.594 25.7064,
	53.5718 25.7197,
	53.5511 25.736,
	53.5348 25.7582,
	53.5259 25.7701,
	53.523 25.776,
	53.4993 25.7952,
	53.4875 25.8011,
	53.4816 25.8041,
	53.4786 25.807,
	53.4756 25.807,
	53.452 25.8233,
	53.4283 25.8337,
	53.4253 25.8366,
	53.4224 25.8366,
	53.3765 25.8662,
	53.3647 25.8766,
	53.3558 25.887,
	53.3499 25.8914,
	53.3262 25.8988,
	53.2788 25.9062,
	53.2552 25.9106,
	53.2433 25.9106,
	53.2374 25.9077,
	53.2344 25.9077,
	53.2315 25.9047,
	53.2196 25.9018,
	53.196 25.9032,
	53.1841 25.9062,
	53.1782 25.9062,
	53.1309 25.9225,
	53.119 25.921,
	53.1131 25.921,
	53.1013 25.9166,
	53.0894 25.9092,
	53.085 25.9032,
	53.0391 25.8722,
	53.0376 25.8692,
	53.0347 25.8692,
	53.0228 25.8618,
	53.0199 25.8588,
	53.0169 25.8588,
	53.0066 25.8514,
	52.9947 25.847,
	52.9888 25.8426,
	52.9829 25.8411,
	52.9622 25.8248,
	52.94 25.8011,
	52.9296 25.7893,
	52.9074 25.773,
	52.9044 25.773,
	52.8985 25.7686,
	52.8926 25.7671,
	52.8867 25.7627,
	52.8808 25.7612,
	52.8793 25.7582,
	52.8763 25.7582,
	52.8734 25.7553,
	52.8704 25.7553,
	52.8689 25.7523,
	52.8453 25.7419,
	52.8334 25.7375,
	52.8275 25.7331,
	52.8038 25.7227,
	52.792 25.7153,
	52.7683 25.7064,
	52.7653 25.7035,
	52.7417 25.6946,
	52.721 25.6783,
	52.7106 25.6665,
	52.7032 25.6561,
	52.6825 25.6339,
	52.6647 25.6102,
	52.6573 25.5984,
	52.6573 25.5954,
	52.6544 25.5925,
	52.6544 25.5688,
	52.6544 25.5629,
	52.6544 25.5614,
	"/>
<Contour name="d004_i05_o26" hidden="false" closed="true" simplified="true" border="1 1 0" fill="0 0 1" mode="11"
 points="52.6544 25.5599,
	52.6618 25.5363,
	52.6647 25.5244,
	52.6662 25.5185,
	52.6706 25.5126,
	52.6766 25.4889,
	52.681 25.4771,
	52.6825 25.4711,
	52.6869 25.4652,
	52.6884 25.4593,
	52.7032 25.4371,
	52.7121 25.4253,
	52.7121 25.4223,
	52.715 25.4193,
	52.715 25.4164,
	52.718 25.4149,
	52.7269 25.3912,
	52.7298 25.3883,
	52.7298 25.3853,
	52.7328 25.3824,
	52.7328 25.3794,
	52.7358 25.3779,
	52.7372 25.372,
	52.7713 25.3291,
	52.7816 25.3172,
	52.792 25.3098,
	52.7979 25.3054,
	52.8038 25.3039,
	52.8142 25.2965,
	52.8171 25.2965,
	52.8201 25.2936,
	52.8319 25.2921,
	52.8556 25.295,
	52.903 25.3113,
	52.9503 25.3202,
	52.9622 25.3202,
	52.9858 25.3158,
	53.0095 25.3084,
	53.0332 25.3039,
	53.045 25.301,
	53.0687 25.3024,
	53.0702 25.3054,
	53.082 25.3069,
	53.1294 25.3202,
	53.1353 25.3202,
	53.1412 25.3232,
	53.1649 25.3276,
	53.1886 25.3365,
	53.2004 25.3394,
	53.2063 25.3439,
	53.2537 25.3631,
	53.2655 25.3676,
	53.3129 25.369,
	53.3247 25.369,
	53.3365 25.372,
	53.3839 25.372,
	53.4076 25.372,
	53.4312 25.375,
	53.4431 25.3764,
	53.449 25.3764,
	53.4549 25.3794,
	53.4786 25.3838,
	53.5023 25.3853,
	53.5259 25.3942,
	53.5289 25.3942,
	53.5319 25.3972,
	53.5437 25.4001,
	53.5555 25.406,
	53.5674 25.409,
	53.5733 25.412,
	53.5763 25.4149,
	53.5822 25.4164,
	53.6059 25.4312,
	53.6162 25.4401,
	53.634 25.4637,
	53.6458 25.4874,
	53.6547 25.5111,
	53.6591 25.5348,
	53.6576 25.5821,
	53.6532 25.6058,
	53.6488 25.6176,
	53.6473 25.6236,
	53.6428 25.6295,
	53.6384 25.6413,
	53.634 25.6458,
	53.634 25.6487,
	53.6177 25.6724,
	53.6118 25.6827,
	53.594 25.7064,
	53.5718 25.7197,
	53.5511 25.736,
	53.5348 25.7582,
	53.5259 25.7701,
	53.523 25.776,
	53.4993 25.7952,
	53.4875 25.8011,
	53.4816 25.8041,
	53.4786 25.807,
	53.4756 25.807,
	53.452 25.8233,
	53.4283 25.8337,
	53.4253 25.8366,
	53.4224 25.8366,
	53.3765 25.8662,
	53.3647 25.8766,
	53.3558 25.887,
	53.3499 25.8914,
	53.3262 25.8988,
	53.2788 25.9062,
	53.2552 25.9106,
	53.2433 25.9106,
	53.2374 25.9077,
	53.2344 25.9077,
	53.2315 25.9047,
	53.2196 25.9018,
	53.196 25.9032,
	53.1841 25.9062,
	53.1782 25.9062,
	53.1309 25.9225,
	53.119 25.921,
	53.1131 25.921,
	53.1013 25.9166,
	53.0894 25.9092,
	53.085 25.9032,
	53.0391 25.8722,
	53.0376 25.8692,
	53.0347 25.8692,
	53.0228 25.8618,
	53.0199 25.8588,
	53.0169 25.8588,
	53.0066 25.8514,
	52.9947 25.847,
	52.9888 25.8426,
	52.9829 25.8411,
	52.9622 25.8248,
	52.94 25.8011,
	52.9296 25.7893,
	52.9074 25.773,
	52.9044 25.773,
	52.8985 25.7686,
	52.8926 25.7671,
	52.8867 25.7627,
	52.8808 25.7612,
	52.8793 25.7582,
	52.8763 25.7582,
	52.8734 25.7553,
	52.8704 25.7553,
	52.8689 25.7523,
	52.8453 25.7419,
	52.8334 25.7375,
	52.8275 25.7331,
	52.8038 25.7227,
	52.792 25.7153,
	52.7683 25.7064,
	52.7653 25.7035,
	52.7417 25.6946,
	52.721 25.6783,
	52.7106 25.6665,
	52.7032 25.6561,
	52.6825 25.6339,
	52.6647 25.6102,
	52.6573 25.5984,
	52.6573 25.5954,
	52.6544 25.5925,
	52.6544 25.5688,
	52.6544 25.5629,
	52.6544 25.5614,
	"/>
<Contour name="d004_i05_o25" hidden="false" closed="true" simplified="true" border="1 1 0" fill="0 0 1" mode="11"
 points="52.6544 25.5599,
	52.6618 25.5363,
	52.6647 25.5244,
	52.6662 25.5185,
	52.6706 25.5126,
	52.6766 25.4889,
	52.681 25.4771,
	52.6825 25.4711,
	52.6869 25.4652,
	52.6884 25.4593,
	52.7032 25.4371,
	52.7121 25.4253,
	52.7121 25.4223,
	52.715 25.4193,
	52.715 25.4164,
	52.718 25.4149,
	52.7269 25.3912,
	52.7298 25.3883,
	52.7298 25.3853,
	52.7328 25.3824,
	52.7328 25.3794,
	52.7358 25.3779,
	52.7372 25.372,
	52.7713 25.3291,
	52.7816 25.3172,
	52.792 25.3098,
	52.7979 25.3054,
	52.8038 25.3039,
	52.8142 25.2965,
	52.8171 25.2965,
	52.8201 25.2936,
	52.8319 25.2921,
	52.8556 25.295,
	52.903 25.3113,
	52.9503 25.3202,
	52.9622 25.3202,
	52.9858 25.3158,
	53.0095 25.3084,
	53.0332 25.3039,
	53.045 25.301,
	53.0687 25.3024,
	53.0702 25.3054,
	53.082 25.3069,
	53.1294 25.3202,
	53.1353 25.3202,
	53.1412 25.3232,
	53.1649 25.3276,
	53.1886 25.3365,
	53.2004 25.3394,
	53.2063 25.3439,
	53.2537 25.3631,
	53.2655 25.3676,
	53.3129 25.369,
	53.3247 25.369,
	53.3365 25.372,
	53.3839 25.372,
	53.4076 25.372,
	53.4312 25.375,
	53.4431 25.3764,
	53.449 25.3764,
	53.4549 25.3794,
	53.4786 25.3838,
	53.5023 25.3853,
	53.5259 25.3942,
	53.5289 25.3942,
	53.5319 25.3972,
	53.5437 25.4001,
	53.5555 25.406,
	53.5674 25.409,
	53.5733 25.412,
	53.5763 25.4149,
	53.5822 25.4164,
	53.6059 25.4312,
	53.6162 25.4401,
	53.634 25.4637,
	53.6458 25.4874,
	53.6547 25.5111,
	53.6591 25.5348,
	53.6576 25.5821,
	53.6532 25.6058,
	53.6488 25.6176,
	53.6473 25.6236,
	53.6428 25.6295,
	53.6384 25.6413,
	53.634 25.6458,
	53.634 25.6487,
	53.6177 25.6724,
	53.6118 25.6827,
	53.594 25.7064,
	53.5718 25.7197,
	53.5511 25.736,
	53.5348 25.7582,
	53.5259 25.7701,
	53.523 25.776,
	53.4993 25.7952,
	53.4875 25.8011,
	53.4816 25.8041,
	53.4786 25.807,
	53.4756 25.807,
	53.452 25.8233,
	53.4283 25.8337,
	53.4253 25.8366,
	53.4224 25.8366,
	53.3765 25.8662,
	53.3647 25.8766,
	53.3558 25.887,
	53.3499 25.8914,
	53.3262 25.8988,
	53.2788 25.9062,
	53.2552 25.9106,
	53.2433 25.9106,
	53.2374 25.9077,
	53.2344 25.9077,
	53.2315 25.9047,
	53.2196 25.9018,
	53.196 25.9032,
	53.1841 25.9062,
	53.1782 25.9062,
	53.1309 25.9225,
	53.119 25.921,
	53.1131 25.921,
	53.1013 25.9166,
	53.0894 25.9092,
	53.085 25.9032,
	53.0391 25.8722,
	53.0376 25.8692,
	53.0347 25.8692,
	53.0228 25.8618,
	53.0199 25.8588,
	53.0169 25.8588,
	53.0066 25.8514,
	52.9947 25.847,
	52.9888 25.8426,
	52.9829 25.8411,
	52.9622 25.8248,
	52.94 25.8011,
	52.9296 25.7893,
	52.9074 25.773,
	52.9044 25.773,
	52.8985 25.7686,
	52.8926 25.7671,
	52.8867 25.7627,
	52.8808 25.7612,
	52.8793 25.7582,
	52.8763 25.7582,
	52.8734 25.7553,
	52.8704 25.7553,
	52.8689 25.7523,
	52.8453 25.7419,
	52.8334 25.7375,
	52.8275 25.7331,
	52.8038 25.7227,
	52.792 25.7153,
	52.7683 25.7064,
	52.7653 25.7035,
	52.7417 25.6946,
	52.721 25.6783,
	52.7106 25.6665,
	52.7032 25.6561,
	52.6825 25.6339,
	52.6647 25.6102,
	52.6573 25.5984,
	52.6573 25.5954,
	52.6544 25.5925,
	52.6544 25.5688,
	52.6544 25.5629,
	52.6544 25.5614,
	"/>
<Contour name="d004_i05_o24" hidden="false" closed="true" simplified="true" border="1 1 0" fill="0 0 1" mode="11"
 points="52.6544 25.5599,
	52.6618 25.5363,
	52.6647 25.5244,
	52.6662 25.5185,
	52.6706 25.5126,
	52.6766 25.4889,
	52.681 25.4771,
	52.6825 25.4711,
	52.6869 25.4652,
	52.6884 25.4593,
	52.7032 25.4371,
	52.7121 25.4253,
	52.7121 25.4223,
	52.715 25.4193,
	52.715 25.4164,
	52.718 25.4149,
	52.7269 25.3912,
	52.7298 25.3883,
	52.7298 25.3853,
	52.7328 25.3824,
	52.7328 25.3794,
	52.7358 25.3779,
	52.7372 25.372,
	52.7713 25.3291,
	52.7816 25.3172,
	52.792 25.3098,
	52.7979 25.3054,
	52.8038 25.3039,
	52.8142 25.2965,
	52.8171 25.2965,
	52.8201 25.2936,
	52.8319 25.2921,
	52.8556 25.295,
	52.903 25.3113,
	52.9503 25.3202,
	52.9622 25.3202,
	52.9858 25.3158,
	53.0095 25.3084,
	53.0332 25.3039,
	53.045 25.301,
	53.0687 25.3024,
	53.0702 25.3054,
	53.082 25.3069,
	53.1294 25.3202,
	53.1353 25.3202,
	53.1412 25.3232,
	53.1649 25.3276,
	53.1886 25.3365,
	53.2004 25.3394,
	53.2063 25.3439,
	53.2537 25.3631,
	53.2655 25.3676,
	53.3129 25.369,
	53.3247 25.369,
	53.3365 25.372,
	53.3839 25.372,
	53.4076 25.372,
	53.4312 25.375,
	53.4431 25.3764,
	53.449 25.3764,
	53.4549 25.3794,
	53.4786 25.3838,
	53.5023 25.3853,
	53.5259 25.3942,
	53.5289 25.3942,
	53.5319 25.3972,
	53.5437 25.4001,
	53.5555 25.406,
	53.5674 25.409,
	53.5733 25.412,
	53.5763 25.4149,
	53.5822 25.4164,
	53.6059 25.4312,
	53.6162 25.4401,
	53.634 25.4637,
	53.6458 25.4874,
	53.6547 25.5111,
	53.6591 25.5348,
	53.6576 25.5821,
	53.6532 25.6058,
	53.6488 25.6176,
	53.6473 25.6236,
	53.6428 25.6295,
	53.6384 25.6413,
	53.634 25.6458,
	53.634 25.6487,
	53.6177 25.6724,
	53.6118 25.6827,
	53.594 25.7064,
	53.5718 25.7197,
	53.5511 25.736,
	53.5348 25.7582,
	53.5259 25.7701,
	53.523 25.776,
	53.4993 25.7952,
	53.4875 25.8011,
	53.4816 25.8041,
	53.4786 25.807,
	53.4756 25.807,
	53.452 25.8233,
	53.4283 25.8337,
	53.4253 25.8366,
	53.4224 25.8366,
	53.3765 25.8662,
	53.3647 25.8766,
	53.3558 25.887,
	53.3499 25.8914,
	53.3262 25.8988,
	53.2788 25.9062,
	53.2552 25.9106,
	53.2433 25.9106,
	53.2374 25.9077,
	53.2344 25.9077,
	53.2315 25.9047,
	53.2196 25.9018,
	53.196 25.9032,
	53.1841 25.9062,
	53.1782 25.9062,
	53.1309 25.9225,
	53.119 25.921,
	53.1131 25.921,
	53.1013 25.9166,
	53.0894 25.9092,
	53.085 25.9032,
	53.0391 25.8722,
	53.0376 25.8692,
	53.0347 25.8692,
	53.0228 25.8618,
	53.0199 25.8588,
	53.0169 25.8588,
	53.0066 25.8514,
	52.9947 25.847,
	52.9888 25.8426,
	52.9829 25.8411,
	52.9622 25.8248,
	52.94 25.8011,
	52.9296 25.7893,
	52.9074 25.773,
	52.9044 25.773,
	52.8985 25.7686,
	52.8926 25.7671,
	52.8867 25.7627,
	52.8808 25.7612,
	52.8793 25.7582,
	52.8763 25.7582,
	52.8734 25.7553,
	52.8704 25.7553,
	52.8689 25.7523,
	52.8453 25.7419,
	52.8334 25.7375,
	52.8275 25.7331,
	52.8038 25.7227,
	52.792 25.7153,
	52.7683 25.7064,
	52.7653 25.7035,
	52.7417 25.6946,
	52.721 25.6783,
	52.7106 25.6665,
	52.7032 25.6561,
	52.6825 25.6339,
	52.6647 25.6102,
	52.6573 25.5984,
	52.6573 25.5954,
	52.6544 25.5925,
	52.6544 25.5688,
	52.6544 25.5629,
	52.6544 25.5614,
	"/>
<Contour name="d004_i05_o23" hidden="false" closed="true" simplified="true" border="1 1 0" fill="0 0 1" mode="11"
 points="52.6544 25.5599,
	52.6618 25.5363,
	52.6647 25.5244,
	52.6662 25.5185,
	52.6706 25.5126,
	52.6766 25.4889,
	52.681 25.4771,
	52.6825 25.4711,
	52.6869 25.4652,
	52.6884 25.4593,
	52.7032 25.4371,
	52.7121 25.4253,
	52.7121 25.4223,
	52.715 25.4193,
	52.715 25.4164,
	52.718 25.4149,
	52.7269 25.3912,
	52.7298 25.3883,
	52.7298 25.3853,
	52.7328 25.3824,
	52.7328 25.3794,
	52.7358 25.3779,
	52.7372 25.372,
	52.7713 25.3291,
	52.7816 25.3172,
	52.792 25.3098,
	52.7979 25.3054,
	52.8038 25.3039,
	52.8142 25.2965,
	52.8171 25.2965,
	52.8201 25.2936,
	52.8319 25.2921,
	52.8556 25.295,
	52.903 25.3113,
	52.9503 25.3202,
	52.9622 25.3202,
	52.9858 25.3158,
	53.0095 25.3084,
	53.0332 25.3039,
	53.045 25.301,
	53.0687 25.3024,
	53.0702 25.3054,
	53.082 25.3069,
	53.1294 25.3202,
	53.1353 25.3202,
	53.1412 25.3232,
	53.1649 25.3276,
	53.1886 25.3365,
	53.2004 25.3394,
	53.2063 25.3439,
	53.2537 25.3631,
	53.2655 25.3676,
	53.3129 25.369,
	53.3247 25.369,
	53.3365 25.372,
	53.3839 25.372,
	53.4076 25.372,
	53.4312 25.375,
	53.4431 25.3764,
	53.449 25.3764,
	53.4549 25.3794,
	53.4786 25.3838,
	53.5023 25.3853,
	53.5259 25.3942,
	53.5289 25.3942,
	53.5319 25.3972,
	53.5437 25.4001,
	53.5555 25.406,
	53.5674 25.409,
	53.5733 25.412,
	53.5763 25.4149,
	53.5822 25.4164,
	53.6059 25.4312,
	53.6162 25.4401,
	53.634 25.4637,
	53.6458 25.4874,
	53.6547 25.5111,
	53.6591 25.5348,
	53.6576 25.5821,
	53.6532 25.6058,
	53.6488 25.6176,
	53.6473 25.6236,
	53.6428 25.6295,
	53.6384 25.6413,
	53.634 25.6458,
	53.634 25.6487,
	53.6177 25.6724,
	53.6118 25.6827,
	53.594 25.7064,
	53.5718 25.7197,
	53.5511 25.736,
	53.5348 25.7582,
	53.5259 25.7701,
	53.523 25.776,
	53.4993 25.7952,
	53.4875 25.8011,
	53.4816 25.8041,
	53.4786 25.807,
	53.4756 25.807,
	53.452 25.8233,
	53.4283 25.8337,
	53.4253 25.8366,
	53.4224 25.8366,
	53.3765 25.8662,
	53.3647 25.8766,
	53.3558 25.887,
	53.3499 25.8914,
	53.3262 25.8988,
	53.2788 25.9062,
	53.2552 25.9106,
	53.2433 25.9106,
	53.2374 25.9077,
	53.2344 25.9077,
	53.2315 25.9047,
	53.2196 25.9018,
	53.196 25.9032,
	53.1841 25.9062,
	53.1782 25.9062,
	53.1309 25.9225,
	53.119 25.921,
	53.1131 25.921,
	53.1013 25.9166,
	53.0894 25.9092,
	53.085 25.9032,
	53.0391 25.8722,
	53.0376 25.8692,
	53.0347 25.8692,
	53.0228 25.8618,
	53.0199 25.8588,
	53.0169 25.8588,
	53.0066 25.8514,
	52.9947 25.847,
	52.9888 25.8426,
	52.9829 25.8411,
	52.9622 25.8248,
	52.94 25.8011,
	52.9296 25.7893,
	52.9074 25.773,
	52.9044 25.773,
	52.8985 25.7686,
	52.8926 25.7671,
	52.8867 25.7627,
	52.8808 25.7612,
	52.8793 25.7582,
	52.8763 25.7582,
	52.8734 25.7553,
	52.8704 25.7553,
	52.8689 25.7523,
	52.8453 25.7419,
	52.8334 25.7375,
	52.8275 25.7331,
	52.8038 25.7227,
	52.792 25.7153,
	52.7683 25.7064,
	52.7653 25.7035,
	52.7417 25.6946,
	52.721 25.6783,
	52.7106 25.6665,
	52.7032 25.6561,
	52.6825 25.6339,
	52.6647 25.6102,
	52.6573 25.5984,
	52.6573 25.5954,
	52.6544 25.5925,
	52.6544 25.5688,
	52.6544 25.5629,
	52.6544 25.5614,
	"/>
<Contour name="d004_i05_o22" hidden="false" closed="true" simplified="true" border="1 1 0" fill="0 0 1" mode="11"
 points="52.6544 25.5599,
	52.6618 25.5363,
	52.6647 25.5244,
	52.6662 25.5185,
	52.6706 25.5126,
	52.6766 25.4889,
	52.681 25.4771,
	52.6825 25.4711,
	52.6869 25.4652,
	52.6884 25.4593,
	52.7032 25.4371,
	52.7121 25.4253,
	52.7121 25.4223,
	52.715 25.4193,
	52.715 25.4164,
	52.718 25.4149,
	52.7269 25.3912,
	52.7298 25.3883,
	52.7298 25.3853,
	52.7328 25.3824,
	52.7328 25.3794,
	52.7358 25.3779,
	52.7372 25.372,
	52.7713 25.3291,
	52.7816 25.3172,
	52.792 25.3098,
	52.7979 25.3054,
	52.8038 25.3039,
	52.8142 25.2965,
	52.8171 25.2965,
	52.8201 25.2936,
	52.8319 25.2921,
	52.8556 25.295,
	52.903 25.3113,
	52.9503 25.3202,
	52.9622 25.3202,
	52.9858 25.3158,
	53.0095 25.3084,
	53.0332 25.3039,
	53.045 25.301,
	53.0687 25.3024,
	53.0702 25.3054,
	53.082 25.3069,
	53.1294 25.3202,
	53.1353 25.3202,
	53.1412 25.3232,
	53.1649 25.3276,
	53.1886 25.3365,
	53.2004 25.3394,
	53.2063 25.3439,
	53.2537 25.3631,
	53.2655 25.3676,
	53.3129 25.369,
	53.3247 25.369,
	53.3365 25.372,
	53.3839 25.372,
	53.4076 25.372,
	53.4312 25.375,
	53.4431 25.3764,
	53.449 25.3764,
	53.4549 25.3794,
	53.4786 25.3838,
	53.5023 25.3853,
	53.5259 25.3942,
	53.5289 25.3942,
	53.5319 25.3972,
	53.5437 25.4001,
	53.5555 25.406,
	53.5674 25.409,
	53.5733 25.412,
	53.5763 25.4149,
	53.5822 25.4164,
	53.6059 25.4312,
	53.6162 25.4401,
	53.634 25.4637,
	53.6458 25.4874,
	53.6547 25.5111,
	53.6591 25.5348,
	53.6576 25.5821,
	53.6532 25.6058,
	53.6488 25.6176,
	53.6473 25.6236,
	53.6428 25.6295,
	53.6384 25.6413,
	53.634 25.6458,
	53.634 25.6487,
	53.6177 25.6724,
	53.6118 25.6827,
	53.594 25.7064,
	53.5718 25.7197,
	53.5511 25.736,
	53.5348 25.7582,
	53.5259 25.7701,
	53.523 25.776,
	53.4993 25.7952,
	53.4875 25.8011,
	53.4816 25.8041,
	53.4786 25.807,
	53.4756 25.807,
	53.452 25.8233,
	53.4283 25.8337,
	53.4253 25.8366,
	53.4224 25.8366,
	53.3765 25.8662,
	53.3647 25.8766,
	53.3558 25.887,
	53.3499 25.8914,
	53.3262 25.8988,
	53.2788 25.9062,
	53.2552 25.9106,
	53.2433 25.9106,
	53.2374 25.9077,
	53.2344 25.9077,
	53.2315 25.9047,
	53.2196 25.9018,
	53.196 25.9032,
	53.1841 25.9062,
	53.1782 25.9062,
	53.1309 25.9225,
	53.119 25.921,
	53.1131 25.921,
	53.1013 25.9166,
	53.0894 25.9092,
	53.085 25.9032,
	53.0391 25.8722,
	53.0376 25.8692,
	53.0347 25.8692,
	53.0228 25.8618,
	53.0199 25.8588,
	53.0169 25.8588,
	53.0066 25.8514,
	52.9947 25.847,
	52.9888 25.8426,
	52.9829 25.8411,
	52.9622 25.8248,
	52.94 25.8011,
	52.9296 25.7893,
	52.9074 25.773,
	52.9044 25.773,
	52.8985 25.7686,
	52.8926 25.7671,
	52.8867 25.7627,
	52.8808 25.7612,
	52.8793 25.7582,
	52.8763 25.7582,
	52.8734 25.7553,
	52.8704 25.7553,
	52.8689 25.7523,
	52.8453 25.7419,
	52.8334 25.7375,
	52.8275 25.7331,
	52.8038 25.7227,
	52.792 25.7153,
	52.7683 25.7064,
	52.7653 25.7035,
	52.7417 25.6946,
	52.721 25.6783,
	52.7106 25.6665,
	52.7032 25.6561,
	52.6825 25.6339,
	52.6647 25.6102,
	52.6573 25.5984,
	52.6573 25.5954,
	52.6544 25.5925,
	52.6544 25.5688,
	52.6544 25.5629,
	52.6544 25.5614,
	"/>
<Contour name="d004_i05_o21" hidden="false" closed="true" simplified="true" border="1 1 0" fill="0 0 1" mode="11"
 points="52.6544 25.5599,
	52.6618 25.5363,
	52.6647 25.5244,
	52.6662 25.5185,
	52.6706 25.5126,
	52.6766 25.4889,
	52.681 25.4771,
	52.6825 25.4711,
	52.6869 25.4652,
	52.6884 25.4593,
	52.7032 25.4371,
	52.7121 25.4253,
	52.7121 25.4223,
	52.715 25.4193,
	52.715 25.4164,
	52.718 25.4149,
	52.7269 25.3912,
	52.7298 25.3883,
	52.7298 25.3853,
	52.7328 25.3824,
	52.7328 25.3794,
	52.7358 25.3779,
	52.7372 25.372,
	52.7713 25.3291,
	52.7816 25.3172,
	52.792 25.3098,
	52.7979 25.3054,
	52.8038 25.3039,
	52.8142 25.2965,
	52.8171 25.2965,
	52.8201 25.2936,
	52.8319 25.2921,
	52.8556 25.295,
	52.903 25.3113,
	52.9503 25.3202,
	52.9622 25.3202,
	52.9858 25.3158,
	53.0095 25.3084,
	53.0332 25.3039,
	53.045 25.301,
	53.0687 25.3024,
	53.0702 25.3054,
	53.082 25.3069,
	53.1294 25.3202,
	53.1353 25.3202,
	53.1412 25.3232,
	53.1649 25.3276,
	53.1886 25.3365,
	53.2004 25.3394,
	53.2063 25.3439,
	53.2537 25.3631,
	53.2655 25.3676,
	53.3129 25.369,
	53.3247 25.369,
	53.3365 25.372,
	53.3839 25.372,
	53.4076 25.372,
	53.4312 25.375,
	53.4431 25.3764,
	53.449 25.3764,
	53.4549 25.3794,
	53.4786 25.3838,
	53.5023 25.3853,
	53.5259 25.3942,
	53.5289 25.3942,
	53.5319 25.3972,
	53.5437 25.4001,
	53.5555 25.406,
	53.5674 25.409,
	53.5733 25.412,
	53.5763 25.4149,
	53.5822 25.4164,
	53.6059 25.4312,
	53.6162 25.4401,
	53.634 25.4637,
	53.6458 25.4874,
	53.6547 25.5111,
	53.6591 25.5348,
	53.6576 25.5821,
	53.6532 25.6058,
	53.6488 25.6176,
	53.6473 25.6236,
	53.6428 25.6295,
	53.6384 25.6413,
	53.634 25.6458,
	53.634 25.6487,
	53.6177 25.6724,
	53.6118 25.6827,
	53.594 25.7064,
	53.5718 25.7197,
	53.5511 25.736,
	53.5348 25.7582,
	53.5259 25.7701,
	53.523 25.776,
	53.4993 25.7952,
	53.4875 25.8011,
	53.4816 25.8041,
	53.4786 25.807,
	53.4756 25.807,
	53.452 25.8233,
	53.4283 25.8337,
	53.4253 25.8366,
	53.4224 25.8366,
	53.3765 25.8662,
	53.3647 25.8766,
	53.3558 25.887,
	53.3499 25.8914,
	53.3262 25.8988,
	53.2788 25.9062,
	53.2552 25.9106,
	53.2433 25.9106,
	53.2374 25.9077,
	53.2344 25.9077,
	53.2315 25.9047,
	53.2196 25.9018,
	53.196 25.9032,
	53.1841 25.9062,
	53.1782 25.9062,
	53.1309 25.9225,
	53.119 25.921,
	53.1131 25.921,
	53.1013 25.9166,
	53.0894 25.9092,
	53.085 25.9032,
	53.0391 25.8722,
	53.0376 25.8692,
	53.0347 25.8692,
	53.0228 25.8618,
	53.0199 25.8588,
	53.0169 25.8588,
	53.0066 25.8514,
	52.9947 25.847,
	52.9888 25.8426,
	52.9829 25.8411,
	52.9622 25.8248,
	52.94 25.8011,
	52.9296 25.7893,
	52.9074 25.773,
	52.9044 25.773,
	52.8985 25.7686,
	52.8926 25.7671,
	52.8867 25.7627,
	52.8808 25.7612,
	52.8793 25.7582,
	52.8763 25.7582,
	52.8734 25.7553,
	52.8704 25.7553,
	52.8689 25.7523,
	52.8453 25.7419,
	52.8334 25.7375,
	52.8275 25.7331,
	52.8038 25.7227,
	52.792 25.7153,
	52.7683 25.7064,
	52.7653 25.7035,
	52.7417 25.6946,
	52.721 25.6783,
	52.7106 25.6665,
	52.7032 25.6561,
	52.6825 25.6339,
	52.6647 25.6102,
	52.6573 25.5984,
	52.6573 25.5954,
	52.6544 25.5925,
	52.6544 25.5688,
	52.6544 25.5629,
	52.6544 25.5614,
	"/>
<Contour name="d004_i05_o20" hidden="false" closed="true" simplified="true" border="1 1 0" fill="0 0 1" mode="11"
 points="52.6544 25.5599,
	52.6618 25.5363,
	52.6647 25.5244,
	52.6662 25.5185,
	52.6706 25.5126,
	52.6766 25.4889,
	52.681 25.4771,
	52.6825 25.4711,
	52.6869 25.4652,
	52.6884 25.4593,
	52.7032 25.4371,
	52.7121 25.4253,
	52.7121 25.4223,
	52.715 25.4193,
	52.715 25.4164,
	52.718 25.4149,
	52.7269 25.3912,
	52.7298 25.3883,
	52.7298 25.3853,
	52.7328 25.3824,
	52.7328 25.3794,
	52.7358 25.3779,
	52.7372 25.372,
	52.7713 25.3291,
	52.7816 25.3172,
	52.792 25.3098,
	52.7979 25.3054,
	52.8038 25.3039,
	52.8142 25.2965,
	52.8171 25.2965,
	52.8201 25.2936,
	52.8319 25.2921,
	52.8556 25.295,
	52.903 25.3113,
	52.9503 25.3202,
	52.9622 25.3202,
	52.9858 25.3158,
	53.0095 25.3084,
	53.0332 25.3039,
	53.045 25.301,
	53.0687 25.3024,
	53.0702 25.3054,
	53.082 25.3069,
	53.1294 25.3202,
	53.1353 25.3202,
	53.1412 25.3232,
	53.1649 25.3276,
	53.1886 25.3365,
	53.2004 25.3394,
	53.2063 25.3439,
	53.2537 25.3631,
	53.2655 25.3676,
	53.3129 25.369,
	53.3247 25.369,
	53.3365 25.372,
	53.3839 25.372,
	53.4076 25.372,
	53.4312 25.375,
	53.4431 25.3764,
	53.449 25.3764,
	53.4549 25.3794,
	53.4786 25.3838,
	53.5023 25.3853,
	53.5259 25.3942,
	53.5289 25.3942,
	53.5319 25.3972,
	53.5437 25.4001,
	53.5555 25.406,
	53.5674 25.409,
	53.5733 25.412,
	53.5763 25.4149,
	53.5822 25.4164,
	53.6059 25.4312,
	53.6162 25.4401,
	53.634 25.4637,
	53.6458 25.4874,
	53.6547 25.5111,
	53.6591 25.5348,
	53.6576 25.5821,
	53.6532 25.6058,
	53.6488 25.6176,
	53.6473 25.6236,
	53.6428 25.6295,
	53.6384 25.6413,
	53.634 25.6458,
	53.634 25.6487,
	53.6177 25.6724,
	53.6118 25.6827,
	53.594 25.7064,
	53.5718 25.7197,
	53.5511 25.736,
	53.5348 25.7582,
	53.5259 25.7701,
	53.523 25.776,
	53.4993 25.7952,
	53.4875 25.8011,
	53.4816 25.8041,
	53.4786 25.807,
	53.4756 25.807,
	53.452 25.8233,
	53.4283 25.8337,
	53.4253 25.8366,
	53.4224 25.8366,
	53.3765 25.8662,
	53.3647 25.8766,
	53.3558 25.887,
	53.3499 25.8914,
	53.3262 25.8988,
	53.2788 25.9062,
	53.2552 25.9106,
	53.2433 25.9106,
	53.2374 25.9077,
	53.2344 25.9077,
	53.2315 25.9047,
	53.2196 25.9018,
	53.196 25.9032,
	53.1841 25.9062,
	53.1782 25.9062,
	53.1309 25.9225,
	53.119 25.921,
	53.1131 25.921,
	53.1013 25.9166,
	53.0894 25.9092,
	53.085 25.9032,
	53.0391 25.8722,
	53.0376 25.8692,
	53.0347 25.8692,
	53.0228 25.8618,
	53.0199 25.8588,
	53.0169 25.8588,
	53.0066 25.8514,
	52.9947 25.847,
	52.9888 25.8426,
	52.9829 25.8411,
	52.9622 25.8248,
	52.94 25.8011,
	52.9296 25.7893,
	52.9074 25.773,
	52.9044 25.773,
	52.8985 25.7686,
	52.8926 25.7671,
	52.8867 25.7627,
	52.8808 25.7612,
	52.8793 25.7582,
	52.8763 25.7582,
	52.8734 25.7553,
	52.8704 25.7553,
	52.8689 25.7523,
	52.8453 25.7419,
	52.8334 25.7375,
	52.8275 25.7331,
	52.8038 25.7227,
	52.792 25.7153,
	52.7683 25.7064,
	52.7653 25.7035,
	52.7417 25.6946,
	52.721 25.6783,
	52.7106 25.6665,
	52.7032 25.6561,
	52.6825 25.6339,
	52.6647 25.6102,
	52.6573 25.5984,
	52.6573 25.5954,
	52.6544 25.5925,
	52.6544 25.5688,
	52.6544 25.5629,
	52.6544 25.5614,
	"/>
<Contour name="d004_i05_o19" hidden="false" closed="true" simplified="true" border="1 1 0" fill="0 0 1" mode="11"
 points="52.6544 25.5599,
	52.6618 25.5363,
	52.6647 25.5244,
	52.6662 25.5185,
	52.6706 25.5126,
	52.6766 25.4889,
	52.681 25.4771,
	52.6825 25.4711,
	52.6869 25.4652,
	52.6884 25.4593,
	52.7032 25.4371,
	52.7121 25.4253,
	52.7121 25.4223,
	52.715 25.4193,
	52.715 25.4164,
	52.718 25.4149,
	52.7269 25.3912,
	52.7298 25.3883,
	52.7298 25.3853,
	52.7328 25.3824,
	52.7328 25.3794,
	52.7358 25.3779,
	52.7372 25.372,
	52.7713 25.3291,
	52.7816 25.3172,
	52.792 25.3098,
	52.7979 25.3054,
	52.8038 25.3039,
	52.8142 25.2965,
	52.8171 25.2965,
	52.8201 25.2936,
	52.8319 25.2921,
	52.8556 25.295,
	52.903 25.3113,
	52.9503 25.3202,
	52.9622 25.3202,
	52.9858 25.3158,
	53.0095 25.3084,
	53.0332 25.3039,
	53.045 25.301,
	53.0687 25.3024,
	53.0702 25.3054,
	53.082 25.3069,
	53.1294 25.3202,
	53.1353 25.3202,
	53.1412 25.3232,
	53.1649 25.3276,
	53.1886 25.3365,
	53.2004 25.3394,
	53.2063 25.3439,
	53.2537 25.3631,
	53.2655 25.3676,
	53.3129 25.369,
	53.3247 25.369,
	53.3365 25.372,
	53.3839 25.372,
	53.4076 25.372,
	53.4312 25.375,
	53.4431 25.3764,
	53.449 25.3764,
	53.4549 25.3794,
	53.4786 25.3838,
	53.5023 25.3853,
	53.5259 25.3942,
	53.5289 25.3942,
	53.5319 25.3972,
	53.5437 25.4001,
	53.5555 25.406,
	53.5674 25.409,
	53.5733 25.412,
	53.5763 25.4149,
	53.5822 25.4164,
	53.6059 25.4312,
	53.6162 25.4401,
	53.634 25.4637,
	53.6458 25.4874,
	53.6547 25.5111,
	53.6591 25.5348,
	53.6576 25.5821,
	53.6532 25.6058,
	53.6488 25.6176,
	53.6473 25.6236,
	53.6428 25.6295,
	53.6384 25.6413,
	53.634 25.6458,
	53.634 25.6487,
	53.6177 25.6724,
	53.6118 25.6827,
	53.594 25.7064,
	53.5718 25.7197,
	53.5511 25.736,
	53.5348 25.7582,
	53.5259 25.7701,
	53.523 25.776,
	53.4993 25.7952,
	53.4875 25.8011,
	53.4816 25.8041,
	53.4786 25.807,
	53.4756 25.807,
	53.452 25.8233,
	53.4283 25.8337,
	53.4253 25.8366,
	53.4224 25.8366,
	53.3765 25.8662,
	53.3647 25.8766,
	53.3558 25.887,
	53.3499 25.8914,
	53.3262 25.8988,
	53.2788 25.9062,
	53.2552 25.9106,
	53.2433 25.9106,
	53.2374 25.9077,
	53.2344 25.9077,
	53.2315 25.9047,
	53.2196 25.9018,
	53.196 25.9032,
	53.1841 25.9062,
	53.1782 25.9062,
	53.1309 25.9225,
	53.119 25.921,
	53.1131 25.921,
	53.1013 25.9166,
	53.0894 25.9092,
	53.085 25.9032,
	53.0391 25.8722,
	53.0376 25.8692,
	53.0347 25.8692,
	53.0228 25.8618,
	53.0199 25.8588,
	53.0169 25.8588,
	53.0066 25.8514,
	52.9947 25.847,
	52.9888 25.8426,
	52.9829 25.8411,
	52.9622 25.8248,
	52.94 25.8011,
	52.9296 25.7893,
	52.9074 25.773,
	52.9044 25.773,
	52.8985 25.7686,
	52.8926 25.7671,
	52.8867 25.7627,
	52.8808 25.7612,
	52.8793 25.7582,
	52.8763 25.7582,
	52.8734 25.7553,
	52.8704 25.7553,
	52.8689 25.7523,
	52.8453 25.7419,
	52.8334 25.7375,
	52.8275 25.7331,
	52.8038 25.7227,
	52.792 25.7153,
	52.7683 25.7064,
	52.7653 25.7035,
	52.7417 25.6946,
	52.721 25.6783,
	52.7106 25.6665,
	52.7032 25.6561,
	52.6825 25.6339,
	52.6647 25.6102,
	52.6573 25.5984,
	52.6573 25.5954,
	52.6544 25.5925,
	52.6544 25.5688,
	52.6544 25.5629,
	52.6544 25.5614,
	"/>
<Contour name="d004_i05_o18" hidden="false" closed="true" simplified="true" border="1 1 0" fill="0 0 1" mode="11"
 points="52.6544 25.5599,
	52.6618 25.5363,
	52.6647 25.5244,
	52.6662 25.5185,
	52.6706 25.5126,
	52.6766 25.4889,
	52.681 25.4771,
	52.6825 25.4711,
	52.6869 25.4652,
	52.6884 25.4593,
	52.7032 25.4371,
	52.7121 25.4253,
	52.7121 25.4223,
	52.715 25.4193,
	52.715 25.4164,
	52.718 25.4149,
	52.7269 25.3912,
	52.7298 25.3883,
	52.7298 25.3853,
	52.7328 25.3824,
	52.7328 25.3794,
	52.7358 25.3779,
	52.7372 25.372,
	52.7713 25.3291,
	52.7816 25.3172,
	52.792 25.3098,
	52.7979 25.3054,
	52.8038 25.3039,
	52.8142 25.2965,
	52.8171 25.2965,
	52.8201 25.2936,
	52.8319 25.2921,
	52.8556 25.295,
	52.903 25.3113,
	52.9503 25.3202,
	52.9622 25.3202,
	52.9858 25.3158,
	53.0095 25.3084,
	53.0332 25.3039,
	53.045 25.301,
	53.0687 25.3024,
	53.0702 25.3054,
	53.082 25.3069,
	53.1294 25.3202,
	53.1353 25.3202,
	53.1412 25.3232,
	53.1649 25.3276,
	53.1886 25.3365,
	53.2004 25.3394,
	53.2063 25.3439,
	53.2537 25.3631,
	53.2655 25.3676,
	53.3129 25.369,
	53.3247 25.369,
	53.3365 25.372,
	53.3839 25.372,
	53.4076 25.372,
	53.4312 25.375,
	53.4431 25.3764,
	53.449 25.3764,
	53.4549 25.3794,
	53.4786 25.3838,
	53.5023 25.3853,
	53.5259 25.3942,
	53.5289 25.3942,
	53.5319 25.3972,
	53.5437 25.4001,
	53.5555 25.406,
	53.5674 25.409,
	53.5733 25.412,
	53.5763 25.4149,
	53.5822 25.4164,
	53.6059 25.4312,
	53.6162 25.4401,
	53.634 25.4637,
	53.6458 25.4874,
	53.6547 25.5111,
	53.6591 25.5348,
	53.6576 25.5821,
	53.6532 25.6058,
	53.6488 25.6176,
	53.6473 25.6236,
	53.6428 25.6295,
	53.6384 25.6413,
	53.634 25.6458,
	53.634 25.6487,
	53.6177 25.6724,
	53.6118 25.6827,
	53.594 25.7064,
	53.5718 25.7197,
	53.5511 25.736,
	53.5348 25.7582,
	53.5259 25.7701,
	53.523 25.776,
	53.4993 25.7952,
	53.4875 25.8011,
	53.4816 25.8041,
	53.4786 25.807,
	53.4756 25.807,
	53.452 25.8233,
	53.4283 25.8337,
	53.4253 25.8366,
	53.4224 25.8366,
	53.3765 25.8662,
	53.3647 25.8766,
	53.3558 25.887,
	53.3499 25.8914,
	53.3262 25.8988,
	53.2788 25.9062,
	53.2552 25.9106,
	53.2433 25.9106,
	53.2374 25.9077,
	53.2344 25.9077,
	53.2315 25.9047,
	53.2196 25.9018,
	53.196 25.9032,
	53.1841 25.9062,
	53.1782 25.9062,
	53.1309 25.9225,
	53.119 25.921,
	53.1131 25.921,
	53.1013 25.9166,
	53.0894 25.9092,
	53.085 25.9032,
	53.0391 25.8722,
	53.0376 25.8692,
	53.0347 25.8692,
	53.0228 25.8618,
	53.0199 25.8588,
	53.0169 25.8588,
	53.0066 25.8514,
	52.9947 25.847,
	52.9888 25.8426,
	52.9829 25.8411,
	52.9622 25.8248,
	52.94 25.8011,
	52.9296 25.7893,
	52.9074 25.773,
	52.9044 25.773,
	52.8985 25.7686,
	52.8926 25.7671,
	52.8867 25.7627,
	52.8808 25.7612,
	52.8793 25.7582,
	52.8763 25.7582,
	52.8734 25.7553,
	52.8704 25.7553,
	52.8689 25.7523,
	52.8453 25.7419,
	52.8334 25.7375,
	52.8275 25.7331,
	52.8038 25.7227,
	52.792 25.7153,
	52.7683 25.7064,
	52.7653 25.7035,
	52.7417 25.6946,
	52.721 25.6783,
	52.7106 25.6665,
	52.7032 25.6561,
	52.6825 25.6339,
	52.6647 25.6102,
	52.6573 25.5984,
	52.6573 25.5954,
	52.6544 25.5925,
	52.6544 25.5688,
	52.6544 25.5629,
	52.6544 25.5614,
	"/>
<Contour name="d004_i05_o17" hidden="false" closed="true" simplified="true" border="1 1 0" fill="0 0 1" mode="11"
 points="52.6544 25.5599,
	52.6618 25.5363,
	52.6647 25.5244,
	52.6662 25.5185,
	52.6706 25.5126,
	52.6766 25.4889,
	52.681 25.4771,
	52.6825 25.4711,
	52.6869 25.4652,
	52.6884 25.4593,
	52.7032 25.4371,
	52.7121 25.4253,
	52.7121 25.4223,
	52.715 25.4193,
	52.715 25.4164,
	52.718 25.4149,
	52.7269 25.3912,
	52.7298 25.3883,
	52.7298 25.3853,
	52.7328 25.3824,
	52.7328 25.3794,
	52.7358 25.3779,
	52.7372 25.372,
	52.7713 25.3291,
	52.7816 25.3172,
	52.792 25.3098,
	52.7979 25.3054,
	52.8038 25.3039,
	52.8142 25.2965,
	52.8171 25.2965,
	52.8201 25.2936,
	52.8319 25.2921,
	52.8556 25.295,
	52.903 25.3113,
	52.9503 25.3202,
	52.9622 25.3202,
	52.9858 25.3158,
	53.0095 25.3084,
	53.0332 25.3039,
	53.045 25.301,
	53.0687 25.3024,
	53.0702 25.3054,
	53.082 25.3069,
	53.1294 25.3202,
	53.1353 25.3202,
	53.1412 25.3232,
	53.1649 25.3276,
	53.1886 25.3365,
	53.2004 25.3394,
	53.2063 25.3439,
	53.2537 25.3631,
	53.2655 25.3676,
	53.3129 25.369,
	53.3247 25.369,
	53.3365 25.372,
	53.3839 25.372,
	53.4076 25.372,
	53.4312 25.375,
	53.4431 25.3764,
	53.449 25.3764,
	53.4549 25.3794,
	53.4786 25.3838,
	53.5023 25.3853,
	53.5259 25.3942,
	53.5289 25.3942,
	53.5319 25.3972,
	53.5437 25.4001,
	53.5555 25.406,
	53.5674 25.409,
	53.5733 25.412,
	53.5763 25.4149,
	53.5822 25.4164,
	53.6059 25.4312,
	53.6162 25.4401,
	53.634 25.4637,
	53.6458 25.4874,
	53.6547 25.5111,
	53.6591 25.5348,
	53.6576 25.5821,
	53.6532 25.6058,
	53.6488 25.6176,
	53.6473 25.6236,
	53.6428 25.6295,
	53.6384 25.6413,
	53.634 25.6458,
	53.634 25.6487,
	53.6177 25.6724,
	53.6118 25.6827,
	53.594 25.7064,
	53.5718 25.7197,
	53.5511 25.736,
	53.5348 25.7582,
	53.5259 25.7701,
	53.523 25.776,
	53.4993 25.7952,
	53.4875 25.8011,
	53.4816 25.8041,
	53.4786 25.807,
	53.4756 25.807,
	53.452 25.8233,
	53.4283 25.8337,
	53.4253 25.8366,
	53.4224 25.8366,
	53.3765 25.8662,
	53.3647 25.8766,
	53.3558 25.887,
	53.3499 25.8914,
	53.3262 25.8988,
	53.2788 25.9062,
	53.2552 25.9106,
	53.2433 25.9106,
	53.2374 25.9077,
	53.2344 25.9077,
	53.2315 25.9047,
	53.2196 25.9018,
	53.196 25.9032,
	53.1841 25.9062,
	53.1782 25.9062,
	53.1309 25.9225,
	53.119 25.921,
	53.1131 25.921,
	53.1013 25.9166,
	53.0894 25.9092,
	53.085 25.9032,
	53.0391 25.8722,
	53.0376 25.8692,
	53.0347 25.8692,
	53.0228 25.8618,
	53.0199 25.8588,
	53.0169 25.8588,
	53.0066 25.8514,
	52.9947 25.847,
	52.9888 25.8426,
	52.9829 25.8411,
	52.9622 25.8248,
	52.94 25.8011,
	52.9296 25.7893,
	52.9074 25.773,
	52.9044 25.773,
	52.8985 25.7686,
	52.8926 25.7671,
	52.8867 25.7627,
	52.8808 25.7612,
	52.8793 25.7582,
	52.8763 25.7582,
	52.8734 25.7553,
	52.8704 25.7553,
	52.8689 25.7523,
	52.8453 25.7419,
	52.8334 25.7375,
	52.8275 25.7331,
	52.8038 25.7227,
	52.792 25.7153,
	52.7683 25.7064,
	52.7653 25.7035,
	52.7417 25.6946,
	52.721 25.6783,
	52.7106 25.6665,
	52.7032 25.6561,
	52.6825 25.6339,
	52.6647 25.6102,
	52.6573 25.5984,
	52.6573 25.5954,
	52.6544 25.5925,
	52.6544 25.5688,
	52.6544 25.5629,
	52.6544 25.5614,
	"/>
</Transform>

<Transform dim="1"
 xcoef=" -0.192586636553231 1 0 0 0 0"
 ycoef=" -0.0113286256796018 0 1 0 0 0">
<Contour name="d004_cl02_syn_symm" hidden="false" closed="true" simplified="true" border="1 1 0" fill="0 0 1" mode="11"
 points="52.6544 25.5499,
	52.6618 25.5263,
	52.6647 25.5144,
	52.6662 25.5085,
	52.6706 25.5026,
	52.6766 25.4789,
	52.681 25.4671,
	52.6825 25.4611,
	52.6869 25.4552,
	52.6884 25.4493,
	52.7032 25.4271,
	52.7121 25.4153,
	52.7121 25.4123,
	52.715 25.4093,
	52.715 25.4064,
	52.718 25.4049,
	52.7269 25.3812,
	52.7298 25.3783,
	52.7298 25.3753,
	52.7328 25.3724,
	52.7328 25.3694,
	52.7358 25.3679,
	52.7372 25.362,
	52.7713 25.3191,
	52.7816 25.3072,
	52.792 25.2998,
	52.7979 25.2954,
	52.8038 25.2939,
	52.8142 25.2865,
	52.8171 25.2865,
	52.8201 25.2836,
	52.8319 25.2821,
	52.8556 25.285,
	52.903 25.3013,
	52.9503 25.3102,
	52.9622 25.3102,
	52.9858 25.3058,
	53.0095 25.2984,
	53.0332 25.2939,
	53.045 25.291,
	53.0687 25.2924,
	53.0702 25.2954,
	53.082 25.2969,
	53.1294 25.3102,
	53.1353 25.3102,
	53.1412 25.3132,
	53.1649 25.3176,
	53.1886 25.3265,
	53.2004 25.3294,
	53.2063 25.3339,
	53.2537 25.3531,
	53.2655 25.3576,
	53.3129 25.359,
	53.3247 25.359,
	53.3365 25.362,
	53.3839 25.362,
	53.4076 25.362,
	53.4312 25.365,
	53.4431 25.3664,
	53.449 25.3664,
	53.4549 25.3694,
	53.4786 25.3738,
	53.5023 25.3753,
	53.5259 25.3842,
	53.5289 25.3842,
	53.5319 25.3872,
	53.5437 25.3901,
	53.5555 25.396,
	53.5674 25.399,
	53.5733 25.402,
	53.5763 25.4049,
	53.5822 25.4064,
	53.6059 25.4212,
	53.6162 25.4301,
	53.634 25.4537,
	53.6458 25.4774,
	53.6547 25.5011,
	53.6591 25.5248,
	53.6576 25.5721,
	53.6532 25.5958,
	53.6488 25.6076,
	53.6473 25.6136,
	53.6428 25.6195,
	53.6384 25.6313,
	53.634 25.6358,
	53.634 25.6387,
	53.6177 25.6624,
	53.6118 25.6727,
	53.594 25.6964,
	53.5718 25.7097,
	53.5511 25.726,
	53.5348 25.7482,
	53.5259 25.7601,
	53.523 25.766,
	53.4993 25.7852,
	53.4875 25.7911,
	53.4816 25.7941,
	53.4786 25.797,
	53.4756 25.797,
	53.452 25.8133,
	53.4283 25.8237,
	53.4253 25.8266,
	53.4224 25.8266,
	53.3765 25.8562,
	53.3647 25.8666,
	53.3558 25.877,
	53.3499 25.8814,
	53.3262 25.8888,
	53.2788 25.8962,
	53.2552 25.9006,
	53.2433 25.9006,
	53.2374 25.8977,
	53.2344 25.8977,
	53.2315 25.8947,
	53.2196 25.8918,
	53.196 25.8932,
	53.1841 25.8962,
	53.1782 25.8962,
	53.1309 25.9125,
	53.119 25.911,
	53.1131 25.911,
	53.1013 25.9066,
	53.0894 25.8992,
	53.085 25.8932,
	53.0391 25.8622,
	53.0376 25.8592,
	53.0347 25.8592,
	53.0228 25.8518,
	53.0199 25.8488,
	53.0169 25.8488,
	53.0066 25.8414,
	52.9947 25.837,
	52.9888 25.8326,
	52.9829 25.8311,
	52.9622 25.8148,
	52.94 25.7911,
	52.9296 25.7793,
	52.9074 25.763,
	52.9044 25.763,
	52.8985 25.7586,
	52.8926 25.7571,
	52.8867 25.7527,
	52.8808 25.7512,
	52.8793 25.7482,
	52.8763 25.7482,
	52.8734 25.7453,
	52.8704 25.7453,
	52.8689 25.7423,
	52.8453 25.7319,
	52.8334 25.7275,
	52.8275 25.7231,
	52.8038 25.7127,
	52.792 25.7053,
	52.7683 25.6964,
	52.7653 25.6935,
	52.7417 25.6846,
	52.721 25.6683,
	52.7106 25.6565,
	52.7032 25.6461,
	52.6825 25.6239,
	52.6647 25.6002,
	52.6573 25.5884,
	52.6573 25.5854,
	52.6544 25.5825,
	52.6544 25.5588,
	52.6544 25.5529,
	52.6544 25.5514,
	"/>
</Transform>

<Transform dim="1"
 xcoef=" -0.192586636553231 1 0 0 0 0"
 ycoef=" -0.0113286256796018 0 1 0 0 0">
<Contour name="d004__checked_delete" hidden="false" closed="true" simplified="false" border="0 1 0" fill="0 1 0" mode="-13"
 points="53.2882 25.8939,
	53.2882 25.8612,
	53.2554 25.8612,
	53.2554 25.8898,
	53.2514 25.8939,
	53.2514 25.8571,
	53.2923 25.8571,
	53.2923 25.898,
	53.2514 25.898,
	53.2554 25.8939,
	"/>
</Transform>

<Transform dim="1"
 xcoef=" -0.192586636553231 1 0 0 0 0"
 ycoef=" -0.0113286256796018 0 1 0 0 0">
<Contour name="d004_o18_BRANCHED" hidden="false" closed="true" simplified="false" border="1 0 0" fill="1 0 0" mode="-13"
 points="52.7229 25.4462,
	52.751 25.4462,
	52.737 25.472,
	"/>
<Contour name="d004__checked_delete" hidden="false" closed="true" simplified="false" border="0 1 0" fill="0 1 0" mode="-13"
 points="52.7541 25.4724,
	52.7541 25.4364,
	52.7181 25.4364,
	52.7181 25.4679,
	52.7136 25.4724,
	52.7136 25.4319,
	52.7586 25.4319,
	52.7586 25.4769,
	52.7136 25.4769,
	52.7181 25.4724,
	"/>
</Transform>

<Transform dim="1"
 xcoef=" -0.192586636553231 1 0 0 0 0"
 ycoef=" -0.0113286256796018 0 1 0 0 0">
<Contour name="d004__checked_delete" hidden="false" closed="true" simplified="false" border="0 1 0" fill="0 1 0" mode="-13"
 points="53.186 25.5859,
	53.186 25.5661,
	53.1662 25.5661,
	53.1662 25.5834,
	53.1637 25.5859,
	53.1637 25.5636,
	53.1885 25.5636,
	53.1885 25.5884,
	53.1637 25.5884,
	53.1662 25.5859,
	"/>
</Transform>

</Section>