<?xml version="1.0"?>
<!DOCTYPE Section SYSTEM "section.dtd">

<Section index="18" thickness="0.043" alignLocked="false">
<Transform dim="1"
 xcoef=" -2.41546965879058 1 0 0 0 0"
 ycoef=" 0.734658378440433 0 1 0 0 0">
<Contour name="mito05" hidden="false" closed="false" simplified="true" border="1 0.5 0" fill="1 0.5 0" mode="13"
 points="23.6048 8.21961,
	23.7686 8.42007,
	"/>
</Transform>

<Transform dim="1"
 xcoef=" -2.06546965879058 1 0 0 0 0"
 ycoef=" 0.434658378440433 0 1 0 0 0">
<Contour name="D001" hidden="false" closed="true" simplified="false" border="1 1 1" fill="0.501961 0 1" mode="-13"
 points="40.699 24.6375,
	40.699 24.6056,
	40.7308 24.6056,
	40.7308 24.5738,
	40.7627 24.5738,
	40.7627 24.6056,
	40.7945 24.6056,
	40.7945 24.6375,
	40.7627 24.6375,
	40.7627 24.6693,
	40.7308 24.6693,
	40.7308 24.6375,
	"/>
</Transform>

<Transform dim="1"
 xcoef=" -2.06546965879058 1 0 0 0 0"
 ycoef=" 0.434658378440433 0 1 0 0 0">
<Contour name="D002" hidden="false" closed="true" simplified="false" border="1 1 1" fill="0 0.501961 1" mode="-13"
 points="51.4535 12.127,
	51.4535 12.0958,
	51.4846 12.0958,
	51.4846 12.0647,
	51.5157 12.0647,
	51.5157 12.0958,
	51.5469 12.0958,
	51.5469 12.127,
	51.5157 12.127,
	51.5157 12.1581,
	51.4846 12.1581,
	51.4846 12.127,
	"/>
</Transform>

<Transform dim="1"
 xcoef=" -2.06546965879058 1 0 0 0 0"
 ycoef=" 0.434658378440433 0 1 0 0 0">
<Contour name="D003" hidden="false" closed="true" simplified="false" border="1 1 1" fill="1 0 1" mode="-13"
 points="58.3066 8.93531,
	58.3066 8.90045,
	58.3415 8.90045,
	58.3415 8.86559,
	58.3763 8.86559,
	58.3763 8.90045,
	58.4112 8.90045,
	58.4112 8.93531,
	58.3763 8.93531,
	58.3763 8.97017,
	58.3415 8.97017,
	58.3415 8.93531,
	"/>
</Transform>

<Transform dim="1"
 xcoef=" -2.06546965879058 1 0 0 0 0"
 ycoef=" 0.434658378440433 0 1 0 0 0">
<Contour name="D004" hidden="false" closed="true" simplified="false" border="1 1 1" fill="1 1 0" mode="-13"
 points="52.7747 25.8867,
	52.7747 25.857,
	52.8043 25.857,
	52.8043 25.8274,
	52.834 25.8274,
	52.834 25.857,
	52.8636 25.857,
	52.8636 25.8867,
	52.834 25.8867,
	52.834 25.9163,
	52.8043 25.9163,
	52.8043 25.8867,
	"/>
</Transform>

<Transform dim="1"
 xcoef=" -2.06546965879058 1 0 0 0 0"
 ycoef=" 0.434658378440433 0 1 0 0 0">
<Contour name="d001_symcand01axonstamp_delete" hidden="false" closed="true" simplified="false" border="0 1 1" fill="0 1 1" mode="9"
 points="40.0057 26.7518,
	40.0158 26.7417,
	39.9754 26.7012,
	39.9855 26.6911,
	40.026 26.7316,
	40.0361 26.7215,
	40.0361 26.7518,
	"/>
</Transform>

<Transform dim="1"
 xcoef=" -2.06546965879058 1 0 0 0 0"
 ycoef=" 0.434658378440433 0 1 0 0 0">
<Contour name="axon04" hidden="false" closed="true" simplified="false" border="0 1 1" fill="0 1 1" mode="9"
 points="52.113 26.0939,
	52.1288 26.0781,
	52.0655 26.0148,
	52.0813 25.999,
	52.1446 26.0623,
	52.1604 26.0465,
	52.1604 26.0939,
	"/>
</Transform>

<Transform dim="0"
 xcoef=" 0 1 0 0 0 0"
 ycoef=" 0 0 1 0 0 0">
<Contour name="d004_cfa06" hidden="false" closed="false" simplified="false" border="0 1 0" fill="0 1 0" mode="11"
 points="53.0854 24.5583,
	53.163 24.5818,
	53.2152 24.5901,
	53.2935 24.5926,
	53.4385 24.5945,
	53.5028 24.585,
	"/>
</Transform>

<Transform dim="0"
 xcoef=" 0 1 0 0 0 0"
 ycoef=" 0 0 1 0 0 0">
<Contour name="d004_c06" hidden="false" closed="true" simplified="true" border="1 0 0" fill="0 1 0" mode="11"
 points="53.0784 24.5504,
	53.0815 24.5428,
	53.082 24.5408,
	53.0845 24.5367,
	53.086 24.5327,
	53.0865 24.5307,
	53.0865 24.5296,
	53.0875 24.5291,
	53.0891 24.5256,
	53.0891 24.5246,
	53.0901 24.5236,
	53.0931 24.5155,
	53.0977 24.5079,
	53.0982 24.5063,
	53.0997 24.5043,
	53.1002 24.5023,
	53.1017 24.5008,
	53.1022 24.4987,
	53.1048 24.4952,
	53.1058 24.4952,
	53.1058 24.4942,
	53.1093 24.4912,
	53.1113 24.4891,
	53.1154 24.4876,
	53.1164 24.4876,
	53.1174 24.4866,
	53.1215 24.4856,
	53.1235 24.4856,
	53.1255 24.4846,
	53.1336 24.4836,
	53.1377 24.4836,
	53.1417 24.4825,
	53.1498 24.4825,
	53.1519 24.4825,
	53.1529 24.4825,
	53.1539 24.4815,
	53.1701 24.481,
	53.1863 24.4785,
	53.1944 24.477,
	53.1964 24.477,
	53.2121 24.4714,
	53.2131 24.4714,
	53.2136 24.4704,
	53.2157 24.4704,
	53.2177 24.4689,
	53.2217 24.4679,
	53.2238 24.4679,
	53.2278 24.4658,
	53.2319 24.4648,
	53.2329 24.4648,
	53.2349 24.4633,
	53.243 24.4613,
	53.245 24.4613,
	53.2471 24.4603,
	53.2511 24.4598,
	53.2552 24.4582,
	53.2572 24.4582,
	53.2612 24.4567,
	53.2936 24.4522,
	53.3585 24.4517,
	53.3747 24.4511,
	53.4071 24.4542,
	53.4152 24.4542,
	53.4192 24.4542,
	53.4233 24.4552,
	53.4273 24.4552,
	53.4314 24.4562,
	53.4476 24.4572,
	53.4496 24.4572,
	53.4506 24.4572,
	53.4516 24.4582,
	53.4597 24.4598,
	53.4638 24.4613,
	53.4678 24.4618,
	53.4759 24.4648,
	53.48 24.4663,
	53.4835 24.4689,
	53.4845 24.4689,
	53.4921 24.4755,
	53.4957 24.4785,
	53.5002 24.4866,
	53.5002 24.4876,
	53.5013 24.4881,
	53.5013 24.4891,
	53.5023 24.4901,
	53.5028 24.4942,
	53.5043 24.4982,
	53.5073 24.5144,
	53.5094 24.5225,
	53.5104 24.5241,
	53.5109 24.5281,
	53.5109 24.5291,
	53.5119 24.5301,
	53.5144 24.5463,
	53.5144 24.5484,
	53.5144 24.5494,
	53.5154 24.5504,
	53.5154 24.5666,
	53.5149 24.5747,
	53.5149 24.5757,
	53.5139 24.5767,
	53.5139 24.5788,
	53.5109 24.5869,
	53.5094 24.5904,
	53.5089 24.5924,
	53.5058 24.5965,
	53.5043 24.5985,
	53.5043 24.5995,
	53.5023 24.6015,
	53.4997 24.6051,
	53.4962 24.6086,
	53.4952 24.6096,
	53.4942 24.6096,
	53.4911 24.6132,
	53.484 24.6183,
	53.483 24.6183,
	53.479 24.6208,
	53.4709 24.6233,
	53.4668 24.6248,
	53.4648 24.6259,
	53.4567 24.6274,
	53.4526 24.6279,
	53.4506 24.6289,
	53.4466 24.6289,
	53.4385 24.6304,
	53.4223 24.6314,
	53.4182 24.6314,
	53.4142 24.6324,
	53.4061 24.6324,
	53.402 24.6324,
	53.398 24.6334,
	53.2683 24.635,
	53.2602 24.634,
	53.244 24.6334,
	53.24 24.6334,
	53.2359 24.6324,
	53.2319 24.6324,
	53.2278 24.6314,
	53.2197 24.6309,
	53.2035 24.6274,
	53.1995 24.6264,
	53.1974 24.6259,
	53.1964 24.6259,
	53.1954 24.6248,
	53.1873 24.6238,
	53.1792 24.6218,
	53.1711 24.6208,
	53.167 24.6208,
	53.165 24.6198,
	53.1569 24.6183,
	53.1529 24.6177,
	53.1508 24.6162,
	53.1468 24.6157,
	53.1392 24.6117,
	53.1377 24.6102,
	53.1356 24.6096,
	53.1275 24.6041,
	53.1235 24.601,
	53.1194 24.5995,
	53.1174 24.5985,
	53.1169 24.5975,
	53.1149 24.5975,
	53.1144 24.5965,
	53.1124 24.5965,
	53.1043 24.5929,
	53.1027 24.5914,
	53.0987 24.5899,
	53.0911 24.5823,
	53.0886 24.5783,
	53.0845 24.5752,
	53.0835 24.5737,
	53.0835 24.5727,
	53.081 24.5686,
	53.0794 24.5646,
	53.0784 24.5626,
	53.0784 24.5545,
	53.0784 24.5509,
	"/>
</Transform>

<Transform dim="0"
 xcoef=" 0 1 0 0 0 0"
 ycoef=" 0 0 1 0 0 0">
<Contour name="d004_cfa07b" hidden="false" closed="false" simplified="false" border="0 1 0" fill="0 1 0" mode="11"
 points="53.9795 26.8129,
	53.8761 26.8094,
	53.8096 26.8006,
	53.729 26.7919,
	53.6555 26.7823,
	"/>
</Transform>

<Transform dim="0"
 xcoef=" 0 1 0 0 0 0"
 ycoef=" 0 0 1 0 0 0">
<Contour name="d004_c07b" hidden="false" closed="true" simplified="true" border="1 0 0" fill="0 1 0" mode="11"
 points="53.6412 26.8088,
	53.6464 26.7948,
	53.6482 26.7878,
	53.6543 26.7737,
	53.6569 26.7667,
	53.6666 26.7545,
	53.6683 26.7519,
	53.6815 26.7449,
	53.7095 26.7422,
	53.7375 26.7422,
	53.7515 26.7431,
	53.755 26.7449,
	53.7585 26.7449,
	53.762 26.7466,
	53.7638 26.7466,
	53.7655 26.7484,
	53.769 26.7484,
	53.7752 26.751,
	53.7787 26.7527,
	53.7822 26.7527,
	53.7962 26.758,
	53.7979 26.758,
	53.8014 26.7606,
	53.8084 26.7615,
	53.8119 26.7615,
	53.8137 26.7632,
	53.8417 26.7659,
	53.8487 26.7659,
	53.8767 26.772,
	53.8907 26.7729,
	53.9188 26.7781,
	53.9205 26.7781,
	53.9223 26.7799,
	53.9258 26.7799,
	53.9275 26.7799,
	53.9293 26.7816,
	53.9363 26.7825,
	53.9398 26.7834,
	53.9415 26.7851,
	53.9695 26.793,
	53.973 26.7939,
	53.9783 26.8009,
	53.9818 26.8079,
	53.9844 26.8219,
	53.9836 26.8359,
	53.9792 26.8639,
	53.9765 26.8779,
	53.9722 26.892,
	53.9687 26.899,
	53.9669 26.9016,
	53.9608 26.9077,
	53.9573 26.9112,
	53.9503 26.9156,
	53.9468 26.9182,
	53.9433 26.9191,
	53.9415 26.9209,
	53.9398 26.9209,
	53.938 26.9226,
	53.9363 26.9226,
	53.9328 26.9252,
	53.9188 26.9287,
	53.8907 26.9305,
	53.7787 26.9296,
	53.7717 26.9296,
	53.7646 26.9279,
	53.7366 26.9252,
	53.7296 26.9244,
	53.7261 26.9244,
	53.7226 26.9226,
	53.6946 26.9191,
	53.6806 26.9182,
	53.6736 26.9173,
	53.6605 26.9068,
	53.6543 26.8998,
	53.6526 26.8981,
	53.6517 26.8946,
	53.6499 26.8937,
	53.6473 26.8867,
	53.6456 26.8832,
	53.6447 26.8762,
	53.6429 26.8744,
	53.6429 26.8709,
	53.6412 26.8674,
	53.6412 26.8114,
	53.6412 26.8096,
	"/>
</Transform>

<Transform dim="0"
 xcoef=" 0 1 0 0 0 0"
 ycoef=" 0 0 1 0 0 0">
<Contour name="d004_p07" hidden="false" closed="true" simplified="true" border="1 1 0" fill="0 1 0" mode="11"
 points="53.586 26.1083,
	53.5872 26.1053,
	53.5883 26.0991,
	53.5914 26.0929,
	53.5953 26.0868,
	53.598 26.0806,
	53.5991 26.0745,
	53.5987 26.0683,
	53.5976 26.0622,
	53.5972 26.0591,
	53.598 26.056,
	53.6045 26.0437,
	53.6107 26.0379,
	53.6157 26.0318,
	53.6195 26.0256,
	53.6218 26.0225,
	53.6234 26.021,
	53.6245 26.0179,
	53.626 26.0056,
	53.6264 25.9994,
	53.6295 25.9933,
	53.6318 25.9902,
	53.6438 25.9836,
	53.6499 25.9806,
	53.6622 25.9779,
	53.6684 25.9763,
	53.6715 25.9752,
	53.6838 25.9748,
	53.6899 25.9744,
	53.6961 25.9748,
	53.6976 25.9752,
	53.7038 25.9729,
	53.7161 25.9702,
	53.7223 25.9682,
	53.7346 25.9675,
	53.7469 25.9675,
	53.7962 25.9752,
	53.8023 25.9763,
	53.8085 25.9767,
	53.8208 25.9794,
	53.8454 25.9867,
	53.8577 25.9933,
	53.8701 26.0021,
	53.8762 26.0067,
	53.8824 26.0129,
	53.8874 26.0191,
	53.8901 26.0221,
	53.8966 26.0344,
	53.8985 26.0406,
	53.8989 26.0437,
	53.8981 26.0498,
	53.8978 26.0529,
	53.8908 26.0652,
	53.882 26.0776,
	53.8774 26.0837,
	53.867 26.096,
	53.8423 26.1203,
	53.8362 26.1257,
	53.8331 26.1284,
	53.83 26.1303,
	53.8239 26.1357,
	53.8139 26.148,
	53.8015 26.1726,
	53.8008 26.1757,
	53.7942 26.188,
	53.7904 26.1942,
	53.7842 26.2003,
	53.7781 26.2042,
	53.7658 26.2076,
	53.7627 26.2084,
	53.738 26.2084,
	53.7319 26.2084,
	53.7196 26.2061,
	53.7073 26.2019,
	53.6826 26.1892,
	53.6703 26.1818,
	53.6641 26.178,
	53.6518 26.1715,
	53.6457 26.168,
	53.6334 26.1591,
	53.6272 26.1545,
	53.6149 26.1476,
	53.6122 26.1445,
	53.6107 26.143,
	53.6076 26.1411,
	53.6014 26.136,
	53.5956 26.1303,
	53.5906 26.1241,
	53.5872 26.118,
	53.586 26.1149,
	53.586 26.1087,
	"/>
</Transform>

<Transform dim="0"
 xcoef=" 0 1 0 0 0 0"
 ycoef=" 0 0 1 0 0 0">
<Contour name="d004_p07" hidden="false" closed="true" simplified="true" border="1 1 0" fill="0 1 0" mode="11"
 points="53.4621 26.7344,
	53.482 26.6495,
	53.4887 26.6283,
	53.4926 26.6177,
	53.4926 26.6124,
	53.4979 26.6084,
	53.5006 26.6057,
	53.5006 26.6004,
	53.5059 26.5898,
	53.5152 26.5792,
	53.5563 26.554,
	53.5987 26.5341,
	53.6094 26.5275,
	53.6147 26.5248,
	53.6253 26.5155,
	53.6584 26.4731,
	53.6637 26.4691,
	53.6637 26.4665,
	53.6836 26.4452,
	53.6929 26.4346,
	53.6969 26.4293,
	53.6982 26.424,
	53.7022 26.4187,
	53.7035 26.3975,
	53.7035 26.3869,
	53.7009 26.3816,
	53.6982 26.3789,
	53.6982 26.3763,
	53.6956 26.3736,
	53.6929 26.363,
	53.6929 26.3418,
	53.6956 26.3312,
	53.7261 26.2887,
	53.734 26.2675,
	53.738 26.2569,
	53.7393 26.2516,
	53.7473 26.241,
	53.7897 26.2131,
	53.8043 26.1919,
	53.8096 26.1866,
	53.8123 26.1853,
	53.8123 26.1826,
	53.8229 26.172,
	53.8282 26.1667,
	53.8494 26.1548,
	53.86 26.1508,
	53.8813 26.1495,
	53.8919 26.1495,
	53.9025 26.1521,
	53.9131 26.1614,
	53.9184 26.164,
	53.9277 26.1747,
	53.937 26.1959,
	53.9383 26.2065,
	53.9396 26.2118,
	53.937 26.2224,
	53.9237 26.2436,
	53.9038 26.2635,
	53.8945 26.2741,
	53.8799 26.2954,
	53.868 26.3166,
	53.8561 26.359,
	53.8547 26.3696,
	53.8481 26.3909,
	53.8441 26.4015,
	53.8455 26.4439,
	53.8521 26.4651,
	53.8561 26.4757,
	53.8587 26.497,
	53.8574 26.5394,
	53.8587 26.55,
	53.864 26.5606,
	53.872 26.5712,
	53.8932 26.5885,
	53.9038 26.5938,
	53.9144 26.6017,
	53.9356 26.611,
	54.0205 26.6561,
	54.0418 26.6601,
	54.0842 26.6588,
	54.0895 26.6588,
	54.1107 26.6508,
	54.116 26.6508,
	54.1373 26.6429,
	54.1797 26.6362,
	54.2221 26.6362,
	54.2434 26.6336,
	54.2646 26.6283,
	54.307 26.6256,
	54.3283 26.6203,
	54.3389 26.6177,
	54.3813 26.6163,
	54.4025 26.619,
	54.4131 26.6203,
	54.4238 26.6243,
	54.445 26.6402,
	54.4649 26.6601,
	54.4742 26.6707,
	54.4795 26.6813,
	54.4821 26.7025,
	54.4808 26.7238,
	54.4781 26.7344,
	54.4688 26.745,
	54.4582 26.749,
	54.4476 26.7503,
	54.4423 26.7503,
	54.4317 26.7543,
	54.3893 26.7543,
	54.368 26.7503,
	54.3574 26.745,
	54.3548 26.7423,
	54.3442 26.7384,
	54.3336 26.7317,
	54.3283 26.7278,
	54.3229 26.7278,
	54.3176 26.7251,
	54.2964 26.7238,
	54.2752 26.7278,
	54.2646 26.7317,
	54.254 26.7384,
	54.2487 26.7397,
	54.2394 26.7476,
	54.2182 26.7556,
	54.2076 26.7583,
	54.2022 26.7609,
	54.1916 26.7622,
	54.1704 26.7689,
	54.128 26.7742,
	54.1067 26.7768,
	54.1041 26.7768,
	54.0988 26.7808,
	54.0935 26.7821,
	54.051 26.8126,
	54.0311 26.8312,
	54.0205 26.8378,
	53.9993 26.8458,
	53.9144 26.8498,
	53.872 26.8498,
	53.8295 26.8431,
	53.8083 26.8418,
	53.7659 26.8352,
	53.7446 26.8325,
	53.7022 26.8232,
	53.6969 26.8206,
	53.6545 26.8126,
	53.6332 26.81,
	53.5908 26.81,
	53.5483 26.8166,
	53.5271 26.8193,
	53.5059 26.8193,
	53.4847 26.8126,
	53.4754 26.8034,
	53.4688 26.7927,
	53.4621 26.7715,
	53.4621 26.7503,
	53.4621 26.7397,
	53.4621 26.7357,
	"/>
</Transform>

<Transform dim="0"
 xcoef=" 0 1 0 0 0 0"
 ycoef=" 0 0 1 0 0 0">
<Contour name="d004" hidden="false" closed="true" simplified="true" border="0 1 1" fill="0 0 1" mode="11"
 points="54.4123 25.4745,
	54.4144 25.4662,
	54.4206 25.459,
	54.4237 25.4549,
	54.4402 25.4466,
	54.4567 25.4415,
	54.4649 25.4394,
	54.4711 25.4332,
	54.4783 25.4291,
	54.4856 25.4218,
	54.4866 25.4053,
	54.4835 25.3888,
	54.4814 25.3806,
	54.4794 25.3765,
	54.4783 25.3434,
	54.4752 25.3269,
	54.4701 25.3104,
	54.4691 25.2939,
	54.4691 25.2857,
	54.4721 25.2774,
	54.4742 25.2733,
	54.4742 25.2712,
	54.4794 25.264,
	54.4948 25.2475,
	54.5062 25.232,
	54.5083 25.2279,
	54.5083 25.2238,
	54.5114 25.2196,
	54.5444 25.2186,
	54.5526 25.2196,
	54.5567 25.2217,
	54.5588 25.2217,
	54.5609 25.2238,
	54.5774 25.2289,
	54.5856 25.232,
	54.6021 25.233,
	54.6104 25.233,
	54.6145 25.232,
	54.6166 25.23,
	54.6248 25.2269,
	54.6331 25.2196,
	54.6465 25.2073,
	54.6506 25.2031,
	54.6589 25.2,
	54.6754 25.198,
	54.6919 25.1938,
	54.7249 25.1928,
	54.7414 25.1928,
	54.7744 25.1897,
	54.8074 25.1887,
	54.824 25.1815,
	54.8322 25.1784,
	54.8652 25.1784,
	54.8817 25.1794,
	54.8859 25.1794,
	54.89 25.1815,
	54.8982 25.1825,
	54.9312 25.198,
	54.9478 25.2021,
	54.956 25.2031,
	54.9643 25.2021,
	54.9725 25.199,
	54.9766 25.1969,
	54.9808 25.1969,
	54.9828 25.1949,
	55.0158 25.1959,
	55.0324 25.2042,
	55.0406 25.2104,
	55.0437 25.2145,
	55.0602 25.2248,
	55.0643 25.2289,
	55.0798 25.2382,
	55.0963 25.2454,
	55.1128 25.2485,
	55.1211 25.2506,
	55.1376 25.2588,
	55.1458 25.264,
	55.1541 25.2671,
	55.1623 25.2723,
	55.1644 25.2723,
	55.1799 25.2836,
	55.1861 25.2888,
	55.1923 25.296,
	55.2108 25.328,
	55.215 25.3352,
	55.216 25.3517,
	55.2129 25.3682,
	55.2098 25.3765,
	55.2088 25.3806,
	55.2057 25.3837,
	55.2026 25.3919,
	55.1995 25.3961,
	55.1871 25.4291,
	55.1902 25.4621,
	55.1923 25.4786,
	55.1923 25.4868,
	55.1954 25.4951,
	55.1964 25.5034,
	55.2026 25.5199,
	55.2119 25.5353,
	55.2191 25.5436,
	55.2304 25.557,
	55.2377 25.5632,
	55.249 25.5787,
	55.2604 25.5921,
	55.2717 25.6086,
	55.2748 25.6127,
	55.2769 25.6148,
	55.2769 25.6168,
	55.2882 25.6333,
	55.2944 25.6499,
	55.2965 25.6581,
	55.2965 25.6746,
	55.2934 25.6911,
	55.282 25.7241,
	55.2738 25.7406,
	55.2676 25.7479,
	55.2635 25.7561,
	55.2604 25.7602,
	55.2573 25.7685,
	55.2552 25.7726,
	55.2552 25.7891,
	55.2562 25.7933,
	55.2614 25.8015,
	55.2645 25.8056,
	55.2655 25.8098,
	55.2655 25.8118,
	55.2676 25.8139,
	55.2676 25.8304,
	55.2665 25.8387,
	55.2665 25.8428,
	55.2593 25.8583,
	55.2552 25.8655,
	55.2542 25.8985,
	55.2521 25.9067,
	55.248 25.915,
	55.2439 25.9171,
	55.2418 25.9191,
	55.2377 25.9202,
	55.2335 25.9232,
	55.217 25.9274,
	55.2088 25.9284,
	55.2046 25.9305,
	55.1881 25.9336,
	55.1716 25.9387,
	55.1634 25.9418,
	55.1613 25.9418,
	55.1593 25.9439,
	55.1572 25.9439,
	55.1551 25.9459,
	55.1531 25.9459,
	55.152 25.948,
	55.15 25.948,
	55.1479 25.9501,
	55.1458 25.9501,
	55.1417 25.9532,
	55.0757 25.9728,
	55.0592 25.9686,
	55.0262 25.9676,
	55.0179 25.9697,
	54.9849 25.9728,
	54.9684 25.9748,
	54.9601 25.9759,
	54.956 25.9759,
	54.9539 25.9779,
	54.9457 25.9779,
	54.9374 25.98,
	54.9292 25.98,
	54.9251 25.9821,
	54.9086 25.9821,
	54.892 25.979,
	54.8838 25.9769,
	54.8766 25.9697,
	54.8683 25.9645,
	54.8601 25.9625,
	54.8518 25.9625,
	54.8353 25.9676,
	54.8332 25.9697,
	54.8291 25.9707,
	54.825 25.9738,
	54.8085 25.9759,
	54.792 25.9759,
	54.7755 25.9738,
	54.7672 25.9697,
	54.759 25.9686,
	54.7425 25.9604,
	54.7342 25.9552,
	54.7301 25.9521,
	54.728 25.9521,
	54.7198 25.9449,
	54.7177 25.9429,
	54.7156 25.9429,
	54.7136 25.9408,
	54.7094 25.9398,
	54.7053 25.9367,
	54.7012 25.9356,
	54.6971 25.9325,
	54.6805 25.9274,
	54.6475 25.9232,
	54.631 25.9181,
	54.6228 25.914,
	54.6073 25.9006,
	54.6021 25.8933,
	54.598 25.8892,
	54.5939 25.882,
	54.5908 25.8779,
	54.5856 25.8613,
	54.5815 25.8531,
	54.5784 25.85,
	54.5774 25.8459,
	54.566 25.8294,
	54.5516 25.818,
	54.5433 25.8129,
	54.5268 25.8118,
	54.5103 25.8067,
	54.5083 25.8067,
	54.5052 25.8025,
	54.5052 25.8005,
	54.5031 25.7994,
	54.4979 25.7829,
	54.4969 25.7788,
	54.4948 25.7778,
	54.4918 25.7695,
	54.4897 25.7664,
	54.4752 25.753,
	54.4721 25.7499,
	54.4691 25.7334,
	54.4639 25.6674,
	54.4608 25.6509,
	54.4608 25.6344,
	54.4587 25.6179,
	54.4556 25.6096,
	54.4515 25.5766,
	54.4505 25.5683,
	54.4402 25.5529,
	54.435 25.5446,
	54.4329 25.5426,
	54.4329 25.5405,
	54.4309 25.5384,
	54.4247 25.5219,
	54.4216 25.5137,
	54.4164 25.5054,
	54.4144 25.5013,
	54.4144 25.4992,
	54.4123 25.4972,
	54.4123 25.4807,
	54.4123 25.4765,
	54.4123 25.4755,
	"/>
<Contour name="d004_i05_o02" hidden="false" closed="true" simplified="true" border="0 1 1" fill="0 0 1" mode="11"
 points="54.4123 25.4745,
	54.4144 25.4662,
	54.4206 25.459,
	54.4237 25.4549,
	54.4402 25.4466,
	54.4567 25.4415,
	54.4649 25.4394,
	54.4711 25.4332,
	54.4783 25.4291,
	54.4856 25.4218,
	54.4866 25.4053,
	54.4835 25.3888,
	54.4814 25.3806,
	54.4794 25.3765,
	54.4783 25.3434,
	54.4752 25.3269,
	54.4701 25.3104,
	54.4691 25.2939,
	54.4691 25.2857,
	54.4721 25.2774,
	54.4742 25.2733,
	54.4742 25.2712,
	54.4794 25.264,
	54.4948 25.2475,
	54.5062 25.232,
	54.5083 25.2279,
	54.5083 25.2238,
	54.5114 25.2196,
	54.5444 25.2186,
	54.5526 25.2196,
	54.5567 25.2217,
	54.5588 25.2217,
	54.5609 25.2238,
	54.5774 25.2289,
	54.5856 25.232,
	54.6021 25.233,
	54.6104 25.233,
	54.6145 25.232,
	54.6166 25.23,
	54.6248 25.2269,
	54.6331 25.2196,
	54.6465 25.2073,
	54.6506 25.2031,
	54.6589 25.2,
	54.6754 25.198,
	54.6919 25.1938,
	54.7249 25.1928,
	54.7414 25.1928,
	54.7744 25.1897,
	54.8074 25.1887,
	54.824 25.1815,
	54.8322 25.1784,
	54.8652 25.1784,
	54.8817 25.1794,
	54.8859 25.1794,
	54.89 25.1815,
	54.8982 25.1825,
	54.9312 25.198,
	54.9478 25.2021,
	54.956 25.2031,
	54.9643 25.2021,
	54.9725 25.199,
	54.9766 25.1969,
	54.9808 25.1969,
	54.9828 25.1949,
	55.0158 25.1959,
	55.0324 25.2042,
	55.0406 25.2104,
	55.0437 25.2145,
	55.0602 25.2248,
	55.0643 25.2289,
	55.0798 25.2382,
	55.0963 25.2454,
	55.1128 25.2485,
	55.1211 25.2506,
	55.1376 25.2588,
	55.1458 25.264,
	55.1541 25.2671,
	55.1623 25.2723,
	55.1644 25.2723,
	55.1799 25.2836,
	55.1861 25.2888,
	55.1923 25.296,
	55.2108 25.328,
	55.215 25.3352,
	55.216 25.3517,
	55.2129 25.3682,
	55.2098 25.3765,
	55.2088 25.3806,
	55.2057 25.3837,
	55.2026 25.3919,
	55.1995 25.3961,
	55.1871 25.4291,
	55.1902 25.4621,
	55.1923 25.4786,
	55.1923 25.4868,
	55.1954 25.4951,
	55.1964 25.5034,
	55.2026 25.5199,
	55.2119 25.5353,
	55.2191 25.5436,
	55.2304 25.557,
	55.2377 25.5632,
	55.249 25.5787,
	55.2604 25.5921,
	55.2717 25.6086,
	55.2748 25.6127,
	55.2769 25.6148,
	55.2769 25.6168,
	55.2882 25.6333,
	55.2944 25.6499,
	55.2965 25.6581,
	55.2965 25.6746,
	55.2934 25.6911,
	55.282 25.7241,
	55.2738 25.7406,
	55.2676 25.7479,
	55.2635 25.7561,
	55.2604 25.7602,
	55.2573 25.7685,
	55.2552 25.7726,
	55.2552 25.7891,
	55.2562 25.7933,
	55.2614 25.8015,
	55.2645 25.8056,
	55.2655 25.8098,
	55.2655 25.8118,
	55.2676 25.8139,
	55.2676 25.8304,
	55.2665 25.8387,
	55.2665 25.8428,
	55.2593 25.8583,
	55.2552 25.8655,
	55.2542 25.8985,
	55.2521 25.9067,
	55.248 25.915,
	55.2439 25.9171,
	55.2418 25.9191,
	55.2377 25.9202,
	55.2335 25.9232,
	55.217 25.9274,
	55.2088 25.9284,
	55.2046 25.9305,
	55.1881 25.9336,
	55.1716 25.9387,
	55.1634 25.9418,
	55.1613 25.9418,
	55.1593 25.9439,
	55.1572 25.9439,
	55.1551 25.9459,
	55.1531 25.9459,
	55.152 25.948,
	55.15 25.948,
	55.1479 25.9501,
	55.1458 25.9501,
	55.1417 25.9532,
	55.0757 25.9728,
	55.0592 25.9686,
	55.0262 25.9676,
	55.0179 25.9697,
	54.9849 25.9728,
	54.9684 25.9748,
	54.9601 25.9759,
	54.956 25.9759,
	54.9539 25.9779,
	54.9457 25.9779,
	54.9374 25.98,
	54.9292 25.98,
	54.9251 25.9821,
	54.9086 25.9821,
	54.892 25.979,
	54.8838 25.9769,
	54.8766 25.9697,
	54.8683 25.9645,
	54.8601 25.9625,
	54.8518 25.9625,
	54.8353 25.9676,
	54.8332 25.9697,
	54.8291 25.9707,
	54.825 25.9738,
	54.8085 25.9759,
	54.792 25.9759,
	54.7755 25.9738,
	54.7672 25.9697,
	54.759 25.9686,
	54.7425 25.9604,
	54.7342 25.9552,
	54.7301 25.9521,
	54.728 25.9521,
	54.7198 25.9449,
	54.7177 25.9429,
	54.7156 25.9429,
	54.7136 25.9408,
	54.7094 25.9398,
	54.7053 25.9367,
	54.7012 25.9356,
	54.6971 25.9325,
	54.6805 25.9274,
	54.6475 25.9232,
	54.631 25.9181,
	54.6228 25.914,
	54.6073 25.9006,
	54.6021 25.8933,
	54.598 25.8892,
	54.5939 25.882,
	54.5908 25.8779,
	54.5856 25.8613,
	54.5815 25.8531,
	54.5784 25.85,
	54.5774 25.8459,
	54.566 25.8294,
	54.5516 25.818,
	54.5433 25.8129,
	54.5268 25.8118,
	54.5103 25.8067,
	54.5083 25.8067,
	54.5052 25.8025,
	54.5052 25.8005,
	54.5031 25.7994,
	54.4979 25.7829,
	54.4969 25.7788,
	54.4948 25.7778,
	54.4918 25.7695,
	54.4897 25.7664,
	54.4752 25.753,
	54.4721 25.7499,
	54.4691 25.7334,
	54.4639 25.6674,
	54.4608 25.6509,
	54.4608 25.6344,
	54.4587 25.6179,
	54.4556 25.6096,
	54.4515 25.5766,
	54.4505 25.5683,
	54.4402 25.5529,
	54.435 25.5446,
	54.4329 25.5426,
	54.4329 25.5405,
	54.4309 25.5384,
	54.4247 25.5219,
	54.4216 25.5137,
	54.4164 25.5054,
	54.4144 25.5013,
	54.4144 25.4992,
	54.4123 25.4972,
	54.4123 25.4807,
	54.4123 25.4765,
	54.4123 25.4755,
	"/>
<Contour name="d004_i05_o03" hidden="false" closed="true" simplified="true" border="0 1 1" fill="0 0 1" mode="11"
 points="54.4123 25.4745,
	54.4144 25.4662,
	54.4206 25.459,
	54.4237 25.4549,
	54.4402 25.4466,
	54.4567 25.4415,
	54.4649 25.4394,
	54.4711 25.4332,
	54.4783 25.4291,
	54.4856 25.4218,
	54.4866 25.4053,
	54.4835 25.3888,
	54.4814 25.3806,
	54.4794 25.3765,
	54.4783 25.3434,
	54.4752 25.3269,
	54.4701 25.3104,
	54.4691 25.2939,
	54.4691 25.2857,
	54.4721 25.2774,
	54.4742 25.2733,
	54.4742 25.2712,
	54.4794 25.264,
	54.4948 25.2475,
	54.5062 25.232,
	54.5083 25.2279,
	54.5083 25.2238,
	54.5114 25.2196,
	54.5444 25.2186,
	54.5526 25.2196,
	54.5567 25.2217,
	54.5588 25.2217,
	54.5609 25.2238,
	54.5774 25.2289,
	54.5856 25.232,
	54.6021 25.233,
	54.6104 25.233,
	54.6145 25.232,
	54.6166 25.23,
	54.6248 25.2269,
	54.6331 25.2196,
	54.6465 25.2073,
	54.6506 25.2031,
	54.6589 25.2,
	54.6754 25.198,
	54.6919 25.1938,
	54.7249 25.1928,
	54.7414 25.1928,
	54.7744 25.1897,
	54.8074 25.1887,
	54.824 25.1815,
	54.8322 25.1784,
	54.8652 25.1784,
	54.8817 25.1794,
	54.8859 25.1794,
	54.89 25.1815,
	54.8982 25.1825,
	54.9312 25.198,
	54.9478 25.2021,
	54.956 25.2031,
	54.9643 25.2021,
	54.9725 25.199,
	54.9766 25.1969,
	54.9808 25.1969,
	54.9828 25.1949,
	55.0158 25.1959,
	55.0324 25.2042,
	55.0406 25.2104,
	55.0437 25.2145,
	55.0602 25.2248,
	55.0643 25.2289,
	55.0798 25.2382,
	55.0963 25.2454,
	55.1128 25.2485,
	55.1211 25.2506,
	55.1376 25.2588,
	55.1458 25.264,
	55.1541 25.2671,
	55.1623 25.2723,
	55.1644 25.2723,
	55.1799 25.2836,
	55.1861 25.2888,
	55.1923 25.296,
	55.2108 25.328,
	55.215 25.3352,
	55.216 25.3517,
	55.2129 25.3682,
	55.2098 25.3765,
	55.2088 25.3806,
	55.2057 25.3837,
	55.2026 25.3919,
	55.1995 25.3961,
	55.1871 25.4291,
	55.1902 25.4621,
	55.1923 25.4786,
	55.1923 25.4868,
	55.1954 25.4951,
	55.1964 25.5034,
	55.2026 25.5199,
	55.2119 25.5353,
	55.2191 25.5436,
	55.2304 25.557,
	55.2377 25.5632,
	55.249 25.5787,
	55.2604 25.5921,
	55.2717 25.6086,
	55.2748 25.6127,
	55.2769 25.6148,
	55.2769 25.6168,
	55.2882 25.6333,
	55.2944 25.6499,
	55.2965 25.6581,
	55.2965 25.6746,
	55.2934 25.6911,
	55.282 25.7241,
	55.2738 25.7406,
	55.2676 25.7479,
	55.2635 25.7561,
	55.2604 25.7602,
	55.2573 25.7685,
	55.2552 25.7726,
	55.2552 25.7891,
	55.2562 25.7933,
	55.2614 25.8015,
	55.2645 25.8056,
	55.2655 25.8098,
	55.2655 25.8118,
	55.2676 25.8139,
	55.2676 25.8304,
	55.2665 25.8387,
	55.2665 25.8428,
	55.2593 25.8583,
	55.2552 25.8655,
	55.2542 25.8985,
	55.2521 25.9067,
	55.248 25.915,
	55.2439 25.9171,
	55.2418 25.9191,
	55.2377 25.9202,
	55.2335 25.9232,
	55.217 25.9274,
	55.2088 25.9284,
	55.2046 25.9305,
	55.1881 25.9336,
	55.1716 25.9387,
	55.1634 25.9418,
	55.1613 25.9418,
	55.1593 25.9439,
	55.1572 25.9439,
	55.1551 25.9459,
	55.1531 25.9459,
	55.152 25.948,
	55.15 25.948,
	55.1479 25.9501,
	55.1458 25.9501,
	55.1417 25.9532,
	55.0757 25.9728,
	55.0592 25.9686,
	55.0262 25.9676,
	55.0179 25.9697,
	54.9849 25.9728,
	54.9684 25.9748,
	54.9601 25.9759,
	54.956 25.9759,
	54.9539 25.9779,
	54.9457 25.9779,
	54.9374 25.98,
	54.9292 25.98,
	54.9251 25.9821,
	54.9086 25.9821,
	54.892 25.979,
	54.8838 25.9769,
	54.8766 25.9697,
	54.8683 25.9645,
	54.8601 25.9625,
	54.8518 25.9625,
	54.8353 25.9676,
	54.8332 25.9697,
	54.8291 25.9707,
	54.825 25.9738,
	54.8085 25.9759,
	54.792 25.9759,
	54.7755 25.9738,
	54.7672 25.9697,
	54.759 25.9686,
	54.7425 25.9604,
	54.7342 25.9552,
	54.7301 25.9521,
	54.728 25.9521,
	54.7198 25.9449,
	54.7177 25.9429,
	54.7156 25.9429,
	54.7136 25.9408,
	54.7094 25.9398,
	54.7053 25.9367,
	54.7012 25.9356,
	54.6971 25.9325,
	54.6805 25.9274,
	54.6475 25.9232,
	54.631 25.9181,
	54.6228 25.914,
	54.6073 25.9006,
	54.6021 25.8933,
	54.598 25.8892,
	54.5939 25.882,
	54.5908 25.8779,
	54.5856 25.8613,
	54.5815 25.8531,
	54.5784 25.85,
	54.5774 25.8459,
	54.566 25.8294,
	54.5516 25.818,
	54.5433 25.8129,
	54.5268 25.8118,
	54.5103 25.8067,
	54.5083 25.8067,
	54.5052 25.8025,
	54.5052 25.8005,
	54.5031 25.7994,
	54.4979 25.7829,
	54.4969 25.7788,
	54.4948 25.7778,
	54.4918 25.7695,
	54.4897 25.7664,
	54.4752 25.753,
	54.4721 25.7499,
	54.4691 25.7334,
	54.4639 25.6674,
	54.4608 25.6509,
	54.4608 25.6344,
	54.4587 25.6179,
	54.4556 25.6096,
	54.4515 25.5766,
	54.4505 25.5683,
	54.4402 25.5529,
	54.435 25.5446,
	54.4329 25.5426,
	54.4329 25.5405,
	54.4309 25.5384,
	54.4247 25.5219,
	54.4216 25.5137,
	54.4164 25.5054,
	54.4144 25.5013,
	54.4144 25.4992,
	54.4123 25.4972,
	54.4123 25.4807,
	54.4123 25.4765,
	54.4123 25.4755,
	"/>
<Contour name="d004_i05_o04" hidden="false" closed="true" simplified="true" border="0 1 1" fill="0 0 1" mode="11"
 points="54.4123 25.4745,
	54.4144 25.4662,
	54.4206 25.459,
	54.4237 25.4549,
	54.4402 25.4466,
	54.4567 25.4415,
	54.4649 25.4394,
	54.4711 25.4332,
	54.4783 25.4291,
	54.4856 25.4218,
	54.4866 25.4053,
	54.4835 25.3888,
	54.4814 25.3806,
	54.4794 25.3765,
	54.4783 25.3434,
	54.4752 25.3269,
	54.4701 25.3104,
	54.4691 25.2939,
	54.4691 25.2857,
	54.4721 25.2774,
	54.4742 25.2733,
	54.4742 25.2712,
	54.4794 25.264,
	54.4948 25.2475,
	54.5062 25.232,
	54.5083 25.2279,
	54.5083 25.2238,
	54.5114 25.2196,
	54.5444 25.2186,
	54.5526 25.2196,
	54.5567 25.2217,
	54.5588 25.2217,
	54.5609 25.2238,
	54.5774 25.2289,
	54.5856 25.232,
	54.6021 25.233,
	54.6104 25.233,
	54.6145 25.232,
	54.6166 25.23,
	54.6248 25.2269,
	54.6331 25.2196,
	54.6465 25.2073,
	54.6506 25.2031,
	54.6589 25.2,
	54.6754 25.198,
	54.6919 25.1938,
	54.7249 25.1928,
	54.7414 25.1928,
	54.7744 25.1897,
	54.8074 25.1887,
	54.824 25.1815,
	54.8322 25.1784,
	54.8652 25.1784,
	54.8817 25.1794,
	54.8859 25.1794,
	54.89 25.1815,
	54.8982 25.1825,
	54.9312 25.198,
	54.9478 25.2021,
	54.956 25.2031,
	54.9643 25.2021,
	54.9725 25.199,
	54.9766 25.1969,
	54.9808 25.1969,
	54.9828 25.1949,
	55.0158 25.1959,
	55.0324 25.2042,
	55.0406 25.2104,
	55.0437 25.2145,
	55.0602 25.2248,
	55.0643 25.2289,
	55.0798 25.2382,
	55.0963 25.2454,
	55.1128 25.2485,
	55.1211 25.2506,
	55.1376 25.2588,
	55.1458 25.264,
	55.1541 25.2671,
	55.1623 25.2723,
	55.1644 25.2723,
	55.1799 25.2836,
	55.1861 25.2888,
	55.1923 25.296,
	55.2108 25.328,
	55.215 25.3352,
	55.216 25.3517,
	55.2129 25.3682,
	55.2098 25.3765,
	55.2088 25.3806,
	55.2057 25.3837,
	55.2026 25.3919,
	55.1995 25.3961,
	55.1871 25.4291,
	55.1902 25.4621,
	55.1923 25.4786,
	55.1923 25.4868,
	55.1954 25.4951,
	55.1964 25.5034,
	55.2026 25.5199,
	55.2119 25.5353,
	55.2191 25.5436,
	55.2304 25.557,
	55.2377 25.5632,
	55.249 25.5787,
	55.2604 25.5921,
	55.2717 25.6086,
	55.2748 25.6127,
	55.2769 25.6148,
	55.2769 25.6168,
	55.2882 25.6333,
	55.2944 25.6499,
	55.2965 25.6581,
	55.2965 25.6746,
	55.2934 25.6911,
	55.282 25.7241,
	55.2738 25.7406,
	55.2676 25.7479,
	55.2635 25.7561,
	55.2604 25.7602,
	55.2573 25.7685,
	55.2552 25.7726,
	55.2552 25.7891,
	55.2562 25.7933,
	55.2614 25.8015,
	55.2645 25.8056,
	55.2655 25.8098,
	55.2655 25.8118,
	55.2676 25.8139,
	55.2676 25.8304,
	55.2665 25.8387,
	55.2665 25.8428,
	55.2593 25.8583,
	55.2552 25.8655,
	55.2542 25.8985,
	55.2521 25.9067,
	55.248 25.915,
	55.2439 25.9171,
	55.2418 25.9191,
	55.2377 25.9202,
	55.2335 25.9232,
	55.217 25.9274,
	55.2088 25.9284,
	55.2046 25.9305,
	55.1881 25.9336,
	55.1716 25.9387,
	55.1634 25.9418,
	55.1613 25.9418,
	55.1593 25.9439,
	55.1572 25.9439,
	55.1551 25.9459,
	55.1531 25.9459,
	55.152 25.948,
	55.15 25.948,
	55.1479 25.9501,
	55.1458 25.9501,
	55.1417 25.9532,
	55.0757 25.9728,
	55.0592 25.9686,
	55.0262 25.9676,
	55.0179 25.9697,
	54.9849 25.9728,
	54.9684 25.9748,
	54.9601 25.9759,
	54.956 25.9759,
	54.9539 25.9779,
	54.9457 25.9779,
	54.9374 25.98,
	54.9292 25.98,
	54.9251 25.9821,
	54.9086 25.9821,
	54.892 25.979,
	54.8838 25.9769,
	54.8766 25.9697,
	54.8683 25.9645,
	54.8601 25.9625,
	54.8518 25.9625,
	54.8353 25.9676,
	54.8332 25.9697,
	54.8291 25.9707,
	54.825 25.9738,
	54.8085 25.9759,
	54.792 25.9759,
	54.7755 25.9738,
	54.7672 25.9697,
	54.759 25.9686,
	54.7425 25.9604,
	54.7342 25.9552,
	54.7301 25.9521,
	54.728 25.9521,
	54.7198 25.9449,
	54.7177 25.9429,
	54.7156 25.9429,
	54.7136 25.9408,
	54.7094 25.9398,
	54.7053 25.9367,
	54.7012 25.9356,
	54.6971 25.9325,
	54.6805 25.9274,
	54.6475 25.9232,
	54.631 25.9181,
	54.6228 25.914,
	54.6073 25.9006,
	54.6021 25.8933,
	54.598 25.8892,
	54.5939 25.882,
	54.5908 25.8779,
	54.5856 25.8613,
	54.5815 25.8531,
	54.5784 25.85,
	54.5774 25.8459,
	54.566 25.8294,
	54.5516 25.818,
	54.5433 25.8129,
	54.5268 25.8118,
	54.5103 25.8067,
	54.5083 25.8067,
	54.5052 25.8025,
	54.5052 25.8005,
	54.5031 25.7994,
	54.4979 25.7829,
	54.4969 25.7788,
	54.4948 25.7778,
	54.4918 25.7695,
	54.4897 25.7664,
	54.4752 25.753,
	54.4721 25.7499,
	54.4691 25.7334,
	54.4639 25.6674,
	54.4608 25.6509,
	54.4608 25.6344,
	54.4587 25.6179,
	54.4556 25.6096,
	54.4515 25.5766,
	54.4505 25.5683,
	54.4402 25.5529,
	54.435 25.5446,
	54.4329 25.5426,
	54.4329 25.5405,
	54.4309 25.5384,
	54.4247 25.5219,
	54.4216 25.5137,
	54.4164 25.5054,
	54.4144 25.5013,
	54.4144 25.4992,
	54.4123 25.4972,
	54.4123 25.4807,
	54.4123 25.4765,
	54.4123 25.4755,
	"/>
</Transform>

<Transform dim="1"
 xcoef=" 0 1 0 0 0 0"
 ycoef=" 0.01 0 1 0 0 0">
<Contour name="d004_cl01_asyn" hidden="false" closed="true" simplified="true" border="0 1 1" fill="0 0 1" mode="11"
 points="54.4123 25.4745,
	54.4144 25.4662,
	54.4206 25.459,
	54.4237 25.4549,
	54.4402 25.4466,
	54.4567 25.4415,
	54.4649 25.4394,
	54.4711 25.4332,
	54.4783 25.4291,
	54.4856 25.4218,
	54.4866 25.4053,
	54.4835 25.3888,
	54.4814 25.3806,
	54.4794 25.3765,
	54.4783 25.3434,
	54.4752 25.3269,
	54.4701 25.3104,
	54.4691 25.2939,
	54.4691 25.2857,
	54.4721 25.2774,
	54.4742 25.2733,
	54.4742 25.2712,
	54.4794 25.264,
	54.4948 25.2475,
	54.5062 25.232,
	54.5083 25.2279,
	54.5083 25.2238,
	54.5114 25.2196,
	54.5444 25.2186,
	54.5526 25.2196,
	54.5567 25.2217,
	54.5588 25.2217,
	54.5609 25.2238,
	54.5774 25.2289,
	54.5856 25.232,
	54.6021 25.233,
	54.6104 25.233,
	54.6145 25.232,
	54.6166 25.23,
	54.6248 25.2269,
	54.6331 25.2196,
	54.6465 25.2073,
	54.6506 25.2031,
	54.6589 25.2,
	54.6754 25.198,
	54.6919 25.1938,
	54.7249 25.1928,
	54.7414 25.1928,
	54.7744 25.1897,
	54.8074 25.1887,
	54.824 25.1815,
	54.8322 25.1784,
	54.8652 25.1784,
	54.8817 25.1794,
	54.8859 25.1794,
	54.89 25.1815,
	54.8982 25.1825,
	54.9312 25.198,
	54.9478 25.2021,
	54.956 25.2031,
	54.9643 25.2021,
	54.9725 25.199,
	54.9766 25.1969,
	54.9808 25.1969,
	54.9828 25.1949,
	55.0158 25.1959,
	55.0324 25.2042,
	55.0406 25.2104,
	55.0437 25.2145,
	55.0602 25.2248,
	55.0643 25.2289,
	55.0798 25.2382,
	55.0963 25.2454,
	55.1128 25.2485,
	55.1211 25.2506,
	55.1376 25.2588,
	55.1458 25.264,
	55.1541 25.2671,
	55.1623 25.2723,
	55.1644 25.2723,
	55.1799 25.2836,
	55.1861 25.2888,
	55.1923 25.296,
	55.2108 25.328,
	55.215 25.3352,
	55.216 25.3517,
	55.2129 25.3682,
	55.2098 25.3765,
	55.2088 25.3806,
	55.2057 25.3837,
	55.2026 25.3919,
	55.1995 25.3961,
	55.1871 25.4291,
	55.1902 25.4621,
	55.1923 25.4786,
	55.1923 25.4868,
	55.1954 25.4951,
	55.1964 25.5034,
	55.2026 25.5199,
	55.2119 25.5353,
	55.2191 25.5436,
	55.2304 25.557,
	55.2377 25.5632,
	55.249 25.5787,
	55.2604 25.5921,
	55.2717 25.6086,
	55.2748 25.6127,
	55.2769 25.6148,
	55.2769 25.6168,
	55.2882 25.6333,
	55.2944 25.6499,
	55.2965 25.6581,
	55.2965 25.6746,
	55.2934 25.6911,
	55.282 25.7241,
	55.2738 25.7406,
	55.2676 25.7479,
	55.2635 25.7561,
	55.2604 25.7602,
	55.2573 25.7685,
	55.2552 25.7726,
	55.2552 25.7891,
	55.2562 25.7933,
	55.2614 25.8015,
	55.2645 25.8056,
	55.2655 25.8098,
	55.2655 25.8118,
	55.2676 25.8139,
	55.2676 25.8304,
	55.2665 25.8387,
	55.2665 25.8428,
	55.2593 25.8583,
	55.2552 25.8655,
	55.2542 25.8985,
	55.2521 25.9067,
	55.248 25.915,
	55.2439 25.9171,
	55.2418 25.9191,
	55.2377 25.9202,
	55.2335 25.9232,
	55.217 25.9274,
	55.2088 25.9284,
	55.2046 25.9305,
	55.1881 25.9336,
	55.1716 25.9387,
	55.1634 25.9418,
	55.1613 25.9418,
	55.1593 25.9439,
	55.1572 25.9439,
	55.1551 25.9459,
	55.1531 25.9459,
	55.152 25.948,
	55.15 25.948,
	55.1479 25.9501,
	55.1458 25.9501,
	55.1417 25.9532,
	55.0757 25.9728,
	55.0592 25.9686,
	55.0262 25.9676,
	55.0179 25.9697,
	54.9849 25.9728,
	54.9684 25.9748,
	54.9601 25.9759,
	54.956 25.9759,
	54.9539 25.9779,
	54.9457 25.9779,
	54.9374 25.98,
	54.9292 25.98,
	54.9251 25.9821,
	54.9086 25.9821,
	54.892 25.979,
	54.8838 25.9769,
	54.8766 25.9697,
	54.8683 25.9645,
	54.8601 25.9625,
	54.8518 25.9625,
	54.8353 25.9676,
	54.8332 25.9697,
	54.8291 25.9707,
	54.825 25.9738,
	54.8085 25.9759,
	54.792 25.9759,
	54.7755 25.9738,
	54.7672 25.9697,
	54.759 25.9686,
	54.7425 25.9604,
	54.7342 25.9552,
	54.7301 25.9521,
	54.728 25.9521,
	54.7198 25.9449,
	54.7177 25.9429,
	54.7156 25.9429,
	54.7136 25.9408,
	54.7094 25.9398,
	54.7053 25.9367,
	54.7012 25.9356,
	54.6971 25.9325,
	54.6805 25.9274,
	54.6475 25.9232,
	54.631 25.9181,
	54.6228 25.914,
	54.6073 25.9006,
	54.6021 25.8933,
	54.598 25.8892,
	54.5939 25.882,
	54.5908 25.8779,
	54.5856 25.8613,
	54.5815 25.8531,
	54.5784 25.85,
	54.5774 25.8459,
	54.566 25.8294,
	54.5516 25.818,
	54.5433 25.8129,
	54.5268 25.8118,
	54.5103 25.8067,
	54.5083 25.8067,
	54.5052 25.8025,
	54.5052 25.8005,
	54.5031 25.7994,
	54.4979 25.7829,
	54.4969 25.7788,
	54.4948 25.7778,
	54.4918 25.7695,
	54.4897 25.7664,
	54.4752 25.753,
	54.4721 25.7499,
	54.4691 25.7334,
	54.4639 25.6674,
	54.4608 25.6509,
	54.4608 25.6344,
	54.4587 25.6179,
	54.4556 25.6096,
	54.4515 25.5766,
	54.4505 25.5683,
	54.4402 25.5529,
	54.435 25.5446,
	54.4329 25.5426,
	54.4329 25.5405,
	54.4309 25.5384,
	54.4247 25.5219,
	54.4216 25.5137,
	54.4164 25.5054,
	54.4144 25.5013,
	54.4144 25.4992,
	54.4123 25.4972,
	54.4123 25.4807,
	54.4123 25.4765,
	54.4123 25.4755,
	"/>
</Transform>

<Transform dim="0"
 xcoef=" 0 1 0 0 0 0"
 ycoef=" 0 0 1 0 0 0">
<Contour name="d004_p06" hidden="false" closed="true" simplified="true" border="1 1 0" fill="0 1 0" mode="11"
 points="52.8494 24.5465,
	52.8515 24.5423,
	52.8515 24.538,
	52.8547 24.5295,
	52.86 24.522,
	52.86 24.5199,
	52.8739 24.506,
	52.8803 24.4996,
	52.8888 24.4932,
	52.8974 24.49,
	52.8995 24.4879,
	52.9016 24.4879,
	52.9038 24.4857,
	52.9379 24.4868,
	52.9721 24.4943,
	52.9806 24.4975,
	52.9977 24.5007,
	53.0062 24.5028,
	53.0105 24.5028,
	53.019 24.506,
	53.0361 24.5092,
	53.0531 24.5092,
	53.0617 24.5113,
	53.0787 24.5124,
	53.0873 24.5124,
	53.1043 24.5167,
	53.1129 24.5177,
	53.1214 24.5209,
	53.1235 24.5209,
	53.1257 24.5231,
	53.1427 24.5295,
	53.1513 24.5348,
	53.1534 24.5348,
	53.1555 24.5369,
	53.1726 24.5412,
	53.2068 24.5423,
	53.2238 24.5401,
	53.2324 24.5401,
	53.2494 24.5369,
	53.258 24.5369,
	53.275 24.5337,
	53.3092 24.5327,
	53.3433 24.5295,
	53.3604 24.5284,
	53.3945 24.5231,
	53.4287 24.5199,
	53.4457 24.5167,
	53.514 24.5177,
	53.5311 24.5199,
	53.5652 24.5327,
	53.5823 24.5423,
	53.5908 24.5487,
	53.5972 24.554,
	53.5993 24.5551,
	53.5993 24.5572,
	53.6132 24.5689,
	53.6207 24.5753,
	53.6239 24.5785,
	53.6249 24.5807,
	53.6271 24.5807,
	53.642 24.5913,
	53.6506 24.5988,
	53.6548 24.6009,
	53.6634 24.6095,
	53.6655 24.6138,
	53.6676 24.6159,
	53.6676 24.6202,
	53.6708 24.6244,
	53.6698 24.6586,
	53.6634 24.6756,
	53.6548 24.6916,
	53.6431 24.7087,
	53.6367 24.7162,
	53.6356 24.7204,
	53.6239 24.7375,
	53.6217 24.746,
	53.6207 24.8143,
	53.6196 24.8228,
	53.6164 24.8314,
	53.6153 24.8356,
	53.6079 24.8442,
	53.6047 24.8485,
	53.5908 24.8591,
	53.5865 24.8613,
	53.5524 24.8591,
	53.5439 24.8581,
	53.5396 24.8581,
	53.5353 24.8559,
	53.5012 24.8506,
	53.4841 24.8474,
	53.45 24.8442,
	53.4158 24.8431,
	53.3817 24.8378,
	53.3646 24.8303,
	53.3561 24.825,
	53.3476 24.8218,
	53.3444 24.8186,
	53.3422 24.8186,
	53.3262 24.809,
	53.3177 24.8026,
	53.3134 24.8004,
	53.3124 24.7983,
	53.3102 24.7983,
	53.2964 24.7844,
	53.2878 24.7759,
	53.2814 24.7695,
	53.2772 24.7652,
	53.2654 24.7514,
	53.258 24.7439,
	53.2558 24.7439,
	53.2548 24.7418,
	53.2526 24.7418,
	53.2377 24.73,
	53.2046 24.7108,
	53.1961 24.7066,
	53.1918 24.7066,
	53.1747 24.7012,
	53.1662 24.698,
	53.1619 24.698,
	53.1577 24.6959,
	53.1534 24.6959,
	53.1449 24.6927,
	53.1278 24.6895,
	53.1193 24.6895,
	53.1022 24.6863,
	53.0681 24.6842,
	53.0595 24.6842,
	53.051 24.682,
	52.9827 24.681,
	52.9656 24.6788,
	52.9614 24.6767,
	52.9443 24.6756,
	52.9358 24.6724,
	52.9315 24.6703,
	52.923 24.6692,
	52.9187 24.6671,
	52.9016 24.6639,
	52.8974 24.6618,
	52.8952 24.6618,
	52.8867 24.6554,
	52.875 24.6415,
	52.8718 24.633,
	52.8686 24.6298,
	52.8654 24.6212,
	52.8654 24.6191,
	52.8632 24.617,
	52.8622 24.6127,
	52.86 24.6116,
	52.8536 24.5775,
	52.8536 24.5753,
	52.8504 24.5711,
	52.8494 24.554,
	52.8494 24.5497,
	52.8494 24.5476,
	"/>
</Transform>

<Transform dim="1"
 xcoef=" -2.06546965879058 1 0 0 0 0"
 ycoef=" 0.434658378440433 0 1 0 0 0">
<Image mag="0.00209248" contrast="1.55133" brightness="-0.375" red="true" green="true" blue="true"
 src="019____z18.0.tif" />
<Contour name="domain1" hidden="true" closed="true" simplified="false" border="1 0 1" fill="1 0 1" mode="11"
 points="0 0,
	35235 0,
	35235 16175,
	0 16175,
	"/>
</Transform>

<Transform dim="0"
 xcoef=" 0 1 0 0 0 0"
 ycoef=" 0 0 1 0 0 0">
<Contour name="d004__cluster1begin" hidden="false" closed="true" simplified="true" border="0 1 0" fill="0 1 0" mode="-15"
 points="54.5173 25.6173,
	54.5177 25.6082,
	54.5192 25.5991,
	54.5216 25.5901,
	54.525 25.5811,
	54.5293 25.5722,
	54.5345 25.5634,
	54.5407 25.5548,
	54.5477 25.5464,
	54.5557 25.5382,
	54.5645 25.5301,
	54.5741 25.5224,
	54.5846 25.5148,
	54.5958 25.5076,
	54.6078 25.5006,
	54.6205 25.494,
	54.6339 25.4877,
	54.6479 25.4818,
	54.6625 25.4762,
	54.6777 25.4711,
	54.6935 25.4663,
	54.7097 25.4619,
	54.7263 25.458,
	54.7434 25.4545,
	54.7608 25.4515,
	54.7785 25.4489,
	54.7964 25.4468,
	54.8145 25.4451,
	54.8328 25.4439,
	54.8512 25.4432,
	54.8697 25.4429,
	54.8881 25.4432,
	54.9065 25.4439,
	54.9248 25.4451,
	54.9429 25.4468,
	54.9609 25.4489,
	54.9786 25.4515,
	54.996 25.4545,
	55.013 25.458,
	55.0297 25.4619,
	55.0459 25.4663,
	55.0616 25.4711,
	55.0768 25.4762,
	55.0915 25.4818,
	55.1055 25.4877,
	55.1189 25.494,
	55.1316 25.5006,
	55.1436 25.5076,
	55.1548 25.5148,
	55.1652 25.5224,
	55.1749 25.5301,
	55.1837 25.5382,
	55.1916 25.5464,
	55.1987 25.5548,
	55.2048 25.5634,
	55.2101 25.5722,
	55.2144 25.5811,
	55.2178 25.5901,
	55.2202 25.5991,
	55.2216 25.6082,
	55.2221 25.6173,
	55.2216 25.6265,
	55.2202 25.6356,
	55.2178 25.6446,
	55.2144 25.6536,
	55.2101 25.6625,
	55.2048 25.6712,
	55.1987 25.6798,
	55.1916 25.6883,
	55.1837 25.6965,
	55.1749 25.7045,
	55.1652 25.7123,
	55.1548 25.7198,
	55.1436 25.7271,
	55.1316 25.734,
	55.1189 25.7406,
	55.1055 25.7469,
	55.0915 25.7529,
	55.0768 25.7584,
	55.0616 25.7636,
	55.0459 25.7684,
	55.0297 25.7727,
	55.013 25.7766,
	54.996 25.7801,
	54.9786 25.7832,
	54.9609 25.7858,
	54.9429 25.7879,
	54.9248 25.7896,
	54.9065 25.7908,
	54.8881 25.7915,
	54.8697 25.7917,
	54.8512 25.7915,
	54.8328 25.7908,
	54.8145 25.7896,
	54.7964 25.7879,
	54.7785 25.7858,
	54.7608 25.7832,
	54.7434 25.7801,
	54.7263 25.7766,
	54.7097 25.7727,
	54.6935 25.7684,
	54.6777 25.7636,
	54.6625 25.7584,
	54.6479 25.7529,
	54.6339 25.7469,
	54.6205 25.7406,
	54.6078 25.734,
	54.5958 25.7271,
	54.5846 25.7198,
	54.5741 25.7123,
	54.5645 25.7045,
	54.5557 25.6965,
	54.5477 25.6883,
	54.5407 25.6798,
	54.5345 25.6712,
	54.5293 25.6625,
	54.525 25.6536,
	54.5216 25.6446,
	54.5192 25.6356,
	54.5177 25.6265,
	"/>
<Contour name="d004__checked_delete" hidden="false" closed="true" simplified="false" border="0 1 0" fill="0 1 0" mode="-13"
 points="54.8611 25.6163,
	54.8611 25.5981,
	54.8428 25.5981,
	54.8428 25.614,
	54.8405 25.6163,
	54.8405 25.5958,
	54.8634 25.5958,
	54.8634 25.6186,
	54.8405 25.6186,
	54.8428 25.6163,
	"/>
</Transform>

<Transform dim="0"
 xcoef=" 0 1 0 0 0 0"
 ycoef=" 0 0 1 0 0 0">
<Contour name="d004_cfa02a" hidden="false" closed="false" simplified="false" border="0 1 0" fill="0 1 0" mode="11"
 points="55.3192 26.7964,
	55.2344 26.8607,
	55.1908 26.9066,
	55.1701 26.9579,
	55.1619 26.9921,
	"/>
</Transform>

<Transform dim="0"
 xcoef=" 0 1 0 0 0 0"
 ycoef=" 0 0 1 0 0 0">
<Contour name="d004_c02a" hidden="false" closed="true" simplified="true" border="1 0 0" fill="0 1 0" mode="11"
 points="55.1398 26.9282,
	55.1417 26.922,
	55.1429 26.9189,
	55.1437 26.9173,
	55.1437 26.9158,
	55.146 26.9096,
	55.1468 26.9065,
	55.1495 26.9002,
	55.1499 26.8995,
	55.1507 26.8995,
	55.1518 26.8964,
	55.1542 26.8936,
	55.1553 26.8921,
	55.1561 26.8917,
	55.1561 26.8909,
	55.158 26.8886,
	55.1596 26.8874,
	55.1596 26.8867,
	55.1623 26.8839,
	55.1631 26.8839,
	55.1643 26.8824,
	55.1658 26.8816,
	55.1666 26.8808,
	55.1674 26.8808,
	55.1674 26.88,
	55.1705 26.8773,
	55.1712 26.8773,
	55.1837 26.8684,
	55.1868 26.8668,
	55.1879 26.8653,
	55.1907 26.8637,
	55.1914 26.8634,
	55.1914 26.8626,
	55.1961 26.8575,
	55.1988 26.8544,
	55.2031 26.8486,
	55.2081 26.8428,
	55.2101 26.8401,
	55.2128 26.8381,
	55.2147 26.8354,
	55.2155 26.8354,
	55.2178 26.8327,
	55.2209 26.83,
	55.2264 26.8257,
	55.2291 26.8237,
	55.2307 26.8226,
	55.2314 26.8226,
	55.2326 26.8214,
	55.2334 26.8214,
	55.2388 26.8179,
	55.24 26.8168,
	55.2407 26.8168,
	55.2415 26.816,
	55.2423 26.816,
	55.2427 26.8152,
	55.2435 26.8152,
	55.2493 26.8109,
	55.252 26.809,
	55.2536 26.8082,
	55.2543 26.8074,
	55.2551 26.8074,
	55.2602 26.8039,
	55.2609 26.8032,
	55.2617 26.8032,
	55.2644 26.8012,
	55.266 26.8008,
	55.2668 26.8001,
	55.2675 26.8001,
	55.2679 26.7993,
	55.2687 26.7993,
	55.2695 26.7985,
	55.2703 26.7985,
	55.2714 26.7973,
	55.2722 26.7973,
	55.2753 26.7954,
	55.2757 26.7946,
	55.2788 26.7935,
	55.2804 26.7931,
	55.2807 26.7923,
	55.2862 26.7903,
	55.2924 26.788,
	55.2986 26.7869,
	55.3048 26.7869,
	55.3079 26.7869,
	55.311 26.7876,
	55.3118 26.7876,
	55.3122 26.7884,
	55.3184 26.7907,
	55.32 26.7911,
	55.3231 26.7935,
	55.327 26.7997,
	55.3301 26.8055,
	55.3316 26.8082,
	55.3328 26.8094,
	55.3332 26.8109,
	55.3347 26.8125,
	55.339 26.8183,
	55.339 26.8191,
	55.3425 26.8253,
	55.3452 26.8315,
	55.346 26.8331,
	55.346 26.8346,
	55.3468 26.835,
	55.3475 26.8412,
	55.3475 26.8474,
	55.346 26.8536,
	55.3448 26.8567,
	55.3444 26.8583,
	55.3437 26.8587,
	55.3433 26.8602,
	55.3413 26.8626,
	55.3382 26.8657,
	55.3332 26.8707,
	55.3273 26.8766,
	55.3211 26.8816,
	55.3157 26.8863,
	55.3149 26.8863,
	55.3091 26.8913,
	55.306 26.8933,
	55.3033 26.8964,
	55.2982 26.9014,
	55.2951 26.9045,
	55.2943 26.9049,
	55.2943 26.9057,
	55.2893 26.9115,
	55.285 26.9177,
	55.2835 26.9208,
	55.2827 26.9212,
	55.2827 26.922,
	55.2807 26.9251,
	55.2792 26.9266,
	55.2788 26.9282,
	55.2769 26.9313,
	55.2761 26.9317,
	55.2761 26.9325,
	55.2718 26.9383,
	55.2718 26.9391,
	55.2703 26.9406,
	55.2691 26.9437,
	55.2675 26.9457,
	55.2675 26.9465,
	55.2668 26.9468,
	55.2668 26.9476,
	55.2633 26.9538,
	55.2625 26.9546,
	55.2625 26.9554,
	55.2617 26.9562,
	55.2606 26.9593,
	55.2606 26.96,
	55.2598 26.9608,
	55.2586 26.9635,
	55.2582 26.9651,
	55.2547 26.9713,
	55.2536 26.9729,
	55.2532 26.9744,
	55.2524 26.9752,
	55.2512 26.9783,
	55.2505 26.9798,
	55.2505 26.9806,
	55.2497 26.9814,
	55.2493 26.983,
	55.2481 26.9845,
	55.2454 26.9903,
	55.2415 26.9965,
	55.2404 26.9997,
	55.2392 27.0008,
	55.2392 27.0016,
	55.2365 27.0043,
	55.2338 27.0063,
	55.2275 27.0082,
	55.2213 27.0094,
	55.1965 27.0105,
	55.1903 27.0101,
	55.1778 27.0082,
	55.1763 27.0078,
	55.1755 27.0078,
	55.1747 27.007,
	55.1732 27.007,
	55.1724 27.0063,
	55.1693 27.0055,
	55.1631 27.002,
	55.16 26.9993,
	55.1592 26.9985,
	55.1592 26.9977,
	55.1557 26.9923,
	55.1549 26.9919,
	55.1545 26.9907,
	55.1522 26.9872,
	55.1514 26.9868,
	55.1514 26.9861,
	55.1479 26.9802,
	55.1468 26.9771,
	55.146 26.9756,
	55.146 26.9748,
	55.1452 26.9744,
	55.1452 26.9729,
	55.1429 26.9666,
	55.1421 26.9651,
	55.1421 26.9643,
	55.1413 26.9635,
	55.1406 26.9573,
	55.1398 26.9325,
	55.1398 26.9294,
	55.1398 26.9286,
	"/>
</Transform>

<Transform dim="0"
 xcoef=" 0 1 0 0 0 0"
 ycoef=" 0 0 1 0 0 0">
<Contour name="d004_p02" hidden="false" closed="true" simplified="true" border="1 1 0" fill="0 1 0" mode="11"
 points="55.0225 26.8228,
	55.0245 26.8123,
	55.0252 26.807,
	55.0265 26.8057,
	55.0278 26.8005,
	55.0291 26.7998,
	55.0304 26.7945,
	55.0396 26.784,
	55.0475 26.7748,
	55.0528 26.7722,
	55.0554 26.7702,
	55.0659 26.7669,
	55.0712 26.7649,
	55.0764 26.7617,
	55.0791 26.759,
	55.0889 26.7518,
	55.0929 26.7472,
	55.0981 26.7426,
	55.106 26.7354,
	55.1218 26.7183,
	55.1231 26.7163,
	55.1323 26.7064,
	55.1409 26.6992,
	55.1429 26.6972,
	55.1442 26.6972,
	55.1442 26.6959,
	55.1468 26.6952,
	55.1501 26.6913,
	55.1586 26.6847,
	55.1685 26.6781,
	55.1738 26.6742,
	55.1777 26.6709,
	55.1803 26.6696,
	55.181 26.6683,
	55.1823 26.6683,
	55.1915 26.6597,
	55.202 26.6512,
	55.2112 26.644,
	55.2152 26.6394,
	55.2204 26.6361,
	55.2244 26.6321,
	55.2257 26.6315,
	55.2257 26.6301,
	55.2277 26.6282,
	55.2277 26.6269,
	55.2297 26.6249,
	55.2303 26.6223,
	55.2323 26.6196,
	55.2336 26.6144,
	55.2356 26.6111,
	55.2408 26.59,
	55.2421 26.5874,
	55.2421 26.5848,
	55.2461 26.5743,
	55.2487 26.5697,
	55.254 26.5644,
	55.2619 26.5578,
	55.2717 26.5506,
	55.2724 26.5493,
	55.2744 26.5486,
	55.2836 26.542,
	55.2882 26.5401,
	55.2908 26.5387,
	55.2921 26.5387,
	55.2934 26.5374,
	55.304 26.5348,
	55.325 26.5341,
	55.346 26.5348,
	55.3513 26.5341,
	55.3539 26.5328,
	55.3552 26.5328,
	55.3579 26.5309,
	55.3592 26.5295,
	55.3605 26.5295,
	55.3625 26.5276,
	55.3677 26.5256,
	55.3783 26.5249,
	55.3888 26.5256,
	55.3934 26.5276,
	55.3927 26.5289,
	55.3967 26.5394,
	55.3986 26.542,
	55.3986 26.5433,
	55.4085 26.5499,
	55.4111 26.5506,
	55.4138 26.5526,
	55.4243 26.5565,
	55.4269 26.5585,
	55.4309 26.569,
	55.4322 26.5716,
	55.4328 26.5769,
	55.4342 26.5795,
	55.4342 26.59,
	55.4309 26.6006,
	55.4236 26.6104,
	55.4223 26.6117,
	55.421 26.6117,
	55.4203 26.613,
	55.4177 26.6137,
	55.4151 26.6157,
	55.4098 26.6177,
	55.4085 26.6177,
	55.4072 26.619,
	55.4046 26.6196,
	55.3993 26.6236,
	55.398 26.6255,
	55.3967 26.6262,
	55.396 26.6288,
	55.394 26.6315,
	55.3914 26.6413,
	55.3888 26.6624,
	55.3881 26.6834,
	55.3875 26.6939,
	55.3875 26.6966,
	55.3835 26.7071,
	55.3815 26.7123,
	55.3776 26.7176,
	55.3776 26.7189,
	55.3756 26.7215,
	55.3743 26.7268,
	55.373 26.7294,
	55.373 26.7308,
	55.3717 26.7321,
	55.371 26.7347,
	55.371 26.736,
	55.3697 26.7373,
	55.3684 26.7426,
	55.3671 26.7446,
	55.3671 26.7459,
	55.3658 26.7472,
	55.3618 26.7577,
	55.3605 26.759,
	55.3572 26.7695,
	55.3572 26.7722,
	55.3487 26.7932,
	55.3454 26.7985,
	55.3434 26.8011,
	55.3434 26.8024,
	55.3355 26.811,
	55.3263 26.8195,
	55.325 26.8208,
	55.3237 26.8208,
	55.3237 26.8222,
	55.3132 26.8287,
	55.3112 26.8314,
	55.3092 26.832,
	55.3066 26.834,
	55.3059 26.8353,
	55.3046 26.8353,
	55.2994 26.8399,
	55.2948 26.8432,
	55.2934 26.8458,
	55.2921 26.8458,
	55.2921 26.8471,
	55.2829 26.855,
	55.279 26.859,
	55.277 26.8616,
	55.2744 26.8629,
	55.2698 26.8682,
	55.2625 26.8767,
	55.2553 26.8866,
	55.2533 26.8892,
	55.2527 26.8912,
	55.2514 26.8919,
	55.2514 26.8932,
	55.2481 26.8978,
	55.2468 26.8984,
	55.2468 26.8997,
	55.2323 26.9201,
	55.231 26.9201,
	55.2303 26.9228,
	55.2264 26.9274,
	55.2231 26.9379,
	55.2218 26.9385,
	55.2211 26.9438,
	55.2198 26.9445,
	55.2198 26.9471,
	55.2126 26.9681,
	55.2112 26.9734,
	55.2099 26.9747,
	55.2099 26.9773,
	55.2066 26.9879,
	55.204 26.9931,
	55.2007 27.0036,
	55.2001 27.0063,
	55.1994 27.0076,
	55.2001 27.0128,
	55.204 27.0227,
	55.2053 27.028,
	55.2053 27.0385,
	55.204 27.0437,
	55.1955 27.0536,
	55.1915 27.0569,
	55.1889 27.0582,
	55.1882 27.0595,
	55.1869 27.0595,
	55.1817 27.0635,
	55.179 27.0648,
	55.1777 27.0661,
	55.1672 27.0694,
	55.1567 27.0687,
	55.154 27.0687,
	55.1435 27.0648,
	55.1383 27.0608,
	55.1363 27.0589,
	55.1363 27.0576,
	55.1337 27.0562,
	55.1238 27.0464,
	55.1205 27.0418,
	55.1198 27.0313,
	55.1198 27.026,
	55.1218 27.0214,
	55.1225 27.0003,
	55.1152 26.9793,
	55.1087 26.9694,
	55.1054 26.9642,
	55.1014 26.9602,
	55.0843 26.9405,
	55.0659 26.9228,
	55.0646 26.9208,
	55.0554 26.9129,
	55.0508 26.9076,
	55.0482 26.9037,
	55.0469 26.9011,
	55.0442 26.8984,
	55.0317 26.878,
	55.0271 26.8675,
	55.0238 26.857,
	55.0225 26.8465,
	55.0225 26.8254,
	55.0225 26.8235,
	"/>
</Transform>

<Transform dim="0"
 xcoef=" 0 1 0 0 0 0"
 ycoef=" 0 0 1 0 0 0">
<Contour name="d004_p04" hidden="false" closed="true" simplified="true" border="1 1 0" fill="0 1 0" mode="11"
 points="55.1551 24.5207,
	55.1563 24.5184,
	55.1563 24.5173,
	55.1602 24.5128,
	55.1613 24.5112,
	55.1624 24.5106,
	55.1624 24.5095,
	55.1658 24.505,
	55.1658 24.5039,
	55.1669 24.5027,
	55.1697 24.4848,
	55.1714 24.4669,
	55.172 24.4624,
	55.1787 24.4444,
	55.1809 24.4399,
	55.1821 24.4388,
	55.1821 24.4377,
	55.186 24.4343,
	55.195 24.4332,
	55.1994 24.4327,
	55.2039 24.4332,
	55.2129 24.436,
	55.2151 24.4366,
	55.2163 24.4366,
	55.2168 24.4377,
	55.2213 24.4383,
	55.2219 24.4394,
	55.223 24.4394,
	55.2241 24.4405,
	55.2331 24.4433,
	55.2342 24.4433,
	55.2348 24.4444,
	55.2437 24.4472,
	55.2482 24.4484,
	55.2488 24.4495,
	55.2578 24.4523,
	55.2623 24.454,
	55.2645 24.4545,
	55.2656 24.4545,
	55.2662 24.4556,
	55.2751 24.4573,
	55.2931 24.4579,
	55.3021 24.4584,
	55.3065 24.4584,
	55.311 24.4596,
	55.32 24.4601,
	55.329 24.4624,
	55.3335 24.4641,
	55.3357 24.4646,
	55.3368 24.4646,
	55.338 24.4657,
	55.3469 24.4691,
	55.3514 24.4719,
	55.3537 24.473,
	55.3548 24.473,
	55.357 24.4747,
	55.375 24.4736,
	55.4108 24.4736,
	55.4826 24.4758,
	55.5006 24.477,
	55.5051 24.477,
	55.5073 24.4781,
	55.5118 24.4781,
	55.5208 24.4798,
	55.523 24.4809,
	55.5252 24.4809,
	55.5275 24.482,
	55.5297 24.482,
	55.5303 24.4831,
	55.5348 24.4837,
	55.5437 24.487,
	55.5516 24.4898,
	55.5555 24.4921,
	55.5578 24.4938,
	55.5583 24.4949,
	55.5594 24.4949,
	55.5622 24.4988,
	55.5651 24.5078,
	55.5651 24.5168,
	55.5645 24.519,
	55.5645 24.5201,
	55.5634 24.5213,
	55.5617 24.5252,
	55.5589 24.5297,
	55.555 24.5341,
	55.5516 24.5375,
	55.5471 24.5403,
	55.5449 24.5414,
	55.5437 24.5414,
	55.5415 24.5431,
	55.5376 24.5442,
	55.5353 24.5448,
	55.5331 24.5465,
	55.5241 24.5487,
	55.523 24.5498,
	55.5191 24.5515,
	55.5168 24.5521,
	55.5146 24.5538,
	55.5123 24.5543,
	55.5034 24.5594,
	55.4944 24.5622,
	55.4854 24.5633,
	55.4675 24.5639,
	55.4585 24.5655,
	55.454 24.5667,
	55.4518 24.5667,
	55.4512 24.5678,
	55.4467 24.5684,
	55.4378 24.5712,
	55.4333 24.5723,
	55.431 24.574,
	55.4288 24.5745,
	55.4243 24.5773,
	55.4232 24.5773,
	55.4215 24.579,
	55.4204 24.579,
	55.4176 24.5818,
	55.4092 24.588,
	55.4069 24.5891,
	55.4064 24.5902,
	55.4052 24.5902,
	55.4008 24.5936,
	55.3991 24.5958,
	55.398 24.5958,
	55.3951 24.5998,
	55.3929 24.6014,
	55.3918 24.6037,
	55.3901 24.6048,
	55.3867 24.6087,
	55.3817 24.6166,
	55.3766 24.6255,
	55.3716 24.6334,
	55.3632 24.6396,
	55.3587 24.6424,
	55.3565 24.6441,
	55.352 24.6457,
	55.3497 24.6463,
	55.3486 24.6474,
	55.3441 24.6485,
	55.3419 24.6491,
	55.3408 24.6502,
	55.3396 24.6502,
	55.3385 24.6513,
	55.334 24.6525,
	55.3318 24.653,
	55.3273 24.6558,
	55.3251 24.6569,
	55.3239 24.6569,
	55.3228 24.6581,
	55.3217 24.6581,
	55.3127 24.6642,
	55.3116 24.6642,
	55.3071 24.6676,
	55.3032 24.6693,
	55.2987 24.6732,
	55.2948 24.676,
	55.288 24.6839,
	55.2864 24.6861,
	55.2864 24.6872,
	55.2824 24.6906,
	55.2791 24.6951,
	55.2774 24.6973,
	55.2757 24.6984,
	55.2746 24.7007,
	55.2707 24.7052,
	55.2684 24.7091,
	55.2617 24.7181,
	55.2589 24.722,
	55.2561 24.731,
	55.255 24.7489,
	55.255 24.7579,
	55.255 24.7624,
	55.255 24.7646,
	55.2561 24.7669,
	55.2561 24.7691,
	55.2572 24.7713,
	55.2578 24.7803,
	55.2583 24.7848,
	55.2583 24.787,
	55.2594 24.7893,
	55.2594 24.7915,
	55.2606 24.7926,
	55.2617 24.8016,
	55.2617 24.8039,
	55.2628 24.8061,
	55.2628 24.8084,
	55.2639 24.8106,
	55.2639 24.8128,
	55.2651 24.814,
	55.2662 24.8229,
	55.2684 24.8319,
	55.2695 24.8498,
	55.2695 24.8588,
	55.269 24.8633,
	55.2673 24.8678,
	55.2628 24.8683,
	55.2583 24.8667,
	55.2561 24.8655,
	55.255 24.8655,
	55.251 24.8616,
	55.2488 24.8594,
	55.2454 24.8566,
	55.237 24.851,
	55.2252 24.8353,
	55.223 24.8313,
	55.2213 24.8297,
	55.2208 24.8274,
	55.2174 24.8229,
	55.2174 24.8218,
	55.2146 24.8173,
	55.2135 24.8168,
	55.2118 24.8128,
	55.2112 24.8106,
	55.2095 24.8089,
	55.209 24.8067,
	55.2079 24.8055,
	55.2079 24.8044,
	55.2067 24.8039,
	55.2067 24.8027,
	55.2056 24.8016,
	55.2056 24.8005,
	55.2045 24.7994,
	55.2028 24.7949,
	55.2028 24.7938,
	55.2 24.7893,
	55.1978 24.7865,
	55.1972 24.782,
	55.1955 24.7775,
	55.1944 24.7685,
	55.195 24.7326,
	55.195 24.7237,
	55.1938 24.7192,
	55.1938 24.7147,
	55.1888 24.6968,
	55.1849 24.6878,
	55.1826 24.6788,
	55.1793 24.6704,
	55.1787 24.6659,
	55.1776 24.6637,
	55.1748 24.6457,
	55.1742 24.6278,
	55.1742 24.6188,
	55.1731 24.6098,
	55.1725 24.574,
	55.172 24.5695,
	55.172 24.5684,
	55.1709 24.5672,
	55.1709 24.565,
	55.1602 24.5476,
	55.1563 24.5386,
	55.1563 24.5375,
	55.1551 24.537,
	55.1551 24.528,
	55.1551 24.5235,
	55.1551 24.5213,
	"/>
</Transform>

</Section>