<?xml version="1.0"?>
<!DOCTYPE Section SYSTEM "section.dtd">

<Section index="20" thickness="0.043" alignLocked="false">
<Transform dim="1"
 xcoef=" -2.25078912246674 1 0 0 0 0"
 ycoef=" 0.084236119852797 0 1 0 0 0">
<Contour name="sym_cand_05???" hidden="false" closed="true" simplified="true" border="1 0 1" fill="1 0 1" mode="11"
 points="23.4439 7.67187,
	23.4447 7.65413,
	23.4471 7.63643,
	23.4512 7.6188,
	23.4569 7.60127,
	23.4642 7.58388,
	23.4731 7.56666,
	23.4836 7.54964,
	23.4957 7.53285,
	23.5092 7.51634,
	23.5243 7.50012,
	23.5409 7.48424,
	23.5589 7.46872,
	23.5783 7.45359,
	23.5991 7.43888,
	23.6213 7.42462,
	23.6447 7.41084,
	23.6694 7.39756,
	23.6953 7.38481,
	23.7223 7.37262,
	23.7504 7.361,
	23.7796 7.34999,
	23.8097 7.33959,
	23.8408 7.32984,
	23.8728 7.32074,
	23.9055 7.31233,
	23.939 7.30461,
	23.9732 7.29759,
	24.008 7.2913,
	24.0433 7.28575,
	24.0792 7.28094,
	24.1154 7.27688,
	24.152 7.27359,
	24.1888 7.27106,
	24.2258 7.26931,
	24.263 7.26834,
	24.3002 7.26814,
	24.3374 7.26873,
	24.3745 7.27009,
	24.4114 7.27223,
	24.4481 7.27514,
	24.4846 7.27881,
	24.5206 7.28325,
	24.5562 7.28843,
	24.5913 7.29436,
	24.6258 7.30101,
	24.6596 7.30838,
	24.6927 7.31645,
	24.7251 7.32521,
	24.7566 7.33463,
	24.7873 7.34471,
	24.8169 7.35542,
	24.8456 7.36674,
	24.8732 7.37864,
	24.8996 7.39112,
	24.9249 7.40413,
	24.949 7.41767,
	24.9718 7.43169,
	24.9932 7.44618,
	25.0133 7.4611,
	25.0321 7.47643,
	25.0494 7.49214,
	25.0652 7.50819,
	25.0795 7.52456,
	25.0923 7.54121,
	25.1036 7.55812,
	25.1133 7.57525,
	25.1214 7.59256,
	25.1279 7.61002,
	25.1328 7.62761,
	25.1361 7.64528,
	25.1377 7.663,
	25.1377 7.68074,
	25.1361 7.69846,
	25.1328 7.71613,
	25.1279 7.73371,
	25.1214 7.75118,
	25.1133 7.76849,
	25.1036 7.78562,
	25.0923 7.80252,
	25.0795 7.81918,
	25.0652 7.83555,
	25.0494 7.8516,
	25.0321 7.86731,
	25.0133 7.88264,
	24.9932 7.89756,
	24.9718 7.91205,
	24.949 7.92607,
	24.9249 7.9396,
	24.8996 7.95262,
	24.8732 7.96509,
	24.8456 7.977,
	24.8169 7.98832,
	24.7873 7.99903,
	24.7566 8.00911,
	24.7251 8.01853,
	24.6927 8.02729,
	24.6596 8.03536,
	24.6258 8.04273,
	24.5913 8.04938,
	24.5562 8.05531,
	24.5206 8.06049,
	24.4846 8.06492,
	24.4481 8.0686,
	24.4114 8.07151,
	24.3745 8.07365,
	24.3374 8.07501,
	24.3002 8.07559,
	24.263 8.0754,
	24.2258 8.07442,
	24.1888 8.07267,
	24.152 8.07015,
	24.1154 8.06686,
	24.0792 8.0628,
	24.0433 8.05799,
	24.008 8.05243,
	23.9732 8.04614,
	23.939 8.03913,
	23.9055 8.03141,
	23.8728 8.02299,
	23.8408 8.0139,
	23.8097 8.00415,
	23.7796 7.99375,
	23.7504 7.98274,
	23.7223 7.97112,
	23.6953 7.95893,
	23.6694 7.94618,
	23.6447 7.9329,
	23.6213 7.91912,
	23.5991 7.90486,
	23.5783 7.89015,
	23.5589 7.87502,
	23.5409 7.8595,
	23.5243 7.84362,
	23.5092 7.8274,
	23.4957 7.81089,
	23.4836 7.7941,
	23.4731 7.77708,
	23.4642 7.75986,
	23.4569 7.74246,
	23.4512 7.72494,
	23.4471 7.7073,
	"/>
</Transform>

<Transform dim="1"
 xcoef=" -2.25078912246674 1 0 0 0 0"
 ycoef=" 0.084236119852797 0 1 0 0 0">
<Contour name="mito05" hidden="false" closed="false" simplified="true" border="1 0.5 0" fill="1 0.5 0" mode="13"
 points="23.6048 8.21961,
	23.7686 8.42007,
	"/>
</Transform>

<Transform dim="1"
 xcoef=" -2.25078912246674 1 0 0 0 0"
 ycoef=" 0.084236119852797 0 1 0 0 0">
<Contour name="D001" hidden="false" closed="true" simplified="false" border="1 1 1" fill="0.501961 0 1" mode="-13"
 points="40.6313 24.4304,
	40.6313 24.3986,
	40.6631 24.3986,
	40.6631 24.3667,
	40.695 24.3667,
	40.695 24.3986,
	40.7268 24.3986,
	40.7268 24.4304,
	40.695 24.4304,
	40.695 24.4623,
	40.6631 24.4623,
	40.6631 24.4304,
	"/>
</Transform>

<Transform dim="1"
 xcoef=" -2.25078912246674 1 0 0 0 0"
 ycoef=" 0.084236119852797 0 1 0 0 0">
<Contour name="D002" hidden="false" closed="true" simplified="false" border="1 1 1" fill="0 0.501961 1" mode="-13"
 points="51.4341 12.1659,
	51.4341 12.1347,
	51.4652 12.1347,
	51.4652 12.1036,
	51.4963 12.1036,
	51.4963 12.1347,
	51.5274 12.1347,
	51.5274 12.1659,
	51.4963 12.1659,
	51.4963 12.197,
	51.4652 12.197,
	51.4652 12.1659,
	"/>
</Transform>

<Transform dim="1"
 xcoef=" -2.25078912246674 1 0 0 0 0"
 ycoef=" 0.084236119852797 0 1 0 0 0">
<Contour name="D003" hidden="false" closed="true" simplified="false" border="1 1 1" fill="1 0 1" mode="-13"
 points="58.2108 8.93966,
	58.2108 8.9048,
	58.2456 8.9048,
	58.2456 8.86994,
	58.2805 8.86994,
	58.2805 8.9048,
	58.3153 8.9048,
	58.3153 8.93966,
	58.2805 8.93966,
	58.2805 8.97452,
	58.2456 8.97452,
	58.2456 8.93966,
	"/>
</Transform>

<Transform dim="1"
 xcoef=" -2.25078912246674 1 0 0 0 0"
 ycoef=" 0.084236119852797 0 1 0 0 0">
<Contour name="D004" hidden="false" closed="true" simplified="false" border="1 1 1" fill="1 1 0" mode="-13"
 points="52.5266 25.5052,
	52.5266 25.4756,
	52.5562 25.4756,
	52.5562 25.4459,
	52.5858 25.4459,
	52.5858 25.4756,
	52.6155 25.4756,
	52.6155 25.5052,
	52.5858 25.5052,
	52.5858 25.5348,
	52.5562 25.5348,
	52.5562 25.5052,
	"/>
</Transform>

<Transform dim="1"
 xcoef=" -2.25078912246674 1 0 0 0 0"
 ycoef=" 0.084236119852797 0 1 0 0 0">
<Contour name="d001_symcand01axonstamp_delete" hidden="false" closed="true" simplified="false" border="0 1 1" fill="0 1 1" mode="9"
 points="40.0032 26.3395,
	40.0133 26.3294,
	39.9728 26.2889,
	39.983 26.2788,
	40.0234 26.3193,
	40.0336 26.3091,
	40.0336 26.3395,
	"/>
</Transform>

<Transform dim="1"
 xcoef=" -2.25078912246674 1 0 0 0 0"
 ycoef=" 0.084236119852797 0 1 0 0 0">
<Contour name="axon04" hidden="false" closed="true" simplified="false" border="0 1 1" fill="0 1 1" mode="9"
 points="51.9231 25.7854,
	51.9389 25.7695,
	51.8756 25.7062,
	51.8914 25.6904,
	51.9547 25.7537,
	51.9706 25.7379,
	51.9706 25.7854,
	"/>
</Transform>

<Transform dim="0"
 xcoef=" 0 1 0 0 0 0"
 ycoef=" 0 0 1 0 0 0">
<Contour name="d004_cfa07b" hidden="false" closed="false" simplified="false" border="0 1 0" fill="0 1 0" mode="11"
 points="54.2281 26.6448,
	54.1528 26.6641,
	54.0872 26.6807,
	"/>
<Contour name="d004_cfa07b" hidden="false" closed="false" simplified="false" border="0 1 0" fill="0 1 0" mode="11"
 points="53.9663 26.7595,
	53.9357 26.7683,
	53.9007 26.7735,
	53.8516 26.7718,
	53.7859 26.7577,
	53.6966 26.7446,
	53.6161 26.7586,
	"/>
</Transform>

<Transform dim="0"
 xcoef=" 0 1 0 0 0 0"
 ycoef=" 0 0 1 0 0 0">
<Contour name="d004_c07b" hidden="false" closed="true" simplified="true" border="1 0 0" fill="0 1 0" mode="11"
 points="53.5965 26.7729,
	53.5992 26.7659,
	53.6 26.7589,
	53.6027 26.7527,
	53.6035 26.7492,
	53.6123 26.7352,
	53.6219 26.7238,
	53.6263 26.7186,
	53.6298 26.7168,
	53.6316 26.7151,
	53.6456 26.7107,
	53.6596 26.7081,
	53.6666 26.7063,
	53.6946 26.7054,
	53.7226 26.7063,
	53.7506 26.7107,
	53.7576 26.7125,
	53.8137 26.7142,
	53.8277 26.7168,
	53.8557 26.7186,
	53.8627 26.7203,
	53.9188 26.723,
	53.9328 26.7256,
	53.9468 26.73,
	53.9538 26.7335,
	53.9608 26.7396,
	53.9695 26.7527,
	53.9722 26.7562,
	53.9748 26.7632,
	53.9757 26.7667,
	53.9774 26.7676,
	53.9792 26.7746,
	53.9792 26.7781,
	53.9809 26.7816,
	53.9809 26.7886,
	53.9827 26.7895,
	53.9871 26.8175,
	53.9871 26.8245,
	53.9888 26.828,
	53.9879 26.8561,
	53.9871 26.8631,
	53.9844 26.8701,
	53.9844 26.8736,
	53.9818 26.8762,
	53.9809 26.8797,
	53.9792 26.8814,
	53.9792 26.8832,
	53.9695 26.8937,
	53.9625 26.8963,
	53.959 26.8963,
	53.9573 26.8963,
	53.9564 26.8981,
	53.9494 26.899,
	53.9459 26.899,
	53.9442 26.9007,
	53.8881 26.9033,
	53.8321 26.9042,
	53.8181 26.9042,
	53.8041 26.9016,
	53.8005 26.9016,
	53.7935 26.899,
	53.7918 26.899,
	53.79 26.8972,
	53.776 26.8946,
	53.762 26.8902,
	53.7585 26.8902,
	53.7305 26.8823,
	53.7165 26.8788,
	53.7104 26.8762,
	53.7069 26.8753,
	53.7051 26.8753,
	53.7034 26.8736,
	53.6999 26.8736,
	53.6718 26.8639,
	53.6683 26.8622,
	53.6666 26.8622,
	53.6648 26.8604,
	53.6578 26.8596,
	53.6438 26.8543,
	53.6421 26.8543,
	53.6403 26.8526,
	53.6263 26.8464,
	53.6237 26.8438,
	53.6219 26.8438,
	53.6193 26.8412,
	53.6167 26.8403,
	53.607 26.828,
	53.6027 26.821,
	53.6018 26.814,
	53.5992 26.807,
	53.5965 26.779,
	53.5965 26.7755,
	53.5965 26.7737,
	"/>
<Contour name="d004_c07b" hidden="false" closed="true" simplified="true" border="1 0 0" fill="0 1 0" mode="11"
 points="54.0729 26.6801,
	54.0764 26.6731,
	54.0764 26.6713,
	54.0781 26.6695,
	54.0807 26.6625,
	54.0851 26.6564,
	54.0913 26.6503,
	54.0974 26.6459,
	54.0991 26.6459,
	54.1026 26.6433,
	54.1298 26.6328,
	54.1333 26.6319,
	54.1368 26.6293,
	54.1508 26.6258,
	54.1788 26.6223,
	54.2068 26.6223,
	54.2208 26.6266,
	54.2243 26.6275,
	54.2305 26.6336,
	54.2375 26.6468,
	54.2384 26.6608,
	54.2436 26.6748,
	54.2471 26.6888,
	54.2471 26.7028,
	54.2419 26.716,
	54.2331 26.7291,
	54.2217 26.7387,
	54.2156 26.744,
	54.2121 26.7475,
	54.2103 26.7475,
	54.2068 26.7501,
	54.1928 26.7545,
	54.1911 26.7545,
	54.1902 26.7562,
	54.1867 26.7562,
	54.1832 26.758,
	54.1762 26.7589,
	54.1727 26.7589,
	54.1692 26.7606,
	54.1552 26.7632,
	54.1272 26.765,
	54.1131 26.765,
	54.1096 26.765,
	54.1026 26.7624,
	54.0956 26.758,
	54.0895 26.751,
	54.0851 26.744,
	54.0842 26.7405,
	54.0825 26.7396,
	54.0825 26.7378,
	54.0799 26.7343,
	54.079 26.7308,
	54.079 26.7291,
	54.0772 26.7273,
	54.0772 26.7238,
	54.0746 26.7168,
	54.0729 26.7028,
	54.0729 26.6888,
	54.0729 26.6818,
	54.0729 26.6809,
	"/>
</Transform>

<Transform dim="0"
 xcoef=" 0 1 0 0 0 0"
 ycoef=" 0 0 1 0 0 0">
<Contour name="d004_p09" hidden="false" closed="true" simplified="true" border="1 1 0" fill="0 1 0" mode="11"
 points="53.9815 24.3667,
	53.9825 24.3658,
	53.9868 24.3513,
	53.9907 24.3436,
	53.9917 24.3397,
	53.9936 24.3363,
	53.9946 24.3349,
	53.9946 24.3339,
	53.997 24.3305,
	53.9979 24.3286,
	54.0013 24.3247,
	54.0052 24.3218,
	54.0081 24.319,
	54.009 24.3185,
	54.009 24.3175,
	54.0129 24.3151,
	54.025 24.3054,
	54.0327 24.3006,
	54.0365 24.2982,
	54.0438 24.2948,
	54.0515 24.2905,
	54.0592 24.2876,
	54.0747 24.2837,
	54.0901 24.2808,
	54.0978 24.2794,
	54.1017 24.2789,
	54.1022 24.2779,
	54.1099 24.2765,
	54.1137 24.276,
	54.1147 24.275,
	54.1224 24.2736,
	54.1263 24.2726,
	54.1273 24.2726,
	54.1282 24.2717,
	54.1301 24.2717,
	54.134 24.2702,
	54.1379 24.2697,
	54.1398 24.2688,
	54.1417 24.2688,
	54.1427 24.2678,
	54.1446 24.2678,
	54.1523 24.2649,
	54.1533 24.2649,
	54.1543 24.2639,
	54.1581 24.263,
	54.1591 24.263,
	54.1601 24.262,
	54.1639 24.2615,
	54.1678 24.2601,
	54.1832 24.2586,
	54.1909 24.2591,
	54.1919 24.2591,
	54.1929 24.2601,
	54.2006 24.2615,
	54.2045 24.2625,
	54.2054 24.2625,
	54.2064 24.2635,
	54.2083 24.2635,
	54.2093 24.2635,
	54.2098 24.2644,
	54.2136 24.2659,
	54.217 24.2683,
	54.2199 24.2717,
	54.2213 24.2736,
	54.2218 24.2755,
	54.2228 24.276,
	54.2233 24.2779,
	54.2242 24.2789,
	54.2242 24.2799,
	54.2252 24.2803,
	54.2252 24.2823,
	54.23 24.2977,
	54.2305 24.2996,
	54.2315 24.3006,
	54.2329 24.3045,
	54.2329 24.3054,
	54.2339 24.3064,
	54.2349 24.3103,
	54.2368 24.3136,
	54.2368 24.3146,
	54.2378 24.3151,
	54.2411 24.3223,
	54.2431 24.3257,
	54.246 24.3291,
	54.2474 24.331,
	54.2474 24.332,
	54.2532 24.3383,
	54.2537 24.3392,
	54.2546 24.3392,
	54.26 24.3455,
	54.2628 24.3484,
	54.2638 24.3498,
	54.2706 24.3561,
	54.2778 24.3614,
	54.2812 24.3643,
	54.2821 24.3658,
	54.2855 24.3691,
	54.2884 24.3715,
	54.2942 24.3788,
	54.2976 24.3822,
	54.299 24.3841,
	54.3 24.3851,
	54.3 24.386,
	54.3034 24.3889,
	54.3043 24.3904,
	54.3082 24.3937,
	54.314 24.4,
	54.3232 24.4145,
	54.3246 24.4184,
	54.3256 24.4193,
	54.3275 24.427,
	54.3285 24.4309,
	54.3285 24.4328,
	54.3294 24.4348,
	54.3299 24.4502,
	54.329 24.4656,
	54.328 24.4695,
	54.328 24.4714,
	54.3265 24.4753,
	54.3265 24.4763,
	54.3256 24.4772,
	54.3256 24.4792,
	54.3232 24.4869,
	54.3227 24.4888,
	54.3227 24.4898,
	54.3217 24.4907,
	54.3203 24.4946,
	54.3198 24.4965,
	54.314 24.5042,
	54.3101 24.5081,
	54.3077 24.5105,
	54.2928 24.5197,
	54.285 24.5221,
	54.2812 24.5226,
	54.2793 24.5235,
	54.2484 24.5245,
	54.2175 24.5221,
	54.202 24.5192,
	54.1712 24.5178,
	54.1557 24.5173,
	54.148 24.5158,
	54.1441 24.5153,
	54.1432 24.5144,
	54.1393 24.5134,
	54.1316 24.51,
	54.1277 24.5081,
	54.1258 24.5071,
	54.1248 24.5062,
	54.1229 24.5057,
	54.1157 24.5004,
	54.1118 24.4975,
	54.1099 24.497,
	54.1065 24.4946,
	54.1026 24.4912,
	54.1002 24.4888,
	54.0993 24.4888,
	54.0862 24.4758,
	54.0829 24.4729,
	54.0814 24.4709,
	54.0804 24.4709,
	54.08 24.47,
	54.078 24.4695,
	54.0776 24.4685,
	54.0766 24.4685,
	54.0747 24.4666,
	54.0737 24.4666,
	54.0698 24.4642,
	54.0684 24.4632,
	54.0674 24.4632,
	54.0597 24.4584,
	54.0583 24.457,
	54.0573 24.457,
	54.0568 24.456,
	54.0558 24.456,
	54.0539 24.4545,
	54.0529 24.4545,
	54.0457 24.4497,
	54.0447 24.4497,
	54.037 24.4449,
	54.0336 24.4425,
	54.0317 24.441,
	54.0298 24.4406,
	54.0264 24.4372,
	54.0225 24.4352,
	54.0163 24.4304,
	54.0153 24.429,
	54.0143 24.429,
	54.0076 24.4237,
	53.9946 24.4106,
	53.9921 24.4073,
	53.9902 24.4063,
	53.9859 24.3991,
	53.9835 24.3913,
	53.9835 24.3894,
	53.9825 24.3894,
	53.9815 24.3817,
	53.9815 24.374,
	53.9815 24.3701,
	53.9815 24.3682,
	53.9815 24.3672,
	"/>
</Transform>

<Transform dim="0"
 xcoef=" 0 1 0 0 0 0"
 ycoef=" 0 0 1 0 0 0">
<Contour name="d004_c09" hidden="false" closed="true" simplified="true" border="1 0 0" fill="0 1 0" mode="11"
 points="53.9912 24.3735,
	53.997 24.358,
	53.9979 24.3576,
	53.9984 24.3556,
	53.9984 24.3547,
	54.0008 24.3508,
	54.0018 24.3498,
	54.0018 24.3489,
	54.0028 24.3479,
	54.0028 24.3469,
	54.0071 24.3397,
	54.0124 24.332,
	54.0124 24.331,
	54.0134 24.33,
	54.0134 24.3291,
	54.0182 24.3223,
	54.0182 24.3214,
	54.0211 24.3185,
	54.024 24.3146,
	54.0312 24.3088,
	54.0322 24.3079,
	54.0332 24.3079,
	54.0365 24.305,
	54.0375 24.305,
	54.038 24.304,
	54.0414 24.3025,
	54.0491 24.2982,
	54.0568 24.2953,
	54.0587 24.2948,
	54.0597 24.2939,
	54.0751 24.289,
	54.0829 24.2866,
	54.0838 24.2866,
	54.0843 24.2857,
	54.0882 24.2852,
	54.0891 24.2852,
	54.0906 24.2837,
	54.1215 24.2789,
	54.1253 24.2779,
	54.1273 24.2779,
	54.1292 24.277,
	54.1311 24.277,
	54.133 24.276,
	54.1485 24.2731,
	54.1794 24.2726,
	54.1832 24.2726,
	54.1987 24.276,
	54.2025 24.277,
	54.2035 24.2779,
	54.2054 24.2779,
	54.2059 24.2789,
	54.2098 24.2803,
	54.2131 24.2828,
	54.2165 24.2866,
	54.2185 24.2886,
	54.2185 24.2895,
	54.2199 24.291,
	54.2209 24.2948,
	54.2218 24.2958,
	54.2233 24.2996,
	54.2233 24.3006,
	54.2281 24.3079,
	54.231 24.3117,
	54.2329 24.3156,
	54.2339 24.3161,
	54.2339 24.317,
	54.2387 24.3243,
	54.2406 24.3281,
	54.2416 24.3291,
	54.2431 24.3325,
	54.2479 24.3392,
	54.2498 24.3411,
	54.2546 24.3484,
	54.2575 24.3522,
	54.2585 24.3542,
	54.26 24.3551,
	54.2624 24.359,
	54.2638 24.3604,
	54.2643 24.3624,
	54.2662 24.3643,
	54.2662 24.3653,
	54.2715 24.373,
	54.2759 24.3807,
	54.2764 24.3826,
	54.2778 24.3841,
	54.2793 24.388,
	54.2793 24.3889,
	54.2802 24.3894,
	54.2908 24.4203,
	54.2923 24.4357,
	54.2923 24.4512,
	54.2918 24.4589,
	54.2918 24.4627,
	54.2913 24.4647,
	54.2913 24.4656,
	54.2904 24.4666,
	54.2879 24.4743,
	54.2875 24.4763,
	54.2875 24.4772,
	54.2865 24.4782,
	54.2836 24.4859,
	54.2826 24.4898,
	54.2817 24.4907,
	54.2802 24.4946,
	54.2793 24.496,
	54.2793 24.497,
	54.2744 24.5047,
	54.2672 24.51,
	54.2633 24.512,
	54.2556 24.5129,
	54.2517 24.5139,
	54.2498 24.5149,
	54.2421 24.5158,
	54.2112 24.5158,
	54.2035 24.5153,
	54.1881 24.5124,
	54.1842 24.512,
	54.1803 24.5105,
	54.1726 24.5096,
	54.1572 24.5057,
	54.1495 24.5033,
	54.1475 24.5033,
	54.147 24.5023,
	54.1321 24.4975,
	54.1282 24.497,
	54.1205 24.4941,
	54.1195 24.4941,
	54.1186 24.4931,
	54.1147 24.4922,
	54.1137 24.4922,
	54.1104 24.4898,
	54.1089 24.4888,
	54.108 24.4888,
	54.1075 24.4878,
	54.1055 24.4874,
	54.1036 24.4859,
	54.1017 24.4854,
	54.094 24.4801,
	54.093 24.4792,
	54.092 24.4792,
	54.0858 24.4738,
	54.0713 24.4637,
	54.0679 24.4618,
	54.0669 24.4618,
	54.0636 24.4589,
	54.0496 24.4497,
	54.0486 24.4483,
	54.0336 24.4381,
	54.0264 24.4328,
	54.0254 24.4328,
	54.0221 24.4295,
	54.0201 24.4285,
	54.0187 24.4266,
	54.0153 24.4241,
	54.0139 24.4227,
	54.0129 24.4227,
	54.0114 24.4208,
	54.0081 24.4184,
	54.0066 24.4164,
	54.0057 24.4164,
	54.0032 24.413,
	54.0013 24.4111,
	53.9989 24.4073,
	53.9989 24.4063,
	53.9979 24.4053,
	53.9975 24.4034,
	53.996 24.4015,
	53.9936 24.3937,
	53.9921 24.3899,
	53.9912 24.3822,
	53.9912 24.3744,
	53.9912 24.374,
	"/>
<Contour name="d004_cfa09" hidden="false" closed="true" simplified="true" border="0 1 0" fill="0 1 0" mode="11"
 points="54.0008 24.3643,
	54.0032 24.3566,
	54.0066 24.3489,
	54.0085 24.345,
	54.009 24.3431,
	54.0134 24.3358,
	54.0148 24.332,
	54.025 24.3175,
	54.0327 24.3112,
	54.0399 24.3064,
	54.0418 24.3059,
	54.0423 24.305,
	54.0462 24.304,
	54.0472 24.304,
	54.0476 24.303,
	54.0631 24.2987,
	54.0708 24.2963,
	54.0727 24.2963,
	54.0737 24.2963,
	54.0747 24.2953,
	54.0824 24.2948,
	54.0978 24.2924,
	54.1055 24.2924,
	54.1094 24.2914,
	54.1248 24.291,
	54.1268 24.29,
	54.1345 24.2895,
	54.1384 24.2886,
	54.1422 24.2886,
	54.1499 24.2861,
	54.1509 24.2861,
	54.1519 24.2852,
	54.1673 24.2818,
	54.1827 24.2813,
	54.1905 24.2813,
	54.1943 24.2813,
	54.2093 24.2852,
	54.2098 24.2861,
	54.2117 24.2866,
	54.2146 24.29,
	54.2165 24.291,
	54.2185 24.2943,
	54.2199 24.2963,
	54.2199 24.2972,
	54.2209 24.2977,
	54.2218 24.3016,
	54.2223 24.3035,
	54.2233 24.3045,
	54.2233 24.3064,
	54.2247 24.3103,
	54.2257 24.3122,
	54.2257 24.3132,
	54.2267 24.3141,
	54.2267 24.3151,
	54.2276 24.3161,
	54.2291 24.3199,
	54.23 24.3218,
	54.231 24.3223,
	54.2315 24.3243,
	54.2426 24.3383,
	54.246 24.3416,
	54.2493 24.344,
	54.2561 24.3508,
	54.2595 24.3537,
	54.2619 24.3571,
	54.2643 24.3648,
	54.2667 24.3802,
	54.2677 24.3822,
	54.2677 24.3841,
	54.2701 24.3918,
	54.271 24.3923,
	54.271 24.3942,
	54.272 24.3962,
	54.272 24.3981,
	54.273 24.3986,
	54.2735 24.4024,
	54.2764 24.4102,
	54.2783 24.4179,
	54.2788 24.4198,
	54.2797 24.4208,
	54.2797 24.4227,
	54.2812 24.4261,
	54.2817 24.4299,
	54.2821 24.4319,
	54.2831 24.4328,
	54.2846 24.4637,
	54.2846 24.4676,
	54.2846 24.4695,
	54.2836 24.4709,
	54.2836 24.4729,
	54.2826 24.4738,
	54.2826 24.4758,
	54.2817 24.4777,
	54.2817 24.4787,
	54.2807 24.4796,
	54.2807 24.4816,
	54.2793 24.4835,
	54.2788 24.4854,
	54.2764 24.4888,
	54.2696 24.4951,
	54.2657 24.4975,
	54.2624 24.4989,
	54.26 24.5009,
	54.258 24.5009,
	54.2503 24.5038,
	54.2484 24.5038,
	54.2445 24.5052,
	54.2426 24.5057,
	54.2416 24.5057,
	54.2406 24.5067,
	54.2252 24.5086,
	54.2098 24.5086,
	54.202 24.5081,
	54.1712 24.5023,
	54.1634 24.5009,
	54.1615 24.5009,
	54.1596 24.4999,
	54.1441 24.4965,
	54.1403 24.4956,
	54.1384 24.4951,
	54.1374 24.4951,
	54.1364 24.4941,
	54.121 24.4888,
	54.1171 24.4869,
	54.1152 24.4864,
	54.1142 24.4854,
	54.1065 24.4825,
	54.1026 24.4806,
	54.1022 24.4796,
	54.1002 24.4792,
	54.0964 24.4767,
	54.0944 24.4758,
	54.0925 24.4738,
	54.0887 24.4714,
	54.0858 24.4685,
	54.0838 24.4676,
	54.0819 24.4656,
	54.0679 24.456,
	54.0645 24.4536,
	54.0626 24.4521,
	54.0616 24.4521,
	54.0554 24.4468,
	54.0404 24.4367,
	54.037 24.4348,
	54.0356 24.4333,
	54.0346 24.4333,
	54.0312 24.4309,
	54.0293 24.4299,
	54.0283 24.4299,
	54.0245 24.4266,
	54.0206 24.4241,
	54.0182 24.4212,
	54.0163 24.4198,
	54.0143 24.4174,
	54.0139 24.4155,
	54.011 24.4126,
	54.009 24.4092,
	54.0081 24.4082,
	54.0081 24.4063,
	54.0071 24.4058,
	54.0066 24.4039,
	54.0057 24.4029,
	54.0042 24.3991,
	54.0042 24.3971,
	54.0032 24.3962,
	54.0008 24.3807,
	54.0008 24.3653,
	54.0008 24.3648,
	"/>
</Transform>

<Transform dim="0"
 xcoef=" 0 1 0 0 0 0"
 ycoef=" 0 0 1 0 0 0">
<Contour name="d004_p07" hidden="false" closed="true" simplified="true" border="1 1 0" fill="0 1 0" mode="11"
 points="53.6523 26.0079,
	53.6571 26.0015,
	53.6571 25.9983,
	53.6683 25.9887,
	53.6795 25.9839,
	53.6859 25.9807,
	53.6923 25.9807,
	53.6987 25.9775,
	53.7499 25.9759,
	53.7563 25.9743,
	53.7819 25.9823,
	53.8043 25.9999,
	53.8139 26.0111,
	53.8171 26.0111,
	53.8235 26.0159,
	53.8363 26.0207,
	53.8619 26.0223,
	53.8747 26.0255,
	53.8779 26.0287,
	53.8811 26.0287,
	53.8939 26.0399,
	53.8939 26.0655,
	53.8891 26.0783,
	53.8891 26.0815,
	53.8859 26.0847,
	53.8843 26.0911,
	53.8811 26.0943,
	53.8811 26.0975,
	53.8763 26.1039,
	53.8763 26.1071,
	53.8731 26.1087,
	53.8731 26.1119,
	53.8507 26.1327,
	53.8475 26.1343,
	53.8475 26.1375,
	53.8411 26.1407,
	53.8299 26.1535,
	53.8219 26.1647,
	53.8171 26.1695,
	53.8155 26.1727,
	53.8123 26.1727,
	53.7995 26.1823,
	53.7931 26.1871,
	53.7803 26.1903,
	53.7547 26.1887,
	53.7483 26.1855,
	53.7355 26.1839,
	53.7323 26.1807,
	53.7195 26.1759,
	53.6955 26.1583,
	53.6699 26.1359,
	53.6587 26.1247,
	53.6523 26.1119,
	53.6523 26.0863,
	53.6571 26.0735,
	53.6555 26.0479,
	53.6523 26.0351,
	53.6523 26.0095,
	"/>
</Transform>

<Transform dim="0"
 xcoef=" 0 1 0 0 0 0"
 ycoef=" 0 0 1 0 0 0">
<Contour name="d004_p07" hidden="false" closed="true" simplified="true" border="1 1 0" fill="0 1 0" mode="11"
 points="53.4987 26.6181,
	53.5025 26.613,
	53.5051 26.6104,
	53.5051 26.6078,
	53.509 26.6027,
	53.5115 26.6001,
	53.5115 26.5975,
	53.5154 26.5924,
	53.5244 26.5512,
	53.5283 26.5409,
	53.5347 26.5306,
	53.554 26.5113,
	53.5566 26.5087,
	53.5566 26.5062,
	53.5617 26.5023,
	53.5733 26.483,
	53.5874 26.4624,
	53.6054 26.4418,
	53.626 26.4238,
	53.6312 26.4213,
	53.6505 26.402,
	53.6582 26.3917,
	53.6672 26.3505,
	53.6711 26.3093,
	53.6749 26.2887,
	53.6814 26.2681,
	53.6878 26.2579,
	53.6891 26.2527,
	53.7058 26.2321,
	53.7109 26.2283,
	53.7135 26.2257,
	53.7187 26.2244,
	53.7212 26.2218,
	53.7624 26.218,
	53.783 26.2103,
	53.7933 26.2064,
	53.7984 26.2051,
	53.8036 26.2012,
	53.8087 26.2,
	53.8499 26.1717,
	53.8705 26.1549,
	53.8911 26.1343,
	53.9052 26.1138,
	53.9168 26.0932,
	53.9232 26.0829,
	53.9258 26.0777,
	53.9425 26.0571,
	53.9837 26.0237,
	54.0043 26.0057,
	54.0146 25.9967,
	54.0352 25.9851,
	54.0455 25.9812,
	54.0506 25.98,
	54.0558 25.9761,
	54.0969 25.9748,
	54.1021 25.9748,
	54.1124 25.98,
	54.1149 25.9825,
	54.1175 25.9825,
	54.1227 25.9864,
	54.1227 25.989,
	54.1265 25.9928,
	54.1265 25.9954,
	54.1291 25.998,
	54.1317 26.0186,
	54.1291 26.0391,
	54.1265 26.0494,
	54.1265 26.0597,
	54.1239 26.0649,
	54.1201 26.106,
	54.1201 26.1266,
	54.1085 26.1678,
	54.1059 26.1729,
	54.1034 26.1755,
	54.1021 26.1807,
	54.0841 26.2,
	54.0635 26.2115,
	54.0429 26.218,
	54.0017 26.2193,
	53.9811 26.2205,
	53.9708 26.2218,
	53.9297 26.2411,
	53.9194 26.2476,
	53.9168 26.2476,
	53.8962 26.2669,
	53.8718 26.308,
	53.8653 26.3286,
	53.8628 26.3492,
	53.864 26.3698,
	53.864 26.3801,
	53.864 26.3852,
	53.8705 26.4058,
	53.8808 26.4264,
	53.8808 26.429,
	53.8846 26.4341,
	53.8885 26.4444,
	53.9026 26.465,
	53.9194 26.4856,
	53.9593 26.5229,
	53.9618 26.5229,
	53.9721 26.5306,
	53.9927 26.5396,
	54.003 26.5435,
	54.0853 26.5525,
	54.1059 26.5525,
	54.1162 26.5525,
	54.1265 26.5499,
	54.1471 26.5396,
	54.1574 26.5345,
	54.178 26.5293,
	54.1986 26.528,
	54.2089 26.528,
	54.2191 26.5306,
	54.3015 26.5319,
	54.3221 26.5319,
	54.3632 26.528,
	54.3838 26.5268,
	54.3941 26.5242,
	54.4147 26.5255,
	54.425 26.528,
	54.4456 26.5383,
	54.4559 26.5448,
	54.4649 26.5551,
	54.4687 26.5602,
	54.4726 26.5808,
	54.4713 26.5911,
	54.4713 26.5962,
	54.4675 26.6014,
	54.4675 26.6039,
	54.4482 26.6232,
	54.4404 26.6335,
	54.4199 26.6541,
	54.4096 26.658,
	54.389 26.6567,
	54.3478 26.6438,
	54.3066 26.6438,
	54.2655 26.6503,
	54.2449 26.6541,
	54.2397 26.6541,
	54.2191 26.6644,
	54.214 26.6657,
	54.2114 26.6683,
	54.2089 26.6683,
	54.2037 26.6721,
	54.1986 26.6734,
	54.196 26.6734,
	54.1908 26.6773,
	54.1883 26.6773,
	54.1831 26.6811,
	54.142 26.694,
	54.1317 26.6979,
	54.1265 26.6992,
	54.1162 26.7056,
	54.0956 26.7133,
	54.0545 26.739,
	54.0519 26.739,
	54.0326 26.7596,
	54.0159 26.7789,
	54.0107 26.7841,
	54.0004 26.7879,
	53.9798 26.7892,
	53.9593 26.7931,
	53.9181 26.7956,
	53.8769 26.7944,
	53.8357 26.7905,
	53.8255 26.7905,
	53.8203 26.7905,
	53.8152 26.7879,
	53.81 26.7879,
	53.8049 26.7854,
	53.7997 26.7854,
	53.7791 26.7789,
	53.738 26.7738,
	53.7174 26.7699,
	53.6762 26.7686,
	53.6556 26.7686,
	53.635 26.7751,
	53.5939 26.7841,
	53.5836 26.7879,
	53.5733 26.7944,
	53.5707 26.7944,
	53.5501 26.8124,
	53.5398 26.8227,
	53.5373 26.8252,
	53.527 26.8265,
	53.5167 26.8227,
	53.5115 26.8175,
	53.5025 26.7969,
	53.5012 26.7763,
	53.5012 26.7661,
	53.5051 26.7558,
	53.509 26.7146,
	53.5077 26.6734,
	53.5051 26.6528,
	53.5012 26.6425,
	53.4987 26.622,
	53.4987 26.6194,
	"/>
</Transform>

<Transform dim="0"
 xcoef=" 0 1 0 0 0 0"
 ycoef=" 0 0 1 0 0 0">
<Contour name="d004" hidden="false" closed="true" simplified="true" border="0 1 1" fill="0 0 1" mode="11"
 points="54.3845 25.4704,
	54.3866 25.4539,
	54.3907 25.4456,
	54.4041 25.4301,
	54.4124 25.425,
	54.4289 25.426,
	54.4371 25.427,
	54.4454 25.426,
	54.4536 25.4229,
	54.4578 25.4208,
	54.4639 25.4126,
	54.4691 25.3961,
	54.4681 25.3796,
	54.467 25.3754,
	54.467 25.3734,
	54.4639 25.3693,
	54.4609 25.361,
	54.4578 25.3569,
	54.4567 25.3528,
	54.4547 25.3507,
	54.4536 25.3466,
	54.4382 25.3342,
	54.434 25.3321,
	54.4309 25.328,
	54.4309 25.3259,
	54.4289 25.3239,
	54.4278 25.3074,
	54.433 25.3001,
	54.4485 25.2847,
	54.4547 25.2774,
	54.4629 25.2723,
	54.467 25.2692,
	54.4712 25.2682,
	54.4794 25.263,
	54.4856 25.2547,
	54.4856 25.2527,
	54.4877 25.2506,
	54.4897 25.2424,
	54.4897 25.2382,
	54.4918 25.2341,
	54.5001 25.2269,
	54.5042 25.2228,
	54.5083 25.2207,
	54.5145 25.2135,
	54.53 25.199,
	54.5362 25.1918,
	54.5393 25.1877,
	54.5558 25.1784,
	54.564 25.1743,
	54.5805 25.1753,
	54.5847 25.1774,
	54.5908 25.1856,
	54.5929 25.1897,
	54.597 25.1918,
	54.63 25.1866,
	54.6466 25.1866,
	54.6548 25.1897,
	54.6589 25.1939,
	54.661 25.198,
	54.6765 25.199,
	54.6847 25.198,
	54.693 25.1949,
	54.7012 25.1897,
	54.7085 25.1825,
	54.7126 25.1784,
	54.7198 25.1732,
	54.7281 25.1712,
	54.7611 25.1753,
	54.7776 25.1753,
	54.7941 25.1784,
	54.8023 25.1815,
	54.8065 25.1836,
	54.8085 25.1836,
	54.8106 25.1856,
	54.8188 25.1877,
	54.8519 25.1887,
	54.8849 25.1949,
	54.9014 25.1959,
	54.9179 25.199,
	54.9261 25.2001,
	54.9427 25.2063,
	54.9499 25.2093,
	54.954 25.2124,
	54.9623 25.2155,
	54.9664 25.2176,
	54.9684 25.2176,
	54.9705 25.2197,
	54.9788 25.2217,
	54.9953 25.2228,
	55.0035 25.2259,
	55.0118 25.2259,
	55.0283 25.231,
	55.0438 25.2403,
	55.051 25.2455,
	55.053 25.2455,
	55.0551 25.2475,
	55.0572 25.2475,
	55.0726 25.2599,
	55.0799 25.2661,
	55.0892 25.2816,
	55.0922 25.2981,
	55.0943 25.3063,
	55.0984 25.3146,
	55.1046 25.3228,
	55.1067 25.3249,
	55.1088 25.3249,
	55.1098 25.327,
	55.1118 25.327,
	55.1139 25.329,
	55.116 25.329,
	55.1315 25.3393,
	55.1397 25.3445,
	55.1469 25.3528,
	55.148 25.3569,
	55.1449 25.3651,
	55.1387 25.3724,
	55.1376 25.3806,
	55.1418 25.3971,
	55.1449 25.4054,
	55.1459 25.4095,
	55.1459 25.4116,
	55.148 25.4136,
	55.1531 25.4301,
	55.1531 25.4631,
	55.1583 25.4796,
	55.1645 25.4869,
	55.1676 25.49,
	55.1686 25.4982,
	55.1665 25.5065,
	55.1655 25.5106,
	55.1665 25.5189,
	55.1696 25.5271,
	55.1748 25.5354,
	55.1748 25.5374,
	55.1768 25.5385,
	55.1768 25.5405,
	55.1903 25.556,
	55.1985 25.5725,
	55.2037 25.5808,
	55.2068 25.5838,
	55.2078 25.588,
	55.213 25.5962,
	55.215 25.5983,
	55.2191 25.6148,
	55.2202 25.6313,
	55.2212 25.6396,
	55.2202 25.6478,
	55.2171 25.6561,
	55.216 25.6602,
	55.214 25.6623,
	55.214 25.6643,
	55.2119 25.6664,
	55.2088 25.6746,
	55.2078 25.6829,
	55.2088 25.6911,
	55.2109 25.6953,
	55.2099 25.7118,
	55.2057 25.72,
	55.2057 25.7221,
	55.2037 25.7242,
	55.2026 25.7283,
	55.1861 25.7396,
	55.1789 25.7479,
	55.1789 25.7561,
	55.181 25.7592,
	55.1975 25.7654,
	55.2016 25.7665,
	55.2078 25.7747,
	55.2088 25.783,
	55.2078 25.7871,
	55.1975 25.8026,
	55.1944 25.8057,
	55.1934 25.8098,
	55.1903 25.8139,
	55.182 25.818,
	55.1779 25.8201,
	55.1727 25.8284,
	55.1696 25.8366,
	55.1583 25.8531,
	55.1531 25.8614,
	55.1449 25.8665,
	55.1428 25.8665,
	55.1356 25.8738,
	55.1273 25.8758,
	55.1191 25.8799,
	55.1149 25.883,
	55.1108 25.8841,
	55.1067 25.8872,
	55.0984 25.9037,
	55.0933 25.9109,
	55.0892 25.913,
	55.0726 25.9119,
	55.0561 25.9057,
	55.0479 25.9026,
	55.0314 25.9016,
	55.0231 25.9016,
	55.0211 25.9016,
	55.0128 25.9078,
	54.9963 25.914,
	54.988 25.9171,
	54.9839 25.9191,
	54.9509 25.9202,
	54.9468 25.9202,
	54.9303 25.914,
	54.9138 25.9099,
	54.8973 25.9119,
	54.8807 25.9171,
	54.8725 25.9191,
	54.8704 25.9191,
	54.8684 25.9212,
	54.8354 25.9212,
	54.8188 25.9161,
	54.8168 25.9161,
	54.8147 25.914,
	54.7982 25.913,
	54.7817 25.915,
	54.7776 25.915,
	54.7693 25.9181,
	54.7652 25.9212,
	54.7487 25.9264,
	54.7404 25.9295,
	54.7239 25.9284,
	54.7157 25.9264,
	54.7116 25.9253,
	54.7043 25.9202,
	54.7012 25.9161,
	54.6847 25.9088,
	54.6517 25.9057,
	54.6362 25.8954,
	54.6208 25.883,
	54.6146 25.8748,
	54.6084 25.8686,
	54.5991 25.8521,
	54.597 25.848,
	54.5805 25.8428,
	54.564 25.8449,
	54.5475 25.8428,
	54.5393 25.8407,
	54.5351 25.8397,
	54.5269 25.8345,
	54.5238 25.8325,
	54.5166 25.8253,
	54.5135 25.817,
	54.5124 25.784,
	54.5062 25.7768,
	54.4897 25.7726,
	54.4815 25.7716,
	54.4753 25.7644,
	54.4722 25.7603,
	54.4691 25.752,
	54.4681 25.7438,
	54.4691 25.7355,
	54.4691 25.7334,
	54.4712 25.7314,
	54.4753 25.7149,
	54.4784 25.7066,
	54.4794 25.6984,
	54.4784 25.6942,
	54.4784 25.6922,
	54.4753 25.688,
	54.4743 25.6839,
	54.4722 25.6819,
	54.4722 25.6798,
	54.4701 25.6777,
	54.4691 25.6695,
	54.466 25.6612,
	54.465 25.6447,
	54.4639 25.6365,
	54.4639 25.6323,
	54.4609 25.6241,
	54.4588 25.622,
	54.4588 25.6055,
	54.4588 25.6014,
	54.4485 25.5849,
	54.4412 25.5777,
	54.4361 25.5694,
	54.433 25.5653,
	54.433 25.5632,
	54.4227 25.5477,
	54.4186 25.5395,
	54.4155 25.5354,
	54.4103 25.5189,
	54.399 25.5054,
	54.3917 25.4982,
	54.3855 25.4817,
	54.3845 25.4735,
	54.3845 25.4714,
	"/>
<Contour name="d004_i05_o02" hidden="false" closed="true" simplified="true" border="0 1 1" fill="0 0 1" mode="11"
 points="54.3845 25.4704,
	54.3866 25.4539,
	54.3907 25.4456,
	54.4041 25.4301,
	54.4124 25.425,
	54.4289 25.426,
	54.4371 25.427,
	54.4454 25.426,
	54.4536 25.4229,
	54.4578 25.4208,
	54.4639 25.4126,
	54.4691 25.3961,
	54.4681 25.3796,
	54.467 25.3754,
	54.467 25.3734,
	54.4639 25.3693,
	54.4609 25.361,
	54.4578 25.3569,
	54.4567 25.3528,
	54.4547 25.3507,
	54.4536 25.3466,
	54.4382 25.3342,
	54.434 25.3321,
	54.4309 25.328,
	54.4309 25.3259,
	54.4289 25.3239,
	54.4278 25.3074,
	54.433 25.3001,
	54.4485 25.2847,
	54.4547 25.2774,
	54.4629 25.2723,
	54.467 25.2692,
	54.4712 25.2682,
	54.4794 25.263,
	54.4856 25.2547,
	54.4856 25.2527,
	54.4877 25.2506,
	54.4897 25.2424,
	54.4897 25.2382,
	54.4918 25.2341,
	54.5001 25.2269,
	54.5042 25.2228,
	54.5083 25.2207,
	54.5145 25.2135,
	54.53 25.199,
	54.5362 25.1918,
	54.5393 25.1877,
	54.5558 25.1784,
	54.564 25.1743,
	54.5805 25.1753,
	54.5847 25.1774,
	54.5908 25.1856,
	54.5929 25.1897,
	54.597 25.1918,
	54.63 25.1866,
	54.6466 25.1866,
	54.6548 25.1897,
	54.6589 25.1939,
	54.661 25.198,
	54.6765 25.199,
	54.6847 25.198,
	54.693 25.1949,
	54.7012 25.1897,
	54.7085 25.1825,
	54.7126 25.1784,
	54.7198 25.1732,
	54.7281 25.1712,
	54.7611 25.1753,
	54.7776 25.1753,
	54.7941 25.1784,
	54.8023 25.1815,
	54.8065 25.1836,
	54.8085 25.1836,
	54.8106 25.1856,
	54.8188 25.1877,
	54.8519 25.1887,
	54.8849 25.1949,
	54.9014 25.1959,
	54.9179 25.199,
	54.9261 25.2001,
	54.9427 25.2063,
	54.9499 25.2093,
	54.954 25.2124,
	54.9623 25.2155,
	54.9664 25.2176,
	54.9684 25.2176,
	54.9705 25.2197,
	54.9788 25.2217,
	54.9953 25.2228,
	55.0035 25.2259,
	55.0118 25.2259,
	55.0283 25.231,
	55.0438 25.2403,
	55.051 25.2455,
	55.053 25.2455,
	55.0551 25.2475,
	55.0572 25.2475,
	55.0726 25.2599,
	55.0799 25.2661,
	55.0892 25.2816,
	55.0922 25.2981,
	55.0943 25.3063,
	55.0984 25.3146,
	55.1046 25.3228,
	55.1067 25.3249,
	55.1088 25.3249,
	55.1098 25.327,
	55.1118 25.327,
	55.1139 25.329,
	55.116 25.329,
	55.1315 25.3393,
	55.1397 25.3445,
	55.1469 25.3528,
	55.148 25.3569,
	55.1449 25.3651,
	55.1387 25.3724,
	55.1376 25.3806,
	55.1418 25.3971,
	55.1449 25.4054,
	55.1459 25.4095,
	55.1459 25.4116,
	55.148 25.4136,
	55.1531 25.4301,
	55.1531 25.4631,
	55.1583 25.4796,
	55.1645 25.4869,
	55.1676 25.49,
	55.1686 25.4982,
	55.1665 25.5065,
	55.1655 25.5106,
	55.1665 25.5189,
	55.1696 25.5271,
	55.1748 25.5354,
	55.1748 25.5374,
	55.1768 25.5385,
	55.1768 25.5405,
	55.1903 25.556,
	55.1985 25.5725,
	55.2037 25.5808,
	55.2068 25.5838,
	55.2078 25.588,
	55.213 25.5962,
	55.215 25.5983,
	55.2191 25.6148,
	55.2202 25.6313,
	55.2212 25.6396,
	55.2202 25.6478,
	55.2171 25.6561,
	55.216 25.6602,
	55.214 25.6623,
	55.214 25.6643,
	55.2119 25.6664,
	55.2088 25.6746,
	55.2078 25.6829,
	55.2088 25.6911,
	55.2109 25.6953,
	55.2099 25.7118,
	55.2057 25.72,
	55.2057 25.7221,
	55.2037 25.7242,
	55.2026 25.7283,
	55.1861 25.7396,
	55.1789 25.7479,
	55.1789 25.7561,
	55.181 25.7592,
	55.1975 25.7654,
	55.2016 25.7665,
	55.2078 25.7747,
	55.2088 25.783,
	55.2078 25.7871,
	55.1975 25.8026,
	55.1944 25.8057,
	55.1934 25.8098,
	55.1903 25.8139,
	55.182 25.818,
	55.1779 25.8201,
	55.1727 25.8284,
	55.1696 25.8366,
	55.1583 25.8531,
	55.1531 25.8614,
	55.1449 25.8665,
	55.1428 25.8665,
	55.1356 25.8738,
	55.1273 25.8758,
	55.1191 25.8799,
	55.1149 25.883,
	55.1108 25.8841,
	55.1067 25.8872,
	55.0984 25.9037,
	55.0933 25.9109,
	55.0892 25.913,
	55.0726 25.9119,
	55.0561 25.9057,
	55.0479 25.9026,
	55.0314 25.9016,
	55.0231 25.9016,
	55.0211 25.9016,
	55.0128 25.9078,
	54.9963 25.914,
	54.988 25.9171,
	54.9839 25.9191,
	54.9509 25.9202,
	54.9468 25.9202,
	54.9303 25.914,
	54.9138 25.9099,
	54.8973 25.9119,
	54.8807 25.9171,
	54.8725 25.9191,
	54.8704 25.9191,
	54.8684 25.9212,
	54.8354 25.9212,
	54.8188 25.9161,
	54.8168 25.9161,
	54.8147 25.914,
	54.7982 25.913,
	54.7817 25.915,
	54.7776 25.915,
	54.7693 25.9181,
	54.7652 25.9212,
	54.7487 25.9264,
	54.7404 25.9295,
	54.7239 25.9284,
	54.7157 25.9264,
	54.7116 25.9253,
	54.7043 25.9202,
	54.7012 25.9161,
	54.6847 25.9088,
	54.6517 25.9057,
	54.6362 25.8954,
	54.6208 25.883,
	54.6146 25.8748,
	54.6084 25.8686,
	54.5991 25.8521,
	54.597 25.848,
	54.5805 25.8428,
	54.564 25.8449,
	54.5475 25.8428,
	54.5393 25.8407,
	54.5351 25.8397,
	54.5269 25.8345,
	54.5238 25.8325,
	54.5166 25.8253,
	54.5135 25.817,
	54.5124 25.784,
	54.5062 25.7768,
	54.4897 25.7726,
	54.4815 25.7716,
	54.4753 25.7644,
	54.4722 25.7603,
	54.4691 25.752,
	54.4681 25.7438,
	54.4691 25.7355,
	54.4691 25.7334,
	54.4712 25.7314,
	54.4753 25.7149,
	54.4784 25.7066,
	54.4794 25.6984,
	54.4784 25.6942,
	54.4784 25.6922,
	54.4753 25.688,
	54.4743 25.6839,
	54.4722 25.6819,
	54.4722 25.6798,
	54.4701 25.6777,
	54.4691 25.6695,
	54.466 25.6612,
	54.465 25.6447,
	54.4639 25.6365,
	54.4639 25.6323,
	54.4609 25.6241,
	54.4588 25.622,
	54.4588 25.6055,
	54.4588 25.6014,
	54.4485 25.5849,
	54.4412 25.5777,
	54.4361 25.5694,
	54.433 25.5653,
	54.433 25.5632,
	54.4227 25.5477,
	54.4186 25.5395,
	54.4155 25.5354,
	54.4103 25.5189,
	54.399 25.5054,
	54.3917 25.4982,
	54.3855 25.4817,
	54.3845 25.4735,
	54.3845 25.4714,
	"/>
<Contour name="d004_i05_o03" hidden="false" closed="true" simplified="true" border="0 1 1" fill="0 0 1" mode="11"
 points="54.3845 25.4704,
	54.3866 25.4539,
	54.3907 25.4456,
	54.4041 25.4301,
	54.4124 25.425,
	54.4289 25.426,
	54.4371 25.427,
	54.4454 25.426,
	54.4536 25.4229,
	54.4578 25.4208,
	54.4639 25.4126,
	54.4691 25.3961,
	54.4681 25.3796,
	54.467 25.3754,
	54.467 25.3734,
	54.4639 25.3693,
	54.4609 25.361,
	54.4578 25.3569,
	54.4567 25.3528,
	54.4547 25.3507,
	54.4536 25.3466,
	54.4382 25.3342,
	54.434 25.3321,
	54.4309 25.328,
	54.4309 25.3259,
	54.4289 25.3239,
	54.4278 25.3074,
	54.433 25.3001,
	54.4485 25.2847,
	54.4547 25.2774,
	54.4629 25.2723,
	54.467 25.2692,
	54.4712 25.2682,
	54.4794 25.263,
	54.4856 25.2547,
	54.4856 25.2527,
	54.4877 25.2506,
	54.4897 25.2424,
	54.4897 25.2382,
	54.4918 25.2341,
	54.5001 25.2269,
	54.5042 25.2228,
	54.5083 25.2207,
	54.5145 25.2135,
	54.53 25.199,
	54.5362 25.1918,
	54.5393 25.1877,
	54.5558 25.1784,
	54.564 25.1743,
	54.5805 25.1753,
	54.5847 25.1774,
	54.5908 25.1856,
	54.5929 25.1897,
	54.597 25.1918,
	54.63 25.1866,
	54.6466 25.1866,
	54.6548 25.1897,
	54.6589 25.1939,
	54.661 25.198,
	54.6765 25.199,
	54.6847 25.198,
	54.693 25.1949,
	54.7012 25.1897,
	54.7085 25.1825,
	54.7126 25.1784,
	54.7198 25.1732,
	54.7281 25.1712,
	54.7611 25.1753,
	54.7776 25.1753,
	54.7941 25.1784,
	54.8023 25.1815,
	54.8065 25.1836,
	54.8085 25.1836,
	54.8106 25.1856,
	54.8188 25.1877,
	54.8519 25.1887,
	54.8849 25.1949,
	54.9014 25.1959,
	54.9179 25.199,
	54.9261 25.2001,
	54.9427 25.2063,
	54.9499 25.2093,
	54.954 25.2124,
	54.9623 25.2155,
	54.9664 25.2176,
	54.9684 25.2176,
	54.9705 25.2197,
	54.9788 25.2217,
	54.9953 25.2228,
	55.0035 25.2259,
	55.0118 25.2259,
	55.0283 25.231,
	55.0438 25.2403,
	55.051 25.2455,
	55.053 25.2455,
	55.0551 25.2475,
	55.0572 25.2475,
	55.0726 25.2599,
	55.0799 25.2661,
	55.0892 25.2816,
	55.0922 25.2981,
	55.0943 25.3063,
	55.0984 25.3146,
	55.1046 25.3228,
	55.1067 25.3249,
	55.1088 25.3249,
	55.1098 25.327,
	55.1118 25.327,
	55.1139 25.329,
	55.116 25.329,
	55.1315 25.3393,
	55.1397 25.3445,
	55.1469 25.3528,
	55.148 25.3569,
	55.1449 25.3651,
	55.1387 25.3724,
	55.1376 25.3806,
	55.1418 25.3971,
	55.1449 25.4054,
	55.1459 25.4095,
	55.1459 25.4116,
	55.148 25.4136,
	55.1531 25.4301,
	55.1531 25.4631,
	55.1583 25.4796,
	55.1645 25.4869,
	55.1676 25.49,
	55.1686 25.4982,
	55.1665 25.5065,
	55.1655 25.5106,
	55.1665 25.5189,
	55.1696 25.5271,
	55.1748 25.5354,
	55.1748 25.5374,
	55.1768 25.5385,
	55.1768 25.5405,
	55.1903 25.556,
	55.1985 25.5725,
	55.2037 25.5808,
	55.2068 25.5838,
	55.2078 25.588,
	55.213 25.5962,
	55.215 25.5983,
	55.2191 25.6148,
	55.2202 25.6313,
	55.2212 25.6396,
	55.2202 25.6478,
	55.2171 25.6561,
	55.216 25.6602,
	55.214 25.6623,
	55.214 25.6643,
	55.2119 25.6664,
	55.2088 25.6746,
	55.2078 25.6829,
	55.2088 25.6911,
	55.2109 25.6953,
	55.2099 25.7118,
	55.2057 25.72,
	55.2057 25.7221,
	55.2037 25.7242,
	55.2026 25.7283,
	55.1861 25.7396,
	55.1789 25.7479,
	55.1789 25.7561,
	55.181 25.7592,
	55.1975 25.7654,
	55.2016 25.7665,
	55.2078 25.7747,
	55.2088 25.783,
	55.2078 25.7871,
	55.1975 25.8026,
	55.1944 25.8057,
	55.1934 25.8098,
	55.1903 25.8139,
	55.182 25.818,
	55.1779 25.8201,
	55.1727 25.8284,
	55.1696 25.8366,
	55.1583 25.8531,
	55.1531 25.8614,
	55.1449 25.8665,
	55.1428 25.8665,
	55.1356 25.8738,
	55.1273 25.8758,
	55.1191 25.8799,
	55.1149 25.883,
	55.1108 25.8841,
	55.1067 25.8872,
	55.0984 25.9037,
	55.0933 25.9109,
	55.0892 25.913,
	55.0726 25.9119,
	55.0561 25.9057,
	55.0479 25.9026,
	55.0314 25.9016,
	55.0231 25.9016,
	55.0211 25.9016,
	55.0128 25.9078,
	54.9963 25.914,
	54.988 25.9171,
	54.9839 25.9191,
	54.9509 25.9202,
	54.9468 25.9202,
	54.9303 25.914,
	54.9138 25.9099,
	54.8973 25.9119,
	54.8807 25.9171,
	54.8725 25.9191,
	54.8704 25.9191,
	54.8684 25.9212,
	54.8354 25.9212,
	54.8188 25.9161,
	54.8168 25.9161,
	54.8147 25.914,
	54.7982 25.913,
	54.7817 25.915,
	54.7776 25.915,
	54.7693 25.9181,
	54.7652 25.9212,
	54.7487 25.9264,
	54.7404 25.9295,
	54.7239 25.9284,
	54.7157 25.9264,
	54.7116 25.9253,
	54.7043 25.9202,
	54.7012 25.9161,
	54.6847 25.9088,
	54.6517 25.9057,
	54.6362 25.8954,
	54.6208 25.883,
	54.6146 25.8748,
	54.6084 25.8686,
	54.5991 25.8521,
	54.597 25.848,
	54.5805 25.8428,
	54.564 25.8449,
	54.5475 25.8428,
	54.5393 25.8407,
	54.5351 25.8397,
	54.5269 25.8345,
	54.5238 25.8325,
	54.5166 25.8253,
	54.5135 25.817,
	54.5124 25.784,
	54.5062 25.7768,
	54.4897 25.7726,
	54.4815 25.7716,
	54.4753 25.7644,
	54.4722 25.7603,
	54.4691 25.752,
	54.4681 25.7438,
	54.4691 25.7355,
	54.4691 25.7334,
	54.4712 25.7314,
	54.4753 25.7149,
	54.4784 25.7066,
	54.4794 25.6984,
	54.4784 25.6942,
	54.4784 25.6922,
	54.4753 25.688,
	54.4743 25.6839,
	54.4722 25.6819,
	54.4722 25.6798,
	54.4701 25.6777,
	54.4691 25.6695,
	54.466 25.6612,
	54.465 25.6447,
	54.4639 25.6365,
	54.4639 25.6323,
	54.4609 25.6241,
	54.4588 25.622,
	54.4588 25.6055,
	54.4588 25.6014,
	54.4485 25.5849,
	54.4412 25.5777,
	54.4361 25.5694,
	54.433 25.5653,
	54.433 25.5632,
	54.4227 25.5477,
	54.4186 25.5395,
	54.4155 25.5354,
	54.4103 25.5189,
	54.399 25.5054,
	54.3917 25.4982,
	54.3855 25.4817,
	54.3845 25.4735,
	54.3845 25.4714,
	"/>
<Contour name="d004_i05_o04" hidden="false" closed="true" simplified="true" border="0 1 1" fill="0 0 1" mode="11"
 points="54.3845 25.4704,
	54.3866 25.4539,
	54.3907 25.4456,
	54.4041 25.4301,
	54.4124 25.425,
	54.4289 25.426,
	54.4371 25.427,
	54.4454 25.426,
	54.4536 25.4229,
	54.4578 25.4208,
	54.4639 25.4126,
	54.4691 25.3961,
	54.4681 25.3796,
	54.467 25.3754,
	54.467 25.3734,
	54.4639 25.3693,
	54.4609 25.361,
	54.4578 25.3569,
	54.4567 25.3528,
	54.4547 25.3507,
	54.4536 25.3466,
	54.4382 25.3342,
	54.434 25.3321,
	54.4309 25.328,
	54.4309 25.3259,
	54.4289 25.3239,
	54.4278 25.3074,
	54.433 25.3001,
	54.4485 25.2847,
	54.4547 25.2774,
	54.4629 25.2723,
	54.467 25.2692,
	54.4712 25.2682,
	54.4794 25.263,
	54.4856 25.2547,
	54.4856 25.2527,
	54.4877 25.2506,
	54.4897 25.2424,
	54.4897 25.2382,
	54.4918 25.2341,
	54.5001 25.2269,
	54.5042 25.2228,
	54.5083 25.2207,
	54.5145 25.2135,
	54.53 25.199,
	54.5362 25.1918,
	54.5393 25.1877,
	54.5558 25.1784,
	54.564 25.1743,
	54.5805 25.1753,
	54.5847 25.1774,
	54.5908 25.1856,
	54.5929 25.1897,
	54.597 25.1918,
	54.63 25.1866,
	54.6466 25.1866,
	54.6548 25.1897,
	54.6589 25.1939,
	54.661 25.198,
	54.6765 25.199,
	54.6847 25.198,
	54.693 25.1949,
	54.7012 25.1897,
	54.7085 25.1825,
	54.7126 25.1784,
	54.7198 25.1732,
	54.7281 25.1712,
	54.7611 25.1753,
	54.7776 25.1753,
	54.7941 25.1784,
	54.8023 25.1815,
	54.8065 25.1836,
	54.8085 25.1836,
	54.8106 25.1856,
	54.8188 25.1877,
	54.8519 25.1887,
	54.8849 25.1949,
	54.9014 25.1959,
	54.9179 25.199,
	54.9261 25.2001,
	54.9427 25.2063,
	54.9499 25.2093,
	54.954 25.2124,
	54.9623 25.2155,
	54.9664 25.2176,
	54.9684 25.2176,
	54.9705 25.2197,
	54.9788 25.2217,
	54.9953 25.2228,
	55.0035 25.2259,
	55.0118 25.2259,
	55.0283 25.231,
	55.0438 25.2403,
	55.051 25.2455,
	55.053 25.2455,
	55.0551 25.2475,
	55.0572 25.2475,
	55.0726 25.2599,
	55.0799 25.2661,
	55.0892 25.2816,
	55.0922 25.2981,
	55.0943 25.3063,
	55.0984 25.3146,
	55.1046 25.3228,
	55.1067 25.3249,
	55.1088 25.3249,
	55.1098 25.327,
	55.1118 25.327,
	55.1139 25.329,
	55.116 25.329,
	55.1315 25.3393,
	55.1397 25.3445,
	55.1469 25.3528,
	55.148 25.3569,
	55.1449 25.3651,
	55.1387 25.3724,
	55.1376 25.3806,
	55.1418 25.3971,
	55.1449 25.4054,
	55.1459 25.4095,
	55.1459 25.4116,
	55.148 25.4136,
	55.1531 25.4301,
	55.1531 25.4631,
	55.1583 25.4796,
	55.1645 25.4869,
	55.1676 25.49,
	55.1686 25.4982,
	55.1665 25.5065,
	55.1655 25.5106,
	55.1665 25.5189,
	55.1696 25.5271,
	55.1748 25.5354,
	55.1748 25.5374,
	55.1768 25.5385,
	55.1768 25.5405,
	55.1903 25.556,
	55.1985 25.5725,
	55.2037 25.5808,
	55.2068 25.5838,
	55.2078 25.588,
	55.213 25.5962,
	55.215 25.5983,
	55.2191 25.6148,
	55.2202 25.6313,
	55.2212 25.6396,
	55.2202 25.6478,
	55.2171 25.6561,
	55.216 25.6602,
	55.214 25.6623,
	55.214 25.6643,
	55.2119 25.6664,
	55.2088 25.6746,
	55.2078 25.6829,
	55.2088 25.6911,
	55.2109 25.6953,
	55.2099 25.7118,
	55.2057 25.72,
	55.2057 25.7221,
	55.2037 25.7242,
	55.2026 25.7283,
	55.1861 25.7396,
	55.1789 25.7479,
	55.1789 25.7561,
	55.181 25.7592,
	55.1975 25.7654,
	55.2016 25.7665,
	55.2078 25.7747,
	55.2088 25.783,
	55.2078 25.7871,
	55.1975 25.8026,
	55.1944 25.8057,
	55.1934 25.8098,
	55.1903 25.8139,
	55.182 25.818,
	55.1779 25.8201,
	55.1727 25.8284,
	55.1696 25.8366,
	55.1583 25.8531,
	55.1531 25.8614,
	55.1449 25.8665,
	55.1428 25.8665,
	55.1356 25.8738,
	55.1273 25.8758,
	55.1191 25.8799,
	55.1149 25.883,
	55.1108 25.8841,
	55.1067 25.8872,
	55.0984 25.9037,
	55.0933 25.9109,
	55.0892 25.913,
	55.0726 25.9119,
	55.0561 25.9057,
	55.0479 25.9026,
	55.0314 25.9016,
	55.0231 25.9016,
	55.0211 25.9016,
	55.0128 25.9078,
	54.9963 25.914,
	54.988 25.9171,
	54.9839 25.9191,
	54.9509 25.9202,
	54.9468 25.9202,
	54.9303 25.914,
	54.9138 25.9099,
	54.8973 25.9119,
	54.8807 25.9171,
	54.8725 25.9191,
	54.8704 25.9191,
	54.8684 25.9212,
	54.8354 25.9212,
	54.8188 25.9161,
	54.8168 25.9161,
	54.8147 25.914,
	54.7982 25.913,
	54.7817 25.915,
	54.7776 25.915,
	54.7693 25.9181,
	54.7652 25.9212,
	54.7487 25.9264,
	54.7404 25.9295,
	54.7239 25.9284,
	54.7157 25.9264,
	54.7116 25.9253,
	54.7043 25.9202,
	54.7012 25.9161,
	54.6847 25.9088,
	54.6517 25.9057,
	54.6362 25.8954,
	54.6208 25.883,
	54.6146 25.8748,
	54.6084 25.8686,
	54.5991 25.8521,
	54.597 25.848,
	54.5805 25.8428,
	54.564 25.8449,
	54.5475 25.8428,
	54.5393 25.8407,
	54.5351 25.8397,
	54.5269 25.8345,
	54.5238 25.8325,
	54.5166 25.8253,
	54.5135 25.817,
	54.5124 25.784,
	54.5062 25.7768,
	54.4897 25.7726,
	54.4815 25.7716,
	54.4753 25.7644,
	54.4722 25.7603,
	54.4691 25.752,
	54.4681 25.7438,
	54.4691 25.7355,
	54.4691 25.7334,
	54.4712 25.7314,
	54.4753 25.7149,
	54.4784 25.7066,
	54.4794 25.6984,
	54.4784 25.6942,
	54.4784 25.6922,
	54.4753 25.688,
	54.4743 25.6839,
	54.4722 25.6819,
	54.4722 25.6798,
	54.4701 25.6777,
	54.4691 25.6695,
	54.466 25.6612,
	54.465 25.6447,
	54.4639 25.6365,
	54.4639 25.6323,
	54.4609 25.6241,
	54.4588 25.622,
	54.4588 25.6055,
	54.4588 25.6014,
	54.4485 25.5849,
	54.4412 25.5777,
	54.4361 25.5694,
	54.433 25.5653,
	54.433 25.5632,
	54.4227 25.5477,
	54.4186 25.5395,
	54.4155 25.5354,
	54.4103 25.5189,
	54.399 25.5054,
	54.3917 25.4982,
	54.3855 25.4817,
	54.3845 25.4735,
	54.3845 25.4714,
	"/>
</Transform>

<Transform dim="0"
 xcoef=" 0 1 0 0 0 0"
 ycoef=" 0 0 1 0 0 0">
<Contour name="d004_cl01_asyn" hidden="false" closed="true" simplified="true" border="0 1 1" fill="0 0 1" mode="11"
 points="54.3845 25.4604,
	54.3866 25.4439,
	54.3907 25.4356,
	54.4041 25.4201,
	54.4124 25.415,
	54.4289 25.416,
	54.4371 25.417,
	54.4454 25.416,
	54.4536 25.4129,
	54.4578 25.4108,
	54.4639 25.4026,
	54.4691 25.3861,
	54.4681 25.3696,
	54.467 25.3654,
	54.467 25.3634,
	54.4639 25.3593,
	54.4609 25.351,
	54.4578 25.3469,
	54.4567 25.3428,
	54.4547 25.3407,
	54.4536 25.3366,
	54.4382 25.3242,
	54.434 25.3221,
	54.4309 25.318,
	54.4309 25.3159,
	54.4289 25.3139,
	54.4278 25.2974,
	54.433 25.2901,
	54.4485 25.2747,
	54.4547 25.2674,
	54.4629 25.2623,
	54.467 25.2592,
	54.4712 25.2582,
	54.4794 25.253,
	54.4856 25.2447,
	54.4856 25.2427,
	54.4877 25.2406,
	54.4897 25.2324,
	54.4897 25.2282,
	54.4918 25.2241,
	54.5001 25.2169,
	54.5042 25.2128,
	54.5083 25.2107,
	54.5145 25.2035,
	54.53 25.189,
	54.5362 25.1818,
	54.5393 25.1777,
	54.5558 25.1684,
	54.564 25.1643,
	54.5805 25.1653,
	54.5847 25.1674,
	54.5908 25.1756,
	54.5929 25.1797,
	54.597 25.1818,
	54.63 25.1766,
	54.6466 25.1766,
	54.6548 25.1797,
	54.6589 25.1839,
	54.661 25.188,
	54.6765 25.189,
	54.6847 25.188,
	54.693 25.1849,
	54.7012 25.1797,
	54.7085 25.1725,
	54.7126 25.1684,
	54.7198 25.1632,
	54.7281 25.1612,
	54.7611 25.1653,
	54.7776 25.1653,
	54.7941 25.1684,
	54.8023 25.1715,
	54.8065 25.1736,
	54.8085 25.1736,
	54.8106 25.1756,
	54.8188 25.1777,
	54.8519 25.1787,
	54.8849 25.1849,
	54.9014 25.1859,
	54.9179 25.189,
	54.9261 25.1901,
	54.9427 25.1963,
	54.9499 25.1993,
	54.954 25.2024,
	54.9623 25.2055,
	54.9664 25.2076,
	54.9684 25.2076,
	54.9705 25.2097,
	54.9788 25.2117,
	54.9953 25.2128,
	55.0035 25.2159,
	55.0118 25.2159,
	55.0283 25.221,
	55.0438 25.2303,
	55.051 25.2355,
	55.053 25.2355,
	55.0551 25.2375,
	55.0572 25.2375,
	55.0726 25.2499,
	55.0799 25.2561,
	55.0892 25.2716,
	55.0922 25.2881,
	55.0943 25.2963,
	55.0984 25.3046,
	55.1046 25.3128,
	55.1067 25.3149,
	55.1088 25.3149,
	55.1098 25.317,
	55.1118 25.317,
	55.1139 25.319,
	55.116 25.319,
	55.1315 25.3293,
	55.1397 25.3345,
	55.1469 25.3428,
	55.148 25.3469,
	55.1449 25.3551,
	55.1387 25.3624,
	55.1376 25.3706,
	55.1418 25.3871,
	55.1449 25.3954,
	55.1459 25.3995,
	55.1459 25.4016,
	55.148 25.4036,
	55.1531 25.4201,
	55.1531 25.4531,
	55.1583 25.4696,
	55.1645 25.4769,
	55.1676 25.48,
	55.1686 25.4882,
	55.1665 25.4965,
	55.1655 25.5006,
	55.1665 25.5089,
	55.1696 25.5171,
	55.1748 25.5254,
	55.1748 25.5274,
	55.1768 25.5285,
	55.1768 25.5305,
	55.1903 25.546,
	55.1985 25.5625,
	55.2037 25.5708,
	55.2068 25.5738,
	55.2078 25.578,
	55.213 25.5862,
	55.215 25.5883,
	55.2191 25.6048,
	55.2202 25.6213,
	55.2212 25.6296,
	55.2202 25.6378,
	55.2171 25.6461,
	55.216 25.6502,
	55.214 25.6523,
	55.214 25.6543,
	55.2119 25.6564,
	55.2088 25.6646,
	55.2078 25.6729,
	55.2088 25.6811,
	55.2109 25.6853,
	55.2099 25.7018,
	55.2057 25.71,
	55.2057 25.7121,
	55.2037 25.7142,
	55.2026 25.7183,
	55.1861 25.7296,
	55.1789 25.7379,
	55.1789 25.7461,
	55.181 25.7492,
	55.1975 25.7554,
	55.2016 25.7565,
	55.2078 25.7647,
	55.2088 25.773,
	55.2078 25.7771,
	55.1975 25.7926,
	55.1944 25.7957,
	55.1934 25.7998,
	55.1903 25.8039,
	55.182 25.808,
	55.1779 25.8101,
	55.1727 25.8184,
	55.1696 25.8266,
	55.1583 25.8431,
	55.1531 25.8514,
	55.1449 25.8565,
	55.1428 25.8565,
	55.1356 25.8638,
	55.1273 25.8658,
	55.1191 25.8699,
	55.1149 25.873,
	55.1108 25.8741,
	55.1067 25.8772,
	55.0984 25.8937,
	55.0933 25.9009,
	55.0892 25.903,
	55.0726 25.9019,
	55.0561 25.8957,
	55.0479 25.8926,
	55.0314 25.8916,
	55.0231 25.8916,
	55.0211 25.8916,
	55.0128 25.8978,
	54.9963 25.904,
	54.988 25.9071,
	54.9839 25.9091,
	54.9509 25.9102,
	54.9468 25.9102,
	54.9303 25.904,
	54.9138 25.8999,
	54.8973 25.9019,
	54.8807 25.9071,
	54.8725 25.9091,
	54.8704 25.9091,
	54.8684 25.9112,
	54.8354 25.9112,
	54.8188 25.9061,
	54.8168 25.9061,
	54.8147 25.904,
	54.7982 25.903,
	54.7817 25.905,
	54.7776 25.905,
	54.7693 25.9081,
	54.7652 25.9112,
	54.7487 25.9164,
	54.7404 25.9195,
	54.7239 25.9184,
	54.7157 25.9164,
	54.7116 25.9153,
	54.7043 25.9102,
	54.7012 25.9061,
	54.6847 25.8988,
	54.6517 25.8957,
	54.6362 25.8854,
	54.6208 25.873,
	54.6146 25.8648,
	54.6084 25.8586,
	54.5991 25.8421,
	54.597 25.838,
	54.5805 25.8328,
	54.564 25.8349,
	54.5475 25.8328,
	54.5393 25.8307,
	54.5351 25.8297,
	54.5269 25.8245,
	54.5238 25.8225,
	54.5166 25.8153,
	54.5135 25.807,
	54.5124 25.774,
	54.5062 25.7668,
	54.4897 25.7626,
	54.4815 25.7616,
	54.4753 25.7544,
	54.4722 25.7503,
	54.4691 25.742,
	54.4681 25.7338,
	54.4691 25.7255,
	54.4691 25.7234,
	54.4712 25.7214,
	54.4753 25.7049,
	54.4784 25.6966,
	54.4794 25.6884,
	54.4784 25.6842,
	54.4784 25.6822,
	54.4753 25.678,
	54.4743 25.6739,
	54.4722 25.6719,
	54.4722 25.6698,
	54.4701 25.6677,
	54.4691 25.6595,
	54.466 25.6512,
	54.465 25.6347,
	54.4639 25.6265,
	54.4639 25.6223,
	54.4609 25.6141,
	54.4588 25.612,
	54.4588 25.5955,
	54.4588 25.5914,
	54.4485 25.5749,
	54.4412 25.5677,
	54.4361 25.5594,
	54.433 25.5553,
	54.433 25.5532,
	54.4227 25.5377,
	54.4186 25.5295,
	54.4155 25.5254,
	54.4103 25.5089,
	54.399 25.4954,
	54.3917 25.4882,
	54.3855 25.4717,
	54.3845 25.4635,
	54.3845 25.4614,
	"/>
</Transform>

<Transform dim="0"
 xcoef=" 0 1 0 0 0 0"
 ycoef=" 0 0 1 0 0 0">
<Contour name="d004_p06" hidden="false" closed="true" simplified="true" border="1 1 0" fill="0 1 0" mode="11"
 points="52.9806 24.6266,
	52.9859 24.5924,
	52.9891 24.5753,
	52.9902 24.5668,
	52.9977 24.5497,
	53.0137 24.5348,
	53.0307 24.5284,
	53.0478 24.5273,
	53.0563 24.5252,
	53.0734 24.5263,
	53.0819 24.5231,
	53.0905 24.5177,
	53.1075 24.5028,
	53.1118 24.4985,
	53.1289 24.4879,
	53.1374 24.4836,
	53.1417 24.4815,
	53.1438 24.4793,
	53.1481 24.4783,
	53.1523 24.4751,
	53.1545 24.4751,
	53.1566 24.4729,
	53.1555 24.4719,
	53.1897 24.4665,
	53.1982 24.4633,
	53.2025 24.4623,
	53.2046 24.4601,
	53.2388 24.4548,
	53.2473 24.4516,
	53.2516 24.4516,
	53.2558 24.4495,
	53.2729 24.4484,
	53.2772 24.4484,
	53.2814 24.4463,
	53.3156 24.4431,
	53.3497 24.442,
	53.3668 24.4441,
	53.3838 24.4495,
	53.3881 24.4505,
	53.3966 24.4559,
	53.4009 24.4591,
	53.4052 24.4601,
	53.4222 24.4729,
	53.4308 24.4772,
	53.4649 24.5039,
	53.4991 24.5284,
	53.5332 24.5455,
	53.5503 24.5519,
	53.5673 24.5604,
	53.5844 24.5732,
	53.594 24.5903,
	53.5983 24.6073,
	53.6015 24.6159,
	53.6292 24.65,
	53.6356 24.6586,
	53.6698 24.682,
	53.6868 24.6948,
	53.6954 24.7002,
	53.7124 24.7172,
	53.7252 24.7343,
	53.7423 24.7684,
	53.7466 24.777,
	53.7498 24.794,
	53.7508 24.8282,
	53.7562 24.8623,
	53.7583 24.8709,
	53.7658 24.8879,
	53.77 24.905,
	53.7722 24.9391,
	53.77 24.9733,
	53.7658 24.9903,
	53.7562 25.0074,
	53.7508 25.0159,
	53.7476 25.0202,
	53.7306 25.0298,
	53.7135 25.0351,
	53.6794 25.0362,
	53.6623 25.033,
	53.6452 25.0277,
	53.5769 24.9914,
	53.5684 24.985,
	53.5641 24.9807,
	53.53 24.9573,
	53.5129 24.9455,
	53.4788 24.9285,
	53.4703 24.9253,
	53.466 24.9253,
	53.4319 24.9135,
	53.4148 24.9071,
	53.3977 24.8986,
	53.3902 24.8911,
	53.386 24.8869,
	53.3678 24.8527,
	53.3593 24.8356,
	53.3486 24.8186,
	53.3422 24.81,
	53.3252 24.7962,
	53.291 24.7791,
	53.274 24.7706,
	53.259 24.7535,
	53.2516 24.745,
	53.2324 24.7108,
	53.2238 24.7034,
	53.2068 24.6959,
	53.1982 24.6927,
	53.1811 24.6906,
	53.1641 24.6916,
	53.1299 24.7023,
	53.1129 24.7119,
	53.1086 24.714,
	53.0915 24.7151,
	53.0745 24.714,
	53.0574 24.7087,
	53.0489 24.7044,
	53.0403 24.7023,
	53.0062 24.6874,
	52.9977 24.682,
	52.9934 24.6735,
	52.987 24.665,
	52.9817 24.6479,
	52.9806 24.6308,
	52.9806 24.6276,
	"/>
</Transform>

<Transform dim="1"
 xcoef=" -2.25078912246674 1 0 0 0 0"
 ycoef=" 0.084236119852797 0 1 0 0 0">
<Image mag="0.00209248" contrast="1.6187" brightness="-0.555" red="true" green="true" blue="true"
 src="021____z20.0.tif" />
<Contour name="domain1" hidden="false" closed="true" simplified="false" border="1 0 1" fill="1 0 1" mode="11"
 points="0 0,
	35235 0,
	35235 16175,
	0 16175,
	"/>
</Transform>

<Transform dim="0"
 xcoef=" 0 1 0 0 0 0"
 ycoef=" 0 0 1 0 0 0">
<Contour name="d004sa07" hidden="false" closed="true" simplified="false" border="1 0 0" fill="1 0 0" mode="11"
 points="53.6145 26.4867,
	53.6145 26.469,
	53.6322 26.469,
	53.6322 26.4514,
	53.6498 26.4514,
	53.6498 26.469,
	53.6675 26.469,
	53.6675 26.4867,
	53.6498 26.4867,
	53.6498 26.5043,
	53.6322 26.5043,
	53.6322 26.4867,
	"/>
</Transform>

<Transform dim="1"
 xcoef=" -0.4 1 0 0 0 0"
 ycoef=" 0.31 0 1 0 0 0">
<Contour name="d004sa07" hidden="false" closed="true" simplified="false" border="1 0 0" fill="1 0 0" mode="11"
 points="53.6145 26.4867,
	53.6145 26.469,
	53.6322 26.469,
	53.6322 26.4514,
	53.6498 26.4514,
	53.6498 26.469,
	53.6675 26.469,
	53.6675 26.4867,
	53.6498 26.4867,
	53.6498 26.5043,
	53.6322 26.5043,
	53.6322 26.4867,
	"/>
</Transform>

<Transform dim="0"
 xcoef=" 0 1 0 0 0 0"
 ycoef=" 0 0 1 0 0 0">
<Contour name="d004__checked_delete" hidden="false" closed="true" simplified="false" border="0 1 0" fill="0 1 0" mode="-13"
 points="54.8257 25.5718,
	54.8257 25.5536,
	54.8074 25.5536,
	54.8074 25.5695,
	54.8052 25.5718,
	54.8052 25.5513,
	54.828 25.5513,
	54.828 25.5741,
	54.8052 25.5741,
	54.8074 25.5718,
	"/>
</Transform>

<Transform dim="0"
 xcoef=" 0 1 0 0 0 0"
 ycoef=" 0 0 1 0 0 0">
<Contour name="d004_cfa02a" hidden="false" closed="false" simplified="false" border="0 1 0" fill="0 1 0" mode="11"
 points="55.2469 26.7279,
	55.1953 26.7807,
	55.1824 26.8075,
	"/>
<Contour name="d004_c02a" hidden="false" closed="true" simplified="true" border="1 0 0" fill="0 1 0" mode="11"
 points="55.1615 26.7865,
	55.1619 26.7849,
	55.1619 26.7841,
	55.1631 26.7826,
	55.1635 26.781,
	55.1658 26.7779,
	55.1662 26.7764,
	55.1693 26.774,
	55.1724 26.7729,
	55.1743 26.7713,
	55.1759 26.7713,
	55.1767 26.7705,
	55.1782 26.7705,
	55.1798 26.7694,
	55.1802 26.7678,
	55.1809 26.767,
	55.1809 26.7663,
	55.1848 26.7608,
	55.1856 26.7593,
	55.1864 26.7585,
	55.1864 26.7577,
	55.1875 26.7566,
	55.1875 26.7558,
	55.1891 26.7546,
	55.1891 26.7538,
	55.1942 26.7488,
	55.1945 26.748,
	55.1953 26.748,
	55.1957 26.7465,
	55.198 26.7441,
	55.1988 26.7437,
	55.1988 26.743,
	55.2015 26.7403,
	55.2031 26.7387,
	55.2035 26.7379,
	55.2042 26.7379,
	55.2093 26.7329,
	55.2124 26.7309,
	55.2136 26.7298,
	55.2143 26.7298,
	55.2155 26.7286,
	55.2163 26.7286,
	55.2171 26.7274,
	55.2198 26.7255,
	55.2213 26.7251,
	55.2221 26.7251,
	55.2229 26.7243,
	55.226 26.7236,
	55.2384 26.7236,
	55.2446 26.7236,
	55.2462 26.7236,
	55.2474 26.7247,
	55.2505 26.7255,
	55.252 26.7259,
	55.2528 26.7259,
	55.2532 26.7267,
	55.2547 26.7271,
	55.2559 26.7282,
	55.2567 26.7282,
	55.2582 26.7298,
	55.259 26.7298,
	55.2594 26.7305,
	55.2602 26.7305,
	55.2609 26.7313,
	55.264 26.7325,
	55.2753 26.7426,
	55.2804 26.7476,
	55.2815 26.7492,
	55.2823 26.7496,
	55.2823 26.7504,
	55.285 26.7527,
	55.2862 26.7535,
	55.2889 26.7566,
	55.2905 26.7577,
	55.2905 26.7585,
	55.2924 26.7612,
	55.2936 26.7639,
	55.2939 26.7764,
	55.292 26.7826,
	55.2916 26.7841,
	55.2908 26.7845,
	55.2908 26.7861,
	55.2866 26.7985,
	55.2846 26.8047,
	55.2835 26.8063,
	55.2831 26.8078,
	55.2831 26.8086,
	55.2823 26.8094,
	55.2804 26.8156,
	55.28 26.8171,
	55.2788 26.8187,
	55.2788 26.8202,
	55.278 26.821,
	55.2773 26.8241,
	55.2741 26.8303,
	55.2703 26.8366,
	55.2687 26.8397,
	55.266 26.8428,
	55.2609 26.8474,
	55.2578 26.8494,
	55.2547 26.8505,
	55.2532 26.8509,
	55.2524 26.8517,
	55.2516 26.8517,
	55.2508 26.8525,
	55.2477 26.8536,
	55.2462 26.854,
	55.2454 26.854,
	55.245 26.8548,
	55.2388 26.856,
	55.2357 26.8556,
	55.2326 26.8544,
	55.2295 26.854,
	55.2233 26.8513,
	55.2202 26.8494,
	55.219 26.8482,
	55.2182 26.8482,
	55.2155 26.8455,
	55.2132 26.8439,
	55.2124 26.8432,
	55.2116 26.8432,
	55.2112 26.8424,
	55.2105 26.8424,
	55.2054 26.8385,
	55.2023 26.8369,
	55.2008 26.8366,
	55.1945 26.8323,
	55.1934 26.8311,
	55.1926 26.8311,
	55.1868 26.8261,
	55.186 26.8253,
	55.1852 26.8253,
	55.1825 26.823,
	55.1778 26.8168,
	55.1728 26.8113,
	55.1685 26.8059,
	55.1674 26.8047,
	55.1662 26.8016,
	55.165 26.8001,
	55.1643 26.7993,
	55.1639 26.7977,
	55.1639 26.7969,
	55.1631 26.7962,
	55.1627 26.7931,
	55.1623 26.7915,
	55.1615 26.7911,
	55.1615 26.788,
	55.1615 26.7869,
	"/>
</Transform>

<Transform dim="0"
 xcoef=" 0 1 0 0 0 0"
 ycoef=" 0 0 1 0 0 0">
<Contour name="d004_p02" hidden="false" closed="true" simplified="true" border="1 1 0" fill="0 1 0" mode="11"
 points="55.022 26.7835,
	55.0245 26.7785,
	55.0282 26.7735,
	55.0363 26.766,
	55.0407 26.7616,
	55.0451 26.7585,
	55.0495 26.7534,
	55.0526 26.7491,
	55.0526 26.7478,
	55.0545 26.7459,
	55.0545 26.7447,
	55.0557 26.7434,
	55.0576 26.7334,
	55.0589 26.7284,
	55.0595 26.7184,
	55.0595 26.7159,
	55.0633 26.7059,
	55.0639 26.7034,
	55.0714 26.6946,
	55.0802 26.6871,
	55.0864 26.679,
	55.0864 26.6777,
	55.0877 26.6771,
	55.0895 26.6721,
	55.0908 26.6708,
	55.0927 26.6658,
	55.0952 26.6621,
	55.0977 26.6571,
	55.0983 26.6546,
	55.1052 26.6464,
	55.1064 26.6439,
	55.1139 26.6377,
	55.1171 26.6339,
	55.1215 26.6295,
	55.124 26.627,
	55.1283 26.6239,
	55.1446 26.6058,
	55.1527 26.597,
	55.1571 26.592,
	55.1603 26.5889,
	55.1646 26.5839,
	55.1659 26.582,
	55.1746 26.5738,
	55.1765 26.5713,
	55.1809 26.5682,
	55.1834 26.5682,
	55.1922 26.5613,
	55.1972 26.5569,
	55.2053 26.5501,
	55.2153 26.5432,
	55.216 26.5419,
	55.2185 26.5413,
	55.2203 26.5394,
	55.2404 26.5332,
	55.2604 26.5313,
	55.2804 26.5313,
	55.2854 26.5319,
	55.2954 26.5357,
	55.3004 26.5375,
	55.3042 26.5413,
	55.3092 26.5451,
	55.3129 26.5501,
	55.3161 26.5601,
	55.3173 26.5651,
	55.3192 26.6452,
	55.3186 26.6552,
	55.3186 26.6565,
	55.3173 26.6571,
	55.3167 26.6621,
	55.3161 26.6646,
	55.3142 26.6671,
	55.3142 26.6683,
	55.3129 26.6696,
	55.3111 26.6746,
	55.3098 26.6752,
	55.3098 26.6765,
	55.3054 26.6815,
	55.3029 26.6865,
	55.2954 26.6959,
	55.2942 26.6978,
	55.2917 26.7003,
	55.2885 26.7046,
	55.2873 26.7065,
	55.2792 26.7159,
	55.2754 26.7209,
	55.2691 26.729,
	55.2666 26.7322,
	55.266 26.7347,
	55.2591 26.7434,
	55.2554 26.7484,
	55.2548 26.7509,
	55.2504 26.7547,
	55.2472 26.7591,
	55.2454 26.7616,
	55.2441 26.7616,
	55.2372 26.7716,
	55.2328 26.776,
	55.2297 26.7804,
	55.221 26.7897,
	55.2147 26.7985,
	55.2084 26.8085,
	55.2047 26.8185,
	55.2028 26.8235,
	55.2022 26.826,
	55.2009 26.8273,
	55.1978 26.8373,
	55.1972 26.8423,
	55.1934 26.8523,
	55.1934 26.8548,
	55.1915 26.8598,
	55.1915 26.8623,
	55.1903 26.8636,
	55.1903 26.8661,
	55.184 26.8861,
	55.1822 26.8911,
	55.1803 26.9112,
	55.1803 26.9162,
	55.1822 26.9205,
	55.1828 26.9305,
	55.1822 26.9406,
	55.1778 26.9493,
	55.1696 26.9581,
	55.1646 26.9618,
	55.1628 26.9637,
	55.1527 26.9662,
	55.1427 26.9662,
	55.1402 26.965,
	55.139 26.965,
	55.1377 26.9637,
	55.1352 26.9631,
	55.134 26.9631,
	55.1152 26.9499,
	55.1114 26.9449,
	55.1096 26.9399,
	55.1064 26.9199,
	55.1033 26.9099,
	55.1027 26.9074,
	55.1027 26.9061,
	55.1014 26.9055,
	55.1002 26.9005,
	55.0989 26.898,
	55.0989 26.8955,
	55.0977 26.8949,
	55.097 26.8899,
	55.0952 26.8849,
	55.0945 26.8824,
	55.0933 26.8817,
	55.0927 26.8792,
	55.0914 26.878,
	55.0914 26.8767,
	55.0877 26.8717,
	55.0858 26.8667,
	55.0845 26.8661,
	55.0839 26.8642,
	55.0701 26.8448,
	55.067 26.8404,
	55.0664 26.8379,
	55.0582 26.8292,
	55.0539 26.8248,
	55.0507 26.821,
	55.0464 26.8179,
	55.042 26.8135,
	55.0407 26.8129,
	55.0407 26.8116,
	55.0313 26.8035,
	55.0245 26.7941,
	55.0226 26.7922,
	55.022 26.7872,
	55.022 26.7847,
	55.022 26.7841,
	"/>
</Transform>

</Section>