<?xml version="1.0"?>
<!DOCTYPE Section SYSTEM "section.dtd">

<Section index="58" thickness="0.043" alignLocked="false">
<Transform dim="1"
 xcoef=" -0.938954193877187 1 0 0 0 0"
 ycoef=" 0.179050181643883 0 1 0 0 0">
<Contour name="D001" hidden="false" closed="true" simplified="false" border="1 1 1" fill="0.501961 0 1" mode="-13"
 points="41.7581 25.1272,
	41.7581 25.0954,
	41.79 25.0954,
	41.79 25.0635,
	41.8218 25.0635,
	41.8218 25.0954,
	41.8537 25.0954,
	41.8537 25.1272,
	41.8218 25.1272,
	41.8218 25.1591,
	41.79 25.1591,
	41.79 25.1272,
	"/>
</Transform>

<Transform dim="1"
 xcoef=" -0.938954193877187 1 0 0 0 0"
 ycoef=" 0.179050181643883 0 1 0 0 0">
<Contour name="D002" hidden="false" closed="true" simplified="false" border="1 1 1" fill="0 0.501961 1" mode="-13"
 points="52.4036 12.3242,
	52.4036 12.2961,
	52.4317 12.2961,
	52.4317 12.268,
	52.4598 12.268,
	52.4598 12.2961,
	52.4879 12.2961,
	52.4879 12.3242,
	52.4598 12.3242,
	52.4598 12.3523,
	52.4317 12.3523,
	52.4317 12.3242,
	"/>
</Transform>

<Transform dim="1"
 xcoef=" -0.938954193877187 1 0 0 0 0"
 ycoef=" 0.179050181643883 0 1 0 0 0">
<Contour name="D003" hidden="false" closed="true" simplified="false" border="1 1 1" fill="1 0 1" mode="-13"
 points="59.397 7.71096,
	59.397 7.67852,
	59.4294 7.67852,
	59.4294 7.64608,
	59.4619 7.64608,
	59.4619 7.67852,
	59.4943 7.67852,
	59.4943 7.71096,
	59.4619 7.71096,
	59.4619 7.74341,
	59.4294 7.74341,
	59.4294 7.71096,
	"/>
</Transform>

<Transform dim="1"
 xcoef=" -0.938954193877187 1 0 0 0 0"
 ycoef=" 0.179050181643883 0 1 0 0 0">
<Contour name="D004" hidden="false" closed="true" simplified="false" border="1 1 1" fill="1 1 0" mode="-13"
 points="52.8549 25.6854,
	52.8549 25.6628,
	52.8775 25.6628,
	52.8775 25.6403,
	52.9 25.6403,
	52.9 25.6628,
	52.9226 25.6628,
	52.9226 25.6854,
	52.9 25.6854,
	52.9 25.7079,
	52.8775 25.7079,
	52.8775 25.6854,
	"/>
</Transform>

<Transform dim="1"
 xcoef=" -2.25841543248986 1 0 0 0 0"
 ycoef=" 0.00519175961491921 0 1 0 0 0">
<Contour name="axon04" hidden="false" closed="true" simplified="false" border="0 1 1" fill="0 1 1" mode="9"
 points="52.8337 24.8754,
	52.8461 24.863,
	52.7964 24.8133,
	52.8088 24.8009,
	52.8585 24.8506,
	52.8709 24.8382,
	52.8709 24.8754,
	"/>
</Transform>

<Transform dim="1"
 xcoef=" -2.25841543248986 1 0 0 0 0"
 ycoef=" 0.00519175961491921 0 1 0 0 0">
<Contour name="d001_symcand01axonstamp_delete" hidden="false" closed="true" simplified="false" border="0 1 1" fill="0 1 1" mode="9"
 points="40.3695 26.1578,
	40.3796 26.1477,
	40.3393 26.1073,
	40.3494 26.0972,
	40.3897 26.1376,
	40.3998 26.1275,
	40.3998 26.1578,
	"/>
</Transform>

<Transform dim="1"
 xcoef=" -2.25841543248986 1 0 0 0 0"
 ycoef=" 0.00519175961491921 0 1 0 0 0">
<Contour name="d002_symcand02axonstamp" hidden="false" closed="true" simplified="false" border="1 0 0" fill="0 1 1" mode="9"
 points="49.4411 11.3788,
	49.4522 11.3677,
	49.4077 11.3232,
	49.4188 11.3121,
	49.4633 11.3566,
	49.4744 11.3455,
	49.4744 11.3788,
	"/>
</Transform>

<Transform dim="0"
 xcoef=" 0 1 0 0 0 0"
 ycoef=" 0 0 1 0 0 0">
<Contour name="d004_o14" hidden="false" closed="true" simplified="false" border="1 0 0" fill="1 0 0" mode="-13"
 points="53.7462 25.7906,
	53.7881 25.7906,
	53.7672 25.8289,
	"/>
</Transform>

<Transform dim="0"
 xcoef=" 0 1 0 0 0 0"
 ycoef=" 0 0 1 0 0 0">
<Contour name="d004_cfa13" hidden="false" closed="false" simplified="false" border="0 1 0" fill="0 1 0" mode="11"
 points="54.6354 24.7009,
	54.6269 24.7212,
	54.5892 24.7716,
	54.5694 24.7924,
	"/>
<Contour name="d004_c13" hidden="false" closed="true" simplified="true" border="1 0 0" fill="0 1 0" mode="11"
 points="54.5164 24.7394,
	54.5188 24.7319,
	54.5192 24.73,
	54.5192 24.729,
	54.5202 24.7286,
	54.5202 24.7267,
	54.5202 24.7257,
	54.5211 24.7253,
	54.5216 24.7234,
	54.5216 24.7224,
	54.5225 24.722,
	54.523 24.7201,
	54.523 24.7191,
	54.524 24.7187,
	54.524 24.7177,
	54.5282 24.7102,
	54.5301 24.7064,
	54.5353 24.6989,
	54.5376 24.6951,
	54.5395 24.6932,
	54.5419 24.6899,
	54.5419 24.689,
	54.5433 24.6876,
	54.5437 24.6861,
	54.5466 24.6833,
	54.5475 24.6814,
	54.5489 24.6805,
	54.5527 24.6767,
	54.5541 24.6753,
	54.5551 24.6753,
	54.5555 24.6744,
	54.5565 24.6744,
	54.5607 24.6701,
	54.564 24.6678,
	54.5678 24.6663,
	54.5687 24.6654,
	54.5763 24.664,
	54.5913 24.6635,
	54.5989 24.6654,
	54.5998 24.6663,
	54.6074 24.6687,
	54.6083 24.6687,
	54.6088 24.6696,
	54.6097 24.6696,
	54.6107 24.6706,
	54.6126 24.6711,
	54.6126 24.672,
	54.6163 24.6734,
	54.622 24.6781,
	54.6239 24.68,
	54.6248 24.6819,
	54.6281 24.6847,
	54.6281 24.6857,
	54.6342 24.6923,
	54.6375 24.6956,
	54.6418 24.7031,
	54.6441 24.7069,
	54.6455 24.7107,
	54.6465 24.7111,
	54.6465 24.7121,
	54.6479 24.7144,
	54.6503 24.722,
	54.6503 24.7238,
	54.6512 24.7248,
	54.6526 24.7399,
	54.6526 24.7474,
	54.6517 24.7512,
	54.6507 24.7517,
	54.6503 24.7535,
	54.6474 24.7573,
	54.6465 24.7592,
	54.6455 24.7592,
	54.6399 24.7658,
	54.6389 24.7667,
	54.638 24.7667,
	54.6347 24.77,
	54.6338 24.77,
	54.6319 24.7719,
	54.6309 24.7719,
	54.63 24.7729,
	54.6281 24.7733,
	54.6272 24.7743,
	54.6253 24.7747,
	54.6229 24.7785,
	54.6201 24.7809,
	54.6196 24.7828,
	54.6135 24.7898,
	54.6074 24.796,
	54.6003 24.8007,
	54.5928 24.8016,
	54.589 24.8021,
	54.5814 24.8007,
	54.5739 24.7983,
	54.5701 24.7964,
	54.5631 24.7912,
	54.5598 24.7879,
	54.5569 24.7856,
	54.5551 24.7846,
	54.5546 24.7837,
	54.5536 24.7837,
	54.5518 24.7818,
	54.5485 24.7795,
	54.5475 24.7795,
	54.5466 24.778,
	54.5395 24.7729,
	54.5381 24.7714,
	54.5371 24.7714,
	54.5348 24.7686,
	54.5338 24.7686,
	54.531 24.7663,
	54.5301 24.7648,
	54.5263 24.7615,
	54.523 24.7592,
	54.5178 24.7521,
	54.5164 24.7484,
	54.5164 24.7408,
	54.5164 24.7399,
	"/>
</Transform>

<Transform dim="0"
 xcoef=" 0 1 0 0 0 0"
 ycoef=" 0 0 1 0 0 0">
<Contour name="d004_cfa14" hidden="false" closed="false" simplified="false" border="0 1 0" fill="0 1 0" mode="11"
 points="54.1694 26.5251,
	54.1039 26.5721,
	54.0593 26.6224,
	54.0369 26.6511,
	"/>
</Transform>

<Transform dim="0"
 xcoef=" 0 1 0 0 0 0"
 ycoef=" 0 0 1 0 0 0">
<Contour name="d004_c14" hidden="false" closed="true" simplified="true" border="1 0 0" fill="0 1 0" mode="11"
 points="54.0121 26.6082,
	54.0138 26.6049,
	54.0154 26.604,
	54.0154 26.6024,
	54.0171 26.6016,
	54.0171 26.5999,
	54.0278 26.5867,
	54.0344 26.5809,
	54.0361 26.5801,
	54.0361 26.5784,
	54.0427 26.5726,
	54.046 26.5702,
	54.0477 26.5685,
	54.051 26.5677,
	54.0576 26.5627,
	54.0642 26.5594,
	54.0675 26.5586,
	54.0733 26.5528,
	54.0749 26.552,
	54.0749 26.5503,
	54.1014 26.5264,
	54.1146 26.5173,
	54.1278 26.5123,
	54.141 26.509,
	54.1543 26.5098,
	54.1576 26.5098,
	54.1592 26.5115,
	54.1658 26.514,
	54.1724 26.5181,
	54.1757 26.5189,
	54.189 26.5288,
	54.1956 26.5338,
	54.2005 26.5379,
	54.2038 26.5388,
	54.2071 26.5421,
	54.2088 26.5454,
	54.2121 26.5478,
	54.2138 26.5495,
	54.2146 26.5528,
	54.2187 26.5594,
	54.222 26.5726,
	54.2245 26.5991,
	54.2245 26.6057,
	54.2228 26.609,
	54.2195 26.6123,
	54.2121 26.6255,
	54.208 26.6321,
	54.2047 26.6354,
	54.203 26.6387,
	54.1914 26.652,
	54.165 26.6751,
	54.1518 26.6842,
	54.1452 26.6892,
	54.1319 26.6949,
	54.1187 26.6991,
	54.1055 26.6999,
	54.0989 26.7007,
	54.0857 26.6991,
	54.0791 26.6974,
	54.0658 26.6892,
	54.0592 26.685,
	54.0328 26.6635,
	54.0278 26.6569,
	54.0253 26.6536,
	54.0245 26.6503,
	54.0204 26.6437,
	54.0146 26.6305,
	54.0121 26.6173,
	54.0121 26.6106,
	54.0121 26.609,
	"/>
</Transform>

<Transform dim="1"
 xcoef=" -0.938954193877187 1 0 0 0 0"
 ycoef=" 0.179050181643883 0 1 0 0 0">
<Image mag="0.00209248" contrast="2.75131" brightness="-0.765" red="true" green="true" blue="true"
 src="059____z58.0.tif" />
<Contour name="domain1" hidden="false" closed="true" simplified="false" border="1 0 1" fill="1 0 1" mode="11"
 points="0 0,
	35235 0,
	35235 16175,
	0 16175,
	"/>
</Transform>

<Transform dim="0"
 xcoef=" 0 1 0 0 0 0"
 ycoef=" 0 0 1 0 0 0">
<Contour name="d004_p11" hidden="false" closed="true" simplified="true" border="1 1 0" fill="0 1 0" mode="11"
 points="55.1622 25.2045,
	55.1648 25.1907,
	55.1682 25.1838,
	55.1674 25.1699,
	55.1648 25.163,
	55.1648 25.1492,
	55.1648 25.1457,
	55.1648 25.144,
	55.1743 25.1302,
	55.1795 25.1241,
	55.1864 25.1198,
	55.1933 25.1181,
	55.221 25.1172,
	55.2348 25.1172,
	55.2417 25.1172,
	55.2486 25.1198,
	55.2521 25.1206,
	55.2538 25.1206,
	55.2599 25.125,
	55.2633 25.1267,
	55.2694 25.1336,
	55.2711 25.1345,
	55.2737 25.1414,
	55.2737 25.1552,
	55.272 25.1587,
	55.272 25.1621,
	55.2694 25.1691,
	55.2677 25.1699,
	55.2668 25.1734,
	55.2625 25.1794,
	55.2599 25.182,
	55.2582 25.182,
	55.2521 25.1872,
	55.2409 25.201,
	55.2383 25.208,
	55.2365 25.2218,
	55.2357 25.2287,
	55.2357 25.2322,
	55.2331 25.2391,
	55.2279 25.2451,
	55.2244 25.2486,
	55.2175 25.2503,
	55.2106 25.2495,
	55.2072 25.2486,
	55.2054 25.2486,
	55.202 25.246,
	55.2002 25.246,
	55.1933 25.2408,
	55.1916 25.2408,
	55.1899 25.2391,
	55.1881 25.2391,
	55.1821 25.2339,
	55.1804 25.2339,
	55.1786 25.2322,
	55.1769 25.2322,
	55.1708 25.2253,
	55.1674 25.2218,
	55.1657 25.2183,
	55.1639 25.2166,
	55.1622 25.2097,
	55.1622 25.2062,
	55.1622 25.2054,
	"/>
</Transform>

<Transform dim="0"
 xcoef=" 0 1 0 0 0 0"
 ycoef=" 0 0 1 0 0 0">
<Contour name="d004_p13" hidden="false" closed="true" simplified="true" border="1 1 0" fill="0 1 0" mode="11"
 points="54.5428 24.8005,
	54.5434 24.7959,
	54.5474 24.7867,
	54.5497 24.7844,
	54.5526 24.7798,
	54.5532 24.7775,
	54.5567 24.7734,
	54.559 24.7711,
	54.5653 24.7619,
	54.5832 24.744,
	54.5924 24.7348,
	54.5999 24.7279,
	54.6039 24.725,
	54.6103 24.7169,
	54.6178 24.7077,
	54.6178 24.7065,
	54.6241 24.6979,
	54.6305 24.6904,
	54.6316 24.6887,
	54.6356 24.6846,
	54.6443 24.6783,
	54.6454 24.6783,
	54.6541 24.6725,
	54.6633 24.6685,
	54.6725 24.6656,
	54.691 24.665,
	54.7094 24.6668,
	54.7279 24.6731,
	54.7319 24.676,
	54.7331 24.676,
	54.7377 24.6789,
	54.7463 24.6875,
	54.751 24.6916,
	54.7538 24.6962,
	54.755 24.6973,
	54.755 24.6985,
	54.7573 24.7008,
	54.7631 24.7094,
	54.7659 24.7135,
	54.7665 24.7158,
	54.7723 24.725,
	54.7763 24.7342,
	54.7775 24.7388,
	54.7786 24.7411,
	54.7792 24.7504,
	54.7786 24.755,
	54.7734 24.7642,
	54.77 24.7677,
	54.7654 24.7711,
	54.7567 24.7757,
	54.7544 24.7763,
	54.7515 24.778,
	54.7469 24.7803,
	54.7423 24.7809,
	54.74 24.7821,
	54.7354 24.7821,
	54.7331 24.7832,
	54.7146 24.7873,
	54.71 24.7884,
	54.7077 24.7896,
	54.7066 24.7896,
	54.7043 24.7913,
	54.7019 24.7919,
	54.6996 24.7936,
	54.6973 24.7942,
	54.6887 24.8005,
	54.6812 24.808,
	54.68 24.8086,
	54.68 24.8097,
	54.6737 24.8184,
	54.672 24.823,
	54.6708 24.8242,
	54.6702 24.8265,
	54.6691 24.8276,
	54.6691 24.8288,
	54.6662 24.8334,
	54.6662 24.8345,
	54.665 24.8357,
	54.6639 24.8403,
	54.6593 24.8495,
	54.657 24.8541,
	54.657 24.8553,
	54.6552 24.8576,
	54.6552 24.8599,
	54.6541 24.8611,
	54.6524 24.8657,
	54.6495 24.8703,
	54.6489 24.8726,
	54.6426 24.8812,
	54.6391 24.8853,
	54.6305 24.8916,
	54.6258 24.8945,
	54.6247 24.8945,
	54.6201 24.8974,
	54.6155 24.8985,
	54.6062 24.898,
	54.6016 24.898,
	54.5832 24.8928,
	54.5809 24.8922,
	54.5803 24.891,
	54.578 24.8905,
	54.5768 24.8893,
	54.5757 24.8893,
	54.5676 24.8824,
	54.5665 24.8807,
	54.5624 24.8761,
	54.5613 24.8749,
	54.5613 24.8737,
	54.5595 24.8714,
	54.5567 24.8622,
	54.5549 24.853,
	54.552 24.8438,
	54.5503 24.8392,
	54.5486 24.8299,
	54.5469 24.8253,
	54.5457 24.8242,
	54.5457 24.823,
	54.5445 24.8224,
	54.5445 24.8201,
	54.5434 24.8178,
	54.5428 24.8086,
	54.5428 24.804,
	54.5428 24.8017,
	54.5428 24.8011,
	"/>
</Transform>

<Transform dim="0"
 xcoef=" 0 1 0 0 0 0"
 ycoef=" 0 0 1 0 0 0">
<Contour name="d004_p14" hidden="false" closed="true" simplified="true" border="1 1 0" fill="0 1 0" mode="11"
 points="53.7708 26.0896,
	53.7733 26.0799,
	53.783 26.0605,
	53.7951 26.041,
	53.7963 26.0216,
	53.7951 25.9827,
	53.7951 25.973,
	53.7976 25.9633,
	53.7988 25.9584,
	53.7988 25.956,
	53.8036 25.9511,
	53.8048 25.9487,
	53.8097 25.9475,
	53.8194 25.9414,
	53.8291 25.9378,
	53.834 25.9353,
	53.8534 25.9341,
	53.8632 25.9341,
	53.8729 25.9378,
	53.8826 25.9475,
	53.8996 25.9864,
	53.9045 25.9961,
	53.9203 26.0155,
	53.9276 26.0252,
	53.9324 26.0447,
	53.9361 26.0544,
	53.9373 26.0593,
	53.9409 26.0641,
	53.9409 26.0665,
	53.9433 26.069,
	53.9446 26.0738,
	53.9579 26.0933,
	53.9737 26.1127,
	53.9932 26.1309,
	53.998 26.1358,
	54.0175 26.1467,
	54.0223 26.1516,
	54.0272 26.154,
	54.0442 26.1735,
	54.049 26.1771,
	54.0515 26.1795,
	54.0539 26.1795,
	54.0588 26.1832,
	54.0782 26.188,
	54.0831 26.1893,
	54.0879 26.1929,
	54.0976 26.1965,
	54.1001 26.1965,
	54.1049 26.2002,
	54.1098 26.2014,
	54.1292 26.2172,
	54.1462 26.2366,
	54.1839 26.2731,
	54.1985 26.2925,
	54.2082 26.2998,
	54.224 26.3192,
	54.2301 26.329,
	54.2398 26.3387,
	54.2592 26.3521,
	54.2641 26.3557,
	54.2738 26.3593,
	54.2787 26.3593,
	54.2835 26.363,
	54.2884 26.3642,
	54.2908 26.3642,
	54.2957 26.3678,
	54.3005 26.3691,
	54.309 26.3788,
	54.309 26.3885,
	54.303 26.4079,
	54.2872 26.4274,
	54.2689 26.4456,
	54.2495 26.4614,
	54.2398 26.4663,
	54.2301 26.4735,
	54.2143 26.493,
	54.2021 26.5124,
	54.1985 26.5173,
	54.1973 26.5221,
	54.1839 26.5416,
	54.1766 26.5513,
	54.1572 26.5683,
	54.1377 26.5817,
	54.1183 26.6011,
	54.1086 26.6108,
	54.1037 26.6157,
	54.1025 26.6206,
	54.0891 26.64,
	54.0733 26.6594,
	54.0648 26.6692,
	54.06 26.6716,
	54.0515 26.6813,
	54.032 26.6959,
	54.0235 26.7056,
	54.0187 26.7068,
	54.0004 26.725,
	53.9847 26.7433,
	53.9616 26.7821,
	53.9494 26.8016,
	53.9409 26.8113,
	53.9397 26.8162,
	53.9178 26.855,
	53.9093 26.8635,
	53.8996 26.8672,
	53.8899 26.866,
	53.885 26.866,
	53.8802 26.8635,
	53.8704 26.855,
	53.8656 26.8514,
	53.8559 26.832,
	53.8534 26.7542,
	53.8534 26.7153,
	53.8547 26.6959,
	53.8547 26.691,
	53.8583 26.6813,
	53.8607 26.6424,
	53.8595 26.623,
	53.8547 26.6035,
	53.8522 26.5841,
	53.8474 26.5647,
	53.8437 26.5258,
	53.8304 26.4869,
	53.8279 26.4845,
	53.8267 26.4796,
	53.8206 26.4699,
	53.817 26.4602,
	53.8158 26.4553,
	53.8121 26.4505,
	53.8036 26.4116,
	53.789 26.3727,
	53.7866 26.3533,
	53.7842 26.3435,
	53.7842 26.3047,
	53.7866 26.295,
	53.7866 26.2561,
	53.7854 26.2464,
	53.7854 26.2415,
	53.7769 26.2221,
	53.7708 26.2123,
	53.7708 26.1929,
	53.7708 26.188,
	53.7745 26.1783,
	53.7757 26.1589,
	53.7708 26.12,
	53.7708 26.1006,
	53.7708 26.0908,
	"/>
</Transform>

<Transform dim="0"
 xcoef=" 0 1 0 0 0 0"
 ycoef=" 0 0 1 0 0 0">
<Contour name="d004_p15" hidden="false" closed="true" simplified="true" border="1 1 0" fill="0 1 0" mode="11"
 points="52.8507 26.1275,
	52.853 26.1214,
	52.8545 26.1183,
	52.856 26.1168,
	52.856 26.1153,
	52.8644 26.1038,
	52.8697 26.0985,
	52.8796 26.0901,
	52.8903 26.0802,
	52.9017 26.068,
	52.9033 26.068,
	52.9078 26.0635,
	52.9094 26.0635,
	52.9101 26.0619,
	52.9116 26.0619,
	52.917 26.0574,
	52.9292 26.0536,
	52.9353 26.0528,
	52.9383 26.0513,
	52.9414 26.0513,
	52.9444 26.0498,
	52.9474 26.0498,
	52.9718 26.0383,
	52.984 26.0322,
	52.9893 26.0292,
	52.9954 26.0246,
	53 26.02,
	53.0076 26.0079,
	53.0168 25.9957,
	53.0206 25.9896,
	53.0252 25.985,
	53.0351 25.9736,
	53.045 25.9644,
	53.048 25.9621,
	53.0511 25.9614,
	53.0541 25.9583,
	53.0602 25.9553,
	53.0617 25.9538,
	53.0632 25.9538,
	53.0754 25.9461,
	53.0876 25.9416,
	53.0998 25.9408,
	53.112 25.9431,
	53.1227 25.95,
	53.1341 25.9614,
	53.1402 25.9667,
	53.144 25.9728,
	53.1463 25.9759,
	53.1486 25.982,
	53.1486 25.985,
	53.1501 25.9865,
	53.1509 25.9896,
	53.1577 26.0018,
	53.1608 26.0048,
	53.1623 26.0071,
	53.1653 26.0101,
	53.1691 26.0155,
	53.1714 26.0178,
	53.173 26.0185,
	53.173 26.02,
	53.1745 26.0208,
	53.1745 26.0223,
	53.179 26.0277,
	53.1806 26.0292,
	53.1806 26.0414,
	53.1806 26.0475,
	53.1768 26.0536,
	53.1714 26.0597,
	53.16 26.0658,
	53.1356 26.0703,
	53.1234 26.0719,
	53.1112 26.0749,
	53.1051 26.0772,
	53.1021 26.0787,
	53.1006 26.0787,
	53.0785 26.0955,
	53.0686 26.1054,
	53.0587 26.1176,
	53.0495 26.1282,
	53.0457 26.1328,
	53.0404 26.1358,
	53.0373 26.1381,
	53.0366 26.1397,
	53.0351 26.1397,
	53.029 26.1442,
	53.0175 26.1503,
	53.016 26.1518,
	53.013 26.1526,
	53.0114 26.1541,
	53.0084 26.1549,
	53.0069 26.1564,
	52.9947 26.1587,
	52.9916 26.1602,
	52.9886 26.1602,
	52.9825 26.1625,
	52.9703 26.164,
	52.9215 26.164,
	52.8972 26.1617,
	52.885 26.1587,
	52.8819 26.1572,
	52.8789 26.1572,
	52.8774 26.1557,
	52.8713 26.1534,
	52.8697 26.1534,
	52.8682 26.1518,
	52.856 26.1465,
	52.8537 26.1442,
	52.8537 26.1427,
	52.8515 26.1404,
	52.8507 26.1282,
	"/>
</Transform>

<Transform dim="0"
 xcoef=" 0 1 0 0 0 0"
 ycoef=" 0 0 1 0 0 0">
<Contour name="d004_p16" hidden="false" closed="true" simplified="true" border="1 1 0" fill="0 1 0" mode="11"
 points="54.1827 25.0208,
	54.1865 25.0133,
	54.1931 25.0058,
	54.2006 25.0011,
	54.2081 24.9945,
	54.2137 24.9879,
	54.2166 24.9841,
	54.2156 24.9691,
	54.2062 24.939,
	54.2062 24.924,
	54.2062 24.9221,
	54.2081 24.9202,
	54.209 24.9165,
	54.209 24.9146,
	54.2109 24.9127,
	54.2137 24.9052,
	54.2166 24.9014,
	54.2166 24.8996,
	54.2184 24.8977,
	54.2184 24.8958,
	54.2297 24.8808,
	54.2344 24.8742,
	54.2419 24.8676,
	54.257 24.8592,
	54.2645 24.8545,
	54.2664 24.8545,
	54.2682 24.8526,
	54.272 24.8526,
	54.2758 24.8498,
	54.2795 24.8498,
	54.287 24.8469,
	54.3171 24.8451,
	54.3321 24.8451,
	54.3622 24.8423,
	54.3923 24.8413,
	54.3998 24.8413,
	54.4073 24.8432,
	54.4224 24.8441,
	54.4524 24.8526,
	54.4599 24.8554,
	54.4637 24.8582,
	54.4675 24.8592,
	54.475 24.8648,
	54.4787 24.8686,
	54.4844 24.8733,
	54.4985 24.8864,
	54.506 24.893,
	54.5201 24.9033,
	54.5351 24.9118,
	54.5426 24.9165,
	54.5445 24.9165,
	54.552 24.9212,
	54.5642 24.9334,
	54.5689 24.9409,
	54.5718 24.9447,
	54.5727 24.9522,
	54.5708 24.9672,
	54.5708 24.9747,
	54.5652 24.9898,
	54.5624 24.9973,
	54.5624 25.0011,
	54.5539 25.0311,
	54.5511 25.0462,
	54.5501 25.0537,
	54.5501 25.0574,
	54.5473 25.065,
	54.5455 25.08,
	54.5426 25.0875,
	54.5417 25.095,
	54.5323 25.1251,
	54.5304 25.1326,
	54.5276 25.1364,
	54.5276 25.1401,
	54.5248 25.1476,
	54.5229 25.1495,
	54.5229 25.1514,
	54.5144 25.1655,
	54.5097 25.1721,
	54.5097 25.174,
	54.5079 25.1749,
	54.5079 25.1768,
	54.4966 25.1899,
	54.4947 25.1899,
	54.4797 25.1993,
	54.4731 25.2031,
	54.4693 25.205,
	54.4675 25.205,
	54.4637 25.2078,
	54.4487 25.2087,
	54.4336 25.2078,
	54.4186 25.205,
	54.4036 25.1965,
	54.3904 25.1881,
	54.3895 25.1862,
	54.3876 25.1862,
	54.381 25.1815,
	54.3772 25.1787,
	54.3754 25.1787,
	54.3716 25.1758,
	54.3697 25.174,
	54.3679 25.174,
	54.3528 25.1636,
	54.3397 25.1552,
	54.3331 25.1514,
	54.3265 25.1458,
	54.3227 25.1439,
	54.3209 25.1439,
	54.3068 25.1354,
	54.2993 25.1326,
	54.2983 25.1307,
	54.2908 25.1279,
	54.2889 25.126,
	54.2852 25.1251,
	54.2833 25.1232,
	54.2795 25.1223,
	54.2758 25.1195,
	54.272 25.1185,
	54.2645 25.1138,
	54.2626 25.1138,
	54.2476 25.1054,
	54.2457 25.1035,
	54.2419 25.1025,
	54.2401 25.1007,
	54.2363 25.0997,
	54.2213 25.0894,
	54.2081 25.08,
	54.2006 25.0753,
	54.1968 25.0725,
	54.195 25.0725,
	54.1884 25.0659,
	54.1865 25.064,
	54.1846 25.0565,
	54.1846 25.0527,
	54.1827 25.049,
	54.1827 25.0339,
	54.1827 25.0264,
	54.1827 25.0227,
	54.1827 25.0217,
	"/>
</Transform>

<Transform dim="0"
 xcoef=" 0 1 0 0 0 0"
 ycoef=" 0 0 1 0 0 0">
<Contour name="d004_p17" hidden="false" closed="true" simplified="true" border="1 1 0" fill="0 1 0" mode="11"
 points="53.5233 26.3783,
	53.5248 26.3741,
	53.5248 26.372,
	53.5264 26.3678,
	53.5317 26.3594,
	53.5353 26.3552,
	53.5364 26.3542,
	53.5374 26.3542,
	53.5379 26.3531,
	53.54 26.3526,
	53.5421 26.351,
	53.5463 26.3494,
	53.5474 26.3484,
	53.5495 26.3479,
	53.5505 26.3479,
	53.5589 26.3405,
	53.5594 26.3395,
	53.5605 26.3395,
	53.5636 26.3353,
	53.5652 26.3332,
	53.5694 26.3164,
	53.5704 26.3123,
	53.5715 26.3102,
	53.5715 26.3091,
	53.5788 26.3013,
	53.5872 26.2971,
	53.5893 26.2965,
	53.5977 26.2981,
	53.6144 26.3055,
	53.6312 26.3149,
	53.6396 26.3201,
	53.6416 26.3212,
	53.65 26.3217,
	53.6668 26.328,
	53.671 26.3295,
	53.672 26.3295,
	53.6741 26.3311,
	53.6783 26.3322,
	53.6867 26.3379,
	53.6951 26.3453,
	53.6987 26.3494,
	53.7029 26.3578,
	53.7029 26.3746,
	53.7014 26.3913,
	53.7008 26.3997,
	53.6993 26.4081,
	53.6982 26.4123,
	53.6935 26.4207,
	53.6856 26.4275,
	53.6835 26.4291,
	53.6825 26.4291,
	53.6804 26.4306,
	53.6636 26.4359,
	53.6553 26.4374,
	53.6385 26.438,
	53.6343 26.438,
	53.6259 26.4348,
	53.6238 26.4338,
	53.6228 26.4327,
	53.6207 26.4322,
	53.6196 26.4312,
	53.6176 26.4306,
	53.6155 26.4285,
	53.6144 26.4285,
	53.6102 26.4243,
	53.6018 26.4191,
	53.5997 26.4175,
	53.5956 26.416,
	53.5935 26.4144,
	53.5851 26.4112,
	53.5767 26.4097,
	53.5725 26.4086,
	53.5557 26.4081,
	53.5474 26.4065,
	53.5432 26.406,
	53.539 26.4044,
	53.5369 26.4039,
	53.5358 26.4039,
	53.5353 26.4029,
	53.5332 26.4023,
	53.5259 26.3945,
	53.5243 26.3924,
	53.5233 26.3882,
	53.5233 26.3798,
	53.5233 26.3788,
	"/>
</Transform>

<Transform dim="0"
 xcoef=" 0 1 0 0 0 0"
 ycoef=" 0 0 1 0 0 0">
<Contour name="d004_p18" hidden="false" closed="true" simplified="true" border="1 1 0" fill="0 1 0" mode="11"
 points="52.3109 24.7853,
	52.3141 24.7768,
	52.3141 24.7725,
	52.3194 24.764,
	52.3194 24.7619,
	52.3258 24.7555,
	52.329 24.7513,
	52.3333 24.7491,
	52.3354 24.747,
	52.3524 24.7396,
	52.3811 24.7066,
	52.3832 24.7055,
	52.3832 24.7034,
	52.3896 24.696,
	52.3917 24.6938,
	52.3917 24.6917,
	52.3971 24.6832,
	52.4034 24.6768,
	52.4034 24.6747,
	52.4056 24.6726,
	52.4056 24.6705,
	52.4088 24.6662,
	52.4088 24.6641,
	52.4119 24.6598,
	52.4173 24.6428,
	52.4205 24.6343,
	52.4205 24.63,
	52.4226 24.6258,
	52.4226 24.6215,
	52.4279 24.6045,
	52.4311 24.5875,
	52.4343 24.579,
	52.4375 24.562,
	52.4375 24.5577,
	52.4396 24.5535,
	52.4428 24.5195,
	52.4492 24.5024,
	52.4524 24.4939,
	52.4662 24.478,
	52.4662 24.4759,
	52.4789 24.4599,
	52.4864 24.4514,
	52.4885 24.4493,
	52.4885 24.4471,
	52.5023 24.4312,
	52.513 24.4152,
	52.531 24.3823,
	52.5342 24.378,
	52.5342 24.3759,
	52.5374 24.3716,
	52.5427 24.3546,
	52.5417 24.3206,
	52.5342 24.2866,
	52.5332 24.2781,
	52.5342 24.261,
	52.5374 24.2525,
	52.5374 24.2483,
	52.5396 24.2462,
	52.5427 24.2377,
	52.5544 24.2228,
	52.5587 24.2196,
	52.5629 24.2185,
	52.5651 24.2164,
	52.5821 24.2164,
	52.5991 24.2196,
	52.6034 24.2196,
	52.6076 24.2217,
	52.6097 24.2217,
	52.6257 24.2334,
	52.6587 24.2525,
	52.6661 24.26,
	52.6672 24.2621,
	52.6693 24.2621,
	52.6767 24.2685,
	52.682 24.277,
	52.682 24.2791,
	52.6874 24.2876,
	52.6937 24.3046,
	52.6948 24.3217,
	52.6948 24.3302,
	52.6916 24.3387,
	52.6895 24.3557,
	52.6874 24.3599,
	52.682 24.394,
	52.6799 24.3982,
	52.6789 24.4067,
	52.6746 24.4152,
	52.6735 24.4195,
	52.6618 24.4354,
	52.6597 24.4386,
	52.6459 24.4525,
	52.6427 24.4567,
	52.6406 24.4578,
	52.6406 24.4599,
	52.631 24.4769,
	52.6204 24.5109,
	52.6182 24.5195,
	52.6182 24.5237,
	52.6151 24.5322,
	52.6151 24.5365,
	52.6097 24.5535,
	52.6065 24.562,
	52.6065 24.5662,
	52.6034 24.5705,
	52.597 24.5875,
	52.5885 24.6035,
	52.5821 24.612,
	52.58 24.613,
	52.58 24.6152,
	52.5661 24.629,
	52.5629 24.6311,
	52.5342 24.6619,
	52.5268 24.6683,
	52.5257 24.6705,
	52.5236 24.6705,
	52.5108 24.6864,
	52.5023 24.7034,
	52.5002 24.7119,
	52.4981 24.7162,
	52.4981 24.7204,
	52.4949 24.7289,
	52.4938 24.7374,
	52.4917 24.7417,
	52.4896 24.7587,
	52.4896 24.7672,
	52.4864 24.7757,
	52.4853 24.7842,
	52.4821 24.7927,
	52.4811 24.797,
	52.4779 24.8012,
	52.4768 24.8055,
	52.4747 24.8076,
	52.4747 24.8119,
	52.4726 24.8161,
	52.4736 24.8502,
	52.4747 24.8672,
	52.4747 24.8757,
	52.4726 24.8842,
	52.4726 24.8884,
	52.4651 24.8959,
	52.4566 24.9012,
	52.4481 24.9044,
	52.4141 24.9033,
	52.3971 24.897,
	52.3886 24.8959,
	52.3843 24.8938,
	52.3822 24.8938,
	52.3747 24.8884,
	52.3726 24.8863,
	52.3705 24.8863,
	52.3556 24.8746,
	52.3481 24.8682,
	52.3407 24.8512,
	52.3407 24.8491,
	52.3386 24.847,
	52.3354 24.8385,
	52.3354 24.8342,
	52.3333 24.8321,
	52.3301 24.8236,
	52.3194 24.8066,
	52.3131 24.7991,
	52.3131 24.797,
	52.3109 24.7959,
	52.3109 24.7874,
	52.3109 24.7864,
	"/>
</Transform>

<Transform dim="0"
 xcoef=" 0 1 0 0 0 0"
 ycoef=" 0 0 1 0 0 0">
<Contour name="d004_p18" hidden="false" closed="true" simplified="true" border="1 1 0" fill="0 1 0" mode="11"
 points="52.108 25.5661,
	52.1095 25.5601,
	52.1177 25.5488,
	52.1215 25.5428,
	52.1215 25.5413,
	52.1237 25.5391,
	52.1237 25.5376,
	52.1252 25.5368,
	52.126 25.5338,
	52.1275 25.5331,
	52.1275 25.5316,
	52.1357 25.5203,
	52.1432 25.5113,
	52.1522 25.5001,
	52.1612 25.4903,
	52.165 25.4858,
	52.171 25.4821,
	52.1717 25.4806,
	52.1732 25.4806,
	52.1845 25.4723,
	52.1875 25.4701,
	52.1935 25.4686,
	52.1965 25.4663,
	52.1995 25.4656,
	52.201 25.4641,
	52.2025 25.4641,
	52.2085 25.4603,
	52.21 25.4603,
	52.213 25.4581,
	52.219 25.4558,
	52.222 25.4558,
	52.234 25.4513,
	52.237 25.4498,
	52.261 25.4468,
	52.273 25.4453,
	52.279 25.4453,
	52.285 25.4438,
	52.309 25.4446,
	52.315 25.4446,
	52.3165 25.4446,
	52.3225 25.4491,
	52.3255 25.4513,
	52.327 25.4543,
	52.327 25.4603,
	52.3247 25.4723,
	52.324 25.4753,
	52.3217 25.4783,
	52.3195 25.4843,
	52.318 25.4858,
	52.318 25.4873,
	52.309 25.4971,
	52.2977 25.5061,
	52.2865 25.5128,
	52.285 25.5143,
	52.2835 25.5143,
	52.2722 25.5218,
	52.2677 25.5278,
	52.2595 25.5368,
	52.2482 25.5481,
	52.2467 25.5503,
	52.237 25.5608,
	52.2355 25.5623,
	52.2355 25.5638,
	52.231 25.5691,
	52.225 25.5743,
	52.2235 25.5758,
	52.2235 25.5773,
	52.213 25.5878,
	52.207 25.5916,
	52.2025 25.5961,
	52.1965 25.6006,
	52.1845 25.6073,
	52.1785 25.6111,
	52.1755 25.6133,
	52.174 25.6133,
	52.168 25.6171,
	52.165 25.6178,
	52.1635 25.6193,
	52.1515 25.6208,
	52.1395 25.6186,
	52.138 25.6186,
	52.1365 25.6171,
	52.135 25.6171,
	52.123 25.6073,
	52.1222 25.6043,
	52.114 25.5931,
	52.114 25.5916,
	52.1125 25.5901,
	52.1117 25.5871,
	52.1102 25.5856,
	52.1102 25.5826,
	52.108 25.5766,
	52.108 25.5706,
	52.108 25.5676,
	52.108 25.5668,
	"/>
</Transform>

<Transform dim="0"
 xcoef=" 0 1 0 0 0 0"
 ycoef=" 0 0 1 0 0 0">
<Contour name="d004" hidden="false" closed="true" simplified="true" border="1 1 0" fill="0 0 1" mode="11"
 points="53.2152 25.5925,
	53.2182 25.5806,
	53.2196 25.5747,
	53.2359 25.551,
	53.2478 25.5392,
	53.2581 25.5303,
	53.2611 25.5303,
	53.2833 25.5141,
	53.2966 25.4904,
	53.301 25.4845,
	53.3084 25.4608,
	53.3099 25.4371,
	53.3084 25.4134,
	53.3069 25.4016,
	53.3025 25.3898,
	53.301 25.3838,
	53.2847 25.3616,
	53.2788 25.3498,
	53.2773 25.3439,
	53.2803 25.332,
	53.2862 25.3261,
	53.2981 25.3217,
	53.3217 25.3261,
	53.3336 25.3291,
	53.3351 25.3232,
	53.3587 25.3202,
	53.3706 25.3202,
	53.3824 25.3172,
	53.3883 25.3172,
	53.3913 25.3143,
	53.3972 25.3128,
	53.4179 25.2936,
	53.4224 25.2906,
	53.4283 25.2847,
	53.4505 25.2714,
	53.4623 25.264,
	53.4682 25.2595,
	53.4919 25.2536,
	53.5038 25.2521,
	53.5097 25.2507,
	53.5126 25.2507,
	53.5274 25.2285,
	53.5467 25.2122,
	53.5526 25.2092,
	53.5644 25.2092,
	53.5822 25.1929,
	53.594 25.187,
	53.5999 25.1841,
	53.6236 25.1826,
	53.6354 25.1841,
	53.6576 25.1974,
	53.6695 25.2063,
	53.6754 25.2107,
	53.6784 25.2107,
	53.6902 25.2196,
	53.7094 25.2388,
	53.7154 25.2447,
	53.7242 25.2507,
	53.7361 25.2551,
	53.739 25.2581,
	53.7864 25.2581,
	53.8101 25.2566,
	53.8337 25.2581,
	53.8574 25.2655,
	53.8781 25.2788,
	53.8885 25.2906,
	53.9033 25.3128,
	53.9225 25.335,
	53.9314 25.3439,
	53.9432 25.3557,
	53.9551 25.3631,
	53.961 25.3676,
	53.9847 25.3764,
	53.9906 25.3809,
	53.9936 25.3809,
	54.0143 25.4031,
	54.0172 25.406,
	54.0231 25.4075,
	54.0291 25.412,
	54.035 25.4134,
	54.0379 25.4164,
	54.0498 25.4193,
	54.0616 25.4282,
	54.0764 25.4519,
	54.0764 25.4637,
	54.0675 25.4874,
	54.0646 25.4933,
	54.0616 25.517,
	54.0542 25.5407,
	54.0483 25.5525,
	54.0379 25.5644,
	54.0261 25.5718,
	54.0187 25.5836,
	54.0187 25.5866,
	54.0157 25.5895,
	54.0084 25.6117,
	53.995 25.6354,
	53.9876 25.6458,
	53.9847 25.6502,
	53.9728 25.6591,
	53.9669 25.665,
	53.964 25.6665,
	53.9566 25.6901,
	53.9521 25.702,
	53.9506 25.7079,
	53.9506 25.7109,
	53.9477 25.7138,
	53.9462 25.7257,
	53.921 25.773,
	53.9181 25.7775,
	53.9062 25.7863,
	53.9003 25.7878,
	53.8885 25.7952,
	53.8826 25.807,
	53.8826 25.8307,
	53.8796 25.8426,
	53.8781 25.8485,
	53.8781 25.8514,
	53.8545 25.8648,
	53.8308 25.8736,
	53.8249 25.8751,
	53.8219 25.8781,
	53.7982 25.887,
	53.7864 25.8944,
	53.7745 25.8958,
	53.7627 25.8944,
	53.7568 25.8944,
	53.745 25.8899,
	53.7331 25.8884,
	53.7272 25.8855,
	53.7035 25.887,
	53.6798 25.8914,
	53.6739 25.8958,
	53.668 25.8973,
	53.6562 25.9047,
	53.6517 25.9062,
	53.6399 25.9151,
	53.6354 25.9195,
	53.6295 25.9432,
	53.6251 25.955,
	53.6192 25.9609,
	53.6073 25.9639,
	53.5955 25.9639,
	53.5896 25.9624,
	53.5866 25.9624,
	53.5689 25.9402,
	53.5629 25.9343,
	53.557 25.9328,
	53.5511 25.9284,
	53.5274 25.921,
	53.5038 25.9195,
	53.4978 25.921,
	53.4949 25.921,
	53.489 25.9269,
	53.486 25.9299,
	53.486 25.9328,
	53.4816 25.9387,
	53.4756 25.9417,
	53.4727 25.9447,
	53.449 25.9447,
	53.4253 25.9402,
	53.4135 25.9402,
	53.3898 25.9506,
	53.378 25.955,
	53.3661 25.9521,
	53.3425 25.9358,
	53.341 25.9121,
	53.3454 25.8884,
	53.3499 25.8766,
	53.3513 25.8529,
	53.3499 25.8292,
	53.3425 25.8056,
	53.338 25.7937,
	53.3365 25.7878,
	53.3365 25.7849,
	53.3336 25.7819,
	53.3321 25.7701,
	53.3277 25.7582,
	53.3203 25.7464,
	53.2818 25.7064,
	53.2788 25.7035,
	53.2803 25.6798,
	53.2803 25.6768,
	53.2833 25.6739,
	53.2833 25.662,
	53.2818 25.6561,
	53.2818 25.6532,
	53.2788 25.6502,
	53.2744 25.6384,
	53.264 25.6295,
	53.2404 25.6221,
	53.2344 25.6206,
	53.2226 25.6102,
	53.2152 25.5999,
	53.2152 25.594,
	"/>
<Contour name="d004_i05_o26" hidden="false" closed="true" simplified="true" border="1 1 0" fill="0 0 1" mode="11"
 points="53.2152 25.5925,
	53.2182 25.5806,
	53.2196 25.5747,
	53.2359 25.551,
	53.2478 25.5392,
	53.2581 25.5303,
	53.2611 25.5303,
	53.2833 25.5141,
	53.2966 25.4904,
	53.301 25.4845,
	53.3084 25.4608,
	53.3099 25.4371,
	53.3084 25.4134,
	53.3069 25.4016,
	53.3025 25.3898,
	53.301 25.3838,
	53.2847 25.3616,
	53.2788 25.3498,
	53.2773 25.3439,
	53.2803 25.332,
	53.2862 25.3261,
	53.2981 25.3217,
	53.3217 25.3261,
	53.3336 25.3291,
	53.3351 25.3232,
	53.3587 25.3202,
	53.3706 25.3202,
	53.3824 25.3172,
	53.3883 25.3172,
	53.3913 25.3143,
	53.3972 25.3128,
	53.4179 25.2936,
	53.4224 25.2906,
	53.4283 25.2847,
	53.4505 25.2714,
	53.4623 25.264,
	53.4682 25.2595,
	53.4919 25.2536,
	53.5038 25.2521,
	53.5097 25.2507,
	53.5126 25.2507,
	53.5274 25.2285,
	53.5467 25.2122,
	53.5526 25.2092,
	53.5644 25.2092,
	53.5822 25.1929,
	53.594 25.187,
	53.5999 25.1841,
	53.6236 25.1826,
	53.6354 25.1841,
	53.6576 25.1974,
	53.6695 25.2063,
	53.6754 25.2107,
	53.6784 25.2107,
	53.6902 25.2196,
	53.7094 25.2388,
	53.7154 25.2447,
	53.7242 25.2507,
	53.7361 25.2551,
	53.739 25.2581,
	53.7864 25.2581,
	53.8101 25.2566,
	53.8337 25.2581,
	53.8574 25.2655,
	53.8781 25.2788,
	53.8885 25.2906,
	53.9033 25.3128,
	53.9225 25.335,
	53.9314 25.3439,
	53.9432 25.3557,
	53.9551 25.3631,
	53.961 25.3676,
	53.9847 25.3764,
	53.9906 25.3809,
	53.9936 25.3809,
	54.0143 25.4031,
	54.0172 25.406,
	54.0231 25.4075,
	54.0291 25.412,
	54.035 25.4134,
	54.0379 25.4164,
	54.0498 25.4193,
	54.0616 25.4282,
	54.0764 25.4519,
	54.0764 25.4637,
	54.0675 25.4874,
	54.0646 25.4933,
	54.0616 25.517,
	54.0542 25.5407,
	54.0483 25.5525,
	54.0379 25.5644,
	54.0261 25.5718,
	54.0187 25.5836,
	54.0187 25.5866,
	54.0157 25.5895,
	54.0084 25.6117,
	53.995 25.6354,
	53.9876 25.6458,
	53.9847 25.6502,
	53.9728 25.6591,
	53.9669 25.665,
	53.964 25.6665,
	53.9566 25.6901,
	53.9521 25.702,
	53.9506 25.7079,
	53.9506 25.7109,
	53.9477 25.7138,
	53.9462 25.7257,
	53.921 25.773,
	53.9181 25.7775,
	53.9062 25.7863,
	53.9003 25.7878,
	53.8885 25.7952,
	53.8826 25.807,
	53.8826 25.8307,
	53.8796 25.8426,
	53.8781 25.8485,
	53.8781 25.8514,
	53.8545 25.8648,
	53.8308 25.8736,
	53.8249 25.8751,
	53.8219 25.8781,
	53.7982 25.887,
	53.7864 25.8944,
	53.7745 25.8958,
	53.7627 25.8944,
	53.7568 25.8944,
	53.745 25.8899,
	53.7331 25.8884,
	53.7272 25.8855,
	53.7035 25.887,
	53.6798 25.8914,
	53.6739 25.8958,
	53.668 25.8973,
	53.6562 25.9047,
	53.6517 25.9062,
	53.6399 25.9151,
	53.6354 25.9195,
	53.6295 25.9432,
	53.6251 25.955,
	53.6192 25.9609,
	53.6073 25.9639,
	53.5955 25.9639,
	53.5896 25.9624,
	53.5866 25.9624,
	53.5689 25.9402,
	53.5629 25.9343,
	53.557 25.9328,
	53.5511 25.9284,
	53.5274 25.921,
	53.5038 25.9195,
	53.4978 25.921,
	53.4949 25.921,
	53.489 25.9269,
	53.486 25.9299,
	53.486 25.9328,
	53.4816 25.9387,
	53.4756 25.9417,
	53.4727 25.9447,
	53.449 25.9447,
	53.4253 25.9402,
	53.4135 25.9402,
	53.3898 25.9506,
	53.378 25.955,
	53.3661 25.9521,
	53.3425 25.9358,
	53.341 25.9121,
	53.3454 25.8884,
	53.3499 25.8766,
	53.3513 25.8529,
	53.3499 25.8292,
	53.3425 25.8056,
	53.338 25.7937,
	53.3365 25.7878,
	53.3365 25.7849,
	53.3336 25.7819,
	53.3321 25.7701,
	53.3277 25.7582,
	53.3203 25.7464,
	53.2818 25.7064,
	53.2788 25.7035,
	53.2803 25.6798,
	53.2803 25.6768,
	53.2833 25.6739,
	53.2833 25.662,
	53.2818 25.6561,
	53.2818 25.6532,
	53.2788 25.6502,
	53.2744 25.6384,
	53.264 25.6295,
	53.2404 25.6221,
	53.2344 25.6206,
	53.2226 25.6102,
	53.2152 25.5999,
	53.2152 25.594,
	"/>
<Contour name="d004_i05_o25" hidden="false" closed="true" simplified="true" border="1 1 0" fill="0 0 1" mode="11"
 points="53.2152 25.5925,
	53.2182 25.5806,
	53.2196 25.5747,
	53.2359 25.551,
	53.2478 25.5392,
	53.2581 25.5303,
	53.2611 25.5303,
	53.2833 25.5141,
	53.2966 25.4904,
	53.301 25.4845,
	53.3084 25.4608,
	53.3099 25.4371,
	53.3084 25.4134,
	53.3069 25.4016,
	53.3025 25.3898,
	53.301 25.3838,
	53.2847 25.3616,
	53.2788 25.3498,
	53.2773 25.3439,
	53.2803 25.332,
	53.2862 25.3261,
	53.2981 25.3217,
	53.3217 25.3261,
	53.3336 25.3291,
	53.3351 25.3232,
	53.3587 25.3202,
	53.3706 25.3202,
	53.3824 25.3172,
	53.3883 25.3172,
	53.3913 25.3143,
	53.3972 25.3128,
	53.4179 25.2936,
	53.4224 25.2906,
	53.4283 25.2847,
	53.4505 25.2714,
	53.4623 25.264,
	53.4682 25.2595,
	53.4919 25.2536,
	53.5038 25.2521,
	53.5097 25.2507,
	53.5126 25.2507,
	53.5274 25.2285,
	53.5467 25.2122,
	53.5526 25.2092,
	53.5644 25.2092,
	53.5822 25.1929,
	53.594 25.187,
	53.5999 25.1841,
	53.6236 25.1826,
	53.6354 25.1841,
	53.6576 25.1974,
	53.6695 25.2063,
	53.6754 25.2107,
	53.6784 25.2107,
	53.6902 25.2196,
	53.7094 25.2388,
	53.7154 25.2447,
	53.7242 25.2507,
	53.7361 25.2551,
	53.739 25.2581,
	53.7864 25.2581,
	53.8101 25.2566,
	53.8337 25.2581,
	53.8574 25.2655,
	53.8781 25.2788,
	53.8885 25.2906,
	53.9033 25.3128,
	53.9225 25.335,
	53.9314 25.3439,
	53.9432 25.3557,
	53.9551 25.3631,
	53.961 25.3676,
	53.9847 25.3764,
	53.9906 25.3809,
	53.9936 25.3809,
	54.0143 25.4031,
	54.0172 25.406,
	54.0231 25.4075,
	54.0291 25.412,
	54.035 25.4134,
	54.0379 25.4164,
	54.0498 25.4193,
	54.0616 25.4282,
	54.0764 25.4519,
	54.0764 25.4637,
	54.0675 25.4874,
	54.0646 25.4933,
	54.0616 25.517,
	54.0542 25.5407,
	54.0483 25.5525,
	54.0379 25.5644,
	54.0261 25.5718,
	54.0187 25.5836,
	54.0187 25.5866,
	54.0157 25.5895,
	54.0084 25.6117,
	53.995 25.6354,
	53.9876 25.6458,
	53.9847 25.6502,
	53.9728 25.6591,
	53.9669 25.665,
	53.964 25.6665,
	53.9566 25.6901,
	53.9521 25.702,
	53.9506 25.7079,
	53.9506 25.7109,
	53.9477 25.7138,
	53.9462 25.7257,
	53.921 25.773,
	53.9181 25.7775,
	53.9062 25.7863,
	53.9003 25.7878,
	53.8885 25.7952,
	53.8826 25.807,
	53.8826 25.8307,
	53.8796 25.8426,
	53.8781 25.8485,
	53.8781 25.8514,
	53.8545 25.8648,
	53.8308 25.8736,
	53.8249 25.8751,
	53.8219 25.8781,
	53.7982 25.887,
	53.7864 25.8944,
	53.7745 25.8958,
	53.7627 25.8944,
	53.7568 25.8944,
	53.745 25.8899,
	53.7331 25.8884,
	53.7272 25.8855,
	53.7035 25.887,
	53.6798 25.8914,
	53.6739 25.8958,
	53.668 25.8973,
	53.6562 25.9047,
	53.6517 25.9062,
	53.6399 25.9151,
	53.6354 25.9195,
	53.6295 25.9432,
	53.6251 25.955,
	53.6192 25.9609,
	53.6073 25.9639,
	53.5955 25.9639,
	53.5896 25.9624,
	53.5866 25.9624,
	53.5689 25.9402,
	53.5629 25.9343,
	53.557 25.9328,
	53.5511 25.9284,
	53.5274 25.921,
	53.5038 25.9195,
	53.4978 25.921,
	53.4949 25.921,
	53.489 25.9269,
	53.486 25.9299,
	53.486 25.9328,
	53.4816 25.9387,
	53.4756 25.9417,
	53.4727 25.9447,
	53.449 25.9447,
	53.4253 25.9402,
	53.4135 25.9402,
	53.3898 25.9506,
	53.378 25.955,
	53.3661 25.9521,
	53.3425 25.9358,
	53.341 25.9121,
	53.3454 25.8884,
	53.3499 25.8766,
	53.3513 25.8529,
	53.3499 25.8292,
	53.3425 25.8056,
	53.338 25.7937,
	53.3365 25.7878,
	53.3365 25.7849,
	53.3336 25.7819,
	53.3321 25.7701,
	53.3277 25.7582,
	53.3203 25.7464,
	53.2818 25.7064,
	53.2788 25.7035,
	53.2803 25.6798,
	53.2803 25.6768,
	53.2833 25.6739,
	53.2833 25.662,
	53.2818 25.6561,
	53.2818 25.6532,
	53.2788 25.6502,
	53.2744 25.6384,
	53.264 25.6295,
	53.2404 25.6221,
	53.2344 25.6206,
	53.2226 25.6102,
	53.2152 25.5999,
	53.2152 25.594,
	"/>
<Contour name="d004_i05_o24" hidden="false" closed="true" simplified="true" border="1 1 0" fill="0 0 1" mode="11"
 points="53.2152 25.5925,
	53.2182 25.5806,
	53.2196 25.5747,
	53.2359 25.551,
	53.2478 25.5392,
	53.2581 25.5303,
	53.2611 25.5303,
	53.2833 25.5141,
	53.2966 25.4904,
	53.301 25.4845,
	53.3084 25.4608,
	53.3099 25.4371,
	53.3084 25.4134,
	53.3069 25.4016,
	53.3025 25.3898,
	53.301 25.3838,
	53.2847 25.3616,
	53.2788 25.3498,
	53.2773 25.3439,
	53.2803 25.332,
	53.2862 25.3261,
	53.2981 25.3217,
	53.3217 25.3261,
	53.3336 25.3291,
	53.3351 25.3232,
	53.3587 25.3202,
	53.3706 25.3202,
	53.3824 25.3172,
	53.3883 25.3172,
	53.3913 25.3143,
	53.3972 25.3128,
	53.4179 25.2936,
	53.4224 25.2906,
	53.4283 25.2847,
	53.4505 25.2714,
	53.4623 25.264,
	53.4682 25.2595,
	53.4919 25.2536,
	53.5038 25.2521,
	53.5097 25.2507,
	53.5126 25.2507,
	53.5274 25.2285,
	53.5467 25.2122,
	53.5526 25.2092,
	53.5644 25.2092,
	53.5822 25.1929,
	53.594 25.187,
	53.5999 25.1841,
	53.6236 25.1826,
	53.6354 25.1841,
	53.6576 25.1974,
	53.6695 25.2063,
	53.6754 25.2107,
	53.6784 25.2107,
	53.6902 25.2196,
	53.7094 25.2388,
	53.7154 25.2447,
	53.7242 25.2507,
	53.7361 25.2551,
	53.739 25.2581,
	53.7864 25.2581,
	53.8101 25.2566,
	53.8337 25.2581,
	53.8574 25.2655,
	53.8781 25.2788,
	53.8885 25.2906,
	53.9033 25.3128,
	53.9225 25.335,
	53.9314 25.3439,
	53.9432 25.3557,
	53.9551 25.3631,
	53.961 25.3676,
	53.9847 25.3764,
	53.9906 25.3809,
	53.9936 25.3809,
	54.0143 25.4031,
	54.0172 25.406,
	54.0231 25.4075,
	54.0291 25.412,
	54.035 25.4134,
	54.0379 25.4164,
	54.0498 25.4193,
	54.0616 25.4282,
	54.0764 25.4519,
	54.0764 25.4637,
	54.0675 25.4874,
	54.0646 25.4933,
	54.0616 25.517,
	54.0542 25.5407,
	54.0483 25.5525,
	54.0379 25.5644,
	54.0261 25.5718,
	54.0187 25.5836,
	54.0187 25.5866,
	54.0157 25.5895,
	54.0084 25.6117,
	53.995 25.6354,
	53.9876 25.6458,
	53.9847 25.6502,
	53.9728 25.6591,
	53.9669 25.665,
	53.964 25.6665,
	53.9566 25.6901,
	53.9521 25.702,
	53.9506 25.7079,
	53.9506 25.7109,
	53.9477 25.7138,
	53.9462 25.7257,
	53.921 25.773,
	53.9181 25.7775,
	53.9062 25.7863,
	53.9003 25.7878,
	53.8885 25.7952,
	53.8826 25.807,
	53.8826 25.8307,
	53.8796 25.8426,
	53.8781 25.8485,
	53.8781 25.8514,
	53.8545 25.8648,
	53.8308 25.8736,
	53.8249 25.8751,
	53.8219 25.8781,
	53.7982 25.887,
	53.7864 25.8944,
	53.7745 25.8958,
	53.7627 25.8944,
	53.7568 25.8944,
	53.745 25.8899,
	53.7331 25.8884,
	53.7272 25.8855,
	53.7035 25.887,
	53.6798 25.8914,
	53.6739 25.8958,
	53.668 25.8973,
	53.6562 25.9047,
	53.6517 25.9062,
	53.6399 25.9151,
	53.6354 25.9195,
	53.6295 25.9432,
	53.6251 25.955,
	53.6192 25.9609,
	53.6073 25.9639,
	53.5955 25.9639,
	53.5896 25.9624,
	53.5866 25.9624,
	53.5689 25.9402,
	53.5629 25.9343,
	53.557 25.9328,
	53.5511 25.9284,
	53.5274 25.921,
	53.5038 25.9195,
	53.4978 25.921,
	53.4949 25.921,
	53.489 25.9269,
	53.486 25.9299,
	53.486 25.9328,
	53.4816 25.9387,
	53.4756 25.9417,
	53.4727 25.9447,
	53.449 25.9447,
	53.4253 25.9402,
	53.4135 25.9402,
	53.3898 25.9506,
	53.378 25.955,
	53.3661 25.9521,
	53.3425 25.9358,
	53.341 25.9121,
	53.3454 25.8884,
	53.3499 25.8766,
	53.3513 25.8529,
	53.3499 25.8292,
	53.3425 25.8056,
	53.338 25.7937,
	53.3365 25.7878,
	53.3365 25.7849,
	53.3336 25.7819,
	53.3321 25.7701,
	53.3277 25.7582,
	53.3203 25.7464,
	53.2818 25.7064,
	53.2788 25.7035,
	53.2803 25.6798,
	53.2803 25.6768,
	53.2833 25.6739,
	53.2833 25.662,
	53.2818 25.6561,
	53.2818 25.6532,
	53.2788 25.6502,
	53.2744 25.6384,
	53.264 25.6295,
	53.2404 25.6221,
	53.2344 25.6206,
	53.2226 25.6102,
	53.2152 25.5999,
	53.2152 25.594,
	"/>
<Contour name="d004_i05_o23" hidden="false" closed="true" simplified="true" border="1 1 0" fill="0 0 1" mode="11"
 points="53.2152 25.5925,
	53.2182 25.5806,
	53.2196 25.5747,
	53.2359 25.551,
	53.2478 25.5392,
	53.2581 25.5303,
	53.2611 25.5303,
	53.2833 25.5141,
	53.2966 25.4904,
	53.301 25.4845,
	53.3084 25.4608,
	53.3099 25.4371,
	53.3084 25.4134,
	53.3069 25.4016,
	53.3025 25.3898,
	53.301 25.3838,
	53.2847 25.3616,
	53.2788 25.3498,
	53.2773 25.3439,
	53.2803 25.332,
	53.2862 25.3261,
	53.2981 25.3217,
	53.3217 25.3261,
	53.3336 25.3291,
	53.3351 25.3232,
	53.3587 25.3202,
	53.3706 25.3202,
	53.3824 25.3172,
	53.3883 25.3172,
	53.3913 25.3143,
	53.3972 25.3128,
	53.4179 25.2936,
	53.4224 25.2906,
	53.4283 25.2847,
	53.4505 25.2714,
	53.4623 25.264,
	53.4682 25.2595,
	53.4919 25.2536,
	53.5038 25.2521,
	53.5097 25.2507,
	53.5126 25.2507,
	53.5274 25.2285,
	53.5467 25.2122,
	53.5526 25.2092,
	53.5644 25.2092,
	53.5822 25.1929,
	53.594 25.187,
	53.5999 25.1841,
	53.6236 25.1826,
	53.6354 25.1841,
	53.6576 25.1974,
	53.6695 25.2063,
	53.6754 25.2107,
	53.6784 25.2107,
	53.6902 25.2196,
	53.7094 25.2388,
	53.7154 25.2447,
	53.7242 25.2507,
	53.7361 25.2551,
	53.739 25.2581,
	53.7864 25.2581,
	53.8101 25.2566,
	53.8337 25.2581,
	53.8574 25.2655,
	53.8781 25.2788,
	53.8885 25.2906,
	53.9033 25.3128,
	53.9225 25.335,
	53.9314 25.3439,
	53.9432 25.3557,
	53.9551 25.3631,
	53.961 25.3676,
	53.9847 25.3764,
	53.9906 25.3809,
	53.9936 25.3809,
	54.0143 25.4031,
	54.0172 25.406,
	54.0231 25.4075,
	54.0291 25.412,
	54.035 25.4134,
	54.0379 25.4164,
	54.0498 25.4193,
	54.0616 25.4282,
	54.0764 25.4519,
	54.0764 25.4637,
	54.0675 25.4874,
	54.0646 25.4933,
	54.0616 25.517,
	54.0542 25.5407,
	54.0483 25.5525,
	54.0379 25.5644,
	54.0261 25.5718,
	54.0187 25.5836,
	54.0187 25.5866,
	54.0157 25.5895,
	54.0084 25.6117,
	53.995 25.6354,
	53.9876 25.6458,
	53.9847 25.6502,
	53.9728 25.6591,
	53.9669 25.665,
	53.964 25.6665,
	53.9566 25.6901,
	53.9521 25.702,
	53.9506 25.7079,
	53.9506 25.7109,
	53.9477 25.7138,
	53.9462 25.7257,
	53.921 25.773,
	53.9181 25.7775,
	53.9062 25.7863,
	53.9003 25.7878,
	53.8885 25.7952,
	53.8826 25.807,
	53.8826 25.8307,
	53.8796 25.8426,
	53.8781 25.8485,
	53.8781 25.8514,
	53.8545 25.8648,
	53.8308 25.8736,
	53.8249 25.8751,
	53.8219 25.8781,
	53.7982 25.887,
	53.7864 25.8944,
	53.7745 25.8958,
	53.7627 25.8944,
	53.7568 25.8944,
	53.745 25.8899,
	53.7331 25.8884,
	53.7272 25.8855,
	53.7035 25.887,
	53.6798 25.8914,
	53.6739 25.8958,
	53.668 25.8973,
	53.6562 25.9047,
	53.6517 25.9062,
	53.6399 25.9151,
	53.6354 25.9195,
	53.6295 25.9432,
	53.6251 25.955,
	53.6192 25.9609,
	53.6073 25.9639,
	53.5955 25.9639,
	53.5896 25.9624,
	53.5866 25.9624,
	53.5689 25.9402,
	53.5629 25.9343,
	53.557 25.9328,
	53.5511 25.9284,
	53.5274 25.921,
	53.5038 25.9195,
	53.4978 25.921,
	53.4949 25.921,
	53.489 25.9269,
	53.486 25.9299,
	53.486 25.9328,
	53.4816 25.9387,
	53.4756 25.9417,
	53.4727 25.9447,
	53.449 25.9447,
	53.4253 25.9402,
	53.4135 25.9402,
	53.3898 25.9506,
	53.378 25.955,
	53.3661 25.9521,
	53.3425 25.9358,
	53.341 25.9121,
	53.3454 25.8884,
	53.3499 25.8766,
	53.3513 25.8529,
	53.3499 25.8292,
	53.3425 25.8056,
	53.338 25.7937,
	53.3365 25.7878,
	53.3365 25.7849,
	53.3336 25.7819,
	53.3321 25.7701,
	53.3277 25.7582,
	53.3203 25.7464,
	53.2818 25.7064,
	53.2788 25.7035,
	53.2803 25.6798,
	53.2803 25.6768,
	53.2833 25.6739,
	53.2833 25.662,
	53.2818 25.6561,
	53.2818 25.6532,
	53.2788 25.6502,
	53.2744 25.6384,
	53.264 25.6295,
	53.2404 25.6221,
	53.2344 25.6206,
	53.2226 25.6102,
	53.2152 25.5999,
	53.2152 25.594,
	"/>
<Contour name="d004_i05_o22" hidden="false" closed="true" simplified="true" border="1 1 0" fill="0 0 1" mode="11"
 points="53.2152 25.5925,
	53.2182 25.5806,
	53.2196 25.5747,
	53.2359 25.551,
	53.2478 25.5392,
	53.2581 25.5303,
	53.2611 25.5303,
	53.2833 25.5141,
	53.2966 25.4904,
	53.301 25.4845,
	53.3084 25.4608,
	53.3099 25.4371,
	53.3084 25.4134,
	53.3069 25.4016,
	53.3025 25.3898,
	53.301 25.3838,
	53.2847 25.3616,
	53.2788 25.3498,
	53.2773 25.3439,
	53.2803 25.332,
	53.2862 25.3261,
	53.2981 25.3217,
	53.3217 25.3261,
	53.3336 25.3291,
	53.3351 25.3232,
	53.3587 25.3202,
	53.3706 25.3202,
	53.3824 25.3172,
	53.3883 25.3172,
	53.3913 25.3143,
	53.3972 25.3128,
	53.4179 25.2936,
	53.4224 25.2906,
	53.4283 25.2847,
	53.4505 25.2714,
	53.4623 25.264,
	53.4682 25.2595,
	53.4919 25.2536,
	53.5038 25.2521,
	53.5097 25.2507,
	53.5126 25.2507,
	53.5274 25.2285,
	53.5467 25.2122,
	53.5526 25.2092,
	53.5644 25.2092,
	53.5822 25.1929,
	53.594 25.187,
	53.5999 25.1841,
	53.6236 25.1826,
	53.6354 25.1841,
	53.6576 25.1974,
	53.6695 25.2063,
	53.6754 25.2107,
	53.6784 25.2107,
	53.6902 25.2196,
	53.7094 25.2388,
	53.7154 25.2447,
	53.7242 25.2507,
	53.7361 25.2551,
	53.739 25.2581,
	53.7864 25.2581,
	53.8101 25.2566,
	53.8337 25.2581,
	53.8574 25.2655,
	53.8781 25.2788,
	53.8885 25.2906,
	53.9033 25.3128,
	53.9225 25.335,
	53.9314 25.3439,
	53.9432 25.3557,
	53.9551 25.3631,
	53.961 25.3676,
	53.9847 25.3764,
	53.9906 25.3809,
	53.9936 25.3809,
	54.0143 25.4031,
	54.0172 25.406,
	54.0231 25.4075,
	54.0291 25.412,
	54.035 25.4134,
	54.0379 25.4164,
	54.0498 25.4193,
	54.0616 25.4282,
	54.0764 25.4519,
	54.0764 25.4637,
	54.0675 25.4874,
	54.0646 25.4933,
	54.0616 25.517,
	54.0542 25.5407,
	54.0483 25.5525,
	54.0379 25.5644,
	54.0261 25.5718,
	54.0187 25.5836,
	54.0187 25.5866,
	54.0157 25.5895,
	54.0084 25.6117,
	53.995 25.6354,
	53.9876 25.6458,
	53.9847 25.6502,
	53.9728 25.6591,
	53.9669 25.665,
	53.964 25.6665,
	53.9566 25.6901,
	53.9521 25.702,
	53.9506 25.7079,
	53.9506 25.7109,
	53.9477 25.7138,
	53.9462 25.7257,
	53.921 25.773,
	53.9181 25.7775,
	53.9062 25.7863,
	53.9003 25.7878,
	53.8885 25.7952,
	53.8826 25.807,
	53.8826 25.8307,
	53.8796 25.8426,
	53.8781 25.8485,
	53.8781 25.8514,
	53.8545 25.8648,
	53.8308 25.8736,
	53.8249 25.8751,
	53.8219 25.8781,
	53.7982 25.887,
	53.7864 25.8944,
	53.7745 25.8958,
	53.7627 25.8944,
	53.7568 25.8944,
	53.745 25.8899,
	53.7331 25.8884,
	53.7272 25.8855,
	53.7035 25.887,
	53.6798 25.8914,
	53.6739 25.8958,
	53.668 25.8973,
	53.6562 25.9047,
	53.6517 25.9062,
	53.6399 25.9151,
	53.6354 25.9195,
	53.6295 25.9432,
	53.6251 25.955,
	53.6192 25.9609,
	53.6073 25.9639,
	53.5955 25.9639,
	53.5896 25.9624,
	53.5866 25.9624,
	53.5689 25.9402,
	53.5629 25.9343,
	53.557 25.9328,
	53.5511 25.9284,
	53.5274 25.921,
	53.5038 25.9195,
	53.4978 25.921,
	53.4949 25.921,
	53.489 25.9269,
	53.486 25.9299,
	53.486 25.9328,
	53.4816 25.9387,
	53.4756 25.9417,
	53.4727 25.9447,
	53.449 25.9447,
	53.4253 25.9402,
	53.4135 25.9402,
	53.3898 25.9506,
	53.378 25.955,
	53.3661 25.9521,
	53.3425 25.9358,
	53.341 25.9121,
	53.3454 25.8884,
	53.3499 25.8766,
	53.3513 25.8529,
	53.3499 25.8292,
	53.3425 25.8056,
	53.338 25.7937,
	53.3365 25.7878,
	53.3365 25.7849,
	53.3336 25.7819,
	53.3321 25.7701,
	53.3277 25.7582,
	53.3203 25.7464,
	53.2818 25.7064,
	53.2788 25.7035,
	53.2803 25.6798,
	53.2803 25.6768,
	53.2833 25.6739,
	53.2833 25.662,
	53.2818 25.6561,
	53.2818 25.6532,
	53.2788 25.6502,
	53.2744 25.6384,
	53.264 25.6295,
	53.2404 25.6221,
	53.2344 25.6206,
	53.2226 25.6102,
	53.2152 25.5999,
	53.2152 25.594,
	"/>
<Contour name="d004_i05_o21" hidden="false" closed="true" simplified="true" border="1 1 0" fill="0 0 1" mode="11"
 points="53.2152 25.5925,
	53.2182 25.5806,
	53.2196 25.5747,
	53.2359 25.551,
	53.2478 25.5392,
	53.2581 25.5303,
	53.2611 25.5303,
	53.2833 25.5141,
	53.2966 25.4904,
	53.301 25.4845,
	53.3084 25.4608,
	53.3099 25.4371,
	53.3084 25.4134,
	53.3069 25.4016,
	53.3025 25.3898,
	53.301 25.3838,
	53.2847 25.3616,
	53.2788 25.3498,
	53.2773 25.3439,
	53.2803 25.332,
	53.2862 25.3261,
	53.2981 25.3217,
	53.3217 25.3261,
	53.3336 25.3291,
	53.3351 25.3232,
	53.3587 25.3202,
	53.3706 25.3202,
	53.3824 25.3172,
	53.3883 25.3172,
	53.3913 25.3143,
	53.3972 25.3128,
	53.4179 25.2936,
	53.4224 25.2906,
	53.4283 25.2847,
	53.4505 25.2714,
	53.4623 25.264,
	53.4682 25.2595,
	53.4919 25.2536,
	53.5038 25.2521,
	53.5097 25.2507,
	53.5126 25.2507,
	53.5274 25.2285,
	53.5467 25.2122,
	53.5526 25.2092,
	53.5644 25.2092,
	53.5822 25.1929,
	53.594 25.187,
	53.5999 25.1841,
	53.6236 25.1826,
	53.6354 25.1841,
	53.6576 25.1974,
	53.6695 25.2063,
	53.6754 25.2107,
	53.6784 25.2107,
	53.6902 25.2196,
	53.7094 25.2388,
	53.7154 25.2447,
	53.7242 25.2507,
	53.7361 25.2551,
	53.739 25.2581,
	53.7864 25.2581,
	53.8101 25.2566,
	53.8337 25.2581,
	53.8574 25.2655,
	53.8781 25.2788,
	53.8885 25.2906,
	53.9033 25.3128,
	53.9225 25.335,
	53.9314 25.3439,
	53.9432 25.3557,
	53.9551 25.3631,
	53.961 25.3676,
	53.9847 25.3764,
	53.9906 25.3809,
	53.9936 25.3809,
	54.0143 25.4031,
	54.0172 25.406,
	54.0231 25.4075,
	54.0291 25.412,
	54.035 25.4134,
	54.0379 25.4164,
	54.0498 25.4193,
	54.0616 25.4282,
	54.0764 25.4519,
	54.0764 25.4637,
	54.0675 25.4874,
	54.0646 25.4933,
	54.0616 25.517,
	54.0542 25.5407,
	54.0483 25.5525,
	54.0379 25.5644,
	54.0261 25.5718,
	54.0187 25.5836,
	54.0187 25.5866,
	54.0157 25.5895,
	54.0084 25.6117,
	53.995 25.6354,
	53.9876 25.6458,
	53.9847 25.6502,
	53.9728 25.6591,
	53.9669 25.665,
	53.964 25.6665,
	53.9566 25.6901,
	53.9521 25.702,
	53.9506 25.7079,
	53.9506 25.7109,
	53.9477 25.7138,
	53.9462 25.7257,
	53.921 25.773,
	53.9181 25.7775,
	53.9062 25.7863,
	53.9003 25.7878,
	53.8885 25.7952,
	53.8826 25.807,
	53.8826 25.8307,
	53.8796 25.8426,
	53.8781 25.8485,
	53.8781 25.8514,
	53.8545 25.8648,
	53.8308 25.8736,
	53.8249 25.8751,
	53.8219 25.8781,
	53.7982 25.887,
	53.7864 25.8944,
	53.7745 25.8958,
	53.7627 25.8944,
	53.7568 25.8944,
	53.745 25.8899,
	53.7331 25.8884,
	53.7272 25.8855,
	53.7035 25.887,
	53.6798 25.8914,
	53.6739 25.8958,
	53.668 25.8973,
	53.6562 25.9047,
	53.6517 25.9062,
	53.6399 25.9151,
	53.6354 25.9195,
	53.6295 25.9432,
	53.6251 25.955,
	53.6192 25.9609,
	53.6073 25.9639,
	53.5955 25.9639,
	53.5896 25.9624,
	53.5866 25.9624,
	53.5689 25.9402,
	53.5629 25.9343,
	53.557 25.9328,
	53.5511 25.9284,
	53.5274 25.921,
	53.5038 25.9195,
	53.4978 25.921,
	53.4949 25.921,
	53.489 25.9269,
	53.486 25.9299,
	53.486 25.9328,
	53.4816 25.9387,
	53.4756 25.9417,
	53.4727 25.9447,
	53.449 25.9447,
	53.4253 25.9402,
	53.4135 25.9402,
	53.3898 25.9506,
	53.378 25.955,
	53.3661 25.9521,
	53.3425 25.9358,
	53.341 25.9121,
	53.3454 25.8884,
	53.3499 25.8766,
	53.3513 25.8529,
	53.3499 25.8292,
	53.3425 25.8056,
	53.338 25.7937,
	53.3365 25.7878,
	53.3365 25.7849,
	53.3336 25.7819,
	53.3321 25.7701,
	53.3277 25.7582,
	53.3203 25.7464,
	53.2818 25.7064,
	53.2788 25.7035,
	53.2803 25.6798,
	53.2803 25.6768,
	53.2833 25.6739,
	53.2833 25.662,
	53.2818 25.6561,
	53.2818 25.6532,
	53.2788 25.6502,
	53.2744 25.6384,
	53.264 25.6295,
	53.2404 25.6221,
	53.2344 25.6206,
	53.2226 25.6102,
	53.2152 25.5999,
	53.2152 25.594,
	"/>
<Contour name="d004_i05_o20" hidden="false" closed="true" simplified="true" border="1 1 0" fill="0 0 1" mode="11"
 points="53.2152 25.5925,
	53.2182 25.5806,
	53.2196 25.5747,
	53.2359 25.551,
	53.2478 25.5392,
	53.2581 25.5303,
	53.2611 25.5303,
	53.2833 25.5141,
	53.2966 25.4904,
	53.301 25.4845,
	53.3084 25.4608,
	53.3099 25.4371,
	53.3084 25.4134,
	53.3069 25.4016,
	53.3025 25.3898,
	53.301 25.3838,
	53.2847 25.3616,
	53.2788 25.3498,
	53.2773 25.3439,
	53.2803 25.332,
	53.2862 25.3261,
	53.2981 25.3217,
	53.3217 25.3261,
	53.3336 25.3291,
	53.3351 25.3232,
	53.3587 25.3202,
	53.3706 25.3202,
	53.3824 25.3172,
	53.3883 25.3172,
	53.3913 25.3143,
	53.3972 25.3128,
	53.4179 25.2936,
	53.4224 25.2906,
	53.4283 25.2847,
	53.4505 25.2714,
	53.4623 25.264,
	53.4682 25.2595,
	53.4919 25.2536,
	53.5038 25.2521,
	53.5097 25.2507,
	53.5126 25.2507,
	53.5274 25.2285,
	53.5467 25.2122,
	53.5526 25.2092,
	53.5644 25.2092,
	53.5822 25.1929,
	53.594 25.187,
	53.5999 25.1841,
	53.6236 25.1826,
	53.6354 25.1841,
	53.6576 25.1974,
	53.6695 25.2063,
	53.6754 25.2107,
	53.6784 25.2107,
	53.6902 25.2196,
	53.7094 25.2388,
	53.7154 25.2447,
	53.7242 25.2507,
	53.7361 25.2551,
	53.739 25.2581,
	53.7864 25.2581,
	53.8101 25.2566,
	53.8337 25.2581,
	53.8574 25.2655,
	53.8781 25.2788,
	53.8885 25.2906,
	53.9033 25.3128,
	53.9225 25.335,
	53.9314 25.3439,
	53.9432 25.3557,
	53.9551 25.3631,
	53.961 25.3676,
	53.9847 25.3764,
	53.9906 25.3809,
	53.9936 25.3809,
	54.0143 25.4031,
	54.0172 25.406,
	54.0231 25.4075,
	54.0291 25.412,
	54.035 25.4134,
	54.0379 25.4164,
	54.0498 25.4193,
	54.0616 25.4282,
	54.0764 25.4519,
	54.0764 25.4637,
	54.0675 25.4874,
	54.0646 25.4933,
	54.0616 25.517,
	54.0542 25.5407,
	54.0483 25.5525,
	54.0379 25.5644,
	54.0261 25.5718,
	54.0187 25.5836,
	54.0187 25.5866,
	54.0157 25.5895,
	54.0084 25.6117,
	53.995 25.6354,
	53.9876 25.6458,
	53.9847 25.6502,
	53.9728 25.6591,
	53.9669 25.665,
	53.964 25.6665,
	53.9566 25.6901,
	53.9521 25.702,
	53.9506 25.7079,
	53.9506 25.7109,
	53.9477 25.7138,
	53.9462 25.7257,
	53.921 25.773,
	53.9181 25.7775,
	53.9062 25.7863,
	53.9003 25.7878,
	53.8885 25.7952,
	53.8826 25.807,
	53.8826 25.8307,
	53.8796 25.8426,
	53.8781 25.8485,
	53.8781 25.8514,
	53.8545 25.8648,
	53.8308 25.8736,
	53.8249 25.8751,
	53.8219 25.8781,
	53.7982 25.887,
	53.7864 25.8944,
	53.7745 25.8958,
	53.7627 25.8944,
	53.7568 25.8944,
	53.745 25.8899,
	53.7331 25.8884,
	53.7272 25.8855,
	53.7035 25.887,
	53.6798 25.8914,
	53.6739 25.8958,
	53.668 25.8973,
	53.6562 25.9047,
	53.6517 25.9062,
	53.6399 25.9151,
	53.6354 25.9195,
	53.6295 25.9432,
	53.6251 25.955,
	53.6192 25.9609,
	53.6073 25.9639,
	53.5955 25.9639,
	53.5896 25.9624,
	53.5866 25.9624,
	53.5689 25.9402,
	53.5629 25.9343,
	53.557 25.9328,
	53.5511 25.9284,
	53.5274 25.921,
	53.5038 25.9195,
	53.4978 25.921,
	53.4949 25.921,
	53.489 25.9269,
	53.486 25.9299,
	53.486 25.9328,
	53.4816 25.9387,
	53.4756 25.9417,
	53.4727 25.9447,
	53.449 25.9447,
	53.4253 25.9402,
	53.4135 25.9402,
	53.3898 25.9506,
	53.378 25.955,
	53.3661 25.9521,
	53.3425 25.9358,
	53.341 25.9121,
	53.3454 25.8884,
	53.3499 25.8766,
	53.3513 25.8529,
	53.3499 25.8292,
	53.3425 25.8056,
	53.338 25.7937,
	53.3365 25.7878,
	53.3365 25.7849,
	53.3336 25.7819,
	53.3321 25.7701,
	53.3277 25.7582,
	53.3203 25.7464,
	53.2818 25.7064,
	53.2788 25.7035,
	53.2803 25.6798,
	53.2803 25.6768,
	53.2833 25.6739,
	53.2833 25.662,
	53.2818 25.6561,
	53.2818 25.6532,
	53.2788 25.6502,
	53.2744 25.6384,
	53.264 25.6295,
	53.2404 25.6221,
	53.2344 25.6206,
	53.2226 25.6102,
	53.2152 25.5999,
	53.2152 25.594,
	"/>
<Contour name="d004_i05_o19" hidden="false" closed="true" simplified="true" border="1 1 0" fill="0 0 1" mode="11"
 points="53.2152 25.5925,
	53.2182 25.5806,
	53.2196 25.5747,
	53.2359 25.551,
	53.2478 25.5392,
	53.2581 25.5303,
	53.2611 25.5303,
	53.2833 25.5141,
	53.2966 25.4904,
	53.301 25.4845,
	53.3084 25.4608,
	53.3099 25.4371,
	53.3084 25.4134,
	53.3069 25.4016,
	53.3025 25.3898,
	53.301 25.3838,
	53.2847 25.3616,
	53.2788 25.3498,
	53.2773 25.3439,
	53.2803 25.332,
	53.2862 25.3261,
	53.2981 25.3217,
	53.3217 25.3261,
	53.3336 25.3291,
	53.3351 25.3232,
	53.3587 25.3202,
	53.3706 25.3202,
	53.3824 25.3172,
	53.3883 25.3172,
	53.3913 25.3143,
	53.3972 25.3128,
	53.4179 25.2936,
	53.4224 25.2906,
	53.4283 25.2847,
	53.4505 25.2714,
	53.4623 25.264,
	53.4682 25.2595,
	53.4919 25.2536,
	53.5038 25.2521,
	53.5097 25.2507,
	53.5126 25.2507,
	53.5274 25.2285,
	53.5467 25.2122,
	53.5526 25.2092,
	53.5644 25.2092,
	53.5822 25.1929,
	53.594 25.187,
	53.5999 25.1841,
	53.6236 25.1826,
	53.6354 25.1841,
	53.6576 25.1974,
	53.6695 25.2063,
	53.6754 25.2107,
	53.6784 25.2107,
	53.6902 25.2196,
	53.7094 25.2388,
	53.7154 25.2447,
	53.7242 25.2507,
	53.7361 25.2551,
	53.739 25.2581,
	53.7864 25.2581,
	53.8101 25.2566,
	53.8337 25.2581,
	53.8574 25.2655,
	53.8781 25.2788,
	53.8885 25.2906,
	53.9033 25.3128,
	53.9225 25.335,
	53.9314 25.3439,
	53.9432 25.3557,
	53.9551 25.3631,
	53.961 25.3676,
	53.9847 25.3764,
	53.9906 25.3809,
	53.9936 25.3809,
	54.0143 25.4031,
	54.0172 25.406,
	54.0231 25.4075,
	54.0291 25.412,
	54.035 25.4134,
	54.0379 25.4164,
	54.0498 25.4193,
	54.0616 25.4282,
	54.0764 25.4519,
	54.0764 25.4637,
	54.0675 25.4874,
	54.0646 25.4933,
	54.0616 25.517,
	54.0542 25.5407,
	54.0483 25.5525,
	54.0379 25.5644,
	54.0261 25.5718,
	54.0187 25.5836,
	54.0187 25.5866,
	54.0157 25.5895,
	54.0084 25.6117,
	53.995 25.6354,
	53.9876 25.6458,
	53.9847 25.6502,
	53.9728 25.6591,
	53.9669 25.665,
	53.964 25.6665,
	53.9566 25.6901,
	53.9521 25.702,
	53.9506 25.7079,
	53.9506 25.7109,
	53.9477 25.7138,
	53.9462 25.7257,
	53.921 25.773,
	53.9181 25.7775,
	53.9062 25.7863,
	53.9003 25.7878,
	53.8885 25.7952,
	53.8826 25.807,
	53.8826 25.8307,
	53.8796 25.8426,
	53.8781 25.8485,
	53.8781 25.8514,
	53.8545 25.8648,
	53.8308 25.8736,
	53.8249 25.8751,
	53.8219 25.8781,
	53.7982 25.887,
	53.7864 25.8944,
	53.7745 25.8958,
	53.7627 25.8944,
	53.7568 25.8944,
	53.745 25.8899,
	53.7331 25.8884,
	53.7272 25.8855,
	53.7035 25.887,
	53.6798 25.8914,
	53.6739 25.8958,
	53.668 25.8973,
	53.6562 25.9047,
	53.6517 25.9062,
	53.6399 25.9151,
	53.6354 25.9195,
	53.6295 25.9432,
	53.6251 25.955,
	53.6192 25.9609,
	53.6073 25.9639,
	53.5955 25.9639,
	53.5896 25.9624,
	53.5866 25.9624,
	53.5689 25.9402,
	53.5629 25.9343,
	53.557 25.9328,
	53.5511 25.9284,
	53.5274 25.921,
	53.5038 25.9195,
	53.4978 25.921,
	53.4949 25.921,
	53.489 25.9269,
	53.486 25.9299,
	53.486 25.9328,
	53.4816 25.9387,
	53.4756 25.9417,
	53.4727 25.9447,
	53.449 25.9447,
	53.4253 25.9402,
	53.4135 25.9402,
	53.3898 25.9506,
	53.378 25.955,
	53.3661 25.9521,
	53.3425 25.9358,
	53.341 25.9121,
	53.3454 25.8884,
	53.3499 25.8766,
	53.3513 25.8529,
	53.3499 25.8292,
	53.3425 25.8056,
	53.338 25.7937,
	53.3365 25.7878,
	53.3365 25.7849,
	53.3336 25.7819,
	53.3321 25.7701,
	53.3277 25.7582,
	53.3203 25.7464,
	53.2818 25.7064,
	53.2788 25.7035,
	53.2803 25.6798,
	53.2803 25.6768,
	53.2833 25.6739,
	53.2833 25.662,
	53.2818 25.6561,
	53.2818 25.6532,
	53.2788 25.6502,
	53.2744 25.6384,
	53.264 25.6295,
	53.2404 25.6221,
	53.2344 25.6206,
	53.2226 25.6102,
	53.2152 25.5999,
	53.2152 25.594,
	"/>
<Contour name="d004_i05_o18" hidden="false" closed="true" simplified="true" border="1 1 0" fill="0 0 1" mode="11"
 points="53.2152 25.5925,
	53.2182 25.5806,
	53.2196 25.5747,
	53.2359 25.551,
	53.2478 25.5392,
	53.2581 25.5303,
	53.2611 25.5303,
	53.2833 25.5141,
	53.2966 25.4904,
	53.301 25.4845,
	53.3084 25.4608,
	53.3099 25.4371,
	53.3084 25.4134,
	53.3069 25.4016,
	53.3025 25.3898,
	53.301 25.3838,
	53.2847 25.3616,
	53.2788 25.3498,
	53.2773 25.3439,
	53.2803 25.332,
	53.2862 25.3261,
	53.2981 25.3217,
	53.3217 25.3261,
	53.3336 25.3291,
	53.3351 25.3232,
	53.3587 25.3202,
	53.3706 25.3202,
	53.3824 25.3172,
	53.3883 25.3172,
	53.3913 25.3143,
	53.3972 25.3128,
	53.4179 25.2936,
	53.4224 25.2906,
	53.4283 25.2847,
	53.4505 25.2714,
	53.4623 25.264,
	53.4682 25.2595,
	53.4919 25.2536,
	53.5038 25.2521,
	53.5097 25.2507,
	53.5126 25.2507,
	53.5274 25.2285,
	53.5467 25.2122,
	53.5526 25.2092,
	53.5644 25.2092,
	53.5822 25.1929,
	53.594 25.187,
	53.5999 25.1841,
	53.6236 25.1826,
	53.6354 25.1841,
	53.6576 25.1974,
	53.6695 25.2063,
	53.6754 25.2107,
	53.6784 25.2107,
	53.6902 25.2196,
	53.7094 25.2388,
	53.7154 25.2447,
	53.7242 25.2507,
	53.7361 25.2551,
	53.739 25.2581,
	53.7864 25.2581,
	53.8101 25.2566,
	53.8337 25.2581,
	53.8574 25.2655,
	53.8781 25.2788,
	53.8885 25.2906,
	53.9033 25.3128,
	53.9225 25.335,
	53.9314 25.3439,
	53.9432 25.3557,
	53.9551 25.3631,
	53.961 25.3676,
	53.9847 25.3764,
	53.9906 25.3809,
	53.9936 25.3809,
	54.0143 25.4031,
	54.0172 25.406,
	54.0231 25.4075,
	54.0291 25.412,
	54.035 25.4134,
	54.0379 25.4164,
	54.0498 25.4193,
	54.0616 25.4282,
	54.0764 25.4519,
	54.0764 25.4637,
	54.0675 25.4874,
	54.0646 25.4933,
	54.0616 25.517,
	54.0542 25.5407,
	54.0483 25.5525,
	54.0379 25.5644,
	54.0261 25.5718,
	54.0187 25.5836,
	54.0187 25.5866,
	54.0157 25.5895,
	54.0084 25.6117,
	53.995 25.6354,
	53.9876 25.6458,
	53.9847 25.6502,
	53.9728 25.6591,
	53.9669 25.665,
	53.964 25.6665,
	53.9566 25.6901,
	53.9521 25.702,
	53.9506 25.7079,
	53.9506 25.7109,
	53.9477 25.7138,
	53.9462 25.7257,
	53.921 25.773,
	53.9181 25.7775,
	53.9062 25.7863,
	53.9003 25.7878,
	53.8885 25.7952,
	53.8826 25.807,
	53.8826 25.8307,
	53.8796 25.8426,
	53.8781 25.8485,
	53.8781 25.8514,
	53.8545 25.8648,
	53.8308 25.8736,
	53.8249 25.8751,
	53.8219 25.8781,
	53.7982 25.887,
	53.7864 25.8944,
	53.7745 25.8958,
	53.7627 25.8944,
	53.7568 25.8944,
	53.745 25.8899,
	53.7331 25.8884,
	53.7272 25.8855,
	53.7035 25.887,
	53.6798 25.8914,
	53.6739 25.8958,
	53.668 25.8973,
	53.6562 25.9047,
	53.6517 25.9062,
	53.6399 25.9151,
	53.6354 25.9195,
	53.6295 25.9432,
	53.6251 25.955,
	53.6192 25.9609,
	53.6073 25.9639,
	53.5955 25.9639,
	53.5896 25.9624,
	53.5866 25.9624,
	53.5689 25.9402,
	53.5629 25.9343,
	53.557 25.9328,
	53.5511 25.9284,
	53.5274 25.921,
	53.5038 25.9195,
	53.4978 25.921,
	53.4949 25.921,
	53.489 25.9269,
	53.486 25.9299,
	53.486 25.9328,
	53.4816 25.9387,
	53.4756 25.9417,
	53.4727 25.9447,
	53.449 25.9447,
	53.4253 25.9402,
	53.4135 25.9402,
	53.3898 25.9506,
	53.378 25.955,
	53.3661 25.9521,
	53.3425 25.9358,
	53.341 25.9121,
	53.3454 25.8884,
	53.3499 25.8766,
	53.3513 25.8529,
	53.3499 25.8292,
	53.3425 25.8056,
	53.338 25.7937,
	53.3365 25.7878,
	53.3365 25.7849,
	53.3336 25.7819,
	53.3321 25.7701,
	53.3277 25.7582,
	53.3203 25.7464,
	53.2818 25.7064,
	53.2788 25.7035,
	53.2803 25.6798,
	53.2803 25.6768,
	53.2833 25.6739,
	53.2833 25.662,
	53.2818 25.6561,
	53.2818 25.6532,
	53.2788 25.6502,
	53.2744 25.6384,
	53.264 25.6295,
	53.2404 25.6221,
	53.2344 25.6206,
	53.2226 25.6102,
	53.2152 25.5999,
	53.2152 25.594,
	"/>
<Contour name="d004_i05_o17" hidden="false" closed="true" simplified="true" border="1 1 0" fill="0 0 1" mode="11"
 points="53.2152 25.5925,
	53.2182 25.5806,
	53.2196 25.5747,
	53.2359 25.551,
	53.2478 25.5392,
	53.2581 25.5303,
	53.2611 25.5303,
	53.2833 25.5141,
	53.2966 25.4904,
	53.301 25.4845,
	53.3084 25.4608,
	53.3099 25.4371,
	53.3084 25.4134,
	53.3069 25.4016,
	53.3025 25.3898,
	53.301 25.3838,
	53.2847 25.3616,
	53.2788 25.3498,
	53.2773 25.3439,
	53.2803 25.332,
	53.2862 25.3261,
	53.2981 25.3217,
	53.3217 25.3261,
	53.3336 25.3291,
	53.3351 25.3232,
	53.3587 25.3202,
	53.3706 25.3202,
	53.3824 25.3172,
	53.3883 25.3172,
	53.3913 25.3143,
	53.3972 25.3128,
	53.4179 25.2936,
	53.4224 25.2906,
	53.4283 25.2847,
	53.4505 25.2714,
	53.4623 25.264,
	53.4682 25.2595,
	53.4919 25.2536,
	53.5038 25.2521,
	53.5097 25.2507,
	53.5126 25.2507,
	53.5274 25.2285,
	53.5467 25.2122,
	53.5526 25.2092,
	53.5644 25.2092,
	53.5822 25.1929,
	53.594 25.187,
	53.5999 25.1841,
	53.6236 25.1826,
	53.6354 25.1841,
	53.6576 25.1974,
	53.6695 25.2063,
	53.6754 25.2107,
	53.6784 25.2107,
	53.6902 25.2196,
	53.7094 25.2388,
	53.7154 25.2447,
	53.7242 25.2507,
	53.7361 25.2551,
	53.739 25.2581,
	53.7864 25.2581,
	53.8101 25.2566,
	53.8337 25.2581,
	53.8574 25.2655,
	53.8781 25.2788,
	53.8885 25.2906,
	53.9033 25.3128,
	53.9225 25.335,
	53.9314 25.3439,
	53.9432 25.3557,
	53.9551 25.3631,
	53.961 25.3676,
	53.9847 25.3764,
	53.9906 25.3809,
	53.9936 25.3809,
	54.0143 25.4031,
	54.0172 25.406,
	54.0231 25.4075,
	54.0291 25.412,
	54.035 25.4134,
	54.0379 25.4164,
	54.0498 25.4193,
	54.0616 25.4282,
	54.0764 25.4519,
	54.0764 25.4637,
	54.0675 25.4874,
	54.0646 25.4933,
	54.0616 25.517,
	54.0542 25.5407,
	54.0483 25.5525,
	54.0379 25.5644,
	54.0261 25.5718,
	54.0187 25.5836,
	54.0187 25.5866,
	54.0157 25.5895,
	54.0084 25.6117,
	53.995 25.6354,
	53.9876 25.6458,
	53.9847 25.6502,
	53.9728 25.6591,
	53.9669 25.665,
	53.964 25.6665,
	53.9566 25.6901,
	53.9521 25.702,
	53.9506 25.7079,
	53.9506 25.7109,
	53.9477 25.7138,
	53.9462 25.7257,
	53.921 25.773,
	53.9181 25.7775,
	53.9062 25.7863,
	53.9003 25.7878,
	53.8885 25.7952,
	53.8826 25.807,
	53.8826 25.8307,
	53.8796 25.8426,
	53.8781 25.8485,
	53.8781 25.8514,
	53.8545 25.8648,
	53.8308 25.8736,
	53.8249 25.8751,
	53.8219 25.8781,
	53.7982 25.887,
	53.7864 25.8944,
	53.7745 25.8958,
	53.7627 25.8944,
	53.7568 25.8944,
	53.745 25.8899,
	53.7331 25.8884,
	53.7272 25.8855,
	53.7035 25.887,
	53.6798 25.8914,
	53.6739 25.8958,
	53.668 25.8973,
	53.6562 25.9047,
	53.6517 25.9062,
	53.6399 25.9151,
	53.6354 25.9195,
	53.6295 25.9432,
	53.6251 25.955,
	53.6192 25.9609,
	53.6073 25.9639,
	53.5955 25.9639,
	53.5896 25.9624,
	53.5866 25.9624,
	53.5689 25.9402,
	53.5629 25.9343,
	53.557 25.9328,
	53.5511 25.9284,
	53.5274 25.921,
	53.5038 25.9195,
	53.4978 25.921,
	53.4949 25.921,
	53.489 25.9269,
	53.486 25.9299,
	53.486 25.9328,
	53.4816 25.9387,
	53.4756 25.9417,
	53.4727 25.9447,
	53.449 25.9447,
	53.4253 25.9402,
	53.4135 25.9402,
	53.3898 25.9506,
	53.378 25.955,
	53.3661 25.9521,
	53.3425 25.9358,
	53.341 25.9121,
	53.3454 25.8884,
	53.3499 25.8766,
	53.3513 25.8529,
	53.3499 25.8292,
	53.3425 25.8056,
	53.338 25.7937,
	53.3365 25.7878,
	53.3365 25.7849,
	53.3336 25.7819,
	53.3321 25.7701,
	53.3277 25.7582,
	53.3203 25.7464,
	53.2818 25.7064,
	53.2788 25.7035,
	53.2803 25.6798,
	53.2803 25.6768,
	53.2833 25.6739,
	53.2833 25.662,
	53.2818 25.6561,
	53.2818 25.6532,
	53.2788 25.6502,
	53.2744 25.6384,
	53.264 25.6295,
	53.2404 25.6221,
	53.2344 25.6206,
	53.2226 25.6102,
	53.2152 25.5999,
	53.2152 25.594,
	"/>
<Contour name="d004_i05_o16" hidden="false" closed="true" simplified="true" border="1 1 0" fill="0 0 1" mode="11"
 points="53.2152 25.5925,
	53.2182 25.5806,
	53.2196 25.5747,
	53.2359 25.551,
	53.2478 25.5392,
	53.2581 25.5303,
	53.2611 25.5303,
	53.2833 25.5141,
	53.2966 25.4904,
	53.301 25.4845,
	53.3084 25.4608,
	53.3099 25.4371,
	53.3084 25.4134,
	53.3069 25.4016,
	53.3025 25.3898,
	53.301 25.3838,
	53.2847 25.3616,
	53.2788 25.3498,
	53.2773 25.3439,
	53.2803 25.332,
	53.2862 25.3261,
	53.2981 25.3217,
	53.3217 25.3261,
	53.3336 25.3291,
	53.3351 25.3232,
	53.3587 25.3202,
	53.3706 25.3202,
	53.3824 25.3172,
	53.3883 25.3172,
	53.3913 25.3143,
	53.3972 25.3128,
	53.4179 25.2936,
	53.4224 25.2906,
	53.4283 25.2847,
	53.4505 25.2714,
	53.4623 25.264,
	53.4682 25.2595,
	53.4919 25.2536,
	53.5038 25.2521,
	53.5097 25.2507,
	53.5126 25.2507,
	53.5274 25.2285,
	53.5467 25.2122,
	53.5526 25.2092,
	53.5644 25.2092,
	53.5822 25.1929,
	53.594 25.187,
	53.5999 25.1841,
	53.6236 25.1826,
	53.6354 25.1841,
	53.6576 25.1974,
	53.6695 25.2063,
	53.6754 25.2107,
	53.6784 25.2107,
	53.6902 25.2196,
	53.7094 25.2388,
	53.7154 25.2447,
	53.7242 25.2507,
	53.7361 25.2551,
	53.739 25.2581,
	53.7864 25.2581,
	53.8101 25.2566,
	53.8337 25.2581,
	53.8574 25.2655,
	53.8781 25.2788,
	53.8885 25.2906,
	53.9033 25.3128,
	53.9225 25.335,
	53.9314 25.3439,
	53.9432 25.3557,
	53.9551 25.3631,
	53.961 25.3676,
	53.9847 25.3764,
	53.9906 25.3809,
	53.9936 25.3809,
	54.0143 25.4031,
	54.0172 25.406,
	54.0231 25.4075,
	54.0291 25.412,
	54.035 25.4134,
	54.0379 25.4164,
	54.0498 25.4193,
	54.0616 25.4282,
	54.0764 25.4519,
	54.0764 25.4637,
	54.0675 25.4874,
	54.0646 25.4933,
	54.0616 25.517,
	54.0542 25.5407,
	54.0483 25.5525,
	54.0379 25.5644,
	54.0261 25.5718,
	54.0187 25.5836,
	54.0187 25.5866,
	54.0157 25.5895,
	54.0084 25.6117,
	53.995 25.6354,
	53.9876 25.6458,
	53.9847 25.6502,
	53.9728 25.6591,
	53.9669 25.665,
	53.964 25.6665,
	53.9566 25.6901,
	53.9521 25.702,
	53.9506 25.7079,
	53.9506 25.7109,
	53.9477 25.7138,
	53.9462 25.7257,
	53.921 25.773,
	53.9181 25.7775,
	53.9062 25.7863,
	53.9003 25.7878,
	53.8885 25.7952,
	53.8826 25.807,
	53.8826 25.8307,
	53.8796 25.8426,
	53.8781 25.8485,
	53.8781 25.8514,
	53.8545 25.8648,
	53.8308 25.8736,
	53.8249 25.8751,
	53.8219 25.8781,
	53.7982 25.887,
	53.7864 25.8944,
	53.7745 25.8958,
	53.7627 25.8944,
	53.7568 25.8944,
	53.745 25.8899,
	53.7331 25.8884,
	53.7272 25.8855,
	53.7035 25.887,
	53.6798 25.8914,
	53.6739 25.8958,
	53.668 25.8973,
	53.6562 25.9047,
	53.6517 25.9062,
	53.6399 25.9151,
	53.6354 25.9195,
	53.6295 25.9432,
	53.6251 25.955,
	53.6192 25.9609,
	53.6073 25.9639,
	53.5955 25.9639,
	53.5896 25.9624,
	53.5866 25.9624,
	53.5689 25.9402,
	53.5629 25.9343,
	53.557 25.9328,
	53.5511 25.9284,
	53.5274 25.921,
	53.5038 25.9195,
	53.4978 25.921,
	53.4949 25.921,
	53.489 25.9269,
	53.486 25.9299,
	53.486 25.9328,
	53.4816 25.9387,
	53.4756 25.9417,
	53.4727 25.9447,
	53.449 25.9447,
	53.4253 25.9402,
	53.4135 25.9402,
	53.3898 25.9506,
	53.378 25.955,
	53.3661 25.9521,
	53.3425 25.9358,
	53.341 25.9121,
	53.3454 25.8884,
	53.3499 25.8766,
	53.3513 25.8529,
	53.3499 25.8292,
	53.3425 25.8056,
	53.338 25.7937,
	53.3365 25.7878,
	53.3365 25.7849,
	53.3336 25.7819,
	53.3321 25.7701,
	53.3277 25.7582,
	53.3203 25.7464,
	53.2818 25.7064,
	53.2788 25.7035,
	53.2803 25.6798,
	53.2803 25.6768,
	53.2833 25.6739,
	53.2833 25.662,
	53.2818 25.6561,
	53.2818 25.6532,
	53.2788 25.6502,
	53.2744 25.6384,
	53.264 25.6295,
	53.2404 25.6221,
	53.2344 25.6206,
	53.2226 25.6102,
	53.2152 25.5999,
	53.2152 25.594,
	"/>
<Contour name="d004_i05_o15" hidden="false" closed="true" simplified="true" border="1 1 0" fill="0 0 1" mode="11"
 points="53.2152 25.5925,
	53.2182 25.5806,
	53.2196 25.5747,
	53.2359 25.551,
	53.2478 25.5392,
	53.2581 25.5303,
	53.2611 25.5303,
	53.2833 25.5141,
	53.2966 25.4904,
	53.301 25.4845,
	53.3084 25.4608,
	53.3099 25.4371,
	53.3084 25.4134,
	53.3069 25.4016,
	53.3025 25.3898,
	53.301 25.3838,
	53.2847 25.3616,
	53.2788 25.3498,
	53.2773 25.3439,
	53.2803 25.332,
	53.2862 25.3261,
	53.2981 25.3217,
	53.3217 25.3261,
	53.3336 25.3291,
	53.3351 25.3232,
	53.3587 25.3202,
	53.3706 25.3202,
	53.3824 25.3172,
	53.3883 25.3172,
	53.3913 25.3143,
	53.3972 25.3128,
	53.4179 25.2936,
	53.4224 25.2906,
	53.4283 25.2847,
	53.4505 25.2714,
	53.4623 25.264,
	53.4682 25.2595,
	53.4919 25.2536,
	53.5038 25.2521,
	53.5097 25.2507,
	53.5126 25.2507,
	53.5274 25.2285,
	53.5467 25.2122,
	53.5526 25.2092,
	53.5644 25.2092,
	53.5822 25.1929,
	53.594 25.187,
	53.5999 25.1841,
	53.6236 25.1826,
	53.6354 25.1841,
	53.6576 25.1974,
	53.6695 25.2063,
	53.6754 25.2107,
	53.6784 25.2107,
	53.6902 25.2196,
	53.7094 25.2388,
	53.7154 25.2447,
	53.7242 25.2507,
	53.7361 25.2551,
	53.739 25.2581,
	53.7864 25.2581,
	53.8101 25.2566,
	53.8337 25.2581,
	53.8574 25.2655,
	53.8781 25.2788,
	53.8885 25.2906,
	53.9033 25.3128,
	53.9225 25.335,
	53.9314 25.3439,
	53.9432 25.3557,
	53.9551 25.3631,
	53.961 25.3676,
	53.9847 25.3764,
	53.9906 25.3809,
	53.9936 25.3809,
	54.0143 25.4031,
	54.0172 25.406,
	54.0231 25.4075,
	54.0291 25.412,
	54.035 25.4134,
	54.0379 25.4164,
	54.0498 25.4193,
	54.0616 25.4282,
	54.0764 25.4519,
	54.0764 25.4637,
	54.0675 25.4874,
	54.0646 25.4933,
	54.0616 25.517,
	54.0542 25.5407,
	54.0483 25.5525,
	54.0379 25.5644,
	54.0261 25.5718,
	54.0187 25.5836,
	54.0187 25.5866,
	54.0157 25.5895,
	54.0084 25.6117,
	53.995 25.6354,
	53.9876 25.6458,
	53.9847 25.6502,
	53.9728 25.6591,
	53.9669 25.665,
	53.964 25.6665,
	53.9566 25.6901,
	53.9521 25.702,
	53.9506 25.7079,
	53.9506 25.7109,
	53.9477 25.7138,
	53.9462 25.7257,
	53.921 25.773,
	53.9181 25.7775,
	53.9062 25.7863,
	53.9003 25.7878,
	53.8885 25.7952,
	53.8826 25.807,
	53.8826 25.8307,
	53.8796 25.8426,
	53.8781 25.8485,
	53.8781 25.8514,
	53.8545 25.8648,
	53.8308 25.8736,
	53.8249 25.8751,
	53.8219 25.8781,
	53.7982 25.887,
	53.7864 25.8944,
	53.7745 25.8958,
	53.7627 25.8944,
	53.7568 25.8944,
	53.745 25.8899,
	53.7331 25.8884,
	53.7272 25.8855,
	53.7035 25.887,
	53.6798 25.8914,
	53.6739 25.8958,
	53.668 25.8973,
	53.6562 25.9047,
	53.6517 25.9062,
	53.6399 25.9151,
	53.6354 25.9195,
	53.6295 25.9432,
	53.6251 25.955,
	53.6192 25.9609,
	53.6073 25.9639,
	53.5955 25.9639,
	53.5896 25.9624,
	53.5866 25.9624,
	53.5689 25.9402,
	53.5629 25.9343,
	53.557 25.9328,
	53.5511 25.9284,
	53.5274 25.921,
	53.5038 25.9195,
	53.4978 25.921,
	53.4949 25.921,
	53.489 25.9269,
	53.486 25.9299,
	53.486 25.9328,
	53.4816 25.9387,
	53.4756 25.9417,
	53.4727 25.9447,
	53.449 25.9447,
	53.4253 25.9402,
	53.4135 25.9402,
	53.3898 25.9506,
	53.378 25.955,
	53.3661 25.9521,
	53.3425 25.9358,
	53.341 25.9121,
	53.3454 25.8884,
	53.3499 25.8766,
	53.3513 25.8529,
	53.3499 25.8292,
	53.3425 25.8056,
	53.338 25.7937,
	53.3365 25.7878,
	53.3365 25.7849,
	53.3336 25.7819,
	53.3321 25.7701,
	53.3277 25.7582,
	53.3203 25.7464,
	53.2818 25.7064,
	53.2788 25.7035,
	53.2803 25.6798,
	53.2803 25.6768,
	53.2833 25.6739,
	53.2833 25.662,
	53.2818 25.6561,
	53.2818 25.6532,
	53.2788 25.6502,
	53.2744 25.6384,
	53.264 25.6295,
	53.2404 25.6221,
	53.2344 25.6206,
	53.2226 25.6102,
	53.2152 25.5999,
	53.2152 25.594,
	"/>
</Transform>

<Transform dim="0"
 xcoef=" 0 1 0 0 0 0"
 ycoef=" 0 0 1 0 0 0">
<Contour name="d004_cl02_syn_symm" hidden="false" closed="true" simplified="true" border="1 1 0" fill="0 0 1" mode="11"
 points="53.2152 25.5825,
	53.2182 25.5706,
	53.2196 25.5647,
	53.2359 25.541,
	53.2478 25.5292,
	53.2581 25.5203,
	53.2611 25.5203,
	53.2833 25.5041,
	53.2966 25.4804,
	53.301 25.4745,
	53.3084 25.4508,
	53.3099 25.4271,
	53.3084 25.4034,
	53.3069 25.3916,
	53.3025 25.3798,
	53.301 25.3738,
	53.2847 25.3516,
	53.2788 25.3398,
	53.2773 25.3339,
	53.2803 25.322,
	53.2862 25.3161,
	53.2981 25.3117,
	53.3217 25.3161,
	53.3336 25.3191,
	53.3351 25.3132,
	53.3587 25.3102,
	53.3706 25.3102,
	53.3824 25.3072,
	53.3883 25.3072,
	53.3913 25.3043,
	53.3972 25.3028,
	53.4179 25.2836,
	53.4224 25.2806,
	53.4283 25.2747,
	53.4505 25.2614,
	53.4623 25.254,
	53.4682 25.2495,
	53.4919 25.2436,
	53.5038 25.2421,
	53.5097 25.2407,
	53.5126 25.2407,
	53.5274 25.2185,
	53.5467 25.2022,
	53.5526 25.1992,
	53.5644 25.1992,
	53.5822 25.1829,
	53.594 25.177,
	53.5999 25.1741,
	53.6236 25.1726,
	53.6354 25.1741,
	53.6576 25.1874,
	53.6695 25.1963,
	53.6754 25.2007,
	53.6784 25.2007,
	53.6902 25.2096,
	53.7094 25.2288,
	53.7154 25.2347,
	53.7242 25.2407,
	53.7361 25.2451,
	53.739 25.2481,
	53.7864 25.2481,
	53.8101 25.2466,
	53.8337 25.2481,
	53.8574 25.2555,
	53.8781 25.2688,
	53.8885 25.2806,
	53.9033 25.3028,
	53.9225 25.325,
	53.9314 25.3339,
	53.9432 25.3457,
	53.9551 25.3531,
	53.961 25.3576,
	53.9847 25.3664,
	53.9906 25.3709,
	53.9936 25.3709,
	54.0143 25.3931,
	54.0172 25.396,
	54.0231 25.3975,
	54.0291 25.402,
	54.035 25.4034,
	54.0379 25.4064,
	54.0498 25.4093,
	54.0616 25.4182,
	54.0764 25.4419,
	54.0764 25.4537,
	54.0675 25.4774,
	54.0646 25.4833,
	54.0616 25.507,
	54.0542 25.5307,
	54.0483 25.5425,
	54.0379 25.5544,
	54.0261 25.5618,
	54.0187 25.5736,
	54.0187 25.5766,
	54.0157 25.5795,
	54.0084 25.6017,
	53.995 25.6254,
	53.9876 25.6358,
	53.9847 25.6402,
	53.9728 25.6491,
	53.9669 25.655,
	53.964 25.6565,
	53.9566 25.6801,
	53.9521 25.692,
	53.9506 25.6979,
	53.9506 25.7009,
	53.9477 25.7038,
	53.9462 25.7157,
	53.921 25.763,
	53.9181 25.7675,
	53.9062 25.7763,
	53.9003 25.7778,
	53.8885 25.7852,
	53.8826 25.797,
	53.8826 25.8207,
	53.8796 25.8326,
	53.8781 25.8385,
	53.8781 25.8414,
	53.8545 25.8548,
	53.8308 25.8636,
	53.8249 25.8651,
	53.8219 25.8681,
	53.7982 25.877,
	53.7864 25.8844,
	53.7745 25.8858,
	53.7627 25.8844,
	53.7568 25.8844,
	53.745 25.8799,
	53.7331 25.8784,
	53.7272 25.8755,
	53.7035 25.877,
	53.6798 25.8814,
	53.6739 25.8858,
	53.668 25.8873,
	53.6562 25.8947,
	53.6517 25.8962,
	53.6399 25.9051,
	53.6354 25.9095,
	53.6295 25.9332,
	53.6251 25.945,
	53.6192 25.9509,
	53.6073 25.9539,
	53.5955 25.9539,
	53.5896 25.9524,
	53.5866 25.9524,
	53.5689 25.9302,
	53.5629 25.9243,
	53.557 25.9228,
	53.5511 25.9184,
	53.5274 25.911,
	53.5038 25.9095,
	53.4978 25.911,
	53.4949 25.911,
	53.489 25.9169,
	53.486 25.9199,
	53.486 25.9228,
	53.4816 25.9287,
	53.4756 25.9317,
	53.4727 25.9347,
	53.449 25.9347,
	53.4253 25.9302,
	53.4135 25.9302,
	53.3898 25.9406,
	53.378 25.945,
	53.3661 25.9421,
	53.3425 25.9258,
	53.341 25.9021,
	53.3454 25.8784,
	53.3499 25.8666,
	53.3513 25.8429,
	53.3499 25.8192,
	53.3425 25.7956,
	53.338 25.7837,
	53.3365 25.7778,
	53.3365 25.7749,
	53.3336 25.7719,
	53.3321 25.7601,
	53.3277 25.7482,
	53.3203 25.7364,
	53.2818 25.6964,
	53.2788 25.6935,
	53.2803 25.6698,
	53.2803 25.6668,
	53.2833 25.6639,
	53.2833 25.652,
	53.2818 25.6461,
	53.2818 25.6432,
	53.2788 25.6402,
	53.2744 25.6284,
	53.264 25.6195,
	53.2404 25.6121,
	53.2344 25.6106,
	53.2226 25.6002,
	53.2152 25.5899,
	53.2152 25.584,
	"/>
</Transform>

<Transform dim="1"
 xcoef=" -0.14 1 0 0 0 0"
 ycoef=" -0.56 0 1 0 0 0">
<Contour name="d004sa14" hidden="false" closed="true" simplified="false" border="1 0 0" fill="1 0 0" mode="11"
 points="53.8342 25.9079,
	53.8342 25.891,
	53.8511 25.891,
	53.8511 25.8741,
	53.868 25.8741,
	53.868 25.891,
	53.8849 25.891,
	53.8849 25.9079,
	53.868 25.9079,
	53.868 25.9248,
	53.8511 25.9248,
	53.8511 25.9079,
	"/>
</Transform>

<Transform dim="0"
 xcoef=" 0 1 0 0 0 0"
 ycoef=" 0 0 1 0 0 0">
<Contour name="d004__checked_delete" hidden="false" closed="true" simplified="false" border="0 1 0" fill="0 1 0" mode="-13"
 points="53.7927 25.8321,
	53.7927 25.7731,
	53.7338 25.7731,
	53.7338 25.8247,
	53.7264 25.8321,
	53.7264 25.7658,
	53.8001 25.7658,
	53.8001 25.8395,
	53.7264 25.8395,
	53.7338 25.8321,
	"/>
</Transform>

<Transform dim="0"
 xcoef=" 0 1 0 0 0 0"
 ycoef=" 0 0 1 0 0 0">
<Contour name="d004__checked_delete" hidden="false" closed="true" simplified="false" border="0 1 0" fill="0 1 0" mode="-13"
 points="53.6276 25.5728,
	53.6276 25.5499,
	53.6047 25.5499,
	53.6047 25.5699,
	53.6019 25.5728,
	53.6019 25.5471,
	53.6305 25.5471,
	53.6305 25.5757,
	53.6019 25.5757,
	53.6047 25.5728,
	"/>
</Transform>

</Section>