<?xml version="1.0"?>
<!DOCTYPE Section SYSTEM "section.dtd">

<Section index="107" thickness="0.043" alignLocked="false">
<Transform dim="1"
 xcoef=" -0.971613653252793 1 0 0 0 0"
 ycoef=" 0.797085031638933 0 1 0 0 0">
<Image mag="0.00209248" contrast="0.773781" brightness="0" red="true" green="true" blue="true"
 src="108____z107.0.tif" />
<Contour name="domain1" hidden="true" closed="true" simplified="false" border="1 0 1" fill="1 0 1" mode="11"
 points="0 0,
	35235 0,
	35235 16175,
	0 16175,
	"/>
</Transform>

<Transform dim="1"
 xcoef=" -0.971613653252793 1 0 0 0 0"
 ycoef=" 0.797085031638933 0 1 0 0 0">
<Contour name="D001" hidden="false" closed="true" simplified="false" border="1 1 1" fill="0.501961 0 1" mode="-13"
 points="43.3077 25.8267,
	43.3077 25.7903,
	43.3441 25.7903,
	43.3441 25.754,
	43.3804 25.754,
	43.3804 25.7903,
	43.4168 25.7903,
	43.4168 25.8267,
	43.3804 25.8267,
	43.3804 25.8631,
	43.3441 25.8631,
	43.3441 25.8267,
	"/>
</Transform>

<Transform dim="1"
 xcoef=" -0.971613653252793 1 0 0 0 0"
 ycoef=" 0.797085031638933 0 1 0 0 0">
<Contour name="D002" hidden="false" closed="true" simplified="false" border="1 1 1" fill="0 0.501961 1" mode="-13"
 points="53.5324 14.4622,
	53.5324 14.4306,
	53.564 14.4306,
	53.564 14.399,
	53.5956 14.399,
	53.5956 14.4306,
	53.6272 14.4306,
	53.6272 14.4622,
	53.5956 14.4622,
	53.5956 14.4938,
	53.564 14.4938,
	53.564 14.4622,
	"/>
</Transform>

<Transform dim="1"
 xcoef=" -0.971613653252793 1 0 0 0 0"
 ycoef=" 0.797085031638933 0 1 0 0 0">
<Contour name="D004" hidden="false" closed="true" simplified="false" border="1 1 1" fill="1 1 0" mode="-13"
 points="51.3388 26.8997,
	51.3388 26.8601,
	51.3784 26.8601,
	51.3784 26.8205,
	51.418 26.8205,
	51.418 26.8601,
	51.4576 26.8601,
	51.4576 26.8997,
	51.418 26.8997,
	51.418 26.9393,
	51.3784 26.9393,
	51.3784 26.8997,
	"/>
</Transform>

<Transform dim="1"
 xcoef=" -0.971613653252793 1 0 0 0 0"
 ycoef=" 0.797085031638933 0 1 0 0 0">
<Contour name="axon04" hidden="false" closed="true" simplified="false" border="0 1 1" fill="0 1 1" mode="9"
 points="55.691 25.8831,
	55.7035 25.8707,
	55.6536 25.8208,
	55.6661 25.8084,
	55.7159 25.8582,
	55.7284 25.8458,
	55.7284 25.8831,
	"/>
</Transform>

<Transform dim="1"
 xcoef=" -0.971613653252793 1 0 0 0 0"
 ycoef=" 0.797085031638933 0 1 0 0 0">
<Contour name="d002_symcand02axonstamp" hidden="false" closed="true" simplified="false" border="1 0 0" fill="0 1 1" mode="9"
 points="53.3751 14.7645,
	53.3869 14.7528,
	53.3398 14.7056,
	53.3515 14.6939,
	53.3986 14.741,
	53.4104 14.7292,
	53.4104 14.7645,
	"/>
</Transform>

<Transform dim="1"
 xcoef=" -0.69 1 0 0 0 0"
 ycoef=" -0.06 0 1 0 0 0">
<Contour name="d004_o27" hidden="false" closed="true" simplified="false" border="1 0 0" fill="1 0 0" mode="-13"
 points="51.387 25.9196,
	51.4152 25.9196,
	51.4011 25.9454,
	"/>
</Transform>

<Transform dim="1"
 xcoef=" -0.69 1 0 0 0 0"
 ycoef=" -0.06 0 1 0 0 0">
<Contour name="d004_o28_sym_INC" hidden="false" closed="true" simplified="false" border="1 0 0" fill="1 0 0" mode="-13"
 points="51.9771 26.2116,
	51.9884 26.1957,
	51.9771 26.1799,
	51.9839 26.1799,
	51.9929 26.1935,
	52.002 26.1799,
	52.0088 26.1799,
	51.9975 26.1957,
	52.0088 26.2116,
	52.002 26.2116,
	51.9929 26.198,
	51.9839 26.2116,
	"/>
</Transform>

<Transform dim="1"
 xcoef=" -0.69 1 0 0 0 0"
 ycoef=" -0.06 0 1 0 0 0">
<Contour name="d004" hidden="false" closed="true" simplified="true" border="1 1 0" fill="0 0 1" mode="11"
 points="51.2619 26.2066,
	51.2649 26.1947,
	51.2649 26.1829,
	51.2723 26.1592,
	51.2767 26.1474,
	51.293 26.1252,
	51.3122 26.103,
	51.3344 26.0867,
	51.3433 26.0749,
	51.3566 26.0275,
	51.3566 26.0039,
	51.3537 25.9935,
	51.3448 25.9831,
	51.3329 25.9698,
	51.3344 25.9461,
	51.3374 25.9343,
	51.3389 25.9284,
	51.3448 25.9239,
	51.3448 25.921,
	51.367 25.8988,
	51.3788 25.8914,
	51.3877 25.884,
	51.4114 25.8677,
	51.4158 25.8633,
	51.4395 25.8559,
	51.4454 25.8529,
	51.4691 25.8514,
	51.4809 25.85,
	51.4868 25.847,
	51.5105 25.8455,
	51.5342 25.8485,
	51.546 25.8544,
	51.5519 25.8574,
	51.5549 25.8574,
	51.5579 25.8603,
	51.5608 25.8603,
	51.5623 25.8633,
	51.6097 25.8722,
	51.6333 25.8781,
	51.657 25.8796,
	51.6807 25.8781,
	51.728 25.8692,
	51.7399 25.8648,
	51.7636 25.8633,
	51.7872 25.8707,
	51.7991 25.8751,
	51.802 25.8781,
	51.8139 25.881,
	51.8375 25.8796,
	51.8612 25.8751,
	51.8849 25.8736,
	51.8967 25.8751,
	51.9026 25.8781,
	51.913 25.8899,
	51.9234 25.8973,
	51.9293 25.9018,
	51.9352 25.9032,
	51.9382 25.9032,
	51.9411 25.9062,
	51.9648 25.9077,
	51.9766 25.9092,
	51.9885 25.9195,
	51.9959 25.9299,
	51.9974 25.9358,
	52.0062 25.9476,
	52.0077 25.9535,
	52.0092 25.9565,
	52.0122 25.9565,
	52.0166 25.9624,
	52.0196 25.9624,
	52.0284 25.9728,
	52.0521 25.9891,
	52.0551 25.9891,
	52.0639 26.0009,
	52.0699 26.0127,
	52.0713 26.0187,
	52.0743 26.0216,
	52.0773 26.0335,
	52.0832 26.0453,
	52.0861 26.0571,
	52.0921 26.069,
	52.095 26.0808,
	52.098 26.0838,
	52.098 26.0897,
	52.1009 26.0956,
	52.1009 26.1193,
	52.0995 26.1311,
	52.0995 26.137,
	52.0802 26.1844,
	52.0787 26.1903,
	52.0758 26.1933,
	52.0595 26.2406,
	52.0491 26.2643,
	52.021 26.3102,
	52.0151 26.3161,
	52.0122 26.3205,
	52.0062 26.325,
	52.0033 26.3279,
	52.0003 26.3279,
	51.9766 26.3412,
	51.953 26.3516,
	51.9441 26.3605,
	51.9322 26.3679,
	51.91 26.3753,
	51.9041 26.3753,
	51.8805 26.3827,
	51.8775 26.3856,
	51.8301 26.4004,
	51.8183 26.4049,
	51.8124 26.4064,
	51.8094 26.4064,
	51.8065 26.4093,
	51.7591 26.4271,
	51.7473 26.4315,
	51.7354 26.4404,
	51.7295 26.4463,
	51.7192 26.4522,
	51.7132 26.4552,
	51.7103 26.4552,
	51.7073 26.4581,
	51.6836 26.4626,
	51.6777 26.4626,
	51.6718 26.4655,
	51.6245 26.4685,
	51.6126 26.4715,
	51.5653 26.47,
	51.5593 26.47,
	51.5564 26.467,
	51.5445 26.4655,
	51.5209 26.4507,
	51.509 26.4433,
	51.5031 26.4389,
	51.5002 26.4389,
	51.4572 26.4093,
	51.4528 26.4034,
	51.4469 26.4004,
	51.4395 26.393,
	51.4276 26.3812,
	51.4069 26.3664,
	51.3966 26.3605,
	51.3847 26.3516,
	51.3803 26.3472,
	51.3773 26.3472,
	51.3566 26.3309,
	51.3463 26.3235,
	51.3359 26.3131,
	51.3255 26.3057,
	51.2811 26.2687,
	51.2708 26.2569,
	51.2649 26.2451,
	51.2619 26.2332,
	51.2619 26.2095,
	51.2619 26.2081,
	"/>
</Transform>

</Section>