<?xml version="1.0"?>
<!DOCTYPE Section SYSTEM "section.dtd">

<Section index="37" thickness="0.043" alignLocked="false">
<Transform dim="1"
 xcoef=" -2.10345985246261 1 0 0 0 0"
 ycoef=" 0.470185143491642 0 1 0 0 0">
<Contour name="sym_cand_03_no_mh_aspiny" hidden="false" closed="true" simplified="true" border="1 0 1" fill="1 0 1" mode="11"
 points="58.4934 8.18664,
	58.4942 8.16765,
	58.4965 8.14873,
	58.5004 8.12993,
	58.5059 8.11132,
	58.5128 8.09295,
	58.5213 8.0749,
	58.5312 8.05721,
	58.5426 8.03995,
	58.5553 8.02317,
	58.5695 8.00692,
	58.5849 7.99127,
	58.6016 7.97627,
	58.6195 7.96195,
	58.6385 7.94838,
	58.6587 7.93559,
	58.6798 7.92362,
	58.7019 7.91253,
	58.7249 7.90233,
	58.7487 7.89307,
	58.7732 7.88478,
	58.7983 7.87748,
	58.824 7.87119,
	58.8502 7.86595,
	58.8768 7.86176,
	58.9036 7.85864,
	58.9307 7.8566,
	58.9579 7.85565,
	58.9851 7.85578,
	59.0123 7.85701,
	59.0393 7.85932,
	59.0661 7.86271,
	59.0926 7.86716,
	59.1187 7.87267,
	59.1442 7.87921,
	59.1692 7.88676,
	59.1936 7.8953,
	59.2171 7.90479,
	59.2399 7.91522,
	59.2618 7.92654,
	59.2827 7.93871,
	59.3026 7.9517,
	59.3213 7.96546,
	59.3389 7.97996,
	59.3553 7.99513,
	59.3704 8.01093,
	59.3842 8.02731,
	59.3966 8.04422,
	59.4076 8.06159,
	59.4172 8.07938,
	59.4253 8.09752,
	59.4318 8.11595,
	59.4369 8.13461,
	59.4404 8.15345,
	59.4424 8.1724,
	59.4427 8.19139,
	59.4416 8.21036,
	59.4388 8.22926,
	59.4346 8.24802,
	59.4287 8.26658,
	59.4214 8.28487,
	59.4126 8.30284,
	59.4023 8.32043,
	59.3906 8.33758,
	59.3775 8.35423,
	59.363 8.37032,
	59.3473 8.38582,
	59.3303 8.40066,
	59.3121 8.41479,
	59.2928 8.42817,
	59.2724 8.44076,
	59.251 8.45251,
	59.2286 8.46339,
	59.2054 8.47335,
	59.1815 8.48237,
	59.1568 8.49042,
	59.1315 8.49747,
	59.1057 8.50349,
	59.0794 8.50848,
	59.0528 8.5124,
	59.0258 8.51525,
	58.9987 8.51702,
	58.9715 8.5177,
	58.9443 8.51729,
	58.9171 8.51579,
	58.8902 8.51321,
	58.8634 8.50956,
	58.837 8.50484,
	58.8111 8.49907,
	58.7857 8.49228,
	58.7608 8.48448,
	58.7367 8.4757,
	58.7133 8.46597,
	58.6908 8.45531,
	58.6691 8.44378,
	58.6485 8.4314,
	58.6289 8.41821,
	58.6104 8.40426,
	58.5931 8.38959,
	58.577 8.37426,
	58.5622 8.3583,
	58.5488 8.34179,
	58.5367 8.32476,
	58.5261 8.30728,
	58.5169 8.2894,
	58.5092 8.27118,
	58.503 8.25268,
	58.4983 8.23397,
	58.4952 8.2151,
	"/>
</Transform>

<Transform dim="1"
 xcoef=" -2.10345985246261 1 0 0 0 0"
 ycoef=" 0.470185143491642 0 1 0 0 0">
<Contour name="D001" hidden="false" closed="true" simplified="false" border="1 1 1" fill="0.501961 0 1" mode="-13"
 points="40.6114 24.8565,
	40.6114 24.8246,
	40.6432 24.8246,
	40.6432 24.7928,
	40.6751 24.7928,
	40.6751 24.8246,
	40.7069 24.8246,
	40.7069 24.8565,
	40.6751 24.8565,
	40.6751 24.8883,
	40.6432 24.8883,
	40.6432 24.8565,
	"/>
</Transform>

<Transform dim="1"
 xcoef=" -2.10345985246261 1 0 0 0 0"
 ycoef=" 0.470185143491642 0 1 0 0 0">
<Contour name="D002" hidden="false" closed="true" simplified="false" border="1 1 1" fill="0 0.501961 1" mode="-13"
 points="51.6208 12.4265,
	51.6208 12.3954,
	51.6519 12.3954,
	51.6519 12.3643,
	51.683 12.3643,
	51.683 12.3954,
	51.7141 12.3954,
	51.7141 12.4265,
	51.683 12.4265,
	51.683 12.4576,
	51.6519 12.4576,
	51.6519 12.4265,
	"/>
</Transform>

<Transform dim="1"
 xcoef=" -2.10345985246261 1 0 0 0 0"
 ycoef=" 0.470185143491642 0 1 0 0 0">
<Contour name="D003" hidden="false" closed="true" simplified="false" border="1 1 1" fill="1 0 1" mode="-13"
 points="58.4782 8.45406,
	58.4782 8.41205,
	58.5202 8.41205,
	58.5202 8.37004,
	58.5622 8.37004,
	58.5622 8.41205,
	58.6042 8.41205,
	58.6042 8.45406,
	58.5622 8.45406,
	58.5622 8.49608,
	58.5202 8.49608,
	58.5202 8.45406,
	"/>
</Transform>

<Transform dim="1"
 xcoef=" -2.10345985246261 1 0 0 0 0"
 ycoef=" 0.470185143491642 0 1 0 0 0">
<Contour name="D004" hidden="false" closed="true" simplified="false" border="1 1 1" fill="1 1 0" mode="-13"
 points="52.4889 25.7898,
	52.4889 25.7606,
	52.5181 25.7606,
	52.5181 25.7314,
	52.5473 25.7314,
	52.5473 25.7606,
	52.5765 25.7606,
	52.5765 25.7898,
	52.5473 25.7898,
	52.5473 25.819,
	52.5181 25.819,
	52.5181 25.7898,
	"/>
</Transform>

<Transform dim="1"
 xcoef=" -2.10345985246261 1 0 0 0 0"
 ycoef=" 0.470185143491642 0 1 0 0 0">
<Contour name="axon04" hidden="false" closed="true" simplified="false" border="0 1 1" fill="0 1 1" mode="9"
 points="52.2898 25.4866,
	52.3052 25.4713,
	52.2438 25.4099,
	52.2592 25.3946,
	52.3205 25.456,
	52.3358 25.4406,
	52.3358 25.4866,
	"/>
</Transform>

<Transform dim="1"
 xcoef=" -2.10345985246261 1 0 0 0 0"
 ycoef=" 0.470185143491642 0 1 0 0 0">
<Contour name="d001_symcand01axonstamp_delete" hidden="false" closed="true" simplified="false" border="0 1 1" fill="0 1 1" mode="9"
 points="40.2056 26.3949,
	40.2157 26.3848,
	40.1753 26.3444,
	40.1854 26.3343,
	40.2258 26.3747,
	40.2359 26.3646,
	40.2359 26.3949,
	"/>
</Transform>

<Transform dim="1"
 xcoef=" -2.10345985246261 1 0 0 0 0"
 ycoef=" 0.470185143491642 0 1 0 0 0">
<Contour name="d002_symcand02axonstamp" hidden="false" closed="true" simplified="false" border="1 0 0" fill="0 1 1" mode="9"
 points="48.8014 11.5068,
	48.8125 11.4956,
	48.768 11.4511,
	48.7791 11.44,
	48.8236 11.4845,
	48.8348 11.4734,
	48.8348 11.5068,
	"/>
</Transform>

<Transform dim="1"
 xcoef=" 0.04 1 0 0 0 0"
 ycoef=" 0 0 1 0 0 0">
<Contour name="d004_o10" hidden="false" closed="true" simplified="false" border="1 0 0" fill="1 0 0" mode="-13"
 points="55.0598 25.4088,
	55.0925 25.4088,
	55.0761 25.4387,
	"/>
</Transform>

<Transform dim="0"
 xcoef=" 0 1 0 0 0 0"
 ycoef=" 0 0 1 0 0 0">
<Contour name="d004_c08" hidden="false" closed="true" simplified="true" border="1 0 0" fill="0 1 0" mode="11"
 points="54.8957 26.2472,
	54.8978 26.2405,
	54.8982 26.2389,
	54.899 26.238,
	54.899 26.2372,
	54.9003 26.2356,
	54.9011 26.2347,
	54.9011 26.2339,
	54.9028 26.2331,
	54.9036 26.2318,
	54.9065 26.2297,
	54.9099 26.2289,
	54.9103 26.2281,
	54.9136 26.2272,
	54.914 26.2264,
	54.9173 26.2252,
	54.919 26.2243,
	54.9198 26.2243,
	54.9207 26.2235,
	54.9215 26.2235,
	54.9223 26.2227,
	54.929 26.221,
	54.9323 26.2198,
	54.934 26.2189,
	54.9473 26.2173,
	54.9539 26.2168,
	54.9572 26.2168,
	54.9639 26.2156,
	54.9672 26.2139,
	54.9938 26.2056,
	54.9971 26.2048,
	54.998 26.2048,
	54.9988 26.204,
	55.0005 26.204,
	55.0138 26.2002,
	55.0146 26.2002,
	55.0154 26.1994,
	55.0221 26.1981,
	55.0254 26.1969,
	55.0287 26.1965,
	55.0304 26.1965,
	55.0321 26.1956,
	55.0387 26.1952,
	55.042 26.1952,
	55.0437 26.1956,
	55.0445 26.1956,
	55.0508 26.2011,
	55.0528 26.2044,
	55.0541 26.2077,
	55.0549 26.2094,
	55.0549 26.2102,
	55.0558 26.211,
	55.0582 26.2177,
	55.0582 26.2185,
	55.0591 26.2193,
	55.0591 26.2202,
	55.0603 26.2218,
	55.0616 26.2252,
	55.062 26.2268,
	55.0628 26.2277,
	55.0637 26.231,
	55.0653 26.2339,
	55.0661 26.2356,
	55.067 26.236,
	55.067 26.2376,
	55.0682 26.2393,
	55.0682 26.2401,
	55.0691 26.2405,
	55.0695 26.2422,
	55.0736 26.2489,
	55.0765 26.2555,
	55.0778 26.2588,
	55.0778 26.2597,
	55.0786 26.2605,
	55.0803 26.2671,
	55.0803 26.2688,
	55.0811 26.2705,
	55.0815 26.2838,
	55.0803 26.2904,
	55.0794 26.2913,
	55.079 26.2929,
	55.0765 26.2962,
	55.0749 26.2996,
	55.0695 26.3058,
	55.0695 26.3066,
	55.067 26.3087,
	55.0637 26.3116,
	55.0628 26.3125,
	55.062 26.3125,
	55.0558 26.317,
	55.0549 26.3179,
	55.0541 26.3179,
	55.0524 26.3191,
	55.0516 26.3191,
	55.0508 26.3199,
	55.0499 26.3199,
	55.0491 26.3208,
	55.0483 26.3208,
	55.0466 26.322,
	55.0404 26.3249,
	55.0387 26.3253,
	55.0379 26.3262,
	55.0246 26.3307,
	55.0242 26.3316,
	55.0175 26.3341,
	55.0154 26.3353,
	55.0121 26.3361,
	55.0113 26.337,
	55.008 26.3378,
	55.0063 26.3382,
	55.005 26.3399,
	55.0042 26.3395,
	55.0034 26.3403,
	55.0017 26.3403,
	54.9984 26.3415,
	54.9967 26.3415,
	54.9959 26.3424,
	54.9892 26.3445,
	54.9859 26.3449,
	54.9851 26.3457,
	54.9834 26.3457,
	54.9826 26.3457,
	54.9809 26.347,
	54.9676 26.3482,
	54.9543 26.3486,
	54.9477 26.3486,
	54.941 26.3494,
	54.9277 26.3494,
	54.9211 26.3461,
	54.9198 26.3449,
	54.919 26.3449,
	54.9157 26.342,
	54.9132 26.3395,
	54.9099 26.3328,
	54.9082 26.3295,
	54.9074 26.3262,
	54.9074 26.3253,
	54.9065 26.3245,
	54.9053 26.3179,
	54.904 26.3145,
	54.9015 26.3012,
	54.9003 26.2983,
	54.9003 26.2917,
	54.899 26.285,
	54.899 26.2817,
	54.8982 26.2813,
	54.8978 26.2746,
	54.8957 26.2613,
	54.8957 26.248,
	54.8957 26.2476,
	"/>
</Transform>

<Transform dim="0"
 xcoef=" 0 1 0 0 0 0"
 ycoef=" 0 0 1 0 0 0">
<Contour name="d004_cfa08" hidden="false" closed="true" simplified="true" border="0 1 0" fill="0 1 0" mode="11"
 points="54.9035 26.2884,
	54.9044 26.286,
	54.9047 26.2848,
	54.9053 26.2845,
	54.9053 26.2839,
	54.9092 26.2806,
	54.9098 26.28,
	54.9104 26.28,
	54.9116 26.2791,
	54.914 26.2782,
	54.9237 26.2764,
	54.9243 26.2758,
	54.9336 26.2737,
	54.9384 26.2725,
	54.948 26.2692,
	54.9492 26.2689,
	54.9504 26.268,
	54.9552 26.2662,
	54.9576 26.2653,
	54.9585 26.2644,
	54.9633 26.2629,
	54.9645 26.2623,
	54.9651 26.2617,
	54.9699 26.2602,
	54.9724 26.2599,
	54.973 26.2593,
	54.9826 26.2569,
	54.9874 26.2566,
	54.9886 26.2566,
	54.9892 26.256,
	54.9916 26.2557,
	55.0009 26.2518,
	55.0021 26.2515,
	55.0027 26.2515,
	55.0033 26.2509,
	55.0078 26.2494,
	55.0126 26.2473,
	55.015 26.2463,
	55.0162 26.2454,
	55.0211 26.2436,
	55.0232 26.2421,
	55.028 26.24,
	55.0304 26.2391,
	55.031 26.2385,
	55.0316 26.2385,
	55.0322 26.2379,
	55.037 26.2364,
	55.0376 26.2358,
	55.0424 26.2343,
	55.0448 26.2337,
	55.046 26.2334,
	55.0466 26.2328,
	55.0514 26.2328,
	55.0538 26.2331,
	55.0562 26.234,
	55.0583 26.2355,
	55.0589 26.2355,
	55.0613 26.2376,
	55.0649 26.2421,
	55.0664 26.2445,
	55.067 26.2457,
	55.067 26.2463,
	55.0676 26.247,
	55.0691 26.2518,
	55.0697 26.2566,
	55.0697 26.2614,
	55.0697 26.2638,
	55.0694 26.265,
	55.0694 26.2656,
	55.0688 26.2662,
	55.0682 26.2686,
	55.0652 26.2731,
	55.0634 26.2755,
	55.0616 26.2773,
	55.0586 26.2818,
	55.0553 26.2857,
	55.0529 26.2878,
	55.0511 26.2896,
	55.0502 26.2905,
	55.0496 26.2905,
	55.0478 26.2926,
	55.043 26.2972,
	55.0409 26.2987,
	55.0391 26.3008,
	55.0367 26.3023,
	55.0364 26.3029,
	55.0358 26.3029,
	55.0313 26.3062,
	55.0307 26.3062,
	55.0304 26.3068,
	55.0292 26.3071,
	55.0289 26.3077,
	55.0277 26.308,
	55.0253 26.3098,
	55.0241 26.3104,
	55.0235 26.311,
	55.0223 26.3113,
	55.0214 26.3122,
	55.0201 26.3125,
	55.0198 26.3131,
	55.0186 26.3134,
	55.018 26.3134,
	55.0135 26.3164,
	55.0111 26.3176,
	55.0099 26.3179,
	55.0096 26.3185,
	55.0009 26.3224,
	54.9961 26.3236,
	54.9955 26.3242,
	54.9943 26.3242,
	54.9895 26.326,
	54.9883 26.326,
	54.9835 26.3275,
	54.9811 26.3281,
	54.9799 26.3287,
	54.9793 26.3287,
	54.9787 26.3293,
	54.9763 26.3296,
	54.976 26.3302,
	54.9736 26.3305,
	54.9687 26.332,
	54.9591 26.3335,
	54.9399 26.3332,
	54.9303 26.3308,
	54.9282 26.3296,
	54.9234 26.3263,
	54.9191 26.323,
	54.9179 26.3221,
	54.9176 26.3215,
	54.917 26.3215,
	54.9152 26.3197,
	54.914 26.3176,
	54.9128 26.3167,
	54.9128 26.3161,
	54.9095 26.3116,
	54.9086 26.3092,
	54.908 26.3086,
	54.9047 26.299,
	54.9038 26.2941,
	54.9035 26.2893,
	54.9035 26.2887,
	"/>
</Transform>

<Transform dim="1"
 xcoef=" -2.10345985246261 1 0 0 0 0"
 ycoef=" 0.470185143491642 0 1 0 0 0">
<Image mag="0.00209248" contrast="2.6533" brightness="-0.255" red="true" green="true" blue="true"
 src="038____z37.0.tif" />
<Contour name="domain1" hidden="false" closed="true" simplified="false" border="1 0 1" fill="1 0 1" mode="11"
 points="0 0,
	35235 0,
	35235 16175,
	0 16175,
	"/>
</Transform>

<Transform dim="0"
 xcoef=" 0 1 0 0 0 0"
 ycoef=" 0 0 1 0 0 0">
<Contour name="d004_p07" hidden="false" closed="true" simplified="true" border="1 1 0" fill="0 1 0" mode="11"
 points="53.706 25.841,
	53.7099 25.8332,
	53.7158 25.8273,
	53.7197 25.8234,
	53.7275 25.8195,
	53.7431 25.8195,
	53.7509 25.8195,
	53.7587 25.8215,
	53.7899 25.8225,
	53.8211 25.8312,
	53.8279 25.8351,
	53.8318 25.8381,
	53.8474 25.8439,
	53.8484 25.8459,
	53.8504 25.8459,
	53.866 25.8566,
	53.8738 25.8625,
	53.8865 25.8742,
	53.8923 25.88,
	53.8923 25.882,
	53.8982 25.8878,
	53.8982 25.8898,
	53.9001 25.8917,
	53.9001 25.9073,
	53.8952 25.922,
	53.8904 25.9298,
	53.8835 25.9366,
	53.8816 25.9385,
	53.8796 25.9385,
	53.8757 25.9415,
	53.8718 25.9415,
	53.8679 25.9434,
	53.8367 25.9424,
	53.8328 25.9424,
	53.8289 25.9405,
	53.8211 25.9405,
	53.8172 25.9405,
	53.8094 25.9376,
	53.8055 25.9356,
	53.8016 25.9356,
	53.787 25.9278,
	53.7723 25.9181,
	53.7684 25.9161,
	53.7548 25.9015,
	53.7479 25.8956,
	53.7401 25.8878,
	53.7265 25.8781,
	53.7128 25.8654,
	53.708 25.8586,
	53.706 25.8508,
	53.706 25.8429,
	53.706 25.842,
	"/>
</Transform>

<Transform dim="0"
 xcoef=" 0 1 0 0 0 0"
 ycoef=" 0 0 1 0 0 0">
<Contour name="d004_p08" hidden="false" closed="true" simplified="true" border="1 1 0" fill="0 1 0" mode="11"
 points="54.8611 26.1666,
	54.8633 26.1607,
	54.8714 26.1496,
	54.8751 26.1452,
	54.8861 26.1371,
	54.892 26.1349,
	54.8979 26.1312,
	54.9009 26.1305,
	54.9031 26.1282,
	54.9045 26.1282,
	54.9075 26.126,
	54.909 26.126,
	54.9104 26.1246,
	54.9119 26.1246,
	54.9149 26.1224,
	54.9163 26.1224,
	54.9193 26.1201,
	54.9311 26.1157,
	54.934 26.1157,
	54.937 26.1142,
	54.9385 26.1142,
	54.9414 26.112,
	54.9532 26.1083,
	54.965 26.1061,
	54.9709 26.1047,
	54.9827 26.1047,
	54.9886 26.1047,
	54.9945 26.1061,
	54.9974 26.1076,
	55.0004 26.1076,
	55.0122 26.1113,
	55.018 26.1135,
	55.021 26.1142,
	55.0225 26.1157,
	55.0284 26.1172,
	55.0313 26.1194,
	55.0328 26.1194,
	55.0556 26.1349,
	55.0608 26.1393,
	55.0623 26.1393,
	55.0696 26.1489,
	55.077 26.1607,
	55.0807 26.1725,
	55.0814 26.1784,
	55.0829 26.1813,
	55.0829 26.2049,
	55.0829 26.2108,
	55.0807 26.2226,
	55.0792 26.2285,
	55.077 26.2521,
	55.0755 26.2535,
	55.0755 26.2565,
	55.0733 26.2624,
	55.0733 26.2639,
	55.0711 26.2668,
	55.0711 26.2698,
	55.0674 26.2749,
	55.0667 26.2779,
	55.0586 26.2889,
	55.0542 26.2941,
	55.0483 26.3,
	55.0431 26.3044,
	55.0416 26.3044,
	55.0372 26.3088,
	55.0357 26.3088,
	55.0343 26.3103,
	55.0328 26.3103,
	55.021 26.3169,
	55.0092 26.3221,
	55.0063 26.3228,
	55.0048 26.3243,
	54.9989 26.3265,
	54.9959 26.3265,
	54.9841 26.3317,
	54.9782 26.3331,
	54.9753 26.3346,
	54.9517 26.3368,
	54.9399 26.3361,
	54.934 26.3339,
	54.9311 26.3331,
	54.9082 26.3169,
	54.9001 26.3059,
	54.9001 26.3044,
	54.8935 26.2933,
	54.8913 26.2874,
	54.8898 26.2756,
	54.8839 26.2639,
	54.8817 26.2609,
	54.8773 26.2491,
	54.8648 26.2019,
	54.864 26.1961,
	54.8625 26.1931,
	54.8625 26.1872,
	54.8611 26.1813,
	54.8611 26.1695,
	54.8611 26.1673,
	"/>
</Transform>

<Transform dim="0"
 xcoef=" 0 1 0 0 0 0"
 ycoef=" 0 0 1 0 0 0">
<Contour name="d004_p10" hidden="false" closed="true" simplified="true" border="1 1 0" fill="0 1 0" mode="11"
 points="55.032 25.3227,
	55.0332 25.3221,
	55.0424 25.3267,
	55.0471 25.3279,
	55.0517 25.3302,
	55.0703 25.3366,
	55.0749 25.3383,
	55.0772 25.3383,
	55.0819 25.3401,
	55.0842 25.3401,
	55.0935 25.3435,
	55.0981 25.3453,
	55.1028 25.3453,
	55.1213 25.3482,
	55.1306 25.3499,
	55.1352 25.3511,
	55.1445 25.3517,
	55.1491 25.3528,
	55.1538 25.3528,
	55.1561 25.3528,
	55.1607 25.3546,
	55.1793 25.3569,
	55.1886 25.3586,
	55.2257 25.3604,
	55.2442 25.3609,
	55.2535 25.3615,
	55.2721 25.3586,
	55.2767 25.358,
	55.2813 25.3563,
	55.2837 25.3551,
	55.2883 25.3546,
	55.2906 25.3534,
	55.2953 25.3534,
	55.3324 25.3453,
	55.3417 25.3424,
	55.3463 25.3418,
	55.3556 25.3389,
	55.3602 25.3377,
	55.3695 25.3337,
	55.3718 25.3331,
	55.3741 25.3314,
	55.3764 25.3314,
	55.395 25.3238,
	55.3996 25.3232,
	55.402 25.3221,
	55.4205 25.3186,
	55.4298 25.3186,
	55.4344 25.3198,
	55.4368 25.3215,
	55.4368 25.3227,
	55.4397 25.3273,
	55.4397 25.3366,
	55.4397 25.3412,
	55.4385 25.3459,
	55.4373 25.3482,
	55.4368 25.3528,
	55.4327 25.3621,
	55.4275 25.3708,
	55.4205 25.3783,
	55.4182 25.3807,
	55.4136 25.3836,
	55.4124 25.3853,
	55.4037 25.3923,
	55.3991 25.3957,
	55.3967 25.3969,
	55.3944 25.3992,
	55.3898 25.4021,
	55.3886 25.4021,
	55.3706 25.4125,
	55.3683 25.4143,
	55.3672 25.4143,
	55.3492 25.427,
	55.3451 25.4299,
	55.3399 25.4334,
	55.3376 25.434,
	55.3353 25.4357,
	55.333 25.4363,
	55.3306 25.4381,
	55.3214 25.441,
	55.319 25.4427,
	55.3098 25.4462,
	55.3086 25.4473,
	55.3063 25.4473,
	55.304 25.4485,
	55.2993 25.4491,
	55.29 25.452,
	55.2715 25.4543,
	55.2622 25.4555,
	55.2599 25.4566,
	55.2576 25.4566,
	55.2553 25.4578,
	55.2506 25.4578,
	55.246 25.4595,
	55.2437 25.4595,
	55.2344 25.463,
	55.2297 25.4642,
	55.2274 25.4659,
	55.2089 25.4734,
	55.1996 25.4763,
	55.1949 25.4787,
	55.1857 25.4816,
	55.1839 25.4833,
	55.1816 25.4839,
	55.1793 25.4856,
	55.177 25.4862,
	55.1747 25.4879,
	55.1723 25.4885,
	55.1712 25.4897,
	55.1526 25.4972,
	55.1515 25.4972,
	55.1422 25.503,
	55.1265 25.5175,
	55.119 25.5239,
	55.1161 25.5274,
	55.1126 25.532,
	55.1114 25.5332,
	55.1109 25.5355,
	55.1097 25.5361,
	55.1097 25.5372,
	55.1022 25.5465,
	55.1004 25.5482,
	55.1004 25.5494,
	55.0935 25.5581,
	55.0877 25.5668,
	55.0836 25.5714,
	55.079 25.5743,
	55.0767 25.5749,
	55.0761 25.5564,
	55.0726 25.5378,
	55.0691 25.5007,
	55.0651 25.4821,
	55.0633 25.4729,
	55.0622 25.4682,
	55.0622 25.4659,
	55.0604 25.4613,
	55.0587 25.4427,
	55.0581 25.4241,
	55.0575 25.4195,
	55.0558 25.4149,
	55.0552 25.4056,
	55.054 25.4009,
	55.0529 25.3824,
	55.0494 25.3731,
	55.0494 25.3708,
	55.0477 25.3662,
	55.0465 25.3638,
	55.0465 25.3615,
	55.0401 25.343,
	55.0372 25.3337,
	55.0361 25.3325,
	55.0326 25.3232,
	"/>
</Transform>

<Transform dim="0"
 xcoef=" 0 1 0 0 0 0"
 ycoef=" 0 0 1 0 0 0">
<Contour name="d004_p10" hidden="false" closed="true" simplified="true" border="1 1 0" fill="0 1 0" mode="11"
 points="55.7179 25.3069,
	55.7217 25.3007,
	55.7225 25.2976,
	55.7271 25.2914,
	55.7512 25.2782,
	55.7574 25.2751,
	55.7636 25.2697,
	55.7659 25.2666,
	55.7721 25.2627,
	55.7798 25.2511,
	55.7837 25.2449,
	55.8077 25.2224,
	55.8139 25.2186,
	55.817 25.2162,
	55.8201 25.2155,
	55.8232 25.2131,
	55.8294 25.2108,
	55.8325 25.2085,
	55.8356 25.2077,
	55.8387 25.2054,
	55.8418 25.2046,
	55.8542 25.1961,
	55.8604 25.1922,
	55.872 25.1806,
	55.8821 25.1682,
	55.8906 25.1558,
	55.8914 25.1527,
	55.8991 25.1403,
	55.903 25.1341,
	55.9138 25.1225,
	55.9262 25.114,
	55.9278 25.114,
	55.9293 25.1124,
	55.9417 25.1124,
	55.9479 25.1132,
	55.951 25.1132,
	55.9634 25.1209,
	55.9696 25.1264,
	55.9774 25.1388,
	55.9874 25.1636,
	55.9898 25.1697,
	55.9905 25.1821,
	55.9898 25.1945,
	55.9882 25.2007,
	55.9743 25.2255,
	55.9564 25.2503,
	55.9324 25.2751,
	55.9216 25.2867,
	55.9162 25.2929,
	55.9154 25.296,
	55.9123 25.2991,
	55.9115 25.3022,
	55.9038 25.3146,
	55.8976 25.327,
	55.886 25.3386,
	55.8798 25.344,
	55.8767 25.3464,
	55.8736 25.3471,
	55.8705 25.3495,
	55.8643 25.351,
	55.8519 25.351,
	55.8395 25.3487,
	55.8271 25.3479,
	55.8147 25.3456,
	55.8085 25.344,
	55.8054 25.344,
	55.8023 25.3425,
	55.7899 25.3417,
	55.7837 25.3402,
	55.7775 25.3402,
	55.7713 25.3386,
	55.7589 25.3378,
	55.7527 25.3371,
	55.7496 25.3363,
	55.7481 25.3363,
	55.7465 25.3347,
	55.7403 25.334,
	55.7279 25.3286,
	55.7217 25.3239,
	55.7186 25.3208,
	55.7179 25.3084,
	55.7179 25.3076,
	"/>
</Transform>

<Transform dim="0"
 xcoef=" 0 1 0 0 0 0"
 ycoef=" 0 0 1 0 0 0">
<Contour name="d004" hidden="false" closed="true" simplified="true" border="1 1 0" fill="0 0 1" mode="11"
 points="53.9788 25.3246,
	53.9876 25.301,
	53.9921 25.2891,
	53.995 25.2862,
	53.995 25.2832,
	54.0054 25.2714,
	54.0084 25.2655,
	54.0276 25.2462,
	54.0379 25.2344,
	54.0453 25.224,
	54.0453 25.2211,
	54.0542 25.2107,
	54.0587 25.2048,
	54.0616 25.2018,
	54.0616 25.1989,
	54.0675 25.1929,
	54.0749 25.1811,
	54.0764 25.1752,
	54.0749 25.1634,
	54.0764 25.1515,
	54.0764 25.1486,
	54.1001 25.1308,
	54.1105 25.1204,
	54.1341 25.1101,
	54.1578 25.1101,
	54.1696 25.1116,
	54.1815 25.116,
	54.2052 25.1204,
	54.2288 25.1293,
	54.2525 25.1293,
	54.2643 25.1278,
	54.2703 25.1264,
	54.2732 25.1234,
	54.2851 25.1204,
	54.288 25.1204,
	54.3117 25.1042,
	54.3591 25.0775,
	54.3709 25.0731,
	54.3768 25.0686,
	54.4005 25.0598,
	54.4478 25.0568,
	54.4597 25.0568,
	54.4715 25.0524,
	54.4952 25.0361,
	54.5055 25.0287,
	54.5115 25.0243,
	54.5144 25.0243,
	54.5366 25.0065,
	54.5603 25.0065,
	54.5721 25.0095,
	54.584 25.0154,
	54.5869 25.0183,
	54.5988 25.0213,
	54.6017 25.0213,
	54.6047 25.0243,
	54.652 25.0391,
	54.658 25.0435,
	54.6816 25.0494,
	54.6935 25.0553,
	54.7009 25.0672,
	54.7024 25.0731,
	54.7053 25.076,
	54.7053 25.082,
	54.7142 25.1056,
	54.7142 25.1086,
	54.7246 25.1204,
	54.7334 25.1293,
	54.7556 25.1397,
	54.7615 25.1412,
	54.7837 25.1574,
	54.7926 25.1693,
	54.8015 25.1781,
	54.8059 25.1841,
	54.8163 25.19,
	54.8222 25.1929,
	54.8252 25.1959,
	54.8725 25.2151,
	54.8844 25.2225,
	54.8858 25.2255,
	54.8888 25.2255,
	54.9006 25.2329,
	54.9066 25.2359,
	54.9095 25.2388,
	54.9332 25.2477,
	54.945 25.2536,
	54.951 25.2581,
	54.9569 25.2595,
	54.9628 25.264,
	54.9687 25.2655,
	54.9924 25.2832,
	55.0013 25.2936,
	55.0042 25.2995,
	55.0072 25.3024,
	55.0072 25.3054,
	55.0131 25.3113,
	55.019 25.3143,
	55.0205 25.3172,
	55.0442 25.3261,
	55.0545 25.3365,
	55.056 25.3483,
	55.0605 25.3602,
	55.0634 25.3838,
	55.0708 25.4075,
	55.0797 25.4549,
	55.0797 25.5022,
	55.0812 25.5141,
	55.0901 25.5377,
	55.0915 25.5614,
	55.0841 25.5718,
	55.0723 25.5792,
	55.0249 25.5925,
	55.0027 25.5999,
	54.9791 25.6102,
	54.9672 25.6147,
	54.9613 25.6162,
	54.9584 25.6191,
	54.9347 25.6236,
	54.9228 25.625,
	54.8992 25.6206,
	54.8873 25.6132,
	54.8844 25.6073,
	54.8725 25.5969,
	54.8666 25.594,
	54.8607 25.588,
	54.8577 25.588,
	54.8518 25.5836,
	54.84 25.5806,
	54.8281 25.5821,
	54.8222 25.5866,
	54.8163 25.5969,
	54.8119 25.6206,
	54.8104 25.6324,
	54.8059 25.6443,
	54.7971 25.6546,
	54.7852 25.6635,
	54.7793 25.668,
	54.7675 25.6724,
	54.7453 25.6901,
	54.6994 25.7153,
	54.6876 25.7197,
	54.6654 25.7345,
	54.6535 25.7434,
	54.6476 25.7449,
	54.6446 25.7479,
	54.621 25.7567,
	54.5736 25.7671,
	54.5677 25.7701,
	54.5618 25.7701,
	54.5588 25.773,
	54.5529 25.773,
	54.547 25.776,
	54.544 25.776,
	54.5381 25.7804,
	54.4908 25.7996,
	54.4878 25.8026,
	54.4641 25.8011,
	54.4582 25.8011,
	54.4523 25.7982,
	54.4286 25.7996,
	54.4094 25.8189,
	54.3901 25.8337,
	54.3428 25.8485,
	54.3398 25.8485,
	54.3369 25.8514,
	54.325 25.8544,
	54.3191 25.8559,
	54.3161 25.8588,
	54.2925 25.8574,
	54.2806 25.8574,
	54.2569 25.8514,
	54.2451 25.8455,
	54.2392 25.8411,
	54.2362 25.8411,
	54.2333 25.8381,
	54.2303 25.8381,
	54.2066 25.8218,
	54.1978 25.813,
	54.1904 25.8011,
	54.1859 25.7952,
	54.1756 25.7715,
	54.1622 25.7479,
	54.1519 25.7375,
	54.146 25.7345,
	54.143 25.7345,
	54.14 25.7316,
	54.1282 25.7286,
	54.1179 25.7197,
	54.1119 25.7138,
	54.1105 25.7079,
	54.0942 25.6887,
	54.0838 25.6768,
	54.0749 25.6694,
	54.0646 25.6576,
	54.0572 25.6458,
	54.0527 25.6398,
	54.0483 25.6162,
	54.0453 25.6043,
	54.0439 25.5984,
	54.0291 25.5747,
	54.0246 25.5703,
	54.0143 25.5466,
	54.0143 25.5407,
	54.0069 25.517,
	54.0024 25.4933,
	53.9995 25.4815,
	53.9995 25.4785,
	53.9965 25.4771,
	53.9936 25.4652,
	53.9891 25.4593,
	53.9891 25.4563,
	53.9862 25.4534,
	53.9862 25.4504,
	53.9817 25.446,
	53.9802 25.4341,
	53.9832 25.3868,
	53.9788 25.3394,
	53.9788 25.3276,
	53.9788 25.3261,
	"/>
<Contour name="d004_i05_o26" hidden="false" closed="true" simplified="true" border="1 1 0" fill="0 0 1" mode="11"
 points="53.9788 25.3246,
	53.9876 25.301,
	53.9921 25.2891,
	53.995 25.2862,
	53.995 25.2832,
	54.0054 25.2714,
	54.0084 25.2655,
	54.0276 25.2462,
	54.0379 25.2344,
	54.0453 25.224,
	54.0453 25.2211,
	54.0542 25.2107,
	54.0587 25.2048,
	54.0616 25.2018,
	54.0616 25.1989,
	54.0675 25.1929,
	54.0749 25.1811,
	54.0764 25.1752,
	54.0749 25.1634,
	54.0764 25.1515,
	54.0764 25.1486,
	54.1001 25.1308,
	54.1105 25.1204,
	54.1341 25.1101,
	54.1578 25.1101,
	54.1696 25.1116,
	54.1815 25.116,
	54.2052 25.1204,
	54.2288 25.1293,
	54.2525 25.1293,
	54.2643 25.1278,
	54.2703 25.1264,
	54.2732 25.1234,
	54.2851 25.1204,
	54.288 25.1204,
	54.3117 25.1042,
	54.3591 25.0775,
	54.3709 25.0731,
	54.3768 25.0686,
	54.4005 25.0598,
	54.4478 25.0568,
	54.4597 25.0568,
	54.4715 25.0524,
	54.4952 25.0361,
	54.5055 25.0287,
	54.5115 25.0243,
	54.5144 25.0243,
	54.5366 25.0065,
	54.5603 25.0065,
	54.5721 25.0095,
	54.584 25.0154,
	54.5869 25.0183,
	54.5988 25.0213,
	54.6017 25.0213,
	54.6047 25.0243,
	54.652 25.0391,
	54.658 25.0435,
	54.6816 25.0494,
	54.6935 25.0553,
	54.7009 25.0672,
	54.7024 25.0731,
	54.7053 25.076,
	54.7053 25.082,
	54.7142 25.1056,
	54.7142 25.1086,
	54.7246 25.1204,
	54.7334 25.1293,
	54.7556 25.1397,
	54.7615 25.1412,
	54.7837 25.1574,
	54.7926 25.1693,
	54.8015 25.1781,
	54.8059 25.1841,
	54.8163 25.19,
	54.8222 25.1929,
	54.8252 25.1959,
	54.8725 25.2151,
	54.8844 25.2225,
	54.8858 25.2255,
	54.8888 25.2255,
	54.9006 25.2329,
	54.9066 25.2359,
	54.9095 25.2388,
	54.9332 25.2477,
	54.945 25.2536,
	54.951 25.2581,
	54.9569 25.2595,
	54.9628 25.264,
	54.9687 25.2655,
	54.9924 25.2832,
	55.0013 25.2936,
	55.0042 25.2995,
	55.0072 25.3024,
	55.0072 25.3054,
	55.0131 25.3113,
	55.019 25.3143,
	55.0205 25.3172,
	55.0442 25.3261,
	55.0545 25.3365,
	55.056 25.3483,
	55.0605 25.3602,
	55.0634 25.3838,
	55.0708 25.4075,
	55.0797 25.4549,
	55.0797 25.5022,
	55.0812 25.5141,
	55.0901 25.5377,
	55.0915 25.5614,
	55.0841 25.5718,
	55.0723 25.5792,
	55.0249 25.5925,
	55.0027 25.5999,
	54.9791 25.6102,
	54.9672 25.6147,
	54.9613 25.6162,
	54.9584 25.6191,
	54.9347 25.6236,
	54.9228 25.625,
	54.8992 25.6206,
	54.8873 25.6132,
	54.8844 25.6073,
	54.8725 25.5969,
	54.8666 25.594,
	54.8607 25.588,
	54.8577 25.588,
	54.8518 25.5836,
	54.84 25.5806,
	54.8281 25.5821,
	54.8222 25.5866,
	54.8163 25.5969,
	54.8119 25.6206,
	54.8104 25.6324,
	54.8059 25.6443,
	54.7971 25.6546,
	54.7852 25.6635,
	54.7793 25.668,
	54.7675 25.6724,
	54.7453 25.6901,
	54.6994 25.7153,
	54.6876 25.7197,
	54.6654 25.7345,
	54.6535 25.7434,
	54.6476 25.7449,
	54.6446 25.7479,
	54.621 25.7567,
	54.5736 25.7671,
	54.5677 25.7701,
	54.5618 25.7701,
	54.5588 25.773,
	54.5529 25.773,
	54.547 25.776,
	54.544 25.776,
	54.5381 25.7804,
	54.4908 25.7996,
	54.4878 25.8026,
	54.4641 25.8011,
	54.4582 25.8011,
	54.4523 25.7982,
	54.4286 25.7996,
	54.4094 25.8189,
	54.3901 25.8337,
	54.3428 25.8485,
	54.3398 25.8485,
	54.3369 25.8514,
	54.325 25.8544,
	54.3191 25.8559,
	54.3161 25.8588,
	54.2925 25.8574,
	54.2806 25.8574,
	54.2569 25.8514,
	54.2451 25.8455,
	54.2392 25.8411,
	54.2362 25.8411,
	54.2333 25.8381,
	54.2303 25.8381,
	54.2066 25.8218,
	54.1978 25.813,
	54.1904 25.8011,
	54.1859 25.7952,
	54.1756 25.7715,
	54.1622 25.7479,
	54.1519 25.7375,
	54.146 25.7345,
	54.143 25.7345,
	54.14 25.7316,
	54.1282 25.7286,
	54.1179 25.7197,
	54.1119 25.7138,
	54.1105 25.7079,
	54.0942 25.6887,
	54.0838 25.6768,
	54.0749 25.6694,
	54.0646 25.6576,
	54.0572 25.6458,
	54.0527 25.6398,
	54.0483 25.6162,
	54.0453 25.6043,
	54.0439 25.5984,
	54.0291 25.5747,
	54.0246 25.5703,
	54.0143 25.5466,
	54.0143 25.5407,
	54.0069 25.517,
	54.0024 25.4933,
	53.9995 25.4815,
	53.9995 25.4785,
	53.9965 25.4771,
	53.9936 25.4652,
	53.9891 25.4593,
	53.9891 25.4563,
	53.9862 25.4534,
	53.9862 25.4504,
	53.9817 25.446,
	53.9802 25.4341,
	53.9832 25.3868,
	53.9788 25.3394,
	53.9788 25.3276,
	53.9788 25.3261,
	"/>
<Contour name="d004_i05_o25" hidden="false" closed="true" simplified="true" border="1 1 0" fill="0 0 1" mode="11"
 points="53.9788 25.3246,
	53.9876 25.301,
	53.9921 25.2891,
	53.995 25.2862,
	53.995 25.2832,
	54.0054 25.2714,
	54.0084 25.2655,
	54.0276 25.2462,
	54.0379 25.2344,
	54.0453 25.224,
	54.0453 25.2211,
	54.0542 25.2107,
	54.0587 25.2048,
	54.0616 25.2018,
	54.0616 25.1989,
	54.0675 25.1929,
	54.0749 25.1811,
	54.0764 25.1752,
	54.0749 25.1634,
	54.0764 25.1515,
	54.0764 25.1486,
	54.1001 25.1308,
	54.1105 25.1204,
	54.1341 25.1101,
	54.1578 25.1101,
	54.1696 25.1116,
	54.1815 25.116,
	54.2052 25.1204,
	54.2288 25.1293,
	54.2525 25.1293,
	54.2643 25.1278,
	54.2703 25.1264,
	54.2732 25.1234,
	54.2851 25.1204,
	54.288 25.1204,
	54.3117 25.1042,
	54.3591 25.0775,
	54.3709 25.0731,
	54.3768 25.0686,
	54.4005 25.0598,
	54.4478 25.0568,
	54.4597 25.0568,
	54.4715 25.0524,
	54.4952 25.0361,
	54.5055 25.0287,
	54.5115 25.0243,
	54.5144 25.0243,
	54.5366 25.0065,
	54.5603 25.0065,
	54.5721 25.0095,
	54.584 25.0154,
	54.5869 25.0183,
	54.5988 25.0213,
	54.6017 25.0213,
	54.6047 25.0243,
	54.652 25.0391,
	54.658 25.0435,
	54.6816 25.0494,
	54.6935 25.0553,
	54.7009 25.0672,
	54.7024 25.0731,
	54.7053 25.076,
	54.7053 25.082,
	54.7142 25.1056,
	54.7142 25.1086,
	54.7246 25.1204,
	54.7334 25.1293,
	54.7556 25.1397,
	54.7615 25.1412,
	54.7837 25.1574,
	54.7926 25.1693,
	54.8015 25.1781,
	54.8059 25.1841,
	54.8163 25.19,
	54.8222 25.1929,
	54.8252 25.1959,
	54.8725 25.2151,
	54.8844 25.2225,
	54.8858 25.2255,
	54.8888 25.2255,
	54.9006 25.2329,
	54.9066 25.2359,
	54.9095 25.2388,
	54.9332 25.2477,
	54.945 25.2536,
	54.951 25.2581,
	54.9569 25.2595,
	54.9628 25.264,
	54.9687 25.2655,
	54.9924 25.2832,
	55.0013 25.2936,
	55.0042 25.2995,
	55.0072 25.3024,
	55.0072 25.3054,
	55.0131 25.3113,
	55.019 25.3143,
	55.0205 25.3172,
	55.0442 25.3261,
	55.0545 25.3365,
	55.056 25.3483,
	55.0605 25.3602,
	55.0634 25.3838,
	55.0708 25.4075,
	55.0797 25.4549,
	55.0797 25.5022,
	55.0812 25.5141,
	55.0901 25.5377,
	55.0915 25.5614,
	55.0841 25.5718,
	55.0723 25.5792,
	55.0249 25.5925,
	55.0027 25.5999,
	54.9791 25.6102,
	54.9672 25.6147,
	54.9613 25.6162,
	54.9584 25.6191,
	54.9347 25.6236,
	54.9228 25.625,
	54.8992 25.6206,
	54.8873 25.6132,
	54.8844 25.6073,
	54.8725 25.5969,
	54.8666 25.594,
	54.8607 25.588,
	54.8577 25.588,
	54.8518 25.5836,
	54.84 25.5806,
	54.8281 25.5821,
	54.8222 25.5866,
	54.8163 25.5969,
	54.8119 25.6206,
	54.8104 25.6324,
	54.8059 25.6443,
	54.7971 25.6546,
	54.7852 25.6635,
	54.7793 25.668,
	54.7675 25.6724,
	54.7453 25.6901,
	54.6994 25.7153,
	54.6876 25.7197,
	54.6654 25.7345,
	54.6535 25.7434,
	54.6476 25.7449,
	54.6446 25.7479,
	54.621 25.7567,
	54.5736 25.7671,
	54.5677 25.7701,
	54.5618 25.7701,
	54.5588 25.773,
	54.5529 25.773,
	54.547 25.776,
	54.544 25.776,
	54.5381 25.7804,
	54.4908 25.7996,
	54.4878 25.8026,
	54.4641 25.8011,
	54.4582 25.8011,
	54.4523 25.7982,
	54.4286 25.7996,
	54.4094 25.8189,
	54.3901 25.8337,
	54.3428 25.8485,
	54.3398 25.8485,
	54.3369 25.8514,
	54.325 25.8544,
	54.3191 25.8559,
	54.3161 25.8588,
	54.2925 25.8574,
	54.2806 25.8574,
	54.2569 25.8514,
	54.2451 25.8455,
	54.2392 25.8411,
	54.2362 25.8411,
	54.2333 25.8381,
	54.2303 25.8381,
	54.2066 25.8218,
	54.1978 25.813,
	54.1904 25.8011,
	54.1859 25.7952,
	54.1756 25.7715,
	54.1622 25.7479,
	54.1519 25.7375,
	54.146 25.7345,
	54.143 25.7345,
	54.14 25.7316,
	54.1282 25.7286,
	54.1179 25.7197,
	54.1119 25.7138,
	54.1105 25.7079,
	54.0942 25.6887,
	54.0838 25.6768,
	54.0749 25.6694,
	54.0646 25.6576,
	54.0572 25.6458,
	54.0527 25.6398,
	54.0483 25.6162,
	54.0453 25.6043,
	54.0439 25.5984,
	54.0291 25.5747,
	54.0246 25.5703,
	54.0143 25.5466,
	54.0143 25.5407,
	54.0069 25.517,
	54.0024 25.4933,
	53.9995 25.4815,
	53.9995 25.4785,
	53.9965 25.4771,
	53.9936 25.4652,
	53.9891 25.4593,
	53.9891 25.4563,
	53.9862 25.4534,
	53.9862 25.4504,
	53.9817 25.446,
	53.9802 25.4341,
	53.9832 25.3868,
	53.9788 25.3394,
	53.9788 25.3276,
	53.9788 25.3261,
	"/>
<Contour name="d004_i05_o24" hidden="false" closed="true" simplified="true" border="1 1 0" fill="0 0 1" mode="11"
 points="53.9788 25.3246,
	53.9876 25.301,
	53.9921 25.2891,
	53.995 25.2862,
	53.995 25.2832,
	54.0054 25.2714,
	54.0084 25.2655,
	54.0276 25.2462,
	54.0379 25.2344,
	54.0453 25.224,
	54.0453 25.2211,
	54.0542 25.2107,
	54.0587 25.2048,
	54.0616 25.2018,
	54.0616 25.1989,
	54.0675 25.1929,
	54.0749 25.1811,
	54.0764 25.1752,
	54.0749 25.1634,
	54.0764 25.1515,
	54.0764 25.1486,
	54.1001 25.1308,
	54.1105 25.1204,
	54.1341 25.1101,
	54.1578 25.1101,
	54.1696 25.1116,
	54.1815 25.116,
	54.2052 25.1204,
	54.2288 25.1293,
	54.2525 25.1293,
	54.2643 25.1278,
	54.2703 25.1264,
	54.2732 25.1234,
	54.2851 25.1204,
	54.288 25.1204,
	54.3117 25.1042,
	54.3591 25.0775,
	54.3709 25.0731,
	54.3768 25.0686,
	54.4005 25.0598,
	54.4478 25.0568,
	54.4597 25.0568,
	54.4715 25.0524,
	54.4952 25.0361,
	54.5055 25.0287,
	54.5115 25.0243,
	54.5144 25.0243,
	54.5366 25.0065,
	54.5603 25.0065,
	54.5721 25.0095,
	54.584 25.0154,
	54.5869 25.0183,
	54.5988 25.0213,
	54.6017 25.0213,
	54.6047 25.0243,
	54.652 25.0391,
	54.658 25.0435,
	54.6816 25.0494,
	54.6935 25.0553,
	54.7009 25.0672,
	54.7024 25.0731,
	54.7053 25.076,
	54.7053 25.082,
	54.7142 25.1056,
	54.7142 25.1086,
	54.7246 25.1204,
	54.7334 25.1293,
	54.7556 25.1397,
	54.7615 25.1412,
	54.7837 25.1574,
	54.7926 25.1693,
	54.8015 25.1781,
	54.8059 25.1841,
	54.8163 25.19,
	54.8222 25.1929,
	54.8252 25.1959,
	54.8725 25.2151,
	54.8844 25.2225,
	54.8858 25.2255,
	54.8888 25.2255,
	54.9006 25.2329,
	54.9066 25.2359,
	54.9095 25.2388,
	54.9332 25.2477,
	54.945 25.2536,
	54.951 25.2581,
	54.9569 25.2595,
	54.9628 25.264,
	54.9687 25.2655,
	54.9924 25.2832,
	55.0013 25.2936,
	55.0042 25.2995,
	55.0072 25.3024,
	55.0072 25.3054,
	55.0131 25.3113,
	55.019 25.3143,
	55.0205 25.3172,
	55.0442 25.3261,
	55.0545 25.3365,
	55.056 25.3483,
	55.0605 25.3602,
	55.0634 25.3838,
	55.0708 25.4075,
	55.0797 25.4549,
	55.0797 25.5022,
	55.0812 25.5141,
	55.0901 25.5377,
	55.0915 25.5614,
	55.0841 25.5718,
	55.0723 25.5792,
	55.0249 25.5925,
	55.0027 25.5999,
	54.9791 25.6102,
	54.9672 25.6147,
	54.9613 25.6162,
	54.9584 25.6191,
	54.9347 25.6236,
	54.9228 25.625,
	54.8992 25.6206,
	54.8873 25.6132,
	54.8844 25.6073,
	54.8725 25.5969,
	54.8666 25.594,
	54.8607 25.588,
	54.8577 25.588,
	54.8518 25.5836,
	54.84 25.5806,
	54.8281 25.5821,
	54.8222 25.5866,
	54.8163 25.5969,
	54.8119 25.6206,
	54.8104 25.6324,
	54.8059 25.6443,
	54.7971 25.6546,
	54.7852 25.6635,
	54.7793 25.668,
	54.7675 25.6724,
	54.7453 25.6901,
	54.6994 25.7153,
	54.6876 25.7197,
	54.6654 25.7345,
	54.6535 25.7434,
	54.6476 25.7449,
	54.6446 25.7479,
	54.621 25.7567,
	54.5736 25.7671,
	54.5677 25.7701,
	54.5618 25.7701,
	54.5588 25.773,
	54.5529 25.773,
	54.547 25.776,
	54.544 25.776,
	54.5381 25.7804,
	54.4908 25.7996,
	54.4878 25.8026,
	54.4641 25.8011,
	54.4582 25.8011,
	54.4523 25.7982,
	54.4286 25.7996,
	54.4094 25.8189,
	54.3901 25.8337,
	54.3428 25.8485,
	54.3398 25.8485,
	54.3369 25.8514,
	54.325 25.8544,
	54.3191 25.8559,
	54.3161 25.8588,
	54.2925 25.8574,
	54.2806 25.8574,
	54.2569 25.8514,
	54.2451 25.8455,
	54.2392 25.8411,
	54.2362 25.8411,
	54.2333 25.8381,
	54.2303 25.8381,
	54.2066 25.8218,
	54.1978 25.813,
	54.1904 25.8011,
	54.1859 25.7952,
	54.1756 25.7715,
	54.1622 25.7479,
	54.1519 25.7375,
	54.146 25.7345,
	54.143 25.7345,
	54.14 25.7316,
	54.1282 25.7286,
	54.1179 25.7197,
	54.1119 25.7138,
	54.1105 25.7079,
	54.0942 25.6887,
	54.0838 25.6768,
	54.0749 25.6694,
	54.0646 25.6576,
	54.0572 25.6458,
	54.0527 25.6398,
	54.0483 25.6162,
	54.0453 25.6043,
	54.0439 25.5984,
	54.0291 25.5747,
	54.0246 25.5703,
	54.0143 25.5466,
	54.0143 25.5407,
	54.0069 25.517,
	54.0024 25.4933,
	53.9995 25.4815,
	53.9995 25.4785,
	53.9965 25.4771,
	53.9936 25.4652,
	53.9891 25.4593,
	53.9891 25.4563,
	53.9862 25.4534,
	53.9862 25.4504,
	53.9817 25.446,
	53.9802 25.4341,
	53.9832 25.3868,
	53.9788 25.3394,
	53.9788 25.3276,
	53.9788 25.3261,
	"/>
<Contour name="d004_i05_o23" hidden="false" closed="true" simplified="true" border="1 1 0" fill="0 0 1" mode="11"
 points="53.9788 25.3246,
	53.9876 25.301,
	53.9921 25.2891,
	53.995 25.2862,
	53.995 25.2832,
	54.0054 25.2714,
	54.0084 25.2655,
	54.0276 25.2462,
	54.0379 25.2344,
	54.0453 25.224,
	54.0453 25.2211,
	54.0542 25.2107,
	54.0587 25.2048,
	54.0616 25.2018,
	54.0616 25.1989,
	54.0675 25.1929,
	54.0749 25.1811,
	54.0764 25.1752,
	54.0749 25.1634,
	54.0764 25.1515,
	54.0764 25.1486,
	54.1001 25.1308,
	54.1105 25.1204,
	54.1341 25.1101,
	54.1578 25.1101,
	54.1696 25.1116,
	54.1815 25.116,
	54.2052 25.1204,
	54.2288 25.1293,
	54.2525 25.1293,
	54.2643 25.1278,
	54.2703 25.1264,
	54.2732 25.1234,
	54.2851 25.1204,
	54.288 25.1204,
	54.3117 25.1042,
	54.3591 25.0775,
	54.3709 25.0731,
	54.3768 25.0686,
	54.4005 25.0598,
	54.4478 25.0568,
	54.4597 25.0568,
	54.4715 25.0524,
	54.4952 25.0361,
	54.5055 25.0287,
	54.5115 25.0243,
	54.5144 25.0243,
	54.5366 25.0065,
	54.5603 25.0065,
	54.5721 25.0095,
	54.584 25.0154,
	54.5869 25.0183,
	54.5988 25.0213,
	54.6017 25.0213,
	54.6047 25.0243,
	54.652 25.0391,
	54.658 25.0435,
	54.6816 25.0494,
	54.6935 25.0553,
	54.7009 25.0672,
	54.7024 25.0731,
	54.7053 25.076,
	54.7053 25.082,
	54.7142 25.1056,
	54.7142 25.1086,
	54.7246 25.1204,
	54.7334 25.1293,
	54.7556 25.1397,
	54.7615 25.1412,
	54.7837 25.1574,
	54.7926 25.1693,
	54.8015 25.1781,
	54.8059 25.1841,
	54.8163 25.19,
	54.8222 25.1929,
	54.8252 25.1959,
	54.8725 25.2151,
	54.8844 25.2225,
	54.8858 25.2255,
	54.8888 25.2255,
	54.9006 25.2329,
	54.9066 25.2359,
	54.9095 25.2388,
	54.9332 25.2477,
	54.945 25.2536,
	54.951 25.2581,
	54.9569 25.2595,
	54.9628 25.264,
	54.9687 25.2655,
	54.9924 25.2832,
	55.0013 25.2936,
	55.0042 25.2995,
	55.0072 25.3024,
	55.0072 25.3054,
	55.0131 25.3113,
	55.019 25.3143,
	55.0205 25.3172,
	55.0442 25.3261,
	55.0545 25.3365,
	55.056 25.3483,
	55.0605 25.3602,
	55.0634 25.3838,
	55.0708 25.4075,
	55.0797 25.4549,
	55.0797 25.5022,
	55.0812 25.5141,
	55.0901 25.5377,
	55.0915 25.5614,
	55.0841 25.5718,
	55.0723 25.5792,
	55.0249 25.5925,
	55.0027 25.5999,
	54.9791 25.6102,
	54.9672 25.6147,
	54.9613 25.6162,
	54.9584 25.6191,
	54.9347 25.6236,
	54.9228 25.625,
	54.8992 25.6206,
	54.8873 25.6132,
	54.8844 25.6073,
	54.8725 25.5969,
	54.8666 25.594,
	54.8607 25.588,
	54.8577 25.588,
	54.8518 25.5836,
	54.84 25.5806,
	54.8281 25.5821,
	54.8222 25.5866,
	54.8163 25.5969,
	54.8119 25.6206,
	54.8104 25.6324,
	54.8059 25.6443,
	54.7971 25.6546,
	54.7852 25.6635,
	54.7793 25.668,
	54.7675 25.6724,
	54.7453 25.6901,
	54.6994 25.7153,
	54.6876 25.7197,
	54.6654 25.7345,
	54.6535 25.7434,
	54.6476 25.7449,
	54.6446 25.7479,
	54.621 25.7567,
	54.5736 25.7671,
	54.5677 25.7701,
	54.5618 25.7701,
	54.5588 25.773,
	54.5529 25.773,
	54.547 25.776,
	54.544 25.776,
	54.5381 25.7804,
	54.4908 25.7996,
	54.4878 25.8026,
	54.4641 25.8011,
	54.4582 25.8011,
	54.4523 25.7982,
	54.4286 25.7996,
	54.4094 25.8189,
	54.3901 25.8337,
	54.3428 25.8485,
	54.3398 25.8485,
	54.3369 25.8514,
	54.325 25.8544,
	54.3191 25.8559,
	54.3161 25.8588,
	54.2925 25.8574,
	54.2806 25.8574,
	54.2569 25.8514,
	54.2451 25.8455,
	54.2392 25.8411,
	54.2362 25.8411,
	54.2333 25.8381,
	54.2303 25.8381,
	54.2066 25.8218,
	54.1978 25.813,
	54.1904 25.8011,
	54.1859 25.7952,
	54.1756 25.7715,
	54.1622 25.7479,
	54.1519 25.7375,
	54.146 25.7345,
	54.143 25.7345,
	54.14 25.7316,
	54.1282 25.7286,
	54.1179 25.7197,
	54.1119 25.7138,
	54.1105 25.7079,
	54.0942 25.6887,
	54.0838 25.6768,
	54.0749 25.6694,
	54.0646 25.6576,
	54.0572 25.6458,
	54.0527 25.6398,
	54.0483 25.6162,
	54.0453 25.6043,
	54.0439 25.5984,
	54.0291 25.5747,
	54.0246 25.5703,
	54.0143 25.5466,
	54.0143 25.5407,
	54.0069 25.517,
	54.0024 25.4933,
	53.9995 25.4815,
	53.9995 25.4785,
	53.9965 25.4771,
	53.9936 25.4652,
	53.9891 25.4593,
	53.9891 25.4563,
	53.9862 25.4534,
	53.9862 25.4504,
	53.9817 25.446,
	53.9802 25.4341,
	53.9832 25.3868,
	53.9788 25.3394,
	53.9788 25.3276,
	53.9788 25.3261,
	"/>
<Contour name="d004_i05_o22" hidden="false" closed="true" simplified="true" border="1 1 0" fill="0 0 1" mode="11"
 points="53.9788 25.3246,
	53.9876 25.301,
	53.9921 25.2891,
	53.995 25.2862,
	53.995 25.2832,
	54.0054 25.2714,
	54.0084 25.2655,
	54.0276 25.2462,
	54.0379 25.2344,
	54.0453 25.224,
	54.0453 25.2211,
	54.0542 25.2107,
	54.0587 25.2048,
	54.0616 25.2018,
	54.0616 25.1989,
	54.0675 25.1929,
	54.0749 25.1811,
	54.0764 25.1752,
	54.0749 25.1634,
	54.0764 25.1515,
	54.0764 25.1486,
	54.1001 25.1308,
	54.1105 25.1204,
	54.1341 25.1101,
	54.1578 25.1101,
	54.1696 25.1116,
	54.1815 25.116,
	54.2052 25.1204,
	54.2288 25.1293,
	54.2525 25.1293,
	54.2643 25.1278,
	54.2703 25.1264,
	54.2732 25.1234,
	54.2851 25.1204,
	54.288 25.1204,
	54.3117 25.1042,
	54.3591 25.0775,
	54.3709 25.0731,
	54.3768 25.0686,
	54.4005 25.0598,
	54.4478 25.0568,
	54.4597 25.0568,
	54.4715 25.0524,
	54.4952 25.0361,
	54.5055 25.0287,
	54.5115 25.0243,
	54.5144 25.0243,
	54.5366 25.0065,
	54.5603 25.0065,
	54.5721 25.0095,
	54.584 25.0154,
	54.5869 25.0183,
	54.5988 25.0213,
	54.6017 25.0213,
	54.6047 25.0243,
	54.652 25.0391,
	54.658 25.0435,
	54.6816 25.0494,
	54.6935 25.0553,
	54.7009 25.0672,
	54.7024 25.0731,
	54.7053 25.076,
	54.7053 25.082,
	54.7142 25.1056,
	54.7142 25.1086,
	54.7246 25.1204,
	54.7334 25.1293,
	54.7556 25.1397,
	54.7615 25.1412,
	54.7837 25.1574,
	54.7926 25.1693,
	54.8015 25.1781,
	54.8059 25.1841,
	54.8163 25.19,
	54.8222 25.1929,
	54.8252 25.1959,
	54.8725 25.2151,
	54.8844 25.2225,
	54.8858 25.2255,
	54.8888 25.2255,
	54.9006 25.2329,
	54.9066 25.2359,
	54.9095 25.2388,
	54.9332 25.2477,
	54.945 25.2536,
	54.951 25.2581,
	54.9569 25.2595,
	54.9628 25.264,
	54.9687 25.2655,
	54.9924 25.2832,
	55.0013 25.2936,
	55.0042 25.2995,
	55.0072 25.3024,
	55.0072 25.3054,
	55.0131 25.3113,
	55.019 25.3143,
	55.0205 25.3172,
	55.0442 25.3261,
	55.0545 25.3365,
	55.056 25.3483,
	55.0605 25.3602,
	55.0634 25.3838,
	55.0708 25.4075,
	55.0797 25.4549,
	55.0797 25.5022,
	55.0812 25.5141,
	55.0901 25.5377,
	55.0915 25.5614,
	55.0841 25.5718,
	55.0723 25.5792,
	55.0249 25.5925,
	55.0027 25.5999,
	54.9791 25.6102,
	54.9672 25.6147,
	54.9613 25.6162,
	54.9584 25.6191,
	54.9347 25.6236,
	54.9228 25.625,
	54.8992 25.6206,
	54.8873 25.6132,
	54.8844 25.6073,
	54.8725 25.5969,
	54.8666 25.594,
	54.8607 25.588,
	54.8577 25.588,
	54.8518 25.5836,
	54.84 25.5806,
	54.8281 25.5821,
	54.8222 25.5866,
	54.8163 25.5969,
	54.8119 25.6206,
	54.8104 25.6324,
	54.8059 25.6443,
	54.7971 25.6546,
	54.7852 25.6635,
	54.7793 25.668,
	54.7675 25.6724,
	54.7453 25.6901,
	54.6994 25.7153,
	54.6876 25.7197,
	54.6654 25.7345,
	54.6535 25.7434,
	54.6476 25.7449,
	54.6446 25.7479,
	54.621 25.7567,
	54.5736 25.7671,
	54.5677 25.7701,
	54.5618 25.7701,
	54.5588 25.773,
	54.5529 25.773,
	54.547 25.776,
	54.544 25.776,
	54.5381 25.7804,
	54.4908 25.7996,
	54.4878 25.8026,
	54.4641 25.8011,
	54.4582 25.8011,
	54.4523 25.7982,
	54.4286 25.7996,
	54.4094 25.8189,
	54.3901 25.8337,
	54.3428 25.8485,
	54.3398 25.8485,
	54.3369 25.8514,
	54.325 25.8544,
	54.3191 25.8559,
	54.3161 25.8588,
	54.2925 25.8574,
	54.2806 25.8574,
	54.2569 25.8514,
	54.2451 25.8455,
	54.2392 25.8411,
	54.2362 25.8411,
	54.2333 25.8381,
	54.2303 25.8381,
	54.2066 25.8218,
	54.1978 25.813,
	54.1904 25.8011,
	54.1859 25.7952,
	54.1756 25.7715,
	54.1622 25.7479,
	54.1519 25.7375,
	54.146 25.7345,
	54.143 25.7345,
	54.14 25.7316,
	54.1282 25.7286,
	54.1179 25.7197,
	54.1119 25.7138,
	54.1105 25.7079,
	54.0942 25.6887,
	54.0838 25.6768,
	54.0749 25.6694,
	54.0646 25.6576,
	54.0572 25.6458,
	54.0527 25.6398,
	54.0483 25.6162,
	54.0453 25.6043,
	54.0439 25.5984,
	54.0291 25.5747,
	54.0246 25.5703,
	54.0143 25.5466,
	54.0143 25.5407,
	54.0069 25.517,
	54.0024 25.4933,
	53.9995 25.4815,
	53.9995 25.4785,
	53.9965 25.4771,
	53.9936 25.4652,
	53.9891 25.4593,
	53.9891 25.4563,
	53.9862 25.4534,
	53.9862 25.4504,
	53.9817 25.446,
	53.9802 25.4341,
	53.9832 25.3868,
	53.9788 25.3394,
	53.9788 25.3276,
	53.9788 25.3261,
	"/>
<Contour name="d004_i05_o21" hidden="false" closed="true" simplified="true" border="1 1 0" fill="0 0 1" mode="11"
 points="53.9788 25.3246,
	53.9876 25.301,
	53.9921 25.2891,
	53.995 25.2862,
	53.995 25.2832,
	54.0054 25.2714,
	54.0084 25.2655,
	54.0276 25.2462,
	54.0379 25.2344,
	54.0453 25.224,
	54.0453 25.2211,
	54.0542 25.2107,
	54.0587 25.2048,
	54.0616 25.2018,
	54.0616 25.1989,
	54.0675 25.1929,
	54.0749 25.1811,
	54.0764 25.1752,
	54.0749 25.1634,
	54.0764 25.1515,
	54.0764 25.1486,
	54.1001 25.1308,
	54.1105 25.1204,
	54.1341 25.1101,
	54.1578 25.1101,
	54.1696 25.1116,
	54.1815 25.116,
	54.2052 25.1204,
	54.2288 25.1293,
	54.2525 25.1293,
	54.2643 25.1278,
	54.2703 25.1264,
	54.2732 25.1234,
	54.2851 25.1204,
	54.288 25.1204,
	54.3117 25.1042,
	54.3591 25.0775,
	54.3709 25.0731,
	54.3768 25.0686,
	54.4005 25.0598,
	54.4478 25.0568,
	54.4597 25.0568,
	54.4715 25.0524,
	54.4952 25.0361,
	54.5055 25.0287,
	54.5115 25.0243,
	54.5144 25.0243,
	54.5366 25.0065,
	54.5603 25.0065,
	54.5721 25.0095,
	54.584 25.0154,
	54.5869 25.0183,
	54.5988 25.0213,
	54.6017 25.0213,
	54.6047 25.0243,
	54.652 25.0391,
	54.658 25.0435,
	54.6816 25.0494,
	54.6935 25.0553,
	54.7009 25.0672,
	54.7024 25.0731,
	54.7053 25.076,
	54.7053 25.082,
	54.7142 25.1056,
	54.7142 25.1086,
	54.7246 25.1204,
	54.7334 25.1293,
	54.7556 25.1397,
	54.7615 25.1412,
	54.7837 25.1574,
	54.7926 25.1693,
	54.8015 25.1781,
	54.8059 25.1841,
	54.8163 25.19,
	54.8222 25.1929,
	54.8252 25.1959,
	54.8725 25.2151,
	54.8844 25.2225,
	54.8858 25.2255,
	54.8888 25.2255,
	54.9006 25.2329,
	54.9066 25.2359,
	54.9095 25.2388,
	54.9332 25.2477,
	54.945 25.2536,
	54.951 25.2581,
	54.9569 25.2595,
	54.9628 25.264,
	54.9687 25.2655,
	54.9924 25.2832,
	55.0013 25.2936,
	55.0042 25.2995,
	55.0072 25.3024,
	55.0072 25.3054,
	55.0131 25.3113,
	55.019 25.3143,
	55.0205 25.3172,
	55.0442 25.3261,
	55.0545 25.3365,
	55.056 25.3483,
	55.0605 25.3602,
	55.0634 25.3838,
	55.0708 25.4075,
	55.0797 25.4549,
	55.0797 25.5022,
	55.0812 25.5141,
	55.0901 25.5377,
	55.0915 25.5614,
	55.0841 25.5718,
	55.0723 25.5792,
	55.0249 25.5925,
	55.0027 25.5999,
	54.9791 25.6102,
	54.9672 25.6147,
	54.9613 25.6162,
	54.9584 25.6191,
	54.9347 25.6236,
	54.9228 25.625,
	54.8992 25.6206,
	54.8873 25.6132,
	54.8844 25.6073,
	54.8725 25.5969,
	54.8666 25.594,
	54.8607 25.588,
	54.8577 25.588,
	54.8518 25.5836,
	54.84 25.5806,
	54.8281 25.5821,
	54.8222 25.5866,
	54.8163 25.5969,
	54.8119 25.6206,
	54.8104 25.6324,
	54.8059 25.6443,
	54.7971 25.6546,
	54.7852 25.6635,
	54.7793 25.668,
	54.7675 25.6724,
	54.7453 25.6901,
	54.6994 25.7153,
	54.6876 25.7197,
	54.6654 25.7345,
	54.6535 25.7434,
	54.6476 25.7449,
	54.6446 25.7479,
	54.621 25.7567,
	54.5736 25.7671,
	54.5677 25.7701,
	54.5618 25.7701,
	54.5588 25.773,
	54.5529 25.773,
	54.547 25.776,
	54.544 25.776,
	54.5381 25.7804,
	54.4908 25.7996,
	54.4878 25.8026,
	54.4641 25.8011,
	54.4582 25.8011,
	54.4523 25.7982,
	54.4286 25.7996,
	54.4094 25.8189,
	54.3901 25.8337,
	54.3428 25.8485,
	54.3398 25.8485,
	54.3369 25.8514,
	54.325 25.8544,
	54.3191 25.8559,
	54.3161 25.8588,
	54.2925 25.8574,
	54.2806 25.8574,
	54.2569 25.8514,
	54.2451 25.8455,
	54.2392 25.8411,
	54.2362 25.8411,
	54.2333 25.8381,
	54.2303 25.8381,
	54.2066 25.8218,
	54.1978 25.813,
	54.1904 25.8011,
	54.1859 25.7952,
	54.1756 25.7715,
	54.1622 25.7479,
	54.1519 25.7375,
	54.146 25.7345,
	54.143 25.7345,
	54.14 25.7316,
	54.1282 25.7286,
	54.1179 25.7197,
	54.1119 25.7138,
	54.1105 25.7079,
	54.0942 25.6887,
	54.0838 25.6768,
	54.0749 25.6694,
	54.0646 25.6576,
	54.0572 25.6458,
	54.0527 25.6398,
	54.0483 25.6162,
	54.0453 25.6043,
	54.0439 25.5984,
	54.0291 25.5747,
	54.0246 25.5703,
	54.0143 25.5466,
	54.0143 25.5407,
	54.0069 25.517,
	54.0024 25.4933,
	53.9995 25.4815,
	53.9995 25.4785,
	53.9965 25.4771,
	53.9936 25.4652,
	53.9891 25.4593,
	53.9891 25.4563,
	53.9862 25.4534,
	53.9862 25.4504,
	53.9817 25.446,
	53.9802 25.4341,
	53.9832 25.3868,
	53.9788 25.3394,
	53.9788 25.3276,
	53.9788 25.3261,
	"/>
<Contour name="d004_i05_o20" hidden="false" closed="true" simplified="true" border="1 1 0" fill="0 0 1" mode="11"
 points="53.9788 25.3246,
	53.9876 25.301,
	53.9921 25.2891,
	53.995 25.2862,
	53.995 25.2832,
	54.0054 25.2714,
	54.0084 25.2655,
	54.0276 25.2462,
	54.0379 25.2344,
	54.0453 25.224,
	54.0453 25.2211,
	54.0542 25.2107,
	54.0587 25.2048,
	54.0616 25.2018,
	54.0616 25.1989,
	54.0675 25.1929,
	54.0749 25.1811,
	54.0764 25.1752,
	54.0749 25.1634,
	54.0764 25.1515,
	54.0764 25.1486,
	54.1001 25.1308,
	54.1105 25.1204,
	54.1341 25.1101,
	54.1578 25.1101,
	54.1696 25.1116,
	54.1815 25.116,
	54.2052 25.1204,
	54.2288 25.1293,
	54.2525 25.1293,
	54.2643 25.1278,
	54.2703 25.1264,
	54.2732 25.1234,
	54.2851 25.1204,
	54.288 25.1204,
	54.3117 25.1042,
	54.3591 25.0775,
	54.3709 25.0731,
	54.3768 25.0686,
	54.4005 25.0598,
	54.4478 25.0568,
	54.4597 25.0568,
	54.4715 25.0524,
	54.4952 25.0361,
	54.5055 25.0287,
	54.5115 25.0243,
	54.5144 25.0243,
	54.5366 25.0065,
	54.5603 25.0065,
	54.5721 25.0095,
	54.584 25.0154,
	54.5869 25.0183,
	54.5988 25.0213,
	54.6017 25.0213,
	54.6047 25.0243,
	54.652 25.0391,
	54.658 25.0435,
	54.6816 25.0494,
	54.6935 25.0553,
	54.7009 25.0672,
	54.7024 25.0731,
	54.7053 25.076,
	54.7053 25.082,
	54.7142 25.1056,
	54.7142 25.1086,
	54.7246 25.1204,
	54.7334 25.1293,
	54.7556 25.1397,
	54.7615 25.1412,
	54.7837 25.1574,
	54.7926 25.1693,
	54.8015 25.1781,
	54.8059 25.1841,
	54.8163 25.19,
	54.8222 25.1929,
	54.8252 25.1959,
	54.8725 25.2151,
	54.8844 25.2225,
	54.8858 25.2255,
	54.8888 25.2255,
	54.9006 25.2329,
	54.9066 25.2359,
	54.9095 25.2388,
	54.9332 25.2477,
	54.945 25.2536,
	54.951 25.2581,
	54.9569 25.2595,
	54.9628 25.264,
	54.9687 25.2655,
	54.9924 25.2832,
	55.0013 25.2936,
	55.0042 25.2995,
	55.0072 25.3024,
	55.0072 25.3054,
	55.0131 25.3113,
	55.019 25.3143,
	55.0205 25.3172,
	55.0442 25.3261,
	55.0545 25.3365,
	55.056 25.3483,
	55.0605 25.3602,
	55.0634 25.3838,
	55.0708 25.4075,
	55.0797 25.4549,
	55.0797 25.5022,
	55.0812 25.5141,
	55.0901 25.5377,
	55.0915 25.5614,
	55.0841 25.5718,
	55.0723 25.5792,
	55.0249 25.5925,
	55.0027 25.5999,
	54.9791 25.6102,
	54.9672 25.6147,
	54.9613 25.6162,
	54.9584 25.6191,
	54.9347 25.6236,
	54.9228 25.625,
	54.8992 25.6206,
	54.8873 25.6132,
	54.8844 25.6073,
	54.8725 25.5969,
	54.8666 25.594,
	54.8607 25.588,
	54.8577 25.588,
	54.8518 25.5836,
	54.84 25.5806,
	54.8281 25.5821,
	54.8222 25.5866,
	54.8163 25.5969,
	54.8119 25.6206,
	54.8104 25.6324,
	54.8059 25.6443,
	54.7971 25.6546,
	54.7852 25.6635,
	54.7793 25.668,
	54.7675 25.6724,
	54.7453 25.6901,
	54.6994 25.7153,
	54.6876 25.7197,
	54.6654 25.7345,
	54.6535 25.7434,
	54.6476 25.7449,
	54.6446 25.7479,
	54.621 25.7567,
	54.5736 25.7671,
	54.5677 25.7701,
	54.5618 25.7701,
	54.5588 25.773,
	54.5529 25.773,
	54.547 25.776,
	54.544 25.776,
	54.5381 25.7804,
	54.4908 25.7996,
	54.4878 25.8026,
	54.4641 25.8011,
	54.4582 25.8011,
	54.4523 25.7982,
	54.4286 25.7996,
	54.4094 25.8189,
	54.3901 25.8337,
	54.3428 25.8485,
	54.3398 25.8485,
	54.3369 25.8514,
	54.325 25.8544,
	54.3191 25.8559,
	54.3161 25.8588,
	54.2925 25.8574,
	54.2806 25.8574,
	54.2569 25.8514,
	54.2451 25.8455,
	54.2392 25.8411,
	54.2362 25.8411,
	54.2333 25.8381,
	54.2303 25.8381,
	54.2066 25.8218,
	54.1978 25.813,
	54.1904 25.8011,
	54.1859 25.7952,
	54.1756 25.7715,
	54.1622 25.7479,
	54.1519 25.7375,
	54.146 25.7345,
	54.143 25.7345,
	54.14 25.7316,
	54.1282 25.7286,
	54.1179 25.7197,
	54.1119 25.7138,
	54.1105 25.7079,
	54.0942 25.6887,
	54.0838 25.6768,
	54.0749 25.6694,
	54.0646 25.6576,
	54.0572 25.6458,
	54.0527 25.6398,
	54.0483 25.6162,
	54.0453 25.6043,
	54.0439 25.5984,
	54.0291 25.5747,
	54.0246 25.5703,
	54.0143 25.5466,
	54.0143 25.5407,
	54.0069 25.517,
	54.0024 25.4933,
	53.9995 25.4815,
	53.9995 25.4785,
	53.9965 25.4771,
	53.9936 25.4652,
	53.9891 25.4593,
	53.9891 25.4563,
	53.9862 25.4534,
	53.9862 25.4504,
	53.9817 25.446,
	53.9802 25.4341,
	53.9832 25.3868,
	53.9788 25.3394,
	53.9788 25.3276,
	53.9788 25.3261,
	"/>
<Contour name="d004_i05_o19" hidden="false" closed="true" simplified="true" border="1 1 0" fill="0 0 1" mode="11"
 points="53.9788 25.3246,
	53.9876 25.301,
	53.9921 25.2891,
	53.995 25.2862,
	53.995 25.2832,
	54.0054 25.2714,
	54.0084 25.2655,
	54.0276 25.2462,
	54.0379 25.2344,
	54.0453 25.224,
	54.0453 25.2211,
	54.0542 25.2107,
	54.0587 25.2048,
	54.0616 25.2018,
	54.0616 25.1989,
	54.0675 25.1929,
	54.0749 25.1811,
	54.0764 25.1752,
	54.0749 25.1634,
	54.0764 25.1515,
	54.0764 25.1486,
	54.1001 25.1308,
	54.1105 25.1204,
	54.1341 25.1101,
	54.1578 25.1101,
	54.1696 25.1116,
	54.1815 25.116,
	54.2052 25.1204,
	54.2288 25.1293,
	54.2525 25.1293,
	54.2643 25.1278,
	54.2703 25.1264,
	54.2732 25.1234,
	54.2851 25.1204,
	54.288 25.1204,
	54.3117 25.1042,
	54.3591 25.0775,
	54.3709 25.0731,
	54.3768 25.0686,
	54.4005 25.0598,
	54.4478 25.0568,
	54.4597 25.0568,
	54.4715 25.0524,
	54.4952 25.0361,
	54.5055 25.0287,
	54.5115 25.0243,
	54.5144 25.0243,
	54.5366 25.0065,
	54.5603 25.0065,
	54.5721 25.0095,
	54.584 25.0154,
	54.5869 25.0183,
	54.5988 25.0213,
	54.6017 25.0213,
	54.6047 25.0243,
	54.652 25.0391,
	54.658 25.0435,
	54.6816 25.0494,
	54.6935 25.0553,
	54.7009 25.0672,
	54.7024 25.0731,
	54.7053 25.076,
	54.7053 25.082,
	54.7142 25.1056,
	54.7142 25.1086,
	54.7246 25.1204,
	54.7334 25.1293,
	54.7556 25.1397,
	54.7615 25.1412,
	54.7837 25.1574,
	54.7926 25.1693,
	54.8015 25.1781,
	54.8059 25.1841,
	54.8163 25.19,
	54.8222 25.1929,
	54.8252 25.1959,
	54.8725 25.2151,
	54.8844 25.2225,
	54.8858 25.2255,
	54.8888 25.2255,
	54.9006 25.2329,
	54.9066 25.2359,
	54.9095 25.2388,
	54.9332 25.2477,
	54.945 25.2536,
	54.951 25.2581,
	54.9569 25.2595,
	54.9628 25.264,
	54.9687 25.2655,
	54.9924 25.2832,
	55.0013 25.2936,
	55.0042 25.2995,
	55.0072 25.3024,
	55.0072 25.3054,
	55.0131 25.3113,
	55.019 25.3143,
	55.0205 25.3172,
	55.0442 25.3261,
	55.0545 25.3365,
	55.056 25.3483,
	55.0605 25.3602,
	55.0634 25.3838,
	55.0708 25.4075,
	55.0797 25.4549,
	55.0797 25.5022,
	55.0812 25.5141,
	55.0901 25.5377,
	55.0915 25.5614,
	55.0841 25.5718,
	55.0723 25.5792,
	55.0249 25.5925,
	55.0027 25.5999,
	54.9791 25.6102,
	54.9672 25.6147,
	54.9613 25.6162,
	54.9584 25.6191,
	54.9347 25.6236,
	54.9228 25.625,
	54.8992 25.6206,
	54.8873 25.6132,
	54.8844 25.6073,
	54.8725 25.5969,
	54.8666 25.594,
	54.8607 25.588,
	54.8577 25.588,
	54.8518 25.5836,
	54.84 25.5806,
	54.8281 25.5821,
	54.8222 25.5866,
	54.8163 25.5969,
	54.8119 25.6206,
	54.8104 25.6324,
	54.8059 25.6443,
	54.7971 25.6546,
	54.7852 25.6635,
	54.7793 25.668,
	54.7675 25.6724,
	54.7453 25.6901,
	54.6994 25.7153,
	54.6876 25.7197,
	54.6654 25.7345,
	54.6535 25.7434,
	54.6476 25.7449,
	54.6446 25.7479,
	54.621 25.7567,
	54.5736 25.7671,
	54.5677 25.7701,
	54.5618 25.7701,
	54.5588 25.773,
	54.5529 25.773,
	54.547 25.776,
	54.544 25.776,
	54.5381 25.7804,
	54.4908 25.7996,
	54.4878 25.8026,
	54.4641 25.8011,
	54.4582 25.8011,
	54.4523 25.7982,
	54.4286 25.7996,
	54.4094 25.8189,
	54.3901 25.8337,
	54.3428 25.8485,
	54.3398 25.8485,
	54.3369 25.8514,
	54.325 25.8544,
	54.3191 25.8559,
	54.3161 25.8588,
	54.2925 25.8574,
	54.2806 25.8574,
	54.2569 25.8514,
	54.2451 25.8455,
	54.2392 25.8411,
	54.2362 25.8411,
	54.2333 25.8381,
	54.2303 25.8381,
	54.2066 25.8218,
	54.1978 25.813,
	54.1904 25.8011,
	54.1859 25.7952,
	54.1756 25.7715,
	54.1622 25.7479,
	54.1519 25.7375,
	54.146 25.7345,
	54.143 25.7345,
	54.14 25.7316,
	54.1282 25.7286,
	54.1179 25.7197,
	54.1119 25.7138,
	54.1105 25.7079,
	54.0942 25.6887,
	54.0838 25.6768,
	54.0749 25.6694,
	54.0646 25.6576,
	54.0572 25.6458,
	54.0527 25.6398,
	54.0483 25.6162,
	54.0453 25.6043,
	54.0439 25.5984,
	54.0291 25.5747,
	54.0246 25.5703,
	54.0143 25.5466,
	54.0143 25.5407,
	54.0069 25.517,
	54.0024 25.4933,
	53.9995 25.4815,
	53.9995 25.4785,
	53.9965 25.4771,
	53.9936 25.4652,
	53.9891 25.4593,
	53.9891 25.4563,
	53.9862 25.4534,
	53.9862 25.4504,
	53.9817 25.446,
	53.9802 25.4341,
	53.9832 25.3868,
	53.9788 25.3394,
	53.9788 25.3276,
	53.9788 25.3261,
	"/>
<Contour name="d004_i05_o18" hidden="false" closed="true" simplified="true" border="1 1 0" fill="0 0 1" mode="11"
 points="53.9788 25.3246,
	53.9876 25.301,
	53.9921 25.2891,
	53.995 25.2862,
	53.995 25.2832,
	54.0054 25.2714,
	54.0084 25.2655,
	54.0276 25.2462,
	54.0379 25.2344,
	54.0453 25.224,
	54.0453 25.2211,
	54.0542 25.2107,
	54.0587 25.2048,
	54.0616 25.2018,
	54.0616 25.1989,
	54.0675 25.1929,
	54.0749 25.1811,
	54.0764 25.1752,
	54.0749 25.1634,
	54.0764 25.1515,
	54.0764 25.1486,
	54.1001 25.1308,
	54.1105 25.1204,
	54.1341 25.1101,
	54.1578 25.1101,
	54.1696 25.1116,
	54.1815 25.116,
	54.2052 25.1204,
	54.2288 25.1293,
	54.2525 25.1293,
	54.2643 25.1278,
	54.2703 25.1264,
	54.2732 25.1234,
	54.2851 25.1204,
	54.288 25.1204,
	54.3117 25.1042,
	54.3591 25.0775,
	54.3709 25.0731,
	54.3768 25.0686,
	54.4005 25.0598,
	54.4478 25.0568,
	54.4597 25.0568,
	54.4715 25.0524,
	54.4952 25.0361,
	54.5055 25.0287,
	54.5115 25.0243,
	54.5144 25.0243,
	54.5366 25.0065,
	54.5603 25.0065,
	54.5721 25.0095,
	54.584 25.0154,
	54.5869 25.0183,
	54.5988 25.0213,
	54.6017 25.0213,
	54.6047 25.0243,
	54.652 25.0391,
	54.658 25.0435,
	54.6816 25.0494,
	54.6935 25.0553,
	54.7009 25.0672,
	54.7024 25.0731,
	54.7053 25.076,
	54.7053 25.082,
	54.7142 25.1056,
	54.7142 25.1086,
	54.7246 25.1204,
	54.7334 25.1293,
	54.7556 25.1397,
	54.7615 25.1412,
	54.7837 25.1574,
	54.7926 25.1693,
	54.8015 25.1781,
	54.8059 25.1841,
	54.8163 25.19,
	54.8222 25.1929,
	54.8252 25.1959,
	54.8725 25.2151,
	54.8844 25.2225,
	54.8858 25.2255,
	54.8888 25.2255,
	54.9006 25.2329,
	54.9066 25.2359,
	54.9095 25.2388,
	54.9332 25.2477,
	54.945 25.2536,
	54.951 25.2581,
	54.9569 25.2595,
	54.9628 25.264,
	54.9687 25.2655,
	54.9924 25.2832,
	55.0013 25.2936,
	55.0042 25.2995,
	55.0072 25.3024,
	55.0072 25.3054,
	55.0131 25.3113,
	55.019 25.3143,
	55.0205 25.3172,
	55.0442 25.3261,
	55.0545 25.3365,
	55.056 25.3483,
	55.0605 25.3602,
	55.0634 25.3838,
	55.0708 25.4075,
	55.0797 25.4549,
	55.0797 25.5022,
	55.0812 25.5141,
	55.0901 25.5377,
	55.0915 25.5614,
	55.0841 25.5718,
	55.0723 25.5792,
	55.0249 25.5925,
	55.0027 25.5999,
	54.9791 25.6102,
	54.9672 25.6147,
	54.9613 25.6162,
	54.9584 25.6191,
	54.9347 25.6236,
	54.9228 25.625,
	54.8992 25.6206,
	54.8873 25.6132,
	54.8844 25.6073,
	54.8725 25.5969,
	54.8666 25.594,
	54.8607 25.588,
	54.8577 25.588,
	54.8518 25.5836,
	54.84 25.5806,
	54.8281 25.5821,
	54.8222 25.5866,
	54.8163 25.5969,
	54.8119 25.6206,
	54.8104 25.6324,
	54.8059 25.6443,
	54.7971 25.6546,
	54.7852 25.6635,
	54.7793 25.668,
	54.7675 25.6724,
	54.7453 25.6901,
	54.6994 25.7153,
	54.6876 25.7197,
	54.6654 25.7345,
	54.6535 25.7434,
	54.6476 25.7449,
	54.6446 25.7479,
	54.621 25.7567,
	54.5736 25.7671,
	54.5677 25.7701,
	54.5618 25.7701,
	54.5588 25.773,
	54.5529 25.773,
	54.547 25.776,
	54.544 25.776,
	54.5381 25.7804,
	54.4908 25.7996,
	54.4878 25.8026,
	54.4641 25.8011,
	54.4582 25.8011,
	54.4523 25.7982,
	54.4286 25.7996,
	54.4094 25.8189,
	54.3901 25.8337,
	54.3428 25.8485,
	54.3398 25.8485,
	54.3369 25.8514,
	54.325 25.8544,
	54.3191 25.8559,
	54.3161 25.8588,
	54.2925 25.8574,
	54.2806 25.8574,
	54.2569 25.8514,
	54.2451 25.8455,
	54.2392 25.8411,
	54.2362 25.8411,
	54.2333 25.8381,
	54.2303 25.8381,
	54.2066 25.8218,
	54.1978 25.813,
	54.1904 25.8011,
	54.1859 25.7952,
	54.1756 25.7715,
	54.1622 25.7479,
	54.1519 25.7375,
	54.146 25.7345,
	54.143 25.7345,
	54.14 25.7316,
	54.1282 25.7286,
	54.1179 25.7197,
	54.1119 25.7138,
	54.1105 25.7079,
	54.0942 25.6887,
	54.0838 25.6768,
	54.0749 25.6694,
	54.0646 25.6576,
	54.0572 25.6458,
	54.0527 25.6398,
	54.0483 25.6162,
	54.0453 25.6043,
	54.0439 25.5984,
	54.0291 25.5747,
	54.0246 25.5703,
	54.0143 25.5466,
	54.0143 25.5407,
	54.0069 25.517,
	54.0024 25.4933,
	53.9995 25.4815,
	53.9995 25.4785,
	53.9965 25.4771,
	53.9936 25.4652,
	53.9891 25.4593,
	53.9891 25.4563,
	53.9862 25.4534,
	53.9862 25.4504,
	53.9817 25.446,
	53.9802 25.4341,
	53.9832 25.3868,
	53.9788 25.3394,
	53.9788 25.3276,
	53.9788 25.3261,
	"/>
<Contour name="d004_i05_o17" hidden="false" closed="true" simplified="true" border="1 1 0" fill="0 0 1" mode="11"
 points="53.9788 25.3246,
	53.9876 25.301,
	53.9921 25.2891,
	53.995 25.2862,
	53.995 25.2832,
	54.0054 25.2714,
	54.0084 25.2655,
	54.0276 25.2462,
	54.0379 25.2344,
	54.0453 25.224,
	54.0453 25.2211,
	54.0542 25.2107,
	54.0587 25.2048,
	54.0616 25.2018,
	54.0616 25.1989,
	54.0675 25.1929,
	54.0749 25.1811,
	54.0764 25.1752,
	54.0749 25.1634,
	54.0764 25.1515,
	54.0764 25.1486,
	54.1001 25.1308,
	54.1105 25.1204,
	54.1341 25.1101,
	54.1578 25.1101,
	54.1696 25.1116,
	54.1815 25.116,
	54.2052 25.1204,
	54.2288 25.1293,
	54.2525 25.1293,
	54.2643 25.1278,
	54.2703 25.1264,
	54.2732 25.1234,
	54.2851 25.1204,
	54.288 25.1204,
	54.3117 25.1042,
	54.3591 25.0775,
	54.3709 25.0731,
	54.3768 25.0686,
	54.4005 25.0598,
	54.4478 25.0568,
	54.4597 25.0568,
	54.4715 25.0524,
	54.4952 25.0361,
	54.5055 25.0287,
	54.5115 25.0243,
	54.5144 25.0243,
	54.5366 25.0065,
	54.5603 25.0065,
	54.5721 25.0095,
	54.584 25.0154,
	54.5869 25.0183,
	54.5988 25.0213,
	54.6017 25.0213,
	54.6047 25.0243,
	54.652 25.0391,
	54.658 25.0435,
	54.6816 25.0494,
	54.6935 25.0553,
	54.7009 25.0672,
	54.7024 25.0731,
	54.7053 25.076,
	54.7053 25.082,
	54.7142 25.1056,
	54.7142 25.1086,
	54.7246 25.1204,
	54.7334 25.1293,
	54.7556 25.1397,
	54.7615 25.1412,
	54.7837 25.1574,
	54.7926 25.1693,
	54.8015 25.1781,
	54.8059 25.1841,
	54.8163 25.19,
	54.8222 25.1929,
	54.8252 25.1959,
	54.8725 25.2151,
	54.8844 25.2225,
	54.8858 25.2255,
	54.8888 25.2255,
	54.9006 25.2329,
	54.9066 25.2359,
	54.9095 25.2388,
	54.9332 25.2477,
	54.945 25.2536,
	54.951 25.2581,
	54.9569 25.2595,
	54.9628 25.264,
	54.9687 25.2655,
	54.9924 25.2832,
	55.0013 25.2936,
	55.0042 25.2995,
	55.0072 25.3024,
	55.0072 25.3054,
	55.0131 25.3113,
	55.019 25.3143,
	55.0205 25.3172,
	55.0442 25.3261,
	55.0545 25.3365,
	55.056 25.3483,
	55.0605 25.3602,
	55.0634 25.3838,
	55.0708 25.4075,
	55.0797 25.4549,
	55.0797 25.5022,
	55.0812 25.5141,
	55.0901 25.5377,
	55.0915 25.5614,
	55.0841 25.5718,
	55.0723 25.5792,
	55.0249 25.5925,
	55.0027 25.5999,
	54.9791 25.6102,
	54.9672 25.6147,
	54.9613 25.6162,
	54.9584 25.6191,
	54.9347 25.6236,
	54.9228 25.625,
	54.8992 25.6206,
	54.8873 25.6132,
	54.8844 25.6073,
	54.8725 25.5969,
	54.8666 25.594,
	54.8607 25.588,
	54.8577 25.588,
	54.8518 25.5836,
	54.84 25.5806,
	54.8281 25.5821,
	54.8222 25.5866,
	54.8163 25.5969,
	54.8119 25.6206,
	54.8104 25.6324,
	54.8059 25.6443,
	54.7971 25.6546,
	54.7852 25.6635,
	54.7793 25.668,
	54.7675 25.6724,
	54.7453 25.6901,
	54.6994 25.7153,
	54.6876 25.7197,
	54.6654 25.7345,
	54.6535 25.7434,
	54.6476 25.7449,
	54.6446 25.7479,
	54.621 25.7567,
	54.5736 25.7671,
	54.5677 25.7701,
	54.5618 25.7701,
	54.5588 25.773,
	54.5529 25.773,
	54.547 25.776,
	54.544 25.776,
	54.5381 25.7804,
	54.4908 25.7996,
	54.4878 25.8026,
	54.4641 25.8011,
	54.4582 25.8011,
	54.4523 25.7982,
	54.4286 25.7996,
	54.4094 25.8189,
	54.3901 25.8337,
	54.3428 25.8485,
	54.3398 25.8485,
	54.3369 25.8514,
	54.325 25.8544,
	54.3191 25.8559,
	54.3161 25.8588,
	54.2925 25.8574,
	54.2806 25.8574,
	54.2569 25.8514,
	54.2451 25.8455,
	54.2392 25.8411,
	54.2362 25.8411,
	54.2333 25.8381,
	54.2303 25.8381,
	54.2066 25.8218,
	54.1978 25.813,
	54.1904 25.8011,
	54.1859 25.7952,
	54.1756 25.7715,
	54.1622 25.7479,
	54.1519 25.7375,
	54.146 25.7345,
	54.143 25.7345,
	54.14 25.7316,
	54.1282 25.7286,
	54.1179 25.7197,
	54.1119 25.7138,
	54.1105 25.7079,
	54.0942 25.6887,
	54.0838 25.6768,
	54.0749 25.6694,
	54.0646 25.6576,
	54.0572 25.6458,
	54.0527 25.6398,
	54.0483 25.6162,
	54.0453 25.6043,
	54.0439 25.5984,
	54.0291 25.5747,
	54.0246 25.5703,
	54.0143 25.5466,
	54.0143 25.5407,
	54.0069 25.517,
	54.0024 25.4933,
	53.9995 25.4815,
	53.9995 25.4785,
	53.9965 25.4771,
	53.9936 25.4652,
	53.9891 25.4593,
	53.9891 25.4563,
	53.9862 25.4534,
	53.9862 25.4504,
	53.9817 25.446,
	53.9802 25.4341,
	53.9832 25.3868,
	53.9788 25.3394,
	53.9788 25.3276,
	53.9788 25.3261,
	"/>
<Contour name="d004_i05_o16" hidden="false" closed="true" simplified="true" border="1 1 0" fill="0 0 1" mode="11"
 points="53.9788 25.3246,
	53.9876 25.301,
	53.9921 25.2891,
	53.995 25.2862,
	53.995 25.2832,
	54.0054 25.2714,
	54.0084 25.2655,
	54.0276 25.2462,
	54.0379 25.2344,
	54.0453 25.224,
	54.0453 25.2211,
	54.0542 25.2107,
	54.0587 25.2048,
	54.0616 25.2018,
	54.0616 25.1989,
	54.0675 25.1929,
	54.0749 25.1811,
	54.0764 25.1752,
	54.0749 25.1634,
	54.0764 25.1515,
	54.0764 25.1486,
	54.1001 25.1308,
	54.1105 25.1204,
	54.1341 25.1101,
	54.1578 25.1101,
	54.1696 25.1116,
	54.1815 25.116,
	54.2052 25.1204,
	54.2288 25.1293,
	54.2525 25.1293,
	54.2643 25.1278,
	54.2703 25.1264,
	54.2732 25.1234,
	54.2851 25.1204,
	54.288 25.1204,
	54.3117 25.1042,
	54.3591 25.0775,
	54.3709 25.0731,
	54.3768 25.0686,
	54.4005 25.0598,
	54.4478 25.0568,
	54.4597 25.0568,
	54.4715 25.0524,
	54.4952 25.0361,
	54.5055 25.0287,
	54.5115 25.0243,
	54.5144 25.0243,
	54.5366 25.0065,
	54.5603 25.0065,
	54.5721 25.0095,
	54.584 25.0154,
	54.5869 25.0183,
	54.5988 25.0213,
	54.6017 25.0213,
	54.6047 25.0243,
	54.652 25.0391,
	54.658 25.0435,
	54.6816 25.0494,
	54.6935 25.0553,
	54.7009 25.0672,
	54.7024 25.0731,
	54.7053 25.076,
	54.7053 25.082,
	54.7142 25.1056,
	54.7142 25.1086,
	54.7246 25.1204,
	54.7334 25.1293,
	54.7556 25.1397,
	54.7615 25.1412,
	54.7837 25.1574,
	54.7926 25.1693,
	54.8015 25.1781,
	54.8059 25.1841,
	54.8163 25.19,
	54.8222 25.1929,
	54.8252 25.1959,
	54.8725 25.2151,
	54.8844 25.2225,
	54.8858 25.2255,
	54.8888 25.2255,
	54.9006 25.2329,
	54.9066 25.2359,
	54.9095 25.2388,
	54.9332 25.2477,
	54.945 25.2536,
	54.951 25.2581,
	54.9569 25.2595,
	54.9628 25.264,
	54.9687 25.2655,
	54.9924 25.2832,
	55.0013 25.2936,
	55.0042 25.2995,
	55.0072 25.3024,
	55.0072 25.3054,
	55.0131 25.3113,
	55.019 25.3143,
	55.0205 25.3172,
	55.0442 25.3261,
	55.0545 25.3365,
	55.056 25.3483,
	55.0605 25.3602,
	55.0634 25.3838,
	55.0708 25.4075,
	55.0797 25.4549,
	55.0797 25.5022,
	55.0812 25.5141,
	55.0901 25.5377,
	55.0915 25.5614,
	55.0841 25.5718,
	55.0723 25.5792,
	55.0249 25.5925,
	55.0027 25.5999,
	54.9791 25.6102,
	54.9672 25.6147,
	54.9613 25.6162,
	54.9584 25.6191,
	54.9347 25.6236,
	54.9228 25.625,
	54.8992 25.6206,
	54.8873 25.6132,
	54.8844 25.6073,
	54.8725 25.5969,
	54.8666 25.594,
	54.8607 25.588,
	54.8577 25.588,
	54.8518 25.5836,
	54.84 25.5806,
	54.8281 25.5821,
	54.8222 25.5866,
	54.8163 25.5969,
	54.8119 25.6206,
	54.8104 25.6324,
	54.8059 25.6443,
	54.7971 25.6546,
	54.7852 25.6635,
	54.7793 25.668,
	54.7675 25.6724,
	54.7453 25.6901,
	54.6994 25.7153,
	54.6876 25.7197,
	54.6654 25.7345,
	54.6535 25.7434,
	54.6476 25.7449,
	54.6446 25.7479,
	54.621 25.7567,
	54.5736 25.7671,
	54.5677 25.7701,
	54.5618 25.7701,
	54.5588 25.773,
	54.5529 25.773,
	54.547 25.776,
	54.544 25.776,
	54.5381 25.7804,
	54.4908 25.7996,
	54.4878 25.8026,
	54.4641 25.8011,
	54.4582 25.8011,
	54.4523 25.7982,
	54.4286 25.7996,
	54.4094 25.8189,
	54.3901 25.8337,
	54.3428 25.8485,
	54.3398 25.8485,
	54.3369 25.8514,
	54.325 25.8544,
	54.3191 25.8559,
	54.3161 25.8588,
	54.2925 25.8574,
	54.2806 25.8574,
	54.2569 25.8514,
	54.2451 25.8455,
	54.2392 25.8411,
	54.2362 25.8411,
	54.2333 25.8381,
	54.2303 25.8381,
	54.2066 25.8218,
	54.1978 25.813,
	54.1904 25.8011,
	54.1859 25.7952,
	54.1756 25.7715,
	54.1622 25.7479,
	54.1519 25.7375,
	54.146 25.7345,
	54.143 25.7345,
	54.14 25.7316,
	54.1282 25.7286,
	54.1179 25.7197,
	54.1119 25.7138,
	54.1105 25.7079,
	54.0942 25.6887,
	54.0838 25.6768,
	54.0749 25.6694,
	54.0646 25.6576,
	54.0572 25.6458,
	54.0527 25.6398,
	54.0483 25.6162,
	54.0453 25.6043,
	54.0439 25.5984,
	54.0291 25.5747,
	54.0246 25.5703,
	54.0143 25.5466,
	54.0143 25.5407,
	54.0069 25.517,
	54.0024 25.4933,
	53.9995 25.4815,
	53.9995 25.4785,
	53.9965 25.4771,
	53.9936 25.4652,
	53.9891 25.4593,
	53.9891 25.4563,
	53.9862 25.4534,
	53.9862 25.4504,
	53.9817 25.446,
	53.9802 25.4341,
	53.9832 25.3868,
	53.9788 25.3394,
	53.9788 25.3276,
	53.9788 25.3261,
	"/>
<Contour name="d004_i05_o15" hidden="false" closed="true" simplified="true" border="1 1 0" fill="0 0 1" mode="11"
 points="53.9788 25.3246,
	53.9876 25.301,
	53.9921 25.2891,
	53.995 25.2862,
	53.995 25.2832,
	54.0054 25.2714,
	54.0084 25.2655,
	54.0276 25.2462,
	54.0379 25.2344,
	54.0453 25.224,
	54.0453 25.2211,
	54.0542 25.2107,
	54.0587 25.2048,
	54.0616 25.2018,
	54.0616 25.1989,
	54.0675 25.1929,
	54.0749 25.1811,
	54.0764 25.1752,
	54.0749 25.1634,
	54.0764 25.1515,
	54.0764 25.1486,
	54.1001 25.1308,
	54.1105 25.1204,
	54.1341 25.1101,
	54.1578 25.1101,
	54.1696 25.1116,
	54.1815 25.116,
	54.2052 25.1204,
	54.2288 25.1293,
	54.2525 25.1293,
	54.2643 25.1278,
	54.2703 25.1264,
	54.2732 25.1234,
	54.2851 25.1204,
	54.288 25.1204,
	54.3117 25.1042,
	54.3591 25.0775,
	54.3709 25.0731,
	54.3768 25.0686,
	54.4005 25.0598,
	54.4478 25.0568,
	54.4597 25.0568,
	54.4715 25.0524,
	54.4952 25.0361,
	54.5055 25.0287,
	54.5115 25.0243,
	54.5144 25.0243,
	54.5366 25.0065,
	54.5603 25.0065,
	54.5721 25.0095,
	54.584 25.0154,
	54.5869 25.0183,
	54.5988 25.0213,
	54.6017 25.0213,
	54.6047 25.0243,
	54.652 25.0391,
	54.658 25.0435,
	54.6816 25.0494,
	54.6935 25.0553,
	54.7009 25.0672,
	54.7024 25.0731,
	54.7053 25.076,
	54.7053 25.082,
	54.7142 25.1056,
	54.7142 25.1086,
	54.7246 25.1204,
	54.7334 25.1293,
	54.7556 25.1397,
	54.7615 25.1412,
	54.7837 25.1574,
	54.7926 25.1693,
	54.8015 25.1781,
	54.8059 25.1841,
	54.8163 25.19,
	54.8222 25.1929,
	54.8252 25.1959,
	54.8725 25.2151,
	54.8844 25.2225,
	54.8858 25.2255,
	54.8888 25.2255,
	54.9006 25.2329,
	54.9066 25.2359,
	54.9095 25.2388,
	54.9332 25.2477,
	54.945 25.2536,
	54.951 25.2581,
	54.9569 25.2595,
	54.9628 25.264,
	54.9687 25.2655,
	54.9924 25.2832,
	55.0013 25.2936,
	55.0042 25.2995,
	55.0072 25.3024,
	55.0072 25.3054,
	55.0131 25.3113,
	55.019 25.3143,
	55.0205 25.3172,
	55.0442 25.3261,
	55.0545 25.3365,
	55.056 25.3483,
	55.0605 25.3602,
	55.0634 25.3838,
	55.0708 25.4075,
	55.0797 25.4549,
	55.0797 25.5022,
	55.0812 25.5141,
	55.0901 25.5377,
	55.0915 25.5614,
	55.0841 25.5718,
	55.0723 25.5792,
	55.0249 25.5925,
	55.0027 25.5999,
	54.9791 25.6102,
	54.9672 25.6147,
	54.9613 25.6162,
	54.9584 25.6191,
	54.9347 25.6236,
	54.9228 25.625,
	54.8992 25.6206,
	54.8873 25.6132,
	54.8844 25.6073,
	54.8725 25.5969,
	54.8666 25.594,
	54.8607 25.588,
	54.8577 25.588,
	54.8518 25.5836,
	54.84 25.5806,
	54.8281 25.5821,
	54.8222 25.5866,
	54.8163 25.5969,
	54.8119 25.6206,
	54.8104 25.6324,
	54.8059 25.6443,
	54.7971 25.6546,
	54.7852 25.6635,
	54.7793 25.668,
	54.7675 25.6724,
	54.7453 25.6901,
	54.6994 25.7153,
	54.6876 25.7197,
	54.6654 25.7345,
	54.6535 25.7434,
	54.6476 25.7449,
	54.6446 25.7479,
	54.621 25.7567,
	54.5736 25.7671,
	54.5677 25.7701,
	54.5618 25.7701,
	54.5588 25.773,
	54.5529 25.773,
	54.547 25.776,
	54.544 25.776,
	54.5381 25.7804,
	54.4908 25.7996,
	54.4878 25.8026,
	54.4641 25.8011,
	54.4582 25.8011,
	54.4523 25.7982,
	54.4286 25.7996,
	54.4094 25.8189,
	54.3901 25.8337,
	54.3428 25.8485,
	54.3398 25.8485,
	54.3369 25.8514,
	54.325 25.8544,
	54.3191 25.8559,
	54.3161 25.8588,
	54.2925 25.8574,
	54.2806 25.8574,
	54.2569 25.8514,
	54.2451 25.8455,
	54.2392 25.8411,
	54.2362 25.8411,
	54.2333 25.8381,
	54.2303 25.8381,
	54.2066 25.8218,
	54.1978 25.813,
	54.1904 25.8011,
	54.1859 25.7952,
	54.1756 25.7715,
	54.1622 25.7479,
	54.1519 25.7375,
	54.146 25.7345,
	54.143 25.7345,
	54.14 25.7316,
	54.1282 25.7286,
	54.1179 25.7197,
	54.1119 25.7138,
	54.1105 25.7079,
	54.0942 25.6887,
	54.0838 25.6768,
	54.0749 25.6694,
	54.0646 25.6576,
	54.0572 25.6458,
	54.0527 25.6398,
	54.0483 25.6162,
	54.0453 25.6043,
	54.0439 25.5984,
	54.0291 25.5747,
	54.0246 25.5703,
	54.0143 25.5466,
	54.0143 25.5407,
	54.0069 25.517,
	54.0024 25.4933,
	53.9995 25.4815,
	53.9995 25.4785,
	53.9965 25.4771,
	53.9936 25.4652,
	53.9891 25.4593,
	53.9891 25.4563,
	53.9862 25.4534,
	53.9862 25.4504,
	53.9817 25.446,
	53.9802 25.4341,
	53.9832 25.3868,
	53.9788 25.3394,
	53.9788 25.3276,
	53.9788 25.3261,
	"/>
<Contour name="d004_i05_o14" hidden="false" closed="true" simplified="true" border="1 1 0" fill="0 0 1" mode="11"
 points="53.9788 25.3246,
	53.9876 25.301,
	53.9921 25.2891,
	53.995 25.2862,
	53.995 25.2832,
	54.0054 25.2714,
	54.0084 25.2655,
	54.0276 25.2462,
	54.0379 25.2344,
	54.0453 25.224,
	54.0453 25.2211,
	54.0542 25.2107,
	54.0587 25.2048,
	54.0616 25.2018,
	54.0616 25.1989,
	54.0675 25.1929,
	54.0749 25.1811,
	54.0764 25.1752,
	54.0749 25.1634,
	54.0764 25.1515,
	54.0764 25.1486,
	54.1001 25.1308,
	54.1105 25.1204,
	54.1341 25.1101,
	54.1578 25.1101,
	54.1696 25.1116,
	54.1815 25.116,
	54.2052 25.1204,
	54.2288 25.1293,
	54.2525 25.1293,
	54.2643 25.1278,
	54.2703 25.1264,
	54.2732 25.1234,
	54.2851 25.1204,
	54.288 25.1204,
	54.3117 25.1042,
	54.3591 25.0775,
	54.3709 25.0731,
	54.3768 25.0686,
	54.4005 25.0598,
	54.4478 25.0568,
	54.4597 25.0568,
	54.4715 25.0524,
	54.4952 25.0361,
	54.5055 25.0287,
	54.5115 25.0243,
	54.5144 25.0243,
	54.5366 25.0065,
	54.5603 25.0065,
	54.5721 25.0095,
	54.584 25.0154,
	54.5869 25.0183,
	54.5988 25.0213,
	54.6017 25.0213,
	54.6047 25.0243,
	54.652 25.0391,
	54.658 25.0435,
	54.6816 25.0494,
	54.6935 25.0553,
	54.7009 25.0672,
	54.7024 25.0731,
	54.7053 25.076,
	54.7053 25.082,
	54.7142 25.1056,
	54.7142 25.1086,
	54.7246 25.1204,
	54.7334 25.1293,
	54.7556 25.1397,
	54.7615 25.1412,
	54.7837 25.1574,
	54.7926 25.1693,
	54.8015 25.1781,
	54.8059 25.1841,
	54.8163 25.19,
	54.8222 25.1929,
	54.8252 25.1959,
	54.8725 25.2151,
	54.8844 25.2225,
	54.8858 25.2255,
	54.8888 25.2255,
	54.9006 25.2329,
	54.9066 25.2359,
	54.9095 25.2388,
	54.9332 25.2477,
	54.945 25.2536,
	54.951 25.2581,
	54.9569 25.2595,
	54.9628 25.264,
	54.9687 25.2655,
	54.9924 25.2832,
	55.0013 25.2936,
	55.0042 25.2995,
	55.0072 25.3024,
	55.0072 25.3054,
	55.0131 25.3113,
	55.019 25.3143,
	55.0205 25.3172,
	55.0442 25.3261,
	55.0545 25.3365,
	55.056 25.3483,
	55.0605 25.3602,
	55.0634 25.3838,
	55.0708 25.4075,
	55.0797 25.4549,
	55.0797 25.5022,
	55.0812 25.5141,
	55.0901 25.5377,
	55.0915 25.5614,
	55.0841 25.5718,
	55.0723 25.5792,
	55.0249 25.5925,
	55.0027 25.5999,
	54.9791 25.6102,
	54.9672 25.6147,
	54.9613 25.6162,
	54.9584 25.6191,
	54.9347 25.6236,
	54.9228 25.625,
	54.8992 25.6206,
	54.8873 25.6132,
	54.8844 25.6073,
	54.8725 25.5969,
	54.8666 25.594,
	54.8607 25.588,
	54.8577 25.588,
	54.8518 25.5836,
	54.84 25.5806,
	54.8281 25.5821,
	54.8222 25.5866,
	54.8163 25.5969,
	54.8119 25.6206,
	54.8104 25.6324,
	54.8059 25.6443,
	54.7971 25.6546,
	54.7852 25.6635,
	54.7793 25.668,
	54.7675 25.6724,
	54.7453 25.6901,
	54.6994 25.7153,
	54.6876 25.7197,
	54.6654 25.7345,
	54.6535 25.7434,
	54.6476 25.7449,
	54.6446 25.7479,
	54.621 25.7567,
	54.5736 25.7671,
	54.5677 25.7701,
	54.5618 25.7701,
	54.5588 25.773,
	54.5529 25.773,
	54.547 25.776,
	54.544 25.776,
	54.5381 25.7804,
	54.4908 25.7996,
	54.4878 25.8026,
	54.4641 25.8011,
	54.4582 25.8011,
	54.4523 25.7982,
	54.4286 25.7996,
	54.4094 25.8189,
	54.3901 25.8337,
	54.3428 25.8485,
	54.3398 25.8485,
	54.3369 25.8514,
	54.325 25.8544,
	54.3191 25.8559,
	54.3161 25.8588,
	54.2925 25.8574,
	54.2806 25.8574,
	54.2569 25.8514,
	54.2451 25.8455,
	54.2392 25.8411,
	54.2362 25.8411,
	54.2333 25.8381,
	54.2303 25.8381,
	54.2066 25.8218,
	54.1978 25.813,
	54.1904 25.8011,
	54.1859 25.7952,
	54.1756 25.7715,
	54.1622 25.7479,
	54.1519 25.7375,
	54.146 25.7345,
	54.143 25.7345,
	54.14 25.7316,
	54.1282 25.7286,
	54.1179 25.7197,
	54.1119 25.7138,
	54.1105 25.7079,
	54.0942 25.6887,
	54.0838 25.6768,
	54.0749 25.6694,
	54.0646 25.6576,
	54.0572 25.6458,
	54.0527 25.6398,
	54.0483 25.6162,
	54.0453 25.6043,
	54.0439 25.5984,
	54.0291 25.5747,
	54.0246 25.5703,
	54.0143 25.5466,
	54.0143 25.5407,
	54.0069 25.517,
	54.0024 25.4933,
	53.9995 25.4815,
	53.9995 25.4785,
	53.9965 25.4771,
	53.9936 25.4652,
	53.9891 25.4593,
	53.9891 25.4563,
	53.9862 25.4534,
	53.9862 25.4504,
	53.9817 25.446,
	53.9802 25.4341,
	53.9832 25.3868,
	53.9788 25.3394,
	53.9788 25.3276,
	53.9788 25.3261,
	"/>
<Contour name="d004_i05_o13" hidden="false" closed="true" simplified="true" border="1 1 0" fill="0 0 1" mode="11"
 points="53.9788 25.3246,
	53.9876 25.301,
	53.9921 25.2891,
	53.995 25.2862,
	53.995 25.2832,
	54.0054 25.2714,
	54.0084 25.2655,
	54.0276 25.2462,
	54.0379 25.2344,
	54.0453 25.224,
	54.0453 25.2211,
	54.0542 25.2107,
	54.0587 25.2048,
	54.0616 25.2018,
	54.0616 25.1989,
	54.0675 25.1929,
	54.0749 25.1811,
	54.0764 25.1752,
	54.0749 25.1634,
	54.0764 25.1515,
	54.0764 25.1486,
	54.1001 25.1308,
	54.1105 25.1204,
	54.1341 25.1101,
	54.1578 25.1101,
	54.1696 25.1116,
	54.1815 25.116,
	54.2052 25.1204,
	54.2288 25.1293,
	54.2525 25.1293,
	54.2643 25.1278,
	54.2703 25.1264,
	54.2732 25.1234,
	54.2851 25.1204,
	54.288 25.1204,
	54.3117 25.1042,
	54.3591 25.0775,
	54.3709 25.0731,
	54.3768 25.0686,
	54.4005 25.0598,
	54.4478 25.0568,
	54.4597 25.0568,
	54.4715 25.0524,
	54.4952 25.0361,
	54.5055 25.0287,
	54.5115 25.0243,
	54.5144 25.0243,
	54.5366 25.0065,
	54.5603 25.0065,
	54.5721 25.0095,
	54.584 25.0154,
	54.5869 25.0183,
	54.5988 25.0213,
	54.6017 25.0213,
	54.6047 25.0243,
	54.652 25.0391,
	54.658 25.0435,
	54.6816 25.0494,
	54.6935 25.0553,
	54.7009 25.0672,
	54.7024 25.0731,
	54.7053 25.076,
	54.7053 25.082,
	54.7142 25.1056,
	54.7142 25.1086,
	54.7246 25.1204,
	54.7334 25.1293,
	54.7556 25.1397,
	54.7615 25.1412,
	54.7837 25.1574,
	54.7926 25.1693,
	54.8015 25.1781,
	54.8059 25.1841,
	54.8163 25.19,
	54.8222 25.1929,
	54.8252 25.1959,
	54.8725 25.2151,
	54.8844 25.2225,
	54.8858 25.2255,
	54.8888 25.2255,
	54.9006 25.2329,
	54.9066 25.2359,
	54.9095 25.2388,
	54.9332 25.2477,
	54.945 25.2536,
	54.951 25.2581,
	54.9569 25.2595,
	54.9628 25.264,
	54.9687 25.2655,
	54.9924 25.2832,
	55.0013 25.2936,
	55.0042 25.2995,
	55.0072 25.3024,
	55.0072 25.3054,
	55.0131 25.3113,
	55.019 25.3143,
	55.0205 25.3172,
	55.0442 25.3261,
	55.0545 25.3365,
	55.056 25.3483,
	55.0605 25.3602,
	55.0634 25.3838,
	55.0708 25.4075,
	55.0797 25.4549,
	55.0797 25.5022,
	55.0812 25.5141,
	55.0901 25.5377,
	55.0915 25.5614,
	55.0841 25.5718,
	55.0723 25.5792,
	55.0249 25.5925,
	55.0027 25.5999,
	54.9791 25.6102,
	54.9672 25.6147,
	54.9613 25.6162,
	54.9584 25.6191,
	54.9347 25.6236,
	54.9228 25.625,
	54.8992 25.6206,
	54.8873 25.6132,
	54.8844 25.6073,
	54.8725 25.5969,
	54.8666 25.594,
	54.8607 25.588,
	54.8577 25.588,
	54.8518 25.5836,
	54.84 25.5806,
	54.8281 25.5821,
	54.8222 25.5866,
	54.8163 25.5969,
	54.8119 25.6206,
	54.8104 25.6324,
	54.8059 25.6443,
	54.7971 25.6546,
	54.7852 25.6635,
	54.7793 25.668,
	54.7675 25.6724,
	54.7453 25.6901,
	54.6994 25.7153,
	54.6876 25.7197,
	54.6654 25.7345,
	54.6535 25.7434,
	54.6476 25.7449,
	54.6446 25.7479,
	54.621 25.7567,
	54.5736 25.7671,
	54.5677 25.7701,
	54.5618 25.7701,
	54.5588 25.773,
	54.5529 25.773,
	54.547 25.776,
	54.544 25.776,
	54.5381 25.7804,
	54.4908 25.7996,
	54.4878 25.8026,
	54.4641 25.8011,
	54.4582 25.8011,
	54.4523 25.7982,
	54.4286 25.7996,
	54.4094 25.8189,
	54.3901 25.8337,
	54.3428 25.8485,
	54.3398 25.8485,
	54.3369 25.8514,
	54.325 25.8544,
	54.3191 25.8559,
	54.3161 25.8588,
	54.2925 25.8574,
	54.2806 25.8574,
	54.2569 25.8514,
	54.2451 25.8455,
	54.2392 25.8411,
	54.2362 25.8411,
	54.2333 25.8381,
	54.2303 25.8381,
	54.2066 25.8218,
	54.1978 25.813,
	54.1904 25.8011,
	54.1859 25.7952,
	54.1756 25.7715,
	54.1622 25.7479,
	54.1519 25.7375,
	54.146 25.7345,
	54.143 25.7345,
	54.14 25.7316,
	54.1282 25.7286,
	54.1179 25.7197,
	54.1119 25.7138,
	54.1105 25.7079,
	54.0942 25.6887,
	54.0838 25.6768,
	54.0749 25.6694,
	54.0646 25.6576,
	54.0572 25.6458,
	54.0527 25.6398,
	54.0483 25.6162,
	54.0453 25.6043,
	54.0439 25.5984,
	54.0291 25.5747,
	54.0246 25.5703,
	54.0143 25.5466,
	54.0143 25.5407,
	54.0069 25.517,
	54.0024 25.4933,
	53.9995 25.4815,
	53.9995 25.4785,
	53.9965 25.4771,
	53.9936 25.4652,
	53.9891 25.4593,
	53.9891 25.4563,
	53.9862 25.4534,
	53.9862 25.4504,
	53.9817 25.446,
	53.9802 25.4341,
	53.9832 25.3868,
	53.9788 25.3394,
	53.9788 25.3276,
	53.9788 25.3261,
	"/>
<Contour name="d004_i05_o12" hidden="false" closed="true" simplified="true" border="1 1 0" fill="0 0 1" mode="11"
 points="53.9788 25.3246,
	53.9876 25.301,
	53.9921 25.2891,
	53.995 25.2862,
	53.995 25.2832,
	54.0054 25.2714,
	54.0084 25.2655,
	54.0276 25.2462,
	54.0379 25.2344,
	54.0453 25.224,
	54.0453 25.2211,
	54.0542 25.2107,
	54.0587 25.2048,
	54.0616 25.2018,
	54.0616 25.1989,
	54.0675 25.1929,
	54.0749 25.1811,
	54.0764 25.1752,
	54.0749 25.1634,
	54.0764 25.1515,
	54.0764 25.1486,
	54.1001 25.1308,
	54.1105 25.1204,
	54.1341 25.1101,
	54.1578 25.1101,
	54.1696 25.1116,
	54.1815 25.116,
	54.2052 25.1204,
	54.2288 25.1293,
	54.2525 25.1293,
	54.2643 25.1278,
	54.2703 25.1264,
	54.2732 25.1234,
	54.2851 25.1204,
	54.288 25.1204,
	54.3117 25.1042,
	54.3591 25.0775,
	54.3709 25.0731,
	54.3768 25.0686,
	54.4005 25.0598,
	54.4478 25.0568,
	54.4597 25.0568,
	54.4715 25.0524,
	54.4952 25.0361,
	54.5055 25.0287,
	54.5115 25.0243,
	54.5144 25.0243,
	54.5366 25.0065,
	54.5603 25.0065,
	54.5721 25.0095,
	54.584 25.0154,
	54.5869 25.0183,
	54.5988 25.0213,
	54.6017 25.0213,
	54.6047 25.0243,
	54.652 25.0391,
	54.658 25.0435,
	54.6816 25.0494,
	54.6935 25.0553,
	54.7009 25.0672,
	54.7024 25.0731,
	54.7053 25.076,
	54.7053 25.082,
	54.7142 25.1056,
	54.7142 25.1086,
	54.7246 25.1204,
	54.7334 25.1293,
	54.7556 25.1397,
	54.7615 25.1412,
	54.7837 25.1574,
	54.7926 25.1693,
	54.8015 25.1781,
	54.8059 25.1841,
	54.8163 25.19,
	54.8222 25.1929,
	54.8252 25.1959,
	54.8725 25.2151,
	54.8844 25.2225,
	54.8858 25.2255,
	54.8888 25.2255,
	54.9006 25.2329,
	54.9066 25.2359,
	54.9095 25.2388,
	54.9332 25.2477,
	54.945 25.2536,
	54.951 25.2581,
	54.9569 25.2595,
	54.9628 25.264,
	54.9687 25.2655,
	54.9924 25.2832,
	55.0013 25.2936,
	55.0042 25.2995,
	55.0072 25.3024,
	55.0072 25.3054,
	55.0131 25.3113,
	55.019 25.3143,
	55.0205 25.3172,
	55.0442 25.3261,
	55.0545 25.3365,
	55.056 25.3483,
	55.0605 25.3602,
	55.0634 25.3838,
	55.0708 25.4075,
	55.0797 25.4549,
	55.0797 25.5022,
	55.0812 25.5141,
	55.0901 25.5377,
	55.0915 25.5614,
	55.0841 25.5718,
	55.0723 25.5792,
	55.0249 25.5925,
	55.0027 25.5999,
	54.9791 25.6102,
	54.9672 25.6147,
	54.9613 25.6162,
	54.9584 25.6191,
	54.9347 25.6236,
	54.9228 25.625,
	54.8992 25.6206,
	54.8873 25.6132,
	54.8844 25.6073,
	54.8725 25.5969,
	54.8666 25.594,
	54.8607 25.588,
	54.8577 25.588,
	54.8518 25.5836,
	54.84 25.5806,
	54.8281 25.5821,
	54.8222 25.5866,
	54.8163 25.5969,
	54.8119 25.6206,
	54.8104 25.6324,
	54.8059 25.6443,
	54.7971 25.6546,
	54.7852 25.6635,
	54.7793 25.668,
	54.7675 25.6724,
	54.7453 25.6901,
	54.6994 25.7153,
	54.6876 25.7197,
	54.6654 25.7345,
	54.6535 25.7434,
	54.6476 25.7449,
	54.6446 25.7479,
	54.621 25.7567,
	54.5736 25.7671,
	54.5677 25.7701,
	54.5618 25.7701,
	54.5588 25.773,
	54.5529 25.773,
	54.547 25.776,
	54.544 25.776,
	54.5381 25.7804,
	54.4908 25.7996,
	54.4878 25.8026,
	54.4641 25.8011,
	54.4582 25.8011,
	54.4523 25.7982,
	54.4286 25.7996,
	54.4094 25.8189,
	54.3901 25.8337,
	54.3428 25.8485,
	54.3398 25.8485,
	54.3369 25.8514,
	54.325 25.8544,
	54.3191 25.8559,
	54.3161 25.8588,
	54.2925 25.8574,
	54.2806 25.8574,
	54.2569 25.8514,
	54.2451 25.8455,
	54.2392 25.8411,
	54.2362 25.8411,
	54.2333 25.8381,
	54.2303 25.8381,
	54.2066 25.8218,
	54.1978 25.813,
	54.1904 25.8011,
	54.1859 25.7952,
	54.1756 25.7715,
	54.1622 25.7479,
	54.1519 25.7375,
	54.146 25.7345,
	54.143 25.7345,
	54.14 25.7316,
	54.1282 25.7286,
	54.1179 25.7197,
	54.1119 25.7138,
	54.1105 25.7079,
	54.0942 25.6887,
	54.0838 25.6768,
	54.0749 25.6694,
	54.0646 25.6576,
	54.0572 25.6458,
	54.0527 25.6398,
	54.0483 25.6162,
	54.0453 25.6043,
	54.0439 25.5984,
	54.0291 25.5747,
	54.0246 25.5703,
	54.0143 25.5466,
	54.0143 25.5407,
	54.0069 25.517,
	54.0024 25.4933,
	53.9995 25.4815,
	53.9995 25.4785,
	53.9965 25.4771,
	53.9936 25.4652,
	53.9891 25.4593,
	53.9891 25.4563,
	53.9862 25.4534,
	53.9862 25.4504,
	53.9817 25.446,
	53.9802 25.4341,
	53.9832 25.3868,
	53.9788 25.3394,
	53.9788 25.3276,
	53.9788 25.3261,
	"/>
<Contour name="d004_i05_o11" hidden="false" closed="true" simplified="true" border="1 1 0" fill="0 0 1" mode="11"
 points="53.9788 25.3246,
	53.9876 25.301,
	53.9921 25.2891,
	53.995 25.2862,
	53.995 25.2832,
	54.0054 25.2714,
	54.0084 25.2655,
	54.0276 25.2462,
	54.0379 25.2344,
	54.0453 25.224,
	54.0453 25.2211,
	54.0542 25.2107,
	54.0587 25.2048,
	54.0616 25.2018,
	54.0616 25.1989,
	54.0675 25.1929,
	54.0749 25.1811,
	54.0764 25.1752,
	54.0749 25.1634,
	54.0764 25.1515,
	54.0764 25.1486,
	54.1001 25.1308,
	54.1105 25.1204,
	54.1341 25.1101,
	54.1578 25.1101,
	54.1696 25.1116,
	54.1815 25.116,
	54.2052 25.1204,
	54.2288 25.1293,
	54.2525 25.1293,
	54.2643 25.1278,
	54.2703 25.1264,
	54.2732 25.1234,
	54.2851 25.1204,
	54.288 25.1204,
	54.3117 25.1042,
	54.3591 25.0775,
	54.3709 25.0731,
	54.3768 25.0686,
	54.4005 25.0598,
	54.4478 25.0568,
	54.4597 25.0568,
	54.4715 25.0524,
	54.4952 25.0361,
	54.5055 25.0287,
	54.5115 25.0243,
	54.5144 25.0243,
	54.5366 25.0065,
	54.5603 25.0065,
	54.5721 25.0095,
	54.584 25.0154,
	54.5869 25.0183,
	54.5988 25.0213,
	54.6017 25.0213,
	54.6047 25.0243,
	54.652 25.0391,
	54.658 25.0435,
	54.6816 25.0494,
	54.6935 25.0553,
	54.7009 25.0672,
	54.7024 25.0731,
	54.7053 25.076,
	54.7053 25.082,
	54.7142 25.1056,
	54.7142 25.1086,
	54.7246 25.1204,
	54.7334 25.1293,
	54.7556 25.1397,
	54.7615 25.1412,
	54.7837 25.1574,
	54.7926 25.1693,
	54.8015 25.1781,
	54.8059 25.1841,
	54.8163 25.19,
	54.8222 25.1929,
	54.8252 25.1959,
	54.8725 25.2151,
	54.8844 25.2225,
	54.8858 25.2255,
	54.8888 25.2255,
	54.9006 25.2329,
	54.9066 25.2359,
	54.9095 25.2388,
	54.9332 25.2477,
	54.945 25.2536,
	54.951 25.2581,
	54.9569 25.2595,
	54.9628 25.264,
	54.9687 25.2655,
	54.9924 25.2832,
	55.0013 25.2936,
	55.0042 25.2995,
	55.0072 25.3024,
	55.0072 25.3054,
	55.0131 25.3113,
	55.019 25.3143,
	55.0205 25.3172,
	55.0442 25.3261,
	55.0545 25.3365,
	55.056 25.3483,
	55.0605 25.3602,
	55.0634 25.3838,
	55.0708 25.4075,
	55.0797 25.4549,
	55.0797 25.5022,
	55.0812 25.5141,
	55.0901 25.5377,
	55.0915 25.5614,
	55.0841 25.5718,
	55.0723 25.5792,
	55.0249 25.5925,
	55.0027 25.5999,
	54.9791 25.6102,
	54.9672 25.6147,
	54.9613 25.6162,
	54.9584 25.6191,
	54.9347 25.6236,
	54.9228 25.625,
	54.8992 25.6206,
	54.8873 25.6132,
	54.8844 25.6073,
	54.8725 25.5969,
	54.8666 25.594,
	54.8607 25.588,
	54.8577 25.588,
	54.8518 25.5836,
	54.84 25.5806,
	54.8281 25.5821,
	54.8222 25.5866,
	54.8163 25.5969,
	54.8119 25.6206,
	54.8104 25.6324,
	54.8059 25.6443,
	54.7971 25.6546,
	54.7852 25.6635,
	54.7793 25.668,
	54.7675 25.6724,
	54.7453 25.6901,
	54.6994 25.7153,
	54.6876 25.7197,
	54.6654 25.7345,
	54.6535 25.7434,
	54.6476 25.7449,
	54.6446 25.7479,
	54.621 25.7567,
	54.5736 25.7671,
	54.5677 25.7701,
	54.5618 25.7701,
	54.5588 25.773,
	54.5529 25.773,
	54.547 25.776,
	54.544 25.776,
	54.5381 25.7804,
	54.4908 25.7996,
	54.4878 25.8026,
	54.4641 25.8011,
	54.4582 25.8011,
	54.4523 25.7982,
	54.4286 25.7996,
	54.4094 25.8189,
	54.3901 25.8337,
	54.3428 25.8485,
	54.3398 25.8485,
	54.3369 25.8514,
	54.325 25.8544,
	54.3191 25.8559,
	54.3161 25.8588,
	54.2925 25.8574,
	54.2806 25.8574,
	54.2569 25.8514,
	54.2451 25.8455,
	54.2392 25.8411,
	54.2362 25.8411,
	54.2333 25.8381,
	54.2303 25.8381,
	54.2066 25.8218,
	54.1978 25.813,
	54.1904 25.8011,
	54.1859 25.7952,
	54.1756 25.7715,
	54.1622 25.7479,
	54.1519 25.7375,
	54.146 25.7345,
	54.143 25.7345,
	54.14 25.7316,
	54.1282 25.7286,
	54.1179 25.7197,
	54.1119 25.7138,
	54.1105 25.7079,
	54.0942 25.6887,
	54.0838 25.6768,
	54.0749 25.6694,
	54.0646 25.6576,
	54.0572 25.6458,
	54.0527 25.6398,
	54.0483 25.6162,
	54.0453 25.6043,
	54.0439 25.5984,
	54.0291 25.5747,
	54.0246 25.5703,
	54.0143 25.5466,
	54.0143 25.5407,
	54.0069 25.517,
	54.0024 25.4933,
	53.9995 25.4815,
	53.9995 25.4785,
	53.9965 25.4771,
	53.9936 25.4652,
	53.9891 25.4593,
	53.9891 25.4563,
	53.9862 25.4534,
	53.9862 25.4504,
	53.9817 25.446,
	53.9802 25.4341,
	53.9832 25.3868,
	53.9788 25.3394,
	53.9788 25.3276,
	53.9788 25.3261,
	"/>
</Transform>

<Transform dim="0"
 xcoef=" 0 1 0 0 0 0"
 ycoef=" 0 0 1 0 0 0">
<Contour name="d004_cl02_syn_symm" hidden="false" closed="true" simplified="true" border="1 1 0" fill="0 0 1" mode="11"
 points="53.9788 25.3146,
	53.9876 25.291,
	53.9921 25.2791,
	53.995 25.2762,
	53.995 25.2732,
	54.0054 25.2614,
	54.0084 25.2555,
	54.0276 25.2362,
	54.0379 25.2244,
	54.0453 25.214,
	54.0453 25.2111,
	54.0542 25.2007,
	54.0587 25.1948,
	54.0616 25.1918,
	54.0616 25.1889,
	54.0675 25.1829,
	54.0749 25.1711,
	54.0764 25.1652,
	54.0749 25.1534,
	54.0764 25.1415,
	54.0764 25.1386,
	54.1001 25.1208,
	54.1105 25.1104,
	54.1341 25.1001,
	54.1578 25.1001,
	54.1696 25.1016,
	54.1815 25.106,
	54.2052 25.1104,
	54.2288 25.1193,
	54.2525 25.1193,
	54.2643 25.1178,
	54.2703 25.1164,
	54.2732 25.1134,
	54.2851 25.1104,
	54.288 25.1104,
	54.3117 25.0942,
	54.3591 25.0675,
	54.3709 25.0631,
	54.3768 25.0586,
	54.4005 25.0498,
	54.4478 25.0468,
	54.4597 25.0468,
	54.4715 25.0424,
	54.4952 25.0261,
	54.5055 25.0187,
	54.5115 25.0143,
	54.5144 25.0143,
	54.5366 24.9965,
	54.5603 24.9965,
	54.5721 24.9995,
	54.584 25.0054,
	54.5869 25.0083,
	54.5988 25.0113,
	54.6017 25.0113,
	54.6047 25.0143,
	54.652 25.0291,
	54.658 25.0335,
	54.6816 25.0394,
	54.6935 25.0453,
	54.7009 25.0572,
	54.7024 25.0631,
	54.7053 25.066,
	54.7053 25.072,
	54.7142 25.0956,
	54.7142 25.0986,
	54.7246 25.1104,
	54.7334 25.1193,
	54.7556 25.1297,
	54.7615 25.1312,
	54.7837 25.1474,
	54.7926 25.1593,
	54.8015 25.1681,
	54.8059 25.1741,
	54.8163 25.18,
	54.8222 25.1829,
	54.8252 25.1859,
	54.8725 25.2051,
	54.8844 25.2125,
	54.8858 25.2155,
	54.8888 25.2155,
	54.9006 25.2229,
	54.9066 25.2259,
	54.9095 25.2288,
	54.9332 25.2377,
	54.945 25.2436,
	54.951 25.2481,
	54.9569 25.2495,
	54.9628 25.254,
	54.9687 25.2555,
	54.9924 25.2732,
	55.0013 25.2836,
	55.0042 25.2895,
	55.0072 25.2924,
	55.0072 25.2954,
	55.0131 25.3013,
	55.019 25.3043,
	55.0205 25.3072,
	55.0442 25.3161,
	55.0545 25.3265,
	55.056 25.3383,
	55.0605 25.3502,
	55.0634 25.3738,
	55.0708 25.3975,
	55.0797 25.4449,
	55.0797 25.4922,
	55.0812 25.5041,
	55.0901 25.5277,
	55.0915 25.5514,
	55.0841 25.5618,
	55.0723 25.5692,
	55.0249 25.5825,
	55.0027 25.5899,
	54.9791 25.6002,
	54.9672 25.6047,
	54.9613 25.6062,
	54.9584 25.6091,
	54.9347 25.6136,
	54.9228 25.615,
	54.8992 25.6106,
	54.8873 25.6032,
	54.8844 25.5973,
	54.8725 25.5869,
	54.8666 25.584,
	54.8607 25.578,
	54.8577 25.578,
	54.8518 25.5736,
	54.84 25.5706,
	54.8281 25.5721,
	54.8222 25.5766,
	54.8163 25.5869,
	54.8119 25.6106,
	54.8104 25.6224,
	54.8059 25.6343,
	54.7971 25.6446,
	54.7852 25.6535,
	54.7793 25.658,
	54.7675 25.6624,
	54.7453 25.6801,
	54.6994 25.7053,
	54.6876 25.7097,
	54.6654 25.7245,
	54.6535 25.7334,
	54.6476 25.7349,
	54.6446 25.7379,
	54.621 25.7467,
	54.5736 25.7571,
	54.5677 25.7601,
	54.5618 25.7601,
	54.5588 25.763,
	54.5529 25.763,
	54.547 25.766,
	54.544 25.766,
	54.5381 25.7704,
	54.4908 25.7896,
	54.4878 25.7926,
	54.4641 25.7911,
	54.4582 25.7911,
	54.4523 25.7882,
	54.4286 25.7896,
	54.4094 25.8089,
	54.3901 25.8237,
	54.3428 25.8385,
	54.3398 25.8385,
	54.3369 25.8414,
	54.325 25.8444,
	54.3191 25.8459,
	54.3161 25.8488,
	54.2925 25.8474,
	54.2806 25.8474,
	54.2569 25.8414,
	54.2451 25.8355,
	54.2392 25.8311,
	54.2362 25.8311,
	54.2333 25.8281,
	54.2303 25.8281,
	54.2066 25.8118,
	54.1978 25.803,
	54.1904 25.7911,
	54.1859 25.7852,
	54.1756 25.7615,
	54.1622 25.7379,
	54.1519 25.7275,
	54.146 25.7245,
	54.143 25.7245,
	54.14 25.7216,
	54.1282 25.7186,
	54.1179 25.7097,
	54.1119 25.7038,
	54.1105 25.6979,
	54.0942 25.6787,
	54.0838 25.6668,
	54.0749 25.6594,
	54.0646 25.6476,
	54.0572 25.6358,
	54.0527 25.6298,
	54.0483 25.6062,
	54.0453 25.5943,
	54.0439 25.5884,
	54.0291 25.5647,
	54.0246 25.5603,
	54.0143 25.5366,
	54.0143 25.5307,
	54.0069 25.507,
	54.0024 25.4833,
	53.9995 25.4715,
	53.9995 25.4685,
	53.9965 25.4671,
	53.9936 25.4552,
	53.9891 25.4493,
	53.9891 25.4463,
	53.9862 25.4434,
	53.9862 25.4404,
	53.9817 25.436,
	53.9802 25.4241,
	53.9832 25.3768,
	53.9788 25.3294,
	53.9788 25.3176,
	53.9788 25.3161,
	"/>
</Transform>

<Transform dim="0"
 xcoef=" 0 1 0 0 0 0"
 ycoef=" 0 0 1 0 0 0">
<Contour name="d004__checked_delete" hidden="false" closed="true" simplified="false" border="0 1 0" fill="0 1 0" mode="-13"
 points="55.0466 25.4314,
	55.0466 25.4058,
	55.0209 25.4058,
	55.0209 25.4282,
	55.0177 25.4314,
	55.0177 25.4026,
	55.0498 25.4026,
	55.0498 25.4347,
	55.0177 25.4347,
	55.0209 25.4314,
	"/>
</Transform>

<Transform dim="0"
 xcoef=" 0 1 0 0 0 0"
 ycoef=" 0 0 1 0 0 0">
<Contour name="d004__checked_delete" hidden="false" closed="true" simplified="false" border="0 1 0" fill="0 1 0" mode="-13"
 points="54.4689 25.4716,
	54.4689 25.454,
	54.4513 25.454,
	54.4513 25.4694,
	54.4491 25.4716,
	54.4491 25.4518,
	54.4711 25.4518,
	54.4711 25.4738,
	54.4491 25.4738,
	54.4513 25.4716,
	"/>
</Transform>

</Section>